0.085709,-0.003813,0.005176,-0.001328,0.000567,0.001949,-0.000270,-0.003657,-0.003355,0.002824,-0.003797,-0.005413,-0.006973,-0.004039,-0.004168,-0.004032,0.009045,0.007417
-0.003813,0.098056,0.002381,0.001441,0.003741,0.002674,-0.001867,-0.004051,-0.000669,-0.000634,-0.003714,-0.006578,-0.005022,0.007159,0.002764,0.000388,0.001804,-0.004556
0.005176,0.002381,0.103874,-0.004927,0.003963,0.003622,-0.002235,0.004056,0.004914,0.006360,-0.002610,-0.005719,-0.006759,0.006987,0.005964,-0.003970,0.006887,-0.001783
-0.001328,0.001441,-0.004927,0.099454,0.003312,0.002978,0.000084,0.007483,0.003901,-0.002237,0.005728,0.001905,-0.003295,-0.006969,-0.000726,0.004975,0.002865,0.002309
0.000567,0.003741,0.003963,0.003312,0.106151,0.001162,0.007692,-0.000758,-0.006436,0.000607,-0.004585,-0.004279,0.010673,0.000272,-0.000015,-0.004428,0.000472,0.001878
0.001949,0.002674,0.003622,0.002978,0.001162,0.102047,0.002346,-0.008104,0.004326,-0.000768,0.005732,0.000672,-0.003042,-0.003277,0.003295,0.007741,0.000685,-0.001157
-0.000270,-0.001867,-0.002235,0.000084,0.007692,0.002346,0.099947,-0.007729,0.003757,0.001948,0.002245,0.005961,-0.000579,0.001081,0.004052,0.003880,0.004829,0.001296
-0.003657,-0.004051,0.004056,0.007483,-0.000758,-0.008104,-0.007729,0.110863,-0.001394,-0.009125,-0.006575,0.008882,-0.007135,0.010263,0.001777,-0.003052,0.007114,-0.008874
-0.003355,-0.000669,0.004914,0.003901,-0.006436,0.004326,0.003757,-0.001394,0.109831,0.002131,0.004334,0.005461,-0.008328,-0.000777,-0.007969,-0.000288,0.007846,-0.008067
0.002824,-0.000634,0.006360,-0.002237,0.000607,-0.000768,0.001948,-0.009125,0.002131,0.101494,0.000730,-0.002432,0.006113,0.001413,0.003971,-0.007401,-0.000330,0.003117
-0.003797,-0.003714,-0.002610,0.005728,-0.004585,0.005732,0.002245,-0.006575,0.004334,0.000730,0.099342,-0.000062,0.001175,-0.009738,-0.001871,0.004925,0.012838,-0.000212
-0.005413,-0.006578,-0.005719,0.001905,-0.004279,0.000672,0.005961,0.008882,0.005461,-0.002432,-0.000062,0.102110,-0.004592,0.003265,-0.002663,0.003530,-0.002570,-0.005205
-0.006973,-0.005022,-0.006759,-0.003295,0.010673,-0.003042,-0.000579,-0.007135,-0.008328,0.006113,0.001175,-0.004592,0.096215,0.010196,-0.005067,0.000937,-0.007968,0.001241
-0.004039,0.007159,0.006987,-0.006969,0.000272,-0.003277,0.001081,0.010263,-0.000777,0.001413,-0.009738,0.003265,0.010196,0.105394,-0.007939,0.003759,0.003528,-0.002450
-0.004168,0.002764,0.005964,-0.000726,-0.000015,0.003295,0.004052,0.001777,-0.007969,0.003971,-0.001871,-0.002663,-0.005067,-0.007939,0.104127,-0.008848,0.000322,-0.002115
-0.004032,0.000388,-0.003970,0.004975,-0.004428,0.007741,0.003880,-0.003052,-0.000288,-0.007401,0.004925,0.003530,0.000937,0.003759,-0.008848,0.102080,0.006486,-0.006990
0.009045,0.001804,0.006887,0.002865,0.000472,0.000685,0.004829,0.007114,0.007846,-0.000330,0.012838,-0.002570,-0.007968,0.003528,0.000322,0.006486,0.103473,0.004532
0.007417,-0.004556,-0.001783,0.002309,0.001878,-0.001157,0.001296,-0.008874,-0.008067,0.003117,-0.000212,-0.005205,0.001241,-0.002450,-0.002115,-0.006990,0.004532,0.103643
