0.113534,0.002073,-0.001542,-0.006475,0.000300,-0.000879,0.005705,-0.004158,-0.003460,-0.003588,0.007288,-0.005440,0.004144,-0.000157,0.002439,0.001047,0.007009,0.010503
0.002073,0.104892,-0.003278,0.000398,0.004190,0.002951,-0.007079,-0.004909,0.002074,-0.001145,-0.000737,-0.004120,-0.003397,0.000484,-0.003180,-0.002315,0.000438,-0.002567
-0.001542,-0.003278,0.106843,0.002595,-0.008543,0.004551,-0.003389,0.001157,0.004902,0.010797,0.000143,-0.002025,-0.006919,0.009782,0.005120,-0.000379,0.009047,-0.002586
-0.006475,0.000398,0.002595,0.098990,0.001104,-0.001491,0.006467,0.000499,-0.001509,-0.002383,0.006068,-0.003001,-0.002285,-0.005600,-0.003168,0.000334,-0.005365,0.000273
0.000300,0.004190,-0.008543,0.001104,0.104487,-0.000956,0.005349,0.004013,-0.012903,-0.001151,-0.009121,-0.002988,0.010762,-0.002632,-0.002951,-0.008199,-0.006552,0.007620
-0.000879,0.002951,0.004551,-0.001491,-0.000956,0.102704,-0.004860,-0.009168,0.004417,0.003298,0.007848,-0.000639,-0.008171,-0.001700,0.002912,0.013826,-0.001429,-0.006723
0.005705,-0.007079,-0.003389,0.006467,0.005349,-0.004860,0.105420,-0.000422,0.003463,-0.001152,0.000890,0.003219,-0.003359,0.000748,-0.006580,0.001433,0.002115,0.005386
-0.004158,-0.004909,0.001157,0.000499,0.004013,-0.009168,-0.000422,0.107900,-0.003334,-0.007897,-0.001602,0.013429,-0.008306,0.004901,0.003120,-0.003291,0.006260,-0.002191
-0.003460,0.002074,0.004902,-0.001509,-0.012903,0.004417,0.003463,-0.003334,0.100004,0.012219,0.010834,0.005970,-0.007427,0.001246,-0.007852,-0.001991,0.013533,-0.002639
-0.003588,-0.001145,0.010797,-0.002383,-0.001151,0.003298,-0.001152,-0.007897,0.012219,0.105476,0.000787,0.003876,0.006698,0.003465,-0.004949,-0.001784,-0.006195,0.001891
0.007288,-0.000737,0.000143,0.006068,-0.009121,0.007848,0.000890,-0.001602,0.010834,0.000787,0.093227,0.003621,0.000620,-0.005869,-0.000258,0.003295,0.005005,0.006307
-0.005440,-0.004120,-0.002025,-0.003001,-0.002988,-0.000639,0.003219,0.013429,0.005970,0.003876,0.003621,0.105779,-0.007623,0.002908,-0.005181,-0.000743,0.008955,0.001537
0.004144,-0.003397,-0.006919,-0.002285,0.010762,-0.008171,-0.003359,-0.008306,-0.007427,0.006698,0.000620,-0.007623,0.096347,0.005400,-0.002935,0.002315,-0.005376,0.004941
-0.000157,0.000484,0.009782,-0.005600,-0.002632,-0.001700,0.000748,0.004901,0.001246,0.003465,-0.005869,0.002908,0.005400,0.106298,-0.007976,0.006971,0.001425,-0.001872
0.002439,-0.003180,0.005120,-0.003168,-0.002951,0.002912,-0.006580,0.003120,-0.007852,-0.004949,-0.000258,-0.005181,-0.002935,-0.007976,0.105986,0.003666,0.003372,0.000136
0.001047,-0.002315,-0.000379,0.000334,-0.008199,0.013826,0.001433,-0.003291,-0.001991,-0.001784,0.003295,-0.000743,0.002315,0.006971,0.003666,0.107513,0.007293,-0.011816
0.007009,0.000438,0.009047,-0.005365,-0.006552,-0.001429,0.002115,0.006260,0.013533,-0.006195,0.005005,0.008955,-0.005376,0.001425,0.003372,0.007293,0.106543,0.005646
0.010503,-0.002567,-0.002586,0.000273,0.007620,-0.006723,0.005386,-0.002191,-0.002639,0.001891,0.006307,0.001537,0.004941,-0.001872,0.000136,-0.011816,0.005646,0.106654
