0.077244,0.002236,0.002324,-0.001791,0.001294,-0.001620,0.004394,-0.002688,0.003468,0.002690,0.001611,-0.007368,-0.004049,-0.001164,0.001091,0.000873,0.009825,0.010255
0.002236,0.102126,0.001452,-0.001758,0.000227,0.005225,-0.000015,-0.004120,0.002438,-0.002285,-0.002603,-0.006112,-0.004229,0.005176,0.005458,0.002123,0.005401,-0.003186
0.002324,0.001452,0.102868,-0.003667,0.000233,0.006316,-0.000353,-0.003602,0.005793,0.006613,-0.002360,-0.003549,-0.006234,0.014508,0.005483,-0.001632,0.006657,-0.000509
-0.001791,-0.001758,-0.003667,0.098566,-0.000005,0.000603,0.002202,0.000992,0.000261,-0.001471,0.003088,-0.000075,-0.001927,-0.008039,-0.002936,0.002202,-0.001875,0.006694
0.001294,0.000227,0.000233,-0.000005,0.103881,-0.000330,0.002765,0.005835,-0.006372,-0.000079,-0.001787,-0.007091,0.013925,0.000755,0.000204,-0.004713,0.002357,0.000519
-0.001620,0.005225,0.006316,0.000603,-0.000330,0.106365,-0.001232,-0.003855,0.002039,0.001209,0.007976,-0.002154,-0.005447,-0.005330,0.006329,0.007387,-0.000700,0.001663
0.004394,-0.000015,-0.000353,0.002202,0.002765,-0.001232,0.104549,-0.006581,-0.000014,0.000738,0.003352,0.009134,0.001992,-0.003891,0.003600,0.009221,-0.000432,0.003210
-0.002688,-0.004120,-0.003602,0.000992,0.005835,-0.003855,-0.006581,0.111402,-0.003124,-0.005094,-0.002971,0.006999,-0.006424,0.002158,0.003775,0.001238,0.007653,-0.008076
0.003468,0.002438,0.005793,0.000261,-0.006372,0.002039,-0.000014,-0.003124,0.107771,0.006167,0.004540,0.003063,-0.006188,0.005215,-0.006376,0.002809,0.008826,-0.007164
0.002690,-0.002285,0.006613,-0.001471,-0.000079,0.001209,0.000738,-0.005094,0.006167,0.107994,-0.002482,0.000933,0.005655,0.005113,0.002066,-0.006517,-0.003890,-0.001847
0.001611,-0.002603,-0.002360,0.003088,-0.001787,0.007976,0.003352,-0.002971,0.004540,-0.002482,0.103247,-0.004603,0.000625,-0.005365,0.000506,0.006146,0.011883,0.008178
-0.007368,-0.006112,-0.003549,-0.000075,-0.007091,-0.002154,0.009134,0.006999,0.003063,0.000933,-0.004603,0.100811,-0.006601,0.000110,-0.004052,-0.001779,-0.001999,-0.003687
-0.004049,-0.004229,-0.006234,-0.001927,0.013925,-0.005447,0.001992,-0.006424,-0.006188,0.005655,0.000625,-0.006601,0.102150,0.007076,-0.004086,-0.003395,-0.004249,0.001294
-0.001164,0.005176,0.014508,-0.008039,0.000755,-0.005330,-0.003891,0.002158,0.005215,0.005113,-0.005365,0.000110,0.007076,0.107193,-0.004727,0.010874,0.004505,-0.005386
0.001091,0.005458,0.005483,-0.002936,0.000204,0.006329,0.003600,0.003775,-0.006376,0.002066,0.000506,-0.004052,-0.004086,-0.004727,0.110618,-0.006162,0.001052,-0.003128
0.000873,0.002123,-0.001632,0.002202,-0.004713,0.007387,0.009221,0.001238,0.002809,-0.006517,0.006146,-0.001779,-0.003395,0.010874,-0.006162,0.108621,0.000099,-0.010874
0.009825,0.005401,0.006657,-0.001875,0.002357,-0.000700,-0.000432,0.007653,0.008826,-0.003890,0.011883,-0.001999,-0.004249,0.004505,0.001052,0.000099,0.103359,0.002428
0.010255,-0.003186,-0.000509,0.006694,0.000519,0.001663,0.003210,-0.008076,-0.007164,-0.001847,0.008178,-0.003687,0.001294,-0.005386,-0.003128,-0.010874,0.002428,0.100856
