0.085829,-0.003805,0.005187,-0.001329,0.000570,0.001955,-0.000303,-0.003665,-0.003362,0.002833,-0.003796,-0.005424,-0.006992,-0.004057,-0.004178,-0.004041,0.009057,0.007423
-0.003805,0.098204,0.002407,0.001433,0.003745,0.002694,-0.001848,-0.004058,-0.000684,-0.000623,-0.003716,-0.006594,-0.005040,0.007159,0.002760,0.000419,0.001798,-0.004553
0.005187,0.002407,0.104184,-0.004946,0.003976,0.003633,-0.002218,0.004064,0.004940,0.006381,-0.002626,-0.005747,-0.006782,0.006990,0.005956,-0.003972,0.006893,-0.001793
-0.001329,0.001433,-0.004946,0.099819,0.003323,0.002987,0.000071,0.007500,0.003900,-0.002258,0.005746,0.001915,-0.003316,-0.006974,-0.000745,0.005010,0.002878,0.002306
0.000570,0.003745,0.003976,0.003323,0.106331,0.001168,0.007645,-0.000759,-0.006446,0.000600,-0.004587,-0.004290,0.010700,0.000262,-0.000013,-0.004456,0.000474,0.001883
0.001955,0.002694,0.003633,0.002987,0.001168,0.102612,0.002340,-0.008136,0.004353,-0.000763,0.005749,0.000673,-0.003061,-0.003288,0.003300,0.007784,0.000685,-0.001157
-0.000303,-0.001848,-0.002218,0.000071,0.007645,0.002340,0.099968,-0.007722,0.003780,0.001958,0.002256,0.005951,-0.000613,0.001109,0.004064,0.003894,0.004836,0.001274
-0.003665,-0.004058,0.004064,0.007500,-0.000759,-0.008136,-0.007722,0.111184,-0.001400,-0.009147,-0.006584,0.008908,-0.007149,0.010268,0.001781,-0.003070,0.007130,-0.008888
-0.003362,-0.000684,0.004940,0.003900,-0.006446,0.004353,0.003780,-0.001400,0.110339,0.002131,0.004336,0.005473,-0.008355,-0.000809,-0.007992,-0.000296,0.007872,-0.008078
0.002833,-0.000623,0.006381,-0.002258,0.000600,-0.000763,0.001958,-0.009147,0.002131,0.101499,0.000720,-0.002455,0.006119,0.001414,0.003984,-0.007425,-0.000319,0.003109
-0.003796,-0.003716,-0.002626,0.005746,-0.004587,0.005749,0.002256,-0.006584,0.004336,0.000720,0.099333,-0.000068,0.001177,-0.009713,-0.001868,0.004944,0.012845,-0.000215
-0.005424,-0.006594,-0.005747,0.001915,-0.004290,0.000673,0.005951,0.008908,0.005473,-0.002455,-0.000068,0.102524,-0.004616,0.003271,-0.002672,0.003539,-0.002573,-0.005207
-0.006992,-0.005040,-0.006782,-0.003316,0.010700,-0.003061,-0.000613,-0.007149,-0.008355,0.006119,0.001177,-0.004616,0.096642,0.010229,-0.005079,0.000922,-0.007990,0.001234
-0.004057,0.007159,0.006990,-0.006974,0.000262,-0.003288,0.001109,0.010268,-0.000809,0.001414,-0.009713,0.003271,0.010229,0.105329,-0.007962,0.003787,0.003527,-0.002434
-0.004178,0.002760,0.005956,-0.000745,-0.000013,0.003300,0.004064,0.001781,-0.007992,0.003984,-0.001868,-0.002672,-0.005079,-0.007962,0.104271,-0.008876,0.000323,-0.002119
-0.004041,0.000419,-0.003972,0.005010,-0.004456,0.007784,0.003894,-0.003070,-0.000296,-0.007425,0.004944,0.003539,0.000922,0.003787,-0.008876,0.102602,0.006508,-0.007011
0.009057,0.001798,0.006893,0.002878,0.000474,0.000685,0.004836,0.007130,0.007872,-0.000319,0.012845,-0.002573,-0.007990,0.003527,0.000323,0.006508,0.103607,0.004536
0.007423,-0.004553,-0.001793,0.002306,0.001883,-0.001157,0.001274,-0.008888,-0.008078,0.003109,-0.000215,-0.005207,0.001234,-0.002434,-0.002119,-0.007011,0.004536,0.103703
