0.295505,0.110252,0.202758,0.073653,0.490256,0.273269,0.530133,2.006164,0.256390,0.226241,0.495559,-0.050120,0.198269,-0.077352,0.457910,1.230666,0.007463,-0.001968,-0.007886,0.191965,0.024105,0.012724,0.398521,0.000000,0.027640,0.000000,0.114326,0.000567,0.004925,1.621146,-0.061365,0.079542,0.077077,0.137002,0.038465,0.170353,0.042257,0.018588,0.329191,0.018729,0.504952
0.110252,0.699298,0.044705,-0.123506,-0.221746,0.363717,-0.433686,-2.208262,0.177221,0.256168,-0.238620,-0.149731,0.020686,0.146265,0.103217,0.396432,0.020767,0.012291,-0.004206,0.104571,0.057699,-0.022341,-0.629638,0.000000,-0.000347,0.000000,0.009264,0.000398,-0.003848,1.077791,-0.077137,0.099451,-0.133867,-0.272889,0.000890,0.060364,0.293719,-0.056548,0.079453,-0.020013,0.915152
0.202758,0.044705,2.222953,-0.043174,0.233900,0.044514,1.095486,1.903128,-0.299007,-0.331460,0.070395,0.049197,0.430188,-0.148365,0.309375,-0.197537,0.024130,-0.016193,-0.001065,-0.092882,0.011785,0.077576,0.471301,0.000000,0.301833,0.000000,0.075943,0.000855,0.077152,-1.454014,-0.144277,-0.012124,1.318984,-0.092765,-0.075234,0.688685,0.029030,-0.054441,1.070265,-0.021628,1.740493
0.073653,-0.123506,-0.043174,0.229385,0.568924,0.068615,0.248132,0.618721,0.210003,0.214395,0.487171,-0.066190,0.071297,0.022471,0.189282,0.933756,-0.004816,-0.000938,0.003941,0.191781,-0.008840,-0.003712,0.489484,0.000000,-0.023176,0.000000,0.043467,-0.002851,-0.015546,1.481465,0.257375,0.141946,-0.076990,0.357810,0.198981,-0.122922,-0.075728,0.166926,-0.056487,0.033344,-0.072045
0.490256,-0.221746,0.233900,0.568924,4.251412,0.463523,2.374793,4.730580,1.136357,0.555037,4.944671,-0.224189,0.596321,-0.120755,1.107208,2.719637,-0.003991,-0.005045,0.007138,0.537951,0.006490,0.035110,1.435815,0.000000,0.078885,0.000000,0.240102,0.000693,-0.005545,8.223692,0.900362,0.194058,0.825384,3.317117,0.585391,0.181278,-0.194880,1.481693,0.694882,0.004538,0.692667
0.273269,0.363717,0.044514,0.068615,0.463523,1.321090,0.238936,-0.580222,0.937088,0.127586,0.164771,-0.188634,0.184893,-0.021741,0.437344,0.836318,0.023019,0.019182,-0.003031,0.252830,0.121148,-0.027737,0.216741,0.000000,-0.016250,0.000000,0.087757,0.001494,-0.003621,0.161844,0.124693,0.085727,-0.190557,-0.068570,-0.013075,0.010028,0.252099,-0.070136,0.170389,-0.016111,2.235352
0.530133,-0.433686,1.095486,0.248132,2.374793,0.238936,5.100893,12.379532,0.976460,0.499618,2.777477,-0.215790,0.705717,-0.558187,1.068287,3.423454,0.008271,-0.032167,-0.006869,0.321006,-0.023371,0.100383,1.714103,0.000000,0.242085,0.000000,0.260897,0.004284,0.063302,5.571309,-0.068124,-0.243318,2.218297,1.388854,0.215140,0.542235,-0.108886,0.372536,1.194048,0.092428,1.258830
2.006164,-2.208262,1.903128,0.618721,4.730580,-0.580222,12.379532,84.790340,-4.383446,-2.311363,4.776192,0.142181,2.004359,-2.611831,3.716261,6.447706,-0.027088,-0.193014,-0.103543,0.814990,-0.122062,0.568862,8.882638,0.000000,0.855700,0.000000,1.202286,-0.009824,0.203221,4.707783,-2.627345,0.521368,3.029695,1.305307,-2.765765,1.596350,-1.411823,-0.920757,3.504813,0.442975,1.214729
0.256390,0.177221,-0.299007,0.210003,1.136357,0.937088,0.976460,-4.383446,3.727558,0.922432,1.347401,0.069674,0.242816,0.191712,0.575804,3.888192,-0.019117,0.008665,-0.038221,0.462495,0.002117,-0.018389,-0.024554,0.000000,-0.101129,0.000000,0.067000,0.011650,-0.015448,2.218316,0.660125,-0.151914,-0.245840,0.012593,0.202302,0.019893,-0.239166,-0.056342,0.173402,-0.006334,0.504286
0.226241,0.256168,-0.331460,0.214395,0.555037,0.127586,0.499618,-2.311363,0.922432,2.980115,0.340228,-0.642182,0.285771,0.335425,0.546202,6.356721,0.017794,0.004433,-0.010592,0.694559,-0.024492,-0.062875,0.087167,0.000000,-0.075752,0.000000,0.086078,0.000712,-0.022523,14.383413,1.160718,0.084068,0.214150,0.105369,0.607504,-0.098992,0.389222,-0.052465,0.167207,0.146878,-0.100336
0.495559,-0.238620,0.070395,0.487171,4.944671,0.164771,2.777477,4.776192,1.347401,0.340228,6.982723,-0.133590,0.577791,-0.294385,1.117678,2.423769,-0.010963,-0.006839,0.007659,0.513529,-0.020167,0.050708,1.270596,0.000000,0.100704,0.000000,0.245572,-0.002753,-0.002683,8.874918,0.546864,0.167868,1.135644,4.591017,0.741611,0.286991,-0.278321,2.138916,0.778246,-0.033362,0.090547
-0.050120,-0.149731,0.049197,-0.066190,-0.224189,-0.188634,-0.215790,0.142181,0.069674,-0.642182,-0.133590,0.586048,-0.070502,-0.042240,-0.112862,-1.053896,-0.014035,-0.004284,0.000069,-0.004964,-0.015344,0.020054,0.016721,0.000000,-0.000136,0.000000,-0.016914,-0.000427,0.004465,-3.815837,-0.190487,-0.022024,0.004811,-0.071544,-0.184780,0.016844,-0.217178,-0.019421,-0.057012,-0.074788,-0.406465
0.198269,0.020686,0.430188,0.071297,0.596321,0.184893,0.705717,2.004359,0.242816,0.285771,0.577791,-0.070502,0.334862,0.066237,0.423939,1.284429,0.004946,-0.004666,-0.004660,0.104400,0.013059,0.024771,0.365389,0.000000,0.044566,0.000000,0.087801,0.000154,0.030285,1.914016,0.519679,-0.027530,0.337228,0.208542,0.040940,0.333868,-0.038508,0.040259,0.591468,0.025561,0.714171
-0.077352,0.146265,-0.148365,0.022471,-0.120755,-0.021741,-0.558187,-2.611831,0.191712,0.335425,-0.294385,-0.042240,0.066237,0.509325,0.001141,0.410368,-0.006476,0.006197,-0.000952,-0.013029,-0.004328,-0.023497,-0.487486,0.000000,-0.042040,0.000000,-0.034951,-0.000413,-0.007623,0.825832,1.141287,0.029522,-0.207734,-0.193464,0.018301,-0.065882,-0.068904,-0.069752,-0.049719,0.010652,0.025610
0.457910,0.103217,0.309375,0.189282,1.107208,0.437344,1.068287,3.716261,0.575804,0.546202,1.117678,-0.112862,0.423939,0.001141,0.852676,2.497150,0.007536,-0.004444,-0.014446,0.350314,0.031209,0.021651,0.739413,0.000000,0.039885,0.000000,0.194271,0.001184,0.010374,3.634892,0.489465,0.141280,0.214135,0.435492,0.106927,0.242641,-0.019045,0.095487,0.588097,0.041702,0.878305
1.230666,0.396432,-0.197537,0.933756,2.719637,0.836318,3.423454,6.447706,3.888192,6.356721,2.423769,-1.053896,1.284429,0.410368,2.497150,20.094446,0.013458,-0.019671,-0.050417,2.415224,-0.072023,-0.024864,1.865519,0.000000,-0.103814,0.000000,0.516121,-0.024600,-0.016555,33.020557,2.305085,0.370268,0.537609,-0.204784,0.961395,0.374961,0.219003,-0.246851,1.422539,0.500887,0.445834
0.007463,0.020767,0.024130,-0.004816,-0.003991,0.023019,0.008271,-0.027088,-0.019117,0.017794,-0.010963,-0.014035,0.004946,-0.006476,0.007536,0.013458,0.002223,0.000559,0.000070,0.007091,0.004887,-0.000889,-0.003309,0.000000,0.003815,0.000000,0.002073,0.000151,0.000224,0.139752,-0.017962,0.003174,0.017139,-0.000890,0.004354,0.005626,0.026569,0.001449,0.012396,0.000921,0.074085
-0.001968,0.012291,-0.016193,-0.000938,-0.005045,0.019182,-0.032167,-0.193014,0.008665,0.004433,-0.006839,-0.004284,-0.004666,0.006197,-0.004444,-0.019671,0.000559,0.001008,0.000421,0.001753,0.003232,-0.002519,-0.021362,0.000000,-0.002944,0.000000,-0.001784,-0.000021,-0.001097,-0.002899,0.007895,0.001862,-0.014244,0.002350,0.007295,-0.009055,0.010350,0.004979,-0.013417,-0.000995,0.027795
-0.007886,-0.004206,-0.001065,0.003941,0.007138,-0.003031,-0.006869,-0.103543,-0.038221,-0.010592,0.007659,0.000069,-0.004660,-0.000952,-0.014446,-0.050417,0.000070,0.000421,0.013081,0.002885,-0.000250,-0.001153,-0.007877,0.000000,0.001026,0.000000,-0.003535,-0.001027,-0.000278,-0.006767,-0.004601,0.017286,0.008629,0.018689,0.022245,-0.006497,0.004120,0.019599,-0.009384,-0.000640,-0.004693
0.191965,0.104571,-0.092882,0.191781,0.537951,0.252830,0.321006,0.814990,0.462495,0.694559,0.513529,-0.004964,0.104400,-0.013029,0.350314,2.415224,0.007091,0.001753,0.002885,0.597304,0.013956,-0.012940,0.460606,0.000000,-0.012933,0.000000,0.079771,-0.009436,-0.027354,5.927271,0.131109,0.264011,-0.055660,0.270240,0.066315,-0.188516,0.120620,0.135604,-0.053218,0.051163,0.220565
0.024105,0.057699,0.011785,-0.008840,0.006490,0.121148,-0.023371,-0.122062,0.002117,-0.024492,-0.020167,-0.015344,0.013059,-0.004328,0.031209,-0.072023,0.004887,0.003232,-0.000250,0.013956,0.039015,-0.004369,-0.020363,0.000000,-0.002310,0.000000,0.006083,0.000390,-0.000626,-0.078187,-0.006719,0.007375,-0.019196,-0.006763,-0.016682,0.003592,0.053331,-0.007352,0.014993,-0.001439,0.268501
0.012724,-0.022341,0.077576,-0.003712,0.035110,-0.027737,0.100383,0.568862,-0.018389,-0.062875,0.050708,0.020054,0.024771,-0.023497,0.021651,-0.024864,-0.000889,-0.002519,-0.001153,-0.012940,-0.004369,0.009921,0.059506,0.000000,0.011777,0.000000,0.007108,0.000181,0.004788,-0.163888,-0.034241,-0.012876,0.048668,0.006501,-0.032240,0.055131,-0.029590,-0.004094,0.075125,-0.000384,-0.001835
0.398521,-0.629638,0.471301,0.489484,1.435815,0.216741,1.714103,8.882638,-0.024554,0.087167,1.270596,0.016721,0.365389,-0.487486,0.739413,1.865519,-0.003309,-0.021362,-0.007877,0.460606,-0.020363,0.059506,2.655577,0.000000,0.063879,0.000000,0.228090,0.002323,0.011969,2.942009,-0.357685,0.264411,0.203580,0.733681,-0.003673,0.223356,-0.207140,0.164602,0.538582,0.065523,0.258781
0.000000,0.000000,0.000000,0.000000,0.000000,0.000000,0.000000,0.000000,0.000000,0.000000,0.000000,0.000000,0.000000,0.000000,0.000000,0.000000,0.000000,0.000000,0.000000,0.000000,0.000000,0.000000,0.000000,0.000000,0.000000,0.000000,0.000000,0.000000,0.000000,0.000000,0.000000,0.000000,0.000000,0.000000,0.000000,0.000000,0.000000,0.000000,0.000000,0.000000,0.000000
0.027640,-0.000347,0.301833,-0.023176,0.078885,-0.016250,0.242085,0.855700,-0.101129,-0.075752,0.100704,-0.000136,0.044566,-0.042040,0.039885,-0.103814,0.003815,-0.002944,0.001026,-0.012933,-0.002310,0.011777,0.063879,0.000000,0.129646,0.000000,0.013415,0.000053,-0.002713,-0.177053,-0.071632,0.072923,0.239436,0.073096,-0.037127,0.045344,0.010775,0.017701,0.096025,-0.003998,0.219050
0.000000,0.000000,0.000000,0.000000,0.000000,0.000000,0.000000,0.000000,0.000000,0.000000,0.000000,0.000000,0.000000,0.000000,0.000000,0.000000,0.000000,0.000000,0.000000,0.000000,0.000000,0.000000,0.000000,0.000000,0.000000,0.000000,0.000000,0.000000,0.000000,0.000000,0.000000,0.000000,0.000000,0.000000,0.000000,0.000000,0.000000,0.000000,0.000000,0.000000,0.000000
0.114326,0.009264,0.075943,0.043467,0.240102,0.087757,0.260897,1.202286,0.067000,0.086078,0.245572,-0.016914,0.087801,-0.034951,0.194271,0.516121,0.002073,-0.001784,-0.003535,0.079771,0.006083,0.007108,0.228090,0.000000,0.013415,0.000000,0.051502,0.000127,0.002819,0.711079,-0.009030,0.035378,0.042296,0.094866,0.011474,0.061409,-0.004072,0.020832,0.133719,0.011017,0.169498
0.000567,0.000398,0.000855,-0.002851,0.000693,0.001494,0.004284,-0.009824,0.011650,0.000712,-0.002753,-0.000427,0.000154,-0.000413,0.001184,-0.024600,0.000151,-0.000021,-0.001027,-0.009436,0.000390,0.000181,0.002323,0.000000,0.000053,0.000000,0.000127,0.025652,0.000259,0.020961,0.002122,-0.025187,-0.000861,0.002400,-0.007151,0.003356,-0.000764,-0.001846,0.001294,0.000114,-0.005477
0.004925,-0.003848,0.077152,-0.015546,-0.005545,-0.003621,0.063302,0.203221,-0.015448,-0.022523,-0.002683,0.004465,0.030285,-0.007623,0.010374,-0.016555,0.000224,-0.001097,-0.000278,-0.027354,-0.000626,0.004788,0.011969,0.000000,-0.002713,0.000000,0.002819,0.000259,0.025690,-0.157573,-0.007585,-0.039062,0.058746,-0.024518,-0.010054,0.079505,-0.009525,-0.014326,0.102808,-0.001599,0.066291
1.621146,1.077791,-1.454014,1.481465,8.223692,0.161844,5.571309,4.707783,2.218316,14.383413,8.874918,-3.815837,1.914016,0.825832,3.634892,33.020557,0.139752,-0.002899,-0.006767,5.927271,-0.078187,-0.163888,2.942009,0.000000,-0.177053,0.000000,0.711079,0.020961,-0.157573,128.832288,4.731849,0.298025,1.348365,6.768106,0.308763,0.059252,2.637147,2.565623,2.056007,1.089907,-0.442622
-0.061365,-0.077137,-0.144277,0.257375,0.900362,0.124693,-0.068124,-2.627345,0.660125,1.160718,0.546864,-0.190487,0.519679,1.141287,0.489465,2.305085,-0.017962,0.007895,-0.004601,0.131109,-0.006719,-0.034241,-0.357685,0.000000,-0.071632,0.000000,-0.009030,0.002122,-0.007585,4.731849,4.253292,0.115023,0.140779,0.366581,0.257440,-0.150443,-0.292540,0.056313,0.235884,0.051729,0.665912
0.079542,0.099451,-0.012124,0.141946,0.194058,0.085727,-0.243318,0.521368,-0.151914,0.084068,0.167868,-0.022024,-0.027530,0.029522,0.141280,0.370268,0.003174,0.001862,0.017286,0.264011,0.007375,-0.012876,0.264411,0.000000,0.072923,0.000000,0.035378,-0.025187,-0.039062,0.298025,0.115023,0.564832,-0.204811,0.136178,0.099425,-0.370971,0.043750,0.087269,-0.326764,0.000068,0.022350
0.077077,-0.133867,1.318984,-0.076990,0.825384,-0.190557,2.218297,3.029695,-0.245840,0.214150,1.135644,0.004811,0.337228,-0.207734,0.214135,0.537609,0.017139,-0.014244,0.008629,-0.055660,-0.019196,0.048668,0.203580,0.000000,0.239436,0.000000,0.042296,-0.000861,0.058746,1.348365,0.140779,-0.204811,2.046185,1.083244,0.330503,0.363682,0.078180,0.375281,0.700323,-0.030484,0.985485
0.137002,-0.272889,-0.092765,0.357810,3.317117,-0.068570,1.388854,1.305307,0.012593,0.105369,4.591017,-0.071544,0.208542,-0.193464,0.435492,-0.204784,-0.000890,0.002350,0.018689,0.270240,-0.006763,0.006501,0.733681,0.000000,0.073096,0.000000,0.094866,0.002400,-0.024518,6.768106,0.366581,0.136178,1.083244,4.894605,0.739694,-0.099186,-0.040045,1.855048,0.124110,-0.062725,-0.318700
0.038465,0.000890,-0.075234,0.198981,0.585391,-0.013075,0.215140,-2.765765,0.202302,0.607504,0.741611,-0.184780,0.040940,0.018301,0.106927,0.961395,0.004354,0.007295,0.022245,0.066315,-0.016682,-0.032240,-0.003673,0.000000,-0.037127,0.000000,0.011474,-0.007151,-0.010054,0.308763,0.257440,0.099425,0.330503,0.739694,1.267173,-0.067571,0.139602,0.557966,-0.035163,-0.038737,-0.206579
0.170353,0.060364,0.688685,-0.122922,0.181278,0.010028,0.542235,1.596350,0.019893,-0.098992,0.286991,0.016844,0.333868,-0.065882,0.242641,0.374961,0.005626,-0.009055,-0.006497,-0.188516,0.003592,0.055131,0.223356,0.000000,0.045344,0.000000,0.061409,0.003356,0.079505,0.059252,-0.150443,-0.370971,0.363682,-0.099186,-0.067571,1.028284,-0.032106,-0.056614,1.155767,-0.002681,0.536454
0.042257,0.293719,0.029030,-0.075728,-0.194880,0.252099,-0.108886,-1.411823,-0.239166,0.389222,-0.278321,-0.217178,-0.038508,-0.068904,-0.019045,0.219003,0.026569,0.010350,0.004120,0.120620,0.053331,-0.029590,-0.207140,0.000000,0.010775,0.000000,-0.004072,-0.000764,-0.009525,2.637147,-0.292540,0.043750,0.078180,-0.040045,0.139602,-0.032106,0.428292,0.026471,-0.028892,0.005933,0.651940
0.018588,-0.056548,-0.054441,0.166926,1.481693,-0.070136,0.372536,-0.920757,-0.056342,-0.052465,2.138916,-0.019421,0.040259,-0.069752,0.095487,-0.246851,0.001449,0.004979,0.019599,0.135604,-0.007352,-0.004094,0.164602,0.000000,0.017701,0.000000,0.020832,-0.001846,-0.014326,2.565623,0.056313,0.087269,0.375281,1.855048,0.557966,-0.056614,0.026471,1.042533,-0.000752,-0.033741,-0.186481
0.329191,0.079453,1.070265,-0.056487,0.694882,0.170389,1.194048,3.504813,0.173402,0.167207,0.778246,-0.057012,0.591468,-0.049719,0.588097,1.422539,0.012396,-0.013417,-0.009384,-0.053218,0.014993,0.075125,0.538582,0.000000,0.096025,0.000000,0.133719,0.001294,0.102808,2.056007,0.235884,-0.326764,0.700323,0.124110,-0.035163,1.155767,-0.028892,-0.000752,1.543529,0.018745,1.177905
0.018729,-0.020013,-0.021628,0.033344,0.004538,-0.016111,0.092428,0.442975,-0.006334,0.146878,-0.033362,-0.074788,0.025561,0.010652,0.041702,0.500887,0.000921,-0.000995,-0.000640,0.051163,-0.001439,-0.000384,0.065523,0.000000,-0.003998,0.000000,0.011017,0.000114,-0.001599,1.089907,0.051729,0.000068,-0.030484,-0.062725,-0.038737,-0.002681,0.005933,-0.033741,0.018745,0.122971,-0.007841
0.504952,0.915152,1.740493,-0.072045,0.692667,2.235352,1.258830,1.214729,0.504286,-0.100336,0.090547,-0.406465,0.714171,0.025610,0.878305,0.445834,0.074085,0.027795,-0.004693,0.220565,0.268501,-0.001835,0.258781,0.000000,0.219050,0.000000,0.169498,-0.005477,0.066291,-0.442622,0.665912,0.022350,0.985485,-0.318700,-0.206579,0.536454,0.651940,-0.186481,1.177905,-0.007841,6.044609
