0.295505,0.110252,0.202758,-0.000015,0.202026,0.273269,0.530133,2.107915,0.196399,0.226241,0.269447,-0.050120,0.208390,-0.058755,0.457910,0.967474,0.007463,-0.002857,-0.007886,0.018170,0.024105,0.012724,0.398521,-0.001033,0.027640,0.001381,0.117932,0.000567,0.004925,1.621146,-0.061365,0.081655,0.265975,0.137002,-0.004162,0.170353,0.042257,0.018588,0.353716,0.018729,0.460261
0.110252,0.699298,0.044705,-0.016533,-0.262230,0.363717,-0.433686,-2.137434,0.196295,0.256168,-0.265669,-0.149731,0.027731,0.186439,0.103217,0.294284,0.020767,0.012199,-0.004206,0.035406,0.057699,-0.022341,-0.629638,-0.004779,-0.000347,-0.013613,0.011774,0.000398,-0.003848,1.077791,-0.077137,-0.103012,-0.111139,-0.272889,0.007757,0.060364,0.293719,-0.056548,0.096524,-0.020013,0.862422
0.202758,0.044705,2.222953,0.013123,0.039102,0.044514,1.095486,1.929809,-0.411855,-0.331460,-0.021576,0.049197,0.432841,-0.130119,0.309375,-0.396790,0.024130,-0.028895,-0.001065,-0.024736,0.011785,0.077576,0.471301,0.088917,0.301833,-0.013643,0.076888,0.000855,0.077152,-1.454014,-0.144277,0.175272,1.219567,-0.092765,-0.288506,0.688685,0.029030,-0.054441,1.076696,-0.021628,1.830829
-0.000015,-0.016533,0.013123,0.052628,0.231609,0.003523,0.107025,-0.115575,0.020540,0.019980,0.316390,-0.018226,0.009768,-0.009811,0.012855,0.009668,0.000324,0.000646,0.012789,0.001337,-0.000907,-0.000686,0.030152,-0.001361,0.012622,0.005739,-0.000824,-0.000694,-0.001008,0.411673,0.050920,-0.004940,0.091406,0.285425,0.042863,-0.005167,0.006538,0.116563,0.001674,-0.002319,0.010191
0.202026,-0.262230,0.039102,0.231609,4.030456,0.043857,1.593150,2.219515,0.208574,0.300122,4.703022,-0.107587,0.320209,-0.128386,0.546842,0.701711,0.000370,0.000253,0.012805,0.161729,0.002096,0.013627,0.826527,-0.024560,0.072876,0.053431,0.117137,0.001166,-0.016141,7.152668,0.546671,-0.026846,1.150935,3.603377,0.610234,0.021679,-0.038159,1.581897,0.328919,-0.048733,-0.038966
0.273269,0.363717,0.044514,0.003523,0.043857,1.321090,0.238936,-0.569666,0.999458,0.127586,0.007302,-0.188634,0.185943,-0.007879,0.437344,0.764786,0.023019,0.019575,-0.003031,-0.010469,0.121148,-0.027737,0.216741,-0.004954,-0.016250,0.000155,0.088131,0.001494,-0.003621,0.161844,0.124693,0.162074,-0.057123,-0.068570,0.018736,0.010028,0.252099,-0.070136,0.172933,-0.016111,1.909698
0.530133,-0.433686,1.095486,0.107025,1.593150,0.238936,5.100893,12.440204,0.766908,0.499618,1.985114,-0.215790,0.711751,-0.537330,1.068287,3.037033,0.008271,-0.046342,-0.006869,0.114981,-0.023371,0.100383,1.714103,0.048057,0.242085,0.036854,0.263047,0.004284,0.063302,5.571309,-0.068124,-0.179134,2.833738,1.388854,0.237973,0.542235,-0.108886,0.372536,1.208672,0.092428,0.826584
2.107915,-2.137434,1.929809,-0.115575,2.219515,-0.569666,12.440204,86.497137,-3.951088,-2.246914,2.621923,0.135136,2.165788,-2.769930,3.927433,3.474551,-0.027148,-0.220622,-0.139907,0.098254,-0.121190,0.582667,8.928444,0.109574,0.861316,0.123574,1.295627,0.030499,0.204189,5.019160,-2.566897,0.241477,5.813965,1.350484,-2.903407,1.656577,-1.464730,-0.970631,3.903436,0.445203,1.362263
0.196399,0.196295,-0.411855,0.020540,0.208574,0.999458,0.766908,-3.951088,4.077581,0.803774,0.195287,0.044966,0.224004,0.380593,0.476404,3.325701,-0.021149,0.012368,-0.014350,-0.031271,0.012567,-0.025127,-0.257600,-0.016770,-0.102537,0.003807,0.042290,0.001563,-0.017406,1.486108,0.850263,0.007587,-0.197978,-0.037711,0.023783,-0.061809,-0.232377,-0.166920,0.077860,-0.020509,-0.279282
0.226241,0.256168,-0.331460,0.019980,0.300122,0.127586,0.499618,-2.246914,0.803774,2.980115,0.287236,-0.642182,0.292182,0.394120,0.546202,6.331938,0.017794,0.006835,-0.010592,0.125081,-0.024492,-0.062875,0.087167,-0.032121,-0.075752,-0.034052,0.088362,0.000712,-0.022523,14.383413,1.160718,-0.036748,0.238538,0.105369,0.420041,-0.098992,0.389222,-0.052465,0.182741,0.146878,-0.474093
0.269447,-0.265669,-0.021576,0.316390,4.703022,0.007302,1.985114,2.621923,0.195287,0.287236,7.081349,-0.115314,0.369880,-0.229120,0.688617,0.717324,0.000660,0.001937,0.015494,0.241872,-0.008015,0.019526,0.954189,-0.032471,0.104609,0.080748,0.152224,0.002608,-0.023270,8.986202,0.512891,-0.050965,1.551778,4.960344,0.771763,-0.002277,-0.034333,2.255156,0.381751,-0.067242,-0.145616
-0.050120,-0.149731,0.049197,-0.018226,-0.107587,-0.188634,-0.215790,0.135136,0.044966,-0.642182,-0.115314,0.586048,-0.071202,-0.051490,-0.112862,-1.105633,-0.014035,-0.004547,0.000069,0.004537,-0.015344,0.020054,0.016721,0.002067,-0.000136,0.004299,-0.017164,-0.000427,0.004465,-3.815837,-0.190487,0.051433,-0.042237,-0.071544,-0.209288,0.016844,-0.217178,-0.019421,-0.058710,-0.074788,-0.366630
0.208390,0.027731,0.432841,0.009768,0.320209,0.185943,0.711751,2.165788,0.224004,0.292182,0.369880,-0.071202,0.350090,0.079520,0.444944,1.108800,0.004940,-0.008094,-0.008277,0.012082,0.013145,0.026144,0.369945,0.035686,0.045125,0.003820,0.096789,0.004165,0.030382,1.944987,0.525691,0.034966,0.430226,0.213036,-0.066689,0.339858,-0.043771,0.035298,0.629108,0.025783,0.565559
-0.058755,0.186439,-0.130119,-0.009811,-0.128386,-0.007879,-0.537330,-2.769930,0.380593,0.394120,-0.229120,-0.051490,0.079520,0.590318,0.023468,0.588165,-0.005143,0.007405,-0.002482,-0.007403,-0.003183,-0.024492,-0.545531,-0.008447,-0.034664,-0.011311,-0.030900,0.001693,-0.006352,1.234736,1.172657,-0.052328,-0.244677,-0.212330,0.000455,-0.056873,-0.041303,-0.074350,-0.020551,0.013577,-0.100594
0.457910,0.103217,0.309375,0.012855,0.546842,0.437344,1.068287,3.927433,0.476404,0.546202,0.688617,-0.112862,0.444944,0.023468,0.852676,2.025092,0.007536,-0.006130,-0.014446,0.029427,0.031209,0.021651,0.739413,-0.002844,0.039885,0.008375,0.201755,0.001184,0.010374,3.634892,0.489465,0.120589,0.524907,0.435492,-0.003467,0.242641,-0.019045,0.095487,0.638995,0.041702,0.681901
0.967474,0.294284,-0.396790,0.009668,0.701711,0.764786,3.037033,3.474551,3.325701,6.331938,0.717324,-1.105633,1.108800,0.588165,2.025092,19.366390,0.016745,-0.006285,-0.029086,0.251572,-0.064785,-0.048766,1.453023,-0.051003,-0.120960,-0.065436,0.399183,-0.000678,-0.025222,33.602250,2.335371,0.058600,1.122045,-0.168907,0.370358,0.185679,0.341017,-0.255796,1.146264,0.507556,-0.989389
0.007463,0.020767,0.024130,0.000324,0.000370,0.023019,0.008271,-0.027148,-0.021149,0.017794,0.000660,-0.014035,0.004940,-0.005143,0.007536,0.016745,0.002223,0.000471,0.000070,0.003114,0.004887,-0.000889,-0.003309,0.000412,0.003815,-0.000509,0.002071,0.000151,0.000224,0.139752,-0.017962,0.000250,0.016267,-0.000890,0.003809,0.005626,0.026569,0.001449,0.012381,0.000921,0.078784
-0.002857,0.012199,-0.028895,0.000646,0.000253,0.019575,-0.046342,-0.220622,0.012368,0.006835,0.001937,-0.004547,-0.008094,0.007405,-0.006130,-0.006285,0.000471,0.002682,0.000435,0.000391,0.003265,-0.003038,-0.022394,-0.002516,-0.002734,-0.000094,-0.002361,-0.000023,-0.002431,0.008706,0.008287,-0.000173,-0.030129,0.004034,0.010244,-0.013280,0.010900,0.005860,-0.021562,-0.000912,0.015732
-0.007886,-0.004206,-0.001065,0.012789,0.012805,-0.003031,-0.006869,-0.139907,-0.014350,-0.010592,0.015494,0.000069,-0.008277,-0.002482,-0.014446,-0.029086,0.000070,0.000435,0.013081,-0.000723,-0.000250,-0.001153,-0.007877,-0.000375,0.001026,-0.000236,-0.004824,-0.001027,-0.000278,-0.006767,-0.004601,-0.001363,0.001196,0.018689,0.026928,-0.006497,0.004120,0.019599,-0.018149,-0.000640,-0.001510
0.018170,0.035406,-0.024736,0.001337,0.161729,-0.010469,0.114981,0.098254,-0.031271,0.125081,0.241872,0.004537,0.012082,-0.007403,0.029427,0.251572,0.003114,0.000391,-0.000723,0.098202,0.001012,-0.000802,-0.002390,-0.002440,0.005347,-0.000217,0.009241,0.000122,-0.001808,1.679158,-0.047677,-0.008858,0.115952,0.200632,-0.018902,0.003102,0.047686,0.090457,0.022991,-0.004158,-0.019712
0.024105,0.057699,0.011785,-0.000907,0.002096,0.121148,-0.023371,-0.121190,0.012567,-0.024492,-0.008015,-0.015344,0.013145,-0.003183,0.031209,-0.064785,0.004887,0.003265,-0.000250,0.001012,0.039015,-0.004369,-0.020363,-0.000845,-0.002310,-0.000532,0.006114,0.000390,-0.000626,-0.078187,-0.006719,0.002211,-0.014460,-0.006763,-0.017249,0.003592,0.053331,-0.007352,0.015203,-0.001439,0.277274
0.012724,-0.022341,0.077576,-0.000686,0.013627,-0.027737,0.100383,0.582667,-0.025127,-0.062875,0.019526,0.020054,0.026144,-0.024492,0.021651,-0.048766,-0.000889,-0.003038,-0.001153,-0.000802,-0.004369,0.009921,0.059506,0.006469,0.011777,0.001400,0.007597,0.000181,0.004788,-0.163888,-0.034241,0.001942,0.061073,0.006501,-0.040473,0.055131,-0.029590,-0.004094,0.078452,-0.000384,0.000117
0.398521,-0.629638,0.471301,0.030152,0.826527,0.216741,1.714103,8.928444,-0.257600,0.087167,0.954189,0.016721,0.369945,-0.545531,0.739413,1.453023,-0.003309,-0.022394,-0.007877,-0.002390,-0.020363,0.059506,2.655577,0.000459,0.063879,0.039329,0.229713,0.002323,0.011969,2.942009,-0.357685,0.507724,0.537188,0.733681,-0.100780,0.223356,-0.207140,0.164602,0.549623,0.065523,0.208921
-0.001033,-0.004779,0.088917,-0.001361,-0.024560,-0.004954,0.048057,0.109574,-0.016770,-0.032121,-0.032471,0.002067,0.035686,-0.008447,-0.002844,-0.051003,0.000412,-0.002516,-0.000375,-0.002440,-0.000845,0.006469,0.000459,0.034353,-0.004125,-0.000798,-0.000493,-0.000111,0.025447,-0.195751,-0.016896,-0.003280,0.052849,-0.033232,-0.015320,0.107596,-0.009757,-0.017625,0.135911,-0.002159,0.087415
0.027640,-0.000347,0.301833,0.012622,0.072876,-0.016250,0.242085,0.861316,-0.102537,-0.075752,0.104609,-0.000136,0.045125,-0.034664,0.039885,-0.120960,0.003815,-0.002734,0.001026,0.005347,-0.002310,0.011777,0.063879,-0.004125,0.129646,-0.002108,0.013614,0.000053,-0.002713,-0.177053,-0.071632,0.013222,0.271957,0.073096,-0.039630,0.045344,0.010775,0.017701,0.097379,-0.003998,0.275592
0.001381,-0.013613,-0.013643,0.005739,0.053431,0.000155,0.036854,0.123574,0.003807,-0.034052,0.080748,0.004299,0.003820,-0.011311,0.008375,-0.065436,-0.000509,-0.000094,-0.000236,-0.000217,-0.000532,0.001400,0.039329,-0.000798,-0.002108,0.021925,0.002548,0.000118,-0.000591,-0.162749,0.007917,-0.002896,0.015734,0.089845,0.007749,-0.001931,-0.010952,0.026477,0.002303,-0.001359,-0.015908
0.117932,0.011774,0.076888,-0.000824,0.117137,0.088131,0.263047,1.295627,0.042290,0.088362,0.152224,-0.017164,0.096789,-0.030900,0.201755,0.399183,0.002071,-0.002361,-0.004824,0.009241,0.006114,0.007597,0.229713,-0.000493,0.013614,0.002548,0.055974,0.001556,0.002853,0.722114,-0.006888,0.043610,0.129901,0.096467,-0.010020,0.063543,-0.005947,0.019064,0.155764,0.011096,0.158810
0.000567,0.000398,0.000855,-0.000694,0.001166,0.001494,0.004284,0.030499,0.001563,0.000712,0.002608,-0.000427,0.004165,0.001693,0.001184,-0.000678,0.000151,-0.000023,-0.001027,0.000122,0.000390,0.000181,0.002323,-0.000111,0.000053,0.000118,0.001556,0.025652,0.000259,0.020961,0.002122,0.000501,0.002645,0.002400,-0.007932,0.003356,-0.000764,-0.001846,0.011013,0.000114,0.003852
0.004925,-0.003848,0.077152,-0.001008,-0.016141,-0.003621,0.063302,0.204189,-0.017406,-0.022523,-0.023270,0.004465,0.030382,-0.006352,0.010374,-0.025222,0.000224,-0.002431,-0.000278,-0.001808,-0.000626,0.004788,0.011969,0.025447,-0.002713,-0.000591,0.002853,0.000259,0.025690,-0.157573,-0.007585,-0.002088,0.061037,-0.024518,-0.011837,0.079505,-0.009525,-0.014326,0.103041,-0.001599,0.076039
1.621146,1.077791,-1.454014,0.411673,7.152668,0.161844,5.571309,5.019160,1.486108,14.383413,8.986202,-3.815837,1.944987,1.234736,3.634892,33.602250,0.139752,0.008706,-0.006767,1.679158,-0.078187,-0.163888,2.942009,-0.195751,-0.177053,-0.162749,0.722114,0.020961,-0.157573,128.832288,4.731849,0.129445,2.868429,6.768106,0.341513,0.059252,2.637147,2.565623,2.131057,1.089907,-2.142566
-0.061365,-0.077137,-0.144277,0.050920,0.546671,0.124693,-0.068124,-2.566897,0.850263,1.160718,0.512891,-0.190487,0.525691,1.172657,0.489465,2.335371,-0.017962,0.008287,-0.004601,-0.047677,-0.006719,-0.034241,-0.357685,-0.016896,-0.071632,0.007917,-0.006888,0.002122,-0.007585,4.731849,4.253292,-0.114955,-0.029311,0.366581,0.014849,-0.150443,-0.292540,0.056313,0.250453,0.051729,-0.016130
0.081655,-0.103012,0.175272,-0.004940,-0.026846,0.162074,-0.179134,0.241477,0.007587,-0.036748,-0.050965,0.051433,0.034966,-0.052328,0.120589,0.058600,0.000250,-0.000173,-0.001363,-0.008858,0.002211,0.001942,0.507724,-0.003280,0.013222,-0.002896,0.043610,0.000501,-0.002088,0.129445,-0.114955,0.413386,-0.101446,-0.040193,-0.034254,-0.004177,-0.024186,-0.038271,0.023557,-0.006516,0.209399
0.265975,-0.111139,1.219567,0.091406,1.150935,-0.057123,2.833738,5.813965,-0.197978,0.238538,1.551778,-0.042237,0.430226,-0.244677,0.524907,1.122045,0.016267,-0.030129,0.001196,0.115952,-0.014460,0.061073,0.537188,0.052849,0.271957,0.015734,0.129901,0.002645,0.061037,2.868429,-0.029311,-0.101446,2.491102,1.251603,0.222402,0.422107,0.035071,0.394847,0.838683,-0.023467,1.063401
0.137002,-0.272889,-0.092765,0.285425,3.603377,-0.068570,1.388854,1.350484,-0.037711,0.105369,4.960344,-0.071544,0.213036,-0.212330,0.435492,-0.168907,-0.000890,0.004034,0.018689,0.200632,-0.006763,0.006501,0.733681,-0.033232,0.073096,0.089845,0.096467,0.002400,-0.024518,6.768106,0.366581,-0.040193,1.251603,4.894605,0.743985,-0.099186,-0.040045,1.855048,0.134999,-0.062725,-0.201388
-0.004162,0.007757,-0.288506,0.042863,0.610234,0.018736,0.237973,-2.903407,0.023783,0.420041,0.771763,-0.209288,-0.066689,0.000455,-0.003467,0.370358,0.003809,0.010244,0.026928,-0.018902,-0.017249,-0.040473,-0.100780,-0.015320,-0.039630,0.007749,-0.010020,-0.007932,-0.011837,0.341513,0.014849,-0.034254,0.222402,0.743985,1.560681,-0.161239,0.195846,0.543635,-0.227581,-0.045694,-0.308764
0.170353,0.060364,0.688685,-0.005167,0.021679,0.010028,0.542235,1.656577,-0.061809,-0.098992,-0.002277,0.016844,0.339858,-0.056873,0.242641,0.185679,0.005626,-0.013280,-0.006497,0.003102,0.003592,0.055131,0.223356,0.107596,0.045344,-0.001931,0.063543,0.003356,0.079505,0.059252,-0.150443,-0.004177,0.422107,-0.099186,-0.161239,1.028284,-0.032106,-0.056614,1.170283,-0.002681,0.543766
0.042257,0.293719,0.029030,0.006538,-0.038159,0.252099,-0.108886,-1.464730,-0.232377,0.389222,-0.034333,-0.217178,-0.043771,-0.041303,-0.019045,0.341017,0.026569,0.010900,0.004120,0.047686,0.053331,-0.029590,-0.207140,-0.009757,0.010775,-0.010952,-0.005947,-0.000764,-0.009525,2.637147,-0.292540,-0.024186,0.035071,-0.040045,0.195846,-0.032106,0.428292,0.026471,-0.041644,0.005933,0.684753
0.018588,-0.056548,-0.054441,0.116563,1.581897,-0.070136,0.372536,-0.970631,-0.166920,-0.052465,2.255156,-0.019421,0.035298,-0.074350,0.095487,-0.255796,0.001449,0.005860,0.019599,0.090457,-0.007352,-0.004094,0.164602,-0.017625,0.017701,0.026477,0.019064,-0.001846,-0.014326,2.565623,0.056313,-0.038271,0.394847,1.855048,0.543635,-0.056614,0.026471,1.042533,-0.012772,-0.033741,-0.171294
0.353716,0.096524,1.076696,0.001674,0.328919,0.172933,1.208672,3.903436,0.077860,0.182741,0.381751,-0.058710,0.629108,-0.020551,0.638995,1.146264,0.012381,-0.021562,-0.018149,0.022991,0.015203,0.078452,0.549623,0.135911,0.097379,0.002303,0.155764,0.011013,0.103041,2.131057,0.250453,0.023557,0.838683,0.134999,-0.227581,1.170283,-0.041644,-0.012772,1.636532,0.019282,1.066407
0.018729,-0.020013,-0.021628,-0.002319,-0.048733,-0.016111,0.092428,0.445203,-0.020509,0.146878,-0.067242,-0.074788,0.025783,0.013577,0.041702,0.507556,0.000921,-0.000912,-0.000640,-0.004158,-0.001439,-0.000384,0.065523,-0.002159,-0.003998,-0.001359,0.011096,0.000114,-0.001599,1.089907,0.051729,-0.006516,-0.023467,-0.062725,-0.045694,-0.002681,0.005933,-0.033741,0.019282,0.122971,-0.024186
0.460261,0.862422,1.830829,0.010191,-0.038966,1.909698,0.826584,1.362263,-0.279282,-0.474093,-0.145616,-0.366630,0.565559,-0.100594,0.681901,-0.989389,0.078784,0.015732,-0.001510,-0.019712,0.277274,0.000117,0.208921,0.087415,0.275592,-0.015908,0.158810,0.003852,0.076039,-2.142566,-0.016130,0.209399,1.063401,-0.201388,-0.308764,0.543766,0.684753,-0.171294,1.066407,-0.024186,5.819510
