10222.765051,-2229.931703,-2485.652731,-152.467564,44.991476,-733.233124,-1677.435126,590.187348
-2229.931703,6998.721417,-1629.396083,162.105995,19.478698,-1727.021671,-1775.509252,-315.287100
-2485.652731,-1629.396083,3926.870176,-306.984500,129.714035,-12.561467,362.027269,-552.594611
-152.467564,162.105995,-306.984500,429.469634,-74.245528,-249.276677,-698.901353,366.033807
44.991476,19.478698,129.714035,-74.245528,33.697725,-109.649938,95.193369,-61.991467
-733.233124,-1727.021671,-12.561467,-249.276677,-109.649938,5762.486256,-1037.570918,20.035549
-1677.435126,-1775.509252,362.027269,-698.901353,95.193369,-1037.570918,6184.566243,-760.676962
590.187348,-315.287100,-552.594611,366.033807,-61.991467,20.035549,-760.676962,3760.725131
