9773.067968,-2032.563743,-2253.739957,-130.847154,42.098509,-706.624500,-1475.244737,541.159444
-2032.563743,6663.064529,-1521.484285,144.442246,11.131965,-1530.146208,-1680.901803,-254.791587
-2253.739957,-1521.484285,3713.663220,-282.006586,111.871369,11.931656,326.191162,-467.771192
-130.847154,144.442246,-282.006586,405.613865,-67.394279,-230.004401,-583.045844,299.845986
42.098509,11.131965,111.871369,-67.394279,31.881249,-100.582474,88.920063,-52.772518
-706.624500,-1530.146208,11.931656,-230.004401,-100.582474,5420.530782,-939.901891,-49.600489
-1475.244737,-1680.901803,326.191162,-583.045844,88.920063,-939.901891,5881.404404,-676.782162
541.159444,-254.791587,-467.771192,299.845986,-52.772518,-49.600489,-676.782162,3614.076311
