5115.648913,-675.870924,-726.190885,-10.144223,-2.220393,-50.432115,-416.518771,344.879654
-675.870924,3794.852239,-530.223054,104.731132,-15.777107,-468.930344,-603.357773,73.052625
-726.190885,-530.223054,2043.667354,-75.555120,29.490359,96.954173,112.223604,-253.293848
-10.144223,104.731132,-75.555120,234.004686,-21.882865,-91.176123,-186.906129,134.305726
-2.220393,-15.777107,29.490359,-21.882865,17.193964,-7.461510,25.874175,-19.846925
-50.432115,-468.930344,96.954173,-91.176123,-7.461510,2574.311391,-326.843818,30.088271
-416.518771,-603.357773,112.223604,-186.906129,25.874175,-326.843818,3503.304158,-507.016899
344.879654,73.052625,-253.293848,134.305726,-19.846925,30.088271,-507.016899,2478.794033
