4.240402,-0.432241,0.206979,0.011234,9.359112,0.077591,-0.030128,-0.056779
-0.432241,220.454054,-0.231452,-0.076024,-450.632707,-0.311784,2.917826,-2.697973
0.206979,-0.231452,7.276395,0.017192,28.325371,0.245756,0.038456,-0.271183
0.011234,-0.076024,0.017192,0.350905,-3.302915,-0.022207,-0.014320,-0.301562
9.359112,-450.632707,28.325371,-3.302915,882819.032534,8.481590,189.456648,-528.688987
0.077591,-0.311784,0.245756,-0.022207,8.481590,18.968035,-0.371791,0.258627
-0.030128,2.917826,0.038456,-0.014320,189.456648,-0.371791,269.904374,-13.714897
-0.056779,-2.697973,-0.271183,-0.301562,-528.688987,0.258627,-13.714897,3001.640532
