0.009950,-0.000191,0.000051,0.000021,0.000019,-0.000001,-0.000225,-0.000212
-0.000191,0.081362,-0.000003,-0.000049,-0.000184,-0.000004,0.000465,-0.000902
0.000051,-0.000003,0.000284,0.000016,0.000003,-0.000000,0.000007,0.000038
0.000021,-0.000049,0.000016,0.000190,-0.000003,-0.000000,-0.000012,0.000034
0.000019,-0.000184,0.000003,-0.000003,0.000692,0.000000,-0.000057,0.000197
-0.000001,-0.000004,-0.000000,-0.000000,0.000000,0.000001,-0.000003,0.000002
-0.000225,0.000465,0.000007,-0.000012,-0.000057,-0.000003,0.038370,-0.003334
-0.000212,-0.000902,0.000038,0.000034,0.000197,0.000002,-0.003334,0.058908
