0.153196,-0.009497,-0.003594,-0.009882,0.000982,-0.001741,-0.004608,0.003942,0.002774,-0.000705,-0.011778,-0.001001,0.003404,0.008410,-0.002602,0.008503,-0.003701,-0.007677
-0.009497,0.155732,0.005768,0.003881,-0.001041,-0.001083,-0.003987,0.002150,-0.002251,0.002589,-0.002318,0.001132,0.000766,-0.000710,-0.003135,-0.007777,0.006686,0.009040
-0.003594,0.005768,0.150658,0.010556,-0.008724,-0.001469,0.005789,0.005235,0.000555,0.014017,0.005663,0.001353,-0.002531,0.005709,0.002762,0.004398,0.002230,0.004124
-0.009882,0.003881,0.010556,0.151080,0.005746,0.001268,0.000632,0.002624,0.002778,-0.006838,0.003230,-0.002950,-0.001896,0.005080,-0.004761,-0.004979,-0.004584,-0.014363
0.000982,-0.001041,-0.008724,0.005746,0.148152,-0.000022,0.000686,0.013972,0.004864,-0.004095,0.012000,-0.000343,-0.001410,0.004658,-0.008337,-0.008297,0.004448,-0.000682
-0.001741,-0.001083,-0.001469,0.001268,-0.000022,0.088700,-0.002658,-0.003376,-0.003658,0.003711,0.004433,0.000563,-0.000615,0.000926,0.003294,-0.004171,0.000329,0.001291
-0.004608,-0.003987,0.005789,0.000632,0.000686,-0.002658,0.084889,-0.004055,-0.003469,-0.008338,-0.006342,0.005211,-0.000888,0.000646,-0.000916,0.000903,0.002035,-0.000162
0.003942,0.002150,0.005235,0.002624,0.013972,-0.003376,-0.004055,0.149636,-0.004019,0.008542,-0.006738,0.000565,0.000140,-0.006710,0.004366,0.003489,0.001391,0.001238
0.002774,-0.002251,0.000555,0.002778,0.004864,-0.003658,-0.003469,-0.004019,0.151162,0.000413,-0.002281,-0.000150,-0.013004,-0.005931,0.003596,-0.000355,0.002972,0.010804
-0.000705,0.002589,0.014017,-0.006838,-0.004095,0.003711,-0.008338,0.008542,0.000413,0.146748,-0.006851,-0.003971,-0.001254,-0.002619,-0.001847,0.003256,0.002150,0.002252
-0.011778,-0.002318,0.005663,0.003230,0.012000,0.004433,-0.006342,-0.006738,-0.002281,-0.006851,0.154436,-0.005646,0.000591,0.012922,-0.000546,0.005152,0.003259,-0.013245
-0.001001,0.001132,0.001353,-0.002950,-0.000343,0.000563,0.005211,0.000565,-0.000150,-0.003971,-0.005646,0.156148,0.005353,-0.000536,0.003420,-0.001315,0.002235,-0.000001
0.003404,0.000766,-0.002531,-0.001896,-0.001410,-0.000615,-0.000888,0.000140,-0.013004,-0.001254,0.000591,0.005353,0.153108,-0.001661,-0.002590,-0.002621,0.004932,0.007009
0.008410,-0.000710,0.005709,0.005080,0.004658,0.000926,0.000646,-0.006710,-0.005931,-0.002619,0.012922,-0.000536,-0.001661,0.156127,-0.001730,0.003737,-0.001785,-0.006689
-0.002602,-0.003135,0.002762,-0.004761,-0.008337,0.003294,-0.000916,0.004366,0.003596,-0.001847,-0.000546,0.003420,-0.002590,-0.001730,0.112348,-0.004721,0.000217,-0.001197
0.008503,-0.007777,0.004398,-0.004979,-0.008297,-0.004171,0.000903,0.003489,-0.000355,0.003256,0.005152,-0.001315,-0.002621,0.003737,-0.004721,0.151132,-0.001916,-0.000126
-0.003701,0.006686,0.002230,-0.004584,0.004448,0.000329,0.002035,0.001391,0.002972,0.002150,0.003259,0.002235,0.004932,-0.001785,0.000217,-0.001916,0.117883,0.003787
-0.007677,0.009040,0.004124,-0.014363,-0.000682,0.001291,-0.000162,0.001238,0.010804,0.002252,-0.013245,-0.000001,0.007009,-0.006689,-0.001197,-0.000126,0.003787,0.156064
