0.160253,-0.015250,-0.007925,-0.006255,0.001899,0.003039,0.003397,0.002478,0.000710,0.005987,-0.002230,0.004878,-0.000429,0.003308,-0.002770,0.001803,-0.004147,-0.001841
-0.015250,0.159812,0.003460,0.007701,-0.003261,-0.004900,-0.003110,0.005602,-0.005403,-0.001786,0.001597,-0.000722,-0.002569,-0.002040,-0.005497,-0.006464,-0.003110,0.001183
-0.007925,0.003460,0.154917,0.000647,-0.012539,-0.001154,0.001886,-0.004292,-0.007150,0.014357,0.010134,0.003693,-0.002216,0.004644,0.003201,0.005657,-0.003030,0.005114
-0.006255,0.007701,0.000647,0.150130,0.012197,0.004539,0.001240,-0.000352,0.002830,-0.002859,0.008597,-0.005693,0.002224,0.003655,0.000635,-0.001791,-0.002926,-0.007884
0.001899,-0.003261,-0.012539,0.012197,0.150707,-0.000548,0.004612,0.005581,-0.003450,0.008352,0.013171,-0.000452,-0.000623,0.007956,-0.012280,-0.018652,-0.000791,0.002234
0.003039,-0.004900,-0.001154,0.004539,-0.000548,0.084859,0.005134,-0.007681,0.003956,0.011130,0.005724,0.005906,0.002406,0.000660,-0.000851,-0.000956,0.001630,0.004647
0.003397,-0.003110,0.001886,0.001240,0.004612,0.005134,0.083219,-0.011215,-0.005451,-0.002407,-0.006587,0.003128,0.006870,-0.000256,-0.006270,0.003346,0.000627,-0.002352
0.002478,0.005602,-0.004292,-0.000352,0.005581,-0.007681,-0.011215,0.152182,-0.004687,0.001805,-0.002705,-0.002441,-0.003305,-0.002980,0.014476,0.008319,0.003462,0.001716
0.000710,-0.005403,-0.007150,0.002830,-0.003450,0.003956,-0.005451,-0.004687,0.149580,-0.001258,-0.007992,0.006735,0.003206,0.001886,0.005402,-0.001760,0.000489,0.002509
0.005987,-0.001786,0.014357,-0.002859,0.008352,0.011130,-0.002407,0.001805,-0.001258,0.158051,-0.005338,-0.004268,-0.000909,-0.006537,-0.006176,-0.006696,0.001783,0.000964
-0.002230,0.001597,0.010134,0.008597,0.013171,0.005724,-0.006587,-0.002705,-0.007992,-0.005338,0.152848,-0.008283,0.000583,0.015255,0.006256,0.000947,0.003981,-0.011746
0.004878,-0.000722,0.003693,-0.005693,-0.000452,0.005906,0.003128,-0.002441,0.006735,-0.004268,-0.008283,0.160178,0.008395,0.008589,-0.001256,0.003746,0.006014,-0.009665
-0.000429,-0.002569,-0.002216,0.002224,-0.000623,0.002406,0.006870,-0.003305,0.003206,-0.000909,0.000583,0.008395,0.154111,0.008134,0.000448,0.004237,0.005843,0.009290
0.003308,-0.002040,0.004644,0.003655,0.007956,0.000660,-0.000256,-0.002980,0.001886,-0.006537,0.015255,0.008589,0.008134,0.155354,-0.004939,0.000556,-0.004988,-0.004131
-0.002770,-0.005497,0.003201,0.000635,-0.012280,-0.000851,-0.006270,0.014476,0.005402,-0.006176,0.006256,-0.001256,0.000448,-0.004939,0.120225,-0.002842,0.002746,-0.000637
0.001803,-0.006464,0.005657,-0.001791,-0.018652,-0.000956,0.003346,0.008319,-0.001760,-0.006696,0.000947,0.003746,0.004237,0.000556,-0.002842,0.154717,-0.003611,-0.002716
-0.004147,-0.003110,-0.003030,-0.002926,-0.000791,0.001630,0.000627,0.003462,0.000489,0.001783,0.003981,0.006014,0.005843,-0.004988,0.002746,-0.003611,0.115299,-0.002636
-0.001841,0.001183,0.005114,-0.007884,0.002234,0.004647,-0.002352,0.001716,0.002509,0.000964,-0.011746,-0.009665,0.009290,-0.004131,-0.000637,-0.002716,-0.002636,0.151419
