0.153421,-0.009512,-0.003604,-0.009910,0.000983,-0.001748,-0.004638,0.003952,0.002786,-0.000707,-0.011786,-0.001004,0.003409,0.008416,-0.002611,0.008530,-0.003704,-0.007685
-0.009512,0.156007,0.005783,0.003910,-0.001046,-0.001087,-0.004015,0.002157,-0.002263,0.002592,-0.002323,0.001138,0.000769,-0.000716,-0.003136,-0.007807,0.006695,0.009051
-0.003604,0.005783,0.151125,0.010600,-0.008746,-0.001475,0.005830,0.005251,0.000542,0.014039,0.005674,0.001358,-0.002535,0.005720,0.002771,0.004415,0.002233,0.004134
-0.009910,0.003910,0.010600,0.151643,0.005764,0.001269,0.000632,0.002634,0.002782,-0.006845,0.003238,-0.002972,-0.001910,0.005088,-0.004776,-0.005004,-0.004599,-0.014394
0.000983,-0.001046,-0.008746,0.005764,0.148423,-0.000021,0.000690,0.014004,0.004884,-0.004101,0.012012,-0.000343,-0.001418,0.004660,-0.008348,-0.008324,0.004453,-0.000683
-0.001748,-0.001087,-0.001475,0.001269,-0.000021,0.089295,-0.002682,-0.003393,-0.003684,0.003723,0.004448,0.000567,-0.000614,0.000927,0.003305,-0.004197,0.000331,0.001296
-0.004638,-0.004015,0.005830,0.000632,0.000690,-0.002682,0.085858,-0.004084,-0.003499,-0.008387,-0.006378,0.005250,-0.000889,0.000649,-0.000925,0.000910,0.002048,-0.000162
0.003952,0.002157,0.005251,0.002634,0.014004,-0.003393,-0.004084,0.150063,-0.004040,0.008553,-0.006748,0.000567,0.000142,-0.006717,0.004380,0.003503,0.001394,0.001240
0.002786,-0.002263,0.000542,0.002782,0.004884,-0.003684,-0.003499,-0.004040,0.151783,0.000404,-0.002278,-0.000147,-0.013070,-0.005926,0.003598,-0.000351,0.002978,0.010817
-0.000707,0.002592,0.014039,-0.006845,-0.004101,0.003723,-0.008387,0.008553,0.000404,0.146790,-0.006852,-0.003977,-0.001252,-0.002622,-0.001842,0.003261,0.002151,0.002256
-0.011786,-0.002323,0.005674,0.003238,0.012012,0.004448,-0.006378,-0.006748,-0.002278,-0.006852,0.154434,-0.005656,0.000594,0.012921,-0.000546,0.005159,0.003259,-0.013248
-0.001004,0.001138,0.001358,-0.002972,-0.000343,0.000567,0.005250,0.000567,-0.000147,-0.003977,-0.005656,0.156805,0.005382,-0.000536,0.003427,-0.001322,0.002243,-0.000002
0.003409,0.000769,-0.002535,-0.001910,-0.001418,-0.000614,-0.000889,0.000142,-0.013070,-0.001252,0.000594,0.005382,0.153777,-0.001660,-0.002597,-0.002630,0.004947,0.007029
0.008416,-0.000716,0.005720,0.005088,0.004660,0.000927,0.000649,-0.006717,-0.005926,-0.002622,0.012921,-0.000536,-0.001660,0.156072,-0.001729,0.003742,-0.001783,-0.006688
-0.002611,-0.003136,0.002771,-0.004776,-0.008348,0.003305,-0.000925,0.004380,0.003598,-0.001842,-0.000546,0.003427,-0.002597,-0.001729,0.112520,-0.004733,0.000220,-0.001195
0.008530,-0.007807,0.004415,-0.005004,-0.008324,-0.004197,0.000910,0.003503,-0.000351,0.003261,0.005159,-0.001322,-0.002630,0.003742,-0.004733,0.151899,-0.001924,-0.000127
-0.003704,0.006695,0.002233,-0.004599,0.004453,0.000331,0.002048,0.001394,0.002978,0.002151,0.003259,0.002243,0.004947,-0.001783,0.000220,-0.001924,0.118040,0.003789
-0.007685,0.009051,0.004134,-0.014394,-0.000683,0.001296,-0.000162,0.001240,0.010817,0.002256,-0.013248,-0.000002,0.007029,-0.006688,-0.001195,-0.000127,0.003789,0.156158
