0.000000,0.000000,0.000000,0.000000,0.000000,0.000000,0.000000,0.000000
0.000000,0.061148,-0.000634,-0.000253,-0.002311,0.000000,0.000571,-0.005290
0.000000,-0.000634,0.000279,0.000177,-0.000036,0.000000,0.000421,-0.000105
0.000000,-0.000253,0.000177,0.000162,-0.000027,0.000000,0.000214,0.000036
0.000000,-0.002311,-0.000036,-0.000027,0.000948,0.000000,-0.000755,0.000610
0.000000,0.000000,0.000000,0.000000,0.000000,0.000000,0.000000,0.000000
0.000000,0.000571,0.000421,0.000214,-0.000755,0.000000,0.051356,-0.041741
0.000000,-0.005290,-0.000105,0.000036,0.000610,0.000000,-0.041741,0.039740
