0.704887,-0.001232,0.008043,0.362029,-0.000080,-0.134932,3.416495,0.000697,-0.053826,-0.001378,-0.118012
-0.001232,0.010481,0.000662,-0.002805,0.000232,-0.039239,0.354588,0.000011,-0.000560,-0.000427,0.009451
0.008043,0.000662,0.007503,0.039640,0.000195,0.101639,0.473775,0.000047,-0.001660,-0.000004,-0.011788
0.362029,-0.002805,0.039640,14.841059,-0.001482,6.302062,41.671023,0.008081,-0.085907,-0.005592,-1.244676
-0.000080,0.000232,0.000195,-0.001482,0.000386,0.002099,0.032858,0.000003,-0.000296,-0.000070,-0.002904
-0.134932,-0.039239,0.101639,6.302062,0.002099,146.771786,209.622153,0.007274,-0.085281,0.053464,-2.619032
3.416495,0.354588,0.473775,41.671023,0.032858,209.622153,1829.891977,0.067982,0.012079,0.607554,-18.833703
0.000697,0.000011,0.000047,0.008081,0.000003,0.007274,0.067982,0.000009,-0.000040,0.000024,-0.002152
-0.053826,-0.000560,-0.001660,-0.085907,-0.000296,-0.085281,0.012079,-0.000040,0.022749,0.002802,0.008786
-0.001378,-0.000427,-0.000004,-0.005592,-0.000070,0.053464,0.607554,0.000024,0.002802,0.013326,-0.003772
-0.118012,0.009451,-0.011788,-1.244676,-0.002904,-2.619032,-18.833703,-0.002152,0.008786,-0.003772,1.198429
