0.732425,0.000093,-0.018132,0.043529,-0.022824,0.004904
0.000093,0.000156,-0.000158,0.001185,-0.000360,-0.000027
-0.018132,-0.000158,0.018809,0.003819,0.012482,0.000240
0.043529,0.001185,0.003819,0.292580,-0.007894,-0.005547
-0.022824,-0.000360,0.012482,-0.007894,0.026303,-0.000000
0.004904,-0.000027,0.000240,-0.005547,-0.000000,0.010337
