0.031037,-0.000500,-0.003263,0.003205,-0.003839,0.000678
-0.000500,0.030021,-0.001691,0.006822,-0.003756,-0.002834
-0.003263,-0.001691,0.030310,0.005313,0.015412,0.000049
0.003205,0.006822,0.005313,0.045754,-0.003749,0.001093
-0.003839,-0.003756,0.015412,-0.003749,0.031882,-0.002214
0.000678,-0.002834,0.000049,0.001093,-0.002214,0.098779
