0.009658,0.002622,-0.000517,0.000686,0.000113,-0.000062,0.000320,-0.000504
0.002622,0.007518,-0.000633,0.000565,0.000136,-0.000062,0.000046,-0.000292
-0.000517,-0.000633,0.003355,0.000102,-0.000002,0.000046,-0.000054,0.000054
0.000686,0.000565,0.000102,0.009864,-0.000041,-0.000072,-0.000476,0.000089
0.000113,0.000136,-0.000002,-0.000041,0.000671,-0.000003,0.000018,0.000034
-0.000062,-0.000062,0.000046,-0.000072,-0.000003,0.003255,0.000077,-0.000004
0.000320,0.000046,-0.000054,-0.000476,0.000018,0.000077,0.001762,0.000142
-0.000504,-0.000292,0.000054,0.000089,0.000034,-0.000004,0.000142,0.006221
