0.113254,-0.005445,0.014755,-0.004472,0.010689,-0.000965,0.002859,-0.000818,-0.005067,0.004668,-0.010552,-0.004941,-0.013976,-0.002548,-0.008320,-0.003097,0.007614,0.001934
-0.005445,0.104136,0.001064,0.003046,-0.001587,0.002414,0.004322,0.000547,0.002543,-0.003730,-0.000590,-0.007796,-0.000250,0.001856,-0.000369,-0.002806,-0.001632,-0.011221
0.014755,0.001064,0.107767,-0.004788,0.005806,0.007022,0.001679,0.004612,0.000484,0.001426,0.004930,-0.005929,-0.007650,0.005643,-0.007439,-0.003355,0.001221,-0.006519
-0.004472,0.003046,-0.004788,0.111780,0.003404,0.006065,0.004333,0.012980,0.001330,0.001705,0.001513,0.001093,-0.002819,-0.003721,-0.000423,0.006627,0.001967,-0.004244
0.010689,-0.001587,0.005806,0.003404,0.113199,0.005583,0.005066,0.000382,-0.000961,-0.000926,0.000216,0.001006,0.005064,-0.007755,-0.002564,-0.003188,0.003980,0.003408
-0.000965,0.002414,0.007022,0.006065,0.005583,0.109804,0.003139,-0.006607,0.002472,-0.004625,0.004293,0.003628,-0.002243,-0.001980,-0.005153,0.005045,0.005176,-0.005576
0.002859,0.004322,0.001679,0.004333,0.005066,0.003139,0.110042,-0.004389,-0.004558,-0.000423,-0.001245,-0.001084,0.004325,0.004128,0.002252,0.003857,0.001680,0.002846
-0.000818,0.000547,0.004612,0.012980,0.000382,-0.006607,-0.004389,0.118250,0.000097,-0.001767,0.001465,0.002941,-0.000814,0.007878,-0.002390,0.003890,-0.002393,0.005435
-0.005067,0.002543,0.000484,0.001330,-0.000961,0.002472,-0.004558,0.000097,0.114300,0.002882,0.004026,0.004420,-0.003781,-0.001748,-0.006552,-0.003087,0.008437,-0.009049
0.004668,-0.003730,0.001426,0.001705,-0.000926,-0.004625,-0.000423,-0.001767,0.002882,0.108417,0.000152,0.005077,0.003250,-0.000498,0.002865,-0.007617,0.003538,-0.000264
-0.010552,-0.000590,0.004930,0.001513,0.000216,0.004293,-0.001245,0.001465,0.004026,0.000152,0.114079,-0.003380,0.000684,-0.002789,0.000224,0.006077,0.005829,-0.001876
-0.004941,-0.007796,-0.005929,0.001093,0.001006,0.003628,-0.001084,0.002941,0.004420,0.005077,-0.003380,0.111618,0.001308,0.007166,-0.000542,0.003035,0.001331,0.003461
-0.013976,-0.000250,-0.007650,-0.002819,0.005064,-0.002243,0.004325,-0.000814,-0.003781,0.003250,0.000684,0.001308,0.104766,0.008406,0.006757,-0.003172,-0.004332,-0.002680
-0.002548,0.001856,0.005643,-0.003721,-0.007755,-0.001980,0.004128,0.007878,-0.001748,-0.000498,-0.002789,0.007166,0.008406,0.111054,0.000328,0.003698,-0.001753,0.000436
-0.008320,-0.000369,-0.007439,-0.000423,-0.002564,-0.005153,0.002252,-0.002390,-0.006552,0.002865,0.000224,-0.000542,0.006757,0.000328,0.111767,-0.005679,-0.001146,-0.007037
-0.003097,-0.002806,-0.003355,0.006627,-0.003188,0.005045,0.003857,0.003890,-0.003087,-0.007617,0.006077,0.003035,-0.003172,0.003698,-0.005679,0.105719,-0.001652,0.000843
0.007614,-0.001632,0.001221,0.001967,0.003980,0.005176,0.001680,-0.002393,0.008437,0.003538,0.005829,0.001331,-0.004332,-0.001753,-0.001146,-0.001652,0.109500,-0.004700
0.001934,-0.011221,-0.006519,-0.004244,0.003408,-0.005576,0.002846,0.005435,-0.009049,-0.000264,-0.001876,0.003461,-0.002680,0.000436,-0.007037,0.000843,-0.004700,0.113764
