0.002705,0.002153,0.000029,-0.000220,0.000000,-0.000005,-0.000028,-0.000034
0.002153,0.015257,-0.000318,-0.000141,0.000000,0.000001,0.000602,-0.001488
0.000029,-0.000318,0.000601,0.000172,0.000000,0.000003,-0.000295,-0.000190
-0.000220,-0.000141,0.000172,0.004199,0.000000,-0.000007,-0.000315,0.000025
0.000000,0.000000,0.000000,0.000000,0.000000,0.000000,0.000000,0.000000
-0.000005,0.000001,0.000003,-0.000007,0.000000,0.000260,0.000028,-0.000008
-0.000028,0.000602,-0.000295,-0.000315,0.000000,0.000028,0.003214,0.000559
-0.000034,-0.001488,-0.000190,0.000025,0.000000,-0.000008,0.000559,0.011538
