0.002586,0.002068,0.000012,-0.000302,0.000000,-0.000011,-0.000064,-0.000228
0.002068,0.015687,-0.000318,-0.000018,0.000000,0.000030,0.000525,-0.001498
0.000012,-0.000318,0.000630,0.000087,0.000000,0.000004,-0.000182,-0.000128
-0.000302,-0.000018,0.000087,0.003800,0.000000,-0.000001,-0.000270,-0.000076
0.000000,0.000000,0.000000,0.000000,0.000000,0.000000,0.000000,0.000000
-0.000011,0.000030,0.000004,-0.000001,0.000000,0.000291,0.000034,0.000008
-0.000064,0.000525,-0.000182,-0.000270,0.000000,0.000034,0.003075,0.000451
-0.000228,-0.001498,-0.000128,-0.000076,0.000000,0.000008,0.000451,0.011133
