0.002656,0.002179,0.000010,-0.000226,0.000000,-0.000012,0.000018,-0.000190
0.002179,0.015175,-0.000420,-0.000249,0.000000,0.000028,0.000684,-0.001629
0.000010,-0.000420,0.000783,0.000305,0.000000,0.000005,-0.000365,-0.000255
-0.000226,-0.000249,0.000305,0.004449,0.000000,-0.000021,-0.000470,-0.000092
0.000000,0.000000,0.000000,0.000000,0.000000,0.000000,0.000000,0.000000
-0.000012,0.000028,0.000005,-0.000021,0.000000,0.000222,0.000033,0.000006
0.000018,0.000684,-0.000365,-0.000470,0.000000,0.000033,0.003398,0.000615
-0.000190,-0.001629,-0.000255,-0.000092,0.000000,0.000006,0.000615,0.012590
