0.003299,0.002820,0.000004,-0.000344,0.000000,-0.000008,-0.000143,-0.000342
0.002820,0.021045,-0.000695,-0.000550,0.000000,0.000053,0.001216,-0.001627
0.000004,-0.000695,0.001321,0.000362,0.000000,0.000009,-0.000656,-0.000396
-0.000344,-0.000550,0.000362,0.003815,0.000000,0.000007,-0.000739,-0.000208
0.000000,0.000000,0.000000,0.000000,0.000000,0.000000,0.000000,0.000000
-0.000008,0.000053,0.000009,0.000007,0.000000,0.000334,0.000022,0.000004
-0.000143,0.001216,-0.000656,-0.000739,0.000000,0.000022,0.005940,0.000907
-0.000342,-0.001627,-0.000396,-0.000208,0.000000,0.000004,0.000907,0.012456
