2.421181,-0.023716,0.185570,0.158599,0.040997,-0.001808
-0.023716,0.015338,0.010031,0.010390,-0.003691,-0.001574
0.185570,0.010031,1.125316,0.117301,0.015872,0.008528
0.158599,0.010390,0.117301,1.010521,-0.002846,-0.001863
0.040997,-0.003691,0.015872,-0.002846,0.536405,0.007327
-0.001808,-0.001574,0.008528,-0.001863,0.007327,0.013648
