0.000317,0.000411,0.000494,0.000256,0.000428,0.000233,0.000276,0.000365,0.000406,0.000410,0.000530,0.000675,0.000508,0.000313,0.000688,0.000769,0.000457,0.000334,0.000279,0.000401,0.000383,-0.000296,-0.000755,-0.000650,-0.001050,-0.001550,-0.001351,-0.001278,-0.001121,-0.000579,0.000099,-0.000286,-0.000523,-0.000039,0.000007,0.000272,0.000307,0.000709,0.000756,0.000404,0.000338,0.000471,0.000213,0.000233,0.000651,0.000554,0.000241,0.000078,0.000126,0.000057,0.000030,0.000037,0.000018,0.000022,0.000036,0.000025,0.000030,0.000027,0.000034,0.000029
0.000411,0.000943,0.000908,0.000490,0.000785,0.000404,0.000534,0.000575,0.000347,0.000322,0.000496,0.001137,0.000883,0.000477,0.001070,0.001035,0.000118,-0.000313,-0.000574,-0.000857,-0.000721,-0.001606,-0.002090,-0.001358,-0.001499,-0.002686,-0.001814,-0.001052,-0.000665,-0.000273,0.000395,-0.000355,-0.001393,-0.000454,0.000183,0.000323,0.000296,0.000766,0.000775,0.000330,0.000696,0.000977,0.000525,0.000170,0.001177,0.001107,0.000720,0.000348,0.000260,0.000099,0.000082,0.000090,0.000044,0.000040,0.000070,0.000044,0.000043,0.000053,0.000060,0.000066
0.000494,0.000908,0.001469,0.000754,0.001125,0.000567,0.000566,0.000682,0.000716,0.000683,0.001059,0.001910,0.001360,0.000665,0.001583,0.001540,0.000991,-0.000080,-0.000017,-0.000152,-0.000644,-0.000745,-0.000453,0.000034,-0.001069,-0.002527,-0.002009,-0.001672,-0.001646,-0.000803,0.000031,-0.000688,-0.001662,-0.000387,-0.000364,0.000722,0.000494,0.000640,0.000324,0.000336,0.000966,0.001270,0.000594,0.000366,0.001218,0.001130,0.000600,0.000282,0.000232,0.000057,0.000084,0.000126,0.000046,0.000054,0.000080,0.000067,0.000052,0.000042,0.000066,0.000074
0.000256,0.000490,0.000754,0.001088,0.001212,0.000771,0.000629,0.000573,0.000673,0.000872,0.001166,0.001430,0.001447,0.001518,0.002226,0.002478,0.002218,0.001672,0.001499,0.000834,0.000817,0.000643,-0.000053,0.000061,-0.000705,-0.002113,-0.001865,-0.001927,-0.002362,-0.001512,-0.000398,-0.000637,-0.000943,-0.001122,-0.000647,0.000032,0.000626,0.000965,0.000127,0.000821,0.001518,0.001309,0.000428,0.000407,0.000938,0.000762,0.000545,0.000390,0.000274,0.000088,0.000074,0.000080,0.000050,0.000063,0.000081,0.000069,0.000075,0.000068,0.000088,0.000077
0.000428,0.000785,0.001125,0.001212,0.003039,0.001668,0.001064,0.000545,0.000610,0.001314,0.002056,0.002939,0.002512,0.001774,0.002625,0.003933,0.003415,0.003225,0.004344,0.003478,0.002733,0.002507,0.000731,-0.000054,-0.001485,-0.002183,-0.001597,-0.002501,-0.004274,-0.003335,-0.002622,-0.002268,-0.002181,-0.001937,-0.001767,-0.001264,-0.001156,0.000753,0.000146,0.000963,0.001209,0.001028,0.000468,0.000080,0.000795,0.000125,0.000339,0.000128,0.000247,0.000080,0.000112,0.000125,0.000093,0.000061,0.000063,0.000083,0.000047,0.000075,0.000134,0.000108
0.000233,0.000404,0.000567,0.000771,0.001668,0.003504,0.002092,0.002140,0.002306,0.003101,0.003038,0.003534,0.004096,0.004221,0.004940,0.005550,0.003441,0.001772,0.002053,0.001249,0.001669,0.001380,-0.000571,-0.000567,-0.001892,-0.001439,-0.000818,-0.001694,-0.002450,-0.000402,0.000916,0.000199,-0.000963,-0.000438,-0.000440,-0.001315,-0.001253,0.000046,0.000037,0.002225,0.002047,0.001539,0.001391,0.000946,0.002212,0.000088,-0.000051,0.000223,0.000132,0.000051,0.000128,0.000082,0.000073,0.000083,0.000013,0.000080,0.000056,0.000060,0.000093,0.000062
0.000276,0.000534,0.000566,0.000629,0.001064,0.002092,0.002989,0.002211,0.002312,0.002689,0.002965,0.002838,0.002952,0.004022,0.005017,0.004508,0.003611,0.003937,0.003828,0.001856,0.001812,0.002003,0.001107,0.002178,0.000621,-0.000708,-0.002394,-0.002347,-0.001799,-0.000741,-0.000758,-0.002042,-0.001634,-0.001372,-0.000942,-0.002201,-0.002015,-0.001079,-0.000478,0.001080,0.000033,-0.000223,0.000135,0.000240,0.000744,0.000073,0.000416,0.000497,0.000430,0.000108,0.000135,0.000066,0.000045,0.000050,-0.000016,0.000052,0.000040,0.000077,0.000084,0.000053
0.000365,0.000575,0.000682,0.000573,0.000545,0.002140,0.002211,0.004310,0.004523,0.004338,0.003840,0.002785,0.003039,0.003924,0.004671,0.004349,0.001590,0.000881,-0.000208,0.000252,0.000704,-0.000252,-0.002088,-0.001180,-0.002273,-0.002729,-0.002972,-0.002145,-0.000875,0.001568,0.002664,-0.000533,-0.001107,-0.001059,-0.000405,-0.000811,0.000231,0.000895,0.002571,0.003641,0.001568,0.000962,0.000905,0.001218,0.003316,0.001599,0.001129,0.000931,0.000547,0.000238,0.000119,0.000098,0.000038,0.000087,0.000057,0.000091,0.000062,0.000079,0.000059,0.000014
0.000406,0.000347,0.000716,0.000673,0.000610,0.002306,0.002312,0.004523,0.009529,0.009420,0.008515,0.006457,0.005924,0.005763,0.005918,0.005960,0.004409,0.003221,0.002136,0.004699,0.004814,0.001551,-0.002095,-0.002026,-0.000970,-0.000190,0.000092,0.000084,-0.001280,0.000341,0.002749,0.001408,0.000517,-0.002390,-0.003183,-0.001644,0.000977,0.001187,0.002751,0.002699,-0.000355,-0.001831,-0.000508,0.002524,0.004378,0.000979,0.000625,0.001413,0.000622,0.000170,0.000081,0.000009,-0.000024,0.000111,0.000064,0.000123,0.000121,0.000117,-0.000011,-0.000024
0.000410,0.000322,0.000683,0.000872,0.001314,0.003101,0.002689,0.004338,0.009420,0.012325,0.011009,0.007787,0.007472,0.005959,0.005317,0.005530,0.003126,0.001102,0.002190,0.004101,0.005075,0.002456,-0.000911,-0.001910,-0.001186,0.001714,0.002493,0.000921,-0.001689,-0.000785,0.001392,-0.000048,0.000054,-0.002789,-0.005116,-0.002852,-0.000081,0.001556,0.004299,0.004520,-0.000584,-0.001243,0.001460,0.004085,0.005647,0.001536,0.000909,0.001834,0.000930,0.000234,0.000171,0.000076,0.000009,0.000116,0.000072,0.000116,0.000124,0.000122,0.000023,-0.000008
0.000530,0.000496,0.001059,0.001166,0.002056,0.003038,0.002965,0.003840,0.008515,0.011009,0.013057,0.011706,0.010860,0.007744,0.006940,0.006010,0.004635,0.003852,0.005382,0.007358,0.008148,0.007002,0.002460,0.001129,0.000771,0.000814,0.001004,-0.000429,-0.003265,-0.003709,-0.001315,-0.001917,-0.002004,-0.004450,-0.008099,-0.005625,-0.003032,-0.001594,0.003788,0.004327,-0.000156,0.000131,0.002792,0.004223,0.005620,0.001257,0.000968,0.001585,0.000883,0.000201,0.000243,0.000089,0.000027,0.000128,0.000078,0.000118,0.000103,0.000112,0.000056,0.000023
0.000675,0.001137,0.001910,0.001430,0.002939,0.003534,0.002838,0.002785,0.006457,0.007787,0.011706,0.018704,0.016590,0.009118,0.008781,0.008508,0.008946,0.007994,0.009269,0.010705,0.008934,0.006307,0.001865,-0.001306,-0.000111,-0.004916,-0.002635,-0.002538,-0.004413,-0.005243,-0.002321,-0.000617,-0.003412,-0.004720,-0.010310,-0.008278,-0.006121,-0.002909,0.003839,0.002649,-0.000082,0.001704,0.003787,0.003895,0.005109,0.001031,0.001082,0.001475,0.000781,0.000220,0.000183,0.000188,0.000047,0.000128,0.000159,0.000186,0.000126,0.000072,0.000080,0.000065
0.000508,0.000883,0.001360,0.001447,0.002512,0.004096,0.002952,0.003039,0.005924,0.007472,0.010860,0.016590,0.019481,0.015221,0.014218,0.013205,0.013161,0.011071,0.011580,0.012906,0.011879,0.007534,0.002340,-0.002307,-0.002574,-0.004194,-0.003989,-0.006280,-0.007943,-0.007965,-0.004440,-0.002175,-0.005811,-0.007200,-0.010859,-0.009498,-0.008018,-0.004268,0.001786,0.002285,0.000037,0.002848,0.004208,0.004070,0.006144,0.001537,0.001421,0.001786,0.001096,0.000306,0.000296,0.000197,0.000073,0.000173,0.000204,0.000205,0.000139,0.000167,0.000123,0.000044
0.000313,0.000477,0.000665,0.001518,0.001774,0.004221,0.004022,0.003924,0.005763,0.005959,0.007744,0.009118,0.015221,0.024992,0.027609,0.024838,0.025381,0.022935,0.019420,0.018178,0.016272,0.010974,0.006836,0.002360,-0.003361,-0.004659,-0.009505,-0.012759,-0.013900,-0.010391,-0.008377,-0.007820,-0.009088,-0.010547,-0.009696,-0.012050,-0.009808,-0.006738,-0.002912,-0.000849,-0.002869,-0.000339,-0.000204,-0.000600,0.001170,-0.002337,-0.000431,0.000629,0.000526,0.000119,0.000359,0.000154,0.000105,0.000277,0.000181,0.000187,0.000198,0.000306,0.000217,0.000062
0.000688,0.001070,0.001583,0.002226,0.002625,0.004940,0.005017,0.004671,0.005918,0.005317,0.006940,0.008781,0.014218,0.027609,0.040750,0.039823,0.040739,0.034121,0.024785,0.020006,0.018945,0.012688,0.005791,-0.000915,-0.008208,-0.009005,-0.015541,-0.021341,-0.022351,-0.014616,-0.012886,-0.017247,-0.017784,-0.016911,-0.012433,-0.012451,-0.007659,-0.007760,-0.006505,-0.004324,-0.003807,-0.003112,-0.003318,-0.005366,-0.002555,-0.004131,-0.001429,-0.000791,-0.000158,-0.000021,0.000274,0.000136,0.000137,0.000349,0.000104,0.000123,0.000218,0.000235,0.000340,0.000158
0.000769,0.001035,0.001540,0.002478,0.003933,0.005550,0.004508,0.004349,0.005960,0.005530,0.006010,0.008508,0.013205,0.024838,0.039823,0.047619,0.050575,0.041505,0.031166,0.024297,0.023095,0.016469,0.005780,-0.002189,-0.008708,-0.011960,-0.017468,-0.025845,-0.029550,-0.017687,-0.013593,-0.017707,-0.017621,-0.015732,-0.009681,-0.007717,-0.004302,-0.004432,-0.005092,-0.003246,-0.002474,-0.002759,-0.003117,-0.004981,-0.001661,-0.003320,-0.001379,-0.000775,0.000157,0.000187,0.000198,0.000047,0.000103,0.000301,0.000162,0.000137,0.000266,0.000269,0.000437,0.000206
0.000457,0.000118,0.000991,0.002218,0.003415,0.003441,0.003611,0.001590,0.004409,0.003126,0.004635,0.008946,0.013161,0.025381,0.040739,0.050575,0.065070,0.056588,0.042298,0.032106,0.028985,0.023357,0.013115,0.002563,-0.003849,-0.011613,-0.018850,-0.028310,-0.031350,-0.020581,-0.017775,-0.019813,-0.017068,-0.016952,-0.011395,-0.007150,-0.004030,-0.007248,-0.008845,-0.006967,-0.006228,-0.006729,-0.007303,-0.007642,-0.006964,-0.006939,-0.004165,-0.002072,-0.000824,-0.000112,-0.000007,-0.000070,-0.000010,0.000246,0.000186,0.000046,0.000282,0.000234,0.000397,0.000169
0.000334,-0.000313,-0.000080,0.001672,0.003225,0.001772,0.003937,0.000881,0.003221,0.001102,0.003852,0.007994,0.011071,0.022935,0.034121,0.041505,0.056588,0.058505,0.049239,0.039320,0.034559,0.028473,0.016677,0.004916,-0.002454,-0.010542,-0.018640,-0.028119,-0.028851,-0.020365,-0.020005,-0.019922,-0.013320,-0.015087,-0.010583,-0.009982,-0.006491,-0.007953,-0.008093,-0.005546,-0.006859,-0.007343,-0.007580,-0.008002,-0.010269,-0.008319,-0.004060,-0.001927,-0.000587,0.000028,-0.000038,-0.000118,0.000016,0.000177,0.000078,0.000045,0.000244,0.000255,0.000338,0.000115
0.000279,-0.000574,-0.000017,0.001499,0.004344,0.002053,0.003828,-0.000208,0.002136,0.002190,0.005382,0.009269,0.011580,0.019420,0.024785,0.031166,0.042298,0.049239,0.058834,0.053283,0.044513,0.034572,0.020639,0.009963,0.000838,-0.006036,-0.013066,-0.023290,-0.022978,-0.020004,-0.024047,-0.022659,-0.013566,-0.014469,-0.014387,-0.019157,-0.013187,-0.010417,-0.007976,-0.006076,-0.009950,-0.007806,-0.007243,-0.006367,-0.008735,-0.007691,-0.003502,-0.002271,-0.000766,0.000134,0.000013,0.000008,0.000072,0.000123,0.000065,0.000117,0.000195,0.000239,0.000250,0.000018
0.000401,-0.000857,-0.000152,0.000834,0.003478,0.001249,0.001856,0.000252,0.004699,0.004101,0.007358,0.010705,0.012906,0.018178,0.020006,0.024297,0.032106,0.039320,0.053283,0.061943,0.056712,0.041282,0.023408,0.010852,0.001377,-0.001814,-0.007890,-0.019713,-0.021930,-0.022080,-0.026007,-0.022073,-0.013890,-0.014062,-0.018821,-0.022112,-0.014763,-0.009550,-0.004153,-0.008761,-0.014068,-0.008504,-0.008102,-0.005110,-0.004833,-0.007223,-0.004191,-0.002371,-0.000731,0.000206,0.000038,-0.000030,0.000029,0.000182,0.000139,0.000152,0.000174,0.000188,-0.000015,-0.000114
0.000383,-0.000721,-0.000644,0.000817,0.002733,0.001669,0.001812,0.000704,0.004814,0.005075,0.008148,0.008934,0.011879,0.016272,0.018945,0.023095,0.028985,0.034559,0.044513,0.056712,0.062866,0.049586,0.027108,0.013475,0.004695,0.005441,-0.002389,-0.017283,-0.021028,-0.021392,-0.024512,-0.022069,-0.016421,-0.014066,-0.017471,-0.020687,-0.014635,-0.008612,-0.004099,-0.008002,-0.013249,-0.008452,-0.006591,-0.003792,-0.001759,-0.005176,-0.003861,-0.002418,-0.000576,0.000326,0.000175,-0.000140,-0.000023,0.000197,0.000116,0.000111,0.000160,0.000168,-0.000099,-0.000095
-0.000296,-0.001606,-0.000745,0.000643,0.002507,0.001380,0.002003,-0.000252,0.001551,0.002456,0.007002,0.006307,0.007534,0.010974,0.012688,0.016469,0.023357,0.028473,0.034572,0.041282,0.049586,0.058195,0.043225,0.029512,0.016754,0.015876,0.006263,-0.010862,-0.018341,-0.017974,-0.018618,-0.015208,-0.013764,-0.013260,-0.017014,-0.018074,-0.016422,-0.014154,-0.012770,-0.010640,-0.011130,-0.008051,-0.005572,-0.004186,-0.004017,-0.005177,-0.002724,-0.002621,-0.000916,0.000250,0.000255,-0.000077,-0.000026,0.000092,-0.000127,-0.000009,-0.000011,0.000035,-0.000145,-0.000068
-0.000755,-0.002090,-0.000453,-0.000053,0.000731,-0.000571,0.001107,-0.002088,-0.002095,-0.000911,0.002460,0.001865,0.002340,0.006836,0.005791,0.005780,0.013115,0.016677,0.020639,0.023408,0.027108,0.043225,0.047424,0.038605,0.025940,0.024091,0.013332,0.000148,-0.008974,-0.012857,-0.015118,-0.010261,-0.011349,-0.012673,-0.015259,-0.013495,-0.015233,-0.015637,-0.016294,-0.014196,-0.011499,-0.007307,-0.004633,-0.003871,-0.008210,-0.005827,-0.002839,-0.002778,-0.001315,-0.000216,0.000123,0.000020,-0.000062,0.000018,-0.000263,-0.000114,-0.000133,-0.000083,-0.000179,-0.000123
-0.000650,-0.001358,0.000034,0.000061,-0.000054,-0.000567,0.002178,-0.001180,-0.002026,-0.001910,0.001129,-0.001306,-0.002307,0.002360,-0.000915,-0.002189,0.002563,0.004916,0.009963,0.010852,0.013475,0.029512,0.038605,0.046260,0.036842,0.028410,0.018711,0.008765,0.000584,-0.004340,-0.007235,-0.006680,-0.008946,-0.010029,-0.011488,-0.013755,-0.015375,-0.016640,-0.017776,-0.014413,-0.011175,-0.007679,-0.004281,-0.001327,-0.005012,-0.003764,-0.002142,-0.002109,-0.001146,-0.000483,0.000062,-0.000059,-0.000151,-0.000103,-0.000344,-0.000109,-0.000169,-0.000124,-0.000192,-0.000097
-0.001050,-0.001499,-0.001069,-0.000705,-0.001485,-0.001892,0.000621,-0.002273,-0.000970,-0.001186,0.000771,-0.000111,-0.002574,-0.003361,-0.008208,-0.008708,-0.003849,-0.002454,0.000838,0.001377,0.004695,0.016754,0.025940,0.036842,0.041792,0.035097,0.028959,0.021672,0.010909,0.001476,-0.001366,-0.001109,-0.005713,-0.010140,-0.010544,-0.013554,-0.013770,-0.014793,-0.014029,-0.012215,-0.010082,-0.007557,-0.003066,0.000268,-0.003941,-0.002870,-0.001518,-0.001178,-0.001061,-0.000505,-0.000173,-0.000272,-0.000282,-0.000282,-0.000397,-0.000180,-0.000198,-0.000193,-0.000299,-0.000178
-0.001550,-0.002686,-0.002527,-0.002113,-0.002183,-0.001439,-0.000708,-0.002729,-0.000190,0.001714,0.000814,-0.004916,-0.004194,-0.004659,-0.009005,-0.011960,-0.011613,-0.010542,-0.006036,-0.001814,0.005441,0.015876,0.024091,0.028410,0.035097,0.049640,0.043389,0.031234,0.015476,0.005306,-0.000434,0.001031,-0.003518,-0.010962,-0.014253,-0.016846,-0.015355,-0.014608,-0.016059,-0.013225,-0.010829,-0.008127,-0.001793,0.000015,-0.003537,-0.001896,-0.001804,-0.001446,-0.001391,-0.000576,-0.000154,-0.000353,-0.000311,-0.000369,-0.000566,-0.000281,-0.000356,-0.000284,-0.000515,-0.000365
-0.001351,-0.001814,-0.002009,-0.001865,-0.001597,-0.000818,-0.002394,-0.002972,0.000092,0.002493,0.001004,-0.002635,-0.003989,-0.009505,-0.015541,-0.017468,-0.018850,-0.018640,-0.013066,-0.007890,-0.002389,0.006263,0.013332,0.018711,0.028959,0.043389,0.050862,0.041074,0.021541,0.010116,0.006014,0.005495,-0.003058,-0.010240,-0.012793,-0.013545,-0.009173,-0.009585,-0.010744,-0.011597,-0.009543,-0.007024,-0.001203,0.000691,-0.002014,-0.002485,-0.002590,-0.001297,-0.001782,-0.000655,-0.000224,-0.000172,-0.000249,-0.000404,-0.000488,-0.000317,-0.000290,-0.000347,-0.000522,-0.000337
-0.001278,-0.001052,-0.001672,-0.001927,-0.002501,-0.001694,-0.002347,-0.002145,0.000084,0.000921,-0.000429,-0.002538,-0.006280,-0.012759,-0.021341,-0.025845,-0.028310,-0.028119,-0.023290,-0.019713,-0.017283,-0.010862,0.000148,0.008765,0.021672,0.031234,0.041074,0.050225,0.039328,0.023460,0.014803,0.015552,0.005442,-0.003000,-0.006930,-0.009243,-0.006712,-0.004784,-0.002648,-0.006553,-0.004919,-0.002444,0.000908,0.004397,0.002892,0.000975,0.000488,0.001085,-0.000688,-0.000491,0.000008,-0.000054,-0.000218,-0.000400,-0.000330,-0.000240,-0.000317,-0.000311,-0.000484,-0.000307
-0.001121,-0.000665,-0.001646,-0.002362,-0.004274,-0.002450,-0.001799,-0.000875,-0.001280,-0.001689,-0.003265,-0.004413,-0.007943,-0.013900,-0.022351,-0.029550,-0.031350,-0.028851,-0.022978,-0.021930,-0.021028,-0.018341,-0.008974,0.000584,0.010909,0.015476,0.021541,0.039328,0.049377,0.036914,0.023012,0.018576,0.011840,0.006499,0.000645,-0.004757,-0.005352,-0.004021,-0.000124,-0.002901,-0.003138,-0.001125,0.001568,0.004547,0.003519,0.002808,0.002071,0.001778,-0.000458,-0.000388,0.000047,-0.000044,-0.000205,-0.000367,-0.000296,-0.000134,-0.000295,-0.000291,-0.000462,-0.000321
-0.000579,-0.000273,-0.000803,-0.001512,-0.003335,-0.000402,-0.000741,0.001568,0.000341,-0.000785,-0.003709,-0.005243,-0.007965,-0.010391,-0.014616,-0.017687,-0.020581,-0.020365,-0.020004,-0.022080,-0.021392,-0.017974,-0.012857,-0.004340,0.001476,0.005306,0.010116,0.023460,0.036914,0.042174,0.034390,0.024752,0.018267,0.015024,0.009315,0.005156,0.003102,0.001834,0.001017,0.003573,0.005550,0.006440,0.005886,0.006983,0.008509,0.007277,0.004418,0.003155,0.000529,-0.000053,0.000075,0.000027,-0.000177,-0.000339,-0.000227,0.000031,-0.000135,-0.000182,-0.000301,-0.000222
0.000099,0.000395,0.000031,-0.000398,-0.002622,0.000916,-0.000758,0.002664,0.002749,0.001392,-0.001315,-0.002321,-0.004440,-0.008377,-0.012886,-0.013593,-0.017775,-0.020005,-0.024047,-0.026007,-0.024512,-0.018618,-0.015118,-0.007235,-0.001366,-0.000434,0.006014,0.014803,0.023012,0.034390,0.042490,0.035456,0.021392,0.018237,0.015455,0.013026,0.009587,0.007851,0.005067,0.008267,0.011672,0.010398,0.008084,0.009488,0.012011,0.010392,0.005573,0.003433,0.000911,0.000343,0.000077,0.000126,-0.000107,-0.000181,0.000018,0.000199,0.000063,-0.000018,-0.000191,-0.000106
-0.000286,-0.000355,-0.000688,-0.000637,-0.002268,0.000199,-0.002042,-0.000533,0.001408,-0.000048,-0.001917,-0.000617,-0.002175,-0.007820,-0.017247,-0.017707,-0.019813,-0.019922,-0.022659,-0.022073,-0.022069,-0.015208,-0.010261,-0.006680,-0.001109,0.001031,0.005495,0.015552,0.018576,0.024752,0.035456,0.043078,0.029568,0.023203,0.017274,0.016138,0.009827,0.010880,0.006998,0.008271,0.013015,0.012096,0.009479,0.011379,0.011223,0.008715,0.004464,0.003623,0.001269,0.000465,0.000167,0.000055,-0.000068,-0.000118,0.000121,0.000294,0.000042,0.000075,-0.000210,-0.000069
-0.000523,-0.001393,-0.001662,-0.000943,-0.002181,-0.000963,-0.001634,-0.001107,0.000517,0.000054,-0.002004,-0.003412,-0.005811,-0.009088,-0.017784,-0.017621,-0.017068,-0.013320,-0.013566,-0.013890,-0.016421,-0.013764,-0.011349,-0.008946,-0.005713,-0.003518,-0.003058,0.005442,0.011840,0.018267,0.021392,0.029568,0.034888,0.030461,0.020574,0.018675,0.012891,0.013260,0.009375,0.012675,0.013602,0.010852,0.006890,0.007662,0.005557,0.004829,0.001757,0.002369,0.000982,0.000369,-0.000079,-0.000239,-0.000074,-0.000122,0.000051,0.000192,0.000015,0.000029,-0.000129,-0.000019
-0.000039,-0.000454,-0.000387,-0.001122,-0.001937,-0.000438,-0.001372,-0.001059,-0.002390,-0.002789,-0.004450,-0.004720,-0.007200,-0.010547,-0.016911,-0.015732,-0.016952,-0.015087,-0.014469,-0.014062,-0.014066,-0.013260,-0.012673,-0.010029,-0.010140,-0.010962,-0.010240,-0.003000,0.006499,0.015024,0.018237,0.023203,0.030461,0.043896,0.040107,0.033989,0.021364,0.019049,0.014197,0.016229,0.015583,0.012346,0.009754,0.007603,0.006771,0.006495,0.000957,0.000370,0.000499,0.000506,-0.000159,-0.000294,-0.000066,-0.000087,0.000100,0.000193,0.000017,-0.000032,-0.000032,0.000079
0.000007,0.000183,-0.000364,-0.000647,-0.001767,-0.000440,-0.000942,-0.000405,-0.003183,-0.005116,-0.008099,-0.010310,-0.010859,-0.009696,-0.012433,-0.009681,-0.011395,-0.010583,-0.014387,-0.018821,-0.017471,-0.017014,-0.015259,-0.011488,-0.010544,-0.014253,-0.012793,-0.006930,0.000645,0.009315,0.015455,0.017274,0.020574,0.040107,0.053052,0.045985,0.031152,0.022875,0.013850,0.016546,0.016107,0.008732,0.006913,0.004843,0.003138,0.003395,-0.000599,-0.001182,-0.000271,0.000356,-0.000299,-0.000288,0.000016,-0.000011,0.000092,0.000135,0.000062,0.000009,0.000181,0.000144
0.000272,0.000323,0.000722,0.000032,-0.001264,-0.001315,-0.002201,-0.000811,-0.001644,-0.002852,-0.005625,-0.008278,-0.009498,-0.012050,-0.012451,-0.007717,-0.007150,-0.009982,-0.019157,-0.022112,-0.020687,-0.018074,-0.013495,-0.013755,-0.013554,-0.016846,-0.013545,-0.009243,-0.004757,0.005156,0.013026,0.016138,0.018675,0.033989,0.045985,0.057724,0.044799,0.031187,0.019886,0.019503,0.020650,0.015612,0.010764,0.009061,0.006247,0.005050,0.000576,0.000992,0.000868,0.000366,-0.000200,-0.000192,0.000044,0.000146,0.000177,0.000126,0.000117,0.000010,0.000285,0.000268
0.000307,0.000296,0.000494,0.000626,-0.001156,-0.001253,-0.002015,0.000231,0.000977,-0.000081,-0.003032,-0.006121,-0.008018,-0.009808,-0.007659,-0.004302,-0.004030,-0.006491,-0.013187,-0.014763,-0.014635,-0.016422,-0.015233,-0.015375,-0.013770,-0.015355,-0.009173,-0.006712,-0.005352,0.003102,0.009587,0.009827,0.012891,0.021364,0.031152,0.044799,0.045096,0.031928,0.019991,0.018990,0.018950,0.013216,0.007388,0.007176,0.005750,0.005363,0.001309,0.001449,0.000687,0.000385,-0.000270,-0.000074,0.000095,0.000180,0.000276,0.000136,0.000192,0.000041,0.000244,0.000226
0.000709,0.000766,0.000640,0.000965,0.000753,0.000046,-0.001079,0.000895,0.001187,0.001556,-0.001594,-0.002909,-0.004268,-0.006738,-0.007760,-0.004432,-0.007248,-0.007953,-0.010417,-0.009550,-0.008612,-0.014154,-0.015637,-0.016640,-0.014793,-0.014608,-0.009585,-0.004784,-0.004021,0.001834,0.007851,0.010880,0.013260,0.019049,0.022875,0.031187,0.031928,0.032185,0.024174,0.019248,0.015109,0.011835,0.007476,0.008678,0.008753,0.007448,0.002523,0.001826,0.001574,0.000783,-0.000049,0.000038,0.000119,0.000187,0.000401,0.000233,0.000206,0.000141,0.000245,0.000239
0.000756,0.000775,0.000324,0.000127,0.000146,0.000037,-0.000478,0.002571,0.002751,0.004299,0.003788,0.003839,0.001786,-0.002912,-0.006505,-0.005092,-0.008845,-0.008093,-0.007976,-0.004153,-0.004099,-0.012770,-0.016294,-0.017776,-0.014029,-0.016059,-0.010744,-0.002648,-0.000124,0.001017,0.005067,0.006998,0.009375,0.014197,0.013850,0.019886,0.019991,0.024174,0.030888,0.022235,0.010452,0.008881,0.008927,0.010857,0.011106,0.006655,0.002487,0.002271,0.001995,0.000779,0.000072,0.000038,0.000084,0.000164,0.000413,0.000214,0.000211,0.000165,0.000215,0.000121
0.000404,0.000330,0.000336,0.000821,0.000963,0.002225,0.001080,0.003641,0.002699,0.004520,0.004327,0.002649,0.002285,-0.000849,-0.004324,-0.003246,-0.006967,-0.005546,-0.006076,-0.008761,-0.008002,-0.010640,-0.014196,-0.014413,-0.012215,-0.013225,-0.011597,-0.006553,-0.002901,0.003573,0.008267,0.008271,0.012675,0.016229,0.016546,0.019503,0.018990,0.019248,0.022235,0.029566,0.022073,0.015480,0.012176,0.011731,0.012312,0.009802,0.005523,0.004149,0.002822,0.000837,0.000157,0.000027,0.000120,0.000133,0.000307,0.000298,0.000212,0.000247,0.000331,0.000188
0.000338,0.000696,0.000966,0.001518,0.001209,0.002047,0.000033,0.001568,-0.000355,-0.000584,-0.000156,-0.000082,0.000037,-0.002869,-0.003807,-0.002474,-0.006228,-0.006859,-0.009950,-0.014068,-0.013249,-0.011130,-0.011499,-0.011175,-0.010082,-0.010829,-0.009543,-0.004919,-0.003138,0.005550,0.011672,0.013015,0.013602,0.015583,0.016107,0.020650,0.018950,0.015109,0.010452,0.022073,0.027573,0.022433,0.013873,0.010385,0.012063,0.011531,0.006907,0.004443,0.002601,0.000795,0.000255,0.000078,0.000153,0.000136,0.000255,0.000304,0.000147,0.000190,0.000309,0.000269
0.000471,0.000977,0.001270,0.001309,0.001028,0.001539,-0.000223,0.000962,-0.001831,-0.001243,0.000131,0.001704,0.002848,-0.000339,-0.003112,-0.002759,-0.006729,-0.007343,-0.007806,-0.008504,-0.008452,-0.008051,-0.007307,-0.007679,-0.007557,-0.008127,-0.007024,-0.002444,-0.001125,0.006440,0.010398,0.012096,0.010852,0.012346,0.008732,0.015612,0.013216,0.011835,0.008881,0.015480,0.022433,0.028008,0.018175,0.011584,0.013420,0.011534,0.007249,0.005231,0.002972,0.000829,0.000515,0.000245,0.000122,0.000096,0.000253,0.000242,0.000068,0.000176,0.000232,0.000239
0.000213,0.000525,0.000594,0.000428,0.000468,0.001391,0.000135,0.000905,-0.000508,0.001460,0.002792,0.003787,0.004208,-0.000204,-0.003318,-0.003117,-0.007303,-0.007580,-0.007243,-0.008102,-0.006591,-0.005572,-0.004633,-0.004281,-0.003066,-0.001793,-0.001203,0.000908,0.001568,0.005886,0.008084,0.009479,0.006890,0.009754,0.006913,0.010764,0.007388,0.007476,0.008927,0.012176,0.013873,0.018175,0.017496,0.012280,0.011800,0.008821,0.004865,0.003701,0.002250,0.000608,0.000400,0.000106,0.000036,0.000001,0.000118,0.000186,0.000019,0.000118,0.000155,0.000119
0.000233,0.000170,0.000366,0.000407,0.000080,0.000946,0.000240,0.001218,0.002524,0.004085,0.004223,0.003895,0.004070,-0.000600,-0.005366,-0.004981,-0.007642,-0.008002,-0.006367,-0.005110,-0.003792,-0.004186,-0.003871,-0.001327,0.000268,0.000015,0.000691,0.004397,0.004547,0.006983,0.009488,0.011379,0.007662,0.007603,0.004843,0.009061,0.007176,0.008678,0.010857,0.011731,0.010385,0.011584,0.012280,0.015718,0.015510,0.009655,0.005176,0.003963,0.002338,0.000555,0.000357,0.000050,0.000008,0.000065,0.000193,0.000221,0.000053,0.000102,0.000063,0.000037
0.000651,0.001177,0.001218,0.000938,0.000795,0.002212,0.000744,0.003316,0.004378,0.005647,0.005620,0.005109,0.006144,0.001170,-0.002555,-0.001661,-0.006964,-0.010269,-0.008735,-0.004833,-0.001759,-0.004017,-0.008210,-0.005012,-0.003941,-0.003537,-0.002014,0.002892,0.003519,0.008509,0.012011,0.011223,0.005557,0.006771,0.003138,0.006247,0.005750,0.008753,0.011106,0.012312,0.012063,0.013420,0.011800,0.015510,0.022408,0.015185,0.008334,0.005482,0.003264,0.000946,0.000526,0.000200,0.000020,0.000107,0.000379,0.000290,0.000097,0.000165,0.000041,0.000056
0.000554,0.001107,0.001130,0.000762,0.000125,0.000088,0.000073,0.001599,0.000979,0.001536,0.001257,0.001031,0.001537,-0.002337,-0.004131,-0.003320,-0.006939,-0.008319,-0.007691,-0.007223,-0.005176,-0.005177,-0.005827,-0.003764,-0.002870,-0.001896,-0.002485,0.000975,0.002808,0.007277,0.010392,0.008715,0.004829,0.006495,0.003395,0.005050,0.005363,0.007448,0.006655,0.009802,0.011531,0.011534,0.008821,0.009655,0.015185,0.015559,0.008995,0.004630,0.002919,0.000981,0.000322,0.000156,-0.000013,0.000019,0.000314,0.000208,0.000079,0.000168,0.000028,0.000070
0.000241,0.000720,0.000600,0.000545,0.000339,-0.000051,0.000416,0.001129,0.000625,0.000909,0.000968,0.001082,0.001421,-0.000431,-0.001429,-0.001379,-0.004165,-0.004060,-0.003502,-0.004191,-0.003861,-0.002724,-0.002839,-0.002142,-0.001518,-0.001804,-0.002590,0.000488,0.002071,0.004418,0.005573,0.004464,0.001757,0.000957,-0.000599,0.000576,0.001309,0.002523,0.002487,0.005523,0.006907,0.007249,0.004865,0.005176,0.008334,0.008995,0.006685,0.003791,0.002213,0.000631,0.000259,0.000134,0.000031,-0.000002,0.000138,0.000118,0.000027,0.000121,0.000026,0.000041
0.000078,0.000348,0.000282,0.000390,0.000128,0.000223,0.000497,0.000931,0.001413,0.001834,0.001585,0.001475,0.001786,0.000629,-0.000791,-0.000775,-0.002072,-0.001927,-0.002271,-0.002371,-0.002418,-0.002621,-0.002778,-0.002109,-0.001178,-0.001446,-0.001297,0.001085,0.001778,0.003155,0.003433,0.003623,0.002369,0.000370,-0.001182,0.000992,0.001449,0.001826,0.002271,0.004149,0.004443,0.005231,0.003701,0.003963,0.005482,0.004630,0.003791,0.003299,0.001854,0.000362,0.000216,0.000098,0.000017,0.000002,0.000092,0.000094,0.000040,0.000097,0.000015,0.000023
0.000126,0.000260,0.000232,0.000274,0.000247,0.000132,0.000430,0.000547,0.000622,0.000930,0.000883,0.000781,0.001096,0.000526,-0.000158,0.000157,-0.000824,-0.000587,-0.000766,-0.000731,-0.000576,-0.000916,-0.001315,-0.001146,-0.001061,-0.001391,-0.001782,-0.000688,-0.000458,0.000529,0.000911,0.001269,0.000982,0.000499,-0.000271,0.000868,0.000687,0.001574,0.001995,0.002822,0.002601,0.002972,0.002250,0.002338,0.003264,0.002919,0.002213,0.001854,0.001315,0.000289,0.000135,0.000047,0.000005,0.000010,0.000057,0.000053,0.000024,0.000067,0.000028,0.000025
0.000057,0.000099,0.000057,0.000088,0.000080,0.000051,0.000108,0.000238,0.000170,0.000234,0.000201,0.000220,0.000306,0.000119,-0.000021,0.000187,-0.000112,0.000028,0.000134,0.000206,0.000326,0.000250,-0.000216,-0.000483,-0.000505,-0.000576,-0.000655,-0.000491,-0.000388,-0.000053,0.000343,0.000465,0.000369,0.000506,0.000356,0.000366,0.000385,0.000783,0.000779,0.000837,0.000795,0.000829,0.000608,0.000555,0.000946,0.000981,0.000631,0.000362,0.000289,0.000162,0.000032,0.000015,0.000011,0.000009,0.000030,0.000016,0.000006,0.000019,0.000005,0.000007
0.000030,0.000082,0.000084,0.000074,0.000112,0.000128,0.000135,0.000119,0.000081,0.000171,0.000243,0.000183,0.000296,0.000359,0.000274,0.000198,-0.000007,-0.000038,0.000013,0.000038,0.000175,0.000255,0.000123,0.000062,-0.000173,-0.000154,-0.000224,0.000008,0.000047,0.000075,0.000077,0.000167,-0.000079,-0.000159,-0.000299,-0.000200,-0.000270,-0.000049,0.000072,0.000157,0.000255,0.000515,0.000400,0.000357,0.000526,0.000322,0.000259,0.000216,0.000135,0.000032,0.000069,0.000027,0.000010,0.000010,0.000011,0.000008,0.000004,0.000011,0.000007,0.000008
0.000037,0.000090,0.000126,0.000080,0.000125,0.000082,0.000066,0.000098,0.000009,0.000076,0.000089,0.000188,0.000197,0.000154,0.000136,0.000047,-0.000070,-0.000118,0.000008,-0.000030,-0.000140,-0.000077,0.000020,-0.000059,-0.000272,-0.000353,-0.000172,-0.000054,-0.000044,0.000027,0.000126,0.000055,-0.000239,-0.000294,-0.000288,-0.000192,-0.000074,0.000038,0.000038,0.000027,0.000078,0.000245,0.000106,0.000050,0.000200,0.000156,0.000134,0.000098,0.000047,0.000015,0.000027,0.000050,0.000014,0.000006,0.000015,0.000007,0.000005,0.000006,0.000005,0.000004
0.000018,0.000044,0.000046,0.000050,0.000093,0.000073,0.000045,0.000038,-0.000024,0.000009,0.000027,0.000047,0.000073,0.000105,0.000137,0.000103,-0.000010,0.000016,0.000072,0.000029,-0.000023,-0.000026,-0.000062,-0.000151,-0.000282,-0.000311,-0.000249,-0.000218,-0.000205,-0.000177,-0.000107,-0.000068,-0.000074,-0.000066,0.000016,0.000044,0.000095,0.000119,0.000084,0.000120,0.000153,0.000122,0.000036,0.000008,0.000020,-0.000013,0.000031,0.000017,0.000005,0.000011,0.000010,0.000014,0.000027,0.000010,0.000006,0.000007,0.000002,0.000005,0.000008,0.000006
0.000022,0.000040,0.000054,0.000063,0.000061,0.000083,0.000050,0.000087,0.000111,0.000116,0.000128,0.000128,0.000173,0.000277,0.000349,0.000301,0.000246,0.000177,0.000123,0.000182,0.000197,0.000092,0.000018,-0.000103,-0.000282,-0.000369,-0.000404,-0.000400,-0.000367,-0.000339,-0.000181,-0.000118,-0.000122,-0.000087,-0.000011,0.000146,0.000180,0.000187,0.000164,0.000133,0.000136,0.000096,0.000001,0.000065,0.000107,0.000019,-0.000002,0.000002,0.000010,0.000009,0.000010,0.000006,0.000010,0.000032,0.000017,0.000011,0.000008,0.000009,0.000008,0.000009
0.000036,0.000070,0.000080,0.000081,0.000063,0.000013,-0.000016,0.000057,0.000064,0.000072,0.000078,0.000159,0.000204,0.000181,0.000104,0.000162,0.000186,0.000078,0.000065,0.000139,0.000116,-0.000127,-0.000263,-0.000344,-0.000397,-0.000566,-0.000488,-0.000330,-0.000296,-0.000227,0.000018,0.000121,0.000051,0.000100,0.000092,0.000177,0.000276,0.000401,0.000413,0.000307,0.000255,0.000253,0.000118,0.000193,0.000379,0.000314,0.000138,0.000092,0.000057,0.000030,0.000011,0.000015,0.000006,0.000017,0.000045,0.000019,0.000016,0.000018,0.000008,0.000007
0.000025,0.000044,0.000067,0.000069,0.000083,0.000080,0.000052,0.000091,0.000123,0.000116,0.000118,0.000186,0.000205,0.000187,0.000123,0.000137,0.000046,0.000045,0.000117,0.000152,0.000111,-0.000009,-0.000114,-0.000109,-0.000180,-0.000281,-0.000317,-0.000240,-0.000134,0.000031,0.000199,0.000294,0.000192,0.000193,0.000135,0.000126,0.000136,0.000233,0.000214,0.000298,0.000304,0.000242,0.000186,0.000221,0.000290,0.000208,0.000118,0.000094,0.000053,0.000016,0.000008,0.000007,0.000007,0.000011,0.000019,0.000029,0.000013,0.000016,0.000007,0.000006
0.000030,0.000043,0.000052,0.000075,0.000047,0.000056,0.000040,0.000062,0.000121,0.000124,0.000103,0.000126,0.000139,0.000198,0.000218,0.000266,0.000282,0.000244,0.000195,0.000174,0.000160,-0.000011,-0.000133,-0.000169,-0.000198,-0.000356,-0.000290,-0.000317,-0.000295,-0.000135,0.000063,0.000042,0.000015,0.000017,0.000062,0.000117,0.000192,0.000206,0.000211,0.000212,0.000147,0.000068,0.000019,0.000053,0.000097,0.000079,0.000027,0.000040,0.000024,0.000006,0.000004,0.000005,0.000002,0.000008,0.000016,0.000013,0.000025,0.000015,0.000009,0.000008
0.000027,0.000053,0.000042,0.000068,0.000075,0.000060,0.000077,0.000079,0.000117,0.000122,0.000112,0.000072,0.000167,0.000306,0.000235,0.000269,0.000234,0.000255,0.000239,0.000188,0.000168,0.000035,-0.000083,-0.000124,-0.000193,-0.000284,-0.000347,-0.000311,-0.000291,-0.000182,-0.000018,0.000075,0.000029,-0.000032,0.000009,0.000010,0.000041,0.000141,0.000165,0.000247,0.000190,0.000176,0.000118,0.000102,0.000165,0.000168,0.000121,0.000097,0.000067,0.000019,0.000011,0.000006,0.000005,0.000009,0.000018,0.000016,0.000015,0.000032,0.000011,0.000008
0.000034,0.000060,0.000066,0.000088,0.000134,0.000093,0.000084,0.000059,-0.000011,0.000023,0.000056,0.000080,0.000123,0.000217,0.000340,0.000437,0.000397,0.000338,0.000250,-0.000015,-0.000099,-0.000145,-0.000179,-0.000192,-0.000299,-0.000515,-0.000522,-0.000484,-0.000462,-0.000301,-0.000191,-0.000210,-0.000129,-0.000032,0.000181,0.000285,0.000244,0.000245,0.000215,0.000331,0.000309,0.000232,0.000155,0.000063,0.000041,0.000028,0.000026,0.000015,0.000028,0.000005,0.000007,0.000005,0.000008,0.000008,0.000008,0.000007,0.000009,0.000011,0.000027,0.000015
0.000029,0.000066,0.000074,0.000077,0.000108,0.000062,0.000053,0.000014,-0.000024,-0.000008,0.000023,0.000065,0.000044,0.000062,0.000158,0.000206,0.000169,0.000115,0.000018,-0.000114,-0.000095,-0.000068,-0.000123,-0.000097,-0.000178,-0.000365,-0.000337,-0.000307,-0.000321,-0.000222,-0.000106,-0.000069,-0.000019,0.000079,0.000144,0.000268,0.000226,0.000239,0.000121,0.000188,0.000269,0.000239,0.000119,0.000037,0.000056,0.000070,0.000041,0.000023,0.000025,0.000007,0.000008,0.000004,0.000006,0.000009,0.000007,0.000006,0.000008,0.000008,0.000015,0.000023
