0.019988,0.014828,0.012132,0.006577,0.009371,0.004360,0.004882,0.011285,0.007877,0.007614,0.007412,0.009810,0.008134,0.005264,0.006161,0.008400,0.004766,0.002962,0.000347,0.002598,0.001814,-0.003473,-0.004589,-0.004884,-0.009615,-0.010401,-0.008466,-0.004410,-0.005431,-0.001811,-0.001253,-0.001879,-0.005698,-0.002469,-0.001958,0.002437,0.004273,0.002485,0.004733,0.000777,0.003266,0.005239,0.003656,0.004354,0.006578,0.005357,0.003891,0.006083,0.005148,0.005035,0.001686,0.006741,0.005044,0.003766,0.007715,0.007705,0.007673,0.008248,0.009639,0.006634
0.014828,0.017783,0.012582,0.006833,0.010267,0.006978,0.005227,0.009977,0.005152,0.005864,0.005836,0.009728,0.008820,0.003750,0.003577,0.005783,0.002310,0.000937,-0.000244,-0.002100,-0.002233,-0.006094,-0.007676,-0.005984,-0.010062,-0.010744,-0.007066,-0.004322,-0.003098,-0.001517,0.001028,-0.001675,-0.006665,-0.001266,0.000226,0.001125,0.001003,0.001133,0.004066,0.000390,0.002254,0.002501,0.001356,-0.000164,0.006093,0.004338,0.003649,0.004259,0.003214,0.004313,0.002158,0.007259,0.007111,0.003407,0.008516,0.006994,0.005357,0.005610,0.007297,0.004813
0.012132,0.012582,0.014446,0.006924,0.011199,0.005379,0.003409,0.005640,0.002887,0.003737,0.005507,0.009373,0.006846,0.001771,0.001569,0.004139,0.003370,0.000780,0.001075,-0.000565,-0.002744,-0.003973,-0.002587,-0.002765,-0.009470,-0.008682,-0.006408,-0.005099,-0.005248,-0.003577,-0.002229,-0.003120,-0.004984,0.000872,0.000989,0.003545,0.002345,0.000890,0.001681,-0.000111,0.001966,0.003221,0.001086,0.000128,0.001897,0.001688,0.001789,0.002748,0.001573,0.000034,0.002168,0.006974,0.004517,0.003881,0.006363,0.006648,0.006468,0.004107,0.007516,0.005662
0.006577,0.006833,0.006924,0.007937,0.010332,0.007543,0.005274,0.004929,0.003430,0.005491,0.006668,0.007439,0.007778,0.005547,0.006055,0.007616,0.005989,0.004288,0.005816,0.004689,0.003612,0.000244,-0.002212,-0.001899,-0.005790,-0.006817,-0.005528,-0.005817,-0.006572,-0.004664,-0.002822,-0.003140,-0.003595,-0.002364,-0.000381,0.000252,0.000443,0.000290,0.002228,0.002614,0.001857,0.000155,0.000379,0.000223,0.001632,0.000470,0.000239,0.001311,0.000977,-0.000319,0.001819,0.003805,0.003555,0.004310,0.005644,0.005724,0.006086,0.006195,0.007353,0.004278
0.009371,0.010267,0.011199,0.010332,0.022057,0.014830,0.008352,0.007039,0.003751,0.008125,0.011028,0.012370,0.011761,0.006523,0.007754,0.011181,0.010875,0.008575,0.012220,0.009718,0.005886,0.006304,0.002165,-0.000426,-0.007713,-0.006358,-0.005875,-0.007625,-0.011348,-0.008795,-0.007146,-0.007795,-0.007054,-0.004242,-0.004355,-0.000431,-0.000349,-0.001207,0.000668,0.002665,0.003019,0.003155,0.001545,0.000344,0.005326,0.002319,0.002633,0.002983,0.002476,0.002065,0.004543,0.007296,0.006121,0.006098,0.005474,0.006855,0.003125,0.005642,0.008656,0.005946
0.004360,0.006978,0.005379,0.007543,0.014830,0.025474,0.015368,0.012457,0.009378,0.013117,0.012367,0.013133,0.015339,0.012283,0.013388,0.015214,0.008990,0.005750,0.007813,0.005912,0.005504,0.003153,-0.000796,-0.000927,-0.004706,-0.003711,-0.002467,-0.003665,-0.007161,-0.003221,0.001305,-0.002076,-0.003577,-0.000590,-0.000897,-0.002170,-0.003321,-0.001360,0.000746,0.006173,0.005315,0.003758,0.002594,0.002199,0.009074,0.002121,0.000566,0.001857,-0.000260,0.000303,0.002732,0.005075,0.005511,0.005204,0.001648,0.005306,0.001879,0.003982,0.004231,0.003227
0.004882,0.005227,0.003409,0.005274,0.008352,0.015368,0.020656,0.013192,0.009777,0.012390,0.011529,0.008516,0.010444,0.012026,0.012602,0.011976,0.007691,0.009509,0.010803,0.006028,0.006335,0.006671,0.005736,0.008924,0.004983,0.000274,-0.003745,-0.003708,-0.004529,-0.000692,-0.000114,-0.004663,-0.003806,-0.004928,-0.005832,-0.005228,-0.006270,-0.004521,-0.001435,0.002922,0.000915,0.000619,0.000235,0.001064,0.004357,0.001459,0.002609,0.004855,0.004035,0.002368,0.003989,0.005908,0.004025,0.004530,0.003007,0.003061,0.004943,0.007239,0.004495,0.002546
0.011285,0.009977,0.005640,0.004929,0.007039,0.012457,0.013192,0.023804,0.017337,0.016136,0.013028,0.008457,0.009457,0.008944,0.009889,0.009873,0.001430,0.000003,-0.002183,0.000633,0.002943,0.000145,-0.003276,0.000168,-0.001971,-0.003163,-0.002445,-0.001731,-0.003740,0.002547,0.005673,-0.002543,-0.006249,-0.004707,-0.000909,0.002915,0.003435,0.003234,0.005049,0.005786,0.003371,0.002418,0.003449,0.003733,0.012343,0.007180,0.003492,0.004814,0.004868,0.005607,0.000668,0.006733,0.003640,0.005948,0.004459,0.006519,0.004292,0.007251,0.004992,0.001442
0.007877,0.005152,0.002887,0.003430,0.003751,0.009378,0.009777,0.017337,0.023101,0.022244,0.017979,0.013015,0.010864,0.007413,0.007387,0.007334,0.003019,0.002698,0.001661,0.006786,0.008403,0.002165,-0.003511,-0.002351,-0.000817,0.000542,0.001437,0.002644,-0.002164,0.002200,0.003972,0.001688,0.001036,-0.004110,-0.003090,0.000278,0.004599,0.004769,0.004908,0.003699,-0.001136,-0.002587,0.000888,0.006130,0.010434,0.006624,0.001818,0.005483,0.003726,0.003792,-0.000552,0.004217,-0.002532,0.001414,0.002079,0.004610,0.004553,0.006601,0.000576,-0.000265
0.007614,0.005864,0.003737,0.005491,0.008125,0.013117,0.012390,0.016136,0.022244,0.029184,0.025768,0.019818,0.017731,0.012162,0.010955,0.010658,0.005712,0.005466,0.005252,0.007287,0.008922,0.003632,-0.001070,-0.003335,-0.002632,0.000619,0.001859,0.000277,-0.005868,-0.002105,0.000662,-0.000234,0.000834,-0.004719,-0.005782,-0.003310,0.001317,0.002781,0.005813,0.006478,0.000411,-0.000301,0.003855,0.008004,0.011069,0.006151,0.003038,0.007689,0.007064,0.005934,0.001831,0.004940,0.001613,0.004009,0.004354,0.004701,0.005381,0.008623,0.002816,0.001060
0.007412,0.005836,0.005507,0.006668,0.011028,0.012367,0.011529,0.013028,0.017979,0.025768,0.031770,0.029225,0.025719,0.014156,0.012669,0.012134,0.009540,0.009647,0.010237,0.011806,0.013137,0.009357,0.003395,-0.000278,-0.000184,0.000386,-0.000455,-0.003296,-0.008782,-0.006479,-0.004644,-0.004394,-0.003223,-0.007693,-0.010933,-0.007219,-0.005010,-0.003030,0.004701,0.007029,0.001114,0.000049,0.004013,0.008452,0.010272,0.004457,0.003135,0.006306,0.005760,0.001948,0.003359,0.003858,-0.000970,0.004779,0.005395,0.005375,0.004054,0.005862,0.002999,0.002223
0.009810,0.009728,0.009373,0.007439,0.012370,0.013133,0.008516,0.008457,0.013015,0.019818,0.029225,0.042290,0.034059,0.013576,0.011681,0.011281,0.009731,0.010980,0.011675,0.014350,0.014983,0.008484,0.001195,-0.007321,-0.007837,-0.008783,-0.004316,-0.005671,-0.008974,-0.007313,-0.004955,-0.002118,-0.003655,-0.004515,-0.014471,-0.010755,-0.007133,-0.003189,0.007426,0.007033,0.001863,0.004250,0.005708,0.005633,0.007947,0.003291,0.002917,0.004904,0.003509,0.002300,0.002366,0.005290,0.000050,0.003160,0.008881,0.007052,0.002259,0.002929,0.002472,0.003021
0.008134,0.008820,0.006846,0.007778,0.011761,0.015339,0.010444,0.009457,0.010864,0.017731,0.025719,0.034059,0.037816,0.022936,0.020731,0.021965,0.018579,0.017633,0.016712,0.019068,0.020095,0.009969,0.003773,-0.004048,-0.005664,-0.005870,-0.005754,-0.008569,-0.009656,-0.009136,-0.007272,-0.005096,-0.009811,-0.010233,-0.016206,-0.012831,-0.011429,-0.005846,0.005292,0.004097,-0.001245,0.001930,0.002990,0.005020,0.009235,0.001267,0.001659,0.004144,0.004228,0.001472,0.004539,0.004286,0.001400,0.007939,0.011350,0.007295,0.004052,0.006123,0.003352,0.000593
0.005264,0.003750,0.001771,0.005547,0.006523,0.012283,0.012026,0.008944,0.007413,0.012162,0.014156,0.013576,0.022936,0.027978,0.029605,0.030286,0.025594,0.024694,0.019995,0.018115,0.017040,0.008165,0.006344,0.002289,-0.002684,-0.005784,-0.011940,-0.014359,-0.014237,-0.008490,-0.008669,-0.007875,-0.008882,-0.010429,-0.010553,-0.010853,-0.007825,-0.004844,-0.001662,0.000381,-0.001659,-0.001451,-0.003400,-0.000540,0.002449,-0.001776,0.000057,0.002826,0.003739,0.001403,0.003590,0.002015,0.003946,0.011421,0.009144,0.006595,0.007334,0.009463,0.005602,0.002091
0.006161,0.003577,0.001569,0.006055,0.007754,0.013388,0.012602,0.009889,0.007387,0.010955,0.012669,0.011681,0.020731,0.029605,0.042351,0.045015,0.041574,0.038524,0.026390,0.021766,0.019129,0.011087,0.005770,-0.002087,-0.006444,-0.007806,-0.015603,-0.021106,-0.024108,-0.013394,-0.013118,-0.017448,-0.015450,-0.016443,-0.012086,-0.009962,-0.004807,-0.004890,-0.005169,-0.002538,-0.003457,-0.005375,-0.008449,-0.005352,-0.003780,-0.005335,-0.003187,-0.002056,-0.002212,-0.001630,0.002268,0.001069,0.003604,0.011973,0.006173,0.003842,0.007887,0.008035,0.007394,0.004472
0.008400,0.005783,0.004139,0.007616,0.011181,0.015214,0.011976,0.009873,0.007334,0.010658,0.012134,0.011281,0.021965,0.030286,0.045015,0.055641,0.055190,0.050682,0.036859,0.029768,0.025745,0.016101,0.008543,-0.002044,-0.008680,-0.011562,-0.020775,-0.029494,-0.034297,-0.019609,-0.016733,-0.020034,-0.017317,-0.015740,-0.009778,-0.007447,-0.003571,-0.004767,-0.005844,-0.003800,-0.003786,-0.006808,-0.010442,-0.005357,-0.003502,-0.005755,-0.003360,-0.003647,-0.002911,-0.001029,0.000995,0.001388,0.004909,0.010858,0.007880,0.005431,0.009880,0.009229,0.009904,0.004884
0.004766,0.002310,0.003370,0.005989,0.010875,0.008990,0.007691,0.001430,0.003019,0.005712,0.009540,0.009731,0.018579,0.025594,0.041574,0.055190,0.069683,0.064260,0.048811,0.037882,0.033547,0.026148,0.015662,0.002229,-0.005107,-0.011326,-0.020862,-0.032513,-0.037907,-0.023773,-0.019477,-0.020022,-0.014872,-0.016800,-0.011924,-0.007671,-0.003803,-0.007088,-0.010924,-0.009263,-0.007508,-0.009445,-0.014383,-0.007442,-0.007754,-0.007221,-0.004547,-0.005203,-0.004084,-0.000799,0.000335,-0.000745,0.000376,0.008673,0.009421,0.002973,0.010831,0.009023,0.007430,0.003614
0.002962,0.000937,0.000780,0.004288,0.008575,0.005750,0.009509,0.000003,0.002698,0.005466,0.009647,0.010980,0.017633,0.024694,0.038524,0.050682,0.064260,0.070278,0.057450,0.046576,0.040422,0.032657,0.022668,0.009388,0.000486,-0.009419,-0.022802,-0.034782,-0.038098,-0.024841,-0.023995,-0.021965,-0.012371,-0.015774,-0.015170,-0.012736,-0.007230,-0.008000,-0.009886,-0.009178,-0.009795,-0.011349,-0.015349,-0.008687,-0.012831,-0.011045,-0.005480,-0.008110,-0.004940,0.000190,0.000065,-0.000767,0.001173,0.008027,0.005611,0.001020,0.004309,0.005717,0.002898,0.000083
0.000347,-0.000244,0.001075,0.005816,0.012220,0.007813,0.010803,-0.002183,0.001661,0.005252,0.010237,0.011675,0.016712,0.019995,0.026390,0.036859,0.048811,0.057450,0.065783,0.059932,0.048144,0.038006,0.025036,0.014189,0.005482,-0.006467,-0.017824,-0.029515,-0.030692,-0.022927,-0.026471,-0.020955,-0.009854,-0.013483,-0.017827,-0.018780,-0.013693,-0.010186,-0.008554,-0.006934,-0.011039,-0.010420,-0.013828,-0.007741,-0.009088,-0.007087,-0.002853,-0.005691,-0.001714,0.002126,0.002372,0.004469,0.005764,0.012113,0.009010,0.006357,0.004734,0.008485,0.003228,-0.002457
0.002598,-0.002100,-0.000565,0.004689,0.009718,0.005912,0.006028,0.000633,0.006786,0.007287,0.011806,0.014350,0.019068,0.018115,0.021766,0.029768,0.037882,0.046576,0.059932,0.071285,0.061567,0.041219,0.022574,0.009397,0.002706,-0.005943,-0.015903,-0.027497,-0.028609,-0.022599,-0.028408,-0.021323,-0.009180,-0.012222,-0.020739,-0.016675,-0.009235,-0.004988,-0.000298,-0.004083,-0.013628,-0.009208,-0.009867,-0.002490,-0.001866,-0.003401,-0.004059,-0.004985,-0.000852,0.003739,0.000498,0.003529,0.004185,0.015802,0.009051,0.008566,0.004498,0.007908,-0.000305,-0.005619
0.001814,-0.002233,-0.002744,0.003612,0.005886,0.005504,0.006335,0.002943,0.008403,0.008922,0.013137,0.014983,0.020095,0.017040,0.019129,0.025745,0.033547,0.040422,0.048144,0.061567,0.064900,0.048335,0.030187,0.016082,0.010612,0.002774,-0.007158,-0.020877,-0.023430,-0.019913,-0.024140,-0.020296,-0.011642,-0.013628,-0.022924,-0.019144,-0.013058,-0.007111,-0.000467,-0.006049,-0.014566,-0.011287,-0.007216,-0.000758,0.001022,-0.001850,-0.004351,-0.005551,-0.001206,0.005450,0.001058,-0.000077,0.001752,0.011585,0.008190,0.006554,0.003077,0.007691,-0.003935,-0.005173
-0.003473,-0.006094,-0.003973,0.000244,0.006304,0.003153,0.006671,0.000145,0.002165,0.003632,0.009357,0.008484,0.009969,0.008165,0.011087,0.016101,0.026148,0.032657,0.038006,0.041219,0.048335,0.060422,0.050413,0.033162,0.025475,0.016874,0.003160,-0.014465,-0.020125,-0.014949,-0.016616,-0.016163,-0.011101,-0.014928,-0.023409,-0.017051,-0.013473,-0.011104,-0.010168,-0.008314,-0.011423,-0.009380,-0.005687,-0.003181,-0.002558,-0.002021,-0.001240,-0.006969,-0.003450,0.004309,0.003994,0.000985,0.000312,0.002105,-0.000268,0.001226,-0.003569,0.002659,-0.007415,-0.003984
-0.004589,-0.007676,-0.002587,-0.002212,0.002165,-0.000796,0.005736,-0.003276,-0.003511,-0.001070,0.003395,0.001195,0.003773,0.006344,0.005770,0.008543,0.015662,0.022668,0.025036,0.022574,0.030187,0.050413,0.057259,0.043190,0.033081,0.025787,0.009909,-0.006336,-0.012925,-0.014186,-0.016276,-0.012738,-0.011811,-0.016111,-0.023143,-0.017943,-0.016068,-0.014326,-0.015346,-0.013120,-0.011222,-0.008622,-0.007118,-0.004606,-0.008922,-0.005722,-0.000650,-0.006335,-0.002887,-0.000983,0.004859,0.000649,-0.000909,0.002581,-0.002217,-0.001320,-0.005137,0.000649,-0.009626,-0.004226
-0.004884,-0.005984,-0.002765,-0.001899,-0.000426,-0.000927,0.008924,0.000168,-0.002351,-0.003335,-0.000278,-0.007321,-0.004048,0.002289,-0.002087,-0.002044,0.002229,0.009388,0.014189,0.009397,0.016082,0.033162,0.043190,0.049494,0.042162,0.032163,0.017441,0.006845,0.001213,-0.002419,-0.007331,-0.005331,-0.006841,-0.012572,-0.016002,-0.016363,-0.017425,-0.015840,-0.016886,-0.013123,-0.009724,-0.008268,-0.005808,-0.003173,-0.006159,-0.004337,-0.000100,-0.002522,-0.001301,-0.006267,0.003763,0.001154,-0.004519,-0.002618,-0.004593,-0.002244,-0.005390,0.000240,-0.009426,-0.003997
-0.009615,-0.010062,-0.009470,-0.005790,-0.007713,-0.004706,0.004983,-0.001971,-0.000817,-0.002632,-0.000184,-0.007837,-0.005664,-0.002684,-0.006444,-0.008680,-0.005107,0.000486,0.005482,0.002706,0.010612,0.025475,0.033081,0.042162,0.051899,0.046312,0.033499,0.021338,0.011435,0.001262,-0.002447,-0.000795,-0.004534,-0.015178,-0.016452,-0.018308,-0.018473,-0.014381,-0.012288,-0.009619,-0.009819,-0.011784,-0.004287,0.000271,-0.003659,-0.001362,0.001140,-0.001911,-0.001894,-0.005014,0.000395,-0.004258,-0.007811,-0.005977,-0.006500,-0.004357,-0.006834,-0.001487,-0.013868,-0.007608
-0.010401,-0.010744,-0.008682,-0.006817,-0.006358,-0.003711,0.000274,-0.003163,0.000542,0.000619,0.000386,-0.008783,-0.005870,-0.005784,-0.007806,-0.011562,-0.011326,-0.009419,-0.006467,-0.005943,0.002774,0.016874,0.025787,0.032163,0.046312,0.062595,0.049899,0.033331,0.019558,0.006879,-0.000364,-0.000280,-0.005298,-0.015909,-0.018804,-0.020784,-0.020793,-0.015582,-0.015496,-0.012951,-0.010805,-0.012467,-0.002599,0.002582,-0.001619,-0.000026,0.000731,-0.001849,-0.002627,-0.007152,0.001440,-0.005564,-0.010193,-0.012761,-0.011781,-0.006882,-0.014424,-0.007606,-0.019376,-0.009671
-0.008466,-0.007066,-0.006408,-0.005528,-0.005875,-0.002467,-0.003745,-0.002445,0.001437,0.001859,-0.000455,-0.004316,-0.005754,-0.011940,-0.015603,-0.020775,-0.020862,-0.022802,-0.017824,-0.015903,-0.007158,0.003160,0.009909,0.017441,0.033499,0.049899,0.056037,0.045832,0.030518,0.012730,0.009377,0.004243,-0.003569,-0.012396,-0.012908,-0.014744,-0.012194,-0.007223,-0.007854,-0.010417,-0.009896,-0.009786,-0.000585,0.001761,-0.000848,0.000288,-0.001865,-0.003221,-0.004536,-0.005888,0.000462,-0.003800,-0.007560,-0.012846,-0.009452,-0.007886,-0.010106,-0.007784,-0.015889,-0.007066
-0.004410,-0.004322,-0.005099,-0.005817,-0.007625,-0.003665,-0.003708,-0.001731,0.002644,0.000277,-0.003296,-0.005671,-0.008569,-0.014359,-0.021106,-0.029494,-0.032513,-0.034782,-0.029515,-0.027497,-0.020877,-0.014465,-0.006336,0.006845,0.021338,0.033331,0.045832,0.058302,0.050837,0.029204,0.019154,0.014742,0.003587,-0.003149,-0.003886,-0.008008,-0.008861,-0.001585,-0.000243,-0.006760,-0.006285,-0.004892,0.003865,0.007040,0.005089,0.004139,0.002109,0.005177,0.001679,-0.005689,0.003100,-0.002849,-0.008800,-0.013902,-0.007859,-0.006416,-0.010221,-0.006743,-0.011420,-0.004042
-0.005431,-0.003098,-0.005248,-0.006572,-0.011348,-0.007161,-0.004529,-0.003740,-0.002164,-0.005868,-0.008782,-0.008974,-0.009656,-0.014237,-0.024108,-0.034297,-0.037907,-0.038098,-0.030692,-0.028609,-0.023430,-0.020125,-0.012925,0.001213,0.011435,0.019558,0.030518,0.050837,0.061388,0.042630,0.025495,0.017735,0.007887,0.005536,0.001544,-0.006212,-0.010642,-0.001807,-0.000770,-0.005345,-0.004016,-0.002190,0.003793,0.005078,0.005104,0.006086,0.004779,0.007139,0.004578,-0.003938,0.003042,-0.003385,-0.006160,-0.013573,-0.005730,-0.005421,-0.012180,-0.006785,-0.009942,-0.004718
-0.001811,-0.001517,-0.003577,-0.004664,-0.008795,-0.003221,-0.000692,0.002547,0.002200,-0.002105,-0.006479,-0.007313,-0.009136,-0.008490,-0.013394,-0.019609,-0.023773,-0.024841,-0.022927,-0.022599,-0.019913,-0.014949,-0.014186,-0.002419,0.001262,0.006879,0.012730,0.029204,0.042630,0.047706,0.033665,0.021047,0.014666,0.014134,0.009670,0.003008,-0.001005,0.003938,-0.001376,0.002844,0.005607,0.005715,0.008025,0.005940,0.009335,0.011549,0.008140,0.009986,0.008852,0.002352,0.000876,0.000440,-0.004975,-0.020905,-0.007870,-0.001655,-0.006723,-0.004220,-0.005053,-0.002320
-0.001253,0.001028,-0.002229,-0.002822,-0.007146,0.001305,-0.000114,0.005673,0.003972,0.000662,-0.004644,-0.004955,-0.007272,-0.008669,-0.013118,-0.016733,-0.019477,-0.023995,-0.026471,-0.028408,-0.024140,-0.016616,-0.016276,-0.007331,-0.002447,-0.000364,0.009377,0.019154,0.025495,0.033665,0.041592,0.030145,0.018400,0.015711,0.014617,0.011970,0.007595,0.009781,0.003981,0.009814,0.012849,0.010424,0.011411,0.007263,0.012176,0.012459,0.008366,0.009015,0.005504,0.006412,-0.001132,-0.000101,-0.000348,-0.014448,-0.003533,0.003723,0.001490,-0.000054,-0.001866,-0.000978
-0.001879,-0.001675,-0.003120,-0.003140,-0.007795,-0.002076,-0.004663,-0.002543,0.001688,-0.000234,-0.004394,-0.002118,-0.005096,-0.007875,-0.017448,-0.020034,-0.020022,-0.021965,-0.020955,-0.021323,-0.020296,-0.016163,-0.012738,-0.005331,-0.000795,-0.000280,0.004243,0.014742,0.017735,0.021047,0.030145,0.044111,0.031166,0.022189,0.016843,0.013968,0.007178,0.009235,0.008926,0.010555,0.011856,0.010754,0.013468,0.010332,0.009654,0.006900,0.004475,0.009453,0.006072,0.004870,-0.000437,0.000002,-0.002469,-0.009046,0.001016,0.007622,-0.001405,0.002911,-0.002037,-0.001312
-0.005698,-0.006665,-0.004984,-0.003595,-0.007054,-0.003577,-0.003806,-0.006249,0.001036,0.000834,-0.003223,-0.003655,-0.009811,-0.008882,-0.015450,-0.017317,-0.014872,-0.012371,-0.009854,-0.009180,-0.011642,-0.011101,-0.011811,-0.006841,-0.004534,-0.005298,-0.003569,0.003587,0.007887,0.014666,0.018400,0.031166,0.036881,0.030968,0.023754,0.017167,0.011808,0.012107,0.009068,0.014337,0.012698,0.008270,0.008981,0.005806,0.001706,0.003021,-0.000426,0.004135,0.003053,0.004857,-0.003411,-0.003922,-0.001442,-0.007328,-0.002571,0.003398,0.000542,-0.000032,-0.000990,-0.000664
-0.002469,-0.001266,0.000872,-0.002364,-0.004242,-0.000590,-0.004928,-0.004707,-0.004110,-0.004719,-0.007693,-0.004515,-0.010233,-0.010429,-0.016443,-0.015740,-0.016800,-0.015774,-0.013483,-0.012222,-0.013628,-0.014928,-0.016111,-0.012572,-0.015178,-0.015909,-0.012396,-0.003149,0.005536,0.014134,0.015711,0.022189,0.030968,0.044448,0.041326,0.030532,0.018291,0.016708,0.013480,0.017908,0.018252,0.014593,0.013857,0.006351,0.003939,0.005238,-0.000237,0.000474,0.000859,0.006575,-0.004484,-0.003139,0.001723,-0.004641,-0.000145,0.003275,0.000347,-0.002924,0.004298,0.003648
-0.001958,0.000226,0.000989,-0.000381,-0.004355,-0.000897,-0.005832,-0.000909,-0.003090,-0.005782,-0.010933,-0.014471,-0.016206,-0.010553,-0.012086,-0.009778,-0.011924,-0.015170,-0.017827,-0.020739,-0.022924,-0.023409,-0.023143,-0.016002,-0.016452,-0.018804,-0.012908,-0.003886,0.001544,0.009670,0.014617,0.016843,0.023754,0.041326,0.060384,0.050322,0.035579,0.024457,0.015669,0.021257,0.022502,0.013355,0.012404,0.006106,0.001638,0.002950,-0.003161,-0.002992,-0.002693,0.003227,-0.005907,-0.002447,0.002824,0.000261,0.000401,0.002118,0.006443,0.000620,0.013022,0.008103
0.002437,0.001125,0.003545,0.000252,-0.000431,-0.002170,-0.005228,0.002915,0.000278,-0.003310,-0.007219,-0.010755,-0.012831,-0.010853,-0.009962,-0.007447,-0.007671,-0.012736,-0.018780,-0.016675,-0.019144,-0.017051,-0.017943,-0.016363,-0.018308,-0.020784,-0.014744,-0.008008,-0.006212,0.003008,0.011970,0.013968,0.017167,0.030532,0.050322,0.059817,0.049259,0.031698,0.022207,0.024215,0.022531,0.019637,0.017045,0.012228,0.008120,0.006006,0.000284,0.002383,0.002388,0.005494,-0.004203,0.000609,0.003089,0.006420,0.000675,0.001975,0.007473,0.002465,0.014234,0.008438
0.004273,0.001003,0.002345,0.000443,-0.000349,-0.003321,-0.006270,0.003435,0.004599,0.001317,-0.005010,-0.007133,-0.011429,-0.007825,-0.004807,-0.003571,-0.003803,-0.007230,-0.013693,-0.009235,-0.013058,-0.013473,-0.016068,-0.017425,-0.018473,-0.020793,-0.012194,-0.008861,-0.010642,-0.001005,0.007595,0.007178,0.011808,0.018291,0.035579,0.049259,0.055118,0.035489,0.020847,0.021230,0.018785,0.018091,0.013025,0.010189,0.007998,0.007568,0.001620,0.003053,0.001559,0.005676,-0.005062,0.001800,0.006448,0.005856,-0.001065,0.002891,0.009235,0.004790,0.013146,0.006935
0.002485,0.001133,0.000890,0.000290,-0.001207,-0.001360,-0.004521,0.003234,0.004769,0.002781,-0.003030,-0.003189,-0.005846,-0.004844,-0.004890,-0.004767,-0.007088,-0.008000,-0.010186,-0.004988,-0.007111,-0.011104,-0.014326,-0.015840,-0.014381,-0.015582,-0.007223,-0.001585,-0.001807,0.003938,0.009781,0.009235,0.012107,0.016708,0.024457,0.031698,0.035489,0.030169,0.022025,0.018168,0.012108,0.011996,0.011531,0.009027,0.008819,0.008241,0.001770,0.003066,0.004373,0.008843,-0.003378,0.000649,0.004184,0.005541,0.002434,0.004993,0.008477,0.003955,0.009121,0.002571
0.004733,0.004066,0.001681,0.002228,0.000668,0.000746,-0.001435,0.005049,0.004908,0.005813,0.004701,0.007426,0.005292,-0.001662,-0.005169,-0.005844,-0.010924,-0.009886,-0.008554,-0.000298,-0.000467,-0.010168,-0.015346,-0.016886,-0.012288,-0.015496,-0.007854,-0.000243,-0.000770,-0.001376,0.003981,0.008926,0.009068,0.013480,0.015669,0.022207,0.020847,0.022025,0.032374,0.024308,0.011495,0.009588,0.013701,0.013242,0.014725,0.008178,0.001944,0.004070,0.007015,0.008969,-0.001368,0.001258,0.003611,0.007703,0.008360,0.005518,0.006609,0.004808,0.008945,0.002128
0.000777,0.000390,-0.000111,0.002614,0.002665,0.006173,0.002922,0.005786,0.003699,0.006478,0.007029,0.007033,0.004097,0.000381,-0.002538,-0.003800,-0.009263,-0.009178,-0.006934,-0.004083,-0.006049,-0.008314,-0.013120,-0.013123,-0.009619,-0.012951,-0.010417,-0.006760,-0.005345,0.002844,0.009814,0.010555,0.014337,0.017908,0.021257,0.024215,0.021230,0.018168,0.024308,0.035972,0.028299,0.020469,0.017601,0.013856,0.016770,0.013065,0.008277,0.009373,0.011055,0.008470,-0.001036,-0.000522,0.004792,0.003454,0.003971,0.007072,0.006721,0.005938,0.012046,0.004581
0.003266,0.002254,0.001966,0.001857,0.003019,0.005315,0.000915,0.003371,-0.001136,0.000411,0.001114,0.001863,-0.001245,-0.001659,-0.003457,-0.003786,-0.007508,-0.009795,-0.011039,-0.013628,-0.014566,-0.011423,-0.011222,-0.009724,-0.009819,-0.010805,-0.009896,-0.006285,-0.004016,0.005607,0.012849,0.011856,0.012698,0.018252,0.022502,0.022531,0.018785,0.012108,0.011495,0.028299,0.034182,0.027164,0.017871,0.011295,0.013422,0.013583,0.010609,0.010063,0.008451,0.007146,0.000120,-0.000761,0.006861,-0.001211,0.001245,0.007964,0.003251,0.004206,0.011396,0.006747
0.005239,0.002501,0.003221,0.000155,0.003155,0.003758,0.000619,0.002418,-0.002587,-0.000301,0.000049,0.004250,0.001930,-0.001451,-0.005375,-0.006808,-0.009445,-0.011349,-0.010420,-0.009208,-0.011287,-0.009380,-0.008622,-0.008268,-0.011784,-0.012467,-0.009786,-0.004892,-0.002190,0.005715,0.010424,0.010754,0.008270,0.014593,0.013355,0.019637,0.018091,0.011996,0.009588,0.020469,0.027164,0.036815,0.025872,0.014410,0.016632,0.014036,0.012449,0.015027,0.011925,0.010626,0.004721,0.004542,0.006013,0.000133,0.002207,0.005848,0.002120,0.002518,0.009205,0.004401
0.003656,0.001356,0.001086,0.000379,0.001545,0.002594,0.000235,0.003449,0.000888,0.003855,0.004013,0.005708,0.002990,-0.003400,-0.008449,-0.010442,-0.014383,-0.015349,-0.013828,-0.009867,-0.007216,-0.005687,-0.007118,-0.005808,-0.004287,-0.002599,-0.000585,0.003865,0.003793,0.008025,0.011411,0.013468,0.008981,0.013857,0.012404,0.017045,0.013025,0.011531,0.013701,0.017601,0.017871,0.025872,0.027709,0.018558,0.019412,0.013661,0.010398,0.012567,0.010695,0.010453,0.003881,0.002627,0.001980,-0.001491,0.002497,0.005738,0.000736,0.002809,0.006465,0.002541
0.004354,-0.000164,0.000128,0.000223,0.000344,0.002199,0.001064,0.003733,0.006130,0.008004,0.008452,0.005633,0.005020,-0.000540,-0.005352,-0.005357,-0.007442,-0.008687,-0.007741,-0.002490,-0.000758,-0.003181,-0.004606,-0.003173,0.000271,0.002582,0.001761,0.007040,0.005078,0.005940,0.007263,0.010332,0.005806,0.006351,0.006106,0.012228,0.010189,0.009027,0.013242,0.013856,0.011295,0.014410,0.018558,0.022632,0.022388,0.013912,0.009793,0.012735,0.010810,0.006334,0.002219,0.000361,-0.000951,-0.000986,0.001802,0.005619,0.000882,0.001890,0.003738,0.000907
0.006578,0.006093,0.001897,0.001632,0.005326,0.009074,0.004357,0.012343,0.010434,0.011069,0.010272,0.007947,0.009235,0.002449,-0.003780,-0.003502,-0.007754,-0.012831,-0.009088,-0.001866,0.001022,-0.002558,-0.008922,-0.006159,-0.003659,-0.001619,-0.000848,0.005089,0.005104,0.009335,0.012176,0.009654,0.001706,0.003939,0.001638,0.008120,0.007998,0.008819,0.014725,0.016770,0.013422,0.016632,0.019412,0.022388,0.036414,0.024228,0.016405,0.019119,0.016578,0.012662,0.003475,0.004561,0.002763,-0.000100,0.006998,0.010453,0.002403,0.004153,0.003758,-0.000213
0.005357,0.004338,0.001688,0.000470,0.002319,0.002121,0.001459,0.007180,0.006624,0.006151,0.004457,0.003291,0.001267,-0.001776,-0.005335,-0.005755,-0.007221,-0.011045,-0.007087,-0.003401,-0.001850,-0.002021,-0.005722,-0.004337,-0.001362,-0.000026,0.000288,0.004139,0.006086,0.011549,0.012459,0.006900,0.003021,0.005238,0.002950,0.006006,0.007568,0.008241,0.008178,0.013065,0.013583,0.014036,0.013661,0.013912,0.024228,0.024096,0.016808,0.016067,0.014483,0.013448,0.000994,0.002808,0.001035,-0.002084,0.007102,0.008772,0.004591,0.005279,0.004411,0.000988
0.003891,0.003649,0.001789,0.000239,0.002633,0.000566,0.002609,0.003492,0.001818,0.003038,0.003135,0.002917,0.001659,0.000057,-0.003187,-0.003360,-0.004547,-0.005480,-0.002853,-0.004059,-0.004351,-0.001240,-0.000650,-0.000100,0.001140,0.000731,-0.001865,0.002109,0.004779,0.008140,0.008366,0.004475,-0.000426,-0.000237,-0.003161,0.000284,0.001620,0.001770,0.001944,0.008277,0.010609,0.012449,0.010398,0.009793,0.016405,0.016808,0.017934,0.017713,0.015605,0.009367,0.003175,0.001769,0.002345,-0.002515,0.003114,0.006059,0.001886,0.003896,0.002802,0.000829
0.006083,0.004259,0.002748,0.001311,0.002983,0.001857,0.004855,0.004814,0.005483,0.007689,0.006306,0.004904,0.004144,0.002826,-0.002056,-0.003647,-0.005203,-0.008110,-0.005691,-0.004985,-0.005551,-0.006969,-0.006335,-0.002522,-0.001911,-0.001849,-0.003221,0.005177,0.007139,0.009986,0.009015,0.009453,0.004135,0.000474,-0.002992,0.002383,0.003053,0.003066,0.004070,0.009373,0.010063,0.015027,0.012567,0.012735,0.019119,0.016067,0.017713,0.025454,0.022285,0.009054,0.005342,0.003208,0.001847,-0.000954,0.004584,0.006877,0.005732,0.006275,0.003857,0.002082
0.005148,0.003214,0.001573,0.000977,0.002476,-0.000260,0.004035,0.004868,0.003726,0.007064,0.005760,0.003509,0.004228,0.003739,-0.002212,-0.002911,-0.004084,-0.004940,-0.001714,-0.000852,-0.001206,-0.003450,-0.002887,-0.001301,-0.001894,-0.002627,-0.004536,0.001679,0.004578,0.008852,0.005504,0.006072,0.003053,0.000859,-0.002693,0.002388,0.001559,0.004373,0.007015,0.011055,0.008451,0.011925,0.010695,0.010810,0.016578,0.014483,0.015605,0.022285,0.026268,0.012349,0.004376,0.003355,0.000462,-0.000621,0.006098,0.003622,0.004861,0.006326,0.003528,-0.000643
0.005035,0.004313,0.000034,-0.000319,0.002065,0.000303,0.002368,0.005607,0.003792,0.005934,0.001948,0.002300,0.001472,0.001403,-0.001630,-0.001029,-0.000799,0.000190,0.002126,0.003739,0.005450,0.004309,-0.000983,-0.006267,-0.005014,-0.007152,-0.005888,-0.005689,-0.003938,0.002352,0.006412,0.004870,0.004857,0.006575,0.003227,0.005494,0.005676,0.008843,0.008969,0.008470,0.007146,0.010626,0.010453,0.006334,0.012662,0.013448,0.009367,0.009054,0.012349,0.022777,0.002262,0.004135,0.007690,0.004090,0.008181,0.004855,0.004245,0.004545,0.004604,0.000248
0.001686,0.002158,0.002168,0.001819,0.004543,0.002732,0.003989,0.000668,-0.000552,0.001831,0.003359,0.002366,0.004539,0.003590,0.002268,0.000995,0.000335,0.000065,0.002372,0.000498,0.001058,0.003994,0.004859,0.003763,0.000395,0.001440,0.000462,0.003100,0.003042,0.000876,-0.001132,-0.000437,-0.003411,-0.004484,-0.005907,-0.004203,-0.005062,-0.003378,-0.001368,-0.001036,0.000120,0.004721,0.003881,0.002219,0.003475,0.000994,0.003175,0.005342,0.004376,0.002262,0.007768,0.004282,0.002525,0.000874,0.001618,0.000795,-0.000162,0.000746,0.001684,0.001151
0.006741,0.007259,0.006974,0.003805,0.007296,0.005075,0.005908,0.006733,0.004217,0.004940,0.003858,0.005290,0.004286,0.002015,0.001069,0.001388,-0.000745,-0.000767,0.004469,0.003529,-0.000077,0.000985,0.000649,0.001154,-0.004258,-0.005564,-0.003800,-0.002849,-0.003385,0.000440,-0.000101,0.000002,-0.003922,-0.003139,-0.002447,0.000609,0.001800,0.000649,0.001258,-0.000522,-0.000761,0.004542,0.002627,0.000361,0.004561,0.002808,0.001769,0.003208,0.003355,0.004135,0.004282,0.012815,0.005706,0.001816,0.004631,0.004106,0.002937,0.003862,0.003565,0.001018
0.005044,0.007111,0.004517,0.003555,0.006121,0.005511,0.004025,0.003640,-0.002532,0.001613,-0.000970,0.000050,0.001400,0.003946,0.003604,0.004909,0.000376,0.001173,0.005764,0.004185,0.001752,0.000312,-0.000909,-0.004519,-0.007811,-0.010193,-0.007560,-0.008800,-0.006160,-0.004975,-0.000348,-0.002469,-0.001442,0.001723,0.002824,0.003089,0.006448,0.004184,0.003611,0.004792,0.006861,0.006013,0.001980,-0.000951,0.002763,0.001035,0.002345,0.001847,0.000462,0.007690,0.002525,0.005706,0.023776,0.012475,0.005330,0.010013,0.003824,0.005375,0.007987,0.003225
0.003766,0.003407,0.003881,0.004310,0.006098,0.005204,0.004530,0.005948,0.001414,0.004009,0.004779,0.003160,0.007939,0.011421,0.011973,0.010858,0.008673,0.008027,0.012113,0.015802,0.011585,0.002105,0.002581,-0.002618,-0.005977,-0.012761,-0.012846,-0.013902,-0.013573,-0.020905,-0.014448,-0.009046,-0.007328,-0.004641,0.000261,0.006420,0.005856,0.005541,0.007703,0.003454,-0.001211,0.000133,-0.001491,-0.000986,-0.000100,-0.002084,-0.002515,-0.000954,-0.000621,0.004090,0.000874,0.001816,0.012475,0.035544,0.015198,0.012234,0.009509,0.010941,0.010745,0.004319
0.007715,0.008516,0.006363,0.005644,0.005474,0.001648,0.003007,0.004459,0.002079,0.004354,0.005395,0.008881,0.011350,0.009144,0.006173,0.007880,0.009421,0.005611,0.009010,0.009051,0.008190,-0.000268,-0.002217,-0.004593,-0.006500,-0.011781,-0.009452,-0.007859,-0.005730,-0.007870,-0.003533,0.001016,-0.002571,-0.000145,0.000401,0.000675,-0.001065,0.002434,0.008360,0.003971,0.001245,0.002207,0.002497,0.001802,0.006998,0.007102,0.003114,0.004584,0.006098,0.008181,0.001618,0.004631,0.005330,0.015198,0.022564,0.011860,0.012480,0.013621,0.009982,0.002622
0.007705,0.006994,0.006648,0.005724,0.006855,0.005306,0.003061,0.006519,0.004610,0.004701,0.005375,0.007052,0.007295,0.006595,0.003842,0.005431,0.002973,0.001020,0.006357,0.008566,0.006554,0.001226,-0.001320,-0.002244,-0.004357,-0.006882,-0.007886,-0.006416,-0.005421,-0.001655,0.003723,0.007622,0.003398,0.003275,0.002118,0.001975,0.002891,0.004993,0.005518,0.007072,0.007964,0.005848,0.005738,0.005619,0.010453,0.008772,0.006059,0.006877,0.003622,0.004855,0.000795,0.004106,0.010013,0.012234,0.011860,0.021587,0.010968,0.012918,0.009270,0.004218
0.007673,0.005357,0.006468,0.006086,0.003125,0.001879,0.004943,0.004292,0.004553,0.005381,0.004054,0.002259,0.004052,0.007334,0.007887,0.009880,0.010831,0.004309,0.004734,0.004498,0.003077,-0.003569,-0.005137,-0.005390,-0.006834,-0.014424,-0.010106,-0.010221,-0.012180,-0.006723,0.001490,-0.001405,0.000542,0.000347,0.006443,0.007473,0.009235,0.008477,0.006609,0.006721,0.003251,0.002120,0.000736,0.000882,0.002403,0.004591,0.001886,0.005732,0.004861,0.004245,-0.000162,0.002937,0.003824,0.009509,0.012480,0.010968,0.027479,0.015732,0.014169,0.006407
0.008248,0.005610,0.004107,0.006195,0.005642,0.003982,0.007239,0.007251,0.006601,0.008623,0.005862,0.002929,0.006123,0.009463,0.008035,0.009229,0.009023,0.005717,0.008485,0.007908,0.007691,0.002659,0.000649,0.000240,-0.001487,-0.007606,-0.007784,-0.006743,-0.006785,-0.004220,-0.000054,0.002911,-0.000032,-0.002924,0.000620,0.002465,0.004790,0.003955,0.004808,0.005938,0.004206,0.002518,0.002809,0.001890,0.004153,0.005279,0.003896,0.006275,0.006326,0.004545,0.000746,0.003862,0.005375,0.010941,0.013621,0.012918,0.015732,0.021585,0.012483,0.004744
0.009639,0.007297,0.007516,0.007353,0.008656,0.004231,0.004495,0.004992,0.000576,0.002816,0.002999,0.002472,0.003352,0.005602,0.007394,0.009904,0.007430,0.002898,0.003228,-0.000305,-0.003935,-0.007415,-0.009626,-0.009426,-0.013868,-0.019376,-0.015889,-0.011420,-0.009942,-0.005053,-0.001866,-0.002037,-0.000990,0.004298,0.013022,0.014234,0.013146,0.009121,0.008945,0.012046,0.011396,0.009205,0.006465,0.003738,0.003758,0.004411,0.002802,0.003857,0.003528,0.004604,0.001684,0.003565,0.007987,0.010745,0.009982,0.009270,0.014169,0.012483,0.023832,0.012134
0.006634,0.004813,0.005662,0.004278,0.005946,0.003227,0.002546,0.001442,-0.000265,0.001060,0.002223,0.003021,0.000593,0.002091,0.004472,0.004884,0.003614,0.000083,-0.002457,-0.005619,-0.005173,-0.003984,-0.004226,-0.003997,-0.007608,-0.009671,-0.007066,-0.004042,-0.004718,-0.002320,-0.000978,-0.001312,-0.000664,0.003648,0.008103,0.008438,0.006935,0.002571,0.002128,0.004581,0.006747,0.004401,0.002541,0.000907,-0.000213,0.000988,0.000829,0.002082,-0.000643,0.000248,0.001151,0.001018,0.003225,0.004319,0.002622,0.004218,0.006407,0.004744,0.012134,0.012167
