0.635358,0.031297,0.070677,0.009767,0.013395,0.013082,0.042068,-0.005127,-0.064239,0.043663,0.057964,-0.122095,0.009695,0.081542,0.027770,0.255900,-0.003064,0.002850,-0.015247,0.053544,-0.030040,-0.007173,-0.632610,0.005483,-0.014988,0.002675,-0.020720,0.000329,0.000000,-0.339722,0.004403,-0.002294,-0.003892,-0.318564,0.008206,-0.026336,0.000697,0.005252,0.013475,0.002233,-0.192604
0.031297,0.058442,-0.001071,0.001785,-0.001688,0.003511,0.001228,-0.020207,-0.000364,0.029493,0.002496,-0.015230,-0.000753,0.014537,-0.000696,0.030456,-0.000466,0.000496,-0.000669,0.021553,-0.001721,0.001100,-0.056975,0.000122,0.000113,-0.000202,-0.003939,0.000227,0.000000,0.010388,-0.002404,-0.000171,0.000630,-0.069033,0.003673,0.001211,0.001915,-0.000157,-0.001158,-0.001009,-0.018458
0.070677,-0.001071,0.238151,0.003092,0.000146,-0.002215,0.011190,-0.089611,-0.001181,0.014920,-0.026394,0.002780,0.011802,-0.003525,0.007070,0.040905,0.014050,0.000490,0.000841,0.051701,0.046400,0.000736,-0.008471,0.017676,-0.000234,0.000929,-0.001470,-0.000076,0.000000,-0.030919,-0.005144,-0.000615,0.001062,-0.031187,0.002161,-0.000776,0.007274,-0.005013,0.006995,0.001119,0.004422
0.009767,0.001785,0.003092,0.018374,0.011397,0.005083,-0.003564,-0.000019,0.000305,-0.003008,-0.008192,-0.001887,-0.003466,0.003674,-0.000101,0.003644,-0.000047,0.000472,-0.000667,0.004299,0.000833,-0.002992,-0.008633,-0.000880,-0.000382,0.000649,-0.001235,0.000688,0.000000,-0.169996,0.008766,0.001009,-0.000197,-0.007864,-0.000670,0.000628,0.001151,0.002247,-0.000534,-0.000192,-0.004039
0.013395,-0.001688,0.000146,0.011397,0.773670,0.004437,0.145796,0.042060,0.004206,0.035188,0.128583,-0.117953,0.017360,-0.001056,0.059579,0.248543,0.004725,-0.001376,-0.000615,0.015377,0.047475,0.001620,0.059145,-0.003109,0.015677,-0.000476,0.012670,-0.002266,0.000000,0.334003,-0.004523,0.011113,0.005677,0.467648,0.009393,-0.004946,-0.002525,0.006976,0.002073,0.000371,0.011338
0.013082,0.003511,-0.002215,0.005083,0.004437,0.043867,0.009217,-0.021433,0.008072,0.001260,-0.015714,0.019148,-0.006469,0.000264,-0.000267,0.118065,-0.000505,0.001759,-0.003727,0.015755,0.012717,0.001356,0.012054,-0.000698,0.000524,-0.001086,-0.000102,0.001860,0.000000,-0.377121,0.004465,0.006065,-0.004937,0.073797,0.004198,0.005545,0.001369,0.009682,-0.008026,-0.000074,0.030146
0.042068,0.001228,0.011190,-0.003564,0.145796,0.009217,0.955392,0.021020,-0.004547,-0.014836,0.018900,-0.119816,0.029214,-0.191542,0.066646,0.116275,0.001642,-0.004418,-0.005133,-0.029522,-0.003143,0.025377,0.033234,-0.004948,0.006875,0.008983,0.020578,-0.000147,0.000000,0.261019,0.041053,0.028648,0.006042,0.490854,0.016337,-0.001369,-0.006174,-0.005253,0.005163,0.008473,0.005169
-0.005127,-0.020207,-0.089611,-0.000019,0.042060,-0.021433,0.021020,8.086045,0.004502,-0.100314,0.187244,-0.190964,0.077725,-0.080721,0.044644,1.236310,-0.005067,-0.010942,0.008882,0.011293,-0.075200,0.048662,-0.042205,-0.022695,0.014108,0.010552,0.130682,-0.008462,0.000000,0.094251,0.039303,-0.064415,0.034202,0.397844,0.011647,-0.050530,0.000694,0.028905,-0.022040,0.002219,-0.077837
-0.064239,-0.000364,-0.001181,0.000305,0.004206,0.008072,-0.004547,0.004502,0.703442,-0.003214,-0.003597,0.046781,-0.003788,0.096883,0.065052,0.229602,-0.007005,0.001913,0.000588,-0.099641,0.014299,-0.000405,0.036973,0.001386,0.000793,-0.001935,-0.003221,-0.000402,0.000000,0.101831,0.014054,-0.024525,-0.002895,-0.085980,0.000074,-0.014490,0.001185,0.002077,0.004821,-0.000153,-0.001487
0.043663,0.029493,0.014920,-0.003008,0.035188,0.001260,-0.014836,-0.100314,-0.003214,0.367335,-0.011724,-0.016633,0.035618,0.100271,0.004725,0.407109,0.003742,0.000191,0.000233,0.014558,-0.007290,-0.004262,-0.041799,0.003655,-0.005897,0.000091,0.006710,-0.001631,0.000000,0.496498,-0.040687,-0.005253,0.001721,-0.047592,0.007192,0.007312,0.013355,-0.020331,0.006105,-0.002246,-0.087443
0.057964,0.002496,-0.026394,-0.008192,0.128583,-0.015714,0.018900,0.187244,-0.003597,-0.011724,0.605396,-0.121558,0.008692,-0.007608,0.011202,0.566546,-0.005795,0.004235,-0.005060,0.038414,-0.039472,0.005126,0.045077,-0.016926,-0.002113,0.000534,0.030263,-0.001232,0.000000,0.571099,0.012852,0.001254,-0.001371,0.531717,0.028399,0.006742,-0.003890,0.001181,-0.006944,-0.001528,-0.039434
-0.122095,-0.015230,0.002780,-0.001887,-0.117953,0.019148,-0.119816,-0.190964,0.046781,-0.016633,-0.121558,0.181254,-0.011340,-0.013562,-0.010538,-0.396944,0.002094,0.000374,0.004406,-0.021364,0.025161,-0.002745,0.047153,0.002041,0.001138,-0.002841,-0.013058,0.002288,0.000000,-0.196360,-0.091105,0.003257,0.006008,-0.171631,-0.011956,0.007017,0.003369,0.017287,-0.032594,0.001027,0.079385
0.009695,-0.000753,0.011802,-0.003466,0.017360,-0.006469,0.029214,0.077725,-0.003788,0.035618,0.008692,-0.011340,0.037817,0.004121,0.007079,0.048486,0.001149,-0.000826,0.000947,0.000966,-0.001477,0.000724,-0.002098,0.002261,0.002166,0.001178,0.003538,-0.000961,0.000000,0.108472,0.016524,-0.001178,0.008105,0.017452,0.000528,0.009715,-0.000348,0.002070,0.011835,0.001677,-0.010208
0.081542,0.014537,-0.003525,0.003674,-0.001056,0.000264,-0.191542,-0.080721,0.096883,0.100271,-0.007608,-0.013562,0.004121,0.188734,-0.016830,0.095600,-0.003292,0.002918,-0.003897,-0.006444,-0.003234,-0.011912,-0.126340,0.007901,-0.003471,-0.001294,-0.016491,0.001189,0.000000,-0.355667,0.044969,-0.006141,-0.026580,-0.298072,-0.004463,0.003565,0.006221,-0.013398,-0.003158,-0.004531,-0.060648
0.027770,-0.000696,0.007070,-0.000101,0.059579,-0.000267,0.066646,0.044644,0.065052,0.004725,0.011202,-0.010538,0.007079,-0.016830,0.129805,0.092961,-0.000460,-0.000712,0.000725,-0.005138,0.003940,0.004518,0.011687,0.000221,0.002031,-0.000356,0.007466,-0.001559,0.000000,0.144850,0.013054,0.000101,0.000330,0.112880,0.004346,0.003284,-0.002246,-0.001523,0.001220,0.002130,0.002147
0.255900,0.030456,0.040905,0.003644,0.248543,0.118065,0.116275,1.236310,0.229602,0.407109,0.566546,-0.396944,0.048486,0.095600,0.092961,3.090096,-0.002423,0.002779,-0.008321,0.070179,-0.022939,0.023410,0.175912,-0.016332,-0.008987,0.001892,0.124505,-0.009718,0.000000,2.065277,0.205773,-0.071727,-0.020316,1.378931,0.037389,0.032823,0.018064,-0.004581,0.038840,-0.002596,-0.039117
-0.003064,-0.000466,0.014050,-0.000047,0.004725,-0.000505,0.001642,-0.005067,-0.007005,0.003742,-0.005795,0.002094,0.001149,-0.003292,-0.000460,-0.002423,0.001350,-0.000152,0.000604,0.004318,0.004539,0.000187,0.006202,0.001002,0.000482,-0.000039,0.000611,-0.000142,0.000000,0.038410,-0.003991,-0.000978,0.000572,0.003685,-0.000092,-0.000614,0.001484,-0.000277,0.001047,0.000095,0.004114
0.002850,0.000496,0.000490,0.000472,-0.001376,0.001759,-0.004418,-0.010942,0.001913,0.000191,0.004235,0.000374,-0.000826,0.002918,-0.000712,0.002779,-0.000152,0.000360,-0.000601,0.000632,0.000218,-0.000533,-0.000908,0.000048,-0.000128,0.000047,-0.000822,0.000278,0.000000,-0.058581,-0.001652,0.001622,-0.001360,0.001222,0.000755,-0.000474,-0.000043,0.000477,-0.001163,-0.000057,-0.000371
-0.015247,-0.000669,0.000841,-0.000667,-0.000615,-0.003727,-0.005133,0.008882,0.000588,0.000233,-0.005060,0.004406,0.000947,-0.003897,0.000725,-0.008321,0.000604,-0.000601,0.002651,0.000572,0.001327,0.000541,0.010584,-0.000091,0.000163,-0.000358,0.001908,-0.000692,0.000000,0.165627,0.001179,-0.005393,0.002145,-0.003405,0.000303,-0.000414,0.001096,0.000169,-0.000559,-0.000122,0.004828
0.053544,0.021553,0.051701,0.004299,0.015377,0.015755,-0.029522,0.011293,-0.099641,0.014558,0.038414,-0.021364,0.000966,-0.006444,-0.005138,0.070179,0.004318,0.000632,0.000572,0.089600,0.006379,0.002295,-0.034604,0.002925,-0.003855,-0.003512,0.001828,-0.000164,0.000000,0.137121,-0.002914,-0.008345,0.007288,0.023197,-0.002434,0.001691,0.007356,-0.002230,0.001264,-0.001124,-0.049234
-0.030040,-0.001721,0.046400,0.000833,0.047475,0.012717,-0.003143,-0.075200,0.014299,-0.007290,-0.039472,0.025161,-0.001477,-0.003234,0.003940,-0.022939,0.004539,0.000218,0.001327,0.006379,0.049180,-0.000809,0.044507,0.004244,0.006846,0.000113,-0.000699,0.000825,0.000000,-0.038680,-0.003464,0.001278,0.000337,-0.000094,-0.002386,-0.001406,0.021898,-0.000438,-0.010151,-0.000462,0.083389
-0.007173,0.001100,0.000736,-0.002992,0.001620,0.001356,0.025377,0.048662,-0.000405,-0.004262,0.005126,-0.002745,0.000724,-0.011912,0.004518,0.023410,0.000187,-0.000533,0.000541,0.002295,-0.000809,0.004394,0.010171,-0.000674,-0.000202,-0.000979,0.002848,-0.000647,0.000000,0.098293,0.005442,-0.001257,0.002245,0.028863,0.000731,-0.000201,-0.002071,-0.001387,0.002642,0.000019,0.005296
-0.632610,-0.056975,-0.008471,-0.008633,0.059145,0.012054,0.033234,-0.042205,0.036973,-0.041799,0.045077,0.047153,-0.002098,-0.126340,0.011687,0.175912,0.006202,-0.000908,0.010584,-0.034604,0.044507,0.010171,0.823536,-0.004156,0.013981,0.000973,0.043422,-0.000151,0.000000,0.157125,0.035447,0.019317,0.016284,0.794531,0.022414,0.011180,0.006101,0.028681,-0.001570,-0.001863,0.203607
0.005483,0.000122,0.017676,-0.000880,-0.003109,-0.000698,-0.004948,-0.022695,0.001386,0.003655,-0.016926,0.002041,0.002261,0.007901,0.000221,-0.016332,0.001002,0.000048,-0.000091,0.002925,0.004244,-0.000674,-0.004156,0.008596,-0.000364,-0.000118,-0.002007,0.000050,0.000000,-0.046721,0.005349,-0.000440,0.001615,-0.031779,-0.005393,-0.001679,0.000413,-0.001074,-0.001582,-0.000604,-0.001938
-0.014988,0.000113,-0.000234,-0.000382,0.015677,0.000524,0.006875,0.014108,0.000793,-0.005897,-0.002113,0.001138,0.002166,-0.003471,0.002031,-0.008987,0.000482,-0.000128,0.000163,-0.003855,0.006846,-0.000202,0.013981,-0.000364,0.015934,-0.000128,0.000372,-0.000108,0.000000,0.002691,-0.002924,0.000675,0.003435,0.012556,0.000735,-0.000948,0.002768,0.000344,0.000842,-0.000062,0.017733
0.002675,-0.000202,0.000929,0.000649,-0.000476,-0.001086,0.008983,0.010552,-0.001935,0.000091,0.000534,-0.002841,0.001178,-0.001294,-0.000356,0.001892,-0.000039,0.000047,-0.000358,-0.003512,0.000113,-0.000979,0.000973,-0.000118,-0.000128,0.003915,0.000162,0.000026,0.000000,-0.027091,0.000110,0.001076,-0.000621,0.007966,0.005394,-0.001998,0.000311,-0.000117,-0.000400,-0.000066,-0.001452
-0.020720,-0.003939,-0.001470,-0.001235,0.012670,-0.000102,0.020578,0.130682,-0.003221,0.006710,0.030263,-0.013058,0.003538,-0.016491,0.007466,0.124505,0.000611,-0.000822,0.001908,0.001828,-0.000699,0.002848,0.043422,-0.002007,0.000372,0.000162,0.014616,-0.001291,0.000000,0.285623,0.003504,-0.007414,0.006140,0.107851,0.004533,0.002566,0.001256,0.001730,0.001388,0.001053,0.010114
0.000329,0.000227,-0.000076,0.000688,-0.002266,0.001860,-0.000147,-0.008462,-0.000402,-0.001631,-0.001232,0.002288,-0.000961,0.001189,-0.001559,-0.009718,-0.000142,0.000278,-0.000692,-0.000164,0.000825,-0.000647,-0.000151,0.000050,-0.000108,0.000026,-0.001291,0.002253,0.000000,-0.085947,-0.000689,0.002701,-0.001480,-0.004074,-0.000225,-0.000079,0.000504,0.000187,-0.000881,0.000004,0.001039
0.000000,0.000000,0.000000,0.000000,0.000000,0.000000,0.000000,0.000000,0.000000,0.000000,0.000000,0.000000,0.000000,0.000000,0.000000,0.000000,0.000000,0.000000,0.000000,0.000000,0.000000,0.000000,0.000000,0.000000,0.000000,0.000000,0.000000,0.000000,0.000000,0.000000,0.000000,0.000000,0.000000,0.000000,0.000000,0.000000,0.000000,0.000000,0.000000,0.000000,0.000000
-0.339722,0.010388,-0.030919,-0.169996,0.334003,-0.377121,0.261019,0.094251,0.101831,0.496498,0.571099,-0.196360,0.108472,-0.355667,0.144850,2.065277,0.038410,-0.058581,0.165627,0.137121,-0.038680,0.098293,0.157125,-0.046721,0.002691,-0.027091,0.285623,-0.085947,0.000000,21.102330,0.064370,-0.627331,0.307904,0.911429,0.080075,-0.042800,0.115728,-0.033580,-0.011405,-0.002702,-0.032538
0.004403,-0.002404,-0.005144,0.008766,-0.004523,0.004465,0.041053,0.039303,0.014054,-0.040687,0.012852,-0.091105,0.016524,0.044969,0.013054,0.205773,-0.003991,-0.001652,0.001179,-0.002914,-0.003464,0.005442,0.035447,0.005349,-0.002924,0.000110,0.003504,-0.000689,0.000000,0.064370,0.290879,-0.013719,-0.006949,-0.088036,-0.003498,0.002692,0.000211,-0.001980,0.002307,-0.004148,0.000514
-0.002294,-0.000171,-0.000615,0.001009,0.011113,0.006065,0.028648,-0.064415,-0.024525,-0.005253,0.001254,0.003257,-0.001178,-0.006141,0.000101,-0.071727,-0.000978,0.001622,-0.005393,-0.008345,0.001278,-0.001257,0.019317,-0.000440,0.000675,0.001076,-0.007414,0.002701,0.000000,-0.627331,-0.013719,0.039271,-0.003890,0.034204,0.002792,0.002547,-0.003104,0.002679,-0.000575,0.000951,0.001100
-0.003892,0.000630,0.001062,-0.000197,0.005677,-0.004937,0.006042,0.034202,-0.002895,0.001721,-0.001371,0.006008,0.008105,-0.026580,0.000330,-0.020316,0.000572,-0.001360,0.002145,0.007288,0.000337,0.002245,0.016284,0.001615,0.003435,-0.000621,0.006140,-0.001480,0.000000,0.307904,-0.006949,-0.003890,0.095932,0.051904,0.001969,0.001942,0.001008,-0.000344,0.005934,0.000218,0.000468
-0.318564,-0.069033,-0.031187,-0.007864,0.467648,0.073797,0.490854,0.397844,-0.085980,-0.047592,0.531717,-0.171631,0.017452,-0.298072,0.112880,1.378931,0.003685,0.001222,-0.003405,0.023197,-0.000094,0.028863,0.794531,-0.031779,0.012556,0.007966,0.107851,-0.004074,0.000000,0.911429,-0.088036,0.034204,0.051904,2.088189,0.083550,-0.008405,-0.015484,0.070797,0.011172,0.008484,0.133515
0.008206,0.003673,0.002161,-0.000670,0.009393,0.004198,0.016337,0.011647,0.000074,0.007192,0.028399,-0.011956,0.000528,-0.004463,0.004346,0.037389,-0.000092,0.000755,0.000303,-0.002434,-0.002386,0.000731,0.022414,-0.005393,0.000735,0.005394,0.004533,-0.000225,0.000000,0.080075,-0.003498,0.002792,0.001969,0.083550,0.141183,-0.000449,0.001675,0.003015,0.001358,-0.001069,0.001905
-0.026336,0.001211,-0.000776,0.000628,-0.004946,0.005545,-0.001369,-0.050530,-0.014490,0.007312,0.006742,0.007017,0.009715,0.003565,0.003284,0.032823,-0.000614,-0.000474,-0.000414,0.001691,-0.001406,-0.000201,0.011180,-0.001679,-0.000948,-0.001998,0.002566,-0.000079,0.000000,-0.042800,0.002692,0.002547,0.001942,-0.008405,-0.000449,0.134601,0.002030,-0.001532,0.001689,-0.001007,0.005828
0.000697,0.001915,0.007274,0.001151,-0.002525,0.001369,-0.006174,0.000694,0.001185,0.013355,-0.003890,0.003369,-0.000348,0.006221,-0.002246,0.018064,0.001484,-0.000043,0.001096,0.007356,0.021898,-0.002071,0.006101,0.000413,0.002768,0.000311,0.001256,0.000504,0.000000,0.115728,0.000211,-0.003104,0.001008,-0.015484,0.001675,0.002030,0.032760,0.000149,-0.003408,-0.000955,0.000416
0.005252,-0.000157,-0.005013,0.002247,0.006976,0.009682,-0.005253,0.028905,0.002077,-0.020331,0.001181,0.017287,0.002070,-0.013398,-0.001523,-0.004581,-0.000277,0.000477,0.000169,-0.002230,-0.000438,-0.001387,0.028681,-0.001074,0.000344,-0.000117,0.001730,0.000187,0.000000,-0.033580,-0.001980,0.002679,-0.000344,0.070797,0.003015,-0.001532,0.000149,0.084001,-0.002438,0.000331,0.002143
0.013475,-0.001158,0.006995,-0.000534,0.002073,-0.008026,0.005163,-0.022040,0.004821,0.006105,-0.006944,-0.032594,0.011835,-0.003158,0.001220,0.038840,0.001047,-0.001163,-0.000559,0.001264,-0.010151,0.002642,-0.001570,-0.001582,0.000842,-0.000400,0.001388,-0.000881,0.000000,-0.011405,0.002307,-0.000575,0.005934,0.011172,0.001358,0.001689,-0.003408,-0.002438,0.151354,0.000028,0.002511
0.002233,-0.001009,0.001119,-0.000192,0.000371,-0.000074,0.008473,0.002219,-0.000153,-0.002246,-0.001528,0.001027,0.001677,-0.004531,0.002130,-0.002596,0.000095,-0.000057,-0.000122,-0.001124,-0.000462,0.000019,-0.001863,-0.000604,-0.000062,-0.000066,0.001053,0.000004,0.000000,-0.002702,-0.004148,0.000951,0.000218,0.008484,-0.001069,-0.001007,-0.000955,0.000331,0.000028,0.007631,0.001243
-0.192604,-0.018458,0.004422,-0.004039,0.011338,0.030146,0.005169,-0.077837,-0.001487,-0.087443,-0.039434,0.079385,-0.010208,-0.060648,0.002147,-0.039117,0.004114,-0.000371,0.004828,-0.049234,0.083389,0.005296,0.203607,-0.001938,0.017733,-0.001452,0.010114,0.001039,0.000000,-0.032538,0.000514,0.001100,0.000468,0.133515,0.001905,0.005828,0.000416,0.002143,0.002511,0.001243,0.359974
