0.026302,-0.001019,0.005014,-0.000387,0.010797,-0.000973,0.006535,0.019571,-0.003395,0.001684,0.000622,-0.006716,0.008462,-0.000685,0.008222,0.061789,0.000159,-0.000117,-0.000416,0.004042,0.004307,0.000308,-0.023957,0.003671,0.000836,-0.000759,0.005201,-0.000497,0.000000,0.085392,-0.002868,-0.002904,0.002127,0.007834,-0.003151,0.001773,0.000168,0.002343,0.010059,-0.000634,0.002592
-0.001019,0.046130,-0.001606,0.000983,-0.002392,0.003356,0.000342,-0.006123,0.001659,0.002380,0.002340,0.004143,0.002917,-0.001421,-0.005012,-0.008120,-0.000695,0.000421,0.000419,0.000185,-0.004761,0.000375,-0.036972,0.001683,-0.000667,0.000178,-0.004296,0.000415,0.000000,-0.012591,0.001768,0.000314,0.001795,-0.009066,0.003907,0.000536,0.002535,0.002134,-0.001080,-0.001154,-0.021033
0.005014,-0.001606,0.240045,0.000365,0.004703,0.003215,0.005473,-0.088864,0.002912,0.001223,0.004097,0.020646,0.039949,-0.002101,0.016151,-0.059449,0.017642,-0.001270,0.000533,-0.000757,0.054059,-0.000232,0.002445,0.020144,-0.000591,0.005590,0.013638,-0.000562,0.000000,-0.191381,-0.003259,0.000688,0.001966,-0.024224,0.000843,0.002649,-0.019279,-0.004109,0.015794,0.000462,0.006749
-0.000387,0.000983,0.000365,0.017536,0.012631,-0.000702,0.000963,-0.001951,0.000176,-0.000793,0.000810,0.000945,0.001400,-0.000095,0.003003,0.006275,0.000499,-0.000113,-0.000029,0.001646,0.000323,-0.000048,-0.011564,0.001247,0.000165,0.000551,0.009561,0.000014,0.000000,-0.027036,0.009652,0.000083,-0.001356,0.000715,-0.000340,0.002141,0.006079,0.000059,0.004771,-0.000019,-0.002488
0.010797,-0.002392,0.004703,0.012631,0.809778,-0.008342,0.151711,0.010346,0.001870,0.002145,0.128784,-0.096354,0.049821,0.002929,0.068969,0.320307,0.002940,-0.002201,-0.000772,0.183862,0.037524,0.004430,0.101648,0.013758,0.015201,0.002354,0.002201,-0.000457,0.000000,0.124467,0.001550,0.000037,0.004393,0.381397,0.011443,-0.001479,0.006319,0.014569,0.010448,0.001681,0.010937
-0.000973,0.003356,0.003215,-0.000702,-0.008342,0.127004,0.023890,0.107383,0.244880,-0.004210,-0.007982,0.005338,0.013098,-0.003501,0.022721,0.184044,-0.002805,-0.000005,-0.000263,0.001255,0.021414,0.001798,0.158659,-0.009269,0.002515,0.022949,-0.007254,-0.000554,0.000000,-0.055196,0.008703,-0.000244,0.012917,0.090651,-0.002091,-0.001193,-0.007352,0.004140,0.017971,0.000935,0.069653
0.006535,0.000342,0.005473,0.000963,0.151711,0.023890,0.961016,0.043051,-0.005860,0.007274,0.007388,-0.160246,0.112231,-0.013466,0.068085,0.426164,-0.005287,-0.005302,-0.004815,0.067167,-0.017011,0.002782,0.091676,-0.010310,0.006864,0.042010,-0.006372,-0.000017,0.000000,-0.294124,0.036027,0.009497,0.009404,0.364822,0.012174,0.006943,-0.033160,-0.020149,0.001591,0.011917,0.015871
0.019571,-0.006123,-0.088864,-0.001951,0.010346,0.107383,0.043051,8.213500,0.024779,-0.070108,-0.186084,-0.086784,0.344778,-0.025262,0.057867,2.820955,-0.023204,-0.012656,-0.003140,-0.047782,-0.080098,0.062317,0.546075,-0.003211,0.024255,0.053363,0.009227,-0.004338,0.000000,0.294960,0.024740,-0.014708,0.041952,0.223945,0.013218,0.002494,0.019047,0.007330,0.032924,0.004659,-0.095348
-0.003395,0.001659,0.002912,0.000176,0.001870,0.244880,-0.005860,0.024779,0.773062,-0.002696,-0.014424,0.001930,0.028187,0.007628,0.067562,0.611302,-0.012875,0.002148,-0.000435,-0.037358,0.021366,-0.001802,0.055681,-0.009610,-0.000718,0.047898,-0.022975,0.000289,0.000000,0.620337,0.014911,-0.003263,-0.002601,-0.071367,0.002292,-0.007591,-0.013082,-0.004833,0.017895,-0.000472,-0.019271
0.001684,0.002380,0.001223,-0.000793,0.002145,-0.004210,0.007274,-0.070108,-0.002696,0.271678,-0.015707,-0.027391,-0.001247,0.009687,0.009786,0.394956,0.007565,0.001280,-0.000516,-0.004896,0.020842,-0.003276,-0.003278,-0.000347,-0.000091,-0.008664,-0.004423,0.000270,0.000000,0.316449,-0.005806,0.000533,-0.000442,0.016997,0.007854,-0.006740,0.004273,-0.003436,-0.003451,-0.000227,0.001953
0.000622,0.002340,0.004097,0.000810,0.128784,-0.007982,0.007388,-0.186084,-0.014424,-0.015707,0.745016,-0.062492,-0.033283,-0.001063,0.003530,0.729460,0.005441,0.002140,-0.000805,0.189224,-0.034114,-0.003222,0.116904,-0.002497,-0.000892,0.005352,0.025744,0.000908,0.000000,0.061591,0.018646,0.002133,-0.005336,0.494211,0.025131,0.004854,0.001875,0.007760,-0.008095,0.001333,-0.007966
-0.006716,0.004143,0.020646,0.000945,-0.096354,0.005338,-0.160246,-0.086784,0.001930,-0.027391,-0.062492,0.100027,-0.038105,-0.002603,-0.030282,-0.476832,0.001122,0.000905,0.000949,-0.036762,0.005164,-0.001872,-0.076092,0.001584,-0.001667,-0.008014,-0.006048,-0.000368,0.000000,-0.584107,-0.031965,0.000539,0.001476,-0.118925,-0.012011,-0.007998,-0.008665,0.006545,-0.012340,-0.001320,0.001250
0.008462,0.002917,0.039949,0.001400,0.049821,0.013098,0.112231,0.344778,0.028187,-0.001247,-0.033283,-0.038105,0.095234,0.002948,0.038026,0.459961,-0.000815,-0.002167,-0.000868,0.005498,-0.000238,0.004298,0.039655,0.005085,0.002662,0.009808,0.007114,-0.000527,0.000000,0.621452,0.071263,-0.000067,0.014936,0.013357,0.003644,0.024885,-0.008797,0.001535,0.028212,0.000670,-0.031604
-0.000685,-0.001421,-0.002101,-0.000095,0.002929,-0.003501,-0.013466,-0.025262,0.007628,0.009687,-0.001063,-0.002603,0.002948,0.059524,0.001335,0.013625,-0.000774,0.000643,-0.000021,-0.001474,0.001781,-0.000532,-0.002495,0.003178,0.000211,0.000590,0.003669,-0.000159,0.000000,0.003396,0.000338,-0.001899,-0.003164,-0.004018,0.003646,-0.001751,0.000588,0.000246,-0.000347,-0.001125,-0.002013
0.008222,-0.005012,0.016151,0.003003,0.068969,0.022721,0.068085,0.057867,0.067562,0.009786,0.003530,-0.030282,0.038026,0.001335,0.196763,0.290113,-0.003244,-0.001065,-0.000390,0.012764,0.002739,0.001817,-0.001153,0.013702,0.003048,0.010031,0.005663,-0.001187,0.000000,-0.084411,0.016312,-0.000156,-0.000419,0.038615,0.002943,0.012048,0.009505,-0.000522,0.037080,0.003085,-0.011782
0.061789,-0.008120,-0.059449,0.006275,0.320307,0.184044,0.426164,2.820955,0.611302,0.394956,0.729460,-0.476832,0.459961,0.013625,0.290113,6.567423,-0.006024,-0.004276,-0.009619,0.204472,-0.016704,0.031617,0.868925,-0.003319,0.013868,0.056366,0.071529,0.001407,0.000000,9.467412,0.438931,-0.012226,-0.031161,0.574013,0.033607,0.063433,0.065046,-0.046166,0.107950,-0.004318,0.013135
0.000159,-0.000695,0.017642,0.000499,0.002940,-0.002805,-0.005287,-0.023204,-0.012875,0.007565,0.005441,0.001122,-0.000815,-0.000774,-0.003244,-0.006024,0.002717,-0.000041,0.000069,0.001928,0.008584,-0.000109,0.009702,0.001889,0.000593,-0.000667,0.002574,0.000083,0.000000,-0.001524,-0.002924,-0.000368,-0.000321,0.003644,0.000336,0.001834,0.003268,-0.000601,0.000273,-0.000109,0.011909
-0.000117,0.000421,-0.001270,-0.000113,-0.002201,-0.000005,-0.005302,-0.012656,0.002148,0.001280,0.002140,0.000905,-0.002167,0.000643,-0.001065,-0.004276,-0.000041,0.000167,0.000025,-0.000185,-0.000234,-0.000203,-0.004640,-0.000545,-0.000123,-0.000224,-0.000294,0.000026,0.000000,0.003397,-0.002349,0.000023,-0.000776,-0.001794,0.000665,-0.000626,0.000318,0.000587,-0.000913,-0.000079,-0.000789
-0.000416,0.000419,0.000533,-0.000029,-0.000772,-0.000263,-0.004815,-0.003140,-0.000435,-0.000516,-0.000805,0.000949,-0.000868,-0.000021,-0.000390,-0.009619,0.000069,0.000025,0.001310,-0.000480,0.000230,-0.000045,-0.001348,0.000108,0.000050,-0.000244,0.000256,-0.000007,0.000000,-0.011918,-0.000349,0.000025,-0.000056,-0.002310,-0.000060,-0.000154,0.000016,0.000337,-0.000383,-0.000040,0.000207
0.004042,0.000185,-0.000757,0.001646,0.183862,0.001255,0.067167,-0.047782,-0.037358,-0.004896,0.189224,-0.036762,0.005498,-0.001474,0.012764,0.204472,0.001928,-0.000185,-0.000480,0.098314,-0.002430,0.000665,0.090090,-0.003697,0.003038,0.003110,0.007863,-0.000398,0.000000,-0.036756,-0.007124,0.000493,0.012693,0.253985,0.011955,0.000327,0.004632,0.007977,-0.002344,0.001221,0.000230
0.004307,-0.004761,0.054059,0.000323,0.037524,0.021414,-0.017011,-0.080098,0.021366,0.020842,-0.034114,0.005164,-0.000238,0.001781,0.002739,-0.016704,0.008584,-0.000234,0.000230,-0.002430,0.050416,0.000447,0.055169,0.004321,0.005340,0.003596,0.002706,0.000236,0.000000,0.034821,-0.002027,-0.000663,0.003282,-0.007355,0.000631,0.005584,0.019517,-0.003945,0.005867,-0.000633,0.091366
0.000308,0.000375,-0.000232,-0.000048,0.004430,0.001798,0.002782,0.062317,-0.001802,-0.003276,-0.003222,-0.001872,0.004298,-0.000532,0.001817,0.031617,-0.000109,-0.000203,-0.000045,0.000665,0.000447,0.001269,0.019891,0.000423,0.000643,0.000698,0.000353,-0.000164,0.000000,0.038062,0.001388,0.000015,0.000617,0.007752,0.000417,0.000543,0.000146,-0.000275,0.000798,0.000010,0.004560
-0.023957,-0.036972,0.002445,-0.011564,0.101648,0.158659,0.091676,0.546075,0.055681,-0.003278,0.116904,-0.076092,0.039655,-0.002495,-0.001153,0.868925,0.009702,-0.004640,-0.001348,0.090090,0.055169,0.019891,1.533729,0.023806,0.019805,0.041150,0.035467,-0.002447,0.000000,1.062426,0.021611,-0.000276,0.004691,0.751646,0.046937,-0.006816,0.010394,-0.036608,0.018139,0.000332,0.318453
0.003671,0.001683,0.020144,0.001247,0.013758,-0.009269,-0.010310,-0.003211,-0.009610,-0.000347,-0.002497,0.001584,0.005085,0.003178,0.013702,-0.003319,0.001889,-0.000545,0.000108,-0.003697,0.004321,0.000423,0.023806,0.019364,-0.000397,-0.002688,0.011271,-0.000131,0.000000,0.000388,0.004771,-0.002581,0.000792,-0.019652,-0.008030,0.000611,-0.002522,-0.005426,0.013906,-0.000756,0.002311
0.000836,-0.000667,-0.000591,0.000165,0.015201,0.002515,0.006864,0.024255,-0.000718,-0.000091,-0.000892,-0.001667,0.002662,0.000211,0.003048,0.013868,0.000593,-0.000123,0.000050,0.003038,0.005340,0.000643,0.019805,-0.000397,0.014728,-0.000085,-0.000699,-0.000224,0.000000,0.025471,-0.001937,0.000052,0.003344,0.013515,0.000536,0.000301,0.004961,-0.000269,0.000116,0.000003,0.016419
-0.000759,0.000178,0.005590,0.000551,0.002354,0.022949,0.042010,0.053363,0.047898,-0.008664,0.005352,-0.008014,0.009808,0.000590,0.010031,0.056366,-0.000667,-0.000224,-0.000244,0.003110,0.003596,0.000698,0.041150,-0.002688,-0.000085,0.015933,-0.001839,-0.000134,0.000000,-0.076582,0.015514,-0.000090,-0.000397,0.040871,0.028996,0.000789,-0.000097,0.000304,0.003527,0.000464,0.010068
0.005201,-0.004296,0.013638,0.009561,0.002201,-0.007254,-0.006372,0.009227,-0.022975,-0.004423,0.025744,-0.006048,0.007114,0.003669,0.005663,0.071529,0.002574,-0.000294,0.000256,0.007863,0.002706,0.000353,0.035467,0.011271,-0.000699,-0.001839,0.032489,0.000111,0.000000,0.172186,0.002474,-0.005567,0.004413,0.022972,-0.001120,-0.000331,0.006862,0.001100,-0.020680,-0.000593,0.003136
-0.000497,0.000415,-0.000562,0.000014,-0.000457,-0.000554,-0.000017,-0.004338,0.000289,0.000270,0.000908,-0.000368,-0.000527,-0.000159,-0.001187,0.001407,0.000083,0.000026,-0.000007,-0.000398,0.000236,-0.000164,-0.002447,-0.000131,-0.000224,-0.000134,0.000111,0.002106,0.000000,0.011292,0.000164,0.000083,-0.000378,-0.002171,0.000008,-0.000042,0.000976,0.000056,-0.000750,-0.000024,0.000225
0.000000,0.000000,0.000000,0.000000,0.000000,0.000000,0.000000,0.000000,0.000000,0.000000,0.000000,0.000000,0.000000,0.000000,0.000000,0.000000,0.000000,0.000000,0.000000,0.000000,0.000000,0.000000,0.000000,0.000000,0.000000,0.000000,0.000000,0.000000,0.000000,0.000000,0.000000,0.000000,0.000000,0.000000,0.000000,0.000000,0.000000,0.000000,0.000000,0.000000,0.000000
0.085392,-0.012591,-0.191381,-0.027036,0.124467,-0.055196,-0.294124,0.294960,0.620337,0.316449,0.061591,-0.584107,0.621452,0.003396,-0.084411,9.467412,-0.001524,0.003397,-0.011918,-0.036756,0.034821,0.038062,1.062426,0.000388,0.025471,-0.076582,0.172186,0.011292,0.000000,26.220889,0.435620,-0.022201,-0.037815,-0.781932,-0.017497,-0.017136,0.124545,-0.075061,0.024512,-0.044049,0.234892
-0.002868,0.001768,-0.003259,0.009652,0.001550,0.008703,0.036027,0.024740,0.014911,-0.005806,0.018646,-0.031965,0.071263,0.000338,0.016312,0.438931,-0.002924,-0.002349,-0.000349,-0.007124,-0.002027,0.001388,0.021611,0.004771,-0.001937,0.015514,0.002474,0.000164,0.000000,0.435620,0.274562,-0.001290,-0.009453,-0.059218,-0.003678,0.002020,0.000478,-0.003408,0.008004,-0.000436,0.002489
-0.002904,0.000314,0.000688,0.000083,0.000037,-0.000244,0.009497,-0.014708,-0.003263,0.000533,0.002133,0.000539,-0.000067,-0.001899,-0.000156,-0.012226,-0.000368,0.000023,0.000025,0.000493,-0.000663,0.000015,-0.000276,-0.002581,0.000052,-0.000090,-0.005567,0.000083,0.000000,-0.022201,-0.001290,0.014811,-0.000634,0.004828,0.000669,-0.000145,-0.000813,-0.000185,-0.001786,0.001194,0.000233
0.002127,0.001795,0.001966,-0.001356,0.004393,0.012917,0.009404,0.041952,-0.002601,-0.000442,-0.005336,0.001476,0.014936,-0.003164,-0.000419,-0.031161,-0.000321,-0.000776,-0.000056,0.012693,0.003282,0.000617,0.004691,0.000792,0.003344,-0.000397,0.004413,-0.000378,0.000000,-0.037815,-0.009453,-0.000634,0.111275,0.035075,0.002267,0.001927,-0.002171,-0.001778,0.006214,0.000207,-0.006483
0.007834,-0.009066,-0.024224,0.000715,0.381397,0.090651,0.364822,0.223945,-0.071367,0.016997,0.494211,-0.118925,0.013357,-0.004018,0.038615,0.574013,0.003644,-0.001794,-0.002310,0.253985,-0.007355,0.007752,0.751646,-0.019652,0.013515,0.040871,0.022972,-0.002171,0.000000,-0.781932,-0.059218,0.004828,0.035075,1.034139,0.087148,-0.005222,-0.009460,0.056580,-0.008065,0.006985,0.108779
-0.003151,0.003907,0.000843,-0.000340,0.011443,-0.002091,0.012174,0.013218,0.002292,0.007854,0.025131,-0.012011,0.003644,0.003646,0.002943,0.033607,0.000336,0.000665,-0.000060,0.011955,0.000631,0.000417,0.046937,-0.008030,0.000536,0.028996,-0.001120,0.000008,0.000000,-0.017497,-0.003678,0.000669,0.002267,0.087148,0.138505,0.003510,0.000176,0.002865,0.000872,-0.001077,-0.001653
0.001773,0.000536,0.002649,0.002141,-0.001479,-0.001193,0.006943,0.002494,-0.007591,-0.006740,0.004854,-0.007998,0.024885,-0.001751,0.012048,0.063433,0.001834,-0.000626,-0.000154,0.000327,0.005584,0.000543,-0.006816,0.000611,0.000301,0.000789,-0.000331,-0.000042,0.000000,-0.017136,0.002020,-0.000145,0.001927,-0.005222,0.003510,0.131062,0.014181,-0.001944,0.000647,0.000146,0.003688
0.000168,0.002535,-0.019279,0.006079,0.006319,-0.007352,-0.033160,0.019047,-0.013082,0.004273,0.001875,-0.008665,-0.008797,0.000588,0.009505,0.065046,0.003268,0.000318,0.000016,0.004632,0.019517,0.000146,0.010394,-0.002522,0.004961,-0.000097,0.006862,0.000976,0.000000,0.124545,0.000478,-0.000813,-0.002171,-0.009460,0.000176,0.014181,0.053185,-0.001586,-0.005948,-0.000735,0.007983
0.002343,0.002134,-0.004109,0.000059,0.014569,0.004140,-0.020149,0.007330,-0.004833,-0.003436,0.007760,0.006545,0.001535,0.000246,-0.000522,-0.046166,-0.000601,0.000587,0.000337,0.007977,-0.003945,-0.000275,-0.036608,-0.005426,-0.000269,0.000304,0.001100,0.000056,0.000000,-0.075061,-0.003408,-0.000185,-0.001778,0.056580,0.002865,-0.001944,-0.001586,0.089980,-0.005677,-0.000257,0.002561
0.010059,-0.001080,0.015794,0.004771,0.010448,0.017971,0.001591,0.032924,0.017895,-0.003451,-0.008095,-0.012340,0.028212,-0.000347,0.037080,0.107950,0.000273,-0.000913,-0.000383,-0.002344,0.005867,0.000798,0.018139,0.013906,0.000116,0.003527,-0.020680,-0.000750,0.000000,0.024512,0.008004,-0.001786,0.006214,-0.008065,0.000872,0.000647,-0.005948,-0.005677,0.159666,-0.000994,0.010902
-0.000634,-0.001154,0.000462,-0.000019,0.001681,0.000935,0.011917,0.004659,-0.000472,-0.000227,0.001333,-0.001320,0.000670,-0.001125,0.003085,-0.004318,-0.000109,-0.000079,-0.000040,0.001221,-0.000633,0.000010,0.000332,-0.000756,0.000003,0.000464,-0.000593,-0.000024,0.000000,-0.044049,-0.000436,0.001194,0.000207,0.006985,-0.001077,0.000146,-0.000735,-0.000257,-0.000994,0.002646,0.001081
0.002592,-0.021033,0.006749,-0.002488,0.010937,0.069653,0.015871,-0.095348,-0.019271,0.001953,-0.007966,0.001250,-0.031604,-0.002013,-0.011782,0.013135,0.011909,-0.000789,0.000207,0.000230,0.091366,0.004560,0.318453,0.002311,0.016419,0.010068,0.003136,0.000225,0.000000,0.234892,0.002489,0.000233,-0.006483,0.108779,-0.001653,0.003688,0.007983,0.002561,0.010902,0.001081,0.399572
