0.001340,0.000019,-0.000007,-0.000065,-0.000069,-0.000045,0.000164,0.000061,-0.000026,-0.000082,0.000003,-0.000137,0.000099,-0.000277,0.000121,0.000118,0.000082,-0.000034,0.000000,-0.000039,-0.000007,0.000059,-0.000272,-0.000111,-0.000282,0.000096,0.000049,-0.000054,0.000000,0.000529,0.000039,-0.000051,0.000063,-0.000045,-0.000037,0.000049,-0.000010,0.000092,0.000257,-0.000053,-0.000016
0.000019,0.000878,0.000150,-0.000328,-0.000001,0.000076,0.001081,-0.000112,-0.000127,-0.000765,0.000082,0.000003,0.000347,0.000020,-0.000053,0.000041,0.000366,-0.000015,0.000000,0.000493,-0.000044,0.000081,-0.000038,0.000210,-0.000049,0.000072,-0.000038,-0.000060,0.000000,-0.000316,-0.000057,0.000013,0.000063,-0.000570,-0.000021,-0.000097,0.000024,0.000007,-0.000020,-0.000100,-0.000020
-0.000007,0.000150,0.002137,-0.000080,-0.000042,0.000258,0.001113,-0.001043,0.000378,-0.000667,-0.000898,-0.000352,0.001080,0.002061,0.000289,-0.000914,0.001190,-0.000115,0.000000,-0.000443,0.001206,0.000250,-0.000049,0.001888,-0.001159,0.000314,0.000205,-0.000040,0.000000,-0.001182,0.000023,0.000294,-0.000082,-0.000665,0.000587,0.000220,-0.000606,-0.000198,0.000434,-0.000491,0.000238
-0.000065,-0.000328,-0.000080,0.004029,0.000145,-0.000302,-0.003716,-0.000660,0.000297,0.000782,0.001168,0.000658,0.000008,0.005366,0.000028,-0.001699,-0.001897,0.000204,0.000000,-0.002933,-0.001335,-0.000223,-0.000181,-0.003433,-0.002327,-0.000173,-0.000041,-0.000115,0.000000,-0.000967,0.000301,-0.000238,-0.000347,-0.002022,0.000517,0.000997,-0.000701,0.000001,0.000257,0.000201,-0.000080
-0.000069,-0.000001,-0.000042,0.000145,0.000563,-0.000035,0.000225,-0.000076,-0.000008,0.000255,0.000152,0.000027,-0.000089,-0.000062,0.000035,-0.000083,-0.000169,0.000059,0.000000,-0.000067,-0.000011,-0.000027,0.000074,-0.000995,-0.000238,0.000069,0.000040,-0.000000,0.000000,0.000040,0.000044,-0.000179,0.000047,0.000080,0.000319,0.000092,-0.000016,0.000196,0.000088,-0.000450,0.000047
-0.000045,0.000076,0.000258,-0.000302,-0.000035,0.000531,0.000971,0.000058,0.000421,-0.001143,-0.000349,-0.000181,0.000578,-0.000554,0.000054,0.000097,0.000641,0.000039,0.000000,0.000706,0.000338,0.000322,0.000154,0.000043,0.000048,0.000315,0.000291,0.000011,0.000000,0.000717,0.000103,0.000157,-0.000013,0.000242,-0.000069,-0.000037,0.000013,-0.000068,0.000047,-0.000008,0.000189
0.000164,0.001081,0.001113,-0.003716,0.000225,0.000971,0.023145,0.000762,-0.000254,-0.011959,-0.001229,-0.001156,-0.000360,-0.017421,0.000683,0.005860,0.003470,-0.001375,0.000000,0.009540,0.001749,0.002328,0.000747,0.007601,0.000026,0.002655,-0.000275,-0.000670,0.000000,-0.001420,0.000747,-0.000128,0.000671,0.007084,-0.001768,0.000381,0.001948,-0.000474,-0.001076,-0.000566,0.000293
0.000061,-0.000112,-0.001043,-0.000660,-0.000076,0.000058,0.000762,0.002167,0.000162,-0.000353,-0.000090,0.000125,-0.000010,-0.000594,0.000159,0.000818,-0.000107,-0.000045,0.000000,0.000123,-0.000316,0.000262,0.000175,0.001113,-0.000277,-0.000067,-0.000098,-0.000050,0.000000,0.000840,-0.000032,-0.000235,0.000068,0.001118,-0.001280,-0.000017,-0.000022,0.000113,-0.000161,0.000343,-0.000123
-0.000026,-0.000127,0.000378,0.000297,-0.000008,0.000421,-0.000254,0.000162,0.001624,-0.000442,-0.000399,-0.000014,0.000700,0.002019,0.000343,-0.000586,-0.000205,0.000379,0.000000,-0.000267,0.000145,0.000012,0.000055,0.000247,-0.000864,0.000433,0.000290,-0.000085,0.000000,0.000336,0.000101,-0.000286,-0.000033,-0.000258,-0.000018,-0.000048,-0.000384,0.000014,-0.000046,-0.000159,0.000227
-0.000082,-0.000765,-0.000667,0.000782,0.000255,-0.001143,-0.011959,-0.000353,-0.000442,0.018334,0.001537,0.000292,-0.001473,0.009880,-0.001198,-0.001933,0.000770,0.000275,0.000000,-0.006329,-0.001704,-0.001226,-0.000850,0.003367,-0.000364,-0.002850,-0.000355,0.000652,0.000000,0.000849,-0.001034,-0.000858,0.000257,-0.005797,0.001048,-0.000504,-0.001096,0.001799,0.001063,-0.001003,-0.000671
0.000003,0.000082,-0.000898,0.001168,0.000152,-0.000349,-0.001229,-0.000090,-0.000399,0.001537,0.001786,0.000399,-0.000331,0.000306,0.000107,0.000249,-0.000226,0.000243,0.000000,-0.000108,-0.001399,-0.000140,-0.000180,-0.000336,-0.001568,-0.000461,-0.000066,0.000003,0.000000,-0.000536,-0.000019,-0.000644,-0.000101,-0.000037,-0.000049,0.000031,0.000320,0.000342,0.000151,-0.000347,-0.000287
-0.000137,0.000003,-0.000352,0.000658,0.000027,-0.000181,-0.001156,0.000125,-0.000014,0.000292,0.000399,0.001344,-0.000054,0.000816,-0.000120,-0.000435,-0.001189,0.000010,0.000000,-0.000196,-0.000555,0.000074,0.000172,0.000326,-0.000994,-0.000164,-0.000253,-0.000005,0.000000,-0.001778,-0.000120,-0.000038,0.000040,-0.000430,-0.000536,0.000085,-0.000196,0.000392,0.000105,-0.000034,-0.000129
0.000099,0.000347,0.001080,0.000008,-0.000089,0.000578,-0.000360,-0.000010,0.000700,-0.001473,-0.000331,-0.000054,0.005486,0.004647,0.000486,-0.000473,0.000762,-0.000100,0.000000,-0.000443,-0.000228,0.000066,-0.000057,0.004078,-0.003348,0.000848,0.000388,0.000006,0.000000,0.000624,0.000653,-0.000822,0.000098,-0.000917,0.000042,0.000513,-0.000935,0.000044,0.000865,-0.000399,-0.000059
-0.000277,0.000020,0.002061,0.005366,-0.000062,-0.000554,-0.017421,-0.000594,0.002019,0.009880,0.000306,0.000816,0.004647,0.030613,-0.000515,-0.006453,-0.001437,0.000935,0.000000,-0.014972,-0.000083,-0.001026,-0.000793,-0.001773,-0.002993,-0.002022,0.000281,-0.000132,0.000000,-0.000536,0.000099,-0.000055,-0.000543,-0.010131,0.001738,0.001416,-0.001448,-0.000117,0.000632,0.000024,-0.000052
0.000121,-0.000053,0.000289,0.000028,0.000035,0.000054,0.000683,0.000159,0.000343,-0.001198,0.000107,-0.000120,0.000486,-0.000515,0.001251,-0.000128,-0.000249,0.000077,0.000000,0.000893,-0.000258,0.000170,0.000002,0.000185,-0.000950,0.000241,0.000075,-0.000102,0.000000,-0.000059,-0.000013,-0.000124,-0.000022,0.000767,0.000368,0.000107,-0.000037,-0.000011,0.000055,-0.000162,0.000046
0.000118,0.000041,-0.000914,-0.001699,-0.000083,0.000097,0.005860,0.000818,-0.000586,-0.001933,0.000249,-0.000435,-0.000473,-0.006453,-0.000128,0.003570,0.002291,-0.000439,0.000000,0.002933,0.000016,0.000415,0.000279,0.004055,0.001907,0.000182,-0.000249,0.000074,0.000000,0.001121,0.000152,-0.000332,0.000235,0.002700,-0.001162,0.000118,0.000871,0.000063,-0.000891,0.000131,-0.000211
0.000082,0.000366,0.001190,-0.001897,-0.000169,0.000641,0.003470,-0.000107,-0.000205,0.000770,-0.000226,-0.001189,0.000762,-0.001437,-0.000249,0.002291,0.007661,-0.000279,0.000000,0.000501,0.001331,0.000700,0.000246,0.006302,0.006214,0.000414,0.000774,0.000428,0.000000,0.001955,0.000319,0.000096,-0.000079,-0.000415,0.000661,0.000178,0.000025,-0.000425,-0.000831,-0.000456,0.000162
-0.000034,-0.000015,-0.000115,0.000204,0.000059,0.000039,-0.001375,-0.000045,0.000379,0.000275,0.000243,0.000010,-0.000100,0.000935,0.000077,-0.000439,-0.000279,0.000865,0.000000,-0.000381,-0.000033,-0.000152,-0.000107,-0.001576,-0.000619,0.000140,-0.000030,0.000036,0.000000,0.000097,0.000020,-0.000110,-0.000010,-0.000220,0.000190,-0.000183,-0.000122,0.000141,-0.000060,-0.000049,0.000088
0.000000,0.000000,0.000000,0.000000,0.000000,0.000000,0.000000,0.000000,0.000000,0.000000,0.000000,0.000000,0.000000,0.000000,0.000000,0.000000,0.000000,0.000000,0.000000,0.000000,0.000000,0.000000,0.000000,0.000000,0.000000,0.000000,0.000000,0.000000,0.000000,0.000000,0.000000,0.000000,0.000000,0.000000,0.000000,0.000000,0.000000,0.000000,0.000000,0.000000,0.000000
-0.000039,0.000493,-0.000443,-0.002933,-0.000067,0.000706,0.009540,0.000123,-0.000267,-0.006329,-0.000108,-0.000196,-0.000443,-0.014972,0.000893,0.002933,0.000501,-0.000381,0.000000,0.009484,-0.000332,0.000363,0.000397,0.003482,-0.001715,0.001254,-0.000018,-0.000049,0.000000,-0.000264,-0.000138,-0.000052,0.000156,0.005362,-0.001475,-0.000739,0.000329,-0.000133,0.000308,-0.000610,0.000077
-0.000007,-0.000044,0.001206,-0.001335,-0.000011,0.000338,0.001749,-0.000316,0.000145,-0.001704,-0.001399,-0.000555,-0.000228,-0.000083,-0.000258,0.000016,0.001331,-0.000033,0.000000,-0.000332,0.002493,-0.000016,0.000042,0.000197,0.002353,0.000257,0.000276,0.000196,0.000000,0.000100,0.000130,0.000759,0.000094,0.000363,0.000063,-0.000367,0.000993,-0.000361,-0.000436,0.000058,0.000443
0.000059,0.000081,0.000250,-0.000223,-0.000027,0.000322,0.002328,0.000262,0.000012,-0.001226,-0.000140,0.000074,0.000066,-0.001026,0.000170,0.000415,0.000700,-0.000152,0.000000,0.000363,-0.000016,0.001381,0.000320,0.000647,0.000451,0.000117,0.000018,-0.000095,0.000000,-0.000187,0.000029,0.000096,-0.000015,0.000066,-0.000246,0.000148,-0.000081,0.000004,-0.000100,0.000015,0.000044
-0.000272,-0.000038,-0.000049,-0.000181,0.000074,0.000154,0.000747,0.000175,0.000055,-0.000850,-0.000180,0.000172,-0.000057,-0.000793,0.000002,0.000279,0.000246,-0.000107,0.000000,0.000397,0.000042,0.000320,0.000323,0.000255,0.000391,0.000034,0.000176,0.000004,0.000000,-0.000050,0.000008,0.000124,-0.000000,0.000434,-0.000050,0.000191,-0.000232,-0.000037,-0.000316,0.000052,0.000050
-0.000111,0.000210,0.001888,-0.003433,-0.000995,0.000043,0.007601,0.001113,0.000247,0.003367,-0.000336,0.000326,0.004078,-0.001773,0.000185,0.004055,0.006302,-0.001576,0.000000,0.003482,0.000197,0.000647,0.000255,0.030276,-0.002640,0.000062,-0.000218,0.001296,0.000000,-0.003515,-0.000085,-0.001188,0.000583,0.000429,-0.002678,0.000333,-0.001146,0.000134,-0.000419,-0.002330,-0.000589
-0.000282,-0.000049,-0.001159,-0.002327,-0.000238,0.000048,0.000026,-0.000277,-0.000864,-0.000364,-0.001568,-0.000994,-0.003348,-0.002993,-0.000950,0.001907,0.006214,-0.000619,0.000000,-0.001715,0.002353,0.000451,0.000391,-0.002640,0.032480,0.001051,0.000316,0.000203,0.000000,0.007324,0.000191,0.002451,0.000287,-0.004527,0.003313,-0.000827,0.003889,-0.002034,-0.002284,0.001066,0.000001
0.000096,0.000072,0.000314,-0.000173,0.000069,0.000315,0.002655,-0.000067,0.000433,-0.002850,-0.000461,-0.000164,0.000848,-0.002022,0.000241,0.000182,0.000414,0.000140,0.000000,0.001254,0.000257,0.000117,0.000034,0.000062,0.001051,0.001791,-0.000144,0.000080,0.000000,0.000131,0.000433,-0.000026,-0.000059,0.000906,0.001168,0.000027,0.000163,-0.000250,0.000090,-0.000019,0.000213
0.000049,-0.000038,0.000205,-0.000041,0.000040,0.000291,-0.000275,-0.000098,0.000290,-0.000355,-0.000066,-0.000253,0.000388,0.000281,0.000075,-0.000249,0.000774,-0.000030,0.000000,-0.000018,0.000276,0.000018,0.000176,-0.000218,0.000316,-0.000144,0.002058,0.000176,0.000000,0.000885,0.000056,0.000033,0.000036,0.000550,0.001333,0.000172,0.000039,-0.000118,-0.000054,0.000086,0.000151
-0.000054,-0.000060,-0.000040,-0.000115,-0.000000,0.000011,-0.000670,-0.000050,-0.000085,0.000652,0.000003,-0.000005,0.000006,-0.000132,-0.000102,0.000074,0.000428,0.000036,0.000000,-0.000049,0.000196,-0.000095,0.000004,0.001296,0.000203,0.000080,0.000176,0.000534,0.000000,0.000052,0.000105,0.000046,-0.000007,-0.000110,0.000156,-0.000000,-0.000028,-0.000025,-0.000072,-0.000029,0.000030
0.000000,0.000000,0.000000,0.000000,0.000000,0.000000,0.000000,0.000000,0.000000,0.000000,0.000000,0.000000,0.000000,0.000000,0.000000,0.000000,0.000000,0.000000,0.000000,0.000000,0.000000,0.000000,0.000000,0.000000,0.000000,0.000000,0.000000,0.000000,0.000000,0.000000,0.000000,0.000000,0.000000,0.000000,0.000000,0.000000,0.000000,0.000000,0.000000,0.000000,0.000000
0.000529,-0.000316,-0.001182,-0.000967,0.000040,0.000717,-0.001420,0.000840,0.000336,0.000849,-0.000536,-0.001778,0.000624,-0.000536,-0.000059,0.001121,0.001955,0.000097,0.000000,-0.000264,0.000100,-0.000187,-0.000050,-0.003515,0.007324,0.000131,0.000885,0.000052,0.000000,0.007649,0.000524,0.000459,0.000235,-0.000536,0.000967,0.000088,0.000201,-0.000267,0.000208,0.000484,0.000176
0.000039,-0.000057,0.000023,0.000301,0.000044,0.000103,0.000747,-0.000032,0.000101,-0.001034,-0.000019,-0.000120,0.000653,0.000099,-0.000013,0.000152,0.000319,0.000020,0.000000,-0.000138,0.000130,0.000029,0.000008,-0.000085,0.000191,0.000433,0.000056,0.000105,0.000000,0.000524,0.000891,-0.000018,-0.000008,0.000037,-0.000005,0.000010,-0.000145,-0.000005,-0.000033,-0.000034,0.000060
-0.000051,0.000013,0.000294,-0.000238,-0.000179,0.000157,-0.000128,-0.000235,-0.000286,-0.000858,-0.000644,-0.000038,-0.000822,-0.000055,-0.000124,-0.000332,0.000096,-0.000110,0.000000,-0.000052,0.000759,0.000096,0.000124,-0.001188,0.002451,-0.000026,0.000033,0.000046,0.000000,0.000459,-0.000018,0.001325,0.000008,-0.000310,0.000230,0.000168,0.000377,-0.000761,0.000006,0.000292,0.000203
0.000063,0.000063,-0.000082,-0.000347,0.000047,-0.000013,0.000671,0.000068,-0.000033,0.000257,-0.000101,0.000040,0.000098,-0.000543,-0.000022,0.000235,-0.000079,-0.000010,0.000000,0.000156,0.000094,-0.000015,-0.000000,0.000583,0.000287,-0.000059,0.000036,-0.000007,0.000000,0.000235,-0.000008,0.000008,0.000741,-0.000398,-0.000109,0.000054,-0.000030,0.000031,0.000046,-0.000010,0.000024
-0.000045,-0.000570,-0.000665,-0.002022,0.000080,0.000242,0.007084,0.001118,-0.000258,-0.005797,-0.000037,-0.000430,-0.000917,-0.010131,0.000767,0.002700,-0.000415,-0.000220,0.000000,0.005362,0.000363,0.000066,0.000434,0.000429,-0.004527,0.000906,0.000550,-0.000110,0.000000,-0.000536,0.000037,-0.000310,-0.000398,0.007681,-0.000478,-0.000202,0.001052,0.000076,-0.000197,0.000102,0.000015
-0.000037,-0.000021,0.000587,0.000517,0.000319,-0.000069,-0.001768,-0.001280,-0.000018,0.001048,-0.000049,-0.000536,0.000042,0.001738,0.000368,-0.001162,0.000661,0.000190,0.000000,-0.001475,0.000063,-0.000246,-0.000050,-0.002678,0.003313,0.001168,0.001333,0.000156,0.000000,0.000967,-0.000005,0.000230,-0.000109,-0.000478,0.005310,-0.000156,0.000191,0.000026,-0.000276,0.000039,0.000378
0.000049,-0.000097,0.000220,0.000997,0.000092,-0.000037,0.000381,-0.000017,-0.000048,-0.000504,0.000031,0.000085,0.000513,0.001416,0.000107,0.000118,0.000178,-0.000183,0.000000,-0.000739,-0.000367,0.000148,0.000191,0.000333,-0.000827,0.000027,0.000172,-0.000000,0.000000,0.000088,0.000010,0.000168,0.000054,-0.000202,-0.000156,0.001909,-0.000569,-0.000143,0.000235,0.000099,-0.000085
-0.000010,0.000024,-0.000606,-0.000701,-0.000016,0.000013,0.001948,-0.000022,-0.000384,-0.001096,0.000320,-0.000196,-0.000935,-0.001448,-0.000037,0.000871,0.000025,-0.000122,0.000000,0.000329,0.000993,-0.000081,-0.000232,-0.001146,0.003889,0.000163,0.000039,-0.000028,0.000000,0.000201,-0.000145,0.000377,-0.000030,0.001052,0.000191,-0.000569,0.003839,-0.000427,-0.000362,0.000257,-0.000019
0.000092,0.000007,-0.000198,0.000001,0.000196,-0.000068,-0.000474,0.000113,0.000014,0.001799,0.000342,0.000392,0.000044,-0.000117,-0.000011,0.000063,-0.000425,0.000141,0.000000,-0.000133,-0.000361,0.000004,-0.000037,0.000134,-0.002034,-0.000250,-0.000118,-0.000025,0.000000,-0.000267,-0.000005,-0.000761,0.000031,0.000076,0.000026,-0.000143,-0.000427,0.001592,0.000299,-0.000351,-0.000053
0.000257,-0.000020,0.000434,0.000257,0.000088,0.000047,-0.001076,-0.000161,-0.000046,0.001063,0.000151,0.000105,0.000865,0.000632,0.000055,-0.000891,-0.000831,-0.000060,0.000000,0.000308,-0.000436,-0.000100,-0.000316,-0.000419,-0.002284,0.000090,-0.000054,-0.000072,0.000000,0.000208,-0.000033,0.000006,0.000046,-0.000197,-0.000276,0.000235,-0.000362,0.000299,0.002397,-0.000690,-0.000157
-0.000053,-0.000100,-0.000491,0.000201,-0.000450,-0.000008,-0.000566,0.000343,-0.000159,-0.001003,-0.000347,-0.000034,-0.000399,0.000024,-0.000162,0.000131,-0.000456,-0.000049,0.000000,-0.000610,0.000058,0.000015,0.000052,-0.002330,0.001066,-0.000019,0.000086,-0.000029,0.000000,0.000484,-0.000034,0.000292,-0.000010,0.000102,0.000039,0.000099,0.000257,-0.000351,-0.000690,0.001267,0.000009
-0.000016,-0.000020,0.000238,-0.000080,0.000047,0.000189,0.000293,-0.000123,0.000227,-0.000671,-0.000287,-0.000129,-0.000059,-0.000052,0.000046,-0.000211,0.000162,0.000088,0.000000,0.000077,0.000443,0.000044,0.000050,-0.000589,0.000001,0.000213,0.000151,0.000030,0.000000,0.000176,0.000060,0.000203,0.000024,0.000015,0.000378,-0.000085,-0.000019,-0.000053,-0.000157,0.000009,0.000325
