0.339511,0.119695,0.197848,-0.004315,0.240929,0.256492,0.491823,2.124943,0.349915,0.266188,0.333475,-0.032339,0.564913,-0.081049,0.553985,1.042836,0.057784,-0.103704,-0.010594,0.021661,0.025723,0.013899,0.468764,-0.001291,0.027013,0.005576,0.218617,-0.018202,0.002586,1.782823,-0.021833,0.095228,0.220506,0.165383,0.003979,0.421442,0.023390,0.041905,0.440030,0.012884,0.375962
0.119695,0.674062,0.094745,-0.014915,-0.284130,0.265872,-0.422881,-2.179832,0.292218,0.277198,-0.275397,-0.126977,-0.011837,0.207247,0.119791,0.492793,0.128785,0.121773,-0.005263,0.043014,0.060340,-0.017990,-0.923133,-0.001123,0.006438,-0.022033,0.052951,-0.010701,-0.005545,1.409670,-0.085322,-0.108767,-0.103328,-0.275280,0.004397,0.195428,0.255963,-0.047993,0.154626,-0.011461,0.642656
0.197848,0.094745,2.017249,0.005006,0.002008,0.147736,0.684874,1.055371,-0.235376,-0.143028,-0.055737,0.044075,0.942822,-0.151152,0.279657,-0.338654,0.284180,-0.169406,-0.001173,-0.020576,0.035203,0.063841,0.848577,0.083770,0.270829,-0.010898,0.071656,-0.002218,0.056702,-0.981735,-0.227443,0.272002,0.879066,-0.177433,-0.196836,0.759872,0.071639,-0.019700,0.939548,-0.014246,1.750222
-0.004315,-0.014915,0.005006,0.045088,0.164181,-0.000151,0.056035,-0.116323,0.010432,0.009993,0.199575,-0.004587,0.010087,-0.019984,-0.002048,-0.006362,0.001555,0.003273,0.007655,0.000118,-0.000826,-0.000359,0.031141,-0.001173,0.005948,0.008279,-0.003527,0.001397,-0.000739,0.214378,0.021907,-0.004345,0.052428,0.183819,0.039519,-0.001954,0.004205,0.091782,-0.008494,0.000059,-0.004055
0.240929,-0.284130,0.002008,0.164181,5.160223,-0.049444,1.491511,3.325162,-0.119575,0.340408,6.020515,-0.042912,1.036947,-0.224089,0.606073,0.585867,0.035486,-0.091049,0.000459,0.169343,0.001453,0.019314,7.573477,-0.020363,0.067474,0.177144,0.205601,-0.010380,-0.007935,7.039368,0.241036,-0.039846,0.839547,3.701809,0.542637,0.350515,-0.009684,1.707277,0.468828,-0.012294,-0.072177
0.256492,0.265872,0.147736,-0.000151,-0.049444,1.071939,0.184034,-0.542674,1.011086,0.084965,-0.103111,-0.099632,0.389936,-0.000616,0.398424,0.763769,0.061695,0.040374,-0.002253,-0.013860,0.118196,-0.018997,0.293648,-0.006179,0.002420,-0.000344,0.102896,-0.002509,-0.006383,-0.264407,0.138340,0.203881,-0.050294,-0.129220,0.009569,0.099301,0.172898,-0.082785,0.164521,-0.008249,1.411771
0.491823,-0.422881,0.684874,0.056035,1.491511,0.184034,4.663281,12.062396,0.973052,0.393896,1.815757,-0.066620,1.801018,-0.739977,1.007250,2.478282,0.125443,-0.657232,-0.007238,0.133642,-0.025118,0.088845,3.009271,0.032074,0.185239,0.072846,0.359926,-0.015751,0.052932,4.044215,-0.134681,-0.158447,2.329210,1.291640,0.242546,0.872908,-0.104575,0.329002,1.038047,0.062203,0.497966
2.124943,-2.179832,1.055371,-0.116323,3.325162,-0.542674,12.062396,87.007708,-2.263511,-2.588269,2.949713,0.368214,5.548957,-3.436290,4.154800,1.566209,-0.262413,-3.946279,-0.137960,0.082748,-0.155672,0.558237,11.243474,0.082149,0.795560,0.227393,2.141531,-0.160149,0.214325,0.303920,-2.741164,0.325077,4.849665,2.004124,-2.951202,4.254689,-1.534363,-0.951168,3.939970,0.216638,0.958031
0.349915,0.292218,-0.235376,0.010432,-0.119575,1.011086,0.973052,-2.263511,4.297823,0.916117,-0.136962,0.081770,0.629169,0.248914,0.662096,3.600712,-0.177856,0.091782,-0.006362,-0.029834,-0.000356,-0.011146,-0.090560,-0.014116,-0.071492,-0.004856,0.155602,-0.008163,-0.018025,0.951660,0.616024,-0.005764,-0.050307,-0.214030,0.038664,0.157431,-0.205731,-0.146280,0.249122,0.002234,-0.231135
0.266188,0.277198,-0.143028,0.009993,0.340408,0.084965,0.393896,-2.588269,0.916117,3.891490,0.784323,-0.526775,1.276488,0.607794,0.675512,6.913377,0.241298,0.170883,-0.009000,0.163658,-0.023224,-0.050363,-0.094518,-0.016754,-0.074570,-0.023766,0.182221,-0.013451,-0.012308,15.399895,1.890901,-0.024673,0.361742,0.307958,0.377274,0.316707,0.301622,0.223553,0.450457,0.100299,-0.421988
0.333475,-0.275397,-0.055737,0.199575,6.020515,-0.103111,1.815757,2.949713,-0.136962,0.784323,9.863030,-0.035360,1.536436,-0.242211,0.836114,1.178105,0.012656,-0.006351,0.001460,0.224756,-0.002413,0.018923,9.319543,-0.026411,0.078125,0.242381,0.271150,-0.012861,-0.011255,8.785883,0.298658,-0.076369,1.092331,4.842207,0.542635,0.535379,-0.025685,2.693059,0.650583,-0.005696,-0.164451
-0.032339,-0.126977,0.044075,-0.004587,-0.042912,-0.099632,-0.066620,0.368214,0.081770,-0.526775,-0.035360,0.498220,-0.190966,-0.087097,-0.076433,-0.919210,-0.094038,-0.039928,0.000566,0.002295,-0.007909,0.017032,0.105659,-0.000440,0.006732,0.003322,-0.018036,0.004058,0.001713,-3.195409,-0.193399,0.053472,0.010147,-0.013506,-0.200227,-0.045937,-0.182314,-0.021877,-0.061733,-0.031910,-0.180030
0.564913,-0.011837,0.942822,0.010087,1.036947,0.389936,1.801018,5.548957,0.629169,1.276488,1.536436,-0.190966,3.651029,0.421404,1.216708,3.581575,0.143509,-0.290265,-0.012335,0.089074,0.041957,0.057597,1.819579,0.077342,0.124124,0.031678,0.371494,-0.017974,0.050859,7.418957,1.920386,0.126588,1.012999,0.686502,-0.122335,1.299884,-0.062848,0.298088,1.563401,0.067612,1.085710
-0.081049,0.207247,-0.151152,-0.019984,-0.224089,-0.000616,-0.739977,-3.436290,0.248914,0.607794,-0.242211,-0.087097,0.421404,1.194574,0.056789,0.919121,-0.103305,0.243981,-0.005420,-0.045285,0.003279,-0.030266,-0.622240,-0.013728,-0.061421,-0.014289,-0.018379,-0.004821,-0.009854,1.560530,2.072432,-0.070246,-0.362247,-0.290356,-0.065900,-0.252668,-0.115796,-0.074256,-0.003682,0.029327,-0.119937
0.553985,0.119791,0.279657,-0.002048,0.606073,0.398424,1.007250,4.154800,0.662096,0.675512,0.836114,-0.076433,1.216708,0.056789,1.056670,2.162777,0.059778,-0.173294,-0.021072,0.035610,0.032954,0.024824,1.131393,-0.005481,0.034677,0.019441,0.396703,-0.034344,0.006136,3.977692,0.683016,0.143250,0.449937,0.474952,-0.003136,0.667650,-0.048313,0.144781,0.823136,0.028514,0.528612
1.042836,0.492793,-0.338654,-0.006362,0.585867,0.763769,2.478282,1.566209,3.600712,6.913377,1.178105,-0.919210,3.581575,0.919121,2.162777,19.938261,0.281694,-0.050632,-0.025801,0.305558,-0.057078,-0.058724,0.604070,-0.039588,-0.155469,-0.055466,0.651264,-0.044484,-0.022532,35.335169,3.497596,0.080094,1.197003,0.048844,0.402630,1.170038,0.407771,0.163943,1.371172,0.301855,-0.925235
0.057784,0.128785,0.284180,0.001555,0.035486,0.061695,0.125443,-0.262413,-0.177856,0.241298,0.012656,-0.094038,0.143509,-0.103305,0.059778,0.281694,0.225126,0.006530,0.000469,0.056721,0.022872,-0.001584,-0.062003,0.005110,0.052017,-0.002922,0.023898,-0.001701,0.003252,1.917797,-0.226274,0.017133,0.226496,0.034740,0.070767,0.161907,0.198225,0.036701,0.155649,-0.002622,0.418420
-0.103704,0.121773,-0.169406,0.003273,-0.091049,0.040374,-0.657232,-3.946279,0.091782,0.170883,-0.006351,-0.039928,-0.290265,0.243981,-0.173294,-0.050632,0.006530,0.328166,0.003838,0.009518,0.012705,-0.036400,-0.428541,-0.012118,-0.042426,-0.007160,-0.085066,0.005009,-0.009906,0.384644,0.299195,-0.019888,-0.239830,-0.039424,0.125329,-0.309241,0.075280,0.102724,-0.252706,-0.019457,-0.037403
-0.010594,-0.005263,-0.001173,0.007655,0.000459,-0.002253,-0.007238,-0.137960,-0.006362,-0.009000,0.001460,0.000566,-0.012335,-0.005420,-0.021072,-0.025801,0.000469,0.003838,0.007853,-0.000605,-0.000198,-0.000982,-0.005402,-0.000282,0.000214,-0.000229,-0.008610,0.001661,-0.000177,-0.040943,-0.006517,-0.001043,-0.000188,0.008760,0.016134,-0.013322,0.003656,0.013532,-0.025288,-0.000302,-0.002451
0.021661,0.043014,-0.020576,0.000118,0.169343,-0.013860,0.133642,0.082748,-0.029834,0.163658,0.224756,0.002295,0.089074,-0.045285,0.035610,0.305558,0.056721,0.009518,-0.000605,0.112886,0.002042,-0.001228,-0.052661,-0.002722,0.010422,0.000421,0.016172,-0.000798,-0.001714,1.981429,-0.083997,-0.010081,0.138467,0.224085,-0.019504,0.030033,0.059164,0.083751,0.033791,-0.001604,-0.009619
0.025723,0.060340,0.035203,-0.000826,0.001453,0.118196,-0.025118,-0.155672,-0.000356,-0.023224,-0.002413,-0.007909,0.041957,0.003279,0.032954,-0.057078,0.022872,0.012705,-0.000198,0.002042,0.040270,-0.003739,-0.022824,-0.000892,0.003096,-0.000727,0.008073,-0.000228,-0.000561,-0.090563,0.003832,0.001975,-0.008070,-0.005680,-0.017512,0.013143,0.050588,-0.007502,0.020239,-0.000958,0.276760
0.013899,-0.017990,0.063841,-0.000359,0.019314,-0.018997,0.088845,0.558237,-0.011146,-0.050363,0.018923,0.017032,0.057597,-0.030266,0.024824,-0.058724,-0.001584,-0.036400,-0.000982,-0.001228,-0.003739,0.008972,0.083490,0.006133,0.010207,0.001958,0.009863,-0.000454,0.004061,-0.168125,-0.036129,0.003430,0.044167,0.007386,-0.035936,0.076469,-0.024879,-0.004219,0.074157,-0.000051,0.011214
0.468764,-0.923133,0.848577,0.031141,7.573477,0.293648,3.009271,11.243474,-0.090560,-0.094518,9.319543,0.105659,1.819579,-0.622240,1.131393,0.604070,-0.062003,-0.428541,-0.005402,-0.052661,-0.022824,0.083490,31.416636,-0.000563,0.222063,0.440174,0.368427,-0.010468,0.012838,0.053141,-0.252232,0.600817,0.401999,3.658682,-0.283036,0.876432,-0.304824,1.645797,1.071375,0.015226,0.509610
-0.001291,-0.001123,0.083770,-0.001173,-0.020363,-0.006179,0.032074,0.082149,-0.014116,-0.016754,-0.026411,-0.000440,0.077342,-0.013728,-0.005481,-0.039588,0.005110,-0.012118,-0.000282,-0.002722,-0.000892,0.006133,-0.000563,0.034353,-0.001017,-0.001032,-0.007149,0.000497,0.021630,-0.149014,-0.031772,-0.003374,0.037414,-0.030499,-0.014470,0.118840,-0.008067,-0.013646,0.134237,-0.001361,0.082639
0.027013,0.006438,0.270829,0.005948,0.067474,0.002420,0.185239,0.795560,-0.071492,-0.074570,0.078125,0.006732,0.124124,-0.061421,0.034677,-0.155469,0.052017,-0.042426,0.000214,0.010422,0.003096,0.010207,0.222063,-0.001017,0.120312,-0.000096,0.015959,-0.001920,-0.000494,-0.231715,-0.113378,0.026430,0.205567,0.034273,-0.038193,0.081048,0.017708,0.013904,0.090968,-0.002705,0.259693
0.005576,-0.022033,-0.010898,0.008279,0.177144,-0.000344,0.072846,0.227393,-0.004856,-0.023766,0.242381,0.003322,0.031678,-0.014289,0.019441,-0.055466,-0.002922,-0.007160,-0.000229,0.000421,-0.000727,0.001958,0.440174,-0.001032,-0.000096,0.033460,0.006829,0.000112,-0.000650,-0.126586,0.015264,-0.002505,0.031414,0.162288,0.011663,0.013467,-0.011596,0.056652,0.014960,0.000210,-0.014703
0.218617,0.052951,0.071656,-0.003527,0.205601,0.102896,0.359926,2.141531,0.155602,0.182221,0.271150,-0.018036,0.371494,-0.018379,0.396703,0.651264,0.023898,-0.085066,-0.008610,0.016172,0.008073,0.009863,0.368427,-0.007149,0.015959,0.006829,0.247369,-0.026078,0.003656,1.207115,0.104893,0.058148,0.157451,0.176949,0.010436,0.263528,-0.028492,0.054334,0.280202,0.009375,0.139212
-0.018202,-0.010701,-0.002218,0.001397,-0.010380,-0.002509,-0.015751,-0.160149,-0.008163,-0.013451,-0.012861,0.004058,-0.017974,-0.004821,-0.034344,-0.044484,-0.001701,0.005009,0.001661,-0.000798,-0.000228,-0.000454,-0.010468,0.000497,-0.001920,0.000112,-0.026078,0.015881,-0.000404,-0.071547,-0.015093,-0.001291,-0.006275,-0.010398,-0.005601,-0.024194,0.004973,-0.003923,-0.033112,-0.000389,-0.002735
0.002586,-0.005545,0.056702,-0.000739,-0.007935,-0.006383,0.052932,0.214325,-0.018025,-0.012308,-0.011255,0.001713,0.050859,-0.009854,0.006136,-0.022532,0.003252,-0.009906,-0.000177,-0.001714,-0.000561,0.004061,0.012838,0.021630,-0.000494,-0.000650,0.003656,-0.000404,0.021925,-0.092491,-0.017058,-0.001636,0.046522,-0.016956,-0.009697,0.074605,-0.007734,-0.010253,0.084378,-0.000857,0.056820
1.782823,1.409670,-0.981735,0.214378,7.039368,-0.264407,4.044215,0.303920,0.951660,15.399895,8.785883,-3.195409,7.418957,1.560530,3.977692,35.335169,1.917797,0.384644,-0.040943,1.981429,-0.090563,-0.168125,0.053141,-0.149014,-0.231715,-0.126586,1.207115,-0.071547,-0.092491,138.968944,6.609925,0.083051,3.292310,7.079846,0.781354,3.039061,2.771439,3.091641,3.216409,0.580402,-2.029397
-0.021833,-0.085322,-0.227443,0.021907,0.241036,0.138340,-0.134681,-2.741164,0.616024,1.890901,0.298658,-0.193399,1.920386,2.072432,0.683016,3.497596,-0.226274,0.299195,-0.006517,-0.083997,0.003832,-0.036129,-0.252232,-0.031772,-0.113378,0.015264,0.104893,-0.015093,-0.017058,6.609925,6.791115,-0.097791,0.034441,0.194547,-0.004065,-0.101737,-0.358084,0.069762,0.417601,0.060357,-0.173595
0.095228,-0.108767,0.272002,-0.004345,-0.039846,0.203881,-0.158447,0.325077,-0.005764,-0.024673,-0.076369,0.053472,0.126588,-0.070246,0.143250,0.080094,0.017133,-0.019888,-0.001043,-0.010081,0.001975,0.003430,0.600817,-0.003374,0.026430,-0.002505,0.058148,-0.001291,-0.001636,0.083051,-0.097791,0.428529,-0.075248,-0.070793,-0.056965,0.044809,-0.018792,-0.045802,0.058735,-0.002402,0.312276
0.220506,-0.103328,0.879066,0.052428,0.839547,-0.050294,2.329210,4.849665,-0.050307,0.361742,1.092331,0.010147,1.012999,-0.362247,0.449937,1.197003,0.226496,-0.239830,-0.000188,0.138467,-0.008070,0.044167,0.401999,0.037414,0.205567,0.031414,0.157451,-0.006275,0.046522,3.292310,0.034441,-0.075248,2.111134,1.014847,0.258603,0.505787,0.075576,0.334350,0.667818,0.002611,0.773210
0.165383,-0.275280,-0.177433,0.183819,3.701809,-0.129220,1.291640,2.004124,-0.214030,0.307958,4.842207,-0.013506,0.686502,-0.290356,0.474952,0.048844,0.034740,-0.039424,0.008760,0.224085,-0.005680,0.007386,3.658682,-0.030499,0.034273,0.162288,0.176949,-0.010398,-0.016956,7.079846,0.194547,-0.070793,1.014847,4.560716,0.688089,0.114476,-0.004097,1.598107,0.268346,-0.011308,-0.242200
0.003979,0.004397,-0.196836,0.039519,0.542637,0.009569,0.242546,-2.951202,0.038664,0.377274,0.542635,-0.200227,-0.122335,-0.065900,-0.003136,0.402630,0.070767,0.125329,0.016134,-0.019504,-0.017512,-0.035936,-0.283036,-0.014470,-0.038193,0.011663,0.010436,-0.005601,-0.009697,0.781354,-0.004065,-0.056965,0.258603,0.688089,1.582971,-0.179268,0.193388,0.495064,-0.178790,-0.034158,-0.305217
0.421442,0.195428,0.759872,-0.001954,0.350515,0.099301,0.872908,4.254689,0.157431,0.316707,0.535379,-0.045937,1.299884,-0.252668,0.667650,1.170038,0.161907,-0.309241,-0.013322,0.030033,0.013143,0.076469,0.876432,0.118840,0.081048,0.013467,0.263528,-0.024194,0.074605,3.039061,-0.101737,0.044809,0.505787,0.114476,-0.179268,2.098628,0.050918,0.068330,1.555832,0.010491,0.663046
0.023390,0.255963,0.071639,0.004205,-0.009684,0.172898,-0.104575,-1.534363,-0.205731,0.301622,-0.025685,-0.182314,-0.062848,-0.115796,-0.048313,0.407771,0.198225,0.075280,0.003656,0.059164,0.050588,-0.024879,-0.304824,-0.008067,0.017708,-0.011596,-0.028492,0.004973,-0.007734,2.771439,-0.358084,-0.018792,0.075576,-0.004097,0.193388,0.050918,0.385900,0.046257,-0.033682,-0.001038,0.522370
0.041905,-0.047993,-0.019700,0.091782,1.707277,-0.082785,0.329002,-0.951168,-0.146280,0.223553,2.693059,-0.021877,0.298088,-0.074256,0.144781,0.163943,0.036701,0.102724,0.013532,0.083751,-0.007502,-0.004219,1.645797,-0.013646,0.013904,0.056652,0.054334,-0.003923,-0.010253,3.091641,0.069762,-0.045802,0.334350,1.598107,0.495064,0.068330,0.046257,1.161423,0.089661,-0.004298,-0.138660
0.440030,0.154626,0.939548,-0.008494,0.468828,0.164521,1.038047,3.939970,0.249122,0.450457,0.650583,-0.061733,1.563401,-0.003682,0.823136,1.371172,0.155649,-0.252706,-0.025288,0.033791,0.020239,0.074157,1.071375,0.134237,0.090968,0.014960,0.280202,-0.033112,0.084378,3.216409,0.417601,0.058735,0.667818,0.268346,-0.178790,1.555832,-0.033682,0.089661,1.782230,0.016906,0.923819
0.012884,-0.011461,-0.014246,0.000059,-0.012294,-0.008249,0.062203,0.216638,0.002234,0.100299,-0.005696,-0.031910,0.067612,0.029327,0.028514,0.301855,-0.002622,-0.019457,-0.000302,-0.001604,-0.000958,-0.000051,0.015226,-0.001361,-0.002705,0.000210,0.009375,-0.000389,-0.000857,0.580402,0.060357,-0.002402,0.002611,-0.011308,-0.034158,0.010491,-0.001038,-0.004298,0.016906,0.071098,-0.014044
0.375962,0.642656,1.750222,-0.004055,-0.072177,1.411771,0.497966,0.958031,-0.231135,-0.421988,-0.164451,-0.180030,1.085710,-0.119937,0.528612,-0.925235,0.418420,-0.037403,-0.002451,-0.009619,0.276760,0.011214,0.509610,0.082639,0.259693,-0.014703,0.139212,-0.002735,0.056820,-2.029397,-0.173595,0.312276,0.773210,-0.242200,-0.305217,0.663046,0.522370,-0.138660,0.923819,-0.014044,4.446227
