0.014827,0.002910,0.003604,-0.000137,0.001458,0.004363,0.005974,0.007233,0.003204,0.004823,0.001655,-0.000782,0.018317,-0.004193,0.012425,0.005693,0.005087,-0.006269,-0.000889,0.001576,0.001897,0.003459,0.000701,-0.000329,0.005844,0.000402,0.017601,0.001601,0.000549,0.005431,-0.000447,0.002628,0.004020,0.001964,0.000384,0.005343,0.001586,0.001245,0.007379,0.000705,0.003069
0.002910,0.009613,0.000943,-0.000594,-0.000943,0.002442,-0.002806,-0.004289,0.001454,0.002759,-0.000747,-0.001546,-0.000276,0.005511,0.001397,0.001471,0.006711,0.006240,-0.000314,0.001712,0.002402,-0.002761,-0.000750,-0.000134,0.000769,-0.000877,0.001397,0.000295,-0.000662,0.002366,-0.000582,-0.001624,-0.001028,-0.001826,0.000075,0.001427,0.007014,-0.000716,0.001297,-0.000342,0.002843
0.003604,0.000943,0.014009,0.000139,0.000005,0.000947,0.003171,0.001449,-0.000817,-0.000993,-0.000106,0.000406,0.012758,-0.002805,0.002692,-0.000706,0.007615,-0.004587,-0.000049,-0.000572,0.000978,0.006838,0.000481,0.006981,0.022569,-0.000303,0.003091,-0.000123,0.004725,-0.001150,-0.001063,0.002833,0.006105,-0.000821,-0.002343,0.006095,0.001370,-0.000205,0.007824,-0.000297,0.005402
-0.000137,-0.000594,0.000139,0.005010,0.001520,-0.000004,0.001038,-0.000639,0.000145,0.000278,0.001512,-0.000146,0.000721,-0.001483,0.000122,-0.000053,0.000020,0.000584,0.001276,0.000013,-0.000092,-0.000154,0.000071,-0.000391,0.001983,0.000920,-0.000188,-0.000091,-0.000246,0.001004,0.000384,-0.000181,0.001456,0.003404,0.001882,-0.000011,0.000322,0.003824,0.000116,0.000005,-0.000050
0.001458,-0.000943,0.000005,0.001520,0.003982,-0.000106,0.002302,0.001522,-0.000138,0.000788,0.003801,-0.000275,0.004418,-0.001386,0.001962,0.000407,0.000115,-0.000839,0.000006,0.001568,0.000013,0.000690,0.001431,-0.000566,0.001874,0.001640,0.002460,0.000199,-0.000220,0.002748,0.000326,-0.000138,0.001943,0.005713,0.002153,0.000646,-0.000062,0.005928,0.001244,-0.000085,-0.000074
0.004363,0.002442,0.000947,-0.000004,-0.000106,0.006343,0.000786,-0.000688,0.003241,0.000545,-0.000180,-0.000753,0.004951,-0.000011,0.003605,0.001469,0.004250,0.003296,-0.000087,-0.000355,0.003031,-0.001878,0.000154,-0.000475,0.000186,-0.000009,0.003730,0.000189,-0.000491,-0.000286,0.000529,0.001960,-0.000322,-0.000552,0.000105,0.000331,0.003052,-0.000796,0.001221,-0.000159,0.004022
0.005974,-0.002806,0.003171,0.001038,0.002302,0.000786,0.014393,0.011040,0.002252,0.001824,0.002293,-0.000310,0.015360,-0.009154,0.006519,0.003442,0.001595,-0.011777,-0.000201,0.002475,-0.000465,0.006344,0.001137,0.001782,0.010291,0.001349,0.008637,0.000711,0.002941,0.003157,-0.000512,-0.001100,0.010783,0.003987,0.001925,0.003448,-0.001333,0.002285,0.005604,0.000864,0.001025
0.007233,-0.004289,0.001449,-0.000639,0.001522,-0.000688,0.011040,0.023615,-0.001554,-0.003553,0.001104,0.000627,0.013099,-0.012605,0.007499,0.000645,-0.002308,-0.021577,-0.001136,0.000454,-0.000855,0.011821,0.001260,0.001353,0.013106,0.001249,0.013647,0.001692,0.003531,0.000070,-0.002488,0.000669,0.006658,0.001834,-0.006946,0.003719,-0.005800,-0.001959,0.005380,0.000892,0.000585
0.003204,0.001454,-0.000817,0.000145,-0.000138,0.003241,0.002252,-0.001554,0.007461,0.003181,-0.000130,0.000365,0.004322,0.002309,0.003227,0.003751,-0.002127,0.000998,-0.000133,-0.000414,-0.000005,-0.000597,-0.000026,-0.000588,-0.002979,-0.000067,0.002680,0.000268,-0.000751,0.000557,0.001336,-0.000030,-0.000175,-0.000495,0.000230,0.000313,-0.001967,-0.000762,0.000950,0.000023,-0.000357
0.004823,0.002759,-0.000993,0.000278,0.000788,0.000545,0.001824,-0.003553,0.003181,0.027024,0.001485,-0.004855,0.016326,0.011278,0.006550,0.014403,0.004562,0.003685,-0.000375,0.004546,-0.000645,-0.005395,-0.000054,-0.001396,-0.006214,-0.000660,0.005882,0.000686,-0.001026,0.018033,0.008539,-0.000257,0.002512,0.001426,0.004491,0.001028,0.005768,0.002329,0.003523,0.002090,-0.001302
0.001655,-0.000747,-0.000106,0.001512,0.003801,-0.000180,0.002293,0.001104,-0.000130,0.001485,0.005095,-0.000205,0.005330,-0.001226,0.002219,0.000669,-0.000025,-0.000072,0.000017,0.001703,-0.000018,0.000553,0.001441,-0.000600,0.001776,0.001836,0.002685,0.000197,-0.000256,0.002806,0.000338,-0.000217,0.002069,0.006114,0.001762,0.000758,-0.000134,0.007651,0.001425,-0.000032,-0.000138
-0.000782,-0.001546,0.000406,-0.000146,-0.000275,-0.000753,-0.000310,0.000627,0.000365,-0.004855,-0.000205,0.005349,-0.003161,-0.002201,-0.000980,-0.002606,-0.003458,-0.001937,0.000031,0.000094,-0.000258,0.002247,0.000077,-0.000019,0.000772,0.000118,-0.000743,0.000021,0.000187,-0.005111,-0.001129,0.000681,0.000125,-0.000144,-0.002771,-0.000143,-0.004279,-0.000495,-0.000633,-0.000793,-0.000652
0.018317,-0.000276,0.012758,0.000721,0.004418,0.004951,0.015360,0.013099,0.004322,0.016326,0.005330,-0.003161,0.078499,0.014295,0.021238,0.013678,0.008331,-0.012870,-0.000878,0.003965,0.002219,0.011167,0.002001,0.013027,0.018251,0.001678,0.023202,0.002091,0.008722,0.015663,0.016228,0.002572,0.013164,0.005894,-0.002648,0.016171,-0.002287,0.005760,0.023620,0.002568,0.006665
-0.004193,0.005511,-0.002805,-0.001483,-0.001386,-0.000011,-0.009154,-0.012605,0.002309,0.011278,-0.001226,-0.002201,0.014295,0.059228,0.001300,0.005116,-0.006506,0.016226,-0.000603,-0.003361,0.000243,-0.008662,-0.000943,-0.003057,-0.013676,-0.001061,-0.004196,0.001439,-0.002194,0.004883,0.025174,-0.001955,-0.006722,-0.003592,-0.002096,-0.003342,-0.005916,-0.002067,-0.000589,0.001633,-0.000989
0.012425,0.001397,0.002692,0.000122,0.001962,0.003605,0.006519,0.007499,0.003227,0.006550,0.002219,-0.000980,0.021238,0.001300,0.012432,0.006293,0.002909,-0.005946,-0.000928,0.001374,0.001291,0.003211,0.000903,-0.000696,0.003929,0.000756,0.016502,0.001744,0.000698,0.006469,0.004241,0.002101,0.004370,0.003039,0.000234,0.004198,-0.000878,0.002234,0.007154,0.000833,0.002290
0.005693,0.001471,-0.000706,-0.000053,0.000407,0.001469,0.003442,0.000645,0.003751,0.014403,0.000669,-0.002606,0.013678,0.005116,0.006293,0.012461,0.001182,-0.001038,-0.000323,0.002546,-0.000476,-0.001887,0.000103,-0.000990,-0.003887,-0.000462,0.006644,0.000594,-0.000563,0.012413,0.004676,0.000250,0.002494,0.000068,0.001438,0.001378,0.002339,0.000512,0.003206,0.001887,-0.000857
0.005087,0.006711,0.007615,0.000020,0.000115,0.004250,0.001595,-0.002308,-0.002127,0.004562,-0.000025,-0.003458,0.008331,-0.006506,0.002909,0.001182,0.024039,0.005552,-0.000000,0.005550,0.005080,-0.002008,-0.000166,0.001341,0.014159,-0.000408,0.003741,0.000322,0.000677,0.007024,-0.003367,0.000763,0.005236,0.000238,0.001620,0.003604,0.016840,0.001002,0.004744,-0.000183,0.007775
-0.006269,0.006240,-0.004587,0.000584,-0.000839,0.003296,-0.011777,-0.021577,0.000998,0.003685,-0.000072,-0.001937,-0.012870,0.016226,-0.005946,-0.001038,0.005552,0.036195,0.000940,0.000834,0.003556,-0.016886,-0.000944,-0.004067,-0.013981,-0.000760,-0.011094,-0.000804,-0.003205,0.000942,0.004619,-0.000766,-0.006520,-0.000701,0.006595,-0.006645,0.008982,0.004436,-0.007691,-0.001549,0.002060
-0.000889,-0.000314,-0.000049,0.001276,0.000006,-0.000087,-0.000201,-0.001136,-0.000133,-0.000375,0.000017,0.000031,-0.000878,-0.000603,-0.000928,-0.000323,-0.000000,0.000940,0.001963,-0.000101,-0.000033,-0.000631,-0.000018,-0.000141,0.000107,-0.000038,-0.001347,-0.000235,-0.000089,-0.000288,-0.000178,-0.000065,-0.000008,0.000243,0.001152,-0.000362,0.000419,0.000846,-0.000642,-0.000038,-0.000045
0.001576,0.001712,-0.000572,0.000013,0.001568,-0.000355,0.002475,0.000454,-0.000414,0.004546,0.001703,0.000094,0.003965,-0.003361,0.001374,0.002546,0.005550,0.000834,-0.000101,0.012543,0.000227,-0.000526,-0.000119,-0.000907,0.003474,0.000047,0.002285,0.000201,-0.000571,0.009281,-0.001493,-0.000420,0.003846,0.004150,-0.000929,0.000519,0.004525,0.003490,0.001067,-0.000134,-0.000119
0.001897,0.002402,0.000978,-0.000092,0.000013,0.003031,-0.000465,-0.000855,-0.000005,-0.000645,-0.000018,-0.000258,0.002219,0.000243,0.001291,-0.000476,0.005080,0.003556,-0.000033,0.000227,0.004474,-0.001602,-0.000052,-0.000297,0.001032,-0.000081,0.001246,0.000071,-0.000187,-0.000424,0.000046,0.000082,-0.000224,-0.000105,-0.000834,0.000301,0.003869,-0.000313,0.000662,-0.000080,0.003417
0.003459,-0.002761,0.006838,-0.000154,0.000690,-0.001878,0.006344,0.011821,-0.000597,-0.005395,0.000553,0.002247,0.011167,-0.008662,0.003211,-0.001887,-0.002008,-0.016886,-0.000631,-0.000526,-0.001602,0.014823,0.000730,0.007883,0.013120,0.000839,0.005264,0.000322,0.005220,-0.003037,-0.002527,0.000551,0.004731,0.000527,-0.006599,0.008002,-0.007338,-0.000678,0.008742,-0.000016,0.000534
0.000701,-0.000750,0.000481,0.000071,0.001431,0.000154,0.001137,0.001260,-0.000026,-0.000054,0.001441,0.000077,0.002001,-0.000943,0.000903,0.000103,-0.000166,-0.000944,-0.000018,-0.000119,-0.000052,0.000730,0.001454,-0.000004,0.001511,0.000998,0.001181,0.000055,0.000087,0.000005,-0.000098,0.000511,0.000228,0.001383,-0.000275,0.000526,-0.000476,0.001399,0.000722,0.000026,0.000128
-0.000329,-0.000134,0.006981,-0.000391,-0.000566,-0.000475,0.001782,0.001353,-0.000588,-0.001396,-0.000600,-0.000019,0.013027,-0.003057,-0.000696,-0.000990,0.001341,-0.004067,-0.000141,-0.000907,-0.000297,0.007883,-0.000004,0.034353,-0.001017,-0.000344,-0.001865,-0.000655,0.021630,-0.002094,-0.001729,-0.000422,0.003118,-0.001694,-0.002067,0.013166,-0.001851,-0.001706,0.013603,-0.000340,0.003061
0.005844,0.000769,0.022569,0.001983,0.001874,0.000186,0.010291,0.013106,-0.002979,-0.006214,0.001776,0.000772,0.018251,-0.013676,0.003929,-0.003887,0.014159,-0.013981,0.000107,0.003474,0.001032,0.013120,0.001511,-0.001017,0.120312,-0.000032,0.007344,0.000220,-0.000494,-0.003256,-0.006167,0.003304,0.017131,0.001904,-0.005456,0.005949,0.004063,0.001738,0.008836,-0.000676,0.009618
0.000402,-0.000877,-0.000303,0.000920,0.001640,-0.000009,0.001349,0.001249,-0.000067,-0.000660,0.001836,0.000118,0.001678,-0.001061,0.000756,-0.000462,-0.000408,-0.000760,-0.000038,0.000047,-0.000081,0.000839,0.000998,-0.000344,-0.000032,0.003718,0.000991,0.000140,-0.000217,-0.000593,0.000256,-0.000104,0.000873,0.003005,0.000555,0.000279,-0.000887,0.002360,0.000478,0.000018,-0.000182
0.017601,0.001397,0.003091,-0.000188,0.002460,0.003730,0.008637,0.013647,0.002680,0.005882,0.002685,-0.000743,0.023202,-0.004196,0.016502,0.006644,0.003741,-0.011094,-0.001347,0.002285,0.001246,0.005264,0.001181,-0.001865,0.007344,0.000991,0.028471,0.004528,0.001426,0.006850,0.001110,0.003513,0.005670,0.003999,0.000224,0.005496,-0.001729,0.002807,0.008651,0.001030,0.002620
0.001601,0.000295,-0.000123,-0.000091,0.000199,0.000189,0.000711,0.001692,0.000268,0.000686,0.000197,0.000021,0.002091,0.001439,0.001744,0.000594,0.000322,-0.000804,-0.000235,0.000201,0.000071,0.000322,0.000055,-0.000655,0.000220,0.000140,0.004528,0.009744,0.000098,0.000719,0.000589,0.000135,0.000489,0.000413,-0.000247,0.000211,-0.000710,0.000165,0.000447,0.000076,0.000033
0.000549,-0.000662,0.004725,-0.000246,-0.000220,-0.000491,0.002941,0.003531,-0.000751,-0.001026,-0.000256,0.000187,0.008722,-0.002194,0.000698,-0.000563,0.000677,-0.003205,-0.000089,-0.000571,-0.000187,0.005220,0.000087,0.021630,-0.000494,-0.000217,0.001426,0.000098,0.021925,-0.001300,-0.000933,-0.000204,0.003877,-0.000942,-0.001385,0.008264,-0.001775,-0.001282,0.008551,-0.000214,0.002104
0.005431,0.002366,-0.001150,0.001004,0.002748,-0.000286,0.003157,0.000070,0.000557,0.018033,0.002806,-0.005111,0.015663,0.004883,0.006469,0.012413,0.007024,0.000942,-0.000288,0.009281,-0.000424,-0.003037,0.000005,-0.002094,-0.003256,-0.000593,0.006850,0.000719,-0.001300,0.027439,0.005052,0.000146,0.003855,0.005527,0.001568,0.002130,0.008936,0.005430,0.004220,0.002039,-0.001056
-0.000447,-0.000582,-0.001063,0.000384,0.000326,0.000529,-0.000512,-0.002488,0.001336,0.008539,0.000338,-0.001129,0.016228,0.025174,0.004241,0.004676,-0.003367,0.004619,-0.000178,-0.001493,0.000046,-0.002527,-0.000098,-0.001729,-0.006167,0.000256,0.001110,0.000589,-0.000933,0.005052,0.020310,-0.000664,0.000054,0.000519,-0.000090,-0.000844,-0.004519,0.000408,0.002017,0.000800,-0.000387
0.002628,-0.001624,0.002833,-0.000181,-0.000138,0.001960,-0.001100,0.000669,-0.000030,-0.000257,-0.000217,0.000681,0.002572,-0.001955,0.002101,0.000250,0.000763,-0.000766,-0.000065,-0.000420,0.000082,0.000551,0.000511,-0.000422,0.003304,-0.000104,0.003513,0.000135,-0.000204,0.000146,-0.000664,0.006696,-0.000784,-0.000492,-0.001017,0.000276,-0.000539,-0.000716,0.000696,-0.000075,0.001446
0.004020,-0.001028,0.006105,0.001456,0.001943,-0.000322,0.010783,0.006658,-0.000175,0.002512,0.002069,0.000125,0.013164,-0.006722,0.004370,0.002494,0.005236,-0.006520,-0.000008,0.003846,-0.000224,0.004731,0.000228,0.003118,0.017131,0.000873,0.005670,0.000489,0.003877,0.003855,0.000054,-0.000784,0.014661,0.004698,0.003079,0.003490,0.001445,0.003483,0.005498,0.000054,0.002386
0.001964,-0.001826,-0.000821,0.003404,0.005713,-0.000552,0.003987,0.001834,-0.000495,0.001426,0.006114,-0.000144,0.005894,-0.003592,0.003039,0.000068,0.000238,-0.000701,0.000243,0.004150,-0.000105,0.000527,0.001383,-0.001694,0.001904,0.003005,0.003999,0.000413,-0.000942,0.005527,0.000519,-0.000492,0.004698,0.014076,0.005461,0.000207,-0.000052,0.011098,0.001335,-0.000157,-0.000498
0.000384,0.000075,-0.002343,0.001882,0.002153,0.000105,0.001925,-0.006946,0.000230,0.004491,0.001762,-0.002771,-0.002648,-0.002096,0.000234,0.001438,0.001620,0.006595,0.001152,-0.000929,-0.000834,-0.006599,-0.000275,-0.002067,-0.005456,0.000555,0.000224,-0.000247,-0.001385,0.001568,-0.000090,-0.001017,0.003079,0.005461,0.032306,-0.001932,0.006339,0.008840,-0.002119,-0.001220,-0.001615
0.005343,0.001427,0.006095,-0.000011,0.000646,0.000331,0.003448,0.003719,0.000313,0.001028,0.000758,-0.000143,0.016171,-0.003342,0.004198,0.001378,0.003604,-0.006645,-0.000362,0.000519,0.000301,0.008002,0.000526,0.013166,0.005949,0.000279,0.005496,0.000211,0.008264,0.002130,-0.000844,0.000276,0.003490,0.000207,-0.001932,0.013628,0.000257,0.000400,0.012959,0.000060,0.002288
0.001586,0.007014,0.001370,0.000322,-0.000062,0.003052,-0.001333,-0.005800,-0.001967,0.005768,-0.000134,-0.004279,-0.002287,-0.005916,-0.000878,0.002339,0.016840,0.008982,0.000419,0.004525,0.003869,-0.007338,-0.000476,-0.001851,0.004063,-0.000887,-0.001729,-0.000710,-0.001775,0.008936,-0.004519,-0.000539,0.001445,-0.000052,0.006339,0.000257,0.020319,0.001327,-0.000266,-0.000060,0.004439
0.001245,-0.000716,-0.000205,0.003824,0.005928,-0.000796,0.002285,-0.001959,-0.000762,0.002329,0.007651,-0.000495,0.005760,-0.002067,0.002234,0.000512,0.001002,0.004436,0.000846,0.003490,-0.000313,-0.000678,0.001399,-0.001706,0.001738,0.002360,0.002807,0.000165,-0.001282,0.005430,0.000408,-0.000716,0.003483,0.011098,0.008840,0.000400,0.001327,0.018147,0.001288,-0.000134,-0.000642
0.007379,0.001297,0.007824,0.000116,0.001244,0.001221,0.005604,0.005380,0.000950,0.003523,0.001425,-0.000633,0.023620,-0.000589,0.007154,0.003206,0.004744,-0.007691,-0.000642,0.001067,0.000662,0.008742,0.000722,0.013603,0.008836,0.000478,0.008651,0.000447,0.008551,0.004220,0.002017,0.000696,0.005498,0.001335,-0.002119,0.012959,-0.000266,0.001288,0.014500,0.000400,0.003418
0.000705,-0.000342,-0.000297,0.000005,-0.000085,-0.000159,0.000864,0.000892,0.000023,0.002090,-0.000032,-0.000793,0.002568,0.001633,0.000833,0.001887,-0.000183,-0.001549,-0.000038,-0.000134,-0.000080,-0.000016,0.000026,-0.000340,-0.000676,0.000018,0.001030,0.000076,-0.000214,0.002039,0.000800,-0.000075,0.000054,-0.000157,-0.001220,0.000060,-0.000060,-0.000134,0.000400,0.004444,-0.000130
0.003069,0.002843,0.005402,-0.000050,-0.000074,0.004022,0.001025,0.000585,-0.000357,-0.001302,-0.000138,-0.000652,0.006665,-0.000989,0.002290,-0.000857,0.007775,0.002060,-0.000045,-0.000119,0.003417,0.000534,0.000128,0.003061,0.009618,-0.000182,0.002620,0.000033,0.002104,-0.001056,-0.000387,0.001446,0.002386,-0.000498,-0.001615,0.002288,0.004439,-0.000642,0.003418,-0.000130,0.006099
