0.017045,0.007945,-0.001503,0.002413,0.000508,0.000129,0.000479,-0.001539
0.007945,0.013746,-0.002305,0.001991,0.000297,-0.000030,0.000480,-0.001229
-0.001503,-0.002305,0.006890,0.000552,-0.000026,0.000069,-0.000561,-0.000239
0.002413,0.001991,0.000552,0.014357,0.000058,-0.000013,-0.000397,-0.000767
0.000508,0.000297,-0.000026,0.000058,0.002335,-0.000043,0.000111,-0.000069
0.000129,-0.000030,0.000069,-0.000013,-0.000043,0.005722,0.000043,-0.000256
0.000479,0.000480,-0.000561,-0.000397,0.000111,0.000043,0.002314,0.000311
-0.001539,-0.001229,-0.000239,-0.000767,-0.000069,-0.000256,0.000311,0.010876
