0.007759,0.002171,-0.000013,0.000668,0.000200,-0.000070,0.000221,-0.000557
0.002171,0.009345,-0.000781,0.000746,0.000332,-0.000184,0.000211,-0.000951
-0.000013,-0.000781,0.004323,-0.000002,0.000045,-0.000003,-0.000085,-0.000260
0.000668,0.000746,-0.000002,0.005959,-0.000043,0.000014,-0.000032,-0.000175
0.000200,0.000332,0.000045,-0.000043,0.002333,-0.000037,0.000067,-0.000032
-0.000070,-0.000184,-0.000003,0.000014,-0.000037,0.005672,0.000027,-0.000172
0.000221,0.000211,-0.000085,-0.000032,0.000067,0.000027,0.001370,0.000136
-0.000557,-0.000951,-0.000260,-0.000175,-0.000032,-0.000172,0.000136,0.008590
