2.163116,-0.001163,-0.004439,-0.001019,-0.005984,-0.000350
-0.001163,0.000533,-0.000329,0.004386,-0.000644,0.000000
-0.004439,-0.000329,0.064141,0.053530,0.041934,0.000037
-0.001019,0.004386,0.053530,0.294896,-0.050997,-0.000820
-0.005984,-0.000644,0.041934,-0.050997,0.061111,0.000191
-0.000350,0.000000,0.000037,-0.000820,0.000191,0.009815
