2.044548,-0.001093,-0.000568,-0.001735,-0.001959,0.001888
-0.001093,0.000535,-0.000342,0.004484,-0.000688,-0.000026
-0.000568,-0.000342,0.064754,0.053460,0.042553,0.000323
-0.001735,0.004484,0.053460,0.285494,-0.047710,-0.002219
-0.001959,-0.000688,0.042553,-0.047710,0.060376,0.000778
0.001888,-0.000026,0.000323,-0.002219,0.000778,0.009277
