1.572508,-0.002554,-0.002252,-0.018289,-0.006432,-0.004103
-0.002554,0.000463,0.000097,0.003703,-0.000106,-0.000054
-0.002252,0.000097,0.061249,0.051190,0.040012,0.000818
-0.018289,0.003703,0.051190,0.251570,-0.036370,-0.003879
-0.006432,-0.000106,0.040012,-0.036370,0.052643,0.001089
-0.004103,-0.000054,0.000818,-0.003879,0.001089,0.007410
