1.181491,-0.001306,-0.005667,-0.001663,-0.013311,0.005919
-0.001306,0.000352,0.000816,0.002755,0.000655,0.000132
-0.005667,0.000816,0.044106,0.053477,0.025102,-0.000130
-0.001663,0.002755,0.053477,0.216025,-0.023330,-0.002295
-0.013311,0.000655,0.025102,-0.023330,0.036059,-0.000496
0.005919,0.000132,-0.000130,-0.002295,-0.000496,0.005700
