5.683784,-0.613034,0.351856,-0.012489,-20.126424,-0.216026,-0.226885,-0.114736
-0.613034,283.876754,-1.438485,-0.046868,-967.233081,-1.596370,2.279501,-13.623544
0.351856,-1.438485,9.335824,0.144425,-39.439205,-0.020195,0.864357,-0.286910
-0.012489,-0.046868,0.144425,0.422922,-6.796995,-0.067872,-0.012505,-0.558150
-20.126424,-967.233081,-39.439205,-6.796995,1189236.887058,17.613493,17.288204,46.467481
-0.216026,-1.596370,-0.020195,-0.067872,17.613493,123.834620,2.270981,4.892873
-0.226885,2.279501,0.864357,-0.012505,17.288204,2.270981,319.883589,-8.977385
-0.114736,-13.623544,-0.286910,-0.558150,46.467481,4.892873,-8.977385,3576.365461
