0.016702,-0.000411,0.000073,-0.000008,-0.000016,-0.000008,-0.000215,-0.000088
-0.000411,0.104218,-0.000101,-0.000041,-0.000472,-0.000022,0.000534,-0.000750
0.000073,-0.000101,0.000389,0.000037,-0.000011,-0.000001,0.000098,0.000036
-0.000008,-0.000041,0.000037,0.000192,-0.000002,-0.000001,0.000048,0.000036
-0.000016,-0.000472,-0.000011,-0.000002,0.000937,0.000001,-0.000262,0.000264
-0.000008,-0.000022,-0.000001,-0.000001,0.000001,0.000069,0.000022,-0.000007
-0.000215,0.000534,0.000098,0.000048,-0.000262,0.000022,0.053388,-0.010921
-0.000088,-0.000750,0.000036,0.000036,0.000264,-0.000007,-0.010921,0.077140
