0.022845,-0.001180,0.000180,-0.000020,-0.000009,-0.000009,-0.000486,-0.000475
-0.001180,0.104134,-0.000144,-0.000052,-0.000426,-0.000030,0.001077,-0.001576
0.000180,-0.000144,0.000385,0.000032,-0.000012,-0.000000,0.000128,0.000025
-0.000020,-0.000052,0.000032,0.000238,-0.000005,-0.000001,0.000036,0.000094
-0.000009,-0.000426,-0.000012,-0.000005,0.000870,0.000000,-0.000212,0.000201
-0.000009,-0.000030,-0.000000,-0.000001,0.000000,0.000080,0.000027,-0.000011
-0.000486,0.001077,0.000128,0.000036,-0.000212,0.000027,0.053194,-0.010382
-0.000475,-0.001576,0.000025,0.000094,0.000201,-0.000011,-0.010382,0.076537
