0.016037,-0.000197,0.000070,0.000002,-0.000031,-0.000006,-0.000392,-0.000338
-0.000197,0.104036,-0.000139,-0.000069,-0.000507,-0.000022,0.000195,-0.000821
0.000070,-0.000139,0.000391,0.000038,-0.000011,-0.000001,0.000087,0.000047
0.000002,-0.000069,0.000038,0.000228,-0.000003,-0.000001,0.000023,0.000064
-0.000031,-0.000507,-0.000011,-0.000003,0.000934,0.000001,-0.000221,0.000234
-0.000006,-0.000022,-0.000001,-0.000001,0.000001,0.000069,0.000022,-0.000006
-0.000392,0.000195,0.000087,0.000023,-0.000221,0.000022,0.052648,-0.010430
-0.000338,-0.000821,0.000047,0.000064,0.000234,-0.000006,-0.010430,0.076867
