10.112122,0.001144,0.016620,-0.001713,0.001885,-0.123658,-0.300634,0.030319,-0.097057,0.023586,0.044814
0.001144,0.019187,0.000132,-0.000974,-0.000056,-0.013438,0.034290,0.001403,-0.001686,0.000627,-0.005066
0.016620,0.000132,0.028081,-0.023312,-0.000028,0.139916,0.087892,-0.000987,-0.004471,0.000165,-0.000899
-0.001713,-0.000974,-0.023312,16.110200,0.000250,5.266174,13.064111,0.023035,0.037678,0.005409,0.664840
0.001885,-0.000056,-0.000028,0.000250,0.000524,-0.005377,0.039863,-0.000241,0.000268,0.000106,-0.000824
-0.123658,-0.013438,0.139916,5.266174,-0.005377,369.883277,89.456346,-0.009239,-0.444505,-0.072502,-1.481361
-0.300634,0.034290,0.087892,13.064111,0.039863,89.456346,4526.168103,-0.070068,-2.342903,0.317307,-4.508156
0.030319,0.001403,-0.000987,0.023035,-0.000241,-0.009239,-0.070068,0.206753,-0.010649,-0.000983,-0.041461
-0.097057,-0.001686,-0.004471,0.037678,0.000268,-0.444505,-2.342903,-0.010649,2.137058,0.010973,0.238600
0.023586,0.000627,0.000165,0.005409,0.000106,-0.072502,0.317307,-0.000983,0.010973,0.053624,0.007170
0.044814,-0.005066,-0.000899,0.664840,-0.000824,-1.481361,-4.508156,-0.041461,0.238600,0.007170,23.438439
