18692.047228,-1113.144382,-1566.669996,498.802256,26.912393,4601.137559,-388.340928,-70.127921
-1113.144382,6381.485886,-978.452644,-62.251530,24.542874,259.544014,-1054.326829,22.672165
-1566.669996,-978.452644,3590.798957,-168.738470,79.840488,-709.089468,153.603887,-156.623136
498.802256,-62.251530,-168.738470,7231.970690,-25.375753,-550.834249,-858.892739,294.603295
26.912393,24.542874,79.840488,-25.375753,33.917837,-168.070860,86.160120,-26.158818
4601.137559,259.544014,-709.089468,-550.834249,-168.070860,207766.385463,-243.720309,597.479723
-388.340928,-1054.326829,153.603887,-858.892739,86.160120,-243.720309,131708.322987,-969.140344
-70.127921,22.672165,-156.623136,294.603295,-26.158818,597.479723,-969.140344,2292.997181
