24982.130127,-1101.432491,-696.295020,435.955171,-6.545264,1309.363978,-2243.740865,-246.317528
-1101.432491,6487.747605,-871.498037,187.366885,33.192671,-469.082449,-1620.721380,179.329416
-696.295020,-871.498037,3475.246642,-178.670523,63.077337,-574.563228,595.222666,-359.195303
435.955171,187.366885,-178.670523,7164.922864,-35.235894,-1232.578114,-431.814089,446.738645
-6.545264,33.192671,63.077337,-35.235894,34.807201,-109.628086,57.694759,-45.503503
1309.363978,-469.082449,-574.563228,-1232.578114,-109.628086,210983.138274,-7503.164973,1284.714678
-2243.740865,-1620.721380,595.222666,-431.814089,57.694759,-7503.164973,130579.760270,-1458.858018
-246.317528,179.329416,-359.195303,446.738645,-45.503503,1284.714678,-1458.858018,2984.394379
