0.073841,-0.006746,-0.011659,0.000768,-0.000072,-0.000075,-0.002743,-0.001575
-0.006746,0.051782,-0.011974,0.003993,0.004190,-0.005663,-0.007109,0.001005
-0.011659,-0.011974,0.085999,-0.007920,0.010558,-0.003301,0.002364,-0.003453
0.000768,0.003993,-0.007920,0.068336,-0.011132,-0.004027,-0.008061,0.006237
-0.000072,0.004190,0.010558,-0.011132,0.033865,-0.007498,0.005729,-0.003493
-0.000075,-0.005663,-0.003301,-0.004027,-0.007498,0.090405,-0.008089,0.000135
-0.002743,-0.007109,0.002364,-0.008061,0.005729,-0.008089,0.069064,-0.004701
-0.001575,0.001005,-0.003453,0.006237,-0.003493,0.000135,-0.004701,0.023037
