0.001631,0.002054,-0.001996,-0.002062,0.000098,0.000221,0.000242,-0.000715
0.002054,0.006456,-0.002702,0.002065,-0.000046,0.001148,-0.000382,-0.000967
-0.001996,-0.002702,0.003452,0.002435,-0.000028,0.000047,0.000072,0.001123
-0.002062,0.002065,0.002435,0.010200,-0.000074,0.000062,0.000176,0.001060
0.000098,-0.000046,-0.000028,-0.000074,0.000467,0.000004,0.000171,0.000041
0.000221,0.001148,0.000047,0.000062,0.000004,0.002378,0.000062,-0.000132
0.000242,-0.000382,0.000072,0.000176,0.000171,0.000062,0.001277,0.000202
-0.000715,-0.000967,0.001123,0.001060,0.000041,-0.000132,0.000202,0.003665
