0.008227,0.007533,-0.001809,0.004397,0.000519,0.000277,0.000363,0.000556
0.007533,0.008316,-0.001735,0.002031,0.000567,-0.000199,-0.000240,0.000321
-0.001809,-0.001735,0.002499,0.001385,-0.000090,0.000273,0.000334,0.000352
0.004397,0.002031,0.001385,0.012123,-0.000151,-0.000773,-0.000026,0.002151
0.000519,0.000567,-0.000090,-0.000151,0.000743,0.000444,0.000024,0.000169
0.000277,-0.000199,0.000273,-0.000773,0.000444,0.001586,0.000268,-0.000303
0.000363,-0.000240,0.000334,-0.000026,0.000024,0.000268,0.001514,0.000534
0.000556,0.000321,0.000352,0.002151,0.000169,-0.000303,0.000534,0.004153
