0.008646,0.007709,-0.002036,0.004776,0.000447,0.000202,0.000516,0.000268
0.007709,0.008463,-0.002463,0.001533,0.000494,-0.000749,-0.000329,0.000079
-0.002036,-0.002463,0.002851,0.000211,-0.000193,0.000683,0.000056,0.001059
0.004776,0.001533,0.000211,0.010898,0.000124,0.000021,0.000342,0.000771
0.000447,0.000494,-0.000193,0.000124,0.000487,-0.000964,-0.000032,0.000040
0.000202,-0.000749,0.000683,0.000021,-0.000964,0.006597,-0.000172,-0.000391
0.000516,-0.000329,0.000056,0.000342,-0.000032,-0.000172,0.001350,0.000263
0.000268,0.000079,0.001059,0.000771,0.000040,-0.000391,0.000263,0.003230
