0.010306,0.009710,-0.002600,0.004897,0.001278,0.000395,0.000566,0.000612
0.009710,0.011017,-0.002539,0.002372,0.001400,-0.000242,-0.000394,0.000363
-0.002600,-0.002539,0.003987,0.001723,-0.000402,0.000412,0.000655,0.000420
0.004897,0.002372,0.001723,0.012070,-0.000312,-0.000948,-0.000027,0.002156
0.001278,0.001400,-0.000402,-0.000312,0.002944,0.001479,0.000011,0.000329
0.000395,-0.000242,0.000412,-0.000948,0.001479,0.002717,0.000420,-0.000328
0.000566,-0.000394,0.000655,-0.000027,0.000011,0.000420,0.002912,0.000714
0.000612,0.000363,0.000420,0.002156,0.000329,-0.000328,0.000714,0.004210
