0.010849,0.009931,-0.001414,0.005261,0.001152,0.000191,0.000711,0.000269
0.009931,0.011198,-0.002438,0.001732,0.001363,-0.001068,-0.000641,0.000130
-0.001414,-0.002438,0.024223,0.000282,0.005654,-0.010567,-0.000996,0.001594
0.005261,0.001732,0.000282,0.010691,-0.000254,0.000408,0.000522,0.000554
0.001152,0.001363,0.005654,-0.000254,0.002004,-0.003592,-0.000453,0.000400
0.000191,-0.001068,-0.010567,0.000408,-0.003592,0.013621,0.000449,-0.000858
0.000711,-0.000641,-0.000996,0.000522,-0.000453,0.000449,0.002655,0.000191
0.000269,0.000130,0.001594,0.000554,0.000400,-0.000858,0.000191,0.003198
