0.010308,0.007688,0.000009,0.007851,0.000142,-0.000647,-0.001216,-0.000985
0.007688,0.008741,-0.003205,0.003606,-0.000238,-0.002182,-0.000863,-0.000408
0.000009,-0.003205,0.004913,0.002246,-0.000068,0.000108,-0.000215,0.000880
0.007851,0.003606,0.002246,0.009925,-0.000027,0.000163,0.000067,-0.000276
0.000142,-0.000238,-0.000068,-0.000027,0.001091,-0.000232,-0.001163,0.000122
-0.000647,-0.002182,0.000108,0.000163,-0.000232,0.005751,0.001005,-0.001235
-0.001216,-0.000863,-0.000215,0.000067,-0.001163,0.001005,0.003776,0.000110
-0.000985,-0.000408,0.000880,-0.000276,0.000122,-0.001235,0.000110,0.004462
