0.002973,0.002911,-0.002861,-0.002234,-0.000101,0.000009,0.000753,-0.000807
0.002911,0.008085,-0.003543,0.002176,0.000012,0.001368,-0.000698,-0.001060
-0.002861,-0.003543,0.005110,0.001970,-0.001176,0.000082,0.000019,0.001148
-0.002234,0.002176,0.001970,0.009958,-0.001237,0.000076,0.000028,0.000872
-0.000101,0.000012,-0.001176,-0.001237,0.005979,0.000046,0.000045,0.000968
0.000009,0.001368,0.000082,0.000076,0.000046,0.003451,0.000111,-0.000154
0.000753,-0.000698,0.000019,0.000028,0.000045,0.000111,0.001727,0.000344
-0.000807,-0.001060,0.001148,0.000872,0.000968,-0.000154,0.000344,0.003830
