2.934413,-0.085553,0.226606,0.000000,0.007340,-2.622744,0.000000,0.002102,-0.177462,0.054587,0.000000
-0.085553,0.033206,-0.020207,0.000000,0.000468,-0.004183,0.000000,0.000004,0.006760,-0.007974,0.000000
0.226606,-0.020207,0.037594,0.000000,0.001284,-0.097314,0.000000,0.000131,-0.015437,0.008992,0.000000
0.000000,0.000000,0.000000,0.000000,0.000000,0.000000,0.000000,0.000000,0.000000,0.000000,0.000000
0.007340,0.000468,0.001284,0.000000,0.001792,0.000898,0.000000,0.000018,-0.001489,0.002093,0.000000
-2.622744,-0.004183,-0.097314,0.000000,0.000898,107.994160,0.000000,0.000155,0.132600,0.074333,0.000000
0.000000,0.000000,0.000000,0.000000,0.000000,0.000000,0.000000,0.000000,0.000000,0.000000,0.000000
0.002102,0.000004,0.000131,0.000000,0.000018,0.000155,0.000000,0.000003,-0.000092,0.000053,0.000000
-0.177462,0.006760,-0.015437,0.000000,-0.001489,0.132600,0.000000,-0.000092,0.023383,-0.004189,0.000000
0.054587,-0.007974,0.008992,0.000000,0.002093,0.074333,0.000000,0.000053,-0.004189,0.026712,0.000000
0.000000,0.000000,0.000000,0.000000,0.000000,0.000000,0.000000,0.000000,0.000000,0.000000,0.000000
