0.300913,0.000000,0.203619,0.007043,0.241132,0.237413,0.547613,2.016017,0.000000,0.241342,0.332145,-0.045461,0.000000,-0.055907,0.464010,0.000000,0.006082,0.000000,-0.004316,0.000000,0.024706,0.013508,0.000000,-0.003439,0.028665,0.006645,0.000000,-0.005239,0.000000,1.491276,-0.057438,0.064237,0.261302,0.173396,0.000000,0.161550,0.023339,0.038073,0.000000,0.000000,0.365019
0.000000,0.000000,0.000000,0.000000,0.000000,0.000000,0.000000,0.000000,0.000000,0.000000,0.000000,0.000000,0.000000,0.000000,0.000000,0.000000,0.000000,0.000000,0.000000,0.000000,0.000000,0.000000,0.000000,0.000000,0.000000,0.000000,0.000000,0.000000,0.000000,0.000000,0.000000,0.000000,0.000000,0.000000,0.000000,0.000000,0.000000,0.000000,0.000000,0.000000,0.000000
0.203619,0.000000,1.914660,0.004140,0.025770,0.066730,0.769088,1.085664,0.000000,-0.226136,-0.073206,0.049073,0.000000,-0.101035,0.268817,0.000000,0.024364,0.000000,-0.001361,0.000000,0.064498,0.068576,0.000000,0.094325,0.268378,-0.009834,0.000000,-0.000619,0.000000,-1.222903,-0.233498,0.112893,0.896425,-0.134043,0.000000,0.665476,0.055553,-0.087587,0.000000,0.000000,1.626628
0.007043,0.000000,0.004140,0.075457,0.297958,0.006541,0.121426,-0.076728,0.000000,0.011255,0.388038,-0.008597,0.000000,-0.013726,0.026530,0.000000,0.000344,0.000000,0.010168,0.000000,-0.001351,-0.000037,0.000000,-0.002058,0.010205,0.022268,0.000000,0.000472,0.000000,0.328370,0.038121,-0.005209,0.087775,0.342115,0.000000,-0.002535,0.002403,0.144851,0.000000,0.000000,0.001566
0.241132,0.000000,0.025770,0.297958,5.794324,0.039992,2.015348,3.346989,0.000000,0.322214,6.938421,-0.143001,0.000000,-0.173284,0.670737,0.000000,0.000382,0.000000,0.006993,0.000000,-0.014444,0.021790,0.000000,-0.026910,0.086289,0.215239,0.000000,-0.003243,0.000000,7.225675,0.474123,-0.065890,1.127103,4.286163,0.000000,0.120938,-0.059429,1.965546,0.000000,0.000000,-0.083795
0.237413,0.000000,0.066730,0.006541,0.039992,1.026503,0.306119,-0.563092,0.000000,0.114112,-0.014390,-0.116000,0.000000,-0.005723,0.374661,0.000000,0.015953,0.000000,-0.002148,0.000000,0.100660,-0.017883,0.000000,-0.006181,-0.005689,0.000999,0.000000,-0.000553,0.000000,-0.141403,0.079779,0.088411,-0.019471,-0.050542,0.000000,0.004753,0.167047,-0.072980,0.000000,0.000000,1.311151
0.547613,0.000000,0.769088,0.121426,2.015348,0.306119,5.045672,12.598834,0.000000,0.546240,2.339839,-0.162132,0.000000,-0.542203,1.124211,0.000000,0.003896,0.000000,-0.007978,0.000000,-0.030562,0.094476,0.000000,0.048039,0.215233,0.081115,0.000000,-0.004639,0.000000,5.556069,-0.029879,-0.151241,2.630257,1.634467,0.000000,0.527869,-0.144033,0.400061,0.000000,0.000000,0.561534
2.016017,0.000000,1.085664,-0.076728,3.346989,-0.563092,12.598834,84.869056,0.000000,-2.336261,2.827711,0.245530,0.000000,-2.863246,3.784523,0.000000,-0.043719,0.000000,-0.103101,0.000000,-0.169295,0.552750,0.000000,0.092919,0.770048,0.201527,0.000000,-0.042713,0.000000,3.858093,-2.609591,0.304581,5.807161,2.061624,0.000000,1.415211,-1.557272,-1.036643,0.000000,0.000000,0.726638
0.000000,0.000000,0.000000,0.000000,0.000000,0.000000,0.000000,0.000000,0.000000,0.000000,0.000000,0.000000,0.000000,0.000000,0.000000,0.000000,0.000000,0.000000,0.000000,0.000000,0.000000,0.000000,0.000000,0.000000,0.000000,0.000000,0.000000,0.000000,0.000000,0.000000,0.000000,0.000000,0.000000,0.000000,0.000000,0.000000,0.000000,0.000000,0.000000,0.000000,0.000000
0.241342,0.000000,-0.226136,0.011255,0.322214,0.114112,0.546240,-2.336261,0.000000,3.135423,0.547198,-0.710933,0.000000,0.402964,0.588304,0.000000,0.018366,0.000000,-0.006091,0.000000,-0.037148,-0.064469,0.000000,-0.031163,-0.066093,-0.029943,0.000000,-0.006120,0.000000,14.858447,1.232660,-0.008343,0.304165,0.190027,0.000000,-0.065919,0.395548,0.031930,0.000000,0.000000,-0.403221
0.332145,0.000000,-0.073206,0.388038,6.938421,-0.014390,2.339839,2.827711,0.000000,0.547198,11.021466,-0.148919,0.000000,-0.261338,0.895870,0.000000,0.001455,0.000000,0.006946,0.000000,-0.028461,0.020131,0.000000,-0.044311,0.102595,0.264532,0.000000,-0.005182,0.000000,9.482922,0.461087,-0.109400,1.435878,5.936486,0.000000,0.096335,-0.058645,3.116516,0.000000,0.000000,-0.261259
-0.045461,0.000000,0.049073,-0.008597,-0.143001,-0.116000,-0.162132,0.245530,0.000000,-0.710933,-0.148919,0.562473,0.000000,-0.068658,-0.112541,0.000000,-0.011941,0.000000,-0.000289,0.000000,-0.005908,0.019203,0.000000,0.001772,0.003396,0.003454,0.000000,0.002086,0.000000,-4.580351,-0.224184,0.015646,-0.018590,-0.042854,0.000000,0.021150,-0.203168,-0.036145,0.000000,0.000000,-0.188214
0.000000,0.000000,0.000000,0.000000,0.000000,0.000000,0.000000,0.000000,0.000000,0.000000,0.000000,0.000000,0.000000,0.000000,0.000000,0.000000,0.000000,0.000000,0.000000,0.000000,0.000000,0.000000,0.000000,0.000000,0.000000,0.000000,0.000000,0.000000,0.000000,0.000000,0.000000,0.000000,0.000000,0.000000,0.000000,0.000000,0.000000,0.000000,0.000000,0.000000,0.000000
-0.055907,0.000000,-0.101035,-0.013726,-0.173284,-0.005723,-0.542203,-2.863246,0.000000,0.402964,-0.261338,-0.068658,0.000000,0.615798,0.033111,0.000000,-0.005025,0.000000,0.000359,0.000000,-0.004602,-0.023027,0.000000,-0.008187,-0.033333,-0.017801,0.000000,-0.001606,0.000000,1.521319,1.252617,-0.051425,-0.256804,-0.236486,0.000000,-0.058780,-0.037300,-0.065548,0.000000,0.000000,-0.084486
0.464010,0.000000,0.268817,0.026530,0.670737,0.374661,1.124211,3.784523,0.000000,0.588304,0.895870,-0.112541,0.000000,0.033111,0.865124,0.000000,0.005206,0.000000,-0.007355,0.000000,0.028745,0.021705,0.000000,-0.008541,0.039550,0.020669,0.000000,-0.010341,0.000000,3.558208,0.511497,0.091401,0.522106,0.528609,0.000000,0.219607,-0.048329,0.154254,0.000000,0.000000,0.502295
0.000000,0.000000,0.000000,0.000000,0.000000,0.000000,0.000000,0.000000,0.000000,0.000000,0.000000,0.000000,0.000000,0.000000,0.000000,0.000000,0.000000,0.000000,0.000000,0.000000,0.000000,0.000000,0.000000,0.000000,0.000000,0.000000,0.000000,0.000000,0.000000,0.000000,0.000000,0.000000,0.000000,0.000000,0.000000,0.000000,0.000000,0.000000,0.000000,0.000000,0.000000
0.006082,0.000000,0.024364,0.000344,0.000382,0.015953,0.003896,-0.043719,0.000000,0.018366,0.001455,-0.011941,0.000000,-0.005025,0.005206,0.000000,0.002043,0.000000,0.000077,0.000000,0.004915,-0.000760,0.000000,0.000573,0.003581,-0.000399,0.000000,0.000185,0.000000,0.132414,-0.019358,-0.000214,0.013483,-0.001282,0.000000,0.005569,0.024571,0.001888,0.000000,0.000000,0.063061
0.000000,0.000000,0.000000,0.000000,0.000000,0.000000,0.000000,0.000000,0.000000,0.000000,0.000000,0.000000,0.000000,0.000000,0.000000,0.000000,0.000000,0.000000,0.000000,0.000000,0.000000,0.000000,0.000000,0.000000,0.000000,0.000000,0.000000,0.000000,0.000000,0.000000,0.000000,0.000000,0.000000,0.000000,0.000000,0.000000,0.000000,0.000000,0.000000,0.000000,0.000000
-0.004316,0.000000,-0.001361,0.010168,0.006993,-0.002148,-0.007978,-0.103101,0.000000,-0.006091,0.006946,-0.000289,0.000000,0.000359,-0.007355,0.000000,0.000077,0.000000,0.010492,0.000000,-0.000219,-0.000770,0.000000,-0.000334,0.000193,-0.000240,0.000000,0.000380,0.000000,0.016994,-0.003527,-0.000845,-0.001669,0.013975,0.000000,-0.004459,0.002708,0.015716,0.000000,0.000000,-0.001351
0.000000,0.000000,0.000000,0.000000,0.000000,0.000000,0.000000,0.000000,0.000000,0.000000,0.000000,0.000000,0.000000,0.000000,0.000000,0.000000,0.000000,0.000000,0.000000,0.000000,0.000000,0.000000,0.000000,0.000000,0.000000,0.000000,0.000000,0.000000,0.000000,0.000000,0.000000,0.000000,0.000000,0.000000,0.000000,0.000000,0.000000,0.000000,0.000000,0.000000,0.000000
0.024706,0.000000,0.064498,-0.001351,-0.014444,0.100660,-0.030562,-0.169295,0.000000,-0.037148,-0.028461,-0.005908,0.000000,-0.004602,0.028745,0.000000,0.004915,0.000000,-0.000219,0.000000,0.048046,-0.002198,0.000000,-0.001168,0.002654,-0.000840,0.000000,-0.000525,0.000000,-0.191531,-0.008687,-0.002957,-0.019033,-0.022328,0.000000,0.006493,0.046611,-0.014913,0.000000,0.000000,0.254508
0.013508,0.000000,0.068576,-0.000037,0.021790,-0.017883,0.094476,0.552750,0.000000,-0.064469,0.020131,0.019203,0.000000,-0.023027,0.021705,0.000000,-0.000760,0.000000,-0.000770,0.000000,-0.002198,0.009535,0.000000,0.007107,0.010262,0.001891,0.000000,0.000446,0.000000,-0.180160,-0.033436,0.002900,0.054372,0.010519,0.000000,0.054282,-0.027672,-0.004164,0.000000,0.000000,0.012044
0.000000,0.000000,0.000000,0.000000,0.000000,0.000000,0.000000,0.000000,0.000000,0.000000,0.000000,0.000000,0.000000,0.000000,0.000000,0.000000,0.000000,0.000000,0.000000,0.000000,0.000000,0.000000,0.000000,0.000000,0.000000,0.000000,0.000000,0.000000,0.000000,0.000000,0.000000,0.000000,0.000000,0.000000,0.000000,0.000000,0.000000,0.000000,0.000000,0.000000,0.000000
-0.003439,0.000000,0.094325,-0.002058,-0.026910,-0.006181,0.048039,0.092919,0.000000,-0.031163,-0.044311,0.001772,0.000000,-0.008187,-0.008541,0.000000,0.000573,0.000000,-0.000334,0.000000,-0.001168,0.007107,0.000000,0.040436,-0.003369,-0.001279,0.000000,0.000546,0.000000,-0.193885,-0.020515,-0.003186,0.056624,-0.038924,0.000000,0.126606,-0.009395,-0.022160,0.000000,0.000000,0.093061
0.028665,0.000000,0.268378,0.010205,0.086289,-0.005689,0.215233,0.770048,0.000000,-0.066093,0.102595,0.003396,0.000000,-0.033333,0.039550,0.000000,0.003581,0.000000,0.000193,0.000000,0.002654,0.010262,0.000000,-0.003369,0.122206,0.000959,0.000000,-0.001660,0.000000,-0.119675,-0.086403,0.012499,0.220624,0.062892,0.000000,0.037734,0.012558,0.009808,0.000000,0.000000,0.250096
0.006645,0.000000,-0.009834,0.022268,0.215239,0.000999,0.081115,0.201527,0.000000,-0.029943,0.264532,0.003454,0.000000,-0.017801,0.020669,0.000000,-0.000399,0.000000,-0.000240,0.000000,-0.000840,0.001891,0.000000,-0.001279,0.000959,0.039978,0.000000,-0.000006,0.000000,-0.109802,0.004441,-0.003238,0.032742,0.174942,0.000000,0.005972,-0.011518,0.063764,0.000000,0.000000,-0.015072
0.000000,0.000000,0.000000,0.000000,0.000000,0.000000,0.000000,0.000000,0.000000,0.000000,0.000000,0.000000,0.000000,0.000000,0.000000,0.000000,0.000000,0.000000,0.000000,0.000000,0.000000,0.000000,0.000000,0.000000,0.000000,0.000000,0.000000,0.000000,0.000000,0.000000,0.000000,0.000000,0.000000,0.000000,0.000000,0.000000,0.000000,0.000000,0.000000,0.000000,0.000000
-0.005239,0.000000,-0.000619,0.000472,-0.003243,-0.000553,-0.004639,-0.042713,0.000000,-0.006120,-0.005182,0.002086,0.000000,-0.001606,-0.010341,0.000000,0.000185,0.000000,0.000380,0.000000,-0.000525,0.000446,0.000000,0.000546,-0.001660,-0.000006,0.000000,0.027154,0.000000,-0.010266,-0.006172,-0.000093,-0.002104,-0.000488,0.000000,0.003721,0.004047,-0.002708,0.000000,0.000000,0.001625
0.000000,0.000000,0.000000,0.000000,0.000000,0.000000,0.000000,0.000000,0.000000,0.000000,0.000000,0.000000,0.000000,0.000000,0.000000,0.000000,0.000000,0.000000,0.000000,0.000000,0.000000,0.000000,0.000000,0.000000,0.000000,0.000000,0.000000,0.000000,0.000000,0.000000,0.000000,0.000000,0.000000,0.000000,0.000000,0.000000,0.000000,0.000000,0.000000,0.000000,0.000000
1.491276,0.000000,-1.222903,0.328370,7.225675,-0.141403,5.556069,3.858093,0.000000,14.858447,9.482922,-4.580351,0.000000,1.521319,3.558208,0.000000,0.132414,0.000000,0.016994,0.000000,-0.191531,-0.180160,0.000000,-0.193885,-0.119675,-0.109802,0.000000,-0.010266,0.000000,131.280936,5.748001,0.249696,3.032747,6.931275,0.000000,0.199927,2.592553,2.951202,0.000000,0.000000,-2.054662
-0.057438,0.000000,-0.233498,0.038121,0.474123,0.079779,-0.029879,-2.609591,0.000000,1.232660,0.461087,-0.224184,0.000000,1.252617,0.511497,0.000000,-0.019358,0.000000,-0.003527,0.000000,-0.008687,-0.033436,0.000000,-0.020515,-0.086403,0.004441,0.000000,-0.006172,0.000000,5.748001,4.374619,-0.104260,-0.059142,0.387211,0.000000,-0.152822,-0.299938,0.073319,0.000000,0.000000,-0.154426
0.064237,0.000000,0.112893,-0.005209,-0.065890,0.088411,-0.151241,0.304581,0.000000,-0.008343,-0.109400,0.015646,0.000000,-0.051425,0.091401,0.000000,-0.000214,0.000000,-0.000845,0.000000,-0.002957,0.002900,0.000000,-0.003186,0.012499,-0.003238,0.000000,-0.000093,0.000000,0.249696,-0.104260,0.322369,-0.084532,-0.060681,0.000000,-0.003411,-0.027054,-0.053000,0.000000,0.000000,0.110396
0.261302,0.000000,0.896425,0.087775,1.127103,-0.019471,2.630257,5.807161,0.000000,0.304165,1.435878,-0.018590,0.000000,-0.256804,0.522106,0.000000,0.013483,0.000000,-0.001669,0.000000,-0.019033,0.054372,0.000000,0.056624,0.220624,0.032742,0.000000,-0.002104,0.000000,3.032747,-0.059142,-0.084532,2.223753,1.253048,0.000000,0.394165,0.025735,0.352702,0.000000,0.000000,0.776211
0.173396,0.000000,-0.134043,0.342115,4.286163,-0.050542,1.634467,2.061624,0.000000,0.190027,5.936486,-0.042854,0.000000,-0.236486,0.528609,0.000000,-0.001282,0.000000,0.013975,0.000000,-0.022328,0.010519,0.000000,-0.038924,0.062892,0.174942,0.000000,-0.000488,0.000000,6.931275,0.387211,-0.060681,1.253048,5.211419,0.000000,-0.047044,-0.053137,2.004952,0.000000,0.000000,-0.227401
0.000000,0.000000,0.000000,0.000000,0.000000,0.000000,0.000000,0.000000,0.000000,0.000000,0.000000,0.000000,0.000000,0.000000,0.000000,0.000000,0.000000,0.000000,0.000000,0.000000,0.000000,0.000000,0.000000,0.000000,0.000000,0.000000,0.000000,0.000000,0.000000,0.000000,0.000000,0.000000,0.000000,0.000000,0.000000,0.000000,0.000000,0.000000,0.000000,0.000000,0.000000
0.161550,0.000000,0.665476,-0.002535,0.120938,0.004753,0.527869,1.415211,0.000000,-0.065919,0.096335,0.021150,0.000000,-0.058780,0.219607,0.000000,0.005569,0.000000,-0.004459,0.000000,0.006493,0.054282,0.000000,0.126606,0.037734,0.005972,0.000000,0.003721,0.000000,0.199927,-0.152822,-0.003411,0.394165,-0.047044,0.000000,1.019431,-0.032405,-0.038536,0.000000,0.000000,0.523063
0.023339,0.000000,0.055553,0.002403,-0.059429,0.167047,-0.144033,-1.557272,0.000000,0.395548,-0.058645,-0.203168,0.000000,-0.037300,-0.048329,0.000000,0.024571,0.000000,0.002708,0.000000,0.046611,-0.027672,0.000000,-0.009395,0.012558,-0.011518,0.000000,0.004047,0.000000,2.592553,-0.299938,-0.027054,0.025735,-0.053137,0.000000,-0.032405,0.411049,0.029569,0.000000,0.000000,0.524624
0.038073,0.000000,-0.087587,0.144851,1.965546,-0.072980,0.400061,-1.036643,0.000000,0.031930,3.116516,-0.036145,0.000000,-0.065548,0.154254,0.000000,0.001888,0.000000,0.015716,0.000000,-0.014913,-0.004164,0.000000,-0.022160,0.009808,0.063764,0.000000,-0.002708,0.000000,2.951202,0.073319,-0.053000,0.352702,2.004952,0.000000,-0.038536,0.029569,1.259684,0.000000,0.000000,-0.197507
0.000000,0.000000,0.000000,0.000000,0.000000,0.000000,0.000000,0.000000,0.000000,0.000000,0.000000,0.000000,0.000000,0.000000,0.000000,0.000000,0.000000,0.000000,0.000000,0.000000,0.000000,0.000000,0.000000,0.000000,0.000000,0.000000,0.000000,0.000000,0.000000,0.000000,0.000000,0.000000,0.000000,0.000000,0.000000,0.000000,0.000000,0.000000,0.000000,0.000000,0.000000
0.000000,0.000000,0.000000,0.000000,0.000000,0.000000,0.000000,0.000000,0.000000,0.000000,0.000000,0.000000,0.000000,0.000000,0.000000,0.000000,0.000000,0.000000,0.000000,0.000000,0.000000,0.000000,0.000000,0.000000,0.000000,0.000000,0.000000,0.000000,0.000000,0.000000,0.000000,0.000000,0.000000,0.000000,0.000000,0.000000,0.000000,0.000000,0.000000,0.000000,0.000000
0.365019,0.000000,1.626628,0.001566,-0.083795,1.311151,0.561534,0.726638,0.000000,-0.403221,-0.261259,-0.188214,0.000000,-0.084486,0.502295,0.000000,0.063061,0.000000,-0.001351,0.000000,0.254508,0.012044,0.000000,0.093061,0.250096,-0.015072,0.000000,0.001625,0.000000,-2.054662,-0.154426,0.110396,0.776211,-0.227401,0.000000,0.523063,0.524624,-0.197507,0.000000,0.000000,4.347830
