0.014886,0.000000,0.003774,0.000522,0.001490,0.004062,0.006767,0.007387,0.000000,0.004473,0.001679,-0.001013,0.000000,-0.002769,0.012235,0.000000,0.003821,0.000000,-0.000480,0.000000,0.001832,0.003862,0.000000,-0.000765,0.006376,0.000493,0.000000,-0.000537,0.000000,0.004661,-0.000747,0.001786,0.004843,0.002143,0.000000,0.004263,0.001191,0.001059,0.000000,0.000000,0.003007
0.000000,0.000000,0.000000,0.000000,0.000000,0.000000,0.000000,0.000000,0.000000,0.000000,0.000000,0.000000,0.000000,0.000000,0.000000,0.000000,0.000000,0.000000,0.000000,0.000000,0.000000,0.000000,0.000000,0.000000,0.000000,0.000000,0.000000,0.000000,0.000000,0.000000,0.000000,0.000000,0.000000,0.000000,0.000000,0.000000,0.000000,0.000000,0.000000,0.000000,0.000000
0.003774,0.000000,0.013296,0.000115,0.000060,0.000428,0.003561,0.001490,0.000000,-0.001570,-0.000139,0.000410,0.000000,-0.001875,0.002656,0.000000,0.005735,0.000000,-0.000057,0.000000,0.001792,0.007345,0.000000,0.007860,0.022365,-0.000273,0.000000,-0.000024,0.000000,-0.001432,-0.001138,0.001176,0.006225,-0.000621,0.000000,0.006580,0.001062,-0.000912,0.000000,0.000000,0.005020
0.000522,0.000000,0.000115,0.008384,0.002759,0.000168,0.002249,-0.000421,0.000000,0.000313,0.002940,-0.000287,0.000000,-0.001019,0.001048,0.000000,0.000323,0.000000,0.001695,0.000000,-0.000150,-0.000016,0.000000,-0.000686,0.003402,0.002474,0.000000,0.000072,0.000000,0.001538,0.000743,-0.000217,0.002438,0.006335,0.000000,-0.000100,0.000184,0.006035,0.000000,0.000000,0.000019
0.001490,0.000000,0.000060,0.002759,0.004471,0.000085,0.003110,0.001532,0.000000,0.000746,0.004380,-0.000398,0.000000,-0.001072,0.002209,0.000000,0.000030,0.000000,0.000097,0.000000,-0.000134,0.000778,0.000000,-0.000748,0.002397,0.001993,0.000000,-0.000041,0.000000,0.002820,0.000770,-0.000229,0.002609,0.006614,0.000000,0.000399,-0.000379,0.006825,0.000000,0.000000,-0.000086
0.004062,0.000000,0.000428,0.000168,0.000085,0.006074,0.001308,-0.000714,0.000000,0.000731,-0.000025,-0.000894,0.000000,-0.000098,0.003417,0.000000,0.003467,0.000000,-0.000083,0.000000,0.002581,-0.001768,0.000000,-0.000475,-0.000438,0.000026,0.000000,-0.000020,0.000000,-0.000153,0.000359,0.000850,-0.000125,-0.000216,0.000000,0.000043,0.002949,-0.000702,0.000000,0.000000,0.003735
0.006767,0.000000,0.003561,0.002249,0.003110,0.001308,0.015573,0.011531,0.000000,0.002529,0.002954,-0.000903,0.000000,-0.006707,0.007404,0.000000,0.000611,0.000000,-0.000222,0.000000,-0.000566,0.006746,0.000000,0.002669,0.011957,0.001502,0.000000,-0.000119,0.000000,0.004337,-0.000097,-0.001050,0.012177,0.005045,0.000000,0.003480,-0.001836,0.002778,0.000000,0.000000,0.001155
0.007387,0.000000,0.001490,-0.000421,0.001532,-0.000714,0.011531,0.023034,0.000000,-0.003207,0.001059,0.000405,0.000000,-0.010503,0.007392,0.000000,-0.002035,0.000000,-0.000849,0.000000,-0.000930,0.011705,0.000000,0.001531,0.012686,0.001107,0.000000,-0.000324,0.000000,0.000893,-0.002515,0.000627,0.007972,0.001887,0.000000,0.002766,-0.005887,-0.002135,0.000000,0.000000,0.000443
0.000000,0.000000,0.000000,0.000000,0.000000,0.000000,0.000000,0.000000,0.000000,0.000000,0.000000,0.000000,0.000000,0.000000,0.000000,0.000000,0.000000,0.000000,0.000000,0.000000,0.000000,0.000000,0.000000,0.000000,0.000000,0.000000,0.000000,0.000000,0.000000,0.000000,0.000000,0.000000,0.000000,0.000000,0.000000,0.000000,0.000000,0.000000,0.000000,0.000000,0.000000
0.004473,0.000000,-0.001570,0.000313,0.000746,0.000731,0.002529,-0.003207,0.000000,0.021774,0.001036,-0.005938,0.000000,0.007477,0.005812,0.000000,0.004323,0.000000,-0.000254,0.000000,-0.001032,-0.006905,0.000000,-0.002597,-0.005508,-0.000832,0.000000,-0.000235,0.000000,0.017399,0.006010,-0.000087,0.002112,0.000880,0.000000,-0.000652,0.007564,0.000333,0.000000,0.000000,-0.001245
0.001679,0.000000,-0.000139,0.002940,0.004380,-0.000025,0.002954,0.001059,0.000000,0.001036,0.005693,-0.000339,0.000000,-0.001323,0.002414,0.000000,0.000093,0.000000,0.000079,0.000000,-0.000216,0.000588,0.000000,-0.001007,0.002332,0.002004,0.000000,-0.000054,0.000000,0.003028,0.000613,-0.000311,0.002719,0.007496,0.000000,0.000260,-0.000306,0.008854,0.000000,0.000000,-0.000220
-0.001013,0.000000,0.000410,-0.000287,-0.000398,-0.000894,-0.000903,0.000405,0.000000,-0.005938,-0.000339,0.005650,0.000000,-0.001532,-0.001337,0.000000,-0.003381,0.000000,-0.000014,0.000000,-0.000197,0.002474,0.000000,0.000178,0.000340,0.000115,0.000000,0.000096,0.000000,-0.006450,-0.001314,0.000196,-0.000155,-0.000239,0.000000,0.000252,-0.004672,-0.000453,0.000000,0.000000,-0.000699
0.000000,0.000000,0.000000,0.000000,0.000000,0.000000,0.000000,0.000000,0.000000,0.000000,0.000000,0.000000,0.000000,0.000000,0.000000,0.000000,0.000000,0.000000,0.000000,0.000000,0.000000,0.000000,0.000000,0.000000,0.000000,0.000000,0.000000,0.000000,0.000000,0.000000,0.000000,0.000000,0.000000,0.000000,0.000000,0.000000,0.000000,0.000000,0.000000,0.000000,0.000000
-0.002769,0.000000,-0.001875,-0.001019,-0.001072,-0.000098,-0.006707,-0.010503,0.000000,0.007477,-0.001323,-0.001532,0.000000,0.030532,0.000874,0.000000,-0.003161,0.000000,0.000040,0.000000,-0.000342,-0.006591,0.000000,-0.001823,-0.007422,-0.001321,0.000000,-0.000165,0.000000,0.004760,0.016318,-0.001431,-0.004765,-0.002925,0.000000,-0.001553,-0.001906,-0.001824,0.000000,0.000000,-0.000697
0.012235,0.000000,0.002656,0.001048,0.002209,0.003417,0.007404,0.007392,0.000000,0.005812,0.002414,-0.001337,0.000000,0.000874,0.012159,0.000000,0.001744,0.000000,-0.000436,0.000000,0.001136,0.003308,0.000000,-0.001013,0.004689,0.000817,0.000000,-0.000564,0.000000,0.005927,0.003548,0.001354,0.005158,0.003482,0.000000,0.003089,-0.001315,0.002286,0.000000,0.000000,0.002206
0.000000,0.000000,0.000000,0.000000,0.000000,0.000000,0.000000,0.000000,0.000000,0.000000,0.000000,0.000000,0.000000,0.000000,0.000000,0.000000,0.000000,0.000000,0.000000,0.000000,0.000000,0.000000,0.000000,0.000000,0.000000,0.000000,0.000000,0.000000,0.000000,0.000000,0.000000,0.000000,0.000000,0.000000,0.000000,0.000000,0.000000,0.000000,0.000000,0.000000,0.000000
0.003821,0.000000,0.005735,0.000323,0.000030,0.003467,0.000611,-0.002035,0.000000,0.004323,0.000093,-0.003381,0.000000,-0.003161,0.001744,0.000000,0.016301,0.000000,0.000109,0.000000,0.004628,-0.002759,0.000000,0.001618,0.010116,-0.000375,0.000000,0.000241,0.000000,0.005256,-0.003199,-0.000076,0.003174,-0.000201,0.000000,0.001867,0.015927,0.000667,0.000000,0.000000,0.006598
0.000000,0.000000,0.000000,0.000000,0.000000,0.000000,0.000000,0.000000,0.000000,0.000000,0.000000,0.000000,0.000000,0.000000,0.000000,0.000000,0.000000,0.000000,0.000000,0.000000,0.000000,0.000000,0.000000,0.000000,0.000000,0.000000,0.000000,0.000000,0.000000,0.000000,0.000000,0.000000,0.000000,0.000000,0.000000,0.000000,0.000000,0.000000,0.000000,0.000000,0.000000
-0.000480,0.000000,-0.000057,0.001695,0.000097,-0.000083,-0.000222,-0.000849,0.000000,-0.000254,0.000079,-0.000014,0.000000,0.000040,-0.000436,0.000000,0.000109,0.000000,0.002623,0.000000,-0.000037,-0.000495,0.000000,-0.000167,0.000096,-0.000040,0.000000,0.000088,0.000000,0.000119,-0.000103,-0.000053,-0.000070,0.000388,0.000000,-0.000265,0.000311,0.000982,0.000000,0.000000,-0.000025
0.000000,0.000000,0.000000,0.000000,0.000000,0.000000,0.000000,0.000000,0.000000,0.000000,0.000000,0.000000,0.000000,0.000000,0.000000,0.000000,0.000000,0.000000,0.000000,0.000000,0.000000,0.000000,0.000000,0.000000,0.000000,0.000000,0.000000,0.000000,0.000000,0.000000,0.000000,0.000000,0.000000,0.000000,0.000000,0.000000,0.000000,0.000000,0.000000,0.000000,0.000000
0.001832,0.000000,0.001792,-0.000150,-0.000134,0.002581,-0.000566,-0.000930,0.000000,-0.001032,-0.000216,-0.000197,0.000000,-0.000342,0.001136,0.000000,0.004628,0.000000,-0.000037,0.000000,0.005338,-0.000942,0.000000,-0.000389,0.000885,-0.000093,0.000000,-0.000081,0.000000,-0.000897,-0.000169,-0.000123,-0.000529,-0.000413,0.000000,0.000257,0.003565,-0.000621,0.000000,0.000000,0.003142
0.003862,0.000000,0.007345,-0.000016,0.000778,-0.001768,0.006746,0.011705,0.000000,-0.006905,0.000588,0.002474,0.000000,-0.006591,0.003308,0.000000,-0.002759,0.000000,-0.000495,0.000000,-0.000942,0.015753,0.000000,0.009135,0.013190,0.000810,0.000000,0.000264,0.000000,-0.003254,-0.002514,0.000466,0.005824,0.000751,0.000000,0.008278,-0.008162,-0.000669,0.000000,0.000000,0.000573
0.000000,0.000000,0.000000,0.000000,0.000000,0.000000,0.000000,0.000000,0.000000,0.000000,0.000000,0.000000,0.000000,0.000000,0.000000,0.000000,0.000000,0.000000,0.000000,0.000000,0.000000,0.000000,0.000000,0.000000,0.000000,0.000000,0.000000,0.000000,0.000000,0.000000,0.000000,0.000000,0.000000,0.000000,0.000000,0.000000,0.000000,0.000000,0.000000,0.000000,0.000000
-0.000765,0.000000,0.007860,-0.000686,-0.000748,-0.000475,0.002669,0.001531,0.000000,-0.002597,-0.001007,0.000178,0.000000,-0.001823,-0.001013,0.000000,0.001618,0.000000,-0.000167,0.000000,-0.000389,0.009135,0.000000,0.040436,-0.003369,-0.000426,0.000000,0.000251,0.000000,-0.002724,-0.001200,-0.000398,0.004719,-0.002162,0.000000,0.015022,-0.002156,-0.002770,0.000000,0.000000,0.003447
0.006376,0.000000,0.022365,0.003402,0.002397,-0.000438,0.011957,0.012686,0.000000,-0.005508,0.002332,0.000340,0.000000,-0.007422,0.004689,0.000000,0.010116,0.000000,0.000096,0.000000,0.000885,0.013190,0.000000,-0.003369,0.122206,0.000320,0.000000,-0.000764,0.000000,-0.001682,-0.005055,0.001562,0.018385,0.003494,0.000000,0.004477,0.002882,0.001226,0.000000,0.000000,0.009263
0.000493,0.000000,-0.000273,0.002474,0.001993,0.000026,0.001502,0.001107,0.000000,-0.000832,0.002004,0.000115,0.000000,-0.001321,0.000817,0.000000,-0.000375,0.000000,-0.000040,0.000000,-0.000093,0.000810,0.000000,-0.000426,0.000320,0.004442,0.000000,-0.000001,0.000000,-0.000514,0.000087,-0.000135,0.000909,0.003240,0.000000,0.000236,-0.000881,0.002657,0.000000,0.000000,-0.000186
0.000000,0.000000,0.000000,0.000000,0.000000,0.000000,0.000000,0.000000,0.000000,0.000000,0.000000,0.000000,0.000000,0.000000,0.000000,0.000000,0.000000,0.000000,0.000000,0.000000,0.000000,0.000000,0.000000,0.000000,0.000000,0.000000,0.000000,0.000000,0.000000,0.000000,0.000000,0.000000,0.000000,0.000000,0.000000,0.000000,0.000000,0.000000,0.000000,0.000000,0.000000
-0.000537,0.000000,-0.000024,0.000072,-0.000041,-0.000020,-0.000119,-0.000324,0.000000,-0.000235,-0.000054,0.000096,0.000000,-0.000165,-0.000564,0.000000,0.000241,0.000000,0.000088,0.000000,-0.000081,0.000264,0.000000,0.000251,-0.000764,-0.000001,0.000000,0.005756,0.000000,-0.000066,-0.000166,-0.000005,-0.000081,-0.000012,0.000000,0.000203,0.000428,-0.000156,0.000000,0.000000,0.000028
0.000000,0.000000,0.000000,0.000000,0.000000,0.000000,0.000000,0.000000,0.000000,0.000000,0.000000,0.000000,0.000000,0.000000,0.000000,0.000000,0.000000,0.000000,0.000000,0.000000,0.000000,0.000000,0.000000,0.000000,0.000000,0.000000,0.000000,0.000000,0.000000,0.000000,0.000000,0.000000,0.000000,0.000000,0.000000,0.000000,0.000000,0.000000,0.000000,0.000000,0.000000
0.004661,0.000000,-0.001432,0.001538,0.002820,-0.000153,0.004337,0.000893,0.000000,0.017399,0.003028,-0.006450,0.000000,0.004760,0.005927,0.000000,0.005256,0.000000,0.000119,0.000000,-0.000897,-0.003254,0.000000,-0.002724,-0.001682,-0.000514,0.000000,-0.000066,0.000000,0.025921,0.004725,0.000439,0.003551,0.005411,0.000000,0.000333,0.008359,0.005184,0.000000,0.000000,-0.001069
-0.000747,0.000000,-0.001138,0.000743,0.000770,0.000359,-0.000097,-0.002515,0.000000,0.006010,0.000613,-0.001314,0.000000,0.016318,0.003548,0.000000,-0.003199,0.000000,-0.000103,0.000000,-0.000169,-0.002514,0.000000,-0.001200,-0.005055,0.000087,0.000000,-0.000166,0.000000,0.004725,0.014973,-0.000762,-0.000288,0.001259,0.000000,-0.001061,-0.004026,0.000536,0.000000,0.000000,-0.000335
0.001786,0.000000,0.001176,-0.000217,-0.000229,0.000850,-0.001050,0.000627,0.000000,-0.000087,-0.000311,0.000196,0.000000,-0.001431,0.001354,0.000000,-0.000076,0.000000,-0.000053,0.000000,-0.000123,0.000466,0.000000,-0.000398,0.001562,-0.000135,0.000000,-0.000005,0.000000,0.000439,-0.000762,0.005037,-0.000881,-0.000421,0.000000,-0.000051,-0.000776,-0.000828,0.000000,0.000000,0.000511
0.004843,0.000000,0.006225,0.002438,0.002609,-0.000125,0.012177,0.007972,0.000000,0.002112,0.002719,-0.000155,0.000000,-0.004765,0.005158,0.000000,0.003174,0.000000,-0.000070,0.000000,-0.000529,0.005824,0.000000,0.004719,0.018385,0.000909,0.000000,-0.000081,0.000000,0.003551,-0.000288,-0.000881,0.015443,0.005801,0.000000,0.003897,0.000492,0.003674,0.000000,0.000000,0.002396
0.002143,0.000000,-0.000621,0.006335,0.006614,-0.000216,0.005045,0.001887,0.000000,0.000880,0.007496,-0.000239,0.000000,-0.002925,0.003482,0.000000,-0.000201,0.000000,0.000388,0.000000,-0.000413,0.000751,0.000000,-0.002162,0.003494,0.003240,0.000000,-0.000012,0.000000,0.005411,0.001259,-0.000421,0.005801,0.016085,0.000000,-0.000310,-0.000677,0.013923,0.000000,0.000000,-0.000468
0.000000,0.000000,0.000000,0.000000,0.000000,0.000000,0.000000,0.000000,0.000000,0.000000,0.000000,0.000000,0.000000,0.000000,0.000000,0.000000,0.000000,0.000000,0.000000,0.000000,0.000000,0.000000,0.000000,0.000000,0.000000,0.000000,0.000000,0.000000,0.000000,0.000000,0.000000,0.000000,0.000000,0.000000,0.000000,0.000000,0.000000,0.000000,0.000000,0.000000,0.000000
0.004263,0.000000,0.006580,-0.000100,0.000399,0.000043,0.003480,0.002766,0.000000,-0.000652,0.000260,0.000252,0.000000,-0.001553,0.003089,0.000000,0.001867,0.000000,-0.000265,0.000000,0.000257,0.008278,0.000000,0.015022,0.004477,0.000236,0.000000,0.000203,0.000000,0.000333,-0.001061,-0.000051,0.003897,-0.000310,0.000000,0.014352,-0.000882,-0.000572,0.000000,0.000000,0.002299
0.001191,0.000000,0.001062,0.000184,-0.000379,0.002949,-0.001836,-0.005887,0.000000,0.007564,-0.000306,-0.004672,0.000000,-0.001906,-0.001315,0.000000,0.015927,0.000000,0.000311,0.000000,0.003565,-0.008162,0.000000,-0.002156,0.002882,-0.000881,0.000000,0.000428,0.000000,0.008359,-0.004026,-0.000776,0.000492,-0.000677,0.000000,-0.000882,0.021643,0.000848,0.000000,0.000000,0.004459
0.001059,0.000000,-0.000912,0.006035,0.006825,-0.000702,0.002778,-0.002135,0.000000,0.000333,0.008854,-0.000453,0.000000,-0.001824,0.002286,0.000000,0.000667,0.000000,0.000982,0.000000,-0.000621,-0.000669,0.000000,-0.002770,0.001226,0.002657,0.000000,-0.000156,0.000000,0.005184,0.000536,-0.000828,0.003674,0.013923,0.000000,-0.000572,0.000848,0.019683,0.000000,0.000000,-0.000914
0.000000,0.000000,0.000000,0.000000,0.000000,0.000000,0.000000,0.000000,0.000000,0.000000,0.000000,0.000000,0.000000,0.000000,0.000000,0.000000,0.000000,0.000000,0.000000,0.000000,0.000000,0.000000,0.000000,0.000000,0.000000,0.000000,0.000000,0.000000,0.000000,0.000000,0.000000,0.000000,0.000000,0.000000,0.000000,0.000000,0.000000,0.000000,0.000000,0.000000,0.000000
0.000000,0.000000,0.000000,0.000000,0.000000,0.000000,0.000000,0.000000,0.000000,0.000000,0.000000,0.000000,0.000000,0.000000,0.000000,0.000000,0.000000,0.000000,0.000000,0.000000,0.000000,0.000000,0.000000,0.000000,0.000000,0.000000,0.000000,0.000000,0.000000,0.000000,0.000000,0.000000,0.000000,0.000000,0.000000,0.000000,0.000000,0.000000,0.000000,0.000000,0.000000
0.003007,0.000000,0.005020,0.000019,-0.000086,0.003735,0.001155,0.000443,0.000000,-0.001245,-0.000220,-0.000699,0.000000,-0.000697,0.002206,0.000000,0.006598,0.000000,-0.000025,0.000000,0.003142,0.000573,0.000000,0.003447,0.009263,-0.000186,0.000000,0.000028,0.000000,-0.001069,-0.000335,0.000511,0.002396,-0.000468,0.000000,0.002299,0.004459,-0.000914,0.000000,0.000000,0.005964
