0.004402,0.000053,-0.000100,-0.000249,-0.000211,-0.000903,-0.000474,0.000159,-0.000757,-0.000006,-0.000516,0.000409,0.000011,0.000215,0.001205,0.000188,0.003088,0.000079
0.000053,0.002603,0.000009,-0.000042,0.000084,0.000976,-0.000825,0.000052,-0.000332,0.000548,0.000092,-0.000010,-0.000123,0.000079,-0.000099,-0.000737,-0.000643,-0.000211
-0.000100,0.000009,0.002784,-0.001558,-0.000249,0.002154,-0.000405,0.001246,-0.000440,0.000441,-0.000215,0.000087,0.001123,0.000069,0.001550,0.000072,-0.003106,-0.000032
-0.000249,-0.000042,-0.001558,0.014272,0.000876,-0.002457,0.000138,-0.002219,-0.001548,-0.005676,0.000127,-0.000132,0.001271,-0.001231,-0.002472,0.000597,0.004304,-0.002611
-0.000211,0.000084,-0.000249,0.000876,0.002206,0.002241,-0.001081,-0.000488,0.000058,-0.000202,-0.000074,0.000209,0.000378,-0.000221,-0.001869,-0.000148,0.000320,0.000009
-0.000903,0.000976,0.002154,-0.002457,0.002241,0.084063,-0.003237,-0.002897,-0.001009,0.002314,-0.000503,0.000159,0.009141,-0.002923,-0.001819,-0.002324,-0.000172,-0.000963
-0.000474,-0.000825,-0.000405,0.000138,-0.001081,-0.003237,0.083074,0.004514,-0.000621,-0.000653,0.000957,-0.000869,0.006327,0.000670,-0.003970,0.000025,0.000093,0.000390
0.000159,0.000052,0.001246,-0.002219,-0.000488,-0.002897,0.004514,0.011991,0.000131,-0.000912,-0.000312,0.000023,0.003195,0.001671,0.002498,-0.000701,0.000505,0.000804
-0.000757,-0.000332,-0.000440,-0.001548,0.000058,-0.001009,-0.000621,0.000131,0.009825,0.000923,0.000139,0.000432,0.000168,0.000401,-0.001186,0.000169,-0.000203,0.000284
-0.000006,0.000548,0.000441,-0.005676,-0.000202,0.002314,-0.000653,-0.000912,0.000923,0.004614,-0.000212,-0.000507,-0.001676,0.000366,0.004735,0.000099,0.002094,-0.000776
-0.000516,0.000092,-0.000215,0.000127,-0.000074,-0.000503,0.000957,-0.000312,0.000139,-0.000212,0.002000,0.000029,-0.000512,-0.000014,-0.000558,-0.000054,0.000484,-0.000033
0.000409,-0.000010,0.000087,-0.000132,0.000209,0.000159,-0.000869,0.000023,0.000432,-0.000507,0.000029,0.002461,0.000104,0.000031,-0.000699,0.000149,-0.000008,0.000132
0.000011,-0.000123,0.001123,0.001271,0.000378,0.009141,0.006327,0.003195,0.000168,-0.001676,-0.000512,0.000104,0.011852,-0.000313,-0.002743,-0.000217,0.000449,-0.000217
0.000215,0.000079,0.000069,-0.001231,-0.000221,-0.002923,0.000670,0.001671,0.000401,0.000366,-0.000014,0.000031,-0.000313,0.002427,0.000570,-0.000512,0.000482,0.000392
0.001205,-0.000099,0.001550,-0.002472,-0.001869,-0.001819,-0.003970,0.002498,-0.001186,0.004735,-0.000558,-0.000699,-0.002743,0.000570,0.032046,0.001244,0.001391,0.002335
0.000188,-0.000737,0.000072,0.000597,-0.000148,-0.002324,0.000025,-0.000701,0.000169,0.000099,-0.000054,0.000149,-0.000217,-0.000512,0.001244,0.010840,-0.000541,-0.001167
0.003088,-0.000643,-0.003106,0.004304,0.000320,-0.000172,0.000093,0.000505,-0.000203,0.002094,0.000484,-0.000008,0.000449,0.000482,0.001391,-0.000541,0.031947,0.000445
0.000079,-0.000211,-0.000032,-0.002611,0.000009,-0.000963,0.000390,0.000804,0.000284,-0.000776,-0.000033,0.000132,-0.000217,0.000392,0.002335,-0.001167,0.000445,0.007949
