0.002522,0.000404,-0.000134,-0.000399,-0.000236,0.000011,0.000079,0.000381,-0.000218,0.000106,-0.000100,0.000027,-0.000186,0.000101,0.000202,0.000759,0.000437,0.000173
0.000404,0.004593,-0.000139,0.000102,-0.000214,0.000195,0.000193,0.000296,-0.001036,0.001039,0.000548,-0.000590,-0.000502,-0.000064,0.000513,-0.001589,-0.000573,-0.000068
-0.000134,-0.000139,0.002312,0.000180,-0.000258,0.001893,0.000577,0.000794,-0.001373,0.000318,-0.000062,0.000166,0.000688,0.000026,0.002055,0.000900,-0.000532,-0.000222
-0.000399,0.000102,0.000180,0.014912,0.000033,-0.000838,-0.001619,0.000223,-0.004194,-0.002132,-0.000210,-0.002257,0.005854,-0.000143,-0.001894,0.004135,0.001382,-0.001169
-0.000236,-0.000214,-0.000258,0.000033,0.002891,0.003651,-0.001977,0.000007,0.000541,-0.000613,-0.000061,0.000796,0.001325,0.000143,-0.006301,-0.000270,-0.000155,-0.000277
0.000011,0.000195,0.001893,-0.000838,0.003651,0.085477,0.001306,0.000224,-0.005374,0.000761,-0.001549,-0.000687,0.003459,-0.000369,-0.001593,-0.001790,0.001349,-0.001008
0.000079,0.000193,0.000577,-0.001619,-0.001977,0.001306,0.081393,-0.000481,-0.003183,-0.001894,0.001586,-0.003778,0.001815,0.000267,-0.004916,-0.002108,-0.000162,0.001991
0.000381,0.000296,0.000794,0.000223,0.000007,0.000224,-0.000481,0.011812,-0.000669,-0.000780,-0.000221,0.000925,0.001180,0.000450,0.001088,-0.000994,0.001394,0.000056
-0.000218,-0.001036,-0.001373,-0.004194,0.000541,-0.005374,-0.003183,-0.000669,0.011535,0.000189,0.000492,0.001586,-0.002824,0.000417,-0.003330,0.001915,0.000511,0.000189
0.000106,0.001039,0.000318,-0.002132,-0.000613,0.000761,-0.001894,-0.000780,0.000189,0.004243,-0.000646,-0.001194,-0.000708,0.000214,0.005639,0.000453,0.000339,-0.000042
-0.000100,0.000548,-0.000062,-0.000210,-0.000061,-0.001549,0.001586,-0.000221,0.000492,-0.000646,0.002194,0.000144,-0.001139,0.000131,-0.000695,0.000462,-0.000404,-0.000064
0.000027,-0.000590,0.000166,-0.002257,0.000796,-0.000687,-0.003778,0.000925,0.001586,-0.001194,0.000144,0.002822,0.000938,0.000086,-0.003488,0.001452,0.000646,-0.000321
-0.000186,-0.000502,0.000688,0.005854,0.001325,0.003459,0.001815,0.001180,-0.002824,-0.000708,-0.001139,0.000938,0.014409,0.000176,-0.005898,-0.001807,0.001029,-0.000132
0.000101,-0.000064,0.000026,-0.000143,0.000143,-0.000369,0.000267,0.000450,0.000417,0.000214,0.000131,0.000086,0.000176,0.002237,-0.000956,0.000185,0.000097,0.000178
0.000202,0.000513,0.002055,-0.001894,-0.006301,-0.001593,-0.004916,0.001088,-0.003330,0.005639,-0.000695,-0.003488,-0.005898,-0.000956,0.036748,0.001548,0.003800,0.000609
0.000759,-0.001589,0.000900,0.004135,-0.000270,-0.001790,-0.002108,-0.000994,0.001915,0.000453,0.000462,0.001452,-0.001807,0.000185,0.001548,0.013423,-0.000867,-0.000314
0.000437,-0.000573,-0.000532,0.001382,-0.000155,0.001349,-0.000162,0.001394,0.000511,0.000339,-0.000404,0.000646,0.001029,0.000097,0.003800,-0.000867,0.030975,0.001181
0.000173,-0.000068,-0.000222,-0.001169,-0.000277,-0.001008,0.001991,0.000056,0.000189,-0.000042,-0.000064,-0.000321,-0.000132,0.000178,0.000609,-0.000314,0.001181,0.002512
