0.002908,0.000203,-0.000277,-0.000272,-0.000191,0.000449,-0.000172,-0.000115,-0.000044,0.000010,-0.000357,0.000108,-0.000241,0.000183,0.000116,0.000435,0.001016,0.000237
0.000203,0.004019,0.000003,-0.001195,0.000453,0.000535,-0.000262,0.000161,-0.000846,0.001009,-0.000223,0.000520,0.000193,-0.000229,0.000384,-0.002257,0.000386,0.000167
-0.000277,0.000003,0.003035,-0.001176,-0.000507,0.001244,0.000188,0.002377,0.000702,0.001087,-0.001322,0.000338,0.002766,0.000178,0.003459,0.000001,-0.001426,-0.000080
-0.000272,-0.001195,-0.001176,0.014527,-0.001557,-0.000297,-0.001909,-0.001725,-0.008201,-0.003904,-0.001046,-0.001461,0.000142,-0.000133,-0.004721,0.000286,0.001333,-0.001077
-0.000191,0.000453,-0.000507,-0.001557,0.003264,0.001347,-0.000160,0.000673,0.000228,-0.000423,0.000131,0.000771,-0.000948,0.000262,-0.005652,0.000384,-0.001456,-0.000079
0.000449,0.000535,0.001244,-0.000297,0.001347,0.084859,0.005134,-0.004146,-0.006202,0.001638,-0.000206,0.001612,0.006629,0.000862,-0.004634,-0.002184,0.000030,-0.000544
-0.000172,-0.000262,0.000188,-0.001909,-0.000160,0.005134,0.083219,0.002934,-0.002670,-0.002819,0.003583,-0.001652,0.003349,-0.001764,-0.003000,0.001556,-0.000145,0.000462
-0.000115,0.000161,0.002377,-0.001725,0.000673,-0.004146,0.002934,0.013583,0.000084,-0.002411,-0.001395,0.000476,0.002395,0.000071,0.000265,-0.000091,-0.002015,-0.000209
-0.000044,-0.000846,0.000702,-0.008201,0.000228,-0.006202,-0.002670,0.000084,0.015865,0.002494,0.000490,0.002049,-0.002434,0.000608,-0.003739,-0.000245,-0.001601,0.000363
0.000010,0.001009,0.001087,-0.003904,-0.000423,0.001638,-0.002819,-0.002411,0.002494,0.004266,-0.001213,-0.000551,0.000484,0.000078,0.006404,-0.000506,0.001064,-0.000082
-0.000357,-0.000223,-0.001322,-0.001046,0.000131,-0.000206,0.003583,-0.001395,0.000490,-0.001213,0.003947,0.000048,-0.003155,0.000063,-0.000349,-0.000054,0.000782,-0.000034
0.000108,0.000520,0.000338,-0.001461,0.000771,0.001612,-0.001652,0.000476,0.002049,-0.000551,0.000048,0.003320,0.000456,0.000432,-0.001813,0.000018,-0.000042,-0.000028
-0.000241,0.000193,0.002766,0.000142,-0.000948,0.006629,0.003349,0.002395,-0.002434,0.000484,-0.003155,0.000456,0.014799,0.000482,-0.005127,-0.003295,-0.001548,0.000054
0.000183,-0.000229,0.000178,-0.000133,0.000262,0.000862,-0.001764,0.000071,0.000608,0.000078,0.000063,0.000432,0.000482,0.003061,0.000615,0.000594,0.000562,-0.000010
0.000116,0.000384,0.003459,-0.004721,-0.005652,-0.004634,-0.003000,0.000265,-0.003739,0.006404,-0.000349,-0.001813,-0.005127,0.000615,0.037189,0.002095,0.003115,0.000413
0.000435,-0.002257,0.000001,0.000286,0.000384,-0.002184,0.001556,-0.000091,-0.000245,-0.000506,-0.000054,0.000018,-0.003295,0.000594,0.002095,0.011846,-0.000821,-0.000156
0.001016,0.000386,-0.001426,0.001333,-0.001456,0.000030,-0.000145,-0.002015,-0.001601,0.001064,0.000782,-0.000042,-0.001548,0.000562,0.003115,-0.000821,0.027914,0.000298
0.000237,0.000167,-0.000080,-0.001077,-0.000079,-0.000544,0.000462,-0.000209,0.000363,-0.000082,-0.000034,-0.000028,0.000054,-0.000010,0.000413,-0.000156,0.000298,0.002369
