0.039249,0.007193,-0.001688,0.002883,0.000783,0.000113,0.002581,-0.001164
0.007193,0.036220,-0.000964,0.002163,0.001805,-0.000195,0.001968,-0.000949
-0.001688,-0.000964,0.029071,-0.000355,0.000150,-0.000393,-0.000844,-0.000348
0.002883,0.002163,-0.000355,0.023733,-0.000600,-0.000016,-0.000292,-0.000325
0.000783,0.001805,0.000150,-0.000600,0.025270,0.000145,0.001229,-0.000162
0.000113,-0.000195,-0.000393,-0.000016,0.000145,0.005271,0.000432,-0.000204
0.002581,0.001968,-0.000844,-0.000292,0.001229,0.000432,0.025554,0.001757
-0.001164,-0.000949,-0.000348,-0.000325,-0.000162,-0.000204,0.001757,0.017179
