0.079018,0.036450,0.011813,-0.014800,0.020033,-0.008874
0.036450,0.039414,0.002950,0.015334,-0.015009,-0.009548
0.011813,0.002950,0.033386,0.003832,0.019791,0.009196
-0.014800,0.015334,0.003832,0.027063,-0.024186,-0.003493
0.020033,-0.015009,0.019791,-0.024186,0.040829,0.016633
-0.008874,-0.009548,0.009196,-0.003493,0.016633,0.035793
