0.042232,-0.006992,-0.007499,0.004634,-0.013644,-0.024565
-0.006992,0.042420,-0.005086,0.006791,-0.008618,-0.034154
-0.007499,-0.005086,0.044341,0.009095,0.028492,0.014802
0.004634,0.006791,0.009095,0.025085,-0.016283,-0.016604
-0.013644,-0.008618,0.028492,-0.016283,0.039709,0.027719
-0.024565,-0.034154,0.014802,-0.016604,0.027719,0.062844
