0.027028,0.001105,0.001227,0.000687,0.002206,0.000881
0.001105,0.044415,-0.004026,0.009989,-0.005246,-0.008145
0.001227,-0.004026,0.033188,0.005880,0.018620,0.014037
0.000687,0.009989,0.005880,0.026289,-0.018208,-0.010486
0.002206,-0.005246,0.018620,-0.018208,0.029914,0.020213
0.000881,-0.008145,0.014037,-0.010486,0.020213,0.037896
