0.010834,0.003101,-0.000630,0.000853,0.000369,0.000008,0.000520,-0.000382
0.003101,0.009988,-0.000973,0.000748,0.000429,-0.000000,0.000113,-0.000224
-0.000630,-0.000973,0.005703,0.000273,-0.000006,0.000024,0.000101,0.000108
0.000853,0.000748,0.000273,0.010495,-0.000116,-0.000051,-0.000820,0.000134
0.000369,0.000429,-0.000006,-0.000116,0.002793,-0.000002,0.000108,0.000081
0.000008,-0.000000,0.000024,-0.000051,-0.000002,0.003126,0.000163,0.000041
0.000520,0.000113,0.000101,-0.000820,0.000108,0.000163,0.003558,0.000264
-0.000382,-0.000224,0.000108,0.000134,0.000081,0.000041,0.000264,0.006636
