0.014079,0.003966,-0.000977,0.001092,0.000361,-0.000126,0.000648,-0.000651
0.003966,0.010041,-0.001083,0.000793,0.000430,-0.000108,0.000062,-0.000306
-0.000977,-0.001083,0.005751,0.000043,-0.000007,0.000092,-0.000185,0.000145
0.001092,0.000793,0.000043,0.009523,-0.000015,-0.000013,-0.000425,0.000221
0.000361,0.000430,-0.000007,-0.000015,0.002793,-0.000010,0.000001,0.000038
-0.000126,-0.000108,0.000092,-0.000013,-0.000010,0.004707,0.000084,-0.000134
0.000648,0.000062,-0.000185,-0.000425,0.000001,0.000084,0.003269,0.000078
-0.000651,-0.000306,0.000145,0.000221,0.000038,-0.000134,0.000078,0.006129
