0.014079,0.003967,-0.000981,0.001089,0.000365,-0.000126,0.000645,-0.000678
0.003967,0.009563,-0.000792,0.000788,0.000434,-0.000118,0.000204,-0.000508
-0.000981,-0.000792,0.005221,0.000183,0.000002,0.000074,-0.000048,-0.000128
0.001089,0.000788,0.000183,0.010237,-0.000125,-0.000165,-0.000750,-0.000100
0.000365,0.000434,0.000002,-0.000125,0.003718,-0.000016,0.000080,0.000088
-0.000126,-0.000118,0.000074,-0.000165,-0.000016,0.005296,0.000130,0.000078
0.000645,0.000204,-0.000048,-0.000750,0.000080,0.000130,0.003717,0.000216
-0.000678,-0.000508,-0.000128,-0.000100,0.000088,0.000078,0.000216,0.006931
