11109.494636,-2520.307058,-2854.121696,-497.950380,56.339283,-954.775222,-1786.258485,629.912982
-2520.307058,7650.946137,-1866.009642,269.980398,22.004261,-1903.446463,-2040.369727,-68.053113
-2854.121696,-1866.009642,4142.951171,-429.806986,141.333690,43.463322,603.818884,-694.856820
-497.950380,269.980398,-429.806986,1810.647352,-152.391954,-291.781269,-1209.043152,477.820096
56.339283,22.004261,141.333690,-152.391954,37.382332,-129.514910,127.022187,-75.076216
-954.775222,-1903.446463,43.463322,-291.781269,-129.514910,5907.875487,-1080.022723,-16.453284
-1786.258485,-2040.369727,603.818884,-1209.043152,127.022187,-1080.022723,6326.642278,-1113.132335
629.912982,-68.053113,-694.856820,477.820096,-75.076216,-16.453284,-1113.132335,4357.472043
