0.057909,-0.016010,-0.032565,-0.003746,0.003995,-0.006337,-0.010231,0.003961
-0.016010,0.059232,-0.025947,0.005097,0.001901,-0.015396,-0.014243,-0.000535
-0.032565,-0.025947,0.103470,-0.015963,0.021935,0.000631,0.007570,-0.009568
-0.003746,0.005097,-0.015963,0.034352,-0.023676,-0.006839,-0.017205,0.009313
0.003995,0.001901,0.021935,-0.023676,0.036054,-0.011692,0.009897,-0.006425
-0.006337,-0.015396,0.000631,-0.006839,-0.011692,0.049925,-0.007877,-0.000093
-0.010231,-0.014243,0.007570,-0.017205,0.009897,-0.007877,0.039820,-0.007640
0.003961,-0.000535,-0.009568,0.009313,-0.006425,-0.000093,-0.007640,0.032676
