0.007397,0.006225,-0.000136,0.001201,-0.000005,-0.000177,0.001279,-0.001691
0.006225,0.008802,-0.001932,0.001333,-0.000620,-0.001612,0.000897,-0.000877
-0.000136,-0.001932,0.003525,0.000631,-0.000031,-0.000215,-0.001309,-0.000273
0.001201,0.001333,0.000631,0.009404,-0.000143,-0.000525,-0.001289,-0.004324
-0.000005,-0.000620,-0.000031,-0.000143,0.000920,-0.000039,-0.000140,0.000083
-0.000177,-0.001612,-0.000215,-0.000525,-0.000039,0.002219,0.000111,-0.000325
0.001279,0.000897,-0.001309,-0.001289,-0.000140,0.000111,0.001693,0.000528
-0.001691,-0.000877,-0.000273,-0.004324,0.000083,-0.000325,0.000528,0.005466
