0.006920,0.006441,0.000931,0.001611,0.000061,-0.000050,0.000938,-0.001088
0.006441,0.008911,-0.001801,0.001289,0.000224,0.000074,0.000891,0.000606
0.000931,-0.001801,0.004630,0.001229,0.000091,0.000165,-0.000898,-0.000639
0.001611,0.001289,0.001229,0.008699,0.000103,-0.000028,-0.000328,-0.002587
0.000061,0.000224,0.000091,0.000103,0.006543,0.001103,-0.000112,0.000034
-0.000050,0.000074,0.000165,-0.000028,0.001103,0.000342,-0.000047,-0.000063
0.000938,0.000891,-0.000898,-0.000328,-0.000112,-0.000047,0.001553,0.000376
-0.001088,0.000606,-0.000639,-0.002587,0.000034,-0.000063,0.000376,0.004681
