0.009402,0.007951,0.000034,0.003084,0.001759,-0.000227,0.001911,-0.002061
0.007951,0.011278,-0.003187,0.004060,0.000045,0.000431,0.001370,-0.001288
0.000034,-0.003187,0.005738,-0.000593,-0.000347,-0.000166,-0.002217,-0.000412
0.003084,0.004060,-0.000593,0.011157,0.001211,0.000199,-0.000551,-0.002948
0.001759,0.000045,-0.000347,0.001211,0.005024,0.000544,-0.000201,0.000061
-0.000227,0.000431,-0.000166,0.000199,0.000544,0.003214,0.000135,-0.000270
0.001911,0.001370,-0.002217,-0.000551,-0.000201,0.000135,0.003385,0.000465
-0.002061,-0.001288,-0.000412,-0.002948,0.000061,-0.000270,0.000465,0.004684
