0.009300,0.008021,-0.000219,0.001372,0.000021,-0.000194,0.001949,-0.001874
0.008021,0.011725,-0.002790,0.001581,-0.001227,-0.002113,0.001296,-0.001031
-0.000219,-0.002790,0.005664,0.000819,-0.000066,-0.000273,-0.002331,-0.000340
0.001372,0.001581,0.000819,0.009357,-0.000246,-0.000520,-0.001791,-0.004308
0.000021,-0.001227,-0.000066,-0.000246,0.003165,-0.000572,-0.000188,0.000127
-0.000194,-0.002113,-0.000273,-0.000520,-0.000572,0.003417,0.000116,-0.000366
0.001949,0.001296,-0.002331,-0.001791,-0.000188,0.000116,0.003217,0.000748
-0.001874,-0.001031,-0.000340,-0.004308,0.000127,-0.000366,0.000748,0.005409
