0.009204,0.006671,-0.001067,0.000333,-0.000112,-0.000652,0.001594,-0.003168
0.006671,0.010255,-0.003067,0.003679,-0.000226,0.001309,0.001129,-0.001303
-0.001067,-0.003067,0.005808,0.001586,-0.000743,-0.000093,-0.002664,-0.000474
0.000333,0.003679,0.001586,0.012482,-0.000740,-0.000528,-0.002149,-0.003947
-0.000112,-0.000226,-0.000743,-0.000740,0.004885,-0.000556,0.005933,-0.000158
-0.000652,0.001309,-0.000093,-0.000528,-0.000556,0.003452,-0.001038,-0.000533
0.001594,0.001129,-0.002664,-0.002149,0.005933,-0.001038,0.009015,0.000716
-0.003168,-0.001303,-0.000474,-0.003947,-0.000158,-0.000533,0.000716,0.006247
