0.009154,0.007444,-0.000285,0.000935,-0.000244,-0.000579,0.002414,-0.002422
0.007444,0.011210,-0.002981,0.001642,-0.000223,0.002072,0.001812,-0.001443
-0.000285,-0.002981,0.007264,-0.001347,-0.000291,-0.000418,-0.002739,0.000486
0.000935,0.001642,-0.001347,0.011190,-0.000381,-0.000632,-0.000808,-0.003966
-0.000244,-0.000223,-0.000291,-0.000381,0.006606,0.002626,0.000050,0.000798
-0.000579,0.002072,-0.000418,-0.000632,0.002626,0.004628,0.000000,-0.000123
0.002414,0.001812,-0.002739,-0.000808,0.000050,0.000000,0.002997,0.000640
-0.002422,-0.001443,0.000486,-0.003966,0.000798,-0.000123,0.000640,0.005936
