1563.377566,27.723871,-45.969610,-17.513326,-0.620554,-11.949821,39.542969,-20.737267
27.723871,734.839082,8.176101,-3.789085,0.929623,2.211734,13.691430,16.908937
-45.969610,8.176101,312.275465,3.477900,1.016164,28.857905,-11.566481,2.963513
-17.513326,-3.789085,3.477900,70.041194,-1.245889,17.429832,-10.944630,0.256788
-0.620554,0.929623,1.016164,-1.245889,3.784359,-2.957640,-0.245711,-0.225099
-11.949821,2.211734,28.857905,17.429832,-2.957640,636.650375,-25.443899,1.955015
39.542969,13.691430,-11.566481,-10.944630,-0.245711,-25.443899,596.261528,-2.903872
-20.737267,16.908937,2.963513,0.256788,-0.225099,1.955015,-2.903872,378.082830
