1500.360168,52.619438,-10.493327,-7.456467,-0.157803,-70.857023,-21.588805,-19.418837
52.619438,771.397102,7.793167,3.179944,-1.606015,17.655621,-2.219247,9.034310
-10.493327,7.793167,258.248721,-0.537512,0.959020,11.134477,6.370234,-4.943103
-7.456467,3.179944,-0.537512,75.101155,-1.543390,20.722367,-2.552622,2.262662
-0.157803,-1.606015,0.959020,-1.543390,4.728176,-4.077406,0.167455,-0.557649
-70.857023,17.655621,11.134477,20.722367,-4.077406,601.056067,-21.890831,-6.911882
-21.588805,-2.219247,6.370234,-2.552622,0.167455,-21.890831,560.668368,-1.691808
-19.418837,9.034310,-4.943103,2.262662,-0.557649,-6.911882,-1.691808,234.685135
