1358.055558,27.267873,-36.655218,-19.784775,1.513313,-47.085090,15.728743,-8.674450
27.267873,755.250061,5.852725,13.379120,-0.279567,8.945073,-17.660925,13.960864
-36.655218,5.852725,305.784069,6.636473,1.448849,28.317503,-7.363124,-4.926815
-19.784775,13.379120,6.636473,76.748394,-1.162419,20.534560,-13.355018,1.317420
1.513313,-0.279567,1.448849,-1.162419,4.966944,-4.341587,-0.628120,-0.512761
-47.085090,8.945073,28.317503,20.534560,-4.341587,544.905735,3.686237,-6.420643
15.728743,-17.660925,-7.363124,-13.355018,-0.628120,3.686237,584.029167,-5.591175
-8.674450,13.960864,-4.926815,1.317420,-0.512761,-6.420643,-5.591175,252.953794
