0.008215,0.000217,-0.000448,-0.000222,0.000245,-0.000320,0.000060,-0.000084
0.000217,0.006522,0.000072,0.000053,0.000108,-0.000036,0.000098,0.000099
-0.000448,0.000072,0.008532,0.000073,0.000106,0.000286,-0.000097,-0.000059
-0.000222,0.000053,0.000073,0.005117,-0.000258,0.000253,-0.000229,-0.000015
0.000245,0.000108,0.000106,-0.000258,0.004826,-0.000390,-0.000011,-0.000048
-0.000320,-0.000036,0.000286,0.000253,-0.000390,0.005188,-0.000128,-0.000005
0.000060,0.000098,-0.000097,-0.000229,-0.000011,-0.000128,0.004396,-0.000023
-0.000084,0.000099,-0.000059,-0.000015,-0.000048,-0.000005,-0.000023,0.001776
