0.863880,0.000848,-0.000537,0.002175,-0.009544,0.004773
0.000848,0.000662,0.001747,0.003341,-0.000051,0.000497
-0.000537,0.001747,0.043183,0.019854,0.027228,0.007341
0.002175,0.003341,0.019854,0.132832,-0.031579,0.008278
-0.009544,-0.000051,0.027228,-0.031579,0.035699,0.006189
0.004773,0.000497,0.007341,0.008278,0.006189,0.005882
