0.130895,-0.005970,-0.003278,-0.011115,-0.005898,0.000882
-0.005970,0.045384,0.006853,0.003879,0.005720,0.000146
-0.003278,0.006853,0.058392,0.012522,0.037429,0.033594
-0.011115,0.003879,0.012522,0.020282,-0.006079,0.007859
-0.005898,0.005720,0.037429,-0.006079,0.036838,0.018122
0.000882,0.000146,0.033594,0.007859,0.018122,0.051822
