0.090018,-0.013497,0.012672,0.013132,-0.011427,-0.016268
-0.013497,0.075438,0.014860,0.019148,0.005341,0.000134
0.012672,0.014860,0.079904,0.013800,0.042584,0.005327
0.013132,0.019148,0.013800,0.021362,-0.007719,-0.002577
-0.011427,0.005341,0.042584,-0.007719,0.037058,0.009574
-0.016268,0.000134,0.005327,-0.002577,0.009574,0.055789
