0.002681,0.000134,-0.000132,-0.000217,-0.000140,0.000938,-0.000664,0.000180,0.000003,0.000141,-0.000078,0.000027,-0.000209,0.000154,0.000130,0.000453,0.000190,0.000117
0.000134,0.002321,-0.000036,-0.000273,-0.000045,0.000039,0.000622,0.000279,-0.000149,0.000014,0.000031,-0.000134,-0.000380,0.000013,-0.000188,-0.000330,-0.000132,-0.000043
-0.000132,-0.000036,0.002105,-0.000233,-0.000071,0.000836,-0.000465,0.000118,-0.000275,0.000066,-0.000024,0.000023,0.000349,-0.000046,-0.000180,0.000478,-0.000361,-0.000044
-0.000217,-0.000273,-0.000233,0.010558,0.000268,-0.001052,-0.001943,-0.000218,-0.000998,-0.000371,-0.000193,-0.000260,0.000538,-0.000003,-0.000685,0.000502,0.000129,-0.000513
-0.000140,-0.000045,-0.000071,0.000268,0.002412,0.001062,-0.000078,0.000046,-0.000144,0.000002,0.000008,0.000143,0.000053,-0.000047,-0.000808,0.000072,-0.000092,-0.000064
0.000938,0.000039,0.000836,-0.001052,0.001062,0.083643,0.000909,-0.001588,-0.001544,-0.000629,-0.000789,0.000369,0.003384,-0.000481,-0.001940,-0.000133,0.002983,0.000507
-0.000664,0.000622,-0.000465,-0.001943,-0.000078,0.000909,0.083092,0.000405,-0.000040,-0.000334,0.000791,-0.000279,0.002917,0.000348,-0.002359,0.000130,-0.000938,0.000363
0.000180,0.000279,0.000118,-0.000218,0.000046,-0.001588,0.000405,0.011208,0.000094,-0.000251,-0.000297,0.000404,0.000356,0.000590,-0.000078,-0.000208,0.000964,0.000249
0.000003,-0.000149,-0.000275,-0.000998,-0.000144,-0.001544,-0.000040,0.000094,0.010395,0.000123,0.000247,0.000288,-0.000105,0.000151,-0.000534,0.000505,0.000047,0.000065
0.000141,0.000014,0.000066,-0.000371,0.000002,-0.000629,-0.000334,-0.000251,0.000123,0.002356,-0.000221,-0.000155,0.000163,0.000094,0.000907,-0.000136,0.000078,-0.000002
-0.000078,0.000031,-0.000024,-0.000193,0.000008,-0.000789,0.000791,-0.000297,0.000247,-0.000221,0.002200,0.000059,-0.000513,0.000090,-0.000010,-0.000058,0.000158,-0.000092
0.000027,-0.000134,0.000023,-0.000260,0.000143,0.000369,-0.000279,0.000404,0.000288,-0.000155,0.000059,0.002161,0.000064,-0.000060,-0.000555,0.000015,0.000050,-0.000092
-0.000209,-0.000380,0.000349,0.000538,0.000053,0.003384,0.002917,0.000356,-0.000105,0.000163,-0.000513,0.000064,0.011305,0.000071,-0.001982,-0.000125,-0.000060,0.000142
0.000154,0.000013,-0.000046,-0.000003,-0.000047,-0.000481,0.000348,0.000590,0.000151,0.000094,0.000090,-0.000060,0.000071,0.002405,-0.000111,0.000197,0.000138,0.000108
0.000130,-0.000188,-0.000180,-0.000685,-0.000808,-0.001940,-0.002359,-0.000078,-0.000534,0.000907,-0.000010,-0.000555,-0.001982,-0.000111,0.029948,0.000952,0.003534,0.000244
0.000453,-0.000330,0.000478,0.000502,0.000072,-0.000133,0.000130,-0.000208,0.000505,-0.000136,-0.000058,0.000015,-0.000125,0.000197,0.000952,0.010083,-0.000746,-0.000305
0.000190,-0.000132,-0.000361,0.000129,-0.000092,0.002983,-0.000938,0.000964,0.000047,0.000078,0.000158,0.000050,-0.000060,0.000138,0.003534,-0.000746,0.029475,0.000766
0.000117,-0.000043,-0.000044,-0.000513,-0.000064,0.000507,0.000363,0.000249,0.000065,-0.000002,-0.000092,-0.000092,0.000142,0.000108,0.000244,-0.000305,0.000766,0.002095
