0.057383,-0.003613,-0.000525,0.000895,-0.002258,0.000389,0.001759,0.000391
-0.003613,0.055815,-0.001174,0.001694,0.001572,-0.000168,0.003070,0.001413
-0.000525,-0.001174,0.059009,-0.001748,-0.000614,0.000563,-0.002694,-0.001176
0.000895,0.001694,-0.001748,0.024716,0.001556,0.000067,0.000071,0.000304
-0.002258,0.001572,-0.000614,0.001556,0.060453,-0.000068,-0.004510,-0.002264
0.000389,-0.000168,0.000563,0.000067,-0.000068,0.001752,-0.000190,0.000111
0.001759,0.003070,-0.002694,0.000071,-0.004510,-0.000190,0.057169,0.003845
0.000391,0.001413,-0.001176,0.000304,-0.002264,0.000111,0.003845,0.023239
