0.044374,-0.003772,-0.000699,0.001472,-0.000325,0.000373,0.001221,-0.000020
-0.003772,0.040417,-0.000161,0.000531,-0.000187,-0.000150,0.004962,0.001083
-0.000699,-0.000161,0.034128,-0.000815,0.000585,0.000489,-0.002207,-0.000588
0.001472,0.000531,-0.000815,0.023658,-0.000462,0.000085,-0.000233,0.001189
-0.000325,-0.000187,0.000585,-0.000462,0.004660,-0.000014,-0.001110,-0.000256
0.000373,-0.000150,0.000489,0.000085,-0.000014,0.002543,-0.000333,0.000140
0.001221,0.004962,-0.002207,-0.000233,-0.001110,-0.000333,0.108681,0.005280
-0.000020,0.001083,-0.000588,0.001189,-0.000256,0.000140,0.005280,0.022462
