0.044677,-0.004142,0.000267,0.001321,-0.000419,0.000369,-0.001001,-0.000628
-0.004142,0.041253,-0.000061,0.001490,0.000072,-0.000147,0.003522,0.001412
0.000267,-0.000061,0.035151,-0.000252,0.000534,0.000480,-0.002031,-0.000879
0.001321,0.001490,-0.000252,0.023727,-0.000273,0.000089,-0.001139,0.000881
-0.000419,0.000072,0.000534,-0.000273,0.002801,-0.000008,-0.000626,-0.000060
0.000369,-0.000147,0.000480,0.000089,-0.000008,0.002543,-0.000290,0.000140
-0.001001,0.003522,-0.002031,-0.001139,-0.000626,-0.000290,0.104817,0.005912
-0.000628,0.001412,-0.000879,0.000881,-0.000060,0.000140,0.005912,0.022086
