0.000428,0.000144,0.000153,0.000106,0.000160,0.000015,0.000374,-0.000101,0.000622,0.000126,0.000250,0.000135,0.000071,0.000184,0.000785,0.000647,0.000391,0.000093,0.000745,0.001036,0.000458,-0.000321,0.000268,0.000267,-0.000194,-0.000453,-0.000927,-0.001030,-0.000388,0.000334,-0.000288,0.000011,-0.000106,0.000073,0.000579,-0.000388,-0.000265,-0.000255,-0.000415,-0.000157,0.000440,-0.000172,-0.000240,0.000073,0.000449,0.000281,-0.000000,0.000146,0.000101,-0.000001,0.000019,0.000009,-0.000004,0.000005,0.000010,-0.000003,0.000026,0.000011,0.000008,0.000006
0.000144,0.000775,0.000203,-0.000084,0.000075,-0.000166,0.000006,0.000327,0.000385,-0.000092,0.000257,0.000901,0.000328,0.000530,0.001178,-0.000418,-0.000244,-0.000191,0.001057,-0.000189,-0.000446,-0.000901,0.000737,0.000486,0.000809,0.000679,-0.000826,-0.001809,-0.000351,0.001345,0.000170,0.000440,-0.000608,0.000492,0.000552,-0.000028,0.000468,0.000325,0.000317,0.000242,0.000878,0.000844,0.000659,0.000025,0.000524,0.000304,0.000161,0.000186,0.000145,0.000080,0.000084,0.000018,0.000017,0.000025,0.000059,0.000023,0.000045,0.000041,0.000016,0.000015
0.000153,0.000203,0.000988,0.000246,0.000216,0.000033,-0.000131,0.000292,0.000964,0.000023,0.000545,-0.000214,-0.000330,0.001100,0.000251,0.000718,-0.000022,0.001040,-0.000524,0.000565,-0.000107,0.000196,0.000397,0.000960,-0.001460,-0.000357,-0.001069,-0.002158,-0.001651,-0.000481,0.000471,-0.000239,-0.000528,-0.000103,0.000143,0.000008,-0.000302,0.000031,-0.000074,0.000140,0.000739,0.000286,0.000637,0.000487,0.000767,-0.000007,0.000099,0.000218,0.000252,0.000060,0.000055,0.000057,-0.000006,0.000010,-0.000014,0.000027,0.000048,0.000043,0.000023,0.000047
0.000106,-0.000084,0.000246,0.000961,0.000127,-0.000193,-0.000004,0.000383,0.001112,0.000479,0.000260,-0.000360,-0.000234,0.000565,0.000443,0.001279,-0.000546,0.000482,0.000236,0.001411,0.000832,0.001317,-0.000044,-0.000930,-0.000456,-0.000738,-0.001794,-0.000954,-0.001038,0.001006,0.000408,0.000647,0.000432,-0.000371,0.000459,-0.000048,0.000208,0.000560,-0.001087,-0.000347,0.000927,0.000535,0.000082,-0.000200,0.000567,-0.000088,-0.000175,0.000246,0.000178,0.000012,0.000022,0.000065,-0.000013,0.000050,-0.000032,0.000018,-0.000005,0.000024,0.000021,0.000021
0.000160,0.000075,0.000216,0.000127,0.003084,0.000719,0.000186,-0.000119,0.000965,0.000117,-0.000566,0.000806,0.000948,-0.000496,0.000158,0.001557,0.001136,-0.001331,0.001974,0.003902,0.003804,0.000175,0.000479,0.001964,-0.002016,0.001620,-0.001261,-0.001772,-0.002270,-0.000314,-0.000201,-0.000154,-0.002213,-0.000688,-0.000245,0.000253,-0.000136,-0.000579,0.001056,-0.001435,-0.000140,0.000127,0.000014,-0.000008,0.000521,-0.000197,0.000378,0.000299,-0.000146,-0.000043,0.000001,0.000088,0.000000,-0.000034,-0.000048,0.000009,-0.000021,0.000035,0.000073,0.000049
0.000015,-0.000166,0.000033,-0.000193,0.000719,0.003696,0.000578,-0.000695,0.000824,0.000560,-0.000506,0.001100,0.000051,0.000220,0.000377,0.001579,-0.000411,-0.000522,0.001341,0.002787,0.002296,0.000695,0.000415,0.001720,-0.001087,0.004558,0.002930,0.002256,0.000424,0.002110,0.000352,0.000922,0.001355,-0.001420,0.000268,0.000277,0.000579,-0.000809,-0.000449,-0.000979,-0.002134,-0.000885,0.000004,0.000367,-0.001161,0.000368,-0.000197,0.000266,-0.000247,0.000067,-0.000001,0.000038,-0.000008,-0.000050,0.000034,-0.000012,0.000036,0.000020,0.000029,-0.000020
0.000374,0.000006,-0.000131,-0.000004,0.000186,0.000578,0.004783,0.000076,0.000827,0.000702,-0.000217,0.000206,0.000311,0.000623,0.002249,0.000511,0.000721,-0.002190,-0.001058,-0.000477,-0.001841,-0.002781,-0.001050,0.003412,-0.000671,-0.000422,-0.001149,-0.000750,0.003787,0.002482,0.001719,-0.000433,0.000760,0.001133,0.004130,-0.000424,-0.000271,-0.000744,0.001000,0.002772,0.000417,0.000335,-0.000239,-0.000659,-0.000166,0.001583,-0.000855,-0.000074,0.000065,0.000130,0.000043,0.000002,-0.000072,-0.000104,-0.000014,0.000020,-0.000026,0.000029,0.000072,0.000005
-0.000101,0.000327,0.000292,0.000383,-0.000119,-0.000695,0.000076,0.006899,0.002373,0.000707,0.000058,0.001428,-0.000491,0.001161,0.003509,-0.000315,-0.001431,-0.000706,-0.003115,-0.000214,-0.000994,0.000909,-0.000160,-0.000912,-0.001550,-0.001507,-0.002569,-0.002362,-0.000252,-0.000226,-0.000104,-0.001462,-0.003786,0.002439,0.004839,0.005513,0.005169,0.001997,-0.000586,0.000080,0.001323,0.002419,-0.000265,-0.000724,0.000403,0.000993,0.000281,0.000831,0.000382,0.000322,0.000182,0.000150,0.000068,0.000185,-0.000059,0.000145,-0.000009,0.000021,0.000095,0.000036
0.000622,0.000385,0.000964,0.001112,0.000965,0.000824,0.000827,0.002373,0.015569,0.003029,0.000645,0.001982,-0.000629,-0.000308,-0.000616,0.005041,-0.001306,-0.000713,-0.000173,0.003646,0.001412,-0.000876,-0.001750,0.004913,-0.003314,0.000640,-0.000474,-0.004665,-0.001329,0.006351,-0.000706,0.002670,-0.002223,-0.000682,0.003714,0.003400,0.002656,0.000788,-0.002544,-0.003037,0.001911,-0.002376,0.000641,-0.000854,0.003645,0.002240,-0.000128,0.000748,0.000083,0.000368,0.000198,0.000261,0.000002,0.000195,0.000120,0.000148,0.000155,0.000150,0.000160,0.000087
0.000126,-0.000092,0.000023,0.000479,0.000117,0.000560,0.000702,0.000707,0.003029,0.013191,0.000815,-0.000180,0.000352,0.001407,0.004574,0.001742,-0.004985,-0.003333,-0.005284,0.006207,-0.000348,0.000424,-0.001781,0.000451,-0.002441,0.000533,-0.003422,0.004844,-0.004684,0.001365,-0.000617,-0.000476,-0.005171,0.000257,0.003646,0.000980,-0.000594,-0.001966,-0.001002,-0.000978,0.000876,0.000518,-0.002820,-0.000253,0.000534,0.002018,-0.000022,0.000651,-0.000753,-0.000096,0.000102,0.000057,0.000079,0.000082,-0.000056,0.000008,-0.000046,0.000057,0.000062,-0.000042
0.000250,0.000257,0.000545,0.000260,-0.000566,-0.000506,-0.000217,0.000058,0.000645,0.000815,0.018620,-0.001205,0.001499,0.002476,0.004632,-0.003077,-0.006188,0.005822,0.006963,0.003991,0.000487,0.002882,-0.001590,-0.000914,-0.000472,-0.002079,-0.009516,-0.004558,-0.005178,-0.003195,-0.004277,0.000977,0.001210,-0.005554,-0.000759,-0.000398,0.003316,-0.001101,0.001940,0.001908,-0.002021,-0.002828,0.002839,0.002440,0.003907,-0.001996,0.001310,0.000572,0.000497,-0.000076,-0.000039,-0.000032,-0.000045,0.000030,-0.000005,0.000013,0.000107,0.000069,-0.000169,0.000039
0.000135,0.000901,-0.000214,-0.000360,0.000806,0.001100,0.000206,0.001428,0.001982,-0.000180,-0.001205,0.023365,0.006873,-0.002246,0.001696,0.003983,0.007907,-0.006549,-0.000680,0.005880,0.002053,-0.006465,-0.004150,0.007178,0.002373,0.011041,-0.001214,-0.005244,0.002687,0.004027,-0.003487,-0.000856,-0.003511,0.000919,-0.002327,-0.001291,-0.000537,-0.000338,0.002918,-0.002105,-0.004011,0.000345,0.002077,-0.001084,0.001316,-0.000993,-0.001199,0.000347,0.000422,0.000123,0.000313,-0.000058,0.000029,0.000000,0.000109,0.000128,0.000058,-0.000032,-0.000029,-0.000063
0.000071,0.000328,-0.000330,-0.000234,0.000948,0.000051,0.000311,-0.000491,-0.000629,0.000352,0.001499,0.006873,0.025342,-0.000024,0.007061,0.003568,0.008433,0.001758,0.007376,0.006954,0.006763,0.002304,-0.006826,-0.007026,-0.004006,0.000972,-0.005048,0.005013,-0.001158,-0.006211,0.000209,-0.001499,0.001466,-0.000566,-0.005495,-0.004091,-0.001983,-0.003615,0.004147,-0.004518,-0.002369,-0.001061,-0.001078,0.000617,-0.003212,-0.002001,-0.001607,-0.000372,0.000077,-0.000105,0.000023,-0.000040,-0.000071,0.000088,0.000025,0.000064,0.000106,-0.000061,0.000009,0.000018
0.000184,0.000530,0.001100,0.000565,-0.000496,0.000220,0.000623,0.001161,-0.000308,0.001407,0.002476,-0.002246,-0.000024,0.027376,0.013377,-0.000368,-0.003039,0.001822,0.006850,0.002746,0.002452,0.005111,0.005454,-0.001208,-0.000806,0.003892,-0.001534,-0.002750,-0.000583,-0.001731,-0.008081,-0.005552,-0.002821,0.000454,0.000472,0.000753,-0.001602,-0.003894,0.002604,-0.000762,0.000148,0.003228,-0.000453,0.004331,-0.000484,-0.000215,-0.001328,0.000553,0.000102,0.000161,0.000198,0.000196,0.000058,0.000168,0.000144,0.000033,0.000126,0.000141,0.000093,0.000054
0.000785,0.001178,0.000251,0.000443,0.000158,0.000377,0.002249,0.003509,-0.000616,0.004574,0.004632,0.001696,0.007061,0.013377,0.046245,0.006104,0.004706,0.003579,0.004077,0.017827,0.012231,0.003844,0.004448,0.000541,-0.001852,0.010111,-0.004541,-0.004698,-0.002336,0.000975,-0.000240,-0.003766,-0.007481,-0.000229,-0.002311,0.000703,-0.001528,-0.006224,0.001127,-0.002837,-0.000853,0.002731,-0.002128,0.000515,-0.000280,-0.001302,-0.001568,0.000658,0.001077,0.000105,0.000235,-0.000024,0.000063,0.000236,-0.000023,0.000124,0.000098,0.000043,0.000033,-0.000096
0.000647,-0.000418,0.000718,0.001279,0.001557,0.001579,0.000511,-0.000315,0.005041,0.001742,-0.003077,0.003983,0.003568,-0.000368,0.006104,0.056503,0.021931,0.008604,0.012994,0.010159,0.010214,0.011652,0.005444,0.017473,-0.006250,0.000974,-0.001432,-0.000864,-0.008428,0.005708,-0.008843,-0.005326,-0.013313,0.004631,-0.003294,-0.000822,-0.008020,0.000051,0.000716,-0.004223,-0.000647,-0.002209,0.001183,0.002486,0.002027,0.000244,-0.001480,-0.001490,0.000173,-0.000092,0.000217,0.000024,-0.000053,-0.000006,0.000229,-0.000077,0.000109,0.000079,0.000098,-0.000019
0.000391,-0.000244,-0.000022,-0.000546,0.001136,-0.000411,0.000721,-0.001431,-0.001306,-0.004985,-0.006188,0.007907,0.008433,-0.003039,0.004706,0.021931,0.078913,0.010891,-0.004113,0.002692,0.021894,0.010697,0.013750,0.007543,0.013816,-0.001197,0.010756,-0.002400,-0.000738,-0.015326,-0.008490,-0.003687,-0.005873,0.002006,-0.006221,0.002626,-0.008232,-0.004809,-0.001469,0.000095,-0.006518,-0.004086,-0.002172,0.002342,-0.001632,-0.005420,-0.001741,-0.002165,0.000053,0.000010,-0.000225,-0.000106,-0.000018,-0.000078,0.000272,0.000137,0.000198,-0.000034,0.000011,-0.000201
0.000093,-0.000191,0.001040,0.000482,-0.001331,-0.000522,-0.002190,-0.000706,-0.000713,-0.003333,0.005822,-0.006549,0.001758,0.001822,0.003579,0.008604,0.010891,0.073470,0.017045,0.014053,0.007009,0.005719,0.003868,0.005469,-0.008867,-0.006008,0.002793,0.004590,-0.005276,0.005389,0.002448,-0.001642,0.000192,-0.000617,-0.007666,-0.012092,-0.006097,-0.003943,0.001792,-0.005171,-0.003503,-0.003913,0.002480,-0.005605,-0.003524,-0.002945,-0.001753,0.000313,0.000657,-0.000228,-0.000005,-0.000129,-0.000075,0.000029,-0.000159,-0.000022,0.000048,-0.000179,-0.000014,0.000027
0.000745,0.001057,-0.000524,0.000236,0.001974,0.001341,-0.001058,-0.003115,-0.000173,-0.005284,0.006963,-0.000680,0.007376,0.006850,0.004077,0.012994,-0.004113,0.017045,0.089762,0.013916,0.011229,0.016037,0.016715,0.007021,0.000515,0.009278,-0.004794,-0.013606,-0.008874,0.007686,-0.012829,-0.008072,-0.000551,-0.006482,-0.005082,-0.001241,-0.006446,-0.001707,0.004798,0.005208,-0.001575,-0.002257,0.006905,0.000771,0.002817,0.004794,0.000415,0.001636,0.000343,0.000124,-0.000308,-0.000222,0.000231,-0.000032,0.000202,-0.000152,0.000199,0.000286,0.000024,-0.000026
0.001036,-0.000189,0.000565,0.001411,0.003902,0.002787,-0.000477,-0.000214,0.003646,0.006207,0.003991,0.005880,0.006954,0.002746,0.017827,0.010159,0.002692,0.014053,0.013916,0.121242,0.029640,0.023887,-0.010341,0.000065,-0.025077,0.014542,-0.009977,-0.007368,-0.007888,0.004590,-0.010744,-0.005144,-0.017384,-0.000143,-0.012429,-0.006358,-0.006991,-0.008553,-0.008521,-0.010758,-0.008762,0.000236,0.000324,0.001335,0.004647,-0.001767,0.004260,0.001065,-0.001077,-0.000847,0.000483,0.000209,0.000019,0.000057,-0.000078,0.000133,0.000049,-0.000044,0.000057,0.000046
0.000458,-0.000446,-0.000107,0.000832,0.003804,0.002296,-0.001841,-0.000994,0.001412,-0.000348,0.000487,0.002053,0.006763,0.002452,0.012231,0.010214,0.021894,0.007009,0.011229,0.029640,0.130296,0.016870,0.006487,-0.005328,-0.008457,0.005918,0.018536,-0.012345,-0.001478,-0.013737,-0.020477,-0.005365,-0.006544,-0.003284,-0.014049,-0.002834,0.002563,-0.013548,-0.007731,-0.009282,-0.007839,-0.005505,-0.005252,0.001620,0.002172,-0.007389,-0.000026,0.002234,0.000602,-0.000023,0.000064,0.000022,-0.000260,0.000387,0.000059,0.000070,-0.000072,-0.000053,0.000213,0.000156
-0.000321,-0.000901,0.000196,0.001317,0.000175,0.000695,-0.002781,0.000909,-0.000876,0.000424,0.002882,-0.006465,0.002304,0.005111,0.003844,0.011652,0.010697,0.005719,0.016037,0.023887,0.016870,0.132529,0.022643,0.001028,0.003577,0.000546,0.018906,0.012148,-0.013111,-0.011462,-0.007714,-0.001579,-0.005407,-0.008489,-0.013364,-0.017975,-0.003243,-0.004564,-0.006074,-0.005702,0.000396,0.001349,-0.000996,0.003717,-0.000714,-0.002919,0.002227,0.001201,0.000239,-0.000144,-0.000142,0.000241,0.000019,-0.000046,0.000176,0.000175,0.000159,0.000042,-0.000093,0.000158
0.000268,0.000737,0.000397,-0.000044,0.000479,0.000415,-0.001050,-0.000160,-0.001750,-0.001781,-0.001590,-0.004150,-0.006826,0.005454,0.004448,0.005444,0.013750,0.003868,0.016715,-0.010341,0.006487,0.022643,0.127779,0.012894,0.006372,0.008814,-0.006983,0.015468,0.004500,0.005305,0.004801,-0.000016,-0.000667,-0.004382,-0.009572,0.004311,0.002156,-0.001562,0.004050,-0.008517,0.007702,-0.002494,0.002076,0.008213,-0.005832,-0.001986,-0.002383,0.000702,-0.000026,0.000205,-0.000082,0.000212,0.000414,0.000150,0.000054,-0.000070,0.000032,-0.000301,0.000156,-0.000039
0.000267,0.000486,0.000960,-0.000930,0.001964,0.001720,0.003412,-0.000912,0.004913,0.000451,-0.000914,0.007178,-0.007026,-0.001208,0.000541,0.017473,0.007543,0.005469,0.007021,0.000065,-0.005328,0.001028,0.012894,0.138334,0.030338,0.020213,0.023863,0.016534,-0.001055,0.017509,-0.009979,0.004746,-0.016938,-0.002501,-0.010024,-0.011850,-0.000037,0.000108,0.001195,-0.005943,0.000465,-0.007789,-0.002096,-0.001348,0.001017,0.001150,-0.000389,0.000411,0.000645,0.000336,0.000002,-0.000398,-0.000088,-0.000445,0.000115,-0.000024,-0.000135,-0.000089,0.000017,-0.000109
-0.000194,0.000809,-0.001460,-0.000456,-0.002016,-0.001087,-0.000671,-0.001550,-0.003314,-0.002441,-0.000472,0.002373,-0.004006,-0.000806,-0.001852,-0.006250,0.013816,-0.008867,0.000515,-0.025077,-0.008457,0.003577,0.006372,0.030338,0.146107,0.020836,0.013772,0.005277,0.011765,-0.001643,0.002131,0.004513,-0.003537,-0.009038,-0.004407,-0.010409,0.001507,0.001765,0.002134,-0.003141,-0.001983,-0.009017,0.001842,-0.001182,-0.004788,-0.002991,0.001017,0.000569,-0.000139,-0.000122,-0.000297,-0.000323,-0.000200,-0.000302,-0.000267,-0.000177,0.000140,-0.000176,-0.000081,-0.000087
-0.000453,0.000679,-0.000357,-0.000738,0.001620,0.004558,-0.000422,-0.001507,0.000640,0.000533,-0.002079,0.011041,0.000972,0.003892,0.010111,0.000974,-0.001197,-0.006008,0.009278,0.014542,0.005918,0.000546,0.008814,0.020213,0.020836,0.140220,-0.001242,0.022467,0.023346,0.011506,-0.002685,-0.009952,-0.004309,-0.006081,-0.001417,-0.004650,-0.011864,-0.010508,-0.002671,-0.001507,-0.005611,-0.009422,0.003883,-0.002256,-0.000323,-0.003267,-0.004696,-0.000826,0.001111,0.000087,0.000404,-0.000041,0.000065,-0.000044,-0.000191,-0.000102,0.000032,0.000034,-0.000148,-0.000152
-0.000927,-0.000826,-0.001069,-0.001794,-0.001261,0.002930,-0.001149,-0.002569,-0.000474,-0.003422,-0.009516,-0.001214,-0.005048,-0.001534,-0.004541,-0.001432,0.010756,0.002793,-0.004794,-0.009977,0.018536,0.018906,-0.006983,0.023863,0.013772,-0.001242,0.145691,0.014110,0.005671,-0.005871,-0.007828,0.004886,-0.011124,0.005179,-0.003204,-0.002867,0.004292,0.000656,-0.003391,-0.003776,0.000057,-0.003359,-0.001328,-0.003673,-0.005000,-0.000485,0.001439,-0.000505,-0.000788,-0.000012,-0.000279,-0.000062,-0.000226,-0.000119,-0.000026,0.000206,0.000049,-0.000065,0.000045,0.000139
-0.001030,-0.001809,-0.002158,-0.000954,-0.001772,0.002256,-0.000750,-0.002362,-0.004665,0.004844,-0.004558,-0.005244,0.005013,-0.002750,-0.004698,-0.000864,-0.002400,0.004590,-0.013606,-0.007368,-0.012345,0.012148,0.015468,0.016534,0.005277,0.022467,0.014110,0.158522,0.002718,-0.002257,0.004473,0.013690,0.005171,0.001842,-0.004334,-0.011031,-0.000317,0.003429,0.000812,-0.011632,0.005038,-0.006670,-0.009093,0.005055,-0.007616,0.001200,-0.001206,0.000449,0.000517,-0.000178,-0.000335,-0.000271,0.000451,0.000082,0.000006,-0.000378,-0.000037,-0.000512,-0.000277,-0.000440
-0.000388,-0.000351,-0.001651,-0.001038,-0.002270,0.000424,0.003787,-0.000252,-0.001329,-0.004684,-0.005178,0.002687,-0.001158,-0.000583,-0.002336,-0.008428,-0.000738,-0.005276,-0.008874,-0.007888,-0.001478,-0.013111,0.004500,-0.001055,0.011765,0.023346,0.005671,0.002718,0.131004,0.021727,0.004337,0.002927,0.016965,0.005254,0.011439,0.007802,-0.008667,-0.002693,-0.004611,0.003184,0.001007,-0.007926,0.001632,-0.002740,-0.005667,0.000510,-0.001522,-0.002367,0.000216,-0.000066,-0.000127,-0.000432,-0.000227,-0.000102,-0.000195,-0.000166,0.000074,-0.000126,0.000006,-0.000102
0.000334,0.001345,-0.000481,0.001006,-0.000314,0.002110,0.002482,-0.000226,0.006351,0.001365,-0.003195,0.004027,-0.006211,-0.001731,0.000975,0.005708,-0.015326,0.005389,0.007686,0.004590,-0.013737,-0.011462,0.005305,0.017509,-0.001643,0.011506,-0.005871,-0.002257,0.021727,0.098792,0.005641,0.014222,0.002789,-0.002027,0.005811,-0.016875,-0.019076,-0.007266,-0.000122,-0.008598,0.003400,-0.002811,0.004539,-0.002894,0.000229,0.006253,0.000086,0.000285,0.000162,-0.000068,0.000567,0.000080,-0.000142,-0.000097,0.000278,0.000053,-0.000079,0.000218,0.000039,-0.000123
-0.000288,0.000170,0.000471,0.000408,-0.000201,0.000352,0.001719,-0.000104,-0.000706,-0.000617,-0.004277,-0.003487,0.000209,-0.008081,-0.000240,-0.008843,-0.008490,0.002448,-0.012829,-0.010744,-0.020477,-0.007714,0.004801,-0.009979,0.002131,-0.002685,-0.007828,0.004473,0.004337,0.005641,0.085085,-0.000678,0.011743,0.007867,0.004901,-0.007853,-0.011789,0.006748,0.007076,0.009895,0.010881,0.002632,0.004511,-0.000597,-0.002851,0.003339,0.000271,0.000188,0.001414,0.000185,0.000109,-0.000112,-0.000048,-0.000375,-0.000392,0.000112,-0.000090,0.000063,0.000097,-0.000038
0.000011,0.000440,-0.000239,0.000647,-0.000154,0.000922,-0.000433,-0.001462,0.002670,-0.000476,0.000977,-0.000856,-0.001499,-0.005552,-0.003766,-0.005326,-0.003687,-0.001642,-0.008072,-0.005144,-0.005365,-0.001579,-0.000016,0.004746,0.004513,-0.009952,0.004886,0.013690,0.002927,0.014222,-0.000678,0.060841,0.003165,0.002515,0.001862,-0.000814,0.004607,0.001340,-0.005985,-0.003175,0.009890,-0.005417,0.004795,0.004671,-0.002473,0.005229,-0.000060,0.002083,0.000558,0.000112,0.000307,-0.000119,0.000119,0.000302,0.000279,-0.000001,0.000124,-0.000021,0.000047,-0.000002
-0.000106,-0.000608,-0.000528,0.000432,-0.002213,0.001355,0.000760,-0.003786,-0.002223,-0.005171,0.001210,-0.003511,0.001466,-0.002821,-0.007481,-0.013313,-0.005873,0.000192,-0.000551,-0.017384,-0.006544,-0.005407,-0.000667,-0.016938,-0.003537,-0.004309,-0.011124,0.005171,0.016965,0.002789,0.011743,0.003165,0.070036,0.002276,0.013950,0.004009,0.007324,0.001560,-0.001956,0.010657,0.006764,0.001009,0.001056,-0.000491,-0.002630,0.004712,-0.003004,0.001148,0.001260,0.000060,0.000032,-0.000014,0.000068,-0.000230,0.000014,-0.000070,0.000114,-0.000026,-0.000171,-0.000125
0.000073,0.000492,-0.000103,-0.000371,-0.000688,-0.001420,0.001133,0.002439,-0.000682,0.000257,-0.005554,0.000919,-0.000566,0.000454,-0.000229,0.004631,0.002006,-0.000617,-0.006482,-0.000143,-0.003284,-0.008489,-0.004382,-0.002501,-0.009038,-0.006081,0.005179,0.001842,0.005254,-0.002027,0.007867,0.002515,0.002276,0.059887,0.012094,0.004771,0.002575,0.002678,0.003058,0.005136,0.007173,0.003921,0.004534,0.002362,0.002099,0.003877,0.001431,0.000551,-0.000031,0.000049,0.000391,0.000117,0.000089,-0.000110,0.000202,0.000070,-0.000030,-0.000050,0.000178,-0.000120
0.000579,0.000552,0.000143,0.000459,-0.000245,0.000268,0.004130,0.004839,0.003714,0.003646,-0.000759,-0.002327,-0.005495,0.000472,-0.002311,-0.003294,-0.006221,-0.007666,-0.005082,-0.012429,-0.014049,-0.013364,-0.009572,-0.010024,-0.004407,-0.001417,-0.003204,-0.004334,0.011439,0.005811,0.004901,0.001862,0.013950,0.012094,0.084310,0.020180,0.013068,0.006448,-0.002066,0.005312,0.006630,0.006598,-0.003202,-0.004873,0.004789,0.006977,-0.000614,-0.000284,0.000754,0.000263,0.000235,0.000014,0.000043,-0.000009,-0.000105,0.000285,-0.000093,0.000254,0.000062,-0.000105
-0.000388,-0.000028,0.000008,-0.000048,0.000253,0.000277,-0.000424,0.005513,0.003400,0.000980,-0.000398,-0.001291,-0.004091,0.000753,0.000703,-0.000822,0.002626,-0.012092,-0.001241,-0.006358,-0.002834,-0.017975,0.004311,-0.011850,-0.010409,-0.004650,-0.002867,-0.011031,0.007802,-0.016875,-0.007853,-0.000814,0.004009,0.004771,0.020180,0.073427,0.019385,0.009325,0.007307,0.008333,0.000122,0.004397,0.000288,0.001845,-0.002493,0.001477,-0.001425,0.002273,-0.000380,0.000377,0.000150,-0.000007,0.000306,0.000382,0.000029,0.000277,0.000172,-0.000125,0.000162,0.000106
-0.000265,0.000468,-0.000302,0.000208,-0.000136,0.000579,-0.000271,0.005169,0.002656,-0.000594,0.003316,-0.000537,-0.001983,-0.001602,-0.001528,-0.008020,-0.008232,-0.006097,-0.006446,-0.006991,0.002563,-0.003243,0.002156,-0.000037,0.001507,-0.011864,0.004292,-0.000317,-0.008667,-0.019076,-0.011789,0.004607,0.007324,0.002575,0.013068,0.019385,0.062916,0.008013,0.005416,0.004829,0.006502,0.004209,-0.002528,0.003235,0.001943,0.005949,0.001136,0.001568,-0.000653,0.000118,-0.000034,-0.000026,0.000121,0.000208,0.000008,0.000179,0.000030,0.000133,0.000214,0.000131
-0.000255,0.000325,0.000031,0.000560,-0.000579,-0.000809,-0.000744,0.001997,0.000788,-0.001966,-0.001101,-0.000338,-0.003615,-0.003894,-0.006224,0.000051,-0.004809,-0.003943,-0.001707,-0.008553,-0.013548,-0.004564,-0.001562,0.000108,0.001765,-0.010508,0.000656,0.003429,-0.002693,-0.007266,0.006748,0.001340,0.001560,0.002678,0.006448,0.009325,0.008013,0.049088,0.007532,0.015911,0.009378,0.003311,0.000190,0.004718,0.002063,0.001617,0.003634,0.000170,0.000015,-0.000081,0.000213,-0.000288,-0.000091,0.000372,0.000249,-0.000003,-0.000053,0.000030,-0.000096,0.000012
-0.000415,0.000317,-0.000074,-0.001087,0.001056,-0.000449,0.001000,-0.000586,-0.002544,-0.001002,0.001940,0.002918,0.004147,0.002604,0.001127,0.000716,-0.001469,0.001792,0.004798,-0.008521,-0.007731,-0.006074,0.004050,0.001195,0.002134,-0.002671,-0.003391,0.000812,-0.004611,-0.000122,0.007076,-0.005985,-0.001956,0.003058,-0.002066,0.007307,0.005416,0.007532,0.034472,0.004370,-0.002262,0.000864,0.003169,0.002185,0.000447,-0.001541,-0.000691,-0.000385,-0.000125,0.000056,0.000136,-0.000018,0.000039,-0.000200,-0.000139,0.000083,0.000032,-0.000023,0.000127,0.000076
-0.000157,0.000242,0.000140,-0.000347,-0.001435,-0.000979,0.002772,0.000080,-0.003037,-0.000978,0.001908,-0.002105,-0.004518,-0.000762,-0.002837,-0.004223,0.000095,-0.005171,0.005208,-0.010758,-0.009282,-0.005702,-0.008517,-0.005943,-0.003141,-0.001507,-0.003776,-0.011632,0.003184,-0.008598,0.009895,-0.003175,0.010657,0.005136,0.005312,0.008333,0.004829,0.015911,0.004370,0.045891,0.005064,0.004181,0.003672,0.001167,0.000994,0.008927,0.000472,-0.000132,0.000458,0.000244,-0.000061,-0.000300,0.000083,-0.000033,0.000051,-0.000044,0.000047,0.000237,0.000004,-0.000039
0.000440,0.000878,0.000739,0.000927,-0.000140,-0.002134,0.000417,0.001323,0.001911,0.000876,-0.002021,-0.004011,-0.002369,0.000148,-0.000853,-0.000647,-0.006518,-0.003503,-0.001575,-0.008762,-0.007839,0.000396,0.007702,0.000465,-0.001983,-0.005611,0.000057,0.005038,0.001007,0.003400,0.010881,0.009890,0.006764,0.007173,0.006630,0.000122,0.006502,0.009378,-0.002262,0.005064,0.036426,0.009485,0.002703,0.002052,0.002349,0.009297,0.001690,0.002133,0.001156,-0.000017,0.000441,0.000164,0.000217,0.000185,0.000251,0.000239,-0.000046,-0.000084,0.000084,0.000086
-0.000172,0.000844,0.000286,0.000535,0.000127,-0.000885,0.000335,0.002419,-0.002376,0.000518,-0.002828,0.000345,-0.001061,0.003228,0.002731,-0.002209,-0.004086,-0.003913,-0.002257,0.000236,-0.005505,0.001349,-0.002494,-0.007789,-0.009017,-0.009422,-0.003359,-0.006670,-0.007926,-0.002811,0.002632,-0.005417,0.001009,0.003921,0.006598,0.004397,0.004209,0.003311,0.000864,0.004181,0.009485,0.034293,0.002692,0.002436,0.005428,0.004407,0.002645,0.001306,0.000313,0.000087,0.000063,0.000220,0.000068,-0.000023,0.000263,-0.000002,0.000033,0.000023,0.000030,0.000096
-0.000240,0.000659,0.000637,0.000082,0.000014,0.000004,-0.000239,-0.000265,0.000641,-0.002820,0.002839,0.002077,-0.001078,-0.000453,-0.002128,0.001183,-0.002172,0.002480,0.006905,0.000324,-0.005252,-0.000996,0.002076,-0.002096,0.001842,0.003883,-0.001328,-0.009093,0.001632,0.004539,0.004511,0.004795,0.001056,0.004534,-0.003202,0.000288,-0.002528,0.000190,0.003169,0.003672,0.002703,0.002692,0.022789,0.005109,0.004220,0.001952,0.000801,0.000031,0.000500,0.000123,0.000210,0.000150,-0.000073,-0.000059,0.000210,0.000104,0.000171,0.000201,0.000102,0.000175
0.000073,0.000025,0.000487,-0.000200,-0.000008,0.000367,-0.000659,-0.000724,-0.000854,-0.000253,0.002440,-0.001084,0.000617,0.004331,0.000515,0.002486,0.002342,-0.005605,0.000771,0.001335,0.001620,0.003717,0.008213,-0.001348,-0.001182,-0.002256,-0.003673,0.005055,-0.002740,-0.002894,-0.000597,0.004671,-0.000491,0.002362,-0.004873,0.001845,0.003235,0.004718,0.002185,0.001167,0.002052,0.002436,0.005109,0.015772,0.001025,0.000468,0.000232,0.000742,-0.000010,0.000026,0.000126,-0.000035,0.000051,0.000151,0.000297,-0.000034,0.000142,0.000059,-0.000000,0.000074
0.000449,0.000524,0.000767,0.000567,0.000521,-0.001161,-0.000166,0.000403,0.003645,0.000534,0.003907,0.001316,-0.003212,-0.000484,-0.000280,0.002027,-0.001632,-0.003524,0.002817,0.004647,0.002172,-0.000714,-0.005832,0.001017,-0.004788,-0.000323,-0.005000,-0.007616,-0.005667,0.000229,-0.002851,-0.002473,-0.002630,0.002099,0.004789,-0.002493,0.001943,0.002063,0.000447,0.000994,0.002349,0.005428,0.004220,0.001025,0.018227,0.003641,0.002723,0.000310,0.000783,0.000066,0.000182,0.000114,-0.000093,-0.000065,0.000135,-0.000026,0.000109,0.000174,-0.000032,0.000072
0.000281,0.000304,-0.000007,-0.000088,-0.000197,0.000368,0.001583,0.000993,0.002240,0.002018,-0.001996,-0.000993,-0.002001,-0.000215,-0.001302,0.000244,-0.005420,-0.002945,0.004794,-0.001767,-0.007389,-0.002919,-0.001986,0.001150,-0.002991,-0.003267,-0.000485,0.001200,0.000510,0.006253,0.003339,0.005229,0.004712,0.003877,0.006977,0.001477,0.005949,0.001617,-0.001541,0.008927,0.009297,0.004407,0.001952,0.000468,0.003641,0.016627,0.002538,0.001852,0.000409,0.000052,0.000188,0.000155,0.000126,0.000064,0.000207,-0.000027,0.000128,0.000171,0.000042,0.000011
-0.000000,0.000161,0.000099,-0.000175,0.000378,-0.000197,-0.000855,0.000281,-0.000128,-0.000022,0.001310,-0.001199,-0.001607,-0.001328,-0.001568,-0.001480,-0.001741,-0.001753,0.000415,0.004260,-0.000026,0.002227,-0.002383,-0.000389,0.001017,-0.004696,0.001439,-0.001206,-0.001522,0.000086,0.000271,-0.000060,-0.003004,0.001431,-0.000614,-0.001425,0.001136,0.003634,-0.000691,0.000472,0.001690,0.002645,0.000801,0.000232,0.002723,0.002538,0.006183,0.000669,-0.000139,-0.000010,-0.000058,0.000081,-0.000026,-0.000032,0.000109,-0.000015,0.000050,0.000033,-0.000030,0.000042
0.000146,0.000186,0.000218,0.000246,0.000299,0.000266,-0.000074,0.000831,0.000748,0.000651,0.000572,0.000347,-0.000372,0.000553,0.000658,-0.001490,-0.002165,0.000313,0.001636,0.001065,0.002234,0.001201,0.000702,0.000411,0.000569,-0.000826,-0.000505,0.000449,-0.002367,0.000285,0.000188,0.002083,0.001148,0.000551,-0.000284,0.002273,0.001568,0.000170,-0.000385,-0.000132,0.002133,0.001306,0.000031,0.000742,0.000310,0.001852,0.000669,0.003478,0.000363,0.000089,0.000122,0.000065,0.000054,0.000084,0.000011,0.000065,0.000007,-0.000038,0.000018,0.000076
0.000101,0.000145,0.000252,0.000178,-0.000146,-0.000247,0.000065,0.000382,0.000083,-0.000753,0.000497,0.000422,0.000077,0.000102,0.001077,0.000173,0.000053,0.000657,0.000343,-0.001077,0.000602,0.000239,-0.000026,0.000645,-0.000139,0.001111,-0.000788,0.000517,0.000216,0.000162,0.001414,0.000558,0.001260,-0.000031,0.000754,-0.000380,-0.000653,0.000015,-0.000125,0.000458,0.001156,0.000313,0.000500,-0.000010,0.000783,0.000409,-0.000139,0.000363,0.001157,0.000151,0.000043,-0.000010,0.000025,0.000002,-0.000016,0.000008,0.000023,0.000018,-0.000030,-0.000005
-0.000001,0.000080,0.000060,0.000012,-0.000043,0.000067,0.000130,0.000322,0.000368,-0.000096,-0.000076,0.000123,-0.000105,0.000161,0.000105,-0.000092,0.000010,-0.000228,0.000124,-0.000847,-0.000023,-0.000144,0.000205,0.000336,-0.000122,0.000087,-0.000012,-0.000178,-0.000066,-0.000068,0.000185,0.000112,0.000060,0.000049,0.000263,0.000377,0.000118,-0.000081,0.000056,0.000244,-0.000017,0.000087,0.000123,0.000026,0.000066,0.000052,-0.000010,0.000089,0.000151,0.000192,0.000015,-0.000002,0.000015,-0.000000,0.000005,0.000006,-0.000003,0.000011,0.000008,0.000010
0.000019,0.000084,0.000055,0.000022,0.000001,-0.000001,0.000043,0.000182,0.000198,0.000102,-0.000039,0.000313,0.000023,0.000198,0.000235,0.000217,-0.000225,-0.000005,-0.000308,0.000483,0.000064,-0.000142,-0.000082,0.000002,-0.000297,0.000404,-0.000279,-0.000335,-0.000127,0.000567,0.000109,0.000307,0.000032,0.000391,0.000235,0.000150,-0.000034,0.000213,0.000136,-0.000061,0.000441,0.000063,0.000210,0.000126,0.000182,0.000188,-0.000058,0.000122,0.000043,0.000015,0.000107,0.000007,0.000010,0.000009,0.000019,0.000009,-0.000001,0.000002,0.000011,0.000009
0.000009,0.000018,0.000057,0.000065,0.000088,0.000038,0.000002,0.000150,0.000261,0.000057,-0.000032,-0.000058,-0.000040,0.000196,-0.000024,0.000024,-0.000106,-0.000129,-0.000222,0.000209,0.000022,0.000241,0.000212,-0.000398,-0.000323,-0.000041,-0.000062,-0.000271,-0.000432,0.000080,-0.000112,-0.000119,-0.000014,0.000117,0.000014,-0.000007,-0.000026,-0.000288,-0.000018,-0.000300,0.000164,0.000220,0.000150,-0.000035,0.000114,0.000155,0.000081,0.000065,-0.000010,-0.000002,0.000007,0.000070,-0.000001,0.000000,0.000002,0.000005,0.000010,0.000005,0.000007,0.000004
-0.000004,0.000017,-0.000006,-0.000013,0.000000,-0.000008,-0.000072,0.000068,0.000002,0.000079,-0.000045,0.000029,-0.000071,0.000058,0.000063,-0.000053,-0.000018,-0.000075,0.000231,0.000019,-0.000260,0.000019,0.000414,-0.000088,-0.000200,0.000065,-0.000226,0.000451,-0.000227,-0.000142,-0.000048,0.000119,0.000068,0.000089,0.000043,0.000306,0.000121,-0.000091,0.000039,0.000083,0.000217,0.000068,-0.000073,0.000051,-0.000093,0.000126,-0.000026,0.000054,0.000025,0.000015,0.000010,-0.000001,0.000042,0.000002,-0.000002,0.000004,-0.000002,-0.000001,-0.000003,-0.000004
0.000005,0.000025,0.000010,0.000050,-0.000034,-0.000050,-0.000104,0.000185,0.000195,0.000082,0.000030,0.000000,0.000088,0.000168,0.000236,-0.000006,-0.000078,0.000029,-0.000032,0.000057,0.000387,-0.000046,0.000150,-0.000445,-0.000302,-0.000044,-0.000119,0.000082,-0.000102,-0.000097,-0.000375,0.000302,-0.000230,-0.000110,-0.000009,0.000382,0.000208,0.000372,-0.000200,-0.000033,0.000185,-0.000023,-0.000059,0.000151,-0.000065,0.000064,-0.000032,0.000084,0.000002,-0.000000,0.000009,0.000000,0.000002,0.000056,0.000008,0.000011,0.000004,0.000002,0.000005,0.000005
0.000010,0.000059,-0.000014,-0.000032,-0.000048,0.000034,-0.000014,-0.000059,0.000120,-0.000056,-0.000005,0.000109,0.000025,0.000144,-0.000023,0.000229,0.000272,-0.000159,0.000202,-0.000078,0.000059,0.000176,0.000054,0.000115,-0.000267,-0.000191,-0.000026,0.000006,-0.000195,0.000278,-0.000392,0.000279,0.000014,0.000202,-0.000105,0.000029,0.000008,0.000249,-0.000139,0.000051,0.000251,0.000263,0.000210,0.000297,0.000135,0.000207,0.000109,0.000011,-0.000016,0.000005,0.000019,0.000002,-0.000002,0.000008,0.000052,-0.000001,0.000015,0.000009,-0.000001,0.000001
-0.000003,0.000023,0.000027,0.000018,0.000009,-0.000012,0.000020,0.000145,0.000148,0.000008,0.000013,0.000128,0.000064,0.000033,0.000124,-0.000077,0.000137,-0.000022,-0.000152,0.000133,0.000070,0.000175,-0.000070,-0.000024,-0.000177,-0.000102,0.000206,-0.000378,-0.000166,0.000053,0.000112,-0.000001,-0.000070,0.000070,0.000285,0.000277,0.000179,-0.000003,0.000083,-0.000044,0.000239,-0.000002,0.000104,-0.000034,-0.000026,-0.000027,-0.000015,0.000065,0.000008,0.000006,0.000009,0.000005,0.000004,0.000011,-0.000001,0.000032,-0.000002,0.000001,0.000007,0.000009
0.000026,0.000045,0.000048,-0.000005,-0.000021,0.000036,-0.000026,-0.000009,0.000155,-0.000046,0.000107,0.000058,0.000106,0.000126,0.000098,0.000109,0.000198,0.000048,0.000199,0.000049,-0.000072,0.000159,0.000032,-0.000135,0.000140,0.000032,0.000049,-0.000037,0.000074,-0.000079,-0.000090,0.000124,0.000114,-0.000030,-0.000093,0.000172,0.000030,-0.000053,0.000032,0.000047,-0.000046,0.000033,0.000171,0.000142,0.000109,0.000128,0.000050,0.000007,0.000023,-0.000003,-0.000001,0.000010,-0.000002,0.000004,0.000015,-0.000002,0.000038,0.000009,0.000000,0.000001
0.000011,0.000041,0.000043,0.000024,0.000035,0.000020,0.000029,0.000021,0.000150,0.000057,0.000069,-0.000032,-0.000061,0.000141,0.000043,0.000079,-0.000034,-0.000179,0.000286,-0.000044,-0.000053,0.000042,-0.000301,-0.000089,-0.000176,0.000034,-0.000065,-0.000512,-0.000126,0.000218,0.000063,-0.000021,-0.000026,-0.000050,0.000254,-0.000125,0.000133,0.000030,-0.000023,0.000237,-0.000084,0.000023,0.000201,0.000059,0.000174,0.000171,0.000033,-0.000038,0.000018,0.000011,0.000002,0.000005,-0.000001,0.000002,0.000009,0.000001,0.000009,0.000038,0.000005,0.000003
0.000008,0.000016,0.000023,0.000021,0.000073,0.000029,0.000072,0.000095,0.000160,0.000062,-0.000169,-0.000029,0.000009,0.000093,0.000033,0.000098,0.000011,-0.000014,0.000024,0.000057,0.000213,-0.000093,0.000156,0.000017,-0.000081,-0.000148,0.000045,-0.000277,0.000006,0.000039,0.000097,0.000047,-0.000171,0.000178,0.000062,0.000162,0.000214,-0.000096,0.000127,0.000004,0.000084,0.000030,0.000102,-0.000000,-0.000032,0.000042,-0.000030,0.000018,-0.000030,0.000008,0.000011,0.000007,-0.000003,0.000005,-0.000001,0.000007,0.000000,0.000005,0.000035,0.000009
0.000006,0.000015,0.000047,0.000021,0.000049,-0.000020,0.000005,0.000036,0.000087,-0.000042,0.000039,-0.000063,0.000018,0.000054,-0.000096,-0.000019,-0.000201,0.000027,-0.000026,0.000046,0.000156,0.000158,-0.000039,-0.000109,-0.000087,-0.000152,0.000139,-0.000440,-0.000102,-0.000123,-0.000038,-0.000002,-0.000125,-0.000120,-0.000105,0.000106,0.000131,0.000012,0.000076,-0.000039,0.000086,0.000096,0.000175,0.000074,0.000072,0.000011,0.000042,0.000076,-0.000005,0.000010,0.000009,0.000004,-0.000004,0.000005,0.000001,0.000009,0.000001,0.000003,0.000009,0.000028
