0.027386,0.001522,-0.000083,0.000119,0.001850,0.001813,-0.002281,0.001985,0.000477,-0.000745,-0.000397,0.001602,-0.000610,0.001287,-0.002539,0.002082,0.001824,0.001051
0.001522,0.082675,-0.001212,0.002456,0.001681,0.001259,0.002101,0.000179,0.001807,-0.002182,0.001781,0.000865,0.003526,0.002143,0.000915,0.004325,0.000909,0.003880
-0.000083,-0.001212,0.082582,0.000339,-0.001304,-0.000066,0.007642,0.000340,-0.001890,0.004060,0.002742,-0.002287,0.002036,0.001800,0.000832,-0.004717,-0.002899,-0.000332
0.000119,0.002456,0.000339,0.029515,0.002078,-0.000249,0.000561,-0.003938,0.000210,-0.002310,0.000044,-0.000440,0.000601,0.001024,-0.001228,0.001058,0.000100,-0.001560
0.001850,0.001681,-0.001304,0.002078,0.028278,-0.000084,0.003059,0.000837,-0.000743,0.000765,0.001880,-0.000279,0.001437,0.000185,-0.002469,-0.000234,0.001223,0.000236
0.001813,0.001259,-0.000066,-0.000249,-0.000084,0.085477,0.001306,-0.000977,-0.000947,0.000628,-0.000935,0.001327,0.000852,0.002183,-0.001439,-0.003090,0.001180,0.004671
-0.002281,0.002101,0.007642,0.000561,0.003059,0.001306,0.081393,-0.003181,-0.001876,0.000412,-0.002464,0.002591,0.002651,0.002523,-0.002371,0.001345,-0.000116,0.003088
0.001985,0.000179,0.000340,-0.003938,0.000837,-0.000977,-0.003181,0.083590,0.002071,0.000676,-0.000001,-0.003460,-0.001466,-0.000366,0.003748,0.002153,0.004498,-0.001106
0.000477,0.001807,-0.001890,0.000210,-0.000743,-0.000947,-0.001876,0.002071,0.084297,0.001641,0.000426,0.000264,-0.000770,0.000002,0.001767,0.001910,-0.000124,0.000215
-0.000745,-0.002182,0.004060,-0.002310,0.000765,0.000628,0.000412,0.000676,0.001641,0.082472,-0.000552,-0.000762,-0.003475,-0.002173,0.003592,-0.000602,0.003880,-0.001405
-0.000397,0.001781,0.002742,0.000044,0.001880,-0.000935,-0.002464,-0.000001,0.000426,-0.000552,0.028394,-0.000259,0.000645,0.001222,0.000500,0.000230,0.000220,-0.000554
0.001602,0.000865,-0.002287,-0.000440,-0.000279,0.001327,0.002591,-0.003460,0.000264,-0.000762,-0.000259,0.028816,0.001583,-0.001614,-0.001409,-0.001230,0.001738,0.002783
-0.000610,0.003526,0.002036,0.000601,0.001437,0.000852,0.002651,-0.001466,-0.000770,-0.003475,0.000645,0.001583,0.028870,-0.000037,-0.000913,0.003525,0.000536,0.002792
0.001287,0.002143,0.001800,0.001024,0.000185,0.002183,0.002523,-0.000366,0.000002,-0.002173,0.001222,-0.001614,-0.000037,0.026336,0.000535,-0.001158,-0.000824,-0.003765
-0.002539,0.000915,0.000832,-0.001228,-0.002469,-0.001439,-0.002371,0.003748,0.001767,0.003592,0.000500,-0.001409,-0.000913,0.000535,0.030406,-0.000805,0.003012,0.001599
0.002082,0.004325,-0.004717,0.001058,-0.000234,-0.003090,0.001345,0.002153,0.001910,-0.000602,0.000230,-0.001230,0.003525,-0.001158,-0.000805,0.082387,0.001291,-0.000021
0.001824,0.000909,-0.002899,0.000100,0.001223,0.001180,-0.000116,0.004498,-0.000124,0.003880,0.000220,0.001738,0.000536,-0.000824,0.003012,0.001291,0.030938,0.001087
0.001051,0.003880,-0.000332,-0.001560,0.000236,0.004671,0.003088,-0.001106,0.000215,-0.001405,-0.000554,0.002783,0.002792,-0.003765,0.001599,-0.000021,0.001087,0.083483
