0.027453,0.001529,-0.000084,0.000120,0.001856,0.001822,-0.002297,0.001991,0.000481,-0.000748,-0.000398,0.001609,-0.000613,0.001292,-0.002546,0.002092,0.001828,0.001053
0.001529,0.083191,-0.001219,0.002475,0.001689,0.001267,0.002119,0.000180,0.001823,-0.002194,0.001788,0.000871,0.003550,0.002155,0.000920,0.004354,0.000913,0.003894
-0.000084,-0.001219,0.083066,0.000342,-0.001310,-0.000066,0.007708,0.000341,-0.001907,0.004082,0.002752,-0.002302,0.002050,0.001810,0.000836,-0.004748,-0.002911,-0.000333
0.000120,0.002475,0.000342,0.029771,0.002091,-0.000251,0.000567,-0.003963,0.000213,-0.002325,0.000045,-0.000444,0.000606,0.001031,-0.001235,0.001066,0.000101,-0.001568
0.001856,0.001689,-0.001310,0.002091,0.028386,-0.000084,0.003082,0.000840,-0.000749,0.000768,0.001884,-0.000281,0.001445,0.000186,-0.002478,-0.000236,0.001226,0.000236
0.001822,0.001267,-0.000066,-0.000251,-0.000084,0.086050,0.001318,-0.000982,-0.000956,0.000632,-0.000939,0.001336,0.000858,0.002197,-0.001446,-0.003111,0.001185,0.004690
-0.002297,0.002119,0.007708,0.000567,0.003082,0.001318,0.082322,-0.003205,-0.001898,0.000415,-0.002479,0.002615,0.002677,0.002544,-0.002388,0.001357,-0.000117,0.003108
0.001991,0.000180,0.000341,-0.003963,0.000840,-0.000982,-0.003205,0.083890,0.002088,0.000678,-0.000001,-0.003478,-0.001475,-0.000367,0.003761,0.002165,0.004510,-0.001108
0.000481,0.001823,-0.001907,0.000213,-0.000749,-0.000956,-0.001898,0.002088,0.085327,0.001655,0.000428,0.000266,-0.000778,0.000002,0.001781,0.001929,-0.000125,0.000217
-0.000748,-0.002194,0.004082,-0.002325,0.000768,0.000632,0.000415,0.000678,0.001655,0.082882,-0.000553,-0.000766,-0.003497,-0.002184,0.003607,-0.000605,0.003893,-0.001409
-0.000398,0.001788,0.002752,0.000045,0.001884,-0.000939,-0.002479,-0.000001,0.000428,-0.000553,0.028421,-0.000260,0.000648,0.001226,0.000501,0.000231,0.000220,-0.000554
0.001609,0.000871,-0.002302,-0.000444,-0.000281,0.001336,0.002615,-0.003478,0.000266,-0.000766,-0.000260,0.029017,0.001594,-0.001624,-0.001416,-0.001239,0.001746,0.002794
-0.000613,0.003550,0.002050,0.000606,0.001445,0.000858,0.002677,-0.001475,-0.000778,-0.003497,0.000648,0.001594,0.029090,-0.000037,-0.000918,0.003551,0.000539,0.002804
0.001292,0.002155,0.001810,0.001031,0.000186,0.002197,0.002544,-0.000367,0.000002,-0.002184,0.001226,-0.001624,-0.000037,0.026479,0.000537,-0.001165,-0.000827,-0.003778
-0.002546,0.000920,0.000836,-0.001235,-0.002478,-0.001446,-0.002388,0.003761,0.001781,0.003607,0.000501,-0.001416,-0.000918,0.000537,0.030502,-0.000809,0.003019,0.001603
0.002092,0.004354,-0.004748,0.001066,-0.000236,-0.003111,0.001357,0.002165,0.001929,-0.000605,0.000231,-0.001239,0.003551,-0.001165,-0.000809,0.082988,0.001297,-0.000021
0.001828,0.000913,-0.002911,0.000101,0.001226,0.001185,-0.000117,0.004510,-0.000125,0.003893,0.000220,0.001746,0.000539,-0.000827,0.003019,0.001297,0.030994,0.001088
0.001053,0.003894,-0.000333,-0.001568,0.000236,0.004690,0.003108,-0.001108,0.000217,-0.001409,-0.000554,0.002794,0.002804,-0.003778,0.001603,-0.000021,0.001088,0.083584
