18.855662,0.016406,0.098530,-0.186376,0.008116,-4.061666,-6.845035,0.055784,-0.102822,-0.043160,0.009071
0.016406,0.081253,-0.010870,-0.004727,0.000031,0.079782,0.657018,-0.001415,-0.006516,-0.002531,-0.092531
0.098530,-0.010870,0.042304,0.018771,0.000783,-0.136750,0.047425,-0.002445,-0.009791,0.006157,0.014633
-0.186376,-0.004727,0.018771,2.720816,0.000528,2.059339,5.690171,0.010470,-0.098826,-0.005795,-0.401346
0.008116,0.000031,0.000783,0.000528,0.002892,-0.012340,0.035430,-0.000070,-0.005939,0.000750,-0.005467
-4.061666,0.079782,-0.136750,2.059339,-0.012340,133.135867,114.404862,0.372374,0.261941,-0.160651,1.390586
-6.845035,0.657018,0.047425,5.690171,0.035430,114.404862,1258.956986,0.741162,1.194935,-0.192265,-10.412898
0.055784,-0.001415,-0.002445,0.010470,-0.000070,0.372374,0.741162,0.205855,0.022667,-0.005634,-0.008521
-0.102822,-0.006516,-0.009791,-0.098826,-0.005939,0.261941,1.194935,0.022667,2.267689,-0.013269,-0.194158
-0.043160,-0.002531,0.006157,-0.005795,0.000750,-0.160651,-0.192265,-0.005634,-0.013269,0.114077,-0.009564
0.009071,-0.092531,0.014633,-0.401346,-0.005467,1.390586,-10.412898,-0.008521,-0.194158,-0.009564,23.929234
