3.648695,-2.775550,1.448664,-0.057926,68.857707,-0.686364,-0.313388,-0.082183
-2.775550,157.723338,-4.494596,-0.412981,-4651.059795,-7.876944,0.283492,-2.793040
1.448664,-4.494596,4.779046,0.778597,-1070.373169,33.028032,0.516972,-0.126835
-0.057926,-0.412981,0.778597,0.178051,-265.499762,7.742543,0.064068,0.014118
68.857707,-4651.059795,-1070.373169,-265.499762,1612676.919716,-8400.917172,-394.709068,255.463997
-0.686364,-7.876944,33.028032,7.742543,-8400.917172,369.771961,2.431772,0.425585
-0.313388,0.283492,0.516972,0.064068,-394.709068,2.431772,4.532348,-3.926583
-0.082183,-2.793040,-0.126835,0.014118,255.463997,0.425585,-3.926583,3.977270
