0.016973,-0.003790,0.000682,-0.000146,0.000227,-0.000015,-0.002145,-0.000682
-0.003790,0.060618,-0.000625,-0.000263,-0.002325,-0.000072,0.000361,-0.005287
0.000682,-0.000625,0.000292,0.000198,-0.000420,0.000148,0.000426,-0.000090
-0.000146,-0.000263,0.000198,0.000182,-0.000421,0.000156,0.000214,0.000067
0.000227,-0.002325,-0.000420,-0.000421,0.001682,-0.000292,-0.001163,0.000556
-0.000015,-0.000072,0.000148,0.000156,-0.000292,0.000235,0.000258,-0.000022
-0.002145,0.000361,0.000426,0.000214,-0.001163,0.000258,0.050963,-0.041496
-0.000682,-0.005287,-0.000090,0.000067,0.000556,-0.000022,-0.041496,0.039534
