2.820369,-0.007345,-0.250307,0.305679,0.005186,-0.012197
-0.007345,0.065156,0.019354,-0.028787,0.016729,0.000224
-0.250307,0.019354,5.215273,0.241367,0.124239,0.012373
0.305679,-0.028787,0.241367,3.527015,-0.028694,0.018063
0.005186,0.016729,0.124239,-0.028694,2.232785,-0.008264
-0.012197,0.000224,0.012373,0.018063,-0.008264,0.025072
