2.816528,-0.009177,-0.402843,0.211986,-0.148547,-0.011259
-0.009177,0.068137,-0.032245,-0.051284,0.005945,-0.001914
-0.402843,-0.032245,5.024085,0.291519,0.157474,0.022382
0.211986,-0.051284,0.291519,3.298400,-0.163160,0.017558
-0.148547,0.005945,0.157474,-0.163160,2.214511,-0.006170
-0.011259,-0.001914,0.022382,0.017558,-0.006170,0.025438
