0.102219,-0.011632,0.017029,-0.001264,-0.003099,-0.010633
-0.011632,0.135532,-0.005975,-0.006983,-0.002229,-0.007484
0.017029,-0.005975,0.139610,0.015597,0.035071,0.004038
-0.001264,-0.006983,0.015597,0.075949,-0.008337,0.009918
-0.003099,-0.002229,0.035071,-0.008337,0.114969,-0.002020
-0.010633,-0.007484,0.004038,0.009918,-0.002020,0.125061
