0.109739,-0.006177,0.021651,-0.003733,0.009305,0.001588
-0.006177,0.132585,-0.002329,0.004651,0.002208,-0.007894
0.021651,-0.002329,0.139202,0.016204,0.039436,0.000798
-0.003733,0.004651,0.016204,0.076414,-0.008922,0.007122
0.009305,0.002208,0.039436,-0.008922,0.114039,-0.008671
0.001588,-0.007894,0.000798,0.007122,-0.008671,0.126611
