0.110590,-0.009041,0.018173,0.000883,0.002260,-0.006422
-0.009041,0.140186,-0.012648,0.002734,-0.006576,-0.010813
0.018173,-0.012648,0.139837,0.014119,0.033694,-0.003208
0.000883,0.002734,0.014119,0.071618,-0.007131,0.000258
0.002260,-0.006576,0.033694,-0.007131,0.108895,0.001648
-0.006422,-0.010813,-0.003208,0.000258,0.001648,0.129049
