0.102644,-0.000574,0.014696,0.001994,-0.000558,-0.009159
-0.000574,0.125141,-0.010653,0.006197,0.000154,-0.001781
0.014696,-0.010653,0.139301,0.013184,0.040477,-0.000744
0.001994,0.006197,0.013184,0.077795,-0.010231,0.012049
-0.000558,0.000154,0.040477,-0.010231,0.113809,-0.011398
-0.009159,-0.001781,-0.000744,0.012049,-0.011398,0.124340
