0.018154,0.009734,-0.001905,0.002776,0.000456,0.000113,0.000372,-0.001972
0.009734,0.014872,-0.002880,0.002263,0.000400,0.000135,0.000529,-0.001414
-0.001905,-0.002880,0.007078,0.000673,-0.000083,0.000037,-0.000910,-0.000244
0.002776,0.002263,0.000673,0.018023,0.000101,-0.000071,-0.000887,-0.000807
0.000456,0.000400,-0.000083,0.000101,0.002172,-0.000031,0.000112,-0.000002
0.000113,0.000135,0.000037,-0.000071,-0.000031,0.005269,0.000085,-0.000329
0.000372,0.000529,-0.000910,-0.000887,0.000112,0.000085,0.002988,0.000524
-0.001972,-0.001414,-0.000244,-0.000807,-0.000002,-0.000329,0.000524,0.010738
