0.015160,0.009507,-0.001706,0.004147,0.000750,0.000081,0.000521,-0.002242
0.009507,0.012646,-0.002922,0.001882,0.000622,0.000339,0.000696,-0.002101
-0.001706,-0.002922,0.005377,0.000767,-0.000023,0.000358,-0.000993,-0.000376
0.004147,0.001882,0.000767,0.013023,0.000235,0.000069,-0.001255,-0.001371
0.000750,0.000622,-0.000023,0.000235,0.001513,-0.000016,0.000129,-0.000075
0.000081,0.000339,0.000358,0.000069,-0.000016,0.003569,0.000076,-0.000377
0.000521,0.000696,-0.000993,-0.001255,0.000129,0.000076,0.002183,0.000490
-0.002242,-0.002101,-0.000376,-0.001371,-0.000075,-0.000377,0.000490,0.008754
