0.014886,0.002687,0.003774,0.000242,0.000716,0.004062,0.006767,0.007387,0.002475,0.004473,0.001017,-0.000936,0.010823,-0.003775,0.012235,0.002924,0.003821,-0.001636,-0.000480,0.000141,0.001832,0.003862,0.000701,0.000000,0.006376,0.000067,0.013129,-0.000537,0.000769,0.004661,-0.000747,0.000340,0.000910,0.002143,0.000453,0.004263,0.001198,0.001059,0.007314,0.000788,0.002047
0.002687,0.009222,0.001206,-0.000236,-0.000722,0.002706,-0.003229,-0.004719,0.000319,0.002234,-0.000669,-0.001279,0.000215,0.003173,0.001094,-0.000248,0.006329,0.003703,-0.000040,0.000282,0.002285,-0.003105,-0.000731,0.000000,0.000153,-0.000058,-0.000014,-0.000179,-0.000640,0.001013,-0.000600,-0.000080,-0.000172,-0.002044,0.000747,0.000690,0.007507,-0.000717,0.000743,-0.000396,0.002614
0.003774,0.001206,0.013296,0.000022,0.000340,0.000428,0.003561,0.001490,-0.000114,-0.001570,0.000395,0.000372,0.007659,-0.002518,0.002656,0.000485,0.005735,-0.003075,-0.000057,-0.000121,0.001792,0.007345,0.000276,0.000000,0.022365,0.000040,0.002930,-0.000024,0.005631,-0.001432,-0.001138,0.000904,0.004683,-0.000621,-0.000247,0.006580,0.001044,-0.000912,0.008522,-0.000253,0.001149
0.000242,-0.000236,0.000022,0.001216,0.000356,0.000044,0.000481,0.000351,0.000038,0.000050,0.000319,-0.000086,0.000325,-0.000081,0.000299,-0.000090,-0.000139,-0.000138,-0.000049,0.000053,-0.000000,0.000174,0.000057,0.000000,0.000293,0.000395,0.000431,-0.000033,-0.000000,-0.000065,0.000139,0.000000,0.000073,0.000588,-0.000184,0.000081,-0.000300,0.000265,0.000178,-0.000041,-0.000012
0.000716,-0.000722,0.000340,0.000356,0.002806,0.000310,0.001859,0.000556,0.000502,0.000730,0.002603,-0.000310,0.001707,-0.000789,0.001173,0.000518,-0.000021,-0.000137,0.000025,0.000130,-0.000008,0.000377,0.001279,0.000000,0.002028,0.000430,0.000965,0.000007,0.000013,0.001220,0.000568,-0.000008,0.000956,0.003191,-0.000007,0.000450,-0.000286,0.003103,0.000932,0.000033,-0.000112
0.004062,0.002706,0.000428,0.000044,0.000310,0.006074,0.001308,-0.000714,0.002711,0.000731,0.000230,-0.000908,0.002844,-0.000480,0.003417,0.001112,0.003467,0.002863,-0.000083,0.000048,0.002581,-0.001768,0.000031,0.000000,-0.000438,-0.000036,0.002972,-0.000020,-0.000403,-0.000153,0.000359,0.000216,0.000054,-0.000216,-0.000082,0.000043,0.002942,-0.000702,0.001093,-0.000269,0.003234
0.006767,-0.003229,0.003561,0.000481,0.001859,0.001308,0.015573,0.011531,0.003194,0.002529,0.002004,-0.000965,0.009501,-0.006838,0.007404,0.003253,0.000611,-0.004847,-0.000222,0.000091,-0.000566,0.006746,0.001247,0.000000,0.011957,0.000167,0.008090,-0.000119,0.003896,0.004337,-0.000097,-0.000137,0.004431,0.005045,-0.000108,0.003480,-0.001867,0.002778,0.006589,0.000965,-0.000252
0.007387,-0.004719,0.001490,0.000351,0.000556,-0.000714,0.011531,0.023034,-0.000074,-0.003207,0.000388,0.000385,0.007767,-0.008822,0.007392,0.000783,-0.002035,-0.008824,-0.000849,-0.000309,-0.000930,0.011705,0.001447,0.000000,0.012686,0.000146,0.010438,-0.000324,0.003884,0.000893,-0.002515,0.000212,0.000684,0.001887,-0.003864,0.002766,-0.005895,-0.002135,0.005486,0.001133,-0.000758
0.002475,0.000319,-0.000114,0.000038,0.000502,0.002711,0.003194,-0.000074,0.004723,0.002194,0.000534,-0.000251,0.002539,-0.000394,0.002701,0.002433,-0.000966,-0.000065,0.000000,0.000064,-0.000170,0.000323,0.000083,0.000000,-0.000758,-0.000069,0.001983,-0.000009,-0.000152,0.000892,0.000427,-0.000066,0.000402,0.000308,0.000795,0.000411,-0.001259,0.000131,0.001204,0.000098,0.000017
0.004473,0.002234,-0.001570,0.000050,0.000730,0.000731,0.002529,-0.003207,0.002194,0.021774,0.001216,-0.005535,0.006608,0.005578,0.005812,0.007574,0.004323,0.001085,-0.000254,0.000457,-0.001032,-0.006905,-0.000141,0.000000,-0.005508,-0.000015,0.003978,-0.000235,-0.001641,0.017399,0.006010,0.000089,0.001959,0.000880,0.003326,-0.000652,0.007515,0.000333,0.001957,0.002528,-0.000069
0.001017,-0.000669,0.000395,0.000319,0.002603,0.000230,0.002004,0.000388,0.000534,0.001216,0.003552,-0.000242,0.002215,-0.000718,0.001556,0.000774,0.000020,-0.000059,-0.000048,0.000121,-0.000039,0.000342,0.001282,0.000000,0.002405,0.000418,0.001344,0.000008,-0.000057,0.001441,0.000704,0.000013,0.001040,0.003558,0.000141,0.000559,-0.000430,0.004278,0.001214,0.000055,-0.000162
-0.000936,-0.001279,0.000372,-0.000086,-0.000310,-0.000908,-0.000965,0.000385,-0.000251,-0.005535,-0.000242,0.005312,-0.001698,-0.000950,-0.001248,-0.001827,-0.003324,-0.000912,-0.000017,0.000074,-0.000204,0.002421,0.000045,0.000000,0.000245,0.000015,-0.000733,0.000095,0.000298,-0.005860,-0.001284,-0.000112,-0.000516,-0.000173,-0.001123,0.000241,-0.004584,-0.000259,-0.000557,-0.001279,-0.000654
0.010823,0.000215,0.007659,0.000325,0.001707,0.002844,0.009501,0.007767,0.002539,0.006608,0.002215,-0.001698,0.019606,0.003901,0.012299,0.004791,0.002562,-0.003457,-0.000506,0.000060,0.001073,0.007857,0.001022,0.000000,0.009806,0.000128,0.010917,-0.000328,0.007099,0.006982,0.007633,0.000415,0.004004,0.003561,0.000394,0.009458,-0.002939,0.002119,0.014579,0.001467,0.001679
-0.003775,0.003173,-0.002518,-0.000081,-0.000789,-0.000480,-0.006838,-0.008822,-0.000394,0.005578,-0.000718,-0.000950,0.003901,0.025106,0.000260,0.000522,-0.004646,0.003482,-0.000032,0.000034,-0.000510,-0.005948,-0.001007,0.000000,-0.010024,-0.000191,-0.004012,-0.000423,-0.002121,0.002629,0.015322,-0.000251,-0.000717,-0.002633,0.000042,-0.001947,-0.004515,-0.002083,-0.001088,0.001297,0.000411
0.012235,0.001094,0.002656,0.000299,0.001173,0.003417,0.007404,0.007392,0.002701,0.005812,0.001556,-0.001248,0.012299,0.000260,0.012159,0.003526,0.001744,-0.001727,-0.000436,0.000098,0.001136,0.003308,0.000879,0.000000,0.004689,0.000105,0.011800,-0.000564,0.000920,0.005927,0.003548,0.000283,0.001484,0.003482,0.000576,0.003089,-0.001316,0.002286,0.006911,0.001017,0.001664
0.002924,-0.000248,0.000485,-0.000090,0.000518,0.001112,0.003253,0.000783,0.002433,0.007574,0.000774,-0.001827,0.004791,0.000522,0.003526,0.007522,0.000395,-0.000588,-0.000171,0.000272,-0.000169,0.000133,0.000211,0.000000,-0.000529,-0.000082,0.002956,0.000116,-0.000215,0.006631,0.001834,0.000113,0.001194,0.000709,0.002580,0.000688,-0.000008,0.000886,0.002307,0.001895,-0.000182
0.003821,0.006329,0.005735,-0.000139,-0.000021,0.003467,0.000611,-0.002035,-0.000966,0.004323,0.000020,-0.003324,0.002562,-0.004646,0.001744,0.000395,0.016301,0.003549,0.000109,0.000180,0.004628,-0.002759,-0.000124,0.000000,0.010116,0.000029,0.002206,0.000241,0.000781,0.005256,-0.003199,0.000420,0.002500,-0.000201,0.000791,0.001867,0.015881,0.000667,0.003229,0.000241,0.003820
-0.001636,0.003703,-0.003075,-0.000138,-0.000137,0.002863,-0.004847,-0.008824,-0.000065,0.001085,-0.000059,-0.000912,-0.003457,0.003482,-0.001727,-0.000588,0.003549,0.006856,0.000435,0.000146,0.002260,-0.008113,-0.000546,0.000000,-0.007343,-0.000053,-0.002870,0.000117,-0.003219,0.000017,0.001255,-0.000149,-0.000897,0.000236,0.001565,-0.002929,0.005734,0.002098,-0.003845,-0.000438,0.002511
-0.000480,-0.000040,-0.000057,-0.000049,0.000025,-0.000083,-0.000222,-0.000849,0.000000,-0.000254,-0.000048,-0.000017,-0.000506,-0.000032,-0.000436,-0.000171,0.000109,0.000435,0.002623,-0.000000,-0.000037,-0.000495,-0.000030,0.000000,0.000096,0.000000,-0.000545,0.000088,-0.000115,0.000119,-0.000103,-0.000000,0.000095,0.000388,0.001027,-0.000265,0.000309,0.000982,-0.000390,-0.000051,-0.000003
0.000141,0.000282,-0.000121,0.000053,0.000130,0.000048,0.000091,-0.000309,0.000064,0.000457,0.000121,0.000074,0.000060,0.000034,0.000098,0.000272,0.000180,0.000146,-0.000000,0.001237,-0.000000,-0.000151,-0.000011,0.000000,-0.000676,0.000009,0.000142,-0.000002,-0.000000,0.000967,-0.000114,0.000000,0.000006,0.000118,-0.000023,0.000016,0.000282,0.000229,0.000044,-0.000021,0.000028
0.001832,0.002285,0.001792,-0.000000,-0.000008,0.002581,-0.000566,-0.000930,-0.000170,-0.001032,-0.000039,-0.000204,0.001073,-0.000510,0.001136,-0.000169,0.004628,0.002260,-0.000037,-0.000000,0.005338,-0.000942,-0.000074,0.000000,0.000885,0.000000,0.000841,-0.000081,-0.000268,-0.000897,-0.000169,0.000000,-0.000021,-0.000413,-0.000214,0.000257,0.003562,-0.000621,0.000667,-0.000119,0.002303
0.003862,-0.003105,0.007345,0.000174,0.000377,-0.001768,0.006746,0.011705,0.000323,-0.006905,0.000342,0.002421,0.007857,-0.005948,0.003308,0.000133,-0.002759,-0.008113,-0.000495,-0.000151,-0.000942,0.015753,0.000793,0.000000,0.013190,0.000070,0.004510,0.000264,0.006029,-0.003254,-0.002514,0.000270,0.001661,0.000751,-0.002567,0.008278,-0.008169,-0.000669,0.009811,-0.000153,-0.001706
0.000701,-0.000731,0.000276,0.000057,0.001279,0.000031,0.001247,0.001447,0.000083,-0.000141,0.001282,0.000045,0.001022,-0.001007,0.000879,0.000211,-0.000124,-0.000546,-0.000030,-0.000011,-0.000074,0.000793,0.001416,0.000000,0.001504,0.000388,0.001116,-0.000015,0.000080,0.000104,-0.000243,0.000118,-0.000066,0.001389,-0.000028,0.000463,-0.000517,0.001353,0.000677,0.000025,-0.000117
0.000000,0.000000,0.000000,0.000000,0.000000,0.000000,0.000000,0.000000,0.000000,0.000000,0.000000,0.000000,0.000000,0.000000,0.000000,0.000000,0.000000,0.000000,0.000000,0.000000,0.000000,0.000000,0.000000,0.000000,0.000000,0.000000,0.000000,0.000000,0.000000,0.000000,0.000000,0.000000,0.000000,0.000000,0.000000,0.000000,0.000000,0.000000,0.000000,0.000000,0.000000
0.006376,0.000153,0.022365,0.000293,0.002028,-0.000438,0.011957,0.012686,-0.000758,-0.005508,0.002405,0.000245,0.009806,-0.010024,0.004689,-0.000529,0.010116,-0.007343,0.000096,-0.000676,0.000885,0.013190,0.001504,0.000000,0.122206,0.000242,0.007064,-0.000764,-0.001491,-0.001682,-0.005055,0.001608,0.009245,0.003494,-0.002338,0.004477,0.002835,0.001226,0.008689,-0.000511,-0.003677
0.000067,-0.000058,0.000040,0.000395,0.000430,-0.000036,0.000167,0.000146,-0.000069,-0.000015,0.000418,0.000015,0.000128,-0.000191,0.000105,-0.000082,0.000029,-0.000053,0.000000,0.000009,0.000000,0.000070,0.000388,0.000000,0.000242,0.000667,0.000224,-0.000002,0.000000,-0.000100,-0.000055,0.000000,-0.000099,0.000421,-0.000039,0.000136,-0.000022,0.000357,0.000130,0.000000,-0.000019
0.013129,-0.000014,0.002930,0.000431,0.000965,0.002972,0.008090,0.010438,0.001983,0.003978,0.001344,-0.000733,0.010917,-0.004012,0.011800,0.002956,0.002206,-0.002870,-0.000545,0.000142,0.000841,0.004510,0.001116,0.000000,0.007064,0.000224,0.014323,-0.001199,0.001307,0.004789,-0.000482,0.000488,0.001006,0.003362,0.000045,0.003416,-0.001307,0.002116,0.006699,0.001071,0.001572
-0.000537,-0.000179,-0.000024,-0.000033,0.000007,-0.000020,-0.000119,-0.000324,-0.000009,-0.000235,0.000008,0.000095,-0.000328,-0.000423,-0.000564,0.000116,0.000241,0.000117,0.000088,-0.000002,-0.000081,0.000264,-0.000015,0.000000,-0.000764,-0.000002,-0.001199,0.005756,-0.000064,-0.000066,-0.000166,-0.000016,0.000009,-0.000012,-0.000002,0.000203,0.000426,-0.000156,0.000034,-0.000017,-0.000032
0.000769,-0.000640,0.005631,-0.000000,0.000013,-0.000403,0.003896,0.003884,-0.000152,-0.001641,-0.000057,0.000298,0.007099,-0.002121,0.000920,-0.000215,0.000781,-0.003219,-0.000115,-0.000000,-0.000268,0.006029,0.000080,0.000000,-0.001491,0.000000,0.001307,-0.000064,0.028182,-0.001981,-0.000483,-0.000206,0.003543,-0.001404,-0.000660,0.010306,-0.001994,-0.001977,0.010981,-0.000373,-0.000132
0.004661,0.001013,-0.001432,-0.000065,0.001220,-0.000153,0.004337,0.000893,0.000892,0.017399,0.001441,-0.005860,0.006982,0.002629,0.005927,0.006631,0.005256,0.000017,0.000119,0.000967,-0.000897,-0.003254,0.000104,0.000000,-0.001682,-0.000100,0.004789,-0.000066,-0.001981,0.025921,0.004725,0.000142,0.002378,0.005411,0.001596,0.000333,0.008321,0.005184,0.003182,0.003042,-0.000430
-0.000747,-0.000600,-0.001138,0.000139,0.000568,0.000359,-0.000097,-0.002515,0.000427,0.006010,0.000704,-0.001284,0.007633,0.015322,0.003548,0.001834,-0.003199,0.001255,-0.000103,-0.000114,-0.000169,-0.002514,-0.000243,0.000000,-0.005055,-0.000055,-0.000482,-0.000166,-0.000483,0.004725,0.014973,-0.000147,0.001183,0.001259,0.000347,-0.001061,-0.004057,0.000536,0.001530,0.001087,0.000468
0.000340,-0.000080,0.000904,0.000000,-0.000008,0.000216,-0.000137,0.000212,-0.000066,0.000089,0.000013,-0.000112,0.000415,-0.000251,0.000283,0.000113,0.000420,-0.000149,-0.000000,0.000000,0.000000,0.000270,0.000118,0.000000,0.001608,0.000000,0.000488,-0.000016,-0.000206,0.000142,-0.000147,0.001458,0.000036,-0.000247,0.000090,0.000101,0.000242,-0.000155,0.000257,0.000000,0.000246
0.000910,-0.000172,0.004683,0.000073,0.000956,0.000054,0.004431,0.000684,0.000402,0.001959,0.001040,-0.000516,0.004004,-0.000717,0.001484,0.001194,0.002500,-0.000897,0.000095,0.000006,-0.000021,0.001661,-0.000066,0.000000,0.009245,-0.000099,0.001006,0.000009,0.003543,0.002378,0.001183,0.000036,0.006880,0.002409,0.001084,0.002105,0.001005,0.001853,0.003344,0.000193,0.000611
0.002143,-0.002044,-0.000621,0.000588,0.003191,-0.000216,0.005045,0.001887,0.000308,0.000880,0.003558,-0.000173,0.003561,-0.002633,0.003482,0.000709,-0.000201,0.000236,0.000388,0.000118,-0.000413,0.000751,0.001389,0.000000,0.003494,0.000421,0.003362,-0.000012,-0.001404,0.005411,0.001259,-0.000247,0.002409,0.016085,0.001415,-0.000310,-0.000700,0.013923,0.001212,-0.000589,-0.000491
0.000453,0.000747,-0.000247,-0.000184,-0.000007,-0.000082,-0.000108,-0.003864,0.000795,0.003326,0.000141,-0.001123,0.000394,0.000042,0.000576,0.002580,0.000791,0.001565,0.001027,-0.000023,-0.000214,-0.002567,-0.000028,0.000000,-0.002338,-0.000039,0.000045,-0.000002,-0.000660,0.001596,0.000347,0.000090,0.001084,0.001415,0.014197,-0.000294,0.002393,0.005079,-0.000105,-0.000052,-0.000213
0.004263,0.000690,0.006580,0.000081,0.000450,0.000043,0.003480,0.002766,0.000411,-0.000652,0.000559,0.000241,0.009458,-0.001947,0.003089,0.000688,0.001867,-0.002929,-0.000265,0.000016,0.000257,0.008278,0.000463,0.000000,0.004477,0.000136,0.003416,0.000203,0.010306,0.000333,-0.001061,0.000101,0.002105,-0.000310,-0.000294,0.014352,-0.000906,-0.000572,0.014013,-0.000112,-0.000038
0.001198,0.007507,0.001044,-0.000300,-0.000286,0.002942,-0.001867,-0.005895,-0.001259,0.007515,-0.000430,-0.004584,-0.002939,-0.004515,-0.001316,-0.000008,0.015881,0.005734,0.000309,0.000282,0.003562,-0.008169,-0.000517,0.000000,0.002835,-0.000022,-0.001307,0.000426,-0.001994,0.008321,-0.004057,0.000242,0.001005,-0.000700,0.002393,-0.000906,0.021561,0.000820,-0.001097,0.000089,0.003195
0.001059,-0.000717,-0.000912,0.000265,0.003103,-0.000702,0.002778,-0.002135,0.000131,0.000333,0.004278,-0.000259,0.002119,-0.002083,0.002286,0.000886,0.000667,0.002098,0.000982,0.000229,-0.000621,-0.000669,0.001353,0.000000,0.001226,0.000357,0.002116,-0.000156,-0.001977,0.005184,0.000536,-0.000155,0.001853,0.013923,0.005079,-0.000572,0.000820,0.019683,0.000489,-0.000848,-0.000551
0.007314,0.000743,0.008522,0.000178,0.000932,0.001093,0.006589,0.005486,0.001204,0.001957,0.001214,-0.000557,0.014579,-0.001088,0.006911,0.002307,0.003229,-0.003845,-0.000390,0.000044,0.000667,0.009811,0.000677,0.000000,0.008689,0.000130,0.006699,0.000034,0.010981,0.003182,0.001530,0.000257,0.003344,0.001212,-0.000105,0.014013,-0.001097,0.000489,0.016199,0.000408,0.000593
0.000788,-0.000396,-0.000253,-0.000041,0.000033,-0.000269,0.000965,0.001133,0.000098,0.002528,0.000055,-0.001279,0.001467,0.001297,0.001017,0.001895,0.000241,-0.000438,-0.000051,-0.000021,-0.000119,-0.000153,0.000025,0.000000,-0.000511,0.000000,0.001071,-0.000017,-0.000373,0.003042,0.001087,0.000000,0.000193,-0.000589,-0.000052,-0.000112,0.000089,-0.000848,0.000408,0.006019,0.000017
0.002047,0.002614,0.001149,-0.000012,-0.000112,0.003234,-0.000252,-0.000758,0.000017,-0.000069,-0.000162,-0.000654,0.001679,0.000411,0.001664,-0.000182,0.003820,0.002511,-0.000003,0.000028,0.002303,-0.001706,-0.000117,0.000000,-0.003677,-0.000019,0.001572,-0.000032,-0.000132,-0.000430,0.000468,0.000246,0.000611,-0.000491,-0.000213,-0.000038,0.003195,-0.000551,0.000593,0.000017,0.003705
