0.014128,0.002362,0.003470,0.000421,0.000752,0.004197,0.006302,0.006435,0.002261,0.004681,0.000982,-0.000818,0.009903,-0.004009,0.011455,0.002963,0.004147,-0.001315,-0.000992,0.000226,0.001454,0.003297,0.000726,0.000000,0.005547,0.000023,0.012334,-0.000097,0.000726,0.004757,-0.000908,0.000612,0.000989,0.001913,-0.000235,0.004143,0.001967,0.000578,0.006788,0.000862,0.002101
0.002362,0.009273,0.000176,-0.000237,-0.000786,0.002469,-0.003052,-0.004682,0.000891,0.003056,-0.000687,-0.001315,-0.000150,0.003473,0.000874,0.000403,0.005640,0.003429,-0.000226,0.000358,0.001364,-0.003221,-0.000769,0.000000,-0.001135,-0.000057,-0.000350,-0.000248,-0.000653,0.001693,-0.000628,-0.000193,-0.000393,-0.002430,0.000283,0.000469,0.007143,-0.001390,0.000339,-0.000471,0.001979
0.003470,0.000176,0.014216,0.000088,0.000431,0.000596,0.005120,0.002401,-0.000120,-0.001878,0.000485,0.000279,0.008000,-0.003331,0.002850,0.000287,0.005514,-0.003247,0.000002,-0.000101,0.000784,0.007615,0.000469,0.000000,0.021998,0.000037,0.003109,0.000009,0.006276,-0.001536,-0.000875,0.001980,0.005937,-0.000371,0.000608,0.006389,0.000690,-0.000544,0.008499,-0.000261,0.001612
0.000421,-0.000237,0.000088,0.001349,0.000419,0.000034,0.000586,0.000386,0.000015,0.000249,0.000360,-0.000129,0.000449,-0.000094,0.000515,-0.000036,-0.000088,-0.000201,-0.000352,0.000073,-0.000000,0.000268,0.000063,0.000000,0.000440,0.000352,0.000510,0.000031,-0.000000,0.000296,0.000235,-0.000000,0.000150,0.000762,-0.000165,0.000160,-0.000327,0.000418,0.000259,-0.000044,-0.000019
0.000752,-0.000786,0.000431,0.000419,0.002911,0.000367,0.002041,0.000530,0.000535,0.000742,0.002721,-0.000385,0.001816,-0.000768,0.001252,0.000465,-0.000082,-0.000133,0.000073,0.000229,0.000043,0.000378,0.001292,0.000000,0.002519,0.000417,0.000993,-0.000003,-0.000019,0.001295,0.000724,-0.000028,0.001173,0.003540,0.000005,0.000450,-0.000356,0.003243,0.000972,0.000055,-0.000136
0.004197,0.002469,0.000596,0.000034,0.000367,0.005481,-0.000104,-0.000840,0.001647,0.000174,0.000302,-0.000645,0.002365,-0.000362,0.003222,0.000464,0.003560,0.002951,-0.000129,0.000059,0.001842,-0.002033,0.000082,0.000000,-0.000336,-0.000054,0.003106,0.000030,-0.000401,-0.000747,0.000227,0.000684,-0.000132,-0.000455,-0.000602,0.000041,0.003127,-0.000826,0.000870,-0.000237,0.003037
0.006302,-0.003052,0.005120,0.000586,0.002041,-0.000104,0.015171,0.011339,0.001172,0.001541,0.002277,-0.001049,0.009514,-0.007055,0.006778,0.002149,0.001529,-0.004741,-0.000252,0.000177,-0.000280,0.007258,0.001213,0.000000,0.013418,0.000098,0.007663,0.000044,0.004125,0.004278,-0.000208,-0.000294,0.005135,0.006145,-0.000201,0.004050,-0.001256,0.003905,0.007132,0.001262,0.000101
0.006435,-0.004682,0.002401,0.000386,0.000530,-0.000840,0.011339,0.022355,-0.000416,-0.003593,0.000446,0.000267,0.007723,-0.008594,0.006509,0.000495,-0.001618,-0.008476,-0.001055,-0.000404,-0.000507,0.011635,0.001396,0.000000,0.013316,0.000122,0.009803,-0.000250,0.004269,0.000613,-0.002563,0.000327,0.000817,0.001894,-0.004128,0.003300,-0.005208,-0.002053,0.005965,0.001236,-0.000570
0.002261,0.000891,-0.000120,0.000015,0.000535,0.001647,0.001172,-0.000416,0.003276,0.001557,0.000547,0.000078,0.001765,0.000047,0.002175,0.001872,-0.000970,0.000025,0.000000,0.000120,-0.000196,0.000052,0.000037,0.000000,-0.001175,-0.000073,0.001737,0.000078,-0.000138,0.000454,0.000237,-0.000030,0.000062,0.000368,0.000163,0.000283,-0.001157,0.000244,0.000789,0.000056,-0.000013
0.004681,0.003056,-0.001878,0.000249,0.000742,0.000174,0.001541,-0.003593,0.001557,0.021316,0.001172,-0.005414,0.006213,0.005808,0.005671,0.006982,0.004708,0.001287,-0.000546,0.000724,-0.000598,-0.006870,-0.000175,0.000000,-0.005533,-0.000037,0.003962,-0.000239,-0.002106,0.017710,0.005856,0.000054,0.001551,0.001126,0.002859,-0.000526,0.007848,0.000764,0.001897,0.002562,-0.000086
0.000982,-0.000687,0.000485,0.000360,0.002721,0.000302,0.002277,0.000446,0.000547,0.001172,0.003596,-0.000320,0.002271,-0.000809,0.001567,0.000701,0.000073,-0.000050,0.000006,0.000222,0.000024,0.000371,0.001293,0.000000,0.003097,0.000411,0.001308,0.000017,-0.000019,0.001466,0.000805,-0.000041,0.001275,0.004058,0.000080,0.000547,-0.000360,0.004375,0.001240,0.000103,-0.000162
-0.000818,-0.001315,0.000279,-0.000129,-0.000385,-0.000645,-0.001049,0.000267,0.000078,-0.005414,-0.000320,0.005997,-0.001594,-0.000712,-0.001101,-0.001582,-0.003601,-0.000866,0.000017,0.000109,-0.000265,0.002373,0.000045,0.000000,-0.000527,0.000018,-0.000649,0.000068,0.000442,-0.005835,-0.001165,-0.000196,-0.000548,-0.000512,-0.000713,0.000139,-0.004803,-0.000386,-0.000585,-0.001329,-0.000608
0.009903,-0.000150,0.008000,0.000449,0.001816,0.002365,0.009514,0.007723,0.001765,0.006213,0.002271,-0.001594,0.018828,0.003427,0.011497,0.004469,0.003060,-0.003075,-0.000558,0.000196,0.000753,0.007087,0.001086,0.000000,0.009703,0.000096,0.010593,-0.000240,0.007218,0.006990,0.007534,0.000842,0.004540,0.004052,0.000216,0.008622,-0.001872,0.002518,0.013707,0.001545,0.001790
-0.004009,0.003473,-0.003331,-0.000094,-0.000768,-0.000362,-0.007055,-0.008594,0.000047,0.005808,-0.000809,-0.000712,0.003427,0.025025,0.000086,0.000970,-0.004804,0.003441,-0.000225,0.000055,-0.000473,-0.006274,-0.001011,0.000000,-0.011259,-0.000191,-0.004275,-0.000115,-0.002507,0.002257,0.015251,-0.000276,-0.000771,-0.002717,-0.000013,-0.002506,-0.004436,-0.002417,-0.001708,0.000974,0.000221
0.011455,0.000874,0.002850,0.000515,0.001252,0.003222,0.006778,0.006509,0.002175,0.005671,0.001567,-0.001101,0.011497,0.000086,0.011343,0.003393,0.002101,-0.001583,-0.000980,0.000183,0.000881,0.003097,0.000896,0.000000,0.004510,0.000072,0.010990,-0.000083,0.000938,0.005963,0.003460,0.000560,0.001642,0.003492,-0.000142,0.003182,-0.000624,0.001964,0.006575,0.001068,0.001684
0.002963,0.000403,0.000287,-0.000036,0.000465,0.000464,0.002149,0.000495,0.001872,0.006982,0.000701,-0.001582,0.004469,0.000970,0.003393,0.007350,0.000105,-0.000533,-0.000179,0.000429,-0.000122,0.000064,0.000184,0.000000,-0.001082,-0.000096,0.002926,0.000128,-0.000353,0.006502,0.001789,0.000052,0.000948,0.000949,0.002355,0.000637,-0.000283,0.001137,0.002124,0.001951,-0.000232
0.004147,0.005640,0.005514,-0.000088,-0.000082,0.003560,0.001529,-0.001618,-0.000970,0.004708,0.000073,-0.003601,0.003060,-0.004804,0.002101,0.000105,0.016038,0.003437,0.000152,0.000384,0.003536,-0.002433,-0.000055,0.000000,0.009782,0.000033,0.002770,-0.000322,0.000617,0.006272,-0.003095,0.000649,0.002601,0.000033,0.001017,0.002216,0.015615,0.001063,0.003645,0.000311,0.003667
-0.001315,0.003429,-0.003247,-0.000201,-0.000133,0.002951,-0.004741,-0.008476,0.000025,0.001287,-0.000050,-0.000866,-0.003075,0.003441,-0.001583,-0.000533,0.003437,0.006809,0.000691,0.000204,0.001812,-0.008128,-0.000538,0.000000,-0.007160,-0.000039,-0.002430,-0.000102,-0.003077,0.000229,0.001215,-0.000266,-0.000872,0.000075,0.001455,-0.002823,0.005668,0.001848,-0.003593,-0.000485,0.002389
-0.000992,-0.000226,0.000002,-0.000352,0.000073,-0.000129,-0.000252,-0.001055,0.000000,-0.000546,0.000006,0.000017,-0.000558,-0.000225,-0.000980,-0.000179,0.000152,0.000691,0.003593,-0.000000,-0.000042,-0.000776,-0.000042,0.000000,0.000482,0.000000,-0.000674,-0.000112,-0.000164,-0.000139,-0.000180,-0.000000,0.000177,0.000493,0.001515,-0.000377,0.000589,0.001385,-0.000376,-0.000078,-0.000033
0.000226,0.000358,-0.000101,0.000073,0.000229,0.000059,0.000177,-0.000404,0.000120,0.000724,0.000222,0.000109,0.000196,0.000055,0.000183,0.000429,0.000384,0.000204,-0.000000,0.001906,0.000073,-0.000203,-0.000008,0.000000,-0.000550,0.000015,0.000231,0.000002,-0.000000,0.001551,-0.000124,-0.000000,0.000211,0.000373,0.000024,0.000048,0.000442,0.000481,0.000123,-0.000027,0.000006
0.001454,0.001364,0.000784,-0.000000,0.000043,0.001842,-0.000280,-0.000507,-0.000196,-0.000598,0.000024,-0.000265,0.000753,-0.000473,0.000881,-0.000122,0.003536,0.001812,-0.000042,0.000073,0.003469,-0.000920,-0.000047,0.000000,-0.000112,0.000000,0.000807,-0.000045,-0.000195,-0.000270,-0.000232,-0.000029,-0.000006,-0.000257,-0.000166,0.000187,0.002926,-0.000386,0.000447,-0.000093,0.001469
0.003297,-0.003221,0.007615,0.000268,0.000378,-0.002033,0.007258,0.011635,0.000052,-0.006870,0.000371,0.002373,0.007087,-0.006274,0.003097,0.000064,-0.002433,-0.008128,-0.000776,-0.000203,-0.000920,0.015432,0.000817,0.000000,0.012843,0.000052,0.004079,0.000435,0.006425,-0.003375,-0.002523,0.000473,0.002015,0.001020,-0.002391,0.007498,-0.007618,-0.000446,0.008908,-0.000096,-0.001566
0.000726,-0.000769,0.000469,0.000063,0.001292,0.000082,0.001213,0.001396,0.000037,-0.000175,0.001293,0.000045,0.001086,-0.001011,0.000896,0.000184,-0.000055,-0.000538,-0.000042,-0.000008,-0.000047,0.000817,0.001432,0.000000,0.001759,0.000357,0.001150,-0.000001,0.000052,0.000070,-0.000239,0.000232,-0.000058,0.001446,-0.000050,0.000502,-0.000482,0.001400,0.000734,0.000055,-0.000063
0.000000,0.000000,0.000000,0.000000,0.000000,0.000000,0.000000,0.000000,0.000000,0.000000,0.000000,0.000000,0.000000,0.000000,0.000000,0.000000,0.000000,0.000000,0.000000,0.000000,0.000000,0.000000,0.000000,0.000000,0.000000,0.000000,0.000000,0.000000,0.000000,0.000000,0.000000,0.000000,0.000000,0.000000,0.000000,0.000000,0.000000,0.000000,0.000000,0.000000,0.000000
0.005547,-0.001135,0.021998,0.000440,0.002519,-0.000336,0.013418,0.013316,-0.001175,-0.005533,0.003097,-0.000527,0.009703,-0.011259,0.004510,-0.001082,0.009782,-0.007160,0.000482,-0.000550,-0.000112,0.012843,0.001759,0.000000,0.121261,0.000176,0.006804,-0.000016,-0.003906,-0.000693,-0.004522,0.002875,0.008779,0.004972,-0.001266,0.004386,0.002773,0.002353,0.008544,-0.000541,-0.003804
0.000023,-0.000057,0.000037,0.000352,0.000417,-0.000054,0.000098,0.000122,-0.000073,-0.000037,0.000411,0.000018,0.000096,-0.000191,0.000072,-0.000096,0.000033,-0.000039,0.000000,0.000015,0.000000,0.000052,0.000357,0.000000,0.000176,0.000762,0.000171,0.000009,0.000000,-0.000102,-0.000042,0.000014,-0.000063,0.000415,0.000044,0.000123,-0.000008,0.000385,0.000112,-0.000022,-0.000014
0.012334,-0.000350,0.003109,0.000510,0.000993,0.003106,0.007663,0.009803,0.001737,0.003962,0.001308,-0.000649,0.010593,-0.004275,0.010990,0.002926,0.002770,-0.002430,-0.000674,0.000231,0.000807,0.004079,0.001150,0.000000,0.006804,0.000171,0.013531,-0.000647,0.001225,0.004986,-0.000634,0.000819,0.001114,0.003270,-0.000364,0.003517,-0.000321,0.001875,0.006752,0.001153,0.001698
-0.000097,-0.000248,0.000009,0.000031,-0.000003,0.000030,0.000044,-0.000250,0.000078,-0.000239,0.000017,0.000068,-0.000240,-0.000115,-0.000083,0.000128,-0.000322,-0.000102,-0.000112,0.000002,-0.000045,0.000435,-0.000001,0.000000,-0.000016,0.000009,-0.000647,0.004716,-0.000065,-0.000201,0.000055,-0.000020,0.000003,0.000037,-0.000238,0.000217,-0.000598,-0.000103,-0.000145,0.000005,-0.000001
0.000726,-0.000653,0.006276,-0.000000,-0.000019,-0.000401,0.004125,0.004269,-0.000138,-0.002106,-0.000019,0.000442,0.007218,-0.002507,0.000938,-0.000353,0.000617,-0.003077,-0.000164,-0.000000,-0.000195,0.006425,0.000052,0.000000,-0.003906,0.000000,0.001225,-0.000065,0.026938,-0.002430,-0.000565,-0.000208,0.003603,-0.001533,-0.000595,0.009954,-0.002235,-0.002056,0.010855,-0.000365,0.000210
0.004757,0.001693,-0.001536,0.000296,0.001295,-0.000747,0.004278,0.000613,0.000454,0.017710,0.001466,-0.005835,0.006990,0.002257,0.005963,0.006502,0.006272,0.000229,-0.000139,0.001551,-0.000270,-0.003375,0.000070,0.000000,-0.000693,-0.000102,0.004986,-0.000201,-0.002430,0.027371,0.004547,0.000160,0.002219,0.006301,0.001992,0.000274,0.009281,0.006212,0.003231,0.003002,-0.000514
-0.000908,-0.000628,-0.000875,0.000235,0.000724,0.000227,-0.000208,-0.002563,0.000237,0.005856,0.000805,-0.001165,0.007534,0.015251,0.003460,0.001789,-0.003095,0.001215,-0.000180,-0.000124,-0.000232,-0.002523,-0.000239,0.000000,-0.004522,-0.000042,-0.000634,0.000055,-0.000565,0.004547,0.015326,-0.000058,0.001510,0.001541,0.000358,-0.001240,-0.003917,0.000691,0.001365,0.000936,0.000453
0.000612,-0.000193,0.001980,-0.000000,-0.000028,0.000684,-0.000294,0.000327,-0.000030,0.000054,-0.000041,-0.000196,0.000842,-0.000276,0.000560,0.000052,0.000649,-0.000266,-0.000000,-0.000000,-0.000029,0.000473,0.000232,0.000000,0.002875,0.000014,0.000819,-0.000020,-0.000208,0.000160,-0.000058,0.002615,-0.000025,-0.000270,0.000149,0.000240,0.000322,-0.000178,0.000545,-0.000104,0.000546
0.000989,-0.000393,0.005937,0.000150,0.001173,-0.000132,0.005135,0.000817,0.000062,0.001551,0.001275,-0.000548,0.004540,-0.000771,0.001642,0.000948,0.002601,-0.000872,0.000177,0.000211,-0.000006,0.002015,-0.000058,0.000000,0.008779,-0.000063,0.001114,0.000003,0.003603,0.002219,0.001510,-0.000025,0.008141,0.002886,0.001271,0.002161,0.000742,0.002231,0.003637,0.000261,0.001132
0.001913,-0.002430,-0.000371,0.000762,0.003540,-0.000455,0.006145,0.001894,0.000368,0.001126,0.004058,-0.000512,0.004052,-0.002717,0.003492,0.000949,0.000033,0.000075,0.000493,0.000373,-0.000257,0.001020,0.001446,0.000000,0.004972,0.000415,0.003270,0.000037,-0.001533,0.006301,0.001541,-0.000270,0.002886,0.017532,0.001778,-0.000028,-0.000488,0.015057,0.001637,-0.000390,-0.000774
-0.000235,0.000283,0.000608,-0.000165,0.000005,-0.000602,-0.000201,-0.004128,0.000163,0.002859,0.000080,-0.000713,0.000216,-0.000013,-0.000142,0.002355,0.001017,0.001455,0.001515,0.000024,-0.000166,-0.002391,-0.000050,0.000000,-0.001266,0.000044,-0.000364,-0.000238,-0.000595,0.001992,0.000358,0.000149,0.001271,0.001778,0.014229,0.000055,0.002734,0.005171,0.000193,-0.000102,-0.000270
0.004143,0.000469,0.006389,0.000160,0.000450,0.000041,0.004050,0.003300,0.000283,-0.000526,0.000547,0.000139,0.008622,-0.002506,0.003182,0.000637,0.002216,-0.002823,-0.000377,0.000048,0.000187,0.007498,0.000502,0.000000,0.004386,0.000123,0.003517,0.000217,0.009954,0.000274,-0.001240,0.000240,0.002161,-0.000028,0.000055,0.012335,-0.000291,-0.000168,0.012315,-0.000050,0.000044
0.001967,0.007143,0.000690,-0.000327,-0.000356,0.003127,-0.001256,-0.005208,-0.001157,0.007848,-0.000360,-0.004803,-0.001872,-0.004436,-0.000624,-0.000283,0.015615,0.005668,0.000589,0.000442,0.002926,-0.007618,-0.000482,0.000000,0.002773,-0.000008,-0.000321,-0.000598,-0.002235,0.009281,-0.003917,0.000322,0.000742,-0.000488,0.002734,-0.000291,0.020939,0.001313,-0.000169,0.000127,0.003044
0.000578,-0.001390,-0.000544,0.000418,0.003243,-0.000826,0.003905,-0.002053,0.000244,0.000764,0.004375,-0.000386,0.002518,-0.002417,0.001964,0.001137,0.001063,0.001848,0.001385,0.000481,-0.000386,-0.000446,0.001400,0.000000,0.002353,0.000385,0.001875,-0.000103,-0.002056,0.006212,0.000691,-0.000178,0.002231,0.015057,0.005171,-0.000168,0.001313,0.019637,0.001013,-0.000683,-0.000772
0.006788,0.000339,0.008499,0.000259,0.000972,0.000870,0.007132,0.005965,0.000789,0.001897,0.001240,-0.000585,0.013707,-0.001708,0.006575,0.002124,0.003645,-0.003593,-0.000376,0.000123,0.000447,0.008908,0.000734,0.000000,0.008544,0.000112,0.006752,-0.000145,0.010855,0.003231,0.001365,0.000545,0.003637,0.001637,0.000193,0.012315,-0.000169,0.001013,0.014704,0.000493,0.000691
0.000862,-0.000471,-0.000261,-0.000044,0.000055,-0.000237,0.001262,0.001236,0.000056,0.002562,0.000103,-0.001329,0.001545,0.000974,0.001068,0.001951,0.000311,-0.000485,-0.000078,-0.000027,-0.000093,-0.000096,0.000055,0.000000,-0.000541,-0.000022,0.001153,0.000005,-0.000365,0.003002,0.000936,-0.000104,0.000261,-0.000390,-0.000102,-0.000050,0.000127,-0.000683,0.000493,0.006093,0.000014
0.002101,0.001979,0.001612,-0.000019,-0.000136,0.003037,0.000101,-0.000570,-0.000013,-0.000086,-0.000162,-0.000608,0.001790,0.000221,0.001684,-0.000232,0.003667,0.002389,-0.000033,0.000006,0.001469,-0.001566,-0.000063,0.000000,-0.003804,-0.000014,0.001698,-0.000001,0.000210,-0.000514,0.000453,0.000546,0.001132,-0.000774,-0.000270,0.000044,0.003044,-0.000772,0.000691,0.000014,0.003513
