0.014798,0.002839,0.003904,0.000243,0.000669,0.004354,0.006044,0.006383,0.002300,0.004371,0.000821,-0.000449,0.010290,-0.003671,0.012206,0.003060,0.004235,-0.001077,-0.000698,0.000114,0.002229,0.003285,0.000741,0.000000,0.005941,0.000068,0.012527,0.000081,0.000874,0.004989,-0.000731,0.000568,0.001045,0.002113,0.000178,0.004359,0.001728,0.000978,0.007010,0.000738,0.002275
0.002839,0.009928,0.000609,-0.000230,-0.000750,0.002572,-0.003288,-0.004756,0.000638,0.002716,-0.000689,-0.000912,0.000287,0.003764,0.001307,0.000330,0.006130,0.003739,-0.000138,0.000266,0.002493,-0.003255,-0.000790,0.000000,-0.000759,-0.000091,-0.000240,0.000221,-0.000768,0.001400,-0.000372,-0.000209,-0.000380,-0.002248,0.000115,0.000706,0.007179,-0.001171,0.000670,-0.000471,0.002353
0.003904,0.000609,0.014866,0.000058,0.000407,0.000961,0.003895,0.001784,-0.000228,-0.002397,0.000481,0.000624,0.007952,-0.003166,0.002924,0.000200,0.006001,-0.002924,0.000057,-0.000182,0.001696,0.007717,0.000442,0.000000,0.022760,0.000037,0.003094,0.000121,0.005400,-0.002136,-0.001140,0.002029,0.004764,-0.000541,0.000100,0.006562,0.001006,-0.000615,0.008631,-0.000454,0.001596
0.000243,-0.000230,0.000058,0.001073,0.000336,-0.000015,0.000425,0.000239,-0.000016,0.000292,0.000319,-0.000170,0.000342,-0.000086,0.000379,-0.000006,-0.000060,-0.000145,-0.000190,0.000055,-0.000000,0.000137,0.000048,0.000000,0.000140,0.000414,0.000312,0.000078,-0.000000,0.000399,0.000296,-0.000000,0.000169,0.000617,0.000036,0.000097,-0.000212,0.000410,0.000172,-0.000000,0.000003
0.000669,-0.000750,0.000407,0.000336,0.002777,0.000292,0.001861,0.000580,0.000443,0.000746,0.002526,-0.000380,0.001693,-0.000705,0.001133,0.000550,-0.000021,-0.000143,0.000078,0.000118,0.000037,0.000373,0.001282,0.000000,0.002107,0.000426,0.000904,0.000007,0.000016,0.001478,0.000647,-0.000047,0.001152,0.003204,0.000195,0.000450,-0.000244,0.003157,0.000921,0.000004,-0.000111
0.004354,0.002572,0.000961,-0.000015,0.000292,0.006425,0.000934,-0.000888,0.002755,0.000473,0.000185,-0.000237,0.002960,-0.000728,0.003599,0.001341,0.003894,0.003151,-0.000104,0.000003,0.003034,-0.001997,0.000109,0.000000,-0.000119,-0.000020,0.003249,-0.000002,-0.000420,-0.000450,0.000119,0.000651,0.000171,-0.000410,-0.000086,0.000085,0.003276,-0.000824,0.001172,-0.000216,0.003388
0.006044,-0.003288,0.003895,0.000425,0.001861,0.000934,0.015979,0.011364,0.002836,0.002696,0.002128,-0.001427,0.009072,-0.007295,0.006839,0.003203,0.001200,-0.004552,-0.000123,0.000046,-0.000527,0.006569,0.001251,0.000000,0.013006,0.000186,0.007404,-0.000090,0.003512,0.005035,-0.000292,-0.000345,0.004839,0.005511,-0.000071,0.003437,-0.001008,0.003363,0.006415,0.000981,-0.000245
0.006383,-0.004756,0.001784,0.000239,0.000580,-0.000888,0.011364,0.022478,-0.000227,-0.002869,0.000526,0.000153,0.007231,-0.008986,0.006597,0.000584,-0.001525,-0.008434,-0.000719,-0.000389,-0.000989,0.011027,0.001431,0.000000,0.014628,0.000174,0.009643,-0.000479,0.003824,0.001366,-0.002624,0.000320,0.000749,0.001784,-0.004241,0.002795,-0.004527,-0.001813,0.005325,0.001089,-0.000802
0.002300,0.000638,-0.000228,-0.000016,0.000443,0.002755,0.002836,-0.000227,0.004783,0.002238,0.000440,-0.000214,0.002402,-0.000331,0.002548,0.002717,-0.001045,-0.000018,-0.000000,0.000006,-0.000189,0.000231,0.000070,0.000000,-0.001435,-0.000045,0.001793,-0.000000,-0.000059,0.000961,0.000279,-0.000049,0.000477,0.000069,0.000695,0.000518,-0.001299,-0.000041,0.001216,-0.000033,0.000050
0.004371,0.002716,-0.002397,0.000292,0.000746,0.000473,0.002696,-0.002869,0.002238,0.021734,0.000919,-0.005302,0.006720,0.007038,0.005903,0.007542,0.003509,0.000774,-0.000474,0.000632,-0.001138,-0.006489,-0.000178,0.000000,-0.007724,-0.000066,0.003660,-0.000115,-0.001633,0.018629,0.006919,-0.000010,0.001859,0.001653,0.003474,-0.000782,0.006764,0.000692,0.001882,0.002147,-0.000347
0.000821,-0.000689,0.000481,0.000319,0.002526,0.000185,0.002128,0.000526,0.000440,0.000919,0.003093,-0.000343,0.002003,-0.000728,0.001359,0.000589,0.000072,-0.000096,0.000052,0.000103,-0.000006,0.000427,0.001284,0.000000,0.003031,0.000423,0.001116,0.000016,-0.000041,0.001620,0.000759,-0.000043,0.001222,0.003812,0.000180,0.000533,-0.000255,0.003892,0.001132,0.000035,-0.000191
-0.000449,-0.000912,0.000624,-0.000170,-0.000380,-0.000237,-0.001427,0.000153,-0.000214,-0.005302,-0.000343,0.005206,-0.001452,-0.001038,-0.000952,-0.001780,-0.002393,-0.000490,0.000024,0.000096,-0.000011,0.002087,0.000050,0.000000,0.000429,0.000022,-0.000291,0.000030,0.000276,-0.005656,-0.001447,-0.000056,-0.000566,-0.000687,-0.001187,0.000368,-0.003637,-0.000549,-0.000337,-0.001133,-0.000104
0.010290,0.000287,0.007952,0.000342,0.001693,0.002960,0.009072,0.007231,0.002402,0.006720,0.002003,-0.001452,0.018861,0.004080,0.011717,0.004896,0.002850,-0.002724,-0.000257,0.000088,0.001252,0.006685,0.001067,0.000000,0.009618,0.000161,0.010382,-0.000109,0.006748,0.007647,0.007413,0.000785,0.004103,0.003759,0.000840,0.009137,-0.001999,0.002246,0.013994,0.001203,0.001824
-0.003671,0.003764,-0.003166,-0.000086,-0.000705,-0.000728,-0.007295,-0.008986,-0.000331,0.007038,-0.000728,-0.001038,0.004080,0.025798,0.000294,0.001114,-0.005123,0.003372,-0.000081,0.000082,-0.000660,-0.006314,-0.001062,0.000000,-0.012231,-0.000165,-0.004027,-0.000223,-0.002260,0.003026,0.015738,-0.000395,-0.000718,-0.002406,0.001046,-0.001619,-0.004715,-0.001873,-0.000899,0.000905,0.000278
0.012206,0.001307,0.002924,0.000379,0.001133,0.003599,0.006839,0.006597,0.002548,0.005903,0.001359,-0.000952,0.011717,0.000294,0.012110,0.003650,0.002092,-0.001423,-0.000682,0.000101,0.001393,0.002950,0.000912,0.000000,0.004494,0.000124,0.011164,0.000074,0.001085,0.006565,0.003452,0.000530,0.001676,0.003507,0.000482,0.003274,-0.000719,0.002127,0.006651,0.000883,0.001828
0.003060,0.000330,0.000200,-0.000006,0.000550,0.001341,0.003203,0.000584,0.002717,0.007542,0.000589,-0.001780,0.004896,0.001114,0.003650,0.008148,0.000083,-0.000509,-0.000123,0.000379,-0.000187,0.000119,0.000190,0.000000,-0.001823,-0.000112,0.002898,0.000071,-0.000273,0.007369,0.001963,0.000067,0.001355,0.000899,0.002308,0.000605,-0.000278,0.000839,0.002283,0.001602,-0.000156
0.004235,0.006130,0.006001,-0.000060,-0.000021,0.003894,0.001200,-0.001525,-0.001045,0.003509,0.000072,-0.002393,0.002850,-0.005123,0.002092,0.000083,0.017418,0.004048,0.000064,0.000389,0.005464,-0.002606,-0.000077,0.000000,0.010184,-0.000001,0.002603,0.000355,0.000544,0.005146,-0.003248,0.000645,0.002334,0.000196,0.000635,0.001641,0.016471,0.000914,0.003221,0.000037,0.003959
-0.001077,0.003739,-0.002924,-0.000145,-0.000143,0.003151,-0.004552,-0.008434,-0.000018,0.000774,-0.000096,-0.000490,-0.002724,0.003372,-0.001423,-0.000509,0.004048,0.007114,0.000512,0.000213,0.002903,-0.008043,-0.000552,0.000000,-0.007915,-0.000066,-0.002182,-0.000054,-0.002622,-0.000235,0.001130,-0.000268,-0.000585,0.000192,0.001701,-0.002631,0.005882,0.001812,-0.003280,-0.000412,0.002769
-0.000698,-0.000138,0.000057,-0.000190,0.000078,-0.000104,-0.000123,-0.000719,-0.000000,-0.000474,0.000052,0.000024,-0.000257,-0.000081,-0.000682,-0.000123,0.000064,0.000512,0.002947,0.000000,-0.000051,-0.000545,-0.000033,0.000000,0.000650,0.000000,-0.000369,-0.000392,-0.000128,-0.000185,-0.000070,-0.000000,0.000182,0.000405,0.001394,-0.000277,0.000414,0.001169,-0.000171,-0.000055,-0.000036
0.000114,0.000266,-0.000182,0.000055,0.000118,0.000003,0.000046,-0.000389,0.000006,0.000632,0.000103,0.000096,0.000088,0.000082,0.000101,0.000379,0.000389,0.000213,0.000000,0.001536,0.000079,-0.000254,-0.000008,0.000000,-0.001173,0.000020,0.000134,0.000002,0.000000,0.001165,-0.000090,0.000000,0.000134,0.000321,-0.000076,0.000012,0.000458,0.000413,0.000055,0.000000,0.000049
0.002229,0.002493,0.001696,-0.000000,0.000037,0.003034,-0.000527,-0.000989,-0.000189,-0.001138,-0.000006,-0.000011,0.001252,-0.000660,0.001393,-0.000187,0.005464,0.002903,-0.000051,0.000079,0.006182,-0.001423,-0.000080,0.000000,0.001045,0.000000,0.001166,-0.000079,-0.000304,-0.000851,-0.000325,-0.000025,-0.000014,-0.000316,-0.000223,0.000275,0.004413,-0.000562,0.000738,-0.000130,0.002593
0.003285,-0.003255,0.007717,0.000137,0.000373,-0.001997,0.006569,0.011027,0.000231,-0.006489,0.000427,0.002087,0.006685,-0.006314,0.002950,0.000119,-0.002606,-0.008043,-0.000545,-0.000254,-0.001423,0.015139,0.000810,0.000000,0.014372,0.000075,0.003678,0.000550,0.005567,-0.003120,-0.002750,0.000484,0.001546,0.000481,-0.002894,0.007639,-0.007643,-0.000702,0.008838,-0.000157,-0.001796
0.000741,-0.000790,0.000442,0.000048,0.001282,0.000109,0.001251,0.001431,0.000070,-0.000178,0.001284,0.000050,0.001067,-0.001062,0.000912,0.000190,-0.000077,-0.000552,-0.000033,-0.000008,-0.000080,0.000810,0.001439,0.000000,0.001687,0.000363,0.001167,-0.000014,0.000090,0.000133,-0.000264,0.000244,-0.000046,0.001415,-0.000038,0.000484,-0.000468,0.001365,0.000711,0.000047,-0.000068
0.000000,0.000000,0.000000,0.000000,0.000000,0.000000,0.000000,0.000000,0.000000,0.000000,0.000000,0.000000,0.000000,0.000000,0.000000,0.000000,0.000000,0.000000,0.000000,0.000000,0.000000,0.000000,0.000000,0.000000,0.000000,0.000000,0.000000,0.000000,0.000000,0.000000,0.000000,0.000000,0.000000,0.000000,0.000000,0.000000,0.000000,0.000000,0.000000,0.000000,0.000000
0.005941,-0.000759,0.022760,0.000140,0.002107,-0.000119,0.013006,0.014628,-0.001435,-0.007724,0.003031,0.000429,0.009618,-0.012231,0.004494,-0.001823,0.010184,-0.007915,0.000650,-0.001173,0.001045,0.014372,0.001687,0.000000,0.124087,0.000264,0.006916,0.000227,-0.001377,-0.003491,-0.005343,0.002905,0.008883,0.004135,-0.002605,0.004844,0.002664,0.002507,0.008928,-0.001061,-0.003740
0.000068,-0.000091,0.000037,0.000414,0.000426,-0.000020,0.000186,0.000174,-0.000045,-0.000066,0.000423,0.000022,0.000161,-0.000165,0.000124,-0.000112,-0.000001,-0.000066,0.000000,0.000020,0.000000,0.000075,0.000363,0.000000,0.000264,0.000762,0.000207,-0.000002,0.000000,-0.000175,0.000003,0.000014,-0.000081,0.000469,-0.000031,0.000123,-0.000053,0.000341,0.000136,-0.000022,-0.000022
0.012527,-0.000240,0.003094,0.000312,0.000904,0.003249,0.007404,0.009643,0.001793,0.003660,0.001116,-0.000291,0.010382,-0.004027,0.011164,0.002898,0.002603,-0.002182,-0.000369,0.000134,0.001166,0.003678,0.001167,0.000000,0.006916,0.000207,0.013750,-0.001028,0.001383,0.005170,-0.000619,0.000804,0.001104,0.003330,0.000004,0.003387,-0.000281,0.002149,0.006423,0.000968,0.001802
0.000081,0.000221,0.000121,0.000078,0.000007,-0.000002,-0.000090,-0.000479,-0.000000,-0.000115,0.000016,0.000030,-0.000109,-0.000223,0.000074,0.000071,0.000355,-0.000054,-0.000392,0.000002,-0.000079,0.000550,-0.000014,0.000000,0.000227,-0.000002,-0.001028,0.005341,0.000019,-0.000037,0.000008,-0.000019,0.000016,-0.000016,-0.000132,0.000390,0.000322,-0.000041,0.000218,-0.000011,-0.000046
0.000874,-0.000768,0.005400,-0.000000,0.000016,-0.000420,0.003512,0.003824,-0.000059,-0.001633,-0.000041,0.000276,0.006748,-0.002260,0.001085,-0.000273,0.000544,-0.002622,-0.000128,0.000000,-0.000304,0.005567,0.000090,0.000000,-0.001377,0.000000,0.001383,0.000019,0.026938,-0.002057,-0.000503,-0.000203,0.002835,-0.001381,-0.000730,0.009826,-0.001910,-0.001892,0.010373,-0.000329,-0.000189
0.004989,0.001400,-0.002136,0.000399,0.001478,-0.000450,0.005035,0.001366,0.000961,0.018629,0.001620,-0.005656,0.007647,0.003026,0.006565,0.007369,0.005146,-0.000235,-0.000185,0.001165,-0.000851,-0.003120,0.000133,0.000000,-0.003491,-0.000175,0.005170,-0.000037,-0.002057,0.028660,0.005382,0.000075,0.002467,0.006838,0.002140,0.000103,0.008335,0.006388,0.003308,0.002454,-0.000708
-0.000731,-0.000372,-0.001140,0.000296,0.000647,0.000119,-0.000292,-0.002624,0.000279,0.006919,0.000759,-0.001447,0.007413,0.015738,0.003452,0.001963,-0.003248,0.001130,-0.000070,-0.000090,-0.000325,-0.002750,-0.000264,0.000000,-0.005343,0.000003,-0.000619,0.000008,-0.000503,0.005382,0.015335,-0.000155,0.001516,0.001497,0.001205,-0.001012,-0.003859,0.000691,0.001420,0.000868,0.000356
0.000568,-0.000209,0.002029,-0.000000,-0.000047,0.000651,-0.000345,0.000320,-0.000049,-0.000010,-0.000043,-0.000056,0.000785,-0.000395,0.000530,0.000067,0.000645,-0.000268,-0.000000,0.000000,-0.000025,0.000484,0.000244,0.000000,0.002905,0.000014,0.000804,-0.000019,-0.000203,0.000075,-0.000155,0.002746,-0.000017,-0.000381,0.000168,0.000227,0.000314,-0.000260,0.000520,-0.000101,0.000566
0.001045,-0.000380,0.004764,0.000169,0.001152,0.000171,0.004839,0.000749,0.000477,0.001859,0.001222,-0.000566,0.004103,-0.000718,0.001676,0.001355,0.002334,-0.000585,0.000182,0.000134,-0.000014,0.001546,-0.000046,0.000000,0.008883,-0.000081,0.001104,0.000016,0.002835,0.002467,0.001516,-0.000017,0.007231,0.002882,0.001264,0.001846,0.000797,0.002239,0.003147,0.000145,0.000734
0.002113,-0.002248,-0.000541,0.000617,0.003204,-0.000410,0.005511,0.001784,0.000069,0.001653,0.003812,-0.000687,0.003759,-0.002406,0.003507,0.000899,0.000196,0.000192,0.000405,0.000321,-0.000316,0.000481,0.001415,0.000000,0.004135,0.000469,0.003330,-0.000016,-0.001381,0.006838,0.001497,-0.000381,0.002882,0.016631,0.001610,-0.000363,-0.000166,0.014288,0.001233,-0.000532,-0.000544
0.000178,0.000115,0.000100,0.000036,0.000195,-0.000086,-0.000071,-0.004241,0.000695,0.003474,0.000180,-0.001187,0.000840,0.001046,0.000482,0.002308,0.000635,0.001701,0.001394,-0.000076,-0.000223,-0.002894,-0.000038,0.000000,-0.002605,-0.000031,0.000004,-0.000132,-0.000730,0.002140,0.001205,0.000168,0.001264,0.001610,0.014920,-0.000226,0.002178,0.005489,0.000152,-0.000062,-0.000109
0.004359,0.000706,0.006562,0.000097,0.000450,0.000085,0.003437,0.002795,0.000518,-0.000782,0.000533,0.000368,0.009137,-0.001619,0.003274,0.000605,0.001641,-0.002631,-0.000277,0.000012,0.000275,0.007639,0.000484,0.000000,0.004844,0.000123,0.003387,0.000390,0.009826,0.000103,-0.001012,0.000227,0.001846,-0.000363,-0.000226,0.014088,-0.001131,-0.000625,0.013591,-0.000129,0.000004
0.001728,0.007179,0.001006,-0.000212,-0.000244,0.003276,-0.001008,-0.004527,-0.001299,0.006764,-0.000255,-0.003637,-0.001999,-0.004715,-0.000719,-0.000278,0.016471,0.005882,0.000414,0.000458,0.004413,-0.007643,-0.000468,0.000000,0.002664,-0.000053,-0.000281,0.000322,-0.001910,0.008335,-0.003859,0.000314,0.000797,-0.000166,0.002178,-0.001131,0.021370,0.001192,-0.000732,0.000003,0.003323
0.000978,-0.001171,-0.000615,0.000410,0.003157,-0.000824,0.003363,-0.001813,-0.000041,0.000692,0.003892,-0.000549,0.002246,-0.001873,0.002127,0.000839,0.000914,0.001812,0.001169,0.000413,-0.000562,-0.000702,0.001365,0.000000,0.002507,0.000341,0.002149,-0.000041,-0.001892,0.006388,0.000691,-0.000260,0.002239,0.014288,0.005489,-0.000625,0.001192,0.019018,0.000541,-0.000775,-0.000645
0.007010,0.000670,0.008631,0.000172,0.000921,0.001172,0.006415,0.005325,0.001216,0.001882,0.001132,-0.000337,0.013994,-0.000899,0.006651,0.002283,0.003221,-0.003280,-0.000171,0.000055,0.000738,0.008838,0.000711,0.000000,0.008928,0.000136,0.006423,0.000218,0.010373,0.003308,0.001420,0.000520,0.003147,0.001233,0.000152,0.013591,-0.000732,0.000541,0.015603,0.000305,0.000659
0.000738,-0.000471,-0.000454,-0.000000,0.000004,-0.000216,0.000981,0.001089,-0.000033,0.002147,0.000035,-0.001133,0.001203,0.000905,0.000883,0.001602,0.000037,-0.000412,-0.000055,0.000000,-0.000130,-0.000157,0.000047,0.000000,-0.001061,-0.000022,0.000968,-0.000011,-0.000329,0.002454,0.000868,-0.000101,0.000145,-0.000532,-0.000062,-0.000129,0.000003,-0.000775,0.000305,0.005301,-0.000009
0.002275,0.002353,0.001596,0.000003,-0.000111,0.003388,-0.000245,-0.000802,0.000050,-0.000347,-0.000191,-0.000104,0.001824,0.000278,0.001828,-0.000156,0.003959,0.002769,-0.000036,0.000049,0.002593,-0.001796,-0.000068,0.000000,-0.003740,-0.000022,0.001802,-0.000046,-0.000189,-0.000708,0.000356,0.000566,0.000734,-0.000544,-0.000109,0.000004,0.003323,-0.000645,0.000659,-0.000009,0.003851
