0.106618,-0.003829,-0.017035,0.007528,-0.001241,0.000137,0.010282,0.010570,-0.009273,0.020479,-0.001432,0.008104,-0.001970,0.000067,-0.003058,0.006498,0.002970,-0.005991
-0.003829,0.111246,0.013736,0.009677,0.002335,-0.004015,-0.007721,0.002618,0.009003,-0.003664,0.004299,-0.004645,-0.010497,-0.004058,0.011742,-0.005809,-0.001022,0.002373
-0.017035,0.013736,0.116899,0.009622,-0.009361,-0.000005,-0.010205,-0.005893,0.009290,-0.012780,0.006360,-0.017771,-0.002300,-0.005215,0.010010,-0.004454,-0.002782,-0.001002
0.007528,0.009677,0.009622,0.111342,0.000982,0.003364,-0.001678,0.001394,0.008750,0.010386,-0.004126,-0.003052,-0.011698,0.004145,0.012021,-0.002626,0.001720,0.000859
-0.001241,0.002335,-0.009361,0.000982,0.106217,-0.009231,-0.006460,-0.008659,0.005611,0.003347,-0.015987,0.013743,-0.009324,-0.008505,0.012935,0.004731,0.004262,-0.008375
0.000137,-0.004015,-0.000005,0.003364,-0.009231,0.108948,0.000846,0.007362,-0.000644,0.002037,-0.009079,-0.013613,-0.005508,0.007748,0.008531,-0.018145,-0.004740,-0.000621
0.010282,-0.007721,-0.010205,-0.001678,-0.006460,0.000846,0.113764,0.008691,0.010222,0.009254,0.001416,0.002572,0.007279,0.005395,-0.010672,0.009000,0.003169,0.002564
0.010570,0.002618,-0.005893,0.001394,-0.008659,0.007362,0.008691,0.117207,-0.003662,0.007385,0.008016,0.002434,-0.007004,-0.004257,-0.001964,0.001547,0.010607,-0.003676
-0.009273,0.009003,0.009290,0.008750,0.005611,-0.000644,0.010222,-0.003662,0.108233,0.001055,0.010436,0.002501,-0.003032,0.016023,0.017398,-0.000617,-0.011286,-0.005303
0.020479,-0.003664,-0.012780,0.010386,0.003347,0.002037,0.009254,0.007385,0.001055,0.113539,-0.004838,0.009414,-0.020883,0.019298,0.007714,0.018313,0.010769,-0.023325
-0.001432,0.004299,0.006360,-0.004126,-0.015987,-0.009079,0.001416,0.008016,0.010436,-0.004838,0.110226,-0.001495,0.000464,-0.002830,0.002725,-0.001157,-0.000595,0.001488
0.008104,-0.004645,-0.017771,-0.003052,0.013743,-0.013613,0.002572,0.002434,0.002501,0.009414,-0.001495,0.115704,-0.002966,-0.006694,-0.013716,0.001857,0.007229,-0.004913
-0.001970,-0.010497,-0.002300,-0.011698,-0.009324,-0.005508,0.007279,-0.007004,-0.003032,-0.020883,0.000464,-0.002966,0.110572,-0.007519,0.001959,-0.002184,-0.006433,0.020496
0.000067,-0.004058,-0.005215,0.004145,-0.008505,0.007748,0.005395,-0.004257,0.016023,0.019298,-0.002830,-0.006694,-0.007519,0.106035,0.010252,-0.000421,-0.003588,-0.008102
-0.003058,0.011742,0.010010,0.012021,0.012935,0.008531,-0.010672,-0.001964,0.017398,0.007714,0.002725,-0.013716,0.001959,0.010252,0.112940,-0.000531,-0.003377,-0.002063
0.006498,-0.005809,-0.004454,-0.002626,0.004731,-0.018145,0.009000,0.001547,-0.000617,0.018313,-0.001157,0.001857,-0.002184,-0.000421,-0.000531,0.116046,0.012055,-0.009809
0.002970,-0.001022,-0.002782,0.001720,0.004262,-0.004740,0.003169,0.010607,-0.011286,0.010769,-0.000595,0.007229,-0.006433,-0.003588,-0.003377,0.012055,0.113323,0.004560
-0.005991,0.002373,-0.001002,0.000859,-0.008375,-0.000621,0.002564,-0.003676,-0.005303,-0.023325,0.001488,-0.004913,0.020496,-0.008102,-0.002063,-0.009809,0.004560,0.112975
