0.108335,-0.009015,-0.008262,0.014204,-0.004062,0.008121,0.008688,0.009851,-0.008098,0.015099,-0.001974,0.008154,-0.009204,-0.000386,0.001053,0.009597,0.000835,-0.006612
-0.009015,0.106829,0.015730,0.006718,0.004435,0.000932,0.002250,0.001298,-0.000410,-0.000243,-0.002798,-0.004579,-0.007169,-0.005218,0.007760,-0.001936,0.003769,0.002427
-0.008262,0.015730,0.112122,0.003400,0.002282,-0.003264,-0.005078,-0.011439,0.002781,-0.000690,-0.000828,-0.017574,0.000987,-0.008252,0.012045,-0.003347,0.002140,-0.002652
0.014204,0.006718,0.003400,0.116893,0.000087,0.002676,0.004088,0.005305,0.008411,0.017164,-0.005938,0.000274,-0.016101,0.004693,0.011162,0.007010,0.008097,-0.008021
-0.004062,0.004435,0.002282,0.000087,0.110538,-0.001503,-0.007996,-0.002112,0.002862,0.003057,-0.014270,0.005165,-0.015490,-0.023134,0.010875,-0.002581,0.001987,-0.006656
0.008121,0.000932,-0.003264,0.002676,-0.001503,0.108705,0.001195,0.014640,-0.000173,0.003522,-0.017257,-0.012595,-0.009329,0.004041,0.010528,-0.011150,0.001949,0.000510
0.008688,0.002250,-0.005078,0.004088,-0.007996,0.001195,0.113178,0.015302,0.005930,0.006359,0.004824,0.004538,-0.004605,-0.001967,-0.004041,0.012076,0.001602,0.000706
0.009851,0.001298,-0.011439,0.005305,-0.002112,0.014640,0.015302,0.109726,0.002446,0.005472,0.002807,0.000166,0.001841,-0.000782,-0.000213,-0.001894,0.005595,0.000527
-0.008098,-0.000410,0.002781,0.008411,0.002862,-0.000173,0.005930,0.002446,0.113278,0.001301,0.006232,0.007838,0.001094,0.007423,0.015349,-0.000829,-0.015017,-0.007279
0.015099,-0.000243,-0.000690,0.017164,0.003057,0.003522,0.006359,0.005472,0.001301,0.111117,0.007025,0.005160,-0.015872,0.020061,0.003971,0.015247,0.008861,-0.016607
-0.001974,-0.002798,-0.000828,-0.005938,-0.014270,-0.017257,0.004824,0.002807,0.006232,0.007025,0.112975,0.002525,-0.003315,0.002932,-0.006992,0.006986,-0.005383,0.001140
0.008154,-0.004579,-0.017574,0.000274,0.005165,-0.012595,0.004538,0.000166,0.007838,0.005160,0.002525,0.114624,-0.006119,0.005279,-0.007553,0.001317,-0.003566,-0.002855
-0.009204,-0.007169,0.000987,-0.016101,-0.015490,-0.009329,-0.004605,0.001841,0.001094,-0.015872,-0.003315,-0.006119,0.107440,-0.005675,0.000934,-0.005922,-0.009644,0.015665
-0.000386,-0.005218,-0.008252,0.004693,-0.023134,0.004041,-0.001967,-0.000782,0.007423,0.020061,0.002932,0.005279,-0.005675,0.106881,0.003272,0.003278,-0.002600,-0.008291
0.001053,0.007760,0.012045,0.011162,0.010875,0.010528,-0.004041,-0.000213,0.015349,0.003971,-0.006992,-0.007553,0.000934,0.003272,0.108575,0.002522,0.001140,-0.008618
0.009597,-0.001936,-0.003347,0.007010,-0.002581,-0.011150,0.012076,-0.001894,-0.000829,0.015247,0.006986,0.001317,-0.005922,0.003278,0.002522,0.109546,0.011857,-0.013678
0.000835,0.003769,0.002140,0.008097,0.001987,0.001949,0.001602,0.005595,-0.015017,0.008861,-0.005383,-0.003566,-0.009644,-0.002600,0.001140,0.011857,0.111087,0.005587
-0.006612,0.002427,-0.002652,-0.008021,-0.006656,0.000510,0.000706,0.000527,-0.007279,-0.016607,0.001140,-0.002855,0.015665,-0.008291,-0.008618,-0.013678,0.005587,0.108742
