0.000243,0.000238,0.000229,0.000287,0.000212,0.000011,0.000068,0.000301,0.000306,0.000203,0.000039,0.000097,0.000035,-0.000118,0.000198,0.000029,-0.000352,-0.000319,-0.000433,0.000033,0.000364,-0.000412,-0.000054,-0.000287,-0.000831,-0.000495,-0.000807,-0.000540,-0.000646,-0.000245,-0.000404,-0.000238,-0.000121,0.000127,0.000533,0.000615,0.000127,0.000782,0.000613,0.000119,0.000013,0.000204,0.000141,0.000142,0.000337,0.000332,0.000133,0.000044,0.000055,0.000024,0.000019,0.000031,0.000006,0.000010,0.000020,0.000009,0.000006,0.000018,0.000014,0.000022
0.000238,0.000625,0.000578,0.000692,0.000390,0.000150,0.000136,0.000304,0.000241,0.000253,-0.000001,0.000103,-0.000066,-0.000157,0.000310,0.000221,-0.000400,-0.000512,-0.000763,-0.000677,-0.000061,-0.000471,0.000150,0.000121,-0.000596,-0.000332,-0.000578,-0.000350,-0.000573,-0.000278,-0.000073,-0.000274,-0.000851,-0.000189,0.000224,0.000490,-0.000207,0.000235,0.000037,0.000001,0.000068,0.000342,0.000031,-0.000149,0.000437,0.000380,0.000104,0.000020,0.000043,0.000008,0.000049,0.000060,0.000019,0.000010,0.000027,0.000011,0.000002,0.000021,0.000017,0.000038
0.000229,0.000578,0.001016,0.001105,0.000714,0.000135,0.000142,0.000256,0.000069,0.000170,-0.000001,0.000168,-0.000242,-0.000073,0.001060,0.000946,0.000484,0.000432,-0.000222,-0.000340,-0.000395,-0.000139,-0.000224,-0.000399,-0.001342,-0.000397,-0.001439,-0.000911,-0.000420,-0.000161,-0.000227,-0.000092,-0.001385,-0.000483,-0.000034,0.000490,-0.000355,0.000518,0.000258,0.000059,0.000299,0.000197,-0.000142,-0.000368,0.000248,0.000334,0.000167,0.000143,0.000048,-0.000006,0.000060,0.000070,0.000039,0.000029,0.000036,0.000022,0.000011,0.000025,0.000030,0.000050
0.000287,0.000692,0.001105,0.001904,0.001313,0.000396,0.000421,0.000610,0.000286,0.000377,0.000235,0.000317,-0.000024,-0.000027,0.001675,0.001415,0.000541,0.000423,0.000271,-0.000267,0.000304,0.000300,-0.000797,-0.000789,-0.001447,-0.001386,-0.002476,-0.001682,-0.001174,-0.000965,-0.001365,-0.000636,-0.002257,-0.001139,-0.000823,-0.000078,-0.000608,0.000125,0.000045,-0.000477,0.000169,0.000228,-0.000283,-0.000256,0.000123,0.000118,0.000165,0.000064,-0.000031,-0.000020,0.000081,0.000089,0.000057,0.000023,0.000037,0.000028,0.000031,0.000038,0.000059,0.000092
0.000212,0.000390,0.000714,0.001313,0.001549,0.000565,0.000443,0.000451,0.000016,0.000144,0.000211,0.000339,0.000239,0.000119,0.001305,0.001225,0.000520,0.000789,0.000012,-0.000366,0.000355,0.000152,-0.000689,-0.000670,-0.000880,-0.000683,-0.002150,-0.001543,-0.000358,-0.001017,-0.001492,-0.000380,-0.001586,-0.000851,-0.000638,0.000213,-0.000597,0.000015,0.000258,-0.000627,-0.000308,-0.000070,-0.000493,-0.000543,-0.000364,-0.000410,-0.000085,-0.000071,-0.000161,-0.000046,0.000033,0.000058,0.000040,0.000013,0.000013,0.000012,0.000019,0.000027,0.000039,0.000060
0.000011,0.000150,0.000135,0.000396,0.000565,0.001509,0.000937,0.000824,0.000439,0.000533,0.000454,0.000584,0.000820,0.000778,0.001902,0.002060,0.001191,0.001449,0.000740,0.000485,0.000819,0.000251,0.000470,0.000274,0.000100,-0.000673,-0.001747,-0.000826,-0.000528,-0.001043,-0.000505,-0.000295,-0.001691,-0.000979,-0.000004,0.000114,-0.000377,-0.001008,-0.000487,-0.000487,-0.000100,0.000377,-0.000184,-0.000557,-0.000400,-0.000039,0.000081,-0.000017,-0.000049,-0.000006,0.000010,0.000053,0.000030,0.000010,0.000016,0.000012,0.000023,0.000018,-0.000006,0.000008
0.000068,0.000136,0.000142,0.000421,0.000443,0.000937,0.002502,0.002004,0.001597,0.001237,0.000803,0.000708,0.001041,0.001988,0.004035,0.004113,0.001961,0.002377,0.001089,0.001269,0.000991,-0.000187,0.000366,-0.000457,-0.001184,-0.001319,-0.002678,-0.002069,-0.001586,-0.001526,-0.001597,-0.000857,-0.002283,-0.000451,0.000010,0.001027,0.000571,0.000836,0.000935,-0.000559,-0.000016,0.000642,-0.000123,-0.000224,-0.000177,0.000279,0.000280,0.000544,0.000245,0.000025,0.000106,0.000054,0.000016,0.000024,0.000067,0.000035,0.000048,0.000050,0.000036,0.000061
0.000301,0.000304,0.000256,0.000610,0.000451,0.000824,0.002004,0.004769,0.004061,0.003130,0.001609,0.001610,0.001519,0.001943,0.005172,0.004997,0.001052,0.001807,0.001106,0.002553,0.002246,-0.001648,-0.000931,-0.003945,-0.005374,-0.002741,-0.004273,-0.003355,-0.003417,-0.000656,-0.001839,-0.001501,-0.001713,0.000461,0.002551,0.004256,0.002443,0.004211,0.003391,-0.000345,0.000299,0.000983,0.000255,0.000351,0.000830,0.000512,-0.000031,0.000361,0.000367,0.000083,0.000139,0.000084,0.000014,0.000074,0.000120,0.000084,0.000073,0.000112,0.000058,0.000052
0.000306,0.000241,0.000069,0.000286,0.000016,0.000439,0.001597,0.004061,0.005978,0.004268,0.002292,0.001698,0.001106,0.000450,0.002043,0.002654,0.000506,0.001739,0.001027,0.003587,0.003017,-0.002635,-0.000774,-0.004434,-0.005575,-0.002160,-0.004353,-0.002805,-0.003867,-0.000362,-0.000995,-0.000452,0.000387,0.001571,0.005191,0.006494,0.002501,0.007148,0.005298,0.000179,0.000445,0.000433,0.000506,0.001803,0.001308,0.000523,-0.000191,0.000469,0.000353,0.000016,0.000085,0.000113,0.000007,0.000086,0.000055,0.000109,0.000096,0.000101,0.000055,0.000057
0.000203,0.000253,0.000170,0.000377,0.000144,0.000533,0.001237,0.003130,0.004268,0.005825,0.003637,0.002784,0.002096,0.000859,0.003308,0.003373,0.001594,0.001393,0.000327,0.003191,0.004574,-0.000096,0.000554,-0.002246,-0.003192,-0.001674,-0.002689,-0.001254,-0.002034,-0.000649,-0.001003,-0.000337,-0.000953,0.000055,0.001839,0.003045,0.001431,0.004697,0.004076,-0.000273,-0.000768,-0.000213,0.000417,0.001667,0.001907,0.000704,-0.000252,0.000268,0.000325,0.000041,0.000111,0.000075,0.000053,0.000027,0.000075,0.000072,0.000064,0.000077,-0.000003,0.000019
0.000039,-0.000001,-0.000001,0.000235,0.000211,0.000454,0.000803,0.001609,0.002292,0.003637,0.004950,0.003903,0.003105,0.001291,0.002093,0.002711,0.001542,0.001475,0.001009,0.002807,0.004289,0.000480,0.000208,-0.001650,-0.002432,-0.000032,-0.001784,-0.000043,-0.001167,-0.002193,-0.002095,-0.001136,-0.001473,-0.002450,-0.003120,-0.001352,-0.000413,0.001351,0.002761,0.000844,-0.000411,-0.000659,0.000245,0.001273,0.000958,-0.000166,-0.000200,0.000148,0.000210,0.000010,0.000064,0.000021,0.000051,-0.000050,0.000004,0.000054,0.000047,0.000008,-0.000042,0.000001
0.000097,0.000103,0.000168,0.000317,0.000339,0.000584,0.000708,0.001610,0.001698,0.002784,0.003903,0.005832,0.004484,0.002832,0.004823,0.005516,0.004080,0.003813,0.001724,0.001805,0.004324,0.000768,-0.000134,-0.002530,-0.004135,-0.000515,-0.003343,-0.001178,-0.002437,-0.002528,-0.002493,-0.001301,-0.002312,-0.002801,-0.003835,-0.002538,-0.001078,0.000375,0.001317,0.000110,0.000093,-0.000136,0.000253,0.000166,0.000486,-0.000217,-0.000344,0.000021,0.000095,0.000030,0.000062,0.000019,0.000040,-0.000047,0.000056,0.000049,0.000050,0.000009,-0.000031,0.000005
0.000035,-0.000066,-0.000242,-0.000024,0.000239,0.000820,0.001041,0.001519,0.001106,0.002096,0.003105,0.004484,0.006567,0.004586,0.007825,0.008295,0.005831,0.005984,0.003215,0.002056,0.003689,-0.000288,-0.000553,-0.004249,-0.006381,-0.001514,-0.004140,-0.002081,-0.002888,-0.002639,-0.002199,-0.000998,-0.002817,-0.002531,-0.003523,-0.002995,-0.002079,-0.001420,0.000758,-0.000544,-0.000688,-0.000766,-0.000461,-0.000511,0.000611,-0.000152,-0.000334,-0.000188,0.000043,0.000014,0.000066,0.000032,0.000022,-0.000047,0.000062,0.000027,0.000046,0.000022,-0.000024,0.000028
-0.000118,-0.000157,-0.000073,-0.000027,0.000119,0.000778,0.001988,0.001943,0.000450,0.000859,0.001291,0.002832,0.004586,0.010147,0.010951,0.010521,0.008030,0.007206,0.003911,0.000382,-0.000614,-0.001351,-0.000480,-0.003088,-0.005185,-0.000481,-0.003554,-0.003022,-0.002207,-0.001146,-0.002042,-0.001088,-0.005239,-0.001430,-0.003918,-0.002383,-0.000588,-0.002091,-0.001495,-0.001356,-0.001255,-0.001243,-0.001175,-0.001828,-0.000991,-0.000650,-0.000261,0.000103,0.000147,0.000014,0.000040,-0.000001,-0.000040,-0.000034,0.000125,0.000008,0.000009,0.000053,-0.000050,-0.000037
0.000198,0.000310,0.001060,0.001675,0.001305,0.001902,0.004035,0.005172,0.002043,0.003308,0.002093,0.004823,0.007825,0.010951,0.046167,0.048490,0.030044,0.034978,0.018598,0.015066,0.024432,0.007256,0.007495,0.002283,-0.003971,-0.006062,-0.013377,-0.016398,-0.017561,-0.012704,-0.014751,-0.009988,-0.022020,-0.012183,-0.015392,-0.014392,-0.003230,-0.010170,-0.008858,-0.004743,-0.003027,-0.002651,-0.004729,-0.007453,-0.003594,-0.001568,-0.001464,-0.000274,-0.000074,0.000013,0.000302,0.000027,0.000026,0.000046,0.000312,0.000047,0.000097,0.000188,0.000036,0.000196
0.000029,0.000221,0.000946,0.001415,0.001225,0.002060,0.004113,0.004997,0.002654,0.003373,0.002711,0.005516,0.008295,0.010521,0.048490,0.059815,0.039407,0.045715,0.023274,0.017614,0.028313,0.009379,0.010143,0.003347,-0.003978,-0.005632,-0.014893,-0.018267,-0.020175,-0.017237,-0.018214,-0.012641,-0.023778,-0.013553,-0.014211,-0.012375,-0.002629,-0.009163,-0.009957,-0.005331,-0.002393,-0.003381,-0.005032,-0.007818,-0.005036,-0.002091,-0.001986,-0.000556,-0.000117,-0.000048,0.000231,0.000080,0.000028,0.000047,0.000289,0.000061,0.000105,0.000178,0.000046,0.000209
-0.000352,-0.000400,0.000484,0.000541,0.000520,0.001191,0.001961,0.001052,0.000506,0.001594,0.001542,0.004080,0.005831,0.008030,0.030044,0.039407,0.045692,0.039609,0.020638,0.012751,0.009942,0.008301,0.005262,-0.000601,-0.007482,-0.003668,-0.015270,-0.014547,-0.011479,-0.009177,-0.007596,-0.004717,-0.010412,-0.005057,-0.004097,-0.005085,-0.001557,-0.005270,-0.009704,-0.005429,-0.003439,-0.004607,-0.004064,-0.008555,-0.005850,-0.002301,-0.000947,-0.000224,-0.000348,-0.000200,-0.000108,0.000045,0.000063,-0.000016,0.000060,-0.000033,0.000018,0.000031,-0.000032,0.000082
-0.000319,-0.000512,0.000432,0.000423,0.000789,0.001449,0.002377,0.001807,0.001739,0.001393,0.001475,0.003813,0.005984,0.007206,0.034978,0.045715,0.039609,0.053069,0.027844,0.020346,0.024137,0.012158,0.009891,0.002293,-0.005592,-0.004866,-0.018531,-0.019819,-0.017338,-0.015513,-0.016477,-0.008396,-0.016017,-0.005711,-0.004569,-0.007419,-0.001978,-0.007098,-0.008897,-0.005252,-0.001230,-0.003654,-0.004647,-0.007026,-0.007019,-0.002625,-0.002383,-0.000899,-0.000608,-0.000281,-0.000088,0.000081,0.000050,0.000082,0.000156,0.000011,-0.000005,0.000082,0.000024,0.000113
-0.000433,-0.000763,-0.000222,0.000271,0.000012,0.000740,0.001089,0.001106,0.001027,0.000327,0.001009,0.001724,0.003215,0.003911,0.018598,0.023274,0.020638,0.027844,0.026768,0.018392,0.016456,0.009006,0.003847,-0.002766,-0.006287,-0.002884,-0.008823,-0.009937,-0.009459,-0.006941,-0.009459,-0.004751,-0.008625,-0.004189,-0.005968,-0.010760,-0.001538,-0.007338,-0.003991,-0.002006,-0.000296,-0.000504,-0.001629,-0.004705,-0.002953,-0.000823,-0.001094,-0.000876,-0.000544,-0.000057,-0.000010,0.000008,0.000027,0.000052,0.000110,-0.000017,-0.000031,0.000084,0.000030,0.000064
0.000033,-0.000677,-0.000340,-0.000267,-0.000366,0.000485,0.001269,0.002553,0.003587,0.003191,0.002807,0.001805,0.002056,0.000382,0.015066,0.017614,0.012751,0.020346,0.018392,0.028078,0.025172,0.011359,0.006947,0.000725,-0.003384,-0.002254,-0.006789,-0.008935,-0.011389,-0.008496,-0.013135,-0.006339,-0.008695,-0.003495,-0.004726,-0.007121,-0.001255,-0.002675,-0.001257,-0.000935,-0.000722,0.000000,-0.000655,-0.001755,-0.000809,-0.000402,-0.000294,0.000065,0.000075,0.000050,0.000142,0.000023,0.000052,0.000139,0.000137,0.000051,0.000028,0.000104,0.000004,-0.000019
0.000364,-0.000061,-0.000395,0.000304,0.000355,0.000819,0.000991,0.002246,0.003017,0.004574,0.004289,0.004324,0.003689,-0.000614,0.024432,0.028313,0.009942,0.024137,0.016456,0.025172,0.070001,0.027444,0.027915,0.016198,0.013248,0.002076,-0.000841,-0.009187,-0.018264,-0.020879,-0.033829,-0.021174,-0.026803,-0.015914,-0.022707,-0.025829,-0.006236,-0.014620,-0.010882,-0.007386,-0.006576,-0.005281,-0.004673,-0.006242,-0.002575,-0.002955,-0.003577,-0.002079,-0.000860,0.000013,0.000143,-0.000106,0.000004,0.000194,0.000101,0.000189,0.000036,0.000200,-0.000061,-0.000046
-0.000412,-0.000471,-0.000139,0.000300,0.000152,0.000251,-0.000187,-0.001648,-0.002635,-0.000096,0.000480,0.000768,-0.000288,-0.001351,0.007256,0.009379,0.008301,0.012158,0.009006,0.011359,0.027444,0.032749,0.022064,0.016115,0.011754,0.003613,0.000131,-0.006454,-0.008664,-0.010510,-0.012410,-0.006972,-0.009908,-0.004073,-0.010344,-0.009819,-0.001203,-0.009585,-0.008386,-0.003418,-0.001236,-0.000629,0.000819,-0.001287,-0.002017,-0.001395,-0.001232,-0.000951,-0.000386,-0.000042,-0.000015,-0.000131,0.000144,0.000009,0.000007,-0.000032,-0.000035,0.000096,-0.000110,-0.000101
-0.000054,0.000150,-0.000224,-0.000797,-0.000689,0.000470,0.000366,-0.000931,-0.000774,0.000554,0.000208,-0.000134,-0.000553,-0.000480,0.007495,0.010143,0.005262,0.009891,0.003847,0.006947,0.027915,0.022064,0.035603,0.026521,0.019710,0.007323,0.003560,-0.004729,-0.009282,-0.013311,-0.014253,-0.010398,-0.014096,-0.008400,-0.011229,-0.008060,-0.001606,-0.007787,-0.008885,-0.004054,-0.002217,-0.000278,-0.000658,-0.003993,-0.002555,-0.001406,-0.001052,-0.001073,-0.000054,-0.000028,0.000033,-0.000042,0.000130,0.000054,-0.000019,0.000037,-0.000032,0.000107,-0.000134,-0.000094
-0.000287,0.000121,-0.000399,-0.000789,-0.000670,0.000274,-0.000457,-0.003945,-0.004434,-0.002246,-0.001650,-0.002530,-0.004249,-0.003088,0.002283,0.003347,-0.000601,0.002293,-0.002766,0.000725,0.016198,0.016115,0.026521,0.045633,0.043121,0.010954,0.013837,0.002716,-0.002428,-0.011990,-0.008267,-0.006566,-0.012453,-0.008296,-0.015031,-0.013780,-0.003810,-0.016669,-0.018099,-0.005738,-0.002001,0.000742,-0.000251,-0.001302,-0.004276,-0.002604,-0.000915,-0.001064,-0.000241,-0.000203,0.000027,-0.000110,-0.000054,-0.000073,-0.000075,-0.000101,-0.000075,-0.000010,-0.000098,-0.000137
-0.000831,-0.000596,-0.001342,-0.001447,-0.000880,0.000100,-0.001184,-0.005374,-0.005575,-0.003192,-0.002432,-0.004135,-0.006381,-0.005185,-0.003971,-0.003978,-0.007482,-0.005592,-0.006287,-0.003384,0.013248,0.011754,0.019710,0.043121,0.063894,0.018598,0.029742,0.011436,0.003108,-0.006796,-0.003409,-0.004829,-0.010969,-0.011886,-0.020196,-0.018940,-0.005912,-0.024193,-0.024074,-0.009006,-0.008599,-0.004821,-0.001742,0.000310,-0.004638,-0.004316,-0.002086,-0.001151,-0.000658,-0.000263,-0.000298,-0.000305,-0.000275,-0.000109,-0.000207,-0.000136,-0.000139,-0.000160,-0.000183,-0.000342
-0.000495,-0.000332,-0.000397,-0.001386,-0.000683,-0.000673,-0.001319,-0.002741,-0.002160,-0.001674,-0.000032,-0.000515,-0.001514,-0.000481,-0.006062,-0.005632,-0.003668,-0.004866,-0.002884,-0.002254,0.002076,0.003613,0.007323,0.010954,0.018598,0.023031,0.022973,0.013349,0.006382,0.000885,-0.000361,-0.003995,-0.004385,-0.004155,-0.007917,-0.006596,0.001511,-0.006249,-0.005885,-0.001498,-0.003833,-0.002788,-0.000389,-0.000883,-0.001885,-0.002800,-0.001491,-0.000594,-0.000590,-0.000215,-0.000267,-0.000189,-0.000089,-0.000125,-0.000164,-0.000036,-0.000093,-0.000095,-0.000166,-0.000259
-0.000807,-0.000578,-0.001439,-0.002476,-0.002150,-0.001747,-0.002678,-0.004273,-0.004353,-0.002689,-0.001784,-0.003343,-0.004140,-0.003554,-0.013377,-0.014893,-0.015270,-0.018531,-0.008823,-0.006789,-0.000841,0.000131,0.003560,0.013837,0.029742,0.022973,0.044902,0.026115,0.015751,0.006864,0.005640,-0.000678,-0.004925,-0.009525,-0.013985,-0.012866,0.000963,-0.010480,-0.010115,-0.003512,-0.005369,-0.002659,0.002176,0.003929,0.002553,-0.000631,-0.000522,-0.000265,-0.000156,-0.000083,-0.000175,-0.000261,-0.000268,-0.000186,-0.000222,-0.000158,-0.000216,-0.000203,-0.000199,-0.000399
-0.000540,-0.000350,-0.000911,-0.001682,-0.001543,-0.000826,-0.002069,-0.003355,-0.002805,-0.001254,-0.000043,-0.001178,-0.002081,-0.003022,-0.016398,-0.018267,-0.014547,-0.019819,-0.009937,-0.008935,-0.009187,-0.006454,-0.004729,0.002716,0.011436,0.013349,0.026115,0.034195,0.026339,0.016780,0.014273,0.002808,0.003073,-0.003805,-0.006439,-0.007885,0.002384,-0.003866,-0.005681,-0.000712,-0.002966,-0.001971,0.001175,0.003523,0.003781,0.000269,-0.000029,-0.000034,-0.000307,-0.000169,-0.000018,-0.000089,-0.000146,-0.000183,-0.000236,-0.000063,-0.000048,-0.000209,-0.000155,-0.000324
-0.000646,-0.000573,-0.000420,-0.001174,-0.000358,-0.000528,-0.001586,-0.003417,-0.003867,-0.002034,-0.001167,-0.002437,-0.002888,-0.002207,-0.017561,-0.020175,-0.011479,-0.017338,-0.009459,-0.011389,-0.018264,-0.008664,-0.009282,-0.002428,0.003108,0.006382,0.015751,0.026339,0.038438,0.026684,0.022843,0.009930,0.012570,0.002535,-0.001144,-0.005447,0.003236,-0.000821,-0.000693,0.000107,-0.001924,-0.000303,0.001211,0.002643,0.003656,0.000971,0.000461,0.000428,-0.000112,-0.000204,-0.000018,-0.000041,-0.000034,-0.000197,-0.000232,-0.000084,-0.000123,-0.000283,-0.000150,-0.000292
-0.000245,-0.000278,-0.000161,-0.000965,-0.001017,-0.001043,-0.001526,-0.000656,-0.000362,-0.000649,-0.002193,-0.002528,-0.002639,-0.001146,-0.012704,-0.017237,-0.009177,-0.015513,-0.006941,-0.008496,-0.020879,-0.010510,-0.013311,-0.011990,-0.006796,0.000885,0.006864,0.016780,0.026684,0.038326,0.031827,0.014920,0.019184,0.011239,0.012495,0.007655,0.005159,0.006300,0.003268,0.002398,0.002045,0.001815,0.002171,0.003672,0.004934,0.003655,0.001522,0.000767,0.000342,0.000021,-0.000025,0.000055,-0.000045,-0.000073,-0.000188,0.000022,-0.000095,-0.000136,-0.000122,-0.000141
-0.000404,-0.000073,-0.000227,-0.001365,-0.001492,-0.000505,-0.001597,-0.001839,-0.000995,-0.001003,-0.002095,-0.002493,-0.002199,-0.002042,-0.014751,-0.018214,-0.007596,-0.016477,-0.009459,-0.013135,-0.033829,-0.012410,-0.014253,-0.008267,-0.003409,-0.000361,0.005640,0.014273,0.022843,0.031827,0.048992,0.026484,0.025976,0.013019,0.017111,0.012102,0.003254,0.007052,0.004899,0.004954,0.006119,0.005888,0.004913,0.007524,0.006362,0.005296,0.002744,0.000885,0.000381,-0.000077,-0.000093,0.000012,-0.000005,-0.000145,-0.000147,-0.000096,-0.000110,-0.000124,-0.000105,-0.000087
-0.000238,-0.000274,-0.000092,-0.000636,-0.000380,-0.000295,-0.000857,-0.001501,-0.000452,-0.000337,-0.001136,-0.001301,-0.000998,-0.001088,-0.009988,-0.012641,-0.004717,-0.008396,-0.004751,-0.006339,-0.021174,-0.006972,-0.010398,-0.006566,-0.004829,-0.003995,-0.000678,0.002808,0.009930,0.014920,0.026484,0.030078,0.023290,0.013314,0.019294,0.015534,0.003737,0.010407,0.010084,0.004711,0.007883,0.006981,0.006408,0.009580,0.006689,0.004739,0.002193,0.001308,0.000461,0.000077,0.000156,0.000025,0.000002,-0.000061,-0.000028,-0.000062,-0.000047,-0.000038,-0.000017,-0.000020
-0.000121,-0.000851,-0.001385,-0.002257,-0.001586,-0.001691,-0.002283,-0.001713,0.000387,-0.000953,-0.001473,-0.002312,-0.002817,-0.005239,-0.022020,-0.023778,-0.010412,-0.016017,-0.008625,-0.008695,-0.026803,-0.009908,-0.014096,-0.012453,-0.010969,-0.004385,-0.004925,0.003073,0.012570,0.019184,0.025976,0.023290,0.041671,0.025487,0.031402,0.027186,0.006836,0.018177,0.016100,0.007847,0.007950,0.008509,0.007491,0.009434,0.005393,0.003722,0.002239,0.001549,0.000550,0.000108,0.000019,0.000025,-0.000018,-0.000053,-0.000126,-0.000018,-0.000021,-0.000064,0.000017,-0.000004
0.000127,-0.000189,-0.000483,-0.001139,-0.000851,-0.000979,-0.000451,0.000461,0.001571,0.000055,-0.002450,-0.002801,-0.002531,-0.001430,-0.012183,-0.013553,-0.005057,-0.005711,-0.004189,-0.003495,-0.015914,-0.004073,-0.008400,-0.008296,-0.011886,-0.004155,-0.009525,-0.003805,0.002535,0.011239,0.013019,0.013314,0.025487,0.035022,0.038651,0.034633,0.008918,0.018201,0.013859,0.005375,0.005766,0.004394,0.003884,0.004868,0.000654,0.002267,0.000065,0.000282,0.000205,0.000143,0.000002,0.000081,-0.000007,0.000053,0.000042,-0.000009,-0.000049,0.000057,0.000031,0.000113
0.000533,0.000224,-0.000034,-0.000823,-0.000638,-0.000004,0.000010,0.002551,0.005191,0.001839,-0.003120,-0.003835,-0.003523,-0.003918,-0.015392,-0.014211,-0.004097,-0.004569,-0.005968,-0.004726,-0.022707,-0.010344,-0.011229,-0.015031,-0.020196,-0.007917,-0.013985,-0.006439,-0.001144,0.012495,0.017111,0.019294,0.031402,0.038651,0.072801,0.065743,0.014904,0.034970,0.024364,0.006966,0.010034,0.008105,0.006853,0.010368,0.002457,0.004648,0.001101,0.000838,0.000622,0.000278,-0.000093,0.000234,-0.000005,0.000110,0.000070,0.000069,0.000071,0.000115,0.000157,0.000272
0.000615,0.000490,0.000490,-0.000078,0.000213,0.000114,0.001027,0.004256,0.006494,0.003045,-0.001352,-0.002538,-0.002995,-0.002383,-0.014392,-0.012375,-0.005085,-0.007419,-0.010760,-0.007121,-0.025829,-0.009819,-0.008060,-0.013780,-0.018940,-0.006596,-0.012866,-0.007885,-0.005447,0.007655,0.012102,0.015534,0.027186,0.034633,0.065743,0.076537,0.018006,0.041664,0.027917,0.006594,0.009154,0.008235,0.008067,0.011992,0.002763,0.002240,0.000832,0.002087,0.001261,0.000218,0.000027,0.000278,0.000016,0.000121,0.000039,0.000067,0.000079,0.000178,0.000173,0.000239
0.000127,-0.000207,-0.000355,-0.000608,-0.000597,-0.000377,0.000571,0.002443,0.002501,0.001431,-0.000413,-0.001078,-0.002079,-0.000588,-0.003230,-0.002629,-0.001557,-0.001978,-0.001538,-0.001255,-0.006236,-0.001203,-0.001606,-0.003810,-0.005912,0.001511,0.000963,0.002384,0.003236,0.005159,0.003254,0.003737,0.006836,0.008918,0.014904,0.018006,0.017580,0.015522,0.009524,0.003035,0.003211,0.002392,0.002718,0.003127,0.001095,0.000565,-0.000077,0.000682,0.000355,0.000112,0.000143,0.000038,0.000015,0.000020,0.000011,0.000020,0.000014,0.000069,0.000019,-0.000006
0.000782,0.000235,0.000518,0.000125,0.000015,-0.001008,0.000836,0.004211,0.007148,0.004697,0.001351,0.000375,-0.001420,-0.002091,-0.010170,-0.009163,-0.005270,-0.007098,-0.007338,-0.002675,-0.014620,-0.009585,-0.007787,-0.016669,-0.024193,-0.006249,-0.010480,-0.003866,-0.000821,0.006300,0.007052,0.010407,0.018177,0.018201,0.034970,0.041664,0.015522,0.047405,0.035907,0.008407,0.009142,0.006776,0.006731,0.009493,0.006446,0.004394,0.002017,0.002086,0.001288,0.000342,0.000259,0.000235,0.000119,0.000117,0.000145,0.000103,0.000064,0.000156,0.000132,0.000240
0.000613,0.000037,0.000258,0.000045,0.000258,-0.000487,0.000935,0.003391,0.005298,0.004076,0.002761,0.001317,0.000758,-0.001495,-0.008858,-0.009957,-0.009704,-0.008897,-0.003991,-0.001257,-0.010882,-0.008386,-0.008885,-0.018099,-0.024074,-0.005885,-0.010115,-0.005681,-0.000693,0.003268,0.004899,0.010084,0.016100,0.013859,0.024364,0.027917,0.009524,0.035907,0.041244,0.012268,0.007713,0.006125,0.006346,0.009514,0.007741,0.005188,0.002287,0.002033,0.001195,0.000418,0.000345,0.000078,0.000127,0.000102,0.000147,0.000067,0.000045,0.000154,0.000107,0.000213
0.000119,0.000001,0.000059,-0.000477,-0.000627,-0.000487,-0.000559,-0.000345,0.000179,-0.000273,0.000844,0.000110,-0.000544,-0.001356,-0.004743,-0.005331,-0.005429,-0.005252,-0.002006,-0.000935,-0.007386,-0.003418,-0.004054,-0.005738,-0.009006,-0.001498,-0.003512,-0.000712,0.000107,0.002398,0.004954,0.004711,0.007847,0.005375,0.006966,0.006594,0.003035,0.008407,0.012268,0.011841,0.007054,0.003826,0.002047,0.002827,0.002582,0.003106,0.001737,0.001071,0.000588,0.000236,0.000149,-0.000058,0.000027,-0.000019,-0.000053,0.000001,-0.000015,0.000020,0.000004,0.000041
0.000013,0.000068,0.000299,0.000169,-0.000308,-0.000100,-0.000016,0.000299,0.000445,-0.000768,-0.000411,0.000093,-0.000688,-0.001255,-0.003027,-0.002393,-0.003439,-0.001230,-0.000296,-0.000722,-0.006576,-0.001236,-0.002217,-0.002001,-0.008599,-0.003833,-0.005369,-0.002966,-0.001924,0.002045,0.006119,0.007883,0.007950,0.005766,0.010034,0.009154,0.003211,0.009142,0.007713,0.007054,0.014043,0.009685,0.004519,0.004740,0.003143,0.004429,0.002575,0.001241,0.000777,0.000216,0.000338,0.000118,0.000101,-0.000014,0.000016,0.000046,0.000026,0.000028,0.000079,0.000190
0.000204,0.000342,0.000197,0.000228,-0.000070,0.000377,0.000642,0.000983,0.000433,-0.000213,-0.000659,-0.000136,-0.000766,-0.001243,-0.002651,-0.003381,-0.004607,-0.003654,-0.000504,0.000000,-0.005281,-0.000629,-0.000278,0.000742,-0.004821,-0.002788,-0.002659,-0.001971,-0.000303,0.001815,0.005888,0.006981,0.008509,0.004394,0.008105,0.008235,0.002392,0.006776,0.006125,0.003826,0.009685,0.014628,0.007117,0.004643,0.004679,0.004948,0.003121,0.001254,0.000894,0.000225,0.000482,0.000163,0.000107,-0.000008,0.000066,0.000003,0.000001,0.000072,0.000086,0.000146
0.000141,0.000031,-0.000142,-0.000283,-0.000493,-0.000184,-0.000123,0.000255,0.000506,0.000417,0.000245,0.000253,-0.000461,-0.001175,-0.004729,-0.005032,-0.004064,-0.004647,-0.001629,-0.000655,-0.004673,0.000819,-0.000658,-0.000251,-0.001742,-0.000389,0.002176,0.001175,0.001211,0.002171,0.004913,0.006408,0.007491,0.003884,0.006853,0.008067,0.002718,0.006731,0.006346,0.002047,0.004519,0.007117,0.009020,0.007282,0.004562,0.003315,0.001732,0.000984,0.000720,0.000156,0.000262,0.000057,0.000039,-0.000039,-0.000022,-0.000045,-0.000033,0.000009,-0.000006,0.000065
0.000142,-0.000149,-0.000368,-0.000256,-0.000543,-0.000557,-0.000224,0.000351,0.001803,0.001667,0.001273,0.000166,-0.000511,-0.001828,-0.007453,-0.007818,-0.008555,-0.007026,-0.004705,-0.001755,-0.006242,-0.001287,-0.003993,-0.001302,0.000310,-0.000883,0.003929,0.003523,0.002643,0.003672,0.007524,0.009580,0.009434,0.004868,0.010368,0.011992,0.003127,0.009493,0.009514,0.002827,0.004740,0.004643,0.007282,0.015805,0.007261,0.003761,0.001711,0.001375,0.000653,0.000031,0.000318,0.000033,-0.000010,-0.000019,0.000011,0.000011,-0.000013,-0.000017,0.000027,0.000025
0.000337,0.000437,0.000248,0.000123,-0.000364,-0.000400,-0.000177,0.000830,0.001308,0.001907,0.000958,0.000486,0.000611,-0.000991,-0.003594,-0.005036,-0.005850,-0.007019,-0.002953,-0.000809,-0.002575,-0.002017,-0.002555,-0.004276,-0.004638,-0.001885,0.002553,0.003781,0.003656,0.004934,0.006362,0.006689,0.005393,0.000654,0.002457,0.002763,0.001095,0.006446,0.007741,0.002582,0.003143,0.004679,0.004562,0.007261,0.010430,0.006162,0.002614,0.001314,0.000928,0.000224,0.000368,0.000142,0.000032,0.000018,0.000092,0.000024,-0.000027,0.000011,0.000042,0.000020
0.000332,0.000380,0.000334,0.000118,-0.000410,-0.000039,0.000279,0.000512,0.000523,0.000704,-0.000166,-0.000217,-0.000152,-0.000650,-0.001568,-0.002091,-0.002301,-0.002625,-0.000823,-0.000402,-0.002955,-0.001395,-0.001406,-0.002604,-0.004316,-0.002800,-0.000631,0.000269,0.000971,0.003655,0.005296,0.004739,0.003722,0.002267,0.004648,0.002240,0.000565,0.004394,0.005188,0.003106,0.004429,0.004948,0.003315,0.003761,0.006162,0.006925,0.002884,0.000967,0.000777,0.000286,0.000220,0.000128,0.000054,-0.000002,0.000098,0.000020,-0.000016,0.000034,0.000044,0.000106
0.000133,0.000104,0.000167,0.000165,-0.000085,0.000081,0.000280,-0.000031,-0.000191,-0.000252,-0.000200,-0.000344,-0.000334,-0.000261,-0.001464,-0.001986,-0.000947,-0.002383,-0.001094,-0.000294,-0.003577,-0.001232,-0.001052,-0.000915,-0.002086,-0.001491,-0.000522,-0.000029,0.000461,0.001522,0.002744,0.002193,0.002239,0.000065,0.001101,0.000832,-0.000077,0.002017,0.002287,0.001737,0.002575,0.003121,0.001732,0.001711,0.002614,0.002884,0.002731,0.001119,0.000587,0.000174,0.000164,0.000065,0.000025,0.000015,0.000043,0.000002,-0.000003,0.000006,0.000020,0.000035
0.000044,0.000020,0.000143,0.000064,-0.000071,-0.000017,0.000544,0.000361,0.000469,0.000268,0.000148,0.000021,-0.000188,0.000103,-0.000274,-0.000556,-0.000224,-0.000899,-0.000876,0.000065,-0.002079,-0.000951,-0.001073,-0.001064,-0.001151,-0.000594,-0.000265,-0.000034,0.000428,0.000767,0.000885,0.001308,0.001549,0.000282,0.000838,0.002087,0.000682,0.002086,0.002033,0.001071,0.001241,0.001254,0.000984,0.001375,0.001314,0.000967,0.001119,0.001338,0.000577,0.000070,0.000127,0.000014,-0.000004,0.000022,0.000005,0.000013,0.000021,0.000004,0.000019,0.000000
0.000055,0.000043,0.000048,-0.000031,-0.000161,-0.000049,0.000245,0.000367,0.000353,0.000325,0.000210,0.000095,0.000043,0.000147,-0.000074,-0.000117,-0.000348,-0.000608,-0.000544,0.000075,-0.000860,-0.000386,-0.000054,-0.000241,-0.000658,-0.000590,-0.000156,-0.000307,-0.000112,0.000342,0.000381,0.000461,0.000550,0.000205,0.000622,0.001261,0.000355,0.001288,0.001195,0.000588,0.000777,0.000894,0.000720,0.000653,0.000928,0.000777,0.000587,0.000577,0.000475,0.000089,0.000064,0.000015,-0.000007,0.000003,0.000017,0.000008,0.000004,0.000006,-0.000001,0.000001
0.000024,0.000008,-0.000006,-0.000020,-0.000046,-0.000006,0.000025,0.000083,0.000016,0.000041,0.000010,0.000030,0.000014,0.000014,0.000013,-0.000048,-0.000200,-0.000281,-0.000057,0.000050,0.000013,-0.000042,-0.000028,-0.000203,-0.000263,-0.000215,-0.000083,-0.000169,-0.000204,0.000021,-0.000077,0.000077,0.000108,0.000143,0.000278,0.000218,0.000112,0.000342,0.000418,0.000236,0.000216,0.000225,0.000156,0.000031,0.000224,0.000286,0.000174,0.000070,0.000089,0.000059,0.000010,0.000001,-0.000001,-0.000003,0.000009,-0.000001,-0.000001,0.000002,-0.000003,0.000002
0.000019,0.000049,0.000060,0.000081,0.000033,0.000010,0.000106,0.000139,0.000085,0.000111,0.000064,0.000062,0.000066,0.000040,0.000302,0.000231,-0.000108,-0.000088,-0.000010,0.000142,0.000143,-0.000015,0.000033,0.000027,-0.000298,-0.000267,-0.000175,-0.000018,-0.000018,-0.000025,-0.000093,0.000156,0.000019,0.000002,-0.000093,0.000027,0.000143,0.000259,0.000345,0.000149,0.000338,0.000482,0.000262,0.000318,0.000368,0.000220,0.000164,0.000127,0.000064,0.000010,0.000098,0.000011,0.000007,0.000011,0.000011,0.000005,0.000003,0.000007,0.000009,0.000014
0.000031,0.000060,0.000070,0.000089,0.000058,0.000053,0.000054,0.000084,0.000113,0.000075,0.000021,0.000019,0.000032,-0.000001,0.000027,0.000080,0.000045,0.000081,0.000008,0.000023,-0.000106,-0.000131,-0.000042,-0.000110,-0.000305,-0.000189,-0.000261,-0.000089,-0.000041,0.000055,0.000012,0.000025,0.000025,0.000081,0.000234,0.000278,0.000038,0.000235,0.000078,-0.000058,0.000118,0.000163,0.000057,0.000033,0.000142,0.000128,0.000065,0.000014,0.000015,0.000001,0.000011,0.000030,0.000008,0.000004,0.000009,0.000005,0.000001,0.000005,0.000007,0.000008
0.000006,0.000019,0.000039,0.000057,0.000040,0.000030,0.000016,0.000014,0.000007,0.000053,0.000051,0.000040,0.000022,-0.000040,0.000026,0.000028,0.000063,0.000050,0.000027,0.000052,0.000004,0.000144,0.000130,-0.000054,-0.000275,-0.000089,-0.000268,-0.000146,-0.000034,-0.000045,-0.000005,0.000002,-0.000018,-0.000007,-0.000005,0.000016,0.000015,0.000119,0.000127,0.000027,0.000101,0.000107,0.000039,-0.000010,0.000032,0.000054,0.000025,-0.000004,-0.000007,-0.000001,0.000007,0.000008,0.000020,0.000001,0.000003,0.000002,0.000003,0.000003,0.000001,0.000005
0.000010,0.000010,0.000029,0.000023,0.000013,0.000010,0.000024,0.000074,0.000086,0.000027,-0.000050,-0.000047,-0.000047,-0.000034,0.000046,0.000047,-0.000016,0.000082,0.000052,0.000139,0.000194,0.000009,0.000054,-0.000073,-0.000109,-0.000125,-0.000186,-0.000183,-0.000197,-0.000073,-0.000145,-0.000061,-0.000053,0.000053,0.000110,0.000121,0.000020,0.000117,0.000102,-0.000019,-0.000014,-0.000008,-0.000039,-0.000019,0.000018,-0.000002,0.000015,0.000022,0.000003,-0.000003,0.000011,0.000004,0.000001,0.000018,0.000006,0.000004,0.000002,0.000006,0.000007,0.000002
0.000020,0.000027,0.000036,0.000037,0.000013,0.000016,0.000067,0.000120,0.000055,0.000075,0.000004,0.000056,0.000062,0.000125,0.000312,0.000289,0.000060,0.000156,0.000110,0.000137,0.000101,0.000007,-0.000019,-0.000075,-0.000207,-0.000164,-0.000222,-0.000236,-0.000232,-0.000188,-0.000147,-0.000028,-0.000126,0.000042,0.000070,0.000039,0.000011,0.000145,0.000147,-0.000053,0.000016,0.000066,-0.000022,0.000011,0.000092,0.000098,0.000043,0.000005,0.000017,0.000009,0.000011,0.000009,0.000003,0.000006,0.000029,0.000002,0.000002,0.000009,0.000006,0.000005
0.000009,0.000011,0.000022,0.000028,0.000012,0.000012,0.000035,0.000084,0.000109,0.000072,0.000054,0.000049,0.000027,0.000008,0.000047,0.000061,-0.000033,0.000011,-0.000017,0.000051,0.000189,-0.000032,0.000037,-0.000101,-0.000136,-0.000036,-0.000158,-0.000063,-0.000084,0.000022,-0.000096,-0.000062,-0.000018,-0.000009,0.000069,0.000067,0.000020,0.000103,0.000067,0.000001,0.000046,0.000003,-0.000045,0.000011,0.000024,0.000020,0.000002,0.000013,0.000008,-0.000001,0.000005,0.000005,0.000002,0.000004,0.000002,0.000010,0.000005,0.000002,0.000003,0.000003
0.000006,0.000002,0.000011,0.000031,0.000019,0.000023,0.000048,0.000073,0.000096,0.000064,0.000047,0.000050,0.000046,0.000009,0.000097,0.000105,0.000018,-0.000005,-0.000031,0.000028,0.000036,-0.000035,-0.000032,-0.000075,-0.000139,-0.000093,-0.000216,-0.000048,-0.000123,-0.000095,-0.000110,-0.000047,-0.000021,-0.000049,0.000071,0.000079,0.000014,0.000064,0.000045,-0.000015,0.000026,0.000001,-0.000033,-0.000013,-0.000027,-0.000016,-0.000003,0.000021,0.000004,-0.000001,0.000003,0.000001,0.000003,0.000002,0.000002,0.000005,0.000014,0.000006,0.000003,0.000004
0.000018,0.000021,0.000025,0.000038,0.000027,0.000018,0.000050,0.000112,0.000101,0.000077,0.000008,0.000009,0.000022,0.000053,0.000188,0.000178,0.000031,0.000082,0.000084,0.000104,0.000200,0.000096,0.000107,-0.000010,-0.000160,-0.000095,-0.000203,-0.000209,-0.000283,-0.000136,-0.000124,-0.000038,-0.000064,0.000057,0.000115,0.000178,0.000069,0.000156,0.000154,0.000020,0.000028,0.000072,0.000009,-0.000017,0.000011,0.000034,0.000006,0.000004,0.000006,0.000002,0.000007,0.000005,0.000003,0.000006,0.000009,0.000002,0.000006,0.000021,0.000006,0.000004
0.000014,0.000017,0.000030,0.000059,0.000039,-0.000006,0.000036,0.000058,0.000055,-0.000003,-0.000042,-0.000031,-0.000024,-0.000050,0.000036,0.000046,-0.000032,0.000024,0.000030,0.000004,-0.000061,-0.000110,-0.000134,-0.000098,-0.000183,-0.000166,-0.000199,-0.000155,-0.000150,-0.000122,-0.000105,-0.000017,0.000017,0.000031,0.000157,0.000173,0.000019,0.000132,0.000107,0.000004,0.000079,0.000086,-0.000006,0.000027,0.000042,0.000044,0.000020,0.000019,-0.000001,-0.000003,0.000009,0.000007,0.000001,0.000007,0.000006,0.000003,0.000003,0.000006,0.000020,0.000012
0.000022,0.000038,0.000050,0.000092,0.000060,0.000008,0.000061,0.000052,0.000057,0.000019,0.000001,0.000005,0.000028,-0.000037,0.000196,0.000209,0.000082,0.000113,0.000064,-0.000019,-0.000046,-0.000101,-0.000094,-0.000137,-0.000342,-0.000259,-0.000399,-0.000324,-0.000292,-0.000141,-0.000087,-0.000020,-0.000004,0.000113,0.000272,0.000239,-0.000006,0.000240,0.000213,0.000041,0.000190,0.000146,0.000065,0.000025,0.000020,0.000106,0.000035,0.000000,0.000001,0.000002,0.000014,0.000008,0.000005,0.000002,0.000005,0.000003,0.000004,0.000004,0.000012,0.000028
