0.000223,0.000236,0.000221,0.000298,0.000219,0.000044,0.000054,0.000280,0.000308,0.000150,0.000034,0.000089,0.000046,-0.000051,0.000280,0.000186,-0.000101,-0.000001,-0.000124,-0.000020,-0.000035,-0.000441,-0.000089,-0.000172,-0.000751,-0.000490,-0.000970,-0.000519,-0.000624,-0.000285,-0.000294,-0.000089,-0.000140,0.000159,0.000440,0.000605,0.000163,0.000513,0.000474,-0.000080,-0.000030,0.000203,0.000082,0.000017,0.000166,0.000211,0.000101,0.000059,0.000056,0.000022,0.000016,0.000032,0.000017,0.000011,0.000024,0.000012,0.000005,0.000019,0.000017,0.000020
0.000236,0.000620,0.000574,0.000687,0.000356,0.000185,0.000153,0.000323,0.000289,0.000200,0.000006,0.000143,0.000004,0.000048,0.000606,0.000608,-0.000077,-0.000017,-0.000418,-0.000611,-0.000399,-0.000567,0.000146,0.000172,-0.000790,-0.000494,-0.000960,-0.000648,-0.000872,-0.000439,-0.000332,-0.000200,-0.000962,-0.000119,0.000418,0.000839,0.000050,0.000234,0.000018,-0.000126,0.000235,0.000279,-0.000040,-0.000139,0.000228,0.000269,0.000094,0.000065,0.000080,0.000011,0.000041,0.000067,0.000024,0.000008,0.000031,0.000016,-0.000002,0.000019,0.000021,0.000038
0.000221,0.000574,0.000857,0.000921,0.000536,0.000128,0.000140,0.000129,0.000047,0.000062,0.000062,0.000239,-0.000039,0.000144,0.000961,0.001033,0.000596,0.000416,-0.000225,-0.000543,-0.000646,-0.000112,-0.000292,-0.000366,-0.001261,-0.000211,-0.001283,-0.000868,-0.000802,-0.000736,-0.000374,-0.000311,-0.001319,-0.000458,-0.000275,0.000447,-0.000154,0.000278,0.000128,0.000014,0.000144,-0.000101,-0.000247,-0.000406,-0.000004,0.000031,0.000026,0.000151,0.000049,-0.000006,0.000034,0.000064,0.000036,0.000015,0.000027,0.000008,0.000008,0.000023,0.000021,0.000040
0.000298,0.000687,0.000921,0.001595,0.001120,0.000218,0.000422,0.000476,0.000303,0.000332,0.000344,0.000404,0.000155,0.000247,0.001497,0.001272,0.000396,0.000179,0.000055,-0.000342,-0.000089,0.000080,-0.000587,-0.000632,-0.001540,-0.000902,-0.001699,-0.001116,-0.001239,-0.001096,-0.001336,-0.000767,-0.001888,-0.001032,-0.001084,-0.000016,-0.000227,0.000361,0.000402,-0.000248,0.000032,-0.000185,-0.000201,-0.000030,0.000178,0.000054,0.000061,0.000173,0.000055,-0.000006,0.000040,0.000075,0.000038,0.000001,0.000054,0.000026,0.000027,0.000042,0.000047,0.000084
0.000219,0.000356,0.000536,0.001120,0.001449,0.000377,0.000452,0.000240,0.000055,0.000084,0.000242,0.000250,0.000293,0.000331,0.001142,0.001242,0.000942,0.000794,0.000478,0.000092,0.000076,0.000032,-0.000730,-0.000959,-0.001087,-0.000318,-0.001525,-0.001193,-0.001057,-0.001196,-0.001163,-0.000222,-0.001079,-0.000779,-0.001039,-0.000324,-0.000406,0.000334,0.000867,-0.000368,-0.000239,-0.000317,-0.000399,-0.000177,0.000037,0.000010,0.000081,0.000131,-0.000027,0.000012,0.000006,0.000033,0.000049,0.000003,0.000053,0.000044,0.000029,0.000050,0.000052,0.000064
0.000044,0.000185,0.000128,0.000218,0.000377,0.001278,0.000904,0.000711,0.000497,0.000506,0.000353,0.000227,0.000638,0.000619,0.001432,0.001512,0.000451,0.000867,0.000391,0.000357,0.000630,-0.000019,0.000562,0.000183,-0.000094,-0.000324,-0.000945,-0.000468,-0.000083,-0.000456,0.000022,0.000269,-0.001163,-0.000473,0.000799,0.000615,0.000097,-0.000266,0.000067,-0.000344,0.000265,0.000376,-0.000108,-0.000379,-0.000177,0.000161,0.000177,0.000074,0.000025,-0.000006,0.000022,0.000053,0.000028,0.000008,0.000012,0.000005,0.000014,0.000018,0.000000,0.000017
0.000054,0.000153,0.000140,0.000422,0.000452,0.000904,0.002253,0.001608,0.001253,0.001153,0.000941,0.000636,0.000889,0.001641,0.003115,0.002743,0.001283,0.001328,0.000249,0.000395,0.000626,0.000197,0.000664,0.000085,-0.000470,-0.000926,-0.001461,-0.001298,-0.000838,-0.000974,-0.000766,-0.000892,-0.002122,-0.000559,-0.000532,-0.000029,0.000487,0.000051,0.000080,-0.000733,-0.000305,0.000259,-0.000011,0.000116,-0.000129,0.000298,0.000275,0.000307,0.000148,0.000027,0.000069,0.000053,0.000033,0.000019,0.000051,0.000015,0.000036,0.000059,0.000026,0.000038
0.000280,0.000323,0.000129,0.000476,0.000240,0.000711,0.001608,0.004112,0.003410,0.003055,0.001768,0.001404,0.001276,0.001233,0.003886,0.003500,0.000620,0.000582,0.000323,0.001124,0.001887,-0.000933,0.000356,-0.001398,-0.002808,-0.002346,-0.002169,-0.001785,-0.001781,-0.000619,-0.000661,-0.000872,-0.002019,-0.000525,0.001552,0.002480,0.001682,0.002668,0.002371,-0.000642,-0.000239,0.000694,0.000385,0.000491,0.000749,0.000589,-0.000070,-0.000038,0.000242,0.000026,0.000061,0.000082,0.000005,0.000025,0.000084,0.000023,0.000025,0.000091,0.000040,0.000041
0.000308,0.000289,0.000047,0.000303,0.000055,0.000497,0.001253,0.003410,0.005411,0.004382,0.002906,0.001782,0.001154,0.000087,0.002019,0.002128,0.000358,0.000962,0.000543,0.002223,0.001855,-0.001973,-0.000315,-0.001885,-0.002705,-0.001786,-0.001929,-0.001601,-0.002840,-0.000614,0.000222,0.000820,0.000355,0.000907,0.004022,0.004887,0.001667,0.005639,0.004432,-0.000109,0.000457,0.000695,0.000937,0.002273,0.001458,0.001107,0.000076,0.000115,0.000346,0.000046,-0.000015,0.000080,0.000016,0.000034,0.000042,0.000059,0.000051,0.000078,0.000031,0.000046
0.000150,0.000200,0.000062,0.000332,0.000084,0.000506,0.001153,0.003055,0.004382,0.005935,0.004248,0.002919,0.001943,0.000851,0.002712,0.002475,0.001357,0.001223,0.000763,0.002456,0.002800,0.000027,0.000995,-0.000094,-0.001449,-0.001342,-0.001709,-0.000816,-0.001739,-0.001407,-0.000192,0.000853,-0.000675,-0.000405,0.000959,0.002027,0.000881,0.003473,0.003627,-0.000435,-0.000338,0.000113,0.000716,0.001768,0.001694,0.001162,0.000071,0.000136,0.000376,0.000072,0.000046,0.000045,0.000069,-0.000003,0.000066,0.000057,0.000038,0.000082,-0.000000,0.000026
0.000034,0.000006,0.000062,0.000344,0.000242,0.000353,0.000941,0.001768,0.002906,0.004248,0.005397,0.003708,0.002525,0.000333,0.001586,0.001572,0.001081,0.000906,0.000797,0.002950,0.004572,0.001153,0.000388,-0.000472,-0.001243,0.000192,-0.000906,0.000704,-0.000397,-0.002331,-0.001818,-0.000092,-0.000664,-0.001895,-0.002107,-0.000936,-0.000243,0.001865,0.003371,0.000371,-0.000732,-0.000727,0.000397,0.001833,0.001115,0.000222,-0.000155,0.000044,0.000183,-0.000017,0.000027,-0.000009,0.000060,-0.000039,0.000015,0.000045,0.000043,0.000013,-0.000008,0.000033
0.000089,0.000143,0.000239,0.000404,0.000250,0.000227,0.000636,0.001404,0.001782,0.002919,0.003708,0.005428,0.003782,0.001948,0.004904,0.004927,0.003193,0.002800,0.001025,0.001860,0.004490,0.001199,0.000436,-0.001742,-0.003342,-0.000293,-0.001492,-0.000160,-0.001133,-0.001985,-0.002668,-0.001371,-0.002310,-0.002786,-0.003806,-0.003190,-0.001178,0.000881,0.001876,0.000056,-0.000171,-0.000385,0.000138,0.000664,0.000871,0.000293,-0.000196,0.000081,0.000124,-0.000002,0.000063,0.000027,0.000037,-0.000032,0.000087,0.000061,0.000038,0.000018,-0.000016,0.000009
0.000046,0.000004,-0.000039,0.000155,0.000293,0.000638,0.000889,0.001276,0.001154,0.001943,0.002525,0.003782,0.005680,0.003759,0.007021,0.006674,0.003873,0.003907,0.001663,0.001523,0.002705,-0.000028,-0.000025,-0.003089,-0.004771,-0.000447,-0.002428,-0.001432,-0.001467,-0.001716,-0.001800,-0.000240,-0.002663,-0.001942,-0.002309,-0.002133,-0.000847,0.000147,0.001647,-0.000664,-0.000884,-0.000821,-0.000192,0.000411,0.001067,0.000172,-0.000166,0.000023,0.000074,0.000047,0.000046,0.000039,0.000044,-0.000025,0.000096,0.000040,0.000045,0.000035,0.000010,0.000031
-0.000051,0.000048,0.000144,0.000247,0.000331,0.000619,0.001641,0.001233,0.000087,0.000851,0.000333,0.001948,0.003759,0.009323,0.009767,0.009171,0.006376,0.005527,0.002923,0.000269,-0.001026,-0.000790,-0.000071,-0.002587,-0.003843,0.000094,-0.002173,-0.003107,-0.002079,-0.000773,-0.000827,0.000275,-0.004329,-0.000767,-0.002220,-0.002196,0.000361,-0.000486,-0.000756,-0.001631,-0.001168,-0.000692,-0.000741,-0.001406,-0.000536,-0.000294,-0.000107,0.000149,0.000083,0.000094,0.000083,0.000029,0.000023,-0.000005,0.000202,0.000031,0.000042,0.000096,-0.000019,-0.000032
0.000280,0.000606,0.000961,0.001497,0.001142,0.001432,0.003115,0.003886,0.002019,0.002712,0.001586,0.004904,0.007021,0.009767,0.043432,0.044226,0.028917,0.030877,0.015798,0.012512,0.018149,0.006227,0.005403,-0.001012,-0.007926,-0.007314,-0.013367,-0.014642,-0.012591,-0.009182,-0.011256,-0.008666,-0.016352,-0.010707,-0.012524,-0.010958,-0.002133,-0.006151,-0.006704,-0.004026,-0.003975,-0.004442,-0.004620,-0.005706,-0.003126,-0.001336,-0.001108,-0.000208,-0.000185,0.000006,0.000217,0.000043,0.000019,0.000026,0.000376,0.000028,0.000044,0.000138,0.000033,0.000103
0.000186,0.000608,0.001033,0.001272,0.001242,0.001512,0.002743,0.003500,0.002128,0.002475,0.001572,0.004927,0.006674,0.009171,0.044226,0.055308,0.038525,0.041664,0.020307,0.017270,0.023688,0.009577,0.008363,-0.001073,-0.008813,-0.007217,-0.016885,-0.018669,-0.017054,-0.015090,-0.015545,-0.010203,-0.017505,-0.011314,-0.009426,-0.007773,-0.000642,-0.004033,-0.007004,-0.004517,-0.003095,-0.004854,-0.004940,-0.005594,-0.004155,-0.001769,-0.001692,-0.000523,-0.000339,0.000003,0.000116,0.000100,0.000032,0.000049,0.000387,0.000068,0.000083,0.000176,0.000048,0.000112
-0.000101,-0.000077,0.000596,0.000396,0.000942,0.000451,0.001283,0.000620,0.000358,0.001357,0.001081,0.003193,0.003873,0.006376,0.028917,0.038525,0.045247,0.037194,0.018832,0.015075,0.010632,0.009088,0.003278,-0.002089,-0.008345,-0.003533,-0.013558,-0.012632,-0.008650,-0.009490,-0.010024,-0.006940,-0.009972,-0.006020,-0.004534,-0.006006,-0.000333,-0.002839,-0.008499,-0.004692,-0.005205,-0.006641,-0.004853,-0.007840,-0.005391,-0.001513,-0.000726,-0.000373,-0.000536,-0.000234,-0.000234,-0.000025,0.000031,0.000016,0.000175,0.000025,0.000045,0.000054,0.000020,0.000053
-0.000001,-0.000017,0.000416,0.000179,0.000794,0.000867,0.001328,0.000582,0.000962,0.001223,0.000906,0.002800,0.003907,0.005527,0.030877,0.041664,0.037194,0.049159,0.024403,0.021739,0.022093,0.011781,0.007094,-0.000881,-0.010326,-0.007319,-0.020882,-0.018763,-0.015999,-0.014448,-0.014222,-0.007078,-0.010235,-0.003957,-0.001932,-0.005267,-0.001570,-0.003950,-0.007104,-0.003703,-0.002265,-0.005588,-0.004544,-0.006520,-0.005704,-0.001091,-0.001406,-0.000673,-0.000450,-0.000037,-0.000253,0.000012,0.000022,0.000034,0.000228,0.000003,-0.000008,0.000097,-0.000014,0.000026
-0.000124,-0.000418,-0.000225,0.000055,0.000478,0.000391,0.000249,0.000323,0.000543,0.000763,0.000797,0.001025,0.001663,0.002923,0.015798,0.020307,0.018832,0.024403,0.023851,0.017559,0.015118,0.007550,0.001476,-0.004202,-0.007802,-0.005134,-0.010521,-0.008832,-0.007992,-0.005722,-0.005827,-0.002061,-0.002993,-0.001393,-0.002729,-0.008584,-0.002064,-0.004384,-0.003667,-0.000755,-0.000948,-0.001988,-0.001689,-0.004376,-0.002137,0.000610,-0.001004,-0.000880,-0.000472,0.000069,-0.000125,-0.000049,0.000007,0.000025,0.000185,0.000015,0.000001,0.000067,0.000014,-0.000001
-0.000020,-0.000611,-0.000543,-0.000342,0.000092,0.000357,0.000395,0.001124,0.002223,0.002456,0.002950,0.001860,0.001523,0.000269,0.012512,0.017270,0.015075,0.021739,0.017559,0.029162,0.025812,0.012697,0.006300,0.001290,-0.002485,-0.004964,-0.010401,-0.009424,-0.010758,-0.010759,-0.011391,-0.004901,-0.004783,-0.003337,-0.003528,-0.006070,-0.002150,-0.001658,-0.000114,0.000016,-0.001869,-0.002077,-0.000011,-0.001067,-0.001059,0.000257,-0.000659,-0.000395,-0.000171,0.000005,0.000012,-0.000057,0.000039,0.000108,0.000208,0.000061,0.000064,0.000130,0.000018,-0.000053
-0.000035,-0.000399,-0.000646,-0.000089,0.000076,0.000630,0.000626,0.001887,0.001855,0.002800,0.004572,0.004490,0.002705,-0.001026,0.018149,0.023688,0.010632,0.022093,0.015118,0.025812,0.063012,0.028175,0.024895,0.013283,0.009159,-0.001181,-0.006117,-0.009159,-0.013888,-0.019033,-0.025181,-0.013450,-0.015985,-0.010552,-0.016703,-0.017124,-0.005192,-0.007402,-0.004461,-0.003278,-0.006069,-0.005655,-0.003156,-0.002465,-0.001793,-0.001861,-0.003429,-0.002291,-0.000956,-0.000014,-0.000044,-0.000213,-0.000051,0.000085,0.000204,0.000087,-0.000050,0.000128,-0.000133,-0.000164
-0.000441,-0.000567,-0.000112,0.000080,0.000032,-0.000019,0.000197,-0.000933,-0.001973,0.000027,0.001153,0.001199,-0.000028,-0.000790,0.006227,0.009577,0.009088,0.011781,0.007550,0.012697,0.028175,0.031925,0.021455,0.015195,0.010669,0.003447,-0.001607,-0.005317,-0.007115,-0.010497,-0.011816,-0.006622,-0.006606,-0.003222,-0.008906,-0.007884,-0.001770,-0.007180,-0.005836,-0.001918,-0.002948,-0.002522,-0.001038,-0.001556,-0.002666,-0.001739,-0.002112,-0.001194,-0.000666,-0.000153,-0.000110,-0.000186,0.000027,0.000046,0.000029,-0.000055,-0.000050,0.000036,-0.000125,-0.000143
-0.000089,0.000146,-0.000292,-0.000587,-0.000730,0.000562,0.000664,0.000356,-0.000315,0.000995,0.000388,0.000436,-0.000025,-0.000071,0.005403,0.008363,0.003278,0.007094,0.001476,0.006300,0.024895,0.021455,0.038870,0.029120,0.018913,0.005788,0.000717,-0.004247,-0.007897,-0.009719,-0.008163,-0.003763,-0.006326,-0.003929,-0.006156,-0.004068,-0.001731,-0.005572,-0.006737,-0.004206,-0.002764,-0.000744,-0.001368,-0.002154,-0.002804,-0.001528,-0.001890,-0.001119,-0.000200,-0.000022,0.000082,0.000000,0.000078,0.000087,0.000029,0.000018,-0.000065,0.000086,-0.000108,-0.000078
-0.000172,0.000172,-0.000366,-0.000632,-0.000959,0.000183,0.000085,-0.001398,-0.001885,-0.000094,-0.000472,-0.001742,-0.003089,-0.002587,-0.001012,-0.001073,-0.002089,-0.000881,-0.004202,0.001290,0.013283,0.015195,0.029120,0.042016,0.037240,0.011558,0.010639,0.002280,-0.003391,-0.008433,-0.004847,-0.003717,-0.005710,-0.005048,-0.009887,-0.008709,-0.002582,-0.011694,-0.011739,-0.004704,-0.003540,-0.000555,-0.002153,-0.000974,-0.003098,-0.002674,-0.001406,-0.000813,-0.000131,-0.000222,0.000033,-0.000094,-0.000097,-0.000003,-0.000017,-0.000066,-0.000051,0.000006,-0.000100,-0.000073
-0.000751,-0.000790,-0.001261,-0.001540,-0.001087,-0.000094,-0.000470,-0.002808,-0.002705,-0.001449,-0.001243,-0.003342,-0.004771,-0.003843,-0.007926,-0.008813,-0.008345,-0.010326,-0.007802,-0.002485,0.009159,0.010669,0.018913,0.037240,0.055685,0.021455,0.026870,0.009681,0.001154,-0.004079,-0.002027,-0.003285,-0.006192,-0.008506,-0.015131,-0.016266,-0.004924,-0.018066,-0.014934,-0.005454,-0.008054,-0.004865,-0.004549,-0.000535,-0.002326,-0.002939,-0.001356,-0.000236,0.000049,-0.000124,-0.000216,-0.000353,-0.000301,-0.000019,-0.000118,-0.000048,-0.000069,-0.000128,-0.000228,-0.000266
-0.000490,-0.000494,-0.000211,-0.000902,-0.000318,-0.000324,-0.000926,-0.002346,-0.001786,-0.001342,0.000192,-0.000293,-0.000447,0.000094,-0.007314,-0.007217,-0.003533,-0.007319,-0.005134,-0.004964,-0.001181,0.003447,0.005788,0.011558,0.021455,0.025174,0.024185,0.013161,0.006557,0.001983,0.002110,-0.000675,-0.004396,-0.003403,-0.006994,-0.008819,0.000017,-0.007002,-0.005527,-0.002171,-0.005230,-0.003718,-0.002506,-0.001038,-0.001545,-0.002557,-0.001261,-0.000326,-0.000595,-0.000137,-0.000236,-0.000214,-0.000088,-0.000058,-0.000158,-0.000038,-0.000057,-0.000122,-0.000145,-0.000210
-0.000970,-0.000960,-0.001283,-0.001699,-0.001525,-0.000945,-0.001461,-0.002169,-0.001929,-0.001709,-0.000906,-0.001492,-0.002428,-0.002173,-0.013367,-0.016885,-0.013558,-0.020882,-0.010521,-0.010401,-0.006117,-0.001607,0.000717,0.010639,0.026870,0.024185,0.046320,0.027039,0.014744,0.006704,0.004526,-0.000885,-0.004994,-0.006776,-0.012533,-0.012246,-0.000911,-0.009113,-0.008999,-0.003903,-0.006774,-0.002713,-0.001266,0.000638,0.001318,-0.000994,-0.000381,-0.000031,-0.000139,-0.000169,-0.000044,-0.000226,-0.000266,-0.000056,-0.000138,-0.000104,-0.000090,-0.000220,-0.000204,-0.000326
-0.000519,-0.000648,-0.000868,-0.001116,-0.001193,-0.000468,-0.001298,-0.001785,-0.001601,-0.000816,0.000704,-0.000160,-0.001432,-0.003107,-0.014642,-0.018669,-0.012632,-0.018763,-0.008832,-0.009424,-0.009159,-0.005317,-0.004247,0.002280,0.009681,0.013161,0.027039,0.034972,0.025687,0.013997,0.009353,0.002451,-0.000327,-0.004537,-0.007293,-0.008461,0.001361,-0.003737,-0.006513,-0.002269,-0.005469,-0.002877,-0.001378,0.000304,0.001812,-0.000961,0.000053,-0.000063,-0.000187,-0.000119,0.000123,-0.000075,-0.000133,-0.000126,-0.000200,-0.000093,-0.000004,-0.000237,-0.000186,-0.000246
-0.000624,-0.000872,-0.000802,-0.001239,-0.001057,-0.000083,-0.000838,-0.001781,-0.002840,-0.001739,-0.000397,-0.001133,-0.001467,-0.002079,-0.012591,-0.017054,-0.008650,-0.015999,-0.007992,-0.010758,-0.013888,-0.007115,-0.007897,-0.003391,0.001154,0.006557,0.014744,0.025687,0.036768,0.024738,0.016544,0.005518,0.008200,0.000915,-0.002974,-0.006759,0.003292,-0.002213,-0.003170,0.000007,-0.003266,-0.001052,-0.000541,0.001063,0.001777,-0.000697,0.000610,0.000486,-0.000063,-0.000217,0.000119,-0.000057,-0.000084,-0.000179,-0.000335,-0.000132,-0.000139,-0.000370,-0.000170,-0.000258
-0.000285,-0.000439,-0.000736,-0.001096,-0.001196,-0.000456,-0.000974,-0.000619,-0.000614,-0.001407,-0.002331,-0.001985,-0.001716,-0.000773,-0.009182,-0.015090,-0.009490,-0.014448,-0.005722,-0.010759,-0.019033,-0.010497,-0.009719,-0.008433,-0.004079,0.001983,0.006704,0.013997,0.024738,0.036107,0.029197,0.012761,0.016474,0.010155,0.008967,0.004601,0.006345,0.005102,0.003830,0.003955,0.003420,0.003638,0.003808,0.004394,0.004133,0.003075,0.002079,0.001267,0.000498,0.000107,0.000076,0.000025,0.000014,-0.000099,-0.000248,0.000006,-0.000042,-0.000142,-0.000091,-0.000110
-0.000294,-0.000332,-0.000374,-0.001336,-0.001163,0.000022,-0.000766,-0.000661,0.000222,-0.000192,-0.001818,-0.002668,-0.001800,-0.000827,-0.011256,-0.015545,-0.010024,-0.014222,-0.005827,-0.011391,-0.025181,-0.011816,-0.008163,-0.004847,-0.002027,0.002110,0.004526,0.009353,0.016544,0.029197,0.041335,0.021893,0.019949,0.011216,0.013028,0.009034,0.004440,0.006309,0.006561,0.005244,0.006694,0.006237,0.006040,0.005927,0.005609,0.004408,0.003041,0.001648,0.000878,0.000219,-0.000039,0.000023,0.000119,-0.000104,-0.000229,0.000011,0.000006,-0.000051,-0.000102,-0.000037
-0.000089,-0.000200,-0.000311,-0.000767,-0.000222,0.000269,-0.000892,-0.000872,0.000820,0.000853,-0.000092,-0.001371,-0.000240,0.000275,-0.008666,-0.010203,-0.006940,-0.007078,-0.002061,-0.004901,-0.013450,-0.006622,-0.003763,-0.003717,-0.003285,-0.000675,-0.000885,0.002451,0.005518,0.012761,0.021893,0.025973,0.020586,0.011906,0.013784,0.011999,0.002779,0.007592,0.009870,0.003570,0.007229,0.006242,0.005951,0.006767,0.005440,0.003420,0.001725,0.001387,0.000784,0.000294,0.000021,0.000017,0.000126,-0.000040,-0.000042,0.000040,0.000068,0.000029,-0.000078,-0.000033
-0.000140,-0.000962,-0.001319,-0.001888,-0.001079,-0.001163,-0.002122,-0.002019,0.000355,-0.000675,-0.000664,-0.002310,-0.002663,-0.004329,-0.016352,-0.017505,-0.009972,-0.010235,-0.002993,-0.004783,-0.015985,-0.006606,-0.006326,-0.005710,-0.006192,-0.004396,-0.004994,-0.000327,0.008200,0.016474,0.019949,0.020586,0.037803,0.022497,0.023805,0.017679,0.003307,0.010659,0.011670,0.005302,0.008211,0.008517,0.007118,0.006421,0.003020,0.002713,0.001438,0.000708,0.000474,0.000198,-0.000086,0.000005,0.000069,-0.000033,-0.000201,0.000039,0.000053,-0.000055,-0.000050,-0.000032
0.000159,-0.000119,-0.000458,-0.001032,-0.000779,-0.000473,-0.000559,-0.000525,0.000907,-0.000405,-0.001895,-0.002786,-0.001942,-0.000767,-0.010707,-0.011314,-0.006020,-0.003957,-0.001393,-0.003337,-0.010552,-0.003222,-0.003929,-0.005048,-0.008506,-0.003403,-0.006776,-0.004537,0.000915,0.010155,0.011216,0.011906,0.022497,0.030848,0.031682,0.025967,0.005384,0.012095,0.010253,0.004868,0.008045,0.006156,0.004775,0.003865,-0.000245,0.001990,0.000123,-0.000485,0.000036,0.000195,-0.000080,0.000096,0.000045,0.000028,-0.000073,-0.000003,-0.000027,0.000040,-0.000012,0.000107
0.000440,0.000418,-0.000275,-0.001084,-0.001039,0.000799,-0.000532,0.001552,0.004022,0.000959,-0.002107,-0.003806,-0.002309,-0.002220,-0.012524,-0.009426,-0.004534,-0.001932,-0.002729,-0.003528,-0.016703,-0.008906,-0.006156,-0.009887,-0.015131,-0.006994,-0.012533,-0.007293,-0.002974,0.008967,0.013028,0.013784,0.023805,0.031682,0.060798,0.054152,0.010418,0.025837,0.019101,0.006554,0.012190,0.008706,0.007386,0.008710,0.000063,0.002863,0.000428,-0.000153,0.000380,0.000202,-0.000235,0.000199,0.000045,0.000044,-0.000137,0.000059,0.000050,0.000069,0.000109,0.000250
0.000605,0.000839,0.000447,-0.000016,-0.000324,0.000615,-0.000029,0.002480,0.004887,0.002027,-0.000936,-0.003190,-0.002133,-0.002196,-0.010958,-0.007773,-0.006006,-0.005267,-0.008584,-0.006070,-0.017124,-0.007884,-0.004068,-0.008709,-0.016266,-0.008819,-0.012246,-0.008461,-0.006759,0.004601,0.009034,0.011999,0.017679,0.025967,0.054152,0.062784,0.012523,0.033277,0.023175,0.005846,0.011590,0.008706,0.008174,0.010480,0.001087,0.001305,0.000181,0.000530,0.000676,0.000040,-0.000048,0.000294,0.000024,0.000083,-0.000145,0.000013,0.000036,0.000114,0.000182,0.000318
0.000163,0.000050,-0.000154,-0.000227,-0.000406,0.000097,0.000487,0.001682,0.001667,0.000881,-0.000243,-0.001178,-0.000847,0.000361,-0.002133,-0.000642,-0.000333,-0.001570,-0.002064,-0.002150,-0.005192,-0.001770,-0.001731,-0.002582,-0.004924,0.000017,-0.000911,0.001361,0.003292,0.006345,0.004440,0.002779,0.003307,0.005384,0.010418,0.012523,0.012567,0.010326,0.005450,0.001555,0.003858,0.002879,0.001880,0.003106,0.000627,0.000185,0.000103,0.000183,0.000124,0.000045,0.000075,0.000109,0.000030,0.000019,-0.000063,0.000020,0.000040,0.000068,0.000043,0.000025
0.000513,0.000234,0.000278,0.000361,0.000334,-0.000266,0.000051,0.002668,0.005639,0.003473,0.001865,0.000881,0.000147,-0.000486,-0.006151,-0.004033,-0.002839,-0.003950,-0.004384,-0.001658,-0.007402,-0.007180,-0.005572,-0.011694,-0.018066,-0.007002,-0.009113,-0.003737,-0.002213,0.005102,0.006309,0.007592,0.010659,0.012095,0.025837,0.033277,0.010326,0.037530,0.027886,0.003978,0.007613,0.007062,0.006904,0.009334,0.004805,0.002211,0.001007,0.000884,0.000690,0.000165,-0.000022,0.000257,0.000135,0.000077,0.000080,0.000110,0.000059,0.000174,0.000152,0.000199
0.000474,0.000018,0.000128,0.000402,0.000867,0.000067,0.000080,0.002371,0.004432,0.003627,0.003371,0.001876,0.001647,-0.000756,-0.006704,-0.007004,-0.008499,-0.007104,-0.003667,-0.000114,-0.004461,-0.005836,-0.006737,-0.011739,-0.014934,-0.005527,-0.008999,-0.006513,-0.003170,0.003830,0.006561,0.009870,0.011670,0.010253,0.019101,0.023175,0.005450,0.027886,0.034387,0.007184,0.006780,0.007121,0.008311,0.012310,0.007376,0.003629,0.001382,0.001429,0.000975,0.000299,0.000059,0.000099,0.000171,0.000090,0.000140,0.000132,0.000038,0.000220,0.000185,0.000168
-0.000080,-0.000126,0.000014,-0.000248,-0.000368,-0.000344,-0.000733,-0.000642,-0.000109,-0.000435,0.000371,0.000056,-0.000664,-0.001631,-0.004026,-0.004517,-0.004692,-0.003703,-0.000755,0.000016,-0.003278,-0.001918,-0.004206,-0.004704,-0.005454,-0.002171,-0.003903,-0.002269,0.000007,0.003955,0.005244,0.003570,0.005302,0.004868,0.006554,0.005846,0.001555,0.003978,0.007184,0.008765,0.006077,0.003574,0.002856,0.003498,0.001994,0.001541,0.000755,0.000490,0.000177,0.000020,0.000045,-0.000008,0.000031,-0.000015,-0.000094,0.000015,-0.000041,0.000004,0.000043,0.000045
-0.000030,0.000235,0.000144,0.000032,-0.000239,0.000265,-0.000305,-0.000239,0.000457,-0.000338,-0.000732,-0.000171,-0.000884,-0.001168,-0.003975,-0.003095,-0.005205,-0.002265,-0.000948,-0.001869,-0.006069,-0.002948,-0.002764,-0.003540,-0.008054,-0.005230,-0.006774,-0.005469,-0.003266,0.003420,0.006694,0.007229,0.008211,0.008045,0.012190,0.011590,0.003858,0.007613,0.006780,0.006077,0.015680,0.010750,0.006175,0.006524,0.002899,0.003891,0.001831,0.000851,0.000512,0.000104,0.000202,0.000178,0.000129,-0.000062,-0.000017,0.000013,0.000022,0.000031,0.000060,0.000150
0.000203,0.000279,-0.000101,-0.000185,-0.000317,0.000376,0.000259,0.000694,0.000695,0.000113,-0.000727,-0.000385,-0.000821,-0.000692,-0.004442,-0.004854,-0.006641,-0.005588,-0.001988,-0.002077,-0.005655,-0.002522,-0.000744,-0.000555,-0.004865,-0.003718,-0.002713,-0.002877,-0.001052,0.003638,0.006237,0.006242,0.008517,0.006156,0.008706,0.008706,0.002879,0.007062,0.007121,0.003574,0.010750,0.014532,0.008515,0.006369,0.004486,0.004486,0.002387,0.001201,0.000826,0.000179,0.000374,0.000241,0.000132,-0.000027,0.000052,0.000009,-0.000004,0.000086,0.000057,0.000083
0.000082,-0.000040,-0.000247,-0.000201,-0.000399,-0.000108,-0.000011,0.000385,0.000937,0.000716,0.000397,0.000138,-0.000192,-0.000741,-0.004620,-0.004940,-0.004853,-0.004544,-0.001689,-0.000011,-0.003156,-0.001038,-0.001368,-0.002153,-0.004549,-0.002506,-0.001266,-0.001378,-0.000541,0.003808,0.006040,0.005951,0.007118,0.004775,0.007386,0.008174,0.001880,0.006904,0.008311,0.002856,0.006175,0.008515,0.010513,0.008960,0.005667,0.004120,0.001963,0.001254,0.000797,0.000158,0.000224,0.000110,0.000080,-0.000020,0.000022,0.000029,0.000003,0.000065,0.000040,0.000073
0.000017,-0.000139,-0.000406,-0.000030,-0.000177,-0.000379,0.000116,0.000491,0.002273,0.001768,0.001833,0.000664,0.000411,-0.001406,-0.005706,-0.005594,-0.007840,-0.006520,-0.004376,-0.001067,-0.002465,-0.001556,-0.002154,-0.000974,-0.000535,-0.001038,0.000638,0.000304,0.001063,0.004394,0.005927,0.006767,0.006421,0.003865,0.008710,0.010480,0.003106,0.009334,0.012310,0.003498,0.006524,0.006369,0.008960,0.016306,0.007369,0.004273,0.002124,0.001806,0.000944,0.000133,0.000256,0.000048,0.000037,-0.000035,0.000032,0.000077,0.000029,0.000089,0.000047,0.000062
0.000166,0.000228,-0.000004,0.000178,0.000037,-0.000177,-0.000129,0.000749,0.001458,0.001694,0.001115,0.000871,0.001067,-0.000536,-0.003126,-0.004155,-0.005391,-0.005704,-0.002137,-0.001059,-0.001793,-0.002666,-0.002804,-0.003098,-0.002326,-0.001545,0.001318,0.001812,0.001777,0.004133,0.005609,0.005440,0.003020,-0.000245,0.000063,0.001087,0.000627,0.004805,0.007376,0.001994,0.002899,0.004486,0.005667,0.007369,0.009910,0.005640,0.002637,0.001641,0.001076,0.000289,0.000263,0.000171,0.000096,0.000003,0.000095,0.000081,-0.000000,0.000082,0.000032,-0.000011
0.000211,0.000269,0.000031,0.000054,0.000010,0.000161,0.000298,0.000589,0.001107,0.001162,0.000222,0.000293,0.000172,-0.000294,-0.001336,-0.001769,-0.001513,-0.001091,0.000610,0.000257,-0.001861,-0.001739,-0.001528,-0.002674,-0.002939,-0.002557,-0.000994,-0.000961,-0.000697,0.003075,0.004408,0.003420,0.002713,0.001990,0.002863,0.001305,0.000185,0.002211,0.003629,0.001541,0.003891,0.004486,0.004120,0.004273,0.005640,0.006127,0.002581,0.001166,0.000782,0.000270,0.000130,0.000137,0.000124,-0.000007,0.000112,0.000081,0.000015,0.000107,0.000043,0.000042
0.000101,0.000094,0.000026,0.000061,0.000081,0.000177,0.000275,-0.000070,0.000076,0.000071,-0.000155,-0.000196,-0.000166,-0.000107,-0.001108,-0.001692,-0.000726,-0.001406,-0.001004,-0.000659,-0.003429,-0.002112,-0.001890,-0.001406,-0.001356,-0.001261,-0.000381,0.000053,0.000610,0.002079,0.003041,0.001725,0.001438,0.000123,0.000428,0.000181,0.000103,0.001007,0.001382,0.000755,0.001831,0.002387,0.001963,0.002124,0.002637,0.002581,0.002407,0.001184,0.000561,0.000136,0.000096,0.000069,0.000053,0.000004,0.000040,0.000031,0.000009,0.000038,0.000020,0.000008
0.000059,0.000065,0.000151,0.000173,0.000131,0.000074,0.000307,-0.000038,0.000115,0.000136,0.000044,0.000081,0.000023,0.000149,-0.000208,-0.000523,-0.000373,-0.000673,-0.000880,-0.000395,-0.002291,-0.001194,-0.001119,-0.000813,-0.000236,-0.000326,-0.000031,-0.000063,0.000486,0.001267,0.001648,0.001387,0.000708,-0.000485,-0.000153,0.000530,0.000183,0.000884,0.001429,0.000490,0.000851,0.001201,0.001254,0.001806,0.001641,0.001166,0.001184,0.001245,0.000530,0.000084,0.000087,0.000026,0.000030,0.000021,0.000018,0.000026,0.000027,0.000024,0.000021,-0.000007
0.000056,0.000080,0.000049,0.000055,-0.000027,0.000025,0.000148,0.000242,0.000346,0.000376,0.000183,0.000124,0.000074,0.000083,-0.000185,-0.000339,-0.000536,-0.000450,-0.000472,-0.000171,-0.000956,-0.000666,-0.000200,-0.000131,0.000049,-0.000595,-0.000139,-0.000187,-0.000063,0.000498,0.000878,0.000784,0.000474,0.000036,0.000380,0.000676,0.000124,0.000690,0.000975,0.000177,0.000512,0.000826,0.000797,0.000944,0.001076,0.000782,0.000561,0.000530,0.000394,0.000072,0.000044,0.000023,0.000010,0.000011,0.000027,0.000014,0.000009,0.000015,0.000011,-0.000002
0.000022,0.000011,-0.000006,-0.000006,0.000012,-0.000006,0.000027,0.000026,0.000046,0.000072,-0.000017,-0.000002,0.000047,0.000094,0.000006,0.000003,-0.000234,-0.000037,0.000069,0.000005,-0.000014,-0.000153,-0.000022,-0.000222,-0.000124,-0.000137,-0.000169,-0.000119,-0.000217,0.000107,0.000219,0.000294,0.000198,0.000195,0.000202,0.000040,0.000045,0.000165,0.000299,0.000020,0.000104,0.000179,0.000158,0.000133,0.000289,0.000270,0.000136,0.000084,0.000072,0.000068,0.000013,0.000006,0.000009,0.000002,0.000017,0.000009,0.000006,0.000012,0.000002,-0.000000
0.000016,0.000041,0.000034,0.000040,0.000006,0.000022,0.000069,0.000061,-0.000015,0.000046,0.000027,0.000063,0.000046,0.000083,0.000217,0.000116,-0.000234,-0.000253,-0.000125,0.000012,-0.000044,-0.000110,0.000082,0.000033,-0.000216,-0.000236,-0.000044,0.000123,0.000119,0.000076,-0.000039,0.000021,-0.000086,-0.000080,-0.000235,-0.000048,0.000075,-0.000022,0.000059,0.000045,0.000202,0.000374,0.000224,0.000256,0.000263,0.000130,0.000096,0.000087,0.000044,0.000013,0.000080,0.000016,0.000008,0.000004,0.000007,-0.000000,0.000000,0.000005,0.000005,0.000006
0.000032,0.000067,0.000064,0.000075,0.000033,0.000053,0.000053,0.000082,0.000080,0.000045,-0.000009,0.000027,0.000039,0.000029,0.000043,0.000100,-0.000025,0.000012,-0.000049,-0.000057,-0.000213,-0.000186,0.000000,-0.000094,-0.000353,-0.000214,-0.000226,-0.000075,-0.000057,0.000025,0.000023,0.000017,0.000005,0.000096,0.000199,0.000294,0.000109,0.000257,0.000099,-0.000008,0.000178,0.000241,0.000110,0.000048,0.000171,0.000137,0.000069,0.000026,0.000023,0.000006,0.000016,0.000034,0.000008,0.000002,0.000006,0.000003,0.000000,0.000006,0.000004,0.000006
0.000017,0.000024,0.000036,0.000038,0.000049,0.000028,0.000033,0.000005,0.000016,0.000069,0.000060,0.000037,0.000044,0.000023,0.000019,0.000032,0.000031,0.000022,0.000007,0.000039,-0.000051,0.000027,0.000078,-0.000097,-0.000301,-0.000088,-0.000266,-0.000133,-0.000084,0.000014,0.000119,0.000126,0.000069,0.000045,0.000045,0.000024,0.000030,0.000135,0.000171,0.000031,0.000129,0.000132,0.000080,0.000037,0.000096,0.000124,0.000053,0.000030,0.000010,0.000009,0.000008,0.000008,0.000023,0.000001,0.000005,0.000006,0.000006,0.000008,0.000003,0.000006
0.000011,0.000008,0.000015,0.000001,0.000003,0.000008,0.000019,0.000025,0.000034,-0.000003,-0.000039,-0.000032,-0.000025,-0.000005,0.000026,0.000049,0.000016,0.000034,0.000025,0.000108,0.000085,0.000046,0.000087,-0.000003,-0.000019,-0.000058,-0.000056,-0.000126,-0.000179,-0.000099,-0.000104,-0.000040,-0.000033,0.000028,0.000044,0.000083,0.000019,0.000077,0.000090,-0.000015,-0.000062,-0.000027,-0.000020,-0.000035,0.000003,-0.000007,0.000004,0.000021,0.000011,0.000002,0.000004,0.000002,0.000001,0.000013,0.000003,0.000001,0.000002,0.000006,0.000003,-0.000001
0.000024,0.000031,0.000027,0.000054,0.000053,0.000012,0.000051,0.000084,0.000042,0.000066,0.000015,0.000087,0.000096,0.000202,0.000376,0.000387,0.000175,0.000228,0.000185,0.000208,0.000204,0.000029,0.000029,-0.000017,-0.000118,-0.000158,-0.000138,-0.000200,-0.000335,-0.000248,-0.000229,-0.000042,-0.000201,-0.000073,-0.000137,-0.000145,-0.000063,0.000080,0.000140,-0.000094,-0.000017,0.000052,0.000022,0.000032,0.000095,0.000112,0.000040,0.000018,0.000027,0.000017,0.000007,0.000006,0.000005,0.000003,0.000033,0.000009,0.000007,0.000016,0.000006,0.000003
0.000012,0.000016,0.000008,0.000026,0.000044,0.000005,0.000015,0.000023,0.000059,0.000057,0.000045,0.000061,0.000040,0.000031,0.000028,0.000068,0.000025,0.000003,0.000015,0.000061,0.000087,-0.000055,0.000018,-0.000066,-0.000048,-0.000038,-0.000104,-0.000093,-0.000132,0.000006,0.000011,0.000040,0.000039,-0.000003,0.000059,0.000013,0.000020,0.000110,0.000132,0.000015,0.000013,0.000009,0.000029,0.000077,0.000081,0.000081,0.000031,0.000026,0.000014,0.000009,-0.000000,0.000003,0.000006,0.000001,0.000009,0.000013,0.000007,0.000007,0.000004,0.000002
0.000005,-0.000002,0.000008,0.000027,0.000029,0.000014,0.000036,0.000025,0.000051,0.000038,0.000043,0.000038,0.000045,0.000042,0.000044,0.000083,0.000045,-0.000008,0.000001,0.000064,-0.000050,-0.000050,-0.000065,-0.000051,-0.000069,-0.000057,-0.000090,-0.000004,-0.000139,-0.000042,0.000006,0.000068,0.000053,-0.000027,0.000050,0.000036,0.000040,0.000059,0.000038,-0.000041,0.000022,-0.000004,0.000003,0.000029,-0.000000,0.000015,0.000009,0.000027,0.000009,0.000006,0.000000,0.000000,0.000006,0.000002,0.000007,0.000007,0.000018,0.000011,0.000004,0.000003
0.000019,0.000019,0.000023,0.000042,0.000050,0.000018,0.000059,0.000091,0.000078,0.000082,0.000013,0.000018,0.000035,0.000096,0.000138,0.000176,0.000054,0.000097,0.000067,0.000130,0.000128,0.000036,0.000086,0.000006,-0.000128,-0.000122,-0.000220,-0.000237,-0.000370,-0.000142,-0.000051,0.000029,-0.000055,0.000040,0.000069,0.000114,0.000068,0.000174,0.000220,0.000004,0.000031,0.000086,0.000065,0.000089,0.000082,0.000107,0.000038,0.000024,0.000015,0.000012,0.000005,0.000006,0.000008,0.000006,0.000016,0.000007,0.000011,0.000029,0.000009,0.000005
0.000017,0.000021,0.000021,0.000047,0.000052,0.000000,0.000026,0.000040,0.000031,-0.000000,-0.000008,-0.000016,0.000010,-0.000019,0.000033,0.000048,0.000020,-0.000014,0.000014,0.000018,-0.000133,-0.000125,-0.000108,-0.000100,-0.000228,-0.000145,-0.000204,-0.000186,-0.000170,-0.000091,-0.000102,-0.000078,-0.000050,-0.000012,0.000109,0.000182,0.000043,0.000152,0.000185,0.000043,0.000060,0.000057,0.000040,0.000047,0.000032,0.000043,0.000020,0.000021,0.000011,0.000002,0.000005,0.000004,0.000003,0.000003,0.000006,0.000004,0.000004,0.000009,0.000017,0.000010
0.000020,0.000038,0.000040,0.000084,0.000064,0.000017,0.000038,0.000041,0.000046,0.000026,0.000033,0.000009,0.000031,-0.000032,0.000103,0.000112,0.000053,0.000026,-0.000001,-0.000053,-0.000164,-0.000143,-0.000078,-0.000073,-0.000266,-0.000210,-0.000326,-0.000246,-0.000258,-0.000110,-0.000037,-0.000033,-0.000032,0.000107,0.000250,0.000318,0.000025,0.000199,0.000168,0.000045,0.000150,0.000083,0.000073,0.000062,-0.000011,0.000042,0.000008,-0.000007,-0.000002,-0.000000,0.000006,0.000006,0.000006,-0.000001,0.000003,0.000002,0.000003,0.000005,0.000010,0.000024
