0.000208,0.000231,0.000228,0.000265,0.000222,0.000023,0.000036,0.000143,0.000149,0.000119,-0.000066,0.000034,-0.000008,-0.000111,0.000086,-0.000025,-0.000320,-0.000187,-0.000208,-0.000070,0.000088,-0.000394,-0.000230,-0.000520,-0.000867,-0.000363,-0.000679,-0.000448,-0.000561,-0.000252,-0.000337,-0.000000,-0.000008,0.000297,0.000514,0.000465,0.000006,0.000552,0.000649,0.000022,-0.000001,0.000231,0.000008,-0.000037,0.000236,0.000267,0.000120,0.000099,0.000060,0.000030,0.000021,0.000022,0.000009,0.000013,0.000025,0.000009,0.000005,0.000017,0.000015,0.000018
0.000231,0.000601,0.000545,0.000671,0.000384,0.000164,0.000133,0.000204,0.000115,0.000125,-0.000154,0.000055,-0.000065,-0.000070,0.000409,0.000417,-0.000300,-0.000322,-0.000658,-0.000776,-0.000445,-0.000485,-0.000062,-0.000233,-0.000630,-0.000398,-0.000665,-0.000490,-0.000716,-0.000219,-0.000051,-0.000039,-0.000668,0.000078,0.000652,0.000978,-0.000030,0.000327,0.000161,-0.000080,0.000254,0.000388,-0.000015,-0.000097,0.000303,0.000338,0.000112,0.000102,0.000083,0.000016,0.000042,0.000055,0.000015,0.000009,0.000031,0.000011,0.000004,0.000020,0.000017,0.000034
0.000228,0.000545,0.000820,0.000898,0.000521,0.000116,0.000123,0.000093,-0.000077,-0.000044,-0.000168,0.000130,-0.000129,0.000015,0.000852,0.000826,0.000275,0.000027,-0.000617,-0.000780,-0.000813,0.000049,-0.000325,-0.000281,-0.000845,-0.000229,-0.000965,-0.000740,-0.000752,-0.000287,0.000196,-0.000060,-0.001160,-0.000236,0.000002,0.000620,-0.000146,0.000341,0.000033,0.000039,0.000292,0.000207,-0.000219,-0.000287,0.000157,0.000220,0.000125,0.000167,0.000059,-0.000004,0.000037,0.000061,0.000026,0.000021,0.000032,0.000006,0.000007,0.000023,0.000025,0.000040
0.000265,0.000671,0.000898,0.001613,0.001129,0.000274,0.000352,0.000345,0.000077,0.000154,0.000074,0.000332,0.000128,0.000112,0.001421,0.001239,0.000564,0.000301,0.000077,-0.000570,-0.000266,0.000362,-0.000610,-0.000486,-0.001132,-0.000914,-0.001472,-0.001027,-0.001186,-0.000970,-0.000808,-0.000562,-0.001893,-0.001097,-0.001118,-0.000341,-0.000535,0.000040,-0.000014,-0.000434,0.000122,0.000154,-0.000181,-0.000079,0.000134,0.000144,0.000137,0.000112,0.000014,-0.000024,0.000046,0.000069,0.000041,0.000013,0.000057,0.000024,0.000026,0.000042,0.000062,0.000090
0.000222,0.000384,0.000521,0.001129,0.001468,0.000423,0.000435,0.000231,0.000111,0.000125,0.000196,0.000305,0.000355,0.000286,0.001437,0.001599,0.001149,0.001238,0.000525,0.000056,0.000459,0.000035,-0.000719,-0.000866,-0.000808,-0.000378,-0.001533,-0.001209,-0.001170,-0.001354,-0.001112,-0.000422,-0.001351,-0.000955,-0.001229,-0.000690,-0.000689,0.000008,0.000367,-0.000588,-0.000450,-0.000194,-0.000393,-0.000330,-0.000087,-0.000084,0.000003,0.000066,-0.000068,-0.000015,0.000004,0.000033,0.000048,0.000007,0.000053,0.000039,0.000031,0.000048,0.000051,0.000070
0.000023,0.000164,0.000116,0.000274,0.000423,0.001429,0.000949,0.000834,0.000521,0.000482,0.000524,0.000554,0.000903,0.000926,0.001752,0.002121,0.001202,0.001479,0.000645,0.000133,0.000550,-0.000224,0.000055,-0.000424,-0.000445,-0.000445,-0.001647,-0.000393,-0.000339,-0.000735,-0.000199,-0.000251,-0.001404,-0.000666,0.000443,0.000574,-0.000015,-0.000792,-0.000524,-0.000476,0.000028,0.000140,-0.000290,-0.000505,-0.000421,-0.000091,0.000091,0.000033,-0.000016,-0.000017,0.000014,0.000047,0.000027,0.000009,-0.000005,0.000008,0.000022,0.000013,-0.000010,0.000009
0.000036,0.000133,0.000123,0.000352,0.000435,0.000949,0.002415,0.001736,0.001298,0.001081,0.001002,0.000746,0.001017,0.001808,0.003495,0.003400,0.001594,0.002094,0.000882,0.000618,0.000610,-0.000287,0.000393,-0.000345,-0.001164,-0.000887,-0.002038,-0.001795,-0.001324,-0.001675,-0.001473,-0.000877,-0.002000,-0.000298,-0.000625,0.000122,0.000519,0.000201,0.000855,-0.000285,0.000074,0.000481,-0.000071,0.000094,-0.000214,0.000334,0.000409,0.000469,0.000220,0.000050,0.000105,0.000042,0.000020,0.000024,0.000052,0.000016,0.000042,0.000057,0.000025,0.000044
0.000143,0.000204,0.000093,0.000345,0.000231,0.000834,0.001736,0.003939,0.002870,0.002672,0.001940,0.001830,0.001782,0.001866,0.004965,0.005032,0.001640,0.002119,0.001466,0.001624,0.001917,-0.001005,-0.000081,-0.002321,-0.003577,-0.001985,-0.002792,-0.002384,-0.002613,-0.002254,-0.002123,-0.001491,-0.002770,-0.000933,-0.000096,0.001230,0.001103,0.001479,0.002301,-0.000351,-0.000332,0.000467,-0.000237,-0.000105,0.000154,0.000063,-0.000087,0.000116,0.000262,0.000054,0.000100,0.000032,-0.000020,0.000032,0.000086,0.000020,0.000033,0.000072,0.000018,0.000030
0.000149,0.000115,-0.000077,0.000077,0.000111,0.000521,0.001298,0.002870,0.004365,0.003785,0.002701,0.001952,0.001386,0.000616,0.001886,0.002103,0.000469,0.001319,0.000827,0.001919,0.001246,-0.002160,-0.001052,-0.003166,-0.002789,-0.001103,-0.001513,-0.001459,-0.002384,-0.001558,-0.000421,0.000627,0.000399,0.000418,0.002385,0.003586,0.000835,0.003916,0.003986,-0.000127,-0.000011,0.000150,0.000150,0.001590,0.000722,0.000406,-0.000059,0.000346,0.000353,0.000049,-0.000006,-0.000001,-0.000022,0.000034,0.000038,0.000042,0.000066,0.000047,0.000005,0.000004
0.000119,0.000125,-0.000044,0.000154,0.000125,0.000482,0.001081,0.002672,0.003785,0.005718,0.003807,0.002750,0.001889,0.000619,0.001718,0.001435,0.000433,0.000229,-0.000330,0.001670,0.002741,-0.000284,0.000337,-0.001481,-0.001383,-0.000929,-0.000718,-0.000057,-0.001490,-0.001842,-0.000511,0.000716,-0.000051,0.000021,0.001000,0.002298,0.000474,0.003295,0.003672,-0.000669,-0.000823,-0.000285,0.000426,0.001737,0.001553,0.000799,-0.000028,0.000316,0.000407,0.000073,0.000048,0.000005,0.000031,0.000007,0.000066,0.000042,0.000054,0.000061,-0.000026,-0.000024
-0.000066,-0.000154,-0.000168,0.000074,0.000196,0.000524,0.001002,0.001940,0.002701,0.003807,0.004896,0.003604,0.002543,0.000409,0.000385,0.000188,-0.000011,-0.000395,-0.000213,0.001927,0.003481,0.001203,0.000173,-0.000767,-0.000317,0.000923,0.000231,0.001361,-0.000208,-0.002115,-0.001616,-0.000420,-0.000277,-0.001933,-0.002633,-0.000485,-0.000406,0.001338,0.003312,0.000243,-0.000949,-0.000777,0.000406,0.001670,0.000748,-0.000303,-0.000262,0.000200,0.000268,-0.000013,0.000010,-0.000045,0.000012,-0.000030,-0.000010,0.000031,0.000042,0.000006,-0.000035,-0.000028
0.000034,0.000055,0.000130,0.000332,0.000305,0.000554,0.000746,0.001830,0.001952,0.002750,0.003604,0.005575,0.004111,0.001919,0.004503,0.004479,0.003266,0.002557,0.000731,0.001312,0.004065,0.001195,-0.000084,-0.002357,-0.003073,0.000049,-0.001711,-0.000138,-0.001370,-0.001712,-0.002569,-0.001089,-0.001858,-0.002775,-0.004054,-0.002484,-0.001464,0.000540,0.002400,-0.000019,-0.000511,-0.000198,0.000218,0.000591,0.000838,0.000037,-0.000304,0.000194,0.000189,0.000020,0.000049,0.000012,0.000002,-0.000030,0.000044,0.000052,0.000040,0.000014,-0.000026,-0.000019
-0.000008,-0.000065,-0.000129,0.000128,0.000355,0.000903,0.001017,0.001782,0.001386,0.001889,0.002543,0.004111,0.006197,0.003828,0.007245,0.006930,0.004286,0.003986,0.001312,0.001127,0.002541,-0.000475,-0.001193,-0.004347,-0.005262,-0.000655,-0.003000,-0.001292,-0.001884,-0.001278,-0.001812,-0.000099,-0.002578,-0.002280,-0.003252,-0.001899,-0.001624,-0.000158,0.002216,-0.000880,-0.001261,-0.000910,-0.000285,0.000366,0.001388,-0.000126,-0.000294,0.000142,0.000135,0.000048,0.000068,0.000031,0.000016,-0.000011,0.000059,0.000043,0.000052,0.000030,0.000005,0.000004
-0.000111,-0.000070,0.000015,0.000112,0.000286,0.000926,0.001808,0.001866,0.000616,0.000619,0.000409,0.001919,0.003828,0.009277,0.009861,0.009659,0.006982,0.005811,0.002895,0.000279,-0.000701,-0.001314,-0.000382,-0.002072,-0.003466,0.000658,-0.002628,-0.003142,-0.002521,-0.000558,-0.001666,-0.000294,-0.004948,-0.001098,-0.002782,-0.001545,-0.000126,-0.000966,-0.000552,-0.001595,-0.001063,-0.000521,-0.000909,-0.001678,-0.000358,-0.000710,-0.000244,0.000244,0.000164,0.000081,0.000056,0.000038,-0.000020,-0.000003,0.000135,0.000034,0.000045,0.000088,-0.000033,-0.000057
0.000086,0.000409,0.000852,0.001421,0.001437,0.001752,0.003495,0.004965,0.001886,0.001718,0.000385,0.004503,0.007245,0.009861,0.043150,0.043518,0.026305,0.030075,0.015256,0.010306,0.016940,0.004707,0.004423,-0.000054,-0.007538,-0.008090,-0.013404,-0.015268,-0.013422,-0.010502,-0.013433,-0.008190,-0.018234,-0.009260,-0.013194,-0.010511,-0.002862,-0.007383,-0.005861,-0.004309,-0.003535,-0.003270,-0.005004,-0.005446,-0.003112,-0.001776,-0.001735,-0.000265,-0.000160,-0.000043,0.000329,0.000007,-0.000058,0.000085,0.000234,0.000038,0.000048,0.000141,0.000080,0.000106
-0.000025,0.000417,0.000826,0.001239,0.001599,0.002121,0.003400,0.005032,0.002103,0.001435,0.000188,0.004479,0.006930,0.009659,0.043518,0.053645,0.035362,0.039332,0.018844,0.013604,0.020519,0.007175,0.006298,-0.000264,-0.008391,-0.008432,-0.017198,-0.018521,-0.017152,-0.014658,-0.016260,-0.010453,-0.019821,-0.010625,-0.011621,-0.007672,-0.002132,-0.005432,-0.005910,-0.004775,-0.002860,-0.003253,-0.005042,-0.005608,-0.004210,-0.002168,-0.002151,-0.000605,-0.000263,-0.000051,0.000242,0.000064,-0.000058,0.000110,0.000209,0.000080,0.000087,0.000191,0.000085,0.000120
-0.000320,-0.000300,0.000275,0.000564,0.001149,0.001202,0.001594,0.001640,0.000469,0.000433,-0.000011,0.003266,0.004286,0.006982,0.026305,0.035362,0.042493,0.034757,0.017442,0.011096,0.007972,0.008273,0.001220,-0.003048,-0.007274,-0.005472,-0.015313,-0.013399,-0.009656,-0.009209,-0.008908,-0.005204,-0.009588,-0.004268,-0.005124,-0.003738,-0.001249,-0.003656,-0.008120,-0.006026,-0.005756,-0.006915,-0.005100,-0.007194,-0.005360,-0.002442,-0.001446,-0.000726,-0.000626,-0.000250,-0.000209,-0.000057,-0.000052,0.000046,0.000063,0.000032,0.000020,0.000043,0.000016,0.000024
-0.000187,-0.000322,0.000027,0.000301,0.001238,0.001479,0.002094,0.002119,0.001319,0.000229,-0.000395,0.002557,0.003986,0.005811,0.030075,0.039332,0.034757,0.047613,0.023491,0.018249,0.020257,0.010928,0.005829,0.000200,-0.007705,-0.008705,-0.021800,-0.019390,-0.016342,-0.015233,-0.014472,-0.006865,-0.012017,-0.003400,-0.003647,-0.004210,-0.001937,-0.005021,-0.006467,-0.005408,-0.003357,-0.005784,-0.005310,-0.005790,-0.006227,-0.002587,-0.002498,-0.001041,-0.000734,-0.000173,-0.000169,-0.000003,-0.000058,0.000103,0.000131,0.000020,0.000002,0.000091,0.000035,0.000024
-0.000208,-0.000658,-0.000617,0.000077,0.000525,0.000645,0.000882,0.001466,0.000827,-0.000330,-0.000213,0.000731,0.001312,0.002895,0.015256,0.018844,0.017442,0.023491,0.023473,0.015758,0.013637,0.007486,0.001963,-0.002775,-0.005852,-0.005298,-0.011249,-0.009555,-0.008963,-0.007410,-0.007382,-0.003330,-0.004186,-0.002080,-0.003712,-0.007671,-0.001020,-0.004716,-0.002541,-0.002122,-0.001610,-0.002020,-0.001579,-0.003919,-0.002887,-0.000470,-0.001163,-0.000903,-0.000553,0.000058,-0.000068,-0.000089,-0.000034,0.000069,0.000103,0.000015,0.000035,0.000080,0.000043,0.000002
-0.000070,-0.000776,-0.000780,-0.000570,0.000056,0.000133,0.000618,0.001624,0.001919,0.001670,0.001927,0.001312,0.001127,0.000279,0.010306,0.013604,0.011096,0.018249,0.015758,0.025854,0.023161,0.011033,0.005917,0.000901,-0.002572,-0.004267,-0.007581,-0.007448,-0.009713,-0.010303,-0.012049,-0.005234,-0.005601,-0.004109,-0.005208,-0.007548,-0.001386,-0.002226,0.000085,-0.000860,-0.002447,-0.002419,-0.000470,-0.000571,-0.001447,-0.000617,-0.001023,-0.000258,-0.000152,0.000025,0.000083,-0.000134,-0.000001,0.000121,0.000093,0.000068,0.000084,0.000122,0.000017,-0.000065
0.000088,-0.000445,-0.000813,-0.000266,0.000459,0.000550,0.000610,0.001917,0.001246,0.002741,0.003481,0.004065,0.002541,-0.000701,0.016940,0.020519,0.007972,0.020257,0.013637,0.023161,0.065799,0.026835,0.024306,0.013394,0.008262,-0.001964,-0.003927,-0.007162,-0.013043,-0.018982,-0.028421,-0.016561,-0.019233,-0.011643,-0.017559,-0.020750,-0.007026,-0.010355,-0.007108,-0.005981,-0.008237,-0.006087,-0.004117,-0.004879,-0.003789,-0.003098,-0.004520,-0.002848,-0.001311,-0.000126,-0.000021,-0.000270,-0.000144,0.000125,-0.000001,0.000073,0.000011,0.000172,-0.000040,-0.000128
-0.000394,-0.000485,0.000049,0.000362,0.000035,-0.000224,-0.000287,-0.001005,-0.002160,-0.000284,0.001203,0.001195,-0.000475,-0.001314,0.004707,0.007175,0.008273,0.010928,0.007486,0.011033,0.026835,0.030165,0.019152,0.013294,0.007940,0.000603,-0.003705,-0.005223,-0.005401,-0.009777,-0.012405,-0.005746,-0.005540,-0.002238,-0.007236,-0.007909,-0.001224,-0.006283,-0.005845,-0.002429,-0.002897,-0.002935,-0.000651,-0.001636,-0.003555,-0.001886,-0.002310,-0.001550,-0.000714,-0.000143,-0.000012,-0.000154,0.000051,0.000042,-0.000041,-0.000049,-0.000022,0.000070,-0.000105,-0.000081
-0.000230,-0.000062,-0.000325,-0.000610,-0.000719,0.000055,0.000393,-0.000081,-0.001052,0.000337,0.000173,-0.000084,-0.001193,-0.000382,0.004423,0.006298,0.001220,0.005829,0.001963,0.005917,0.024306,0.019152,0.035741,0.026357,0.017625,0.004048,0.000174,-0.004306,-0.006026,-0.008701,-0.009961,-0.004335,-0.005085,-0.001889,-0.004235,-0.002433,-0.001361,-0.004530,-0.005706,-0.003748,-0.003102,-0.001368,-0.001742,-0.003795,-0.004112,-0.002331,-0.002411,-0.001385,-0.000332,-0.000008,0.000060,-0.000003,0.000028,0.000109,-0.000025,-0.000006,-0.000060,0.000114,-0.000105,-0.000062
-0.000520,-0.000233,-0.000281,-0.000486,-0.000866,-0.000424,-0.000345,-0.002321,-0.003166,-0.001481,-0.000767,-0.002357,-0.004347,-0.002072,-0.000054,-0.000264,-0.003048,0.000200,-0.002775,0.000901,0.013394,0.013294,0.026357,0.044472,0.039914,0.010260,0.011896,0.003090,0.000002,-0.007665,-0.005325,-0.002642,-0.006275,-0.004330,-0.010538,-0.010160,-0.004120,-0.014403,-0.014773,-0.004203,-0.001617,0.000458,-0.001726,-0.001268,-0.004304,-0.003107,-0.001713,-0.000940,-0.000253,-0.000314,0.000020,-0.000059,-0.000166,-0.000013,-0.000101,-0.000069,-0.000096,0.000011,-0.000046,-0.000054
-0.000867,-0.000630,-0.000845,-0.001132,-0.000808,-0.000445,-0.001164,-0.003577,-0.002789,-0.001383,-0.000317,-0.003073,-0.005262,-0.003466,-0.007538,-0.008391,-0.007274,-0.007705,-0.005852,-0.002572,0.008262,0.007940,0.017625,0.039914,0.054819,0.020524,0.025869,0.011235,0.004137,-0.004522,-0.000160,-0.000549,-0.005514,-0.006818,-0.012834,-0.014876,-0.004634,-0.018841,-0.018464,-0.006052,-0.006448,-0.003401,-0.003449,0.000137,-0.002645,-0.003364,-0.002235,-0.001112,-0.000540,-0.000425,-0.000314,-0.000234,-0.000240,-0.000058,-0.000196,-0.000031,-0.000116,-0.000089,-0.000087,-0.000207
-0.000363,-0.000398,-0.000229,-0.000914,-0.000378,-0.000445,-0.000887,-0.001985,-0.001103,-0.000929,0.000923,0.000049,-0.000655,0.000658,-0.008090,-0.008432,-0.005472,-0.008705,-0.005298,-0.004267,-0.001964,0.000603,0.004048,0.010260,0.020524,0.024797,0.024036,0.014200,0.007715,0.002805,0.002195,-0.001062,-0.002621,-0.002463,-0.006149,-0.006379,0.000820,-0.005275,-0.004510,-0.001253,-0.005278,-0.002962,-0.001790,-0.001111,-0.001490,-0.002610,-0.001465,-0.000333,-0.000572,-0.000124,-0.000313,-0.000216,-0.000079,-0.000103,-0.000198,-0.000051,-0.000068,-0.000105,-0.000165,-0.000226
-0.000679,-0.000665,-0.000965,-0.001472,-0.001533,-0.001647,-0.002038,-0.002792,-0.001513,-0.000718,0.000231,-0.001711,-0.003000,-0.002628,-0.013404,-0.017198,-0.015313,-0.021800,-0.011249,-0.007581,-0.003927,-0.003705,0.000174,0.011896,0.025869,0.024036,0.045621,0.027621,0.015006,0.006615,0.004633,0.000803,-0.002944,-0.005287,-0.008999,-0.009597,0.000718,-0.006186,-0.006960,-0.002779,-0.005872,-0.002391,-0.000375,0.001686,0.002553,-0.000447,-0.000331,-0.000062,-0.000121,-0.000120,-0.000056,-0.000198,-0.000224,-0.000093,-0.000135,-0.000088,-0.000096,-0.000164,-0.000148,-0.000314
-0.000448,-0.000490,-0.000740,-0.001027,-0.001209,-0.000393,-0.001795,-0.002384,-0.001459,-0.000057,0.001361,-0.000138,-0.001292,-0.003142,-0.015268,-0.018521,-0.013399,-0.019390,-0.009555,-0.007448,-0.007162,-0.005223,-0.004306,0.003090,0.011235,0.014200,0.027621,0.035989,0.025971,0.014931,0.010953,0.002689,0.000943,-0.004328,-0.006461,-0.007754,0.000635,-0.004217,-0.005762,-0.000945,-0.005142,-0.002783,-0.001183,0.000926,0.003335,-0.000339,-0.000107,-0.000242,-0.000375,-0.000173,0.000023,-0.000080,-0.000137,-0.000138,-0.000174,-0.000076,-0.000029,-0.000204,-0.000170,-0.000309
-0.000561,-0.000716,-0.000752,-0.001186,-0.001170,-0.000339,-0.001324,-0.002613,-0.002384,-0.001490,-0.000208,-0.001370,-0.001884,-0.002521,-0.013422,-0.017152,-0.009656,-0.016342,-0.008963,-0.009713,-0.013043,-0.005401,-0.006026,0.000002,0.004137,0.007715,0.015006,0.025971,0.036935,0.025178,0.019920,0.006578,0.009084,0.000814,-0.002663,-0.006731,0.002888,-0.002144,-0.002752,0.001044,-0.002100,-0.000425,0.000171,0.002111,0.003666,0.000155,0.000858,0.000522,-0.000149,-0.000313,0.000074,-0.000048,-0.000072,-0.000188,-0.000235,-0.000127,-0.000155,-0.000353,-0.000154,-0.000291
-0.000252,-0.000219,-0.000287,-0.000970,-0.001354,-0.000735,-0.001675,-0.002254,-0.001558,-0.001842,-0.002115,-0.001712,-0.001278,-0.000558,-0.010502,-0.014658,-0.009209,-0.015233,-0.007410,-0.010303,-0.018982,-0.009777,-0.008701,-0.007665,-0.004522,0.002805,0.006615,0.014931,0.025178,0.034737,0.030383,0.014025,0.017574,0.010495,0.010714,0.004780,0.005126,0.005214,0.002457,0.003856,0.005241,0.003556,0.003273,0.005654,0.005615,0.003936,0.002493,0.001314,0.000553,0.000089,0.000082,0.000026,0.000038,-0.000125,-0.000089,0.000044,-0.000035,-0.000195,-0.000108,-0.000136
-0.000337,-0.000051,0.000196,-0.000808,-0.001112,-0.000199,-0.001473,-0.002123,-0.000421,-0.000511,-0.001616,-0.002569,-0.001812,-0.001666,-0.013433,-0.016260,-0.008908,-0.014472,-0.007382,-0.012049,-0.028421,-0.012405,-0.009961,-0.005325,-0.000160,0.002195,0.004633,0.010953,0.019920,0.030383,0.046900,0.026804,0.024679,0.012915,0.016876,0.012002,0.003898,0.007204,0.006021,0.005389,0.008583,0.007562,0.006720,0.009358,0.008466,0.005761,0.003371,0.001895,0.000880,0.000126,0.000042,0.000045,0.000168,-0.000110,-0.000064,0.000035,0.000011,-0.000093,-0.000080,-0.000031
-0.000000,-0.000039,-0.000060,-0.000562,-0.000422,-0.000251,-0.000877,-0.001491,0.000627,0.000716,-0.000420,-0.001089,-0.000099,-0.000294,-0.008190,-0.010453,-0.005204,-0.006865,-0.003330,-0.005234,-0.016561,-0.005746,-0.004335,-0.002642,-0.000549,-0.001062,0.000803,0.002689,0.006578,0.014025,0.026804,0.031761,0.023540,0.012918,0.017716,0.014929,0.004502,0.009886,0.009576,0.002996,0.009271,0.008280,0.007483,0.010613,0.007921,0.004955,0.002439,0.002119,0.001012,0.000257,0.000175,0.000022,0.000135,-0.000034,0.000099,0.000051,0.000064,0.000012,-0.000011,0.000009
-0.000008,-0.000668,-0.001160,-0.001893,-0.001351,-0.001404,-0.002000,-0.002770,0.000399,-0.000051,-0.000277,-0.001858,-0.002578,-0.004948,-0.018234,-0.019821,-0.009588,-0.012017,-0.004186,-0.005601,-0.019233,-0.005540,-0.005085,-0.006275,-0.005514,-0.002621,-0.002944,0.000943,0.009084,0.017574,0.024679,0.023540,0.041545,0.022633,0.026179,0.021055,0.005271,0.014185,0.013277,0.006000,0.009229,0.010137,0.008627,0.008702,0.005446,0.004425,0.002889,0.001600,0.000765,0.000274,0.000004,0.000012,0.000139,-0.000069,-0.000023,0.000031,0.000054,-0.000072,-0.000048,-0.000013
0.000297,0.000078,-0.000236,-0.001097,-0.000955,-0.000666,-0.000298,-0.000933,0.000418,0.000021,-0.001933,-0.002775,-0.002280,-0.001098,-0.009260,-0.010625,-0.004268,-0.003400,-0.002080,-0.004109,-0.011643,-0.002238,-0.001889,-0.004330,-0.006818,-0.002463,-0.005287,-0.004328,0.000814,0.010495,0.012915,0.012918,0.022633,0.029354,0.031473,0.025943,0.006642,0.013134,0.009211,0.004391,0.008141,0.006499,0.005170,0.003939,0.000614,0.003184,0.001228,0.000362,0.000409,0.000263,-0.000035,0.000068,0.000081,0.000012,0.000032,-0.000028,0.000004,-0.000001,-0.000061,0.000115
0.000514,0.000652,0.000002,-0.001118,-0.001229,0.000443,-0.000625,-0.000096,0.002385,0.001000,-0.002633,-0.004054,-0.003252,-0.002782,-0.013194,-0.011621,-0.005124,-0.003647,-0.003712,-0.005208,-0.017559,-0.007236,-0.004235,-0.010538,-0.012834,-0.006149,-0.008999,-0.006461,-0.002663,0.010714,0.016876,0.017716,0.026179,0.031473,0.059175,0.051624,0.010829,0.026576,0.017403,0.005812,0.011707,0.009288,0.007458,0.008140,0.000384,0.004641,0.002252,0.000854,0.000717,0.000357,-0.000188,0.000119,0.000063,0.000037,0.000023,0.000004,0.000025,-0.000002,0.000063,0.000276
0.000465,0.000978,0.000620,-0.000341,-0.000690,0.000574,0.000122,0.001230,0.003586,0.002298,-0.000485,-0.002484,-0.001899,-0.001545,-0.010511,-0.007672,-0.003738,-0.004210,-0.007671,-0.007548,-0.020750,-0.007909,-0.002433,-0.010160,-0.014876,-0.006379,-0.009597,-0.007754,-0.006731,0.004780,0.012002,0.014929,0.021055,0.025943,0.051624,0.062716,0.013891,0.033407,0.021963,0.005797,0.010567,0.009404,0.008443,0.009674,0.000742,0.001747,0.001574,0.001819,0.001187,0.000192,-0.000050,0.000174,0.000051,0.000010,-0.000020,-0.000038,0.000013,0.000035,0.000067,0.000277
0.000006,-0.000030,-0.000146,-0.000535,-0.000689,-0.000015,0.000519,0.001103,0.000835,0.000474,-0.000406,-0.001464,-0.001624,-0.000126,-0.002862,-0.002132,-0.001249,-0.001937,-0.001020,-0.001386,-0.007026,-0.001224,-0.001361,-0.004120,-0.004634,0.000820,0.000718,0.000635,0.002888,0.005126,0.003898,0.004502,0.005271,0.006642,0.010829,0.013891,0.014173,0.012372,0.007706,0.002717,0.004089,0.002935,0.001966,0.002528,0.000191,0.000171,0.000651,0.000720,0.000334,0.000202,0.000087,0.000033,0.000027,0.000009,-0.000005,-0.000028,0.000007,0.000052,-0.000027,-0.000028
0.000552,0.000327,0.000341,0.000040,0.000008,-0.000792,0.000201,0.001479,0.003916,0.003295,0.001338,0.000540,-0.000158,-0.000966,-0.007383,-0.005432,-0.003656,-0.005021,-0.004716,-0.002226,-0.010355,-0.006283,-0.004530,-0.014403,-0.018841,-0.005275,-0.006186,-0.004217,-0.002144,0.005214,0.007204,0.009886,0.014185,0.013134,0.026576,0.033407,0.012372,0.039875,0.030663,0.006337,0.008457,0.007972,0.007757,0.009724,0.004832,0.003858,0.002406,0.002022,0.001328,0.000429,0.000084,0.000123,0.000171,0.000015,0.000183,0.000085,0.000065,0.000143,0.000077,0.000194
0.000649,0.000161,0.000033,-0.000014,0.000367,-0.000524,0.000855,0.002301,0.003986,0.003672,0.003312,0.002400,0.002216,-0.000552,-0.005861,-0.005910,-0.008120,-0.006467,-0.002541,0.000085,-0.007108,-0.005845,-0.005706,-0.014773,-0.018464,-0.004510,-0.006960,-0.005762,-0.002752,0.002457,0.006021,0.009576,0.013277,0.009211,0.017403,0.021963,0.007706,0.030663,0.037480,0.009340,0.007940,0.008643,0.009203,0.012562,0.007764,0.005344,0.002975,0.002771,0.001629,0.000504,0.000220,0.000022,0.000229,0.000034,0.000235,0.000116,0.000097,0.000209,0.000128,0.000177
0.000022,-0.000080,0.000039,-0.000434,-0.000588,-0.000476,-0.000285,-0.000351,-0.000127,-0.000669,0.000243,-0.000019,-0.000880,-0.001595,-0.004309,-0.004775,-0.006026,-0.005408,-0.002122,-0.000860,-0.005981,-0.002429,-0.003748,-0.004203,-0.006052,-0.001253,-0.002779,-0.000945,0.001044,0.003856,0.005389,0.002996,0.006000,0.004391,0.005812,0.005797,0.002717,0.006337,0.009340,0.010409,0.007658,0.005181,0.003669,0.003857,0.002374,0.002782,0.001909,0.001192,0.000662,0.000190,0.000147,-0.000004,0.000029,-0.000052,-0.000048,0.000020,-0.000013,0.000021,-0.000001,0.000043
-0.000001,0.000254,0.000292,0.000122,-0.000450,0.000028,0.000074,-0.000332,-0.000011,-0.000823,-0.000949,-0.000511,-0.001261,-0.001063,-0.003535,-0.002860,-0.005756,-0.003357,-0.001610,-0.002447,-0.008237,-0.002897,-0.003102,-0.001617,-0.006448,-0.005278,-0.005872,-0.005142,-0.002100,0.005241,0.008583,0.009271,0.009229,0.008141,0.011707,0.010567,0.004089,0.008457,0.007940,0.007658,0.017211,0.012510,0.007340,0.007753,0.003096,0.005332,0.003058,0.001422,0.000900,0.000264,0.000396,0.000157,0.000105,-0.000051,0.000006,0.000019,0.000007,0.000037,0.000071,0.000220
0.000231,0.000388,0.000207,0.000154,-0.000194,0.000140,0.000481,0.000467,0.000150,-0.000285,-0.000777,-0.000198,-0.000910,-0.000521,-0.003270,-0.003253,-0.006915,-0.005784,-0.002020,-0.002419,-0.006087,-0.002935,-0.001368,0.000458,-0.003401,-0.002962,-0.002391,-0.002783,-0.000425,0.003556,0.007562,0.008280,0.010137,0.006499,0.009288,0.009404,0.002935,0.007972,0.008643,0.005181,0.012510,0.017404,0.009822,0.007567,0.005363,0.005747,0.003579,0.001873,0.001183,0.000318,0.000578,0.000205,0.000128,-0.000024,0.000093,0.000010,0.000006,0.000096,0.000090,0.000170
0.000008,-0.000015,-0.000219,-0.000181,-0.000393,-0.000290,-0.000071,-0.000237,0.000150,0.000426,0.000406,0.000218,-0.000285,-0.000909,-0.005004,-0.005042,-0.005100,-0.005310,-0.001579,-0.000470,-0.004117,-0.000651,-0.001742,-0.001726,-0.003449,-0.001790,-0.000375,-0.001183,0.000171,0.003273,0.006720,0.007483,0.008627,0.005170,0.007458,0.008443,0.001966,0.007757,0.009203,0.003669,0.007340,0.009822,0.011254,0.009444,0.005894,0.004444,0.002558,0.001797,0.001061,0.000233,0.000323,0.000064,0.000091,-0.000041,0.000045,0.000011,0.000005,0.000069,0.000022,0.000090
-0.000037,-0.000097,-0.000287,-0.000079,-0.000330,-0.000505,0.000094,-0.000105,0.001590,0.001737,0.001670,0.000591,0.000366,-0.001678,-0.005446,-0.005608,-0.007194,-0.005790,-0.003919,-0.000571,-0.004879,-0.001636,-0.003795,-0.001268,0.000137,-0.001111,0.001686,0.000926,0.002111,0.005654,0.009358,0.010613,0.008702,0.003939,0.008140,0.009674,0.002528,0.009724,0.012562,0.003857,0.007753,0.007567,0.009444,0.018267,0.008011,0.004831,0.002716,0.002341,0.001044,0.000095,0.000414,0.000017,0.000050,-0.000007,0.000105,0.000064,0.000006,0.000059,0.000097,0.000082
0.000236,0.000303,0.000157,0.000134,-0.000087,-0.000421,-0.000214,0.000154,0.000722,0.001553,0.000748,0.000838,0.001388,-0.000358,-0.003112,-0.004210,-0.005360,-0.006227,-0.002887,-0.001447,-0.003789,-0.003555,-0.004112,-0.004304,-0.002645,-0.001490,0.002553,0.003335,0.003666,0.005615,0.008466,0.007921,0.005446,0.000614,0.000384,0.000742,0.000191,0.004832,0.007764,0.002374,0.003096,0.005363,0.005894,0.008011,0.011246,0.006372,0.003246,0.002044,0.001216,0.000300,0.000386,0.000122,0.000071,0.000013,0.000150,0.000071,0.000011,0.000074,0.000053,-0.000009
0.000267,0.000338,0.000220,0.000144,-0.000084,-0.000091,0.000334,0.000063,0.000406,0.000799,-0.000303,0.000037,-0.000126,-0.000710,-0.001776,-0.002168,-0.002442,-0.002587,-0.000470,-0.000617,-0.003098,-0.001886,-0.002331,-0.003107,-0.003364,-0.002610,-0.000447,-0.000339,0.000155,0.003936,0.005761,0.004955,0.004425,0.003184,0.004641,0.001747,0.000171,0.003858,0.005344,0.002782,0.005332,0.005747,0.004444,0.004831,0.006372,0.007835,0.003522,0.001491,0.000984,0.000367,0.000247,0.000109,0.000116,0.000011,0.000171,0.000089,0.000035,0.000115,0.000065,0.000082
0.000120,0.000112,0.000125,0.000137,0.000003,0.000091,0.000409,-0.000087,-0.000059,-0.000028,-0.000262,-0.000304,-0.000294,-0.000244,-0.001735,-0.002151,-0.001446,-0.002498,-0.001163,-0.001023,-0.004520,-0.002310,-0.002411,-0.001713,-0.002235,-0.001465,-0.000331,-0.000107,0.000858,0.002493,0.003371,0.002439,0.002889,0.001228,0.002252,0.001574,0.000651,0.002406,0.002975,0.001909,0.003058,0.003579,0.002558,0.002716,0.003246,0.003522,0.003197,0.001471,0.000759,0.000239,0.000164,0.000072,0.000057,0.000017,0.000076,0.000039,0.000011,0.000051,0.000041,0.000041
0.000099,0.000102,0.000167,0.000112,0.000066,0.000033,0.000469,0.000116,0.000346,0.000316,0.000200,0.000194,0.000142,0.000244,-0.000265,-0.000605,-0.000726,-0.001041,-0.000903,-0.000258,-0.002848,-0.001550,-0.001385,-0.000940,-0.001112,-0.000333,-0.000062,-0.000242,0.000522,0.001314,0.001895,0.002119,0.001600,0.000362,0.000854,0.001819,0.000720,0.002022,0.002771,0.001192,0.001422,0.001873,0.001797,0.002341,0.002044,0.001491,0.001471,0.001488,0.000669,0.000135,0.000125,0.000031,0.000024,0.000010,0.000028,0.000025,0.000018,0.000034,0.000025,0.000001
0.000060,0.000083,0.000059,0.000014,-0.000068,-0.000016,0.000220,0.000262,0.000353,0.000407,0.000268,0.000189,0.000135,0.000164,-0.000160,-0.000263,-0.000626,-0.000734,-0.000553,-0.000152,-0.001311,-0.000714,-0.000332,-0.000253,-0.000540,-0.000572,-0.000121,-0.000375,-0.000149,0.000553,0.000880,0.001012,0.000765,0.000409,0.000717,0.001187,0.000334,0.001328,0.001629,0.000662,0.000900,0.001183,0.001061,0.001044,0.001216,0.000984,0.000759,0.000669,0.000516,0.000115,0.000066,0.000019,0.000009,0.000002,0.000031,0.000014,0.000003,0.000018,0.000004,0.000003
0.000030,0.000016,-0.000004,-0.000024,-0.000015,-0.000017,0.000050,0.000054,0.000049,0.000073,-0.000013,0.000020,0.000048,0.000081,-0.000043,-0.000051,-0.000250,-0.000173,0.000058,0.000025,-0.000126,-0.000143,-0.000008,-0.000314,-0.000425,-0.000124,-0.000120,-0.000173,-0.000313,0.000089,0.000126,0.000257,0.000274,0.000263,0.000357,0.000192,0.000202,0.000429,0.000504,0.000190,0.000264,0.000318,0.000233,0.000095,0.000300,0.000367,0.000239,0.000135,0.000115,0.000088,0.000016,0.000006,0.000011,-0.000000,0.000019,0.000009,0.000006,0.000014,0.000001,0.000002
0.000021,0.000042,0.000037,0.000046,0.000004,0.000014,0.000105,0.000100,-0.000006,0.000048,0.000010,0.000049,0.000068,0.000056,0.000329,0.000242,-0.000209,-0.000169,-0.000068,0.000083,-0.000021,-0.000012,0.000060,0.000020,-0.000314,-0.000313,-0.000056,0.000023,0.000074,0.000082,0.000042,0.000175,0.000004,-0.000035,-0.000188,-0.000050,0.000087,0.000084,0.000220,0.000147,0.000396,0.000578,0.000323,0.000414,0.000386,0.000247,0.000164,0.000125,0.000066,0.000016,0.000096,0.000017,0.000008,0.000007,0.000011,0.000001,0.000001,0.000008,0.000010,0.000012
0.000022,0.000055,0.000061,0.000069,0.000033,0.000047,0.000042,0.000032,-0.000001,0.000005,-0.000045,0.000012,0.000031,0.000038,0.000007,0.000064,-0.000057,-0.000003,-0.000089,-0.000134,-0.000270,-0.000154,-0.000003,-0.000059,-0.000234,-0.000216,-0.000198,-0.000080,-0.000048,0.000026,0.000045,0.000022,0.000012,0.000068,0.000119,0.000174,0.000033,0.000123,0.000022,-0.000004,0.000157,0.000205,0.000064,0.000017,0.000122,0.000109,0.000072,0.000031,0.000019,0.000006,0.000017,0.000029,0.000006,0.000004,0.000008,0.000003,0.000001,0.000004,0.000005,0.000006
0.000009,0.000015,0.000026,0.000041,0.000048,0.000027,0.000020,-0.000020,-0.000022,0.000031,0.000012,0.000002,0.000016,-0.000020,-0.000058,-0.000058,-0.000052,-0.000058,-0.000034,-0.000001,-0.000144,0.000051,0.000028,-0.000166,-0.000240,-0.000079,-0.000224,-0.000137,-0.000072,0.000038,0.000168,0.000135,0.000139,0.000081,0.000063,0.000051,0.000027,0.000171,0.000229,0.000029,0.000105,0.000128,0.000091,0.000050,0.000071,0.000116,0.000057,0.000024,0.000009,0.000011,0.000008,0.000006,0.000022,0.000001,0.000007,0.000005,0.000005,0.000008,0.000003,0.000005
0.000013,0.000009,0.000021,0.000013,0.000007,0.000009,0.000024,0.000032,0.000034,0.000007,-0.000030,-0.000030,-0.000011,-0.000003,0.000085,0.000110,0.000046,0.000103,0.000069,0.000121,0.000125,0.000042,0.000109,-0.000013,-0.000058,-0.000103,-0.000093,-0.000138,-0.000188,-0.000125,-0.000110,-0.000034,-0.000069,0.000012,0.000037,0.000010,0.000009,0.000015,0.000034,-0.000052,-0.000051,-0.000024,-0.000041,-0.000007,0.000013,0.000011,0.000017,0.000010,0.000002,-0.000000,0.000007,0.000004,0.000001,0.000015,0.000006,0.000002,0.000003,0.000006,0.000005,0.000002
0.000025,0.000031,0.000032,0.000057,0.000053,-0.000005,0.000052,0.000086,0.000038,0.000066,-0.000010,0.000044,0.000059,0.000135,0.000234,0.000209,0.000063,0.000131,0.000103,0.000093,-0.000001,-0.000041,-0.000025,-0.000101,-0.000196,-0.000198,-0.000135,-0.000174,-0.000235,-0.000089,-0.000064,0.000099,-0.000023,0.000032,0.000023,-0.000020,-0.000005,0.000183,0.000235,-0.000048,0.000006,0.000093,0.000045,0.000105,0.000150,0.000171,0.000076,0.000028,0.000031,0.000019,0.000011,0.000008,0.000007,0.000006,0.000036,0.000009,0.000008,0.000016,0.000009,0.000005
0.000009,0.000011,0.000006,0.000024,0.000039,0.000008,0.000016,0.000020,0.000042,0.000042,0.000031,0.000052,0.000043,0.000034,0.000038,0.000080,0.000032,0.000020,0.000015,0.000068,0.000073,-0.000049,-0.000006,-0.000069,-0.000031,-0.000051,-0.000088,-0.000076,-0.000127,0.000044,0.000035,0.000051,0.000031,-0.000028,0.000004,-0.000038,-0.000028,0.000085,0.000116,0.000020,0.000019,0.000010,0.000011,0.000064,0.000071,0.000089,0.000039,0.000025,0.000014,0.000009,0.000001,0.000003,0.000005,0.000002,0.000009,0.000013,0.000006,0.000007,0.000005,0.000002
0.000005,0.000004,0.000007,0.000026,0.000031,0.000022,0.000042,0.000033,0.000066,0.000054,0.000042,0.000040,0.000052,0.000045,0.000048,0.000087,0.000020,0.000002,0.000035,0.000084,0.000011,-0.000022,-0.000060,-0.000096,-0.000116,-0.000068,-0.000096,-0.000029,-0.000155,-0.000035,0.000011,0.000064,0.000054,0.000004,0.000025,0.000013,0.000007,0.000065,0.000097,-0.000013,0.000007,0.000006,0.000005,0.000006,0.000011,0.000035,0.000011,0.000018,0.000003,0.000006,0.000001,0.000001,0.000005,0.000003,0.000008,0.000006,0.000016,0.000012,0.000004,0.000004
0.000017,0.000020,0.000023,0.000042,0.000048,0.000013,0.000057,0.000072,0.000047,0.000061,0.000006,0.000014,0.000030,0.000088,0.000141,0.000191,0.000043,0.000091,0.000080,0.000122,0.000172,0.000070,0.000114,0.000011,-0.000089,-0.000105,-0.000164,-0.000204,-0.000353,-0.000195,-0.000093,0.000012,-0.000072,-0.000001,-0.000002,0.000035,0.000052,0.000143,0.000209,0.000021,0.000037,0.000096,0.000069,0.000059,0.000074,0.000115,0.000051,0.000034,0.000018,0.000014,0.000008,0.000004,0.000008,0.000006,0.000016,0.000007,0.000012,0.000029,0.000008,0.000005
0.000015,0.000017,0.000025,0.000062,0.000051,-0.000010,0.000025,0.000018,0.000005,-0.000026,-0.000035,-0.000026,0.000005,-0.000033,0.000080,0.000085,0.000016,0.000035,0.000043,0.000017,-0.000040,-0.000105,-0.000105,-0.000046,-0.000087,-0.000165,-0.000148,-0.000170,-0.000154,-0.000108,-0.000080,-0.000011,-0.000048,-0.000061,0.000063,0.000067,-0.000027,0.000077,0.000128,-0.000001,0.000071,0.000090,0.000022,0.000097,0.000053,0.000065,0.000041,0.000025,0.000004,0.000001,0.000010,0.000005,0.000003,0.000005,0.000009,0.000005,0.000004,0.000008,0.000020,0.000013
0.000018,0.000034,0.000040,0.000090,0.000070,0.000009,0.000044,0.000030,0.000004,-0.000024,-0.000028,-0.000019,0.000004,-0.000057,0.000106,0.000120,0.000024,0.000024,0.000002,-0.000065,-0.000128,-0.000081,-0.000062,-0.000054,-0.000207,-0.000226,-0.000314,-0.000309,-0.000291,-0.000136,-0.000031,0.000009,-0.000013,0.000115,0.000276,0.000277,-0.000028,0.000194,0.000177,0.000043,0.000220,0.000170,0.000090,0.000082,-0.000009,0.000082,0.000041,0.000001,0.000003,0.000002,0.000012,0.000006,0.000005,0.000002,0.000005,0.000002,0.000004,0.000005,0.000013,0.000028
