0.000195,0.000166,0.000098,0.000093,0.000067,0.000051,0.000105,0.000391,0.000494,0.000451,0.000188,0.000145,0.000114,0.000009,0.000300,0.000162,-0.000280,-0.000241,-0.000304,0.000211,0.000382,-0.000534,0.000090,-0.000336,-0.000669,-0.000459,-0.000597,-0.000301,-0.000540,-0.000050,-0.000234,0.000046,0.000072,0.000110,0.000691,0.000778,0.000290,0.000932,0.000822,0.000052,-0.000065,0.000235,0.000198,0.000273,0.000446,0.000409,0.000150,0.000098,0.000101,0.000041,0.000025,0.000022,0.000006,0.000012,0.000021,0.000015,0.000011,0.000018,0.000012,0.000013
0.000166,0.000324,0.000233,0.000213,0.000084,0.000129,0.000049,0.000287,0.000397,0.000448,0.000152,0.000169,0.000070,-0.000048,0.000224,0.000240,-0.000243,-0.000350,-0.000312,0.000153,0.000210,-0.000514,0.000405,0.000045,-0.000514,-0.000372,-0.000517,-0.000203,-0.000465,-0.000012,-0.000003,0.000202,-0.000103,0.000042,0.000688,0.000735,0.000134,0.000774,0.000542,0.000026,0.000140,0.000478,0.000334,0.000144,0.000495,0.000476,0.000158,0.000049,0.000098,0.000036,0.000049,0.000036,0.000019,0.000012,0.000025,0.000013,0.000010,0.000021,0.000012,0.000020
0.000098,0.000233,0.000488,0.000433,0.000261,0.000176,0.000104,0.000226,0.000196,0.000248,0.000079,0.000102,-0.000055,0.000023,0.000602,0.000669,0.000298,0.000238,-0.000098,0.000471,0.000202,-0.000149,0.000375,-0.000029,-0.000652,-0.000303,-0.000806,-0.000548,-0.000113,0.000021,-0.000316,0.000305,-0.000446,-0.000272,0.000414,0.000467,-0.000108,0.000522,0.000323,-0.000057,0.000200,0.000461,0.000119,-0.000154,0.000346,0.000333,0.000194,0.000113,0.000075,0.000017,0.000069,0.000041,0.000031,0.000037,0.000022,0.000019,0.000023,0.000016,0.000020,0.000024
0.000093,0.000213,0.000433,0.000897,0.000678,0.000310,0.000284,0.000521,0.000464,0.000445,0.000249,0.000170,-0.000011,0.000008,0.000942,0.000962,0.000579,0.000443,0.000573,0.000805,0.000812,0.000366,0.000475,0.000108,-0.000436,-0.001253,-0.001482,-0.001177,-0.000626,-0.000380,-0.000916,0.000354,-0.000706,-0.000836,-0.000189,-0.000054,-0.000245,0.000388,0.000291,-0.000505,0.000149,0.000673,0.000232,0.000159,0.000282,0.000298,0.000219,0.000037,0.000022,0.000012,0.000079,0.000043,0.000040,0.000034,0.000039,0.000039,0.000046,0.000035,0.000048,0.000057
0.000067,0.000084,0.000261,0.000678,0.001092,0.000327,0.000239,0.000324,0.000326,0.000353,0.000270,0.000232,0.000109,0.000172,0.000842,0.001107,0.001211,0.001298,0.000853,0.001074,0.001165,0.000433,-0.000006,-0.000173,0.000002,-0.000698,-0.001158,-0.001486,-0.000583,-0.000750,-0.000870,0.000457,-0.000286,-0.000599,-0.000118,0.000072,-0.000392,0.000557,0.000704,-0.000788,-0.000398,0.000240,0.000101,0.000009,-0.000032,-0.000048,-0.000009,-0.000007,-0.000054,-0.000003,0.000021,0.000008,0.000039,0.000024,0.000038,0.000046,0.000048,0.000040,0.000040,0.000034
0.000051,0.000129,0.000176,0.000310,0.000327,0.000886,0.000468,0.000445,0.000245,0.000342,0.000247,0.000226,0.000181,0.000205,0.001053,0.001574,0.001660,0.001498,0.000743,0.000847,0.000825,0.000609,0.000473,0.000582,0.000328,-0.000627,-0.001371,-0.001240,-0.000561,-0.001221,-0.000736,-0.000387,-0.001089,-0.000589,-0.000105,0.000245,-0.000041,-0.000782,-0.000523,-0.000412,-0.000204,0.000272,-0.000057,-0.000535,-0.000536,-0.000194,0.000088,0.000015,-0.000013,-0.000023,0.000004,0.000027,0.000020,0.000017,-0.000007,-0.000006,0.000008,0.000007,0.000006,0.000004
0.000105,0.000049,0.000104,0.000284,0.000239,0.000468,0.001863,0.001358,0.001349,0.000935,0.000616,0.000493,0.000497,0.000750,0.002274,0.002543,0.001908,0.001816,0.000774,0.001274,0.000629,0.000216,0.000272,-0.000414,-0.001655,-0.001413,-0.002229,-0.001720,-0.000873,-0.000960,-0.001290,-0.000824,-0.000436,0.000485,0.000593,0.001275,0.001224,0.001375,0.001348,0.000003,0.000464,0.000771,0.000245,0.000327,0.000005,0.000464,0.000532,0.000566,0.000218,0.000047,0.000118,0.000046,0.000021,0.000035,0.000030,0.000029,0.000042,0.000044,0.000048,0.000067
0.000391,0.000287,0.000226,0.000521,0.000324,0.000445,0.001358,0.004275,0.003832,0.002711,0.001403,0.001295,0.000856,0.000631,0.003380,0.003232,0.000933,0.000908,0.000391,0.002194,0.001751,-0.001073,-0.000074,-0.002691,-0.004963,-0.002706,-0.003934,-0.003077,-0.003340,-0.001432,-0.002985,-0.001593,-0.000429,0.001356,0.002938,0.004962,0.002262,0.004185,0.003771,0.000173,0.000482,0.001193,0.000504,0.000515,0.000685,0.000440,0.000091,0.000271,0.000299,0.000036,0.000162,0.000082,0.000002,0.000090,0.000054,0.000054,0.000033,0.000071,0.000066,0.000070
0.000494,0.000397,0.000196,0.000464,0.000326,0.000245,0.001349,0.003832,0.006055,0.004187,0.002301,0.001332,0.000790,0.000129,0.001793,0.001589,0.000414,0.000902,0.000539,0.002882,0.002530,-0.002502,-0.000818,-0.004132,-0.005687,-0.001800,-0.003391,-0.002664,-0.003987,-0.001384,-0.002356,-0.000212,0.001440,0.002564,0.004797,0.006560,0.002260,0.006874,0.005520,0.000062,0.000313,0.000633,0.000637,0.001841,0.001430,0.000681,0.000058,0.000447,0.000348,0.000024,0.000094,0.000092,0.000014,0.000107,0.000040,0.000085,0.000039,0.000078,0.000063,0.000077
0.000451,0.000448,0.000248,0.000445,0.000353,0.000342,0.000935,0.002711,0.004187,0.004766,0.002511,0.001531,0.001216,0.000459,0.002526,0.002226,0.001507,0.001283,0.000307,0.001997,0.002541,-0.001449,0.000344,-0.002197,-0.003728,-0.001286,-0.002368,-0.001623,-0.002619,-0.001133,-0.001173,0.000547,0.000748,0.001704,0.003074,0.004011,0.001158,0.003952,0.003358,-0.000265,-0.000734,0.000069,0.000338,0.000994,0.001469,0.001033,0.000133,0.000226,0.000257,0.000047,0.000042,0.000066,0.000049,0.000048,0.000057,0.000054,0.000022,0.000069,0.000012,0.000039
0.000188,0.000152,0.000079,0.000249,0.000270,0.000247,0.000616,0.001403,0.002301,0.002511,0.003506,0.002279,0.002071,0.000986,0.001845,0.001915,0.002414,0.001717,0.001337,0.002564,0.002648,-0.000191,0.000300,-0.000856,-0.001847,0.000444,-0.001165,-0.000192,-0.001138,-0.002007,-0.001549,0.000019,0.000035,-0.000750,-0.001732,-0.000064,-0.000390,0.000615,0.001045,0.000308,-0.000700,-0.000741,-0.000074,0.000557,0.000443,0.000004,0.000024,0.000054,0.000095,-0.000022,-0.000020,-0.000003,0.000023,-0.000021,-0.000022,0.000017,0.000006,0.000002,-0.000032,0.000001
0.000145,0.000169,0.000102,0.000170,0.000232,0.000226,0.000493,0.001295,0.001332,0.001531,0.002279,0.003804,0.003208,0.002236,0.003902,0.004419,0.004020,0.002874,0.001051,0.001155,0.001718,-0.000017,0.000179,-0.001472,-0.002134,-0.000083,-0.001363,-0.000728,-0.001684,-0.002411,-0.002094,-0.000859,-0.001328,-0.001938,-0.002643,-0.000814,-0.001230,-0.000425,-0.000232,-0.000391,-0.000611,-0.000383,0.000168,0.000448,0.000720,0.000237,0.000017,0.000207,0.000155,-0.000011,0.000033,0.000017,-0.000013,-0.000020,0.000036,0.000034,-0.000004,-0.000015,-0.000020,-0.000011
0.000114,0.000070,-0.000055,-0.000011,0.000109,0.000181,0.000497,0.000856,0.000790,0.001216,0.002071,0.003208,0.004877,0.003478,0.006303,0.006918,0.005490,0.004429,0.001624,0.001173,0.001383,-0.000302,-0.000004,-0.002264,-0.003599,-0.000752,-0.002551,-0.002001,-0.002705,-0.002602,-0.001438,-0.000484,-0.002081,-0.002552,-0.004186,-0.002217,-0.001837,-0.001125,0.000084,-0.000731,-0.000984,-0.000821,-0.000200,0.000535,0.000883,-0.000008,0.000012,0.000252,0.000155,0.000015,0.000024,0.000015,0.000010,-0.000036,0.000036,0.000043,0.000017,-0.000000,-0.000010,0.000016
0.000009,-0.000048,0.000023,0.000008,0.000172,0.000205,0.000750,0.000631,0.000129,0.000459,0.000986,0.002236,0.003478,0.006031,0.006580,0.007654,0.005808,0.004598,0.002156,-0.000002,-0.001973,-0.001706,-0.000447,-0.001442,-0.002850,-0.000465,-0.002126,-0.002170,-0.002652,-0.001857,-0.001145,-0.001113,-0.003072,-0.002053,-0.003206,-0.001482,-0.001226,-0.001458,-0.000565,-0.000748,-0.000476,-0.000324,-0.000418,-0.000566,-0.000158,-0.000257,0.000041,0.000273,0.000128,0.000032,0.000046,0.000013,-0.000002,-0.000018,0.000034,0.000058,0.000041,-0.000008,-0.000031,-0.000006
0.000300,0.000224,0.000602,0.000942,0.000842,0.001053,0.002274,0.003380,0.001793,0.002526,0.001845,0.003902,0.006303,0.006580,0.038407,0.041077,0.025851,0.028280,0.014826,0.014013,0.016801,0.005126,0.005596,0.003289,-0.003302,-0.007587,-0.010840,-0.013447,-0.013013,-0.011606,-0.014182,-0.009433,-0.016731,-0.011546,-0.013912,-0.011090,-0.003012,-0.007976,-0.006749,-0.004197,-0.002074,-0.001709,-0.003151,-0.003250,-0.001514,-0.000592,-0.000572,0.000174,0.000091,-0.000057,0.000352,0.000029,0.000008,0.000059,0.000137,0.000057,0.000088,0.000002,0.000041,0.000164
0.000162,0.000240,0.000669,0.000962,0.001107,0.001574,0.002543,0.003232,0.001589,0.002226,0.001915,0.004419,0.006918,0.007654,0.041077,0.052921,0.035988,0.038986,0.020367,0.017893,0.022952,0.008480,0.007724,0.003300,-0.003867,-0.007837,-0.014650,-0.016308,-0.016596,-0.017346,-0.017968,-0.011473,-0.020313,-0.013172,-0.014627,-0.011230,-0.002417,-0.008376,-0.008200,-0.005044,-0.001826,-0.002538,-0.003429,-0.004233,-0.002589,-0.001061,-0.001173,-0.000138,-0.000100,-0.000077,0.000293,0.000063,0.000036,0.000053,0.000139,0.000086,0.000127,0.000054,0.000014,0.000165
-0.000280,-0.000243,0.000298,0.000579,0.001211,0.001660,0.001908,0.000933,0.000414,0.001507,0.002414,0.004020,0.005490,0.005808,0.025851,0.035988,0.041896,0.035314,0.019244,0.013481,0.010750,0.008950,0.004159,-0.000989,-0.006689,-0.005056,-0.014235,-0.011968,-0.009982,-0.012108,-0.009518,-0.005478,-0.011458,-0.007520,-0.006209,-0.005182,-0.001694,-0.005422,-0.007403,-0.005622,-0.004597,-0.005125,-0.004157,-0.005638,-0.004633,-0.001786,-0.000843,-0.000417,-0.000521,-0.000333,-0.000076,-0.000027,0.000096,-0.000009,-0.000003,0.000047,0.000074,-0.000032,-0.000037,0.000081
-0.000241,-0.000350,0.000238,0.000443,0.001298,0.001498,0.001816,0.000908,0.000902,0.001283,0.001717,0.002874,0.004429,0.004598,0.028280,0.038986,0.035314,0.047470,0.026401,0.020256,0.021473,0.011478,0.008473,0.002981,-0.005067,-0.007169,-0.018733,-0.017247,-0.014314,-0.016922,-0.015016,-0.006928,-0.013037,-0.007089,-0.007159,-0.008216,-0.002510,-0.009249,-0.007789,-0.005795,-0.003064,-0.004936,-0.004129,-0.005076,-0.005504,-0.002593,-0.002152,-0.000887,-0.000699,-0.000275,-0.000063,-0.000008,0.000068,0.000051,0.000055,0.000036,0.000032,0.000000,-0.000025,0.000071
-0.000304,-0.000312,-0.000098,0.000573,0.000853,0.000743,0.000774,0.000391,0.000539,0.000307,0.001337,0.001051,0.001624,0.002156,0.014826,0.020367,0.019244,0.026401,0.026563,0.018034,0.016032,0.010027,0.005077,-0.000814,-0.005585,-0.004708,-0.011028,-0.011764,-0.010151,-0.008865,-0.009315,-0.004139,-0.005726,-0.003581,-0.004924,-0.009069,-0.002656,-0.007518,-0.003609,-0.002388,-0.001080,-0.001157,-0.001772,-0.004056,-0.002917,-0.000577,-0.000877,-0.001003,-0.000623,-0.000017,-0.000072,-0.000049,0.000058,0.000048,0.000080,0.000031,-0.000007,0.000047,0.000008,0.000077
0.000211,0.000153,0.000471,0.000805,0.001074,0.000847,0.001274,0.002194,0.002882,0.001997,0.002564,0.001155,0.001173,-0.000002,0.014013,0.017893,0.013481,0.020256,0.018034,0.027607,0.024042,0.011818,0.006666,-0.000178,-0.005638,-0.004372,-0.010707,-0.012287,-0.013006,-0.011238,-0.013592,-0.005841,-0.007586,-0.005152,-0.003384,-0.004397,-0.002411,-0.002339,0.000738,-0.000760,-0.000819,-0.000756,-0.000549,-0.000895,-0.001158,-0.000769,-0.000509,-0.000033,-0.000129,0.000012,0.000133,-0.000007,0.000093,0.000157,0.000156,0.000108,0.000070,0.000133,0.000050,0.000047
0.000382,0.000210,0.000202,0.000812,0.001165,0.000825,0.000629,0.001751,0.002530,0.002541,0.002648,0.001718,0.001383,-0.001973,0.016801,0.022952,0.010750,0.021473,0.016032,0.024042,0.063880,0.026839,0.025423,0.014037,0.011753,0.001826,-0.002307,-0.009296,-0.014863,-0.019405,-0.028995,-0.017640,-0.021676,-0.014891,-0.018355,-0.021062,-0.007098,-0.010416,-0.008725,-0.006144,-0.006032,-0.004572,-0.004190,-0.004351,-0.001879,-0.002912,-0.003201,-0.001885,-0.000999,-0.000095,0.000014,-0.000084,-0.000090,0.000177,0.000005,0.000143,0.000003,0.000104,-0.000028,-0.000052
-0.000534,-0.000514,-0.000149,0.000366,0.000433,0.000609,0.000216,-0.001073,-0.002502,-0.001449,-0.000191,-0.000017,-0.000302,-0.001706,0.005126,0.008480,0.008950,0.011478,0.010027,0.011818,0.026839,0.030697,0.020794,0.014803,0.011640,0.004595,0.000958,-0.005930,-0.007158,-0.010710,-0.012466,-0.008154,-0.009670,-0.006109,-0.009690,-0.010846,-0.002056,-0.010622,-0.010159,-0.003875,-0.002704,-0.001458,-0.001152,-0.003616,-0.003828,-0.003044,-0.001917,-0.001497,-0.000753,-0.000104,-0.000118,-0.000146,0.000045,0.000042,-0.000047,-0.000046,-0.000037,0.000009,-0.000079,-0.000119
0.000090,0.000405,0.000375,0.000475,-0.000006,0.000473,0.000272,-0.000074,-0.000818,0.000344,0.000300,0.000179,-0.000004,-0.000447,0.005596,0.007724,0.004159,0.008473,0.005077,0.006666,0.025423,0.020794,0.038258,0.028080,0.018751,0.008949,0.004396,-0.004236,-0.008462,-0.011506,-0.012265,-0.008570,-0.011934,-0.009271,-0.011139,-0.009899,-0.001423,-0.007548,-0.008664,-0.004615,-0.002157,0.000527,-0.000987,-0.004887,-0.003420,-0.002215,-0.001318,-0.000913,-0.000095,0.000024,0.000046,0.000108,0.000095,0.000092,-0.000046,0.000040,-0.000040,0.000043,-0.000067,-0.000048
-0.000336,0.000045,-0.000029,0.000108,-0.000173,0.000582,-0.000414,-0.002691,-0.004132,-0.002197,-0.000856,-0.001472,-0.002264,-0.001442,0.003289,0.003300,-0.000989,0.002981,-0.000814,-0.000178,0.014037,0.014803,0.028080,0.045838,0.042008,0.012551,0.013476,0.002538,-0.001373,-0.009547,-0.005726,-0.004357,-0.012340,-0.010162,-0.014873,-0.015530,-0.003430,-0.017953,-0.017415,-0.004829,-0.001992,-0.000022,-0.001183,-0.002603,-0.005096,-0.004123,-0.001800,-0.001178,-0.000387,-0.000231,-0.000082,0.000012,-0.000082,-0.000074,-0.000127,-0.000106,-0.000070,-0.000071,-0.000019,-0.000094
-0.000669,-0.000514,-0.000652,-0.000436,0.000002,0.000328,-0.001655,-0.004963,-0.005687,-0.003728,-0.001847,-0.002134,-0.003599,-0.002850,-0.003302,-0.003867,-0.006689,-0.005067,-0.005585,-0.005638,0.011753,0.011640,0.018751,0.042008,0.063372,0.021589,0.029264,0.010899,0.003870,-0.004930,-0.001124,-0.002292,-0.010838,-0.012503,-0.019270,-0.021590,-0.006176,-0.024845,-0.023576,-0.008135,-0.007818,-0.004526,-0.002594,-0.000796,-0.004670,-0.005525,-0.002909,-0.001003,-0.000649,-0.000264,-0.000445,-0.000226,-0.000221,-0.000096,-0.000193,-0.000139,-0.000137,-0.000160,-0.000119,-0.000289
-0.000459,-0.000372,-0.000303,-0.001253,-0.000698,-0.000627,-0.001413,-0.002706,-0.001800,-0.001286,0.000444,-0.000083,-0.000752,-0.000465,-0.007587,-0.007837,-0.005056,-0.007169,-0.004708,-0.004372,0.001826,0.004595,0.008949,0.012551,0.021589,0.025413,0.024768,0.014643,0.006149,0.001712,0.002453,-0.002761,-0.004092,-0.004575,-0.006765,-0.007131,0.000101,-0.007151,-0.007738,-0.002379,-0.004565,-0.002949,-0.001316,-0.001504,-0.001374,-0.002993,-0.001672,-0.000323,-0.000460,-0.000156,-0.000329,-0.000191,-0.000024,-0.000101,-0.000221,-0.000049,-0.000098,-0.000096,-0.000170,-0.000257
-0.000597,-0.000517,-0.000806,-0.001482,-0.001158,-0.001371,-0.002229,-0.003934,-0.003391,-0.002368,-0.001165,-0.001363,-0.002551,-0.002126,-0.010840,-0.014650,-0.014235,-0.018733,-0.011028,-0.010707,-0.002307,0.000958,0.004396,0.013476,0.029264,0.024768,0.047114,0.027707,0.013671,0.007119,0.005838,-0.000778,-0.006405,-0.008257,-0.012204,-0.012071,-0.002094,-0.008971,-0.012238,-0.004085,-0.005439,-0.003385,-0.000414,0.000107,0.000477,-0.001547,-0.000996,-0.000466,-0.000275,-0.000125,-0.000335,-0.000187,-0.000170,-0.000162,-0.000151,-0.000144,-0.000155,-0.000096,-0.000202,-0.000342
-0.000301,-0.000203,-0.000548,-0.001177,-0.001486,-0.001240,-0.001720,-0.003077,-0.002664,-0.001623,-0.000192,-0.000728,-0.002001,-0.002170,-0.013447,-0.016308,-0.011968,-0.017247,-0.011764,-0.012287,-0.009296,-0.005930,-0.004236,0.002538,0.010899,0.014643,0.027707,0.033731,0.024671,0.014758,0.011499,0.002809,0.000255,-0.003663,-0.007479,-0.007662,0.000812,-0.004366,-0.008349,-0.002114,-0.005410,-0.004636,-0.002101,-0.000615,0.000988,-0.001099,-0.000586,-0.000482,-0.000433,-0.000256,-0.000196,-0.000096,-0.000121,-0.000189,-0.000163,-0.000096,-0.000102,-0.000191,-0.000177,-0.000270
-0.000540,-0.000465,-0.000113,-0.000626,-0.000583,-0.000561,-0.000873,-0.003340,-0.003987,-0.002619,-0.001138,-0.001684,-0.002705,-0.002652,-0.013013,-0.016596,-0.009982,-0.014314,-0.010151,-0.013006,-0.014863,-0.007158,-0.008462,-0.001373,0.003870,0.006149,0.013671,0.024671,0.035839,0.024188,0.017987,0.008691,0.008575,0.001793,-0.001783,-0.004994,0.001333,-0.003370,-0.003633,0.000103,-0.003295,-0.002241,-0.000950,0.000209,0.001157,-0.000431,-0.000044,0.000115,-0.000296,-0.000410,-0.000155,-0.000094,-0.000110,-0.000199,-0.000221,-0.000120,-0.000148,-0.000291,-0.000145,-0.000255
-0.000050,-0.000012,0.000021,-0.000380,-0.000750,-0.001221,-0.000960,-0.001432,-0.001384,-0.001133,-0.002007,-0.002411,-0.002602,-0.001857,-0.011606,-0.017346,-0.012108,-0.016922,-0.008865,-0.011238,-0.019405,-0.010710,-0.011506,-0.009547,-0.004930,0.001712,0.007119,0.014758,0.024188,0.037847,0.029156,0.014328,0.017307,0.011307,0.010953,0.006854,0.003849,0.004079,0.002971,0.003048,0.001946,0.002052,0.002436,0.003583,0.004889,0.003611,0.001675,0.000971,0.000564,0.000018,0.000038,0.000011,-0.000011,-0.000056,-0.000098,0.000046,-0.000106,-0.000088,-0.000063,-0.000087
-0.000234,-0.000003,-0.000316,-0.000916,-0.000870,-0.000736,-0.001290,-0.002985,-0.002356,-0.001173,-0.001549,-0.002094,-0.001438,-0.001145,-0.014182,-0.017968,-0.009518,-0.015016,-0.009315,-0.013592,-0.028995,-0.012466,-0.012265,-0.005726,-0.001124,0.002453,0.005838,0.011499,0.017987,0.029156,0.043606,0.026280,0.024412,0.014179,0.014170,0.009623,0.001986,0.003829,0.004714,0.005005,0.004907,0.004827,0.005618,0.006254,0.006501,0.004796,0.002714,0.001069,0.000565,0.000121,-0.000148,-0.000013,0.000092,-0.000131,-0.000029,-0.000058,-0.000103,-0.000071,-0.000034,-0.000018
0.000046,0.000202,0.000305,0.000354,0.000457,-0.000387,-0.000824,-0.001593,-0.000212,0.000547,0.000019,-0.000859,-0.000484,-0.001113,-0.009433,-0.011473,-0.005478,-0.006928,-0.004139,-0.005841,-0.017640,-0.008154,-0.008570,-0.004357,-0.002292,-0.002761,-0.000778,0.002809,0.008691,0.014328,0.026280,0.030614,0.023679,0.014200,0.017943,0.014213,0.002586,0.009469,0.010551,0.003187,0.005946,0.004749,0.005233,0.007925,0.005872,0.003907,0.001643,0.001239,0.000661,0.000254,-0.000000,-0.000007,0.000073,-0.000086,0.000109,-0.000014,-0.000019,0.000001,0.000049,0.000055
0.000072,-0.000103,-0.000446,-0.000706,-0.000286,-0.001089,-0.000436,-0.000429,0.001440,0.000748,0.000035,-0.001328,-0.002081,-0.003072,-0.016731,-0.020313,-0.011458,-0.013037,-0.005726,-0.007586,-0.021676,-0.009670,-0.011934,-0.012340,-0.010838,-0.004092,-0.006405,0.000255,0.008575,0.017307,0.024412,0.023679,0.040552,0.026283,0.029013,0.025262,0.006206,0.017203,0.016457,0.006566,0.006532,0.006832,0.005975,0.006325,0.003771,0.003017,0.001214,0.001194,0.000595,0.000228,0.000010,0.000009,0.000054,-0.000051,0.000043,0.000018,-0.000005,0.000036,0.000032,0.000001
0.000110,0.000042,-0.000272,-0.000836,-0.000599,-0.000589,0.000485,0.001356,0.002564,0.001704,-0.000750,-0.001938,-0.002552,-0.002053,-0.011546,-0.013172,-0.007520,-0.007089,-0.003581,-0.005152,-0.014891,-0.006109,-0.009271,-0.010162,-0.012503,-0.004575,-0.008257,-0.003663,0.001793,0.011307,0.014179,0.014200,0.026283,0.036012,0.038688,0.034665,0.009855,0.018521,0.015069,0.006098,0.006538,0.004933,0.003782,0.003575,0.000284,0.001751,-0.000503,0.000075,0.000354,0.000201,0.000062,0.000081,0.000002,0.000039,0.000039,-0.000005,-0.000056,0.000044,0.000042,0.000086
0.000691,0.000688,0.000414,-0.000189,-0.000118,-0.000105,0.000593,0.002938,0.004797,0.003074,-0.001732,-0.002643,-0.004186,-0.003206,-0.013912,-0.014627,-0.006209,-0.007159,-0.004924,-0.003384,-0.018355,-0.009690,-0.011139,-0.014873,-0.019270,-0.006765,-0.012204,-0.007479,-0.001783,0.010953,0.014170,0.017943,0.029013,0.038688,0.067398,0.060959,0.016188,0.034383,0.025574,0.006839,0.009177,0.008966,0.007492,0.007770,0.001488,0.003666,0.000370,0.000408,0.000561,0.000286,0.000115,0.000164,0.000037,0.000088,0.000066,0.000022,-0.000029,0.000108,0.000157,0.000256
0.000778,0.000735,0.000467,-0.000054,0.000072,0.000245,0.001275,0.004962,0.006560,0.004011,-0.000064,-0.000814,-0.002217,-0.001482,-0.011090,-0.011230,-0.005182,-0.008216,-0.009069,-0.004397,-0.021062,-0.010846,-0.009899,-0.015530,-0.021590,-0.007131,-0.012071,-0.007662,-0.004994,0.006854,0.009623,0.014213,0.025262,0.034665,0.060959,0.071911,0.018403,0.040877,0.028379,0.006244,0.008558,0.009563,0.008912,0.008677,0.002362,0.001565,0.000217,0.001304,0.001018,0.000209,0.000246,0.000290,0.000053,0.000060,0.000022,-0.000004,0.000006,0.000138,0.000168,0.000243
0.000290,0.000134,-0.000108,-0.000245,-0.000392,-0.000041,0.001224,0.002262,0.002260,0.001158,-0.000390,-0.001230,-0.001837,-0.001226,-0.003012,-0.002417,-0.001694,-0.002510,-0.002656,-0.002411,-0.007098,-0.002056,-0.001423,-0.003430,-0.006176,0.000101,-0.002094,0.000812,0.001333,0.003849,0.001986,0.002586,0.006206,0.009855,0.016188,0.018403,0.016477,0.013399,0.008473,0.002793,0.003358,0.002093,0.001808,0.002204,0.000784,0.000846,0.000170,0.000508,0.000320,0.000129,0.000179,0.000096,0.000054,0.000032,0.000008,0.000009,0.000050,0.000096,0.000051,0.000052
0.000932,0.000774,0.000522,0.000388,0.000557,-0.000782,0.001375,0.004185,0.006874,0.003952,0.000615,-0.000425,-0.001125,-0.001458,-0.007976,-0.008376,-0.005422,-0.009249,-0.007518,-0.002339,-0.010416,-0.010622,-0.007548,-0.017953,-0.024845,-0.007151,-0.008971,-0.004366,-0.003370,0.004079,0.003829,0.009469,0.017203,0.018521,0.034383,0.040877,0.013399,0.044302,0.034700,0.007174,0.007643,0.007807,0.007310,0.008231,0.006575,0.004821,0.002254,0.001900,0.001170,0.000399,0.000364,0.000268,0.000166,0.000130,0.000187,0.000147,0.000074,0.000193,0.000176,0.000281
0.000822,0.000542,0.000323,0.000291,0.000704,-0.000523,0.001348,0.003771,0.005520,0.003358,0.001045,-0.000232,0.000084,-0.000565,-0.006749,-0.008200,-0.007403,-0.007789,-0.003609,0.000738,-0.008725,-0.010159,-0.008664,-0.017415,-0.023576,-0.007738,-0.012238,-0.008349,-0.003633,0.002971,0.004714,0.010551,0.016457,0.015069,0.025574,0.028379,0.008473,0.034700,0.040672,0.010690,0.008056,0.008752,0.008070,0.009662,0.008805,0.006738,0.003020,0.002511,0.001383,0.000549,0.000368,0.000111,0.000168,0.000119,0.000251,0.000139,0.000064,0.000250,0.000193,0.000267
0.000052,0.000026,-0.000057,-0.000505,-0.000788,-0.000412,0.000003,0.000173,0.000062,-0.000265,0.000308,-0.000391,-0.000731,-0.000748,-0.004197,-0.005044,-0.005622,-0.005795,-0.002388,-0.000760,-0.006144,-0.003875,-0.004615,-0.004829,-0.008135,-0.002379,-0.004085,-0.002114,0.000103,0.003048,0.005005,0.003187,0.006566,0.006098,0.006839,0.006244,0.002793,0.007174,0.010690,0.011626,0.008029,0.005402,0.003698,0.003648,0.003685,0.004170,0.002139,0.001201,0.000694,0.000194,0.000195,-0.000017,0.000008,-0.000036,-0.000038,-0.000009,-0.000045,0.000022,0.000004,0.000055
-0.000065,0.000140,0.000200,0.000149,-0.000398,-0.000204,0.000464,0.000482,0.000313,-0.000734,-0.000700,-0.000611,-0.000984,-0.000476,-0.002074,-0.001826,-0.004597,-0.003064,-0.001080,-0.000819,-0.006032,-0.002704,-0.002157,-0.001992,-0.007818,-0.004565,-0.005439,-0.005410,-0.003295,0.001946,0.004907,0.005946,0.006532,0.006538,0.009177,0.008558,0.003358,0.007643,0.008056,0.008029,0.016317,0.010971,0.006079,0.006044,0.003599,0.005001,0.002903,0.001339,0.000909,0.000214,0.000381,0.000100,0.000070,-0.000019,0.000058,0.000036,0.000011,0.000058,0.000111,0.000223
0.000235,0.000478,0.000461,0.000673,0.000240,0.000272,0.000771,0.001193,0.000633,0.000069,-0.000741,-0.000383,-0.000821,-0.000324,-0.001709,-0.002538,-0.005125,-0.004936,-0.001157,-0.000756,-0.004572,-0.001458,0.000527,-0.000022,-0.004526,-0.002949,-0.003385,-0.004636,-0.002241,0.002052,0.004827,0.004749,0.006832,0.004933,0.008966,0.009563,0.002093,0.007807,0.008752,0.005402,0.010971,0.014897,0.007952,0.005177,0.004375,0.004825,0.003090,0.001404,0.000967,0.000283,0.000416,0.000164,0.000118,-0.000013,0.000101,0.000032,0.000023,0.000131,0.000129,0.000208
0.000198,0.000334,0.000119,0.000232,0.000101,-0.000057,0.000245,0.000504,0.000637,0.000338,-0.000074,0.000168,-0.000200,-0.000418,-0.003151,-0.003429,-0.004157,-0.004129,-0.001772,-0.000549,-0.004190,-0.001152,-0.000987,-0.001183,-0.002594,-0.001316,-0.000414,-0.002101,-0.000950,0.002436,0.005618,0.005233,0.005975,0.003782,0.007492,0.008912,0.001808,0.007310,0.008070,0.003698,0.006079,0.007952,0.010300,0.008069,0.005144,0.003884,0.002102,0.001180,0.000821,0.000245,0.000171,0.000074,0.000068,-0.000056,0.000061,0.000007,-0.000008,0.000097,0.000050,0.000134
0.000273,0.000144,-0.000154,0.000159,0.000009,-0.000535,0.000327,0.000515,0.001841,0.000994,0.000557,0.000448,0.000535,-0.000566,-0.003250,-0.004233,-0.005638,-0.005076,-0.004056,-0.000895,-0.004351,-0.003616,-0.004887,-0.002603,-0.000796,-0.001504,0.000107,-0.000615,0.000209,0.003583,0.006254,0.007925,0.006325,0.003575,0.007770,0.008677,0.002204,0.008231,0.009662,0.003648,0.006044,0.005177,0.008069,0.015640,0.007243,0.004210,0.001853,0.001547,0.000634,0.000128,0.000209,0.000019,0.000015,-0.000033,0.000128,0.000069,-0.000006,0.000092,0.000117,0.000108
0.000446,0.000495,0.000346,0.000282,-0.000032,-0.000536,0.000005,0.000685,0.001430,0.001469,0.000443,0.000720,0.000883,-0.000158,-0.001514,-0.002589,-0.004633,-0.005504,-0.002917,-0.001158,-0.001879,-0.003828,-0.003420,-0.005096,-0.004670,-0.001374,0.000477,0.000988,0.001157,0.004889,0.006501,0.005872,0.003771,0.000284,0.001488,0.002362,0.000784,0.006575,0.008805,0.003685,0.003599,0.004375,0.005144,0.007243,0.010105,0.006156,0.002757,0.001710,0.001026,0.000326,0.000194,0.000112,0.000082,0.000003,0.000177,0.000115,0.000025,0.000105,0.000089,0.000058
0.000409,0.000476,0.000333,0.000298,-0.000048,-0.000194,0.000464,0.000440,0.000681,0.001033,0.000004,0.000237,-0.000008,-0.000257,-0.000592,-0.001061,-0.001786,-0.002593,-0.000577,-0.000769,-0.002912,-0.003044,-0.002215,-0.004123,-0.005525,-0.002993,-0.001547,-0.001099,-0.000431,0.003611,0.004796,0.003907,0.003017,0.001751,0.003666,0.001565,0.000846,0.004821,0.006738,0.004170,0.005001,0.004825,0.003884,0.004210,0.006156,0.007224,0.003149,0.001371,0.000956,0.000384,0.000143,0.000076,0.000105,-0.000003,0.000185,0.000102,0.000035,0.000124,0.000094,0.000128
0.000150,0.000158,0.000194,0.000219,-0.000009,0.000088,0.000532,0.000091,0.000058,0.000133,0.000024,0.000017,0.000012,0.000041,-0.000572,-0.001173,-0.000843,-0.002152,-0.000877,-0.000509,-0.003201,-0.001917,-0.001318,-0.001800,-0.002909,-0.001672,-0.000996,-0.000586,-0.000044,0.001675,0.002714,0.001643,0.001214,-0.000503,0.000370,0.000217,0.000170,0.002254,0.003020,0.002139,0.002903,0.003090,0.002102,0.001853,0.002757,0.003149,0.002795,0.001258,0.000668,0.000218,0.000137,0.000057,0.000072,0.000014,0.000086,0.000046,0.000024,0.000063,0.000042,0.000054
0.000098,0.000049,0.000113,0.000037,-0.000007,0.000015,0.000566,0.000271,0.000447,0.000226,0.000054,0.000207,0.000252,0.000273,0.000174,-0.000138,-0.000417,-0.000887,-0.001003,-0.000033,-0.001885,-0.001497,-0.000913,-0.001178,-0.001003,-0.000323,-0.000466,-0.000482,0.000115,0.000971,0.001069,0.001239,0.001194,0.000075,0.000408,0.001304,0.000508,0.001900,0.002511,0.001201,0.001339,0.001404,0.001180,0.001547,0.001710,0.001371,0.001258,0.001397,0.000613,0.000121,0.000117,0.000021,0.000032,0.000023,0.000038,0.000046,0.000034,0.000040,0.000031,0.000014
0.000101,0.000098,0.000075,0.000022,-0.000054,-0.000013,0.000218,0.000299,0.000348,0.000257,0.000095,0.000155,0.000155,0.000128,0.000091,-0.000100,-0.000521,-0.000699,-0.000623,-0.000129,-0.000999,-0.000753,-0.000095,-0.000387,-0.000649,-0.000460,-0.000275,-0.000433,-0.000296,0.000564,0.000565,0.000661,0.000595,0.000354,0.000561,0.001018,0.000320,0.001170,0.001383,0.000694,0.000909,0.000967,0.000821,0.000634,0.001026,0.000956,0.000668,0.000613,0.000471,0.000110,0.000048,0.000021,0.000013,0.000003,0.000028,0.000025,0.000011,0.000022,0.000001,0.000010
0.000041,0.000036,0.000017,0.000012,-0.000003,-0.000023,0.000047,0.000036,0.000024,0.000047,-0.000022,-0.000011,0.000015,0.000032,-0.000057,-0.000077,-0.000333,-0.000275,-0.000017,0.000012,-0.000095,-0.000104,0.000024,-0.000231,-0.000264,-0.000156,-0.000125,-0.000256,-0.000410,0.000018,0.000121,0.000254,0.000228,0.000201,0.000286,0.000209,0.000129,0.000399,0.000549,0.000194,0.000214,0.000283,0.000245,0.000128,0.000326,0.000384,0.000218,0.000121,0.000110,0.000088,0.000011,0.000004,0.000009,-0.000001,0.000018,0.000009,0.000007,0.000015,-0.000001,0.000003
0.000025,0.000049,0.000069,0.000079,0.000021,0.000004,0.000118,0.000162,0.000094,0.000042,-0.000020,0.000033,0.000024,0.000046,0.000352,0.000293,-0.000076,-0.000063,-0.000072,0.000133,0.000014,-0.000118,0.000046,-0.000082,-0.000445,-0.000329,-0.000335,-0.000196,-0.000155,0.000038,-0.000148,-0.000000,0.000010,0.000062,0.000115,0.000246,0.000179,0.000364,0.000368,0.000195,0.000381,0.000416,0.000171,0.000209,0.000194,0.000143,0.000137,0.000117,0.000048,0.000011,0.000091,0.000014,0.000006,0.000012,0.000010,0.000007,0.000007,0.000010,0.000011,0.000018
0.000022,0.000036,0.000041,0.000043,0.000008,0.000027,0.000046,0.000082,0.000092,0.000066,-0.000003,0.000017,0.000015,0.000013,0.000029,0.000063,-0.000027,-0.000008,-0.000049,-0.000007,-0.000084,-0.000146,0.000108,0.000012,-0.000226,-0.000191,-0.000187,-0.000096,-0.000094,0.000011,-0.000013,-0.000007,0.000009,0.000081,0.000164,0.000290,0.000096,0.000268,0.000111,-0.000017,0.000100,0.000164,0.000074,0.000019,0.000112,0.000076,0.000057,0.000021,0.000021,0.000004,0.000014,0.000027,0.000005,0.000006,0.000007,0.000004,0.000002,0.000007,0.000005,0.000005
0.000006,0.000019,0.000031,0.000040,0.000039,0.000020,0.000021,0.000002,0.000014,0.000049,0.000023,-0.000013,0.000010,-0.000002,0.000008,0.000036,0.000096,0.000068,0.000058,0.000093,-0.000090,0.000045,0.000095,-0.000082,-0.000221,-0.000024,-0.000170,-0.000121,-0.000110,-0.000011,0.000092,0.000073,0.000054,0.000002,0.000037,0.000053,0.000054,0.000166,0.000168,0.000008,0.000070,0.000118,0.000068,0.000015,0.000082,0.000105,0.000072,0.000032,0.000013,0.000009,0.000006,0.000005,0.000022,0.000004,0.000007,0.000006,0.000006,0.000008,0.000004,0.000004
0.000012,0.000012,0.000037,0.000034,0.000024,0.000017,0.000035,0.000090,0.000107,0.000048,-0.000021,-0.000020,-0.000036,-0.000018,0.000059,0.000053,-0.000009,0.000051,0.000048,0.000157,0.000177,0.000042,0.000092,-0.000074,-0.000096,-0.000101,-0.000162,-0.000189,-0.000199,-0.000056,-0.000131,-0.000086,-0.000051,0.000039,0.000088,0.000060,0.000032,0.000130,0.000119,-0.000036,-0.000019,-0.000013,-0.000056,-0.000033,0.000003,-0.000003,0.000014,0.000023,0.000003,-0.000001,0.000012,0.000006,0.000004,0.000019,0.000007,0.000005,0.000004,0.000007,0.000007,0.000003
0.000021,0.000025,0.000022,0.000039,0.000038,-0.000007,0.000030,0.000054,0.000040,0.000057,-0.000022,0.000036,0.000036,0.000034,0.000137,0.000139,-0.000003,0.000055,0.000080,0.000156,0.000005,-0.000047,-0.000046,-0.000127,-0.000193,-0.000221,-0.000151,-0.000163,-0.000221,-0.000098,-0.000029,0.000109,0.000043,0.000039,0.000066,0.000022,0.000008,0.000187,0.000251,-0.000038,0.000058,0.000101,0.000061,0.000128,0.000177,0.000185,0.000086,0.000038,0.000028,0.000018,0.000010,0.000007,0.000007,0.000007,0.000033,0.000010,0.000008,0.000012,0.000009,0.000006
0.000015,0.000013,0.000019,0.000039,0.000046,-0.000006,0.000029,0.000054,0.000085,0.000054,0.000017,0.000034,0.000043,0.000058,0.000057,0.000086,0.000047,0.000036,0.000031,0.000108,0.000143,-0.000046,0.000040,-0.000106,-0.000139,-0.000049,-0.000144,-0.000096,-0.000120,0.000046,-0.000058,-0.000014,0.000018,-0.000005,0.000022,-0.000004,0.000009,0.000147,0.000139,-0.000009,0.000036,0.000032,0.000007,0.000069,0.000115,0.000102,0.000046,0.000046,0.000025,0.000009,0.000007,0.000004,0.000006,0.000005,0.000010,0.000016,0.000007,0.000008,0.000007,0.000003
0.000011,0.000010,0.000023,0.000046,0.000048,0.000008,0.000042,0.000033,0.000039,0.000022,0.000006,-0.000004,0.000017,0.000041,0.000088,0.000127,0.000074,0.000032,-0.000007,0.000070,0.000003,-0.000037,-0.000040,-0.000070,-0.000137,-0.000098,-0.000155,-0.000102,-0.000148,-0.000106,-0.000103,-0.000019,-0.000005,-0.000056,-0.000029,0.000006,0.000050,0.000074,0.000064,-0.000045,0.000011,0.000023,-0.000008,-0.000006,0.000025,0.000035,0.000024,0.000034,0.000011,0.000007,0.000007,0.000002,0.000006,0.000004,0.000008,0.000007,0.000014,0.000009,0.000005,0.000004
0.000018,0.000021,0.000016,0.000035,0.000040,0.000007,0.000044,0.000071,0.000078,0.000069,0.000002,-0.000015,-0.000000,-0.000008,0.000002,0.000054,-0.000032,0.000000,0.000047,0.000133,0.000104,0.000009,0.000043,-0.000071,-0.000160,-0.000096,-0.000096,-0.000191,-0.000291,-0.000088,-0.000071,0.000001,0.000036,0.000044,0.000108,0.000138,0.000096,0.000193,0.000250,0.000022,0.000058,0.000131,0.000097,0.000092,0.000105,0.000124,0.000063,0.000040,0.000022,0.000015,0.000010,0.000007,0.000008,0.000007,0.000012,0.000008,0.000009,0.000022,0.000009,0.000005
0.000012,0.000012,0.000020,0.000048,0.000040,0.000006,0.000048,0.000066,0.000063,0.000012,-0.000032,-0.000020,-0.000010,-0.000031,0.000041,0.000014,-0.000037,-0.000025,0.000008,0.000050,-0.000028,-0.000079,-0.000067,-0.000019,-0.000119,-0.000170,-0.000202,-0.000177,-0.000145,-0.000063,-0.000034,0.000049,0.000032,0.000042,0.000157,0.000168,0.000051,0.000176,0.000193,0.000004,0.000111,0.000129,0.000050,0.000117,0.000089,0.000094,0.000042,0.000031,0.000001,-0.000001,0.000011,0.000005,0.000004,0.000007,0.000009,0.000007,0.000005,0.000009,0.000022,0.000013
0.000013,0.000020,0.000024,0.000057,0.000034,0.000004,0.000067,0.000070,0.000077,0.000039,0.000001,-0.000011,0.000016,-0.000006,0.000164,0.000165,0.000081,0.000071,0.000077,0.000047,-0.000052,-0.000119,-0.000048,-0.000094,-0.000289,-0.000257,-0.000342,-0.000270,-0.000255,-0.000087,-0.000018,0.000055,0.000001,0.000086,0.000256,0.000243,0.000052,0.000281,0.000267,0.000055,0.000223,0.000208,0.000134,0.000108,0.000058,0.000128,0.000054,0.000014,0.000010,0.000003,0.000018,0.000005,0.000004,0.000003,0.000006,0.000003,0.000004,0.000005,0.000013,0.000028
