0.010631,0.005238,0.002380,0.001639,0.001246,0.001013,0.002094,0.006355,0.005399,0.004755,0.001963,0.001563,0.001208,0.000070,0.002223,0.001219,-0.002142,-0.001844,-0.002361,0.001667,0.002970,-0.004028,0.000707,-0.002537,-0.005052,-0.003731,-0.004622,-0.002283,-0.004038,-0.000390,-0.001882,0.000380,0.000561,0.000857,0.005213,0.005782,0.002337,0.007150,0.006393,0.000420,-0.000553,0.002116,0.001892,0.002595,0.004672,0.004136,0.002007,0.002161,0.003746,0.003643,0.001817,0.002267,0.001083,0.002560,0.003431,0.002748,0.002327,0.002957,0.002453,0.002239
0.005238,0.005958,0.003287,0.002169,0.000910,0.001485,0.000570,0.002716,0.002518,0.002749,0.000923,0.001063,0.000435,-0.000214,0.000963,0.001047,-0.001080,-0.001557,-0.001407,0.000702,0.000949,-0.002253,0.001839,0.000197,-0.002259,-0.001757,-0.002328,-0.000897,-0.002024,-0.000057,-0.000013,0.000972,-0.000464,0.000192,0.003015,0.003175,0.000628,0.003449,0.002447,0.000121,0.000695,0.002500,0.001850,0.000793,0.003016,0.002798,0.001229,0.000627,0.002112,0.001863,0.002089,0.002211,0.002082,0.001496,0.002425,0.001433,0.001166,0.002069,0.001449,0.002012
0.002380,0.003287,0.005261,0.003380,0.002174,0.001558,0.000924,0.001640,0.000954,0.001165,0.000367,0.000492,-0.000259,0.000077,0.001984,0.002237,0.001015,0.000814,-0.000338,0.001656,0.000698,-0.000500,0.001307,-0.000096,-0.002195,-0.001096,-0.002781,-0.001854,-0.000378,0.000073,-0.001130,0.001124,-0.001538,-0.000945,0.001392,0.001548,-0.000387,0.001782,0.001120,-0.000206,0.000762,0.001849,0.000504,-0.000651,0.001614,0.001498,0.001154,0.001108,0.001248,0.000679,0.002267,0.001924,0.002662,0.003518,0.001622,0.001642,0.002122,0.001236,0.001836,0.001801
0.001639,0.002169,0.003380,0.005073,0.004087,0.001981,0.001824,0.002731,0.001635,0.001512,0.000839,0.000594,-0.000039,0.000020,0.002246,0.002327,0.001427,0.001095,0.001432,0.002048,0.002034,0.000890,0.001196,0.000263,-0.001062,-0.003282,-0.003702,-0.002880,-0.001510,-0.000962,-0.002374,0.000944,-0.001762,-0.002106,-0.000461,-0.000130,-0.000638,0.000960,0.000730,-0.001307,0.000411,0.001954,0.000713,0.000486,0.000952,0.000973,0.000941,0.000260,0.000268,0.000348,0.001860,0.001468,0.002454,0.002384,0.002109,0.002408,0.003092,0.001911,0.003118,0.003107
0.001246,0.000910,0.002174,0.004087,0.007023,0.002231,0.001642,0.001814,0.001223,0.001281,0.000972,0.000862,0.000396,0.000451,0.002142,0.002856,0.003183,0.003421,0.002276,0.002916,0.003113,0.001122,-0.000016,-0.000450,0.000004,-0.001950,-0.003085,-0.003878,-0.001501,-0.002026,-0.002405,0.001303,-0.000760,-0.001610,-0.000305,0.000184,-0.001087,0.001468,0.001882,-0.002178,-0.001170,0.000743,0.000330,0.000031,-0.000114,-0.000168,-0.000042,-0.000053,-0.000690,-0.000102,0.000537,0.000288,0.002576,0.001777,0.002199,0.002959,0.003485,0.002323,0.002796,0.002018
0.001013,0.001485,0.001558,0.001981,0.002231,0.006396,0.003405,0.002636,0.000973,0.001314,0.000941,0.000892,0.000699,0.000569,0.002838,0.004306,0.004622,0.004182,0.002102,0.002437,0.002336,0.001673,0.001346,0.001602,0.000903,-0.001856,-0.003870,-0.003429,-0.001531,-0.003497,-0.002157,-0.001170,-0.003073,-0.001678,-0.000290,0.000663,-0.000121,-0.002185,-0.001481,-0.001206,-0.000634,0.000893,-0.000198,-0.001851,-0.002048,-0.000716,0.000430,0.000118,-0.000175,-0.000734,0.000114,0.001039,0.001414,0.001316,-0.000409,-0.000434,0.000624,0.000429,0.000448,0.000225
0.002094,0.000570,0.000924,0.001824,0.001642,0.003405,0.013637,0.008101,0.005406,0.003617,0.002364,0.001955,0.001935,0.002094,0.006172,0.007002,0.005349,0.005104,0.002202,0.003690,0.001792,0.000597,0.000780,-0.001148,-0.004589,-0.004211,-0.006337,-0.004789,-0.002397,-0.002767,-0.003803,-0.002504,-0.001240,0.001389,0.001641,0.003479,0.003620,0.003870,0.003844,0.000007,0.001455,0.002546,0.000859,0.001138,0.000019,0.001723,0.002608,0.004583,0.002975,0.001537,0.003178,0.001756,0.001450,0.002786,0.001863,0.001984,0.003197,0.002737,0.003563,0.004157
0.006355,0.002716,0.001640,0.002731,0.001814,0.002636,0.008101,0.020787,0.012513,0.008549,0.004386,0.004185,0.002719,0.001434,0.007476,0.007253,0.002132,0.002081,0.000907,0.005178,0.004069,-0.002418,-0.000173,-0.006078,-0.011213,-0.006573,-0.009112,-0.006983,-0.007472,-0.003363,-0.007174,-0.003947,-0.000993,0.003168,0.006625,0.011030,0.005452,0.009595,0.008766,0.000415,0.001231,0.003211,0.001437,0.001462,0.002148,0.001331,0.000364,0.001789,0.003329,0.000971,0.003566,0.002590,0.000093,0.005780,0.002700,0.003027,0.002061,0.003583,0.003987,0.003548
0.005399,0.002518,0.000954,0.001635,0.001223,0.000973,0.005406,0.012513,0.013277,0.008867,0.004831,0.002891,0.001685,0.000197,0.002663,0.002395,0.000635,0.001388,0.000840,0.004568,0.003949,-0.003788,-0.001284,-0.006268,-0.008629,-0.002936,-0.005275,-0.004060,-0.005991,-0.002183,-0.003803,-0.000353,0.002240,0.004025,0.007265,0.009792,0.003660,0.010584,0.008616,0.000100,0.000537,0.001144,0.001219,0.003512,0.003010,0.001384,0.000156,0.001982,0.002604,0.000429,0.001391,0.001942,0.000539,0.004632,0.001347,0.003236,0.001661,0.002637,0.002559,0.002631
0.004755,0.002749,0.001165,0.001512,0.001281,0.001314,0.003617,0.008549,0.008867,0.009746,0.005090,0.003208,0.002503,0.000676,0.003624,0.003239,0.002233,0.001906,0.000462,0.003056,0.003829,-0.002118,0.000521,-0.003219,-0.005462,-0.002026,-0.003558,-0.002389,-0.003799,-0.001725,-0.001827,0.000879,0.001124,0.002583,0.004496,0.005782,0.001811,0.005877,0.005062,-0.000412,-0.001216,0.000120,0.000624,0.001831,0.002986,0.002025,0.000344,0.000968,0.001857,0.000817,0.000597,0.001337,0.001813,0.002011,0.001846,0.001978,0.000881,0.002247,0.000486,0.001293
0.001963,0.000923,0.000367,0.000839,0.000972,0.000941,0.002364,0.004386,0.004831,0.005090,0.007048,0.004736,0.004228,0.001442,0.002624,0.002764,0.003546,0.002529,0.001994,0.003890,0.003957,-0.000277,0.000451,-0.001244,-0.002682,0.000693,-0.001735,-0.000280,-0.001636,-0.003032,-0.002394,0.000031,0.000052,-0.001127,-0.002512,-0.000091,-0.000605,0.000906,0.001562,0.000476,-0.001150,-0.001283,-0.000136,0.001018,0.000894,0.000009,0.000062,0.000231,0.000677,-0.000386,-0.000285,-0.000065,0.000849,-0.000862,-0.000712,0.000633,0.000239,0.000079,-0.001261,0.000049
0.001563,0.001063,0.000492,0.000594,0.000862,0.000892,0.001955,0.004185,0.002891,0.003208,0.004736,0.008170,0.006766,0.003379,0.005736,0.006590,0.006104,0.004376,0.001620,0.001811,0.002653,-0.000025,0.000279,-0.002210,-0.003204,-0.000134,-0.002098,-0.001099,-0.002504,-0.003763,-0.003345,-0.001415,-0.002044,-0.003010,-0.003962,-0.001203,-0.001971,-0.000647,-0.000359,-0.000625,-0.001037,-0.000686,0.000319,0.000845,0.001500,0.000476,0.000046,0.000908,0.001145,-0.000194,0.000482,0.000364,-0.000510,-0.000871,0.001185,0.001272,-0.000177,-0.000504,-0.000801,-0.000361
0.001208,0.000435,-0.000259,-0.000039,0.000396,0.000699,0.001935,0.002719,0.001685,0.002503,0.004228,0.006766,0.010105,0.005164,0.009102,0.010134,0.008189,0.006624,0.002460,0.001807,0.002098,-0.000444,-0.000006,-0.003338,-0.005309,-0.001193,-0.003857,-0.002965,-0.003951,-0.003989,-0.002256,-0.000783,-0.003146,-0.003893,-0.006162,-0.003217,-0.002892,-0.001683,0.000128,-0.001146,-0.001640,-0.001442,-0.000372,0.000993,0.001808,-0.000015,0.000031,0.001086,0.001123,0.000258,0.000347,0.000302,0.000375,-0.001515,0.001189,0.001571,0.000691,-0.000009,-0.000408,0.000527
0.000070,-0.000214,0.000077,0.000020,0.000451,0.000569,0.002094,0.001434,0.000197,0.000676,0.001442,0.003379,0.005164,0.006414,0.006807,0.008033,0.006206,0.004926,0.002339,-0.000002,-0.002144,-0.001798,-0.000488,-0.001523,-0.003012,-0.000528,-0.002303,-0.002303,-0.002775,-0.002040,-0.001287,-0.001289,-0.003326,-0.002244,-0.003382,-0.001541,-0.001382,-0.001564,-0.000614,-0.000840,-0.000568,-0.000408,-0.000558,-0.000752,-0.000231,-0.000364,0.000077,0.000844,0.000667,0.000396,0.000477,0.000186,-0.000042,-0.000554,0.000798,0.001544,0.001211,-0.000180,-0.000867,-0.000134
0.002223,0.000963,0.001984,0.002246,0.002142,0.002838,0.006172,0.007476,0.002663,0.003624,0.002624,0.005736,0.009102,0.006807,0.038647,0.041934,0.026869,0.029473,0.015645,0.015043,0.017763,0.005257,0.005948,0.003380,-0.003394,-0.008383,-0.011423,-0.013883,-0.013244,-0.012403,-0.015505,-0.010630,-0.017623,-0.012275,-0.014274,-0.011214,-0.003304,-0.008320,-0.007137,-0.004586,-0.002409,-0.002093,-0.004088,-0.004200,-0.002160,-0.000815,-0.001039,0.000524,0.000458,-0.000693,0.003518,0.000419,0.000218,0.001732,0.003122,0.001477,0.002507,0.000046,0.001141,0.003801
0.001219,0.001047,0.002237,0.002327,0.002856,0.004306,0.007002,0.007253,0.002395,0.003239,0.002764,0.006590,0.010134,0.008033,0.041934,0.054812,0.037949,0.041222,0.021805,0.019489,0.024619,0.008823,0.008330,0.003441,-0.004033,-0.008785,-0.015663,-0.017082,-0.017136,-0.018806,-0.019930,-0.013117,-0.021708,-0.014208,-0.015226,-0.011521,-0.002689,-0.008864,-0.008798,-0.005592,-0.002152,-0.003154,-0.004513,-0.005550,-0.003746,-0.001481,-0.002162,-0.000421,-0.000511,-0.000952,0.002973,0.000912,0.000961,0.001585,0.003212,0.002242,0.003661,0.001261,0.000401,0.003870
-0.002142,-0.001080,0.001015,0.001427,0.003183,0.004622,0.005349,0.002132,0.000635,0.002233,0.003546,0.006104,0.008189,0.006206,0.026869,0.037949,0.044980,0.038016,0.020976,0.014949,0.011740,0.009482,0.004566,-0.001050,-0.007102,-0.005770,-0.015495,-0.012763,-0.010494,-0.013365,-0.010749,-0.006376,-0.012468,-0.008258,-0.006580,-0.005412,-0.001919,-0.005842,-0.008086,-0.006345,-0.005517,-0.006484,-0.005570,-0.007526,-0.006825,-0.002538,-0.001582,-0.001293,-0.002727,-0.004177,-0.000783,-0.000397,0.002585,-0.000272,-0.000076,0.001250,0.002173,-0.000749,-0.001056,0.001945
-0.001844,-0.001557,0.000814,0.001095,0.003421,0.004182,0.005104,0.002081,0.001388,0.001906,0.002529,0.004376,0.006624,0.004926,0.029473,0.041222,0.038016,0.051241,0.028855,0.022523,0.023513,0.012192,0.009328,0.003173,-0.005393,-0.008204,-0.020446,-0.018443,-0.015089,-0.018729,-0.017004,-0.008086,-0.014223,-0.007806,-0.007607,-0.008605,-0.002851,-0.009992,-0.008531,-0.006559,-0.003686,-0.006261,-0.005548,-0.006795,-0.008130,-0.003695,-0.004048,-0.002760,-0.003664,-0.003468,-0.000650,-0.000115,0.001831,0.001558,0.001291,0.000964,0.000958,0.000002,-0.000717,0.001703
-0.002361,-0.001407,-0.000338,0.001432,0.002276,0.002102,0.002202,0.000907,0.000840,0.000462,0.001994,0.001620,0.002460,0.002339,0.015645,0.021805,0.020976,0.028855,0.029395,0.020303,0.017775,0.010785,0.005659,-0.000877,-0.006019,-0.005455,-0.012187,-0.012737,-0.010835,-0.009934,-0.010680,-0.004891,-0.006325,-0.003993,-0.005298,-0.009618,-0.003055,-0.008223,-0.004003,-0.002737,-0.001316,-0.001486,-0.002410,-0.005498,-0.004362,-0.000833,-0.001671,-0.003160,-0.003308,-0.000215,-0.000750,-0.000741,0.001580,0.001476,0.001920,0.000832,-0.000218,0.001128,0.000241,0.001875
0.001667,0.000702,0.001656,0.002048,0.002916,0.002437,0.003690,0.005178,0.004568,0.003056,0.003890,0.001811,0.001807,-0.000002,0.015043,0.019489,0.014949,0.022523,0.020303,0.031620,0.027118,0.012931,0.007559,-0.000195,-0.006182,-0.005154,-0.012038,-0.013534,-0.014123,-0.012813,-0.015854,-0.007022,-0.008525,-0.005844,-0.003704,-0.004744,-0.002821,-0.002603,0.000832,-0.000886,-0.001015,-0.000988,-0.000760,-0.001234,-0.001763,-0.001129,-0.000986,-0.000107,-0.000697,0.000152,0.001419,-0.000103,0.002593,0.004904,0.003787,0.002954,0.002122,0.003266,0.001487,0.001151
0.002970,0.000949,0.000698,0.002034,0.003113,0.002336,0.001792,0.004069,0.003949,0.003829,0.003957,0.002653,0.002098,-0.002144,0.017763,0.024619,0.011740,0.023513,0.017775,0.027118,0.070960,0.028921,0.028393,0.015157,0.012691,0.002119,-0.002555,-0.010084,-0.015893,-0.021788,-0.033307,-0.020885,-0.023990,-0.016635,-0.019787,-0.022378,-0.008180,-0.011415,-0.009694,-0.007054,-0.007362,-0.005883,-0.005711,-0.005907,-0.002815,-0.004209,-0.006109,-0.005951,-0.005313,-0.001214,0.000145,-0.001259,-0.002460,0.005455,0.000108,0.003877,0.000101,0.002497,-0.000806,-0.001261
-0.004028,-0.002253,-0.000500,0.000890,0.001122,0.001673,0.000597,-0.002418,-0.003788,-0.002118,-0.000277,-0.000025,-0.000444,-0.001798,0.005257,0.008823,0.009482,0.012192,0.010785,0.012931,0.028921,0.032087,0.022528,0.015505,0.012194,0.005174,0.001029,-0.006240,-0.007425,-0.011665,-0.013891,-0.009365,-0.010382,-0.006620,-0.010133,-0.011179,-0.002299,-0.011292,-0.010949,-0.004315,-0.003202,-0.001820,-0.001524,-0.004764,-0.005564,-0.004268,-0.003549,-0.004583,-0.003888,-0.001284,-0.001200,-0.002130,0.001189,0.001245,-0.001088,-0.001215,-0.001083,0.000211,-0.002212,-0.002803
0.000707,0.001839,0.001307,0.001196,-0.000016,0.001346,0.000780,-0.000173,-0.001284,0.000521,0.000451,0.000279,-0.000006,-0.000488,0.005948,0.008330,0.004566,0.009328,0.005659,0.007559,0.028393,0.022528,0.042959,0.030483,0.020358,0.010445,0.004893,-0.004620,-0.009097,-0.012989,-0.014165,-0.010202,-0.013279,-0.010412,-0.012073,-0.010574,-0.001649,-0.008317,-0.009678,-0.005327,-0.002646,0.000682,-0.001353,-0.006671,-0.005152,-0.003218,-0.002530,-0.002898,-0.000508,0.000305,0.000486,0.001629,0.002627,0.002851,-0.001115,0.001079,-0.001208,0.001041,-0.001949,-0.001186
-0.002537,0.000197,-0.000096,0.000263,-0.000450,0.001602,-0.001148,-0.006078,-0.006268,-0.003219,-0.001244,-0.002210,-0.003338,-0.001523,0.003380,0.003441,-0.001050,0.003173,-0.000877,-0.000195,0.015157,0.015505,0.030483,0.048110,0.044095,0.014162,0.014503,0.002677,-0.001428,-0.010420,-0.006394,-0.005014,-0.013275,-0.011034,-0.015584,-0.016039,-0.003842,-0.019125,-0.018809,-0.005389,-0.002364,-0.000028,-0.001567,-0.003436,-0.007423,-0.005793,-0.003339,-0.003615,-0.002000,-0.002875,-0.000836,0.000172,-0.002180,-0.002222,-0.002960,-0.002797,-0.002049,-0.001673,-0.000532,-0.002229
-0.005052,-0.002259,-0.002195,-0.001062,0.000004,0.000903,-0.004589,-0.011213,-0.008629,-0.005462,-0.002682,-0.003204,-0.005309,-0.003012,-0.003394,-0.004033,-0.007102,-0.005393,-0.006019,-0.006182,0.012691,0.012194,0.020358,0.044095,0.066527,0.024364,0.031498,0.011494,0.004023,-0.005381,-0.001256,-0.002638,-0.011660,-0.013578,-0.020194,-0.022300,-0.006919,-0.026470,-0.025465,-0.009080,-0.009276,-0.005662,-0.003436,-0.001051,-0.006803,-0.007763,-0.005398,-0.003077,-0.003357,-0.003279,-0.004540,-0.003301,-0.005870,-0.002887,-0.004485,-0.003647,-0.003997,-0.003760,-0.003360,-0.006840
-0.003731,-0.001757,-0.001096,-0.003282,-0.001950,-0.001856,-0.004211,-0.006573,-0.002936,-0.002026,0.000693,-0.000134,-0.001193,-0.000528,-0.008383,-0.008785,-0.005770,-0.008204,-0.005455,-0.005154,0.002119,0.005174,0.010445,0.014162,0.024364,0.030830,0.028659,0.016599,0.006871,0.002009,0.002945,-0.003416,-0.004733,-0.005340,-0.007621,-0.007917,0.000122,-0.008190,-0.008985,-0.002854,-0.005823,-0.003965,-0.001874,-0.002134,-0.002151,-0.004521,-0.003334,-0.001064,-0.002558,-0.002077,-0.003612,-0.002996,-0.000690,-0.003248,-0.005523,-0.001387,-0.003057,-0.002416,-0.005149,-0.006540
-0.004622,-0.002328,-0.002781,-0.003702,-0.003085,-0.003870,-0.006337,-0.009112,-0.005275,-0.003558,-0.001735,-0.002098,-0.003857,-0.002303,-0.011423,-0.015663,-0.015495,-0.020446,-0.012187,-0.012038,-0.002555,0.001029,0.004893,0.014503,0.031498,0.028659,0.051996,0.029957,0.014572,0.007967,0.006684,-0.000918,-0.007065,-0.009194,-0.013113,-0.012783,-0.002405,-0.009800,-0.013553,-0.004674,-0.006617,-0.004343,-0.000563,0.000145,0.000712,-0.002229,-0.001895,-0.001466,-0.001457,-0.001590,-0.003509,-0.002804,-0.004631,-0.004989,-0.003607,-0.003872,-0.004624,-0.002314,-0.005833,-0.008308
-0.002283,-0.000897,-0.001854,-0.002880,-0.003878,-0.003429,-0.004789,-0.006983,-0.004060,-0.002389,-0.000280,-0.001099,-0.002965,-0.002303,-0.013883,-0.017082,-0.012763,-0.018443,-0.012737,-0.013534,-0.010084,-0.006240,-0.004620,0.002677,0.011494,0.016599,0.029957,0.035732,0.025763,0.016182,0.012900,0.003248,0.000276,-0.003996,-0.007874,-0.007949,0.000914,-0.004673,-0.009059,-0.002370,-0.006448,-0.005826,-0.002796,-0.000816,0.001446,-0.001551,-0.001092,-0.001487,-0.002252,-0.003194,-0.002014,-0.001411,-0.003226,-0.005674,-0.003815,-0.002526,-0.002990,-0.004488,-0.005024,-0.006406
-0.004038,-0.002024,-0.000378,-0.001510,-0.001501,-0.001531,-0.002397,-0.007472,-0.005991,-0.003799,-0.001636,-0.002504,-0.003951,-0.002775,-0.013244,-0.017136,-0.010494,-0.015089,-0.010835,-0.014123,-0.015893,-0.007425,-0.009097,-0.001428,0.004023,0.006871,0.014572,0.025763,0.036894,0.026144,0.019891,0.009905,0.009136,0.001928,-0.001850,-0.005108,0.001478,-0.003556,-0.003886,0.000114,-0.003872,-0.002776,-0.001247,0.000274,0.001668,-0.000599,-0.000081,0.000351,-0.001519,-0.005048,-0.001567,-0.001354,-0.002887,-0.005896,-0.005075,-0.003118,-0.004278,-0.006750,-0.004044,-0.005973
-0.000390,-0.000057,0.000073,-0.000962,-0.002026,-0.003497,-0.002767,-0.003363,-0.002183,-0.001725,-0.003032,-0.003763,-0.003989,-0.002040,-0.012403,-0.018806,-0.013365,-0.018729,-0.009934,-0.012813,-0.021788,-0.011665,-0.012989,-0.010420,-0.005381,0.002009,0.007967,0.016182,0.026144,0.042951,0.033853,0.017146,0.019360,0.012767,0.011934,0.007360,0.004483,0.004519,0.003337,0.003537,0.002400,0.002668,0.003356,0.004918,0.007404,0.005276,0.003232,0.003099,0.003032,0.000227,0.000399,0.000164,-0.000296,-0.001734,-0.002365,0.001248,-0.003198,-0.002145,-0.001846,-0.002148
-0.001882,-0.000013,-0.001130,-0.002374,-0.002405,-0.002157,-0.003803,-0.007174,-0.003803,-0.001827,-0.002394,-0.003345,-0.002256,-0.001287,-0.015505,-0.019930,-0.010749,-0.017004,-0.010680,-0.015854,-0.033307,-0.013891,-0.014165,-0.006394,-0.001256,0.002945,0.006684,0.012900,0.019891,0.033853,0.051801,0.032176,0.027940,0.016379,0.015796,0.010573,0.002367,0.004340,0.005417,0.005942,0.006194,0.006424,0.007918,0.008781,0.010073,0.007169,0.005357,0.003488,0.003109,0.001595,-0.001606,-0.000203,0.002609,-0.004190,-0.000721,-0.001627,-0.003201,-0.001767,-0.001034,-0.000454
0.000380,0.000972,0.001124,0.000944,0.001303,-0.001170,-0.002504,-0.003947,-0.000353,0.000879,0.000031,-0.001415,-0.000783,-0.001289,-0.010630,-0.013117,-0.006376,-0.008086,-0.004891,-0.007022,-0.020885,-0.009365,-0.010202,-0.005014,-0.002638,-0.003416,-0.000918,0.003248,0.009905,0.017146,0.032176,0.038631,0.027932,0.016907,0.020616,0.016094,0.003177,0.011061,0.012495,0.003900,0.007735,0.006513,0.007602,0.011469,0.009377,0.006019,0.003343,0.004168,0.003751,0.003456,-0.000002,-0.000108,0.002122,-0.002830,0.002772,-0.000391,-0.000613,0.000013,0.001515,0.001426
0.000561,-0.000464,-0.001538,-0.001762,-0.000760,-0.003073,-0.001240,-0.000993,0.002240,0.001124,0.000052,-0.002044,-0.003146,-0.003326,-0.017623,-0.021708,-0.012468,-0.014223,-0.006325,-0.008525,-0.023990,-0.010382,-0.013279,-0.013275,-0.011660,-0.004733,-0.007065,0.000276,0.009136,0.019360,0.027940,0.027932,0.044717,0.029252,0.031161,0.026741,0.007126,0.018784,0.018218,0.007511,0.007943,0.008759,0.008114,0.008557,0.005630,0.004344,0.002308,0.003755,0.003155,0.002908,0.000105,0.000140,0.001464,-0.001557,0.001017,0.000492,-0.000138,0.000857,0.000919,0.000035
0.000857,0.000192,-0.000945,-0.002106,-0.001610,-0.001678,0.001389,0.003168,0.004025,0.002583,-0.001127,-0.003010,-0.003893,-0.002244,-0.012275,-0.014208,-0.008258,-0.007806,-0.003993,-0.005844,-0.016635,-0.006620,-0.010412,-0.011034,-0.013578,-0.005340,-0.009194,-0.003996,0.001928,0.012767,0.016379,0.016907,0.029252,0.040454,0.041940,0.037037,0.011420,0.020412,0.016837,0.007040,0.008025,0.006384,0.005183,0.004882,0.000428,0.002545,-0.000965,0.000237,0.001896,0.002579,0.000652,0.001221,0.000046,0.001217,0.000937,-0.000134,-0.001686,0.001065,0.001225,0.002096
0.005213,0.003015,0.001392,-0.000461,-0.000305,-0.000290,0.001641,0.006625,0.007265,0.004496,-0.002512,-0.003962,-0.006162,-0.003382,-0.014274,-0.015226,-0.006580,-0.007607,-0.005298,-0.003704,-0.019787,-0.010133,-0.012073,-0.015584,-0.020194,-0.007621,-0.013113,-0.007874,-0.001850,0.011934,0.015796,0.020616,0.031161,0.041940,0.070508,0.062852,0.018103,0.036568,0.027575,0.007619,0.010870,0.011197,0.009909,0.010239,0.002163,0.005142,0.000686,0.001249,0.002897,0.003545,0.001168,0.002395,0.000980,0.002625,0.001534,0.000575,-0.000837,0.002529,0.004427,0.006036
0.005782,0.003175,0.001548,-0.000130,0.000184,0.000663,0.003479,0.011030,0.009792,0.005782,-0.000091,-0.001203,-0.003217,-0.001541,-0.011214,-0.011521,-0.005412,-0.008605,-0.009618,-0.004744,-0.022378,-0.011179,-0.010574,-0.016039,-0.022300,-0.007917,-0.012783,-0.007949,-0.005108,0.007360,0.010573,0.016094,0.026741,0.037037,0.062852,0.073076,0.020283,0.042848,0.030158,0.006856,0.009991,0.011770,0.011618,0.011269,0.003385,0.002164,0.000395,0.003938,0.005179,0.002557,0.002469,0.004171,0.001395,0.001757,0.000508,-0.000101,0.000180,0.003178,0.004675,0.005650
0.002337,0.000628,-0.000387,-0.000638,-0.001087,-0.000121,0.003620,0.005452,0.003660,0.001811,-0.000605,-0.001971,-0.002892,-0.001382,-0.003304,-0.002689,-0.001919,-0.002851,-0.003055,-0.002821,-0.008180,-0.002299,-0.001649,-0.003842,-0.006919,0.000122,-0.002405,0.000914,0.001478,0.004483,0.002367,0.003177,0.007126,0.011420,0.018103,0.020283,0.019697,0.015233,0.009766,0.003326,0.004252,0.002795,0.002557,0.003104,0.001219,0.001269,0.000336,0.001664,0.001764,0.001704,0.001948,0.001496,0.001548,0.001023,0.000204,0.000250,0.001568,0.002405,0.001530,0.001314
0.007150,0.003449,0.001782,0.000960,0.001468,-0.002185,0.003870,0.009595,0.010584,0.005877,0.000906,-0.000647,-0.001683,-0.001564,-0.008320,-0.008864,-0.005842,-0.009992,-0.008223,-0.002603,-0.011415,-0.011292,-0.008317,-0.019125,-0.026470,-0.008190,-0.009800,-0.004673,-0.003556,0.004519,0.004340,0.011061,0.018784,0.020412,0.036568,0.042848,0.015233,0.047901,0.038037,0.008126,0.009203,0.009913,0.009829,0.011027,0.009720,0.006874,0.004245,0.005918,0.006143,0.005027,0.003770,0.003972,0.004473,0.003950,0.004400,0.003930,0.002192,0.004581,0.005046,0.006752
0.006393,0.002447,0.001120,0.000730,0.001882,-0.001481,0.003844,0.008766,0.008616,0.005062,0.001562,-0.000359,0.000128,-0.000614,-0.007137,-0.008798,-0.008086,-0.008531,-0.004003,0.000832,-0.009694,-0.010949,-0.009678,-0.018809,-0.025465,-0.008985,-0.013553,-0.009059,-0.003886,0.003337,0.005417,0.012495,0.018218,0.016837,0.027575,0.030158,0.009766,0.038037,0.045200,0.012276,0.009836,0.011266,0.011001,0.013122,0.013196,0.009740,0.005766,0.007928,0.007357,0.007010,0.003868,0.001669,0.004588,0.003666,0.005998,0.003746,0.001908,0.006032,0.005615,0.006499
0.000420,0.000121,-0.000206,-0.001307,-0.002178,-0.001206,0.000007,0.000415,0.000100,-0.000412,0.000476,-0.000625,-0.001146,-0.000840,-0.004586,-0.005592,-0.006345,-0.006559,-0.002737,-0.000886,-0.007054,-0.004315,-0.005327,-0.005389,-0.009080,-0.002854,-0.004674,-0.002370,0.000114,0.003537,0.005942,0.003900,0.007511,0.007040,0.007619,0.006856,0.003326,0.008126,0.012276,0.013796,0.010129,0.007184,0.005209,0.005120,0.005707,0.006229,0.004219,0.003918,0.003815,0.002560,0.002119,-0.000267,0.000238,-0.001148,-0.000944,-0.000263,-0.001379,0.000541,0.000126,0.001389
-0.000553,0.000695,0.000762,0.000411,-0.001170,-0.000634,0.001455,0.001231,0.000537,-0.001216,-0.001150,-0.001037,-0.001640,-0.000568,-0.002409,-0.002152,-0.005517,-0.003686,-0.001316,-0.001015,-0.007362,-0.003202,-0.002646,-0.002364,-0.009276,-0.005823,-0.006617,-0.006448,-0.003872,0.002400,0.006194,0.007735,0.007943,0.008025,0.010870,0.009991,0.004252,0.009203,0.009836,0.010129,0.021883,0.015513,0.009104,0.009018,0.005925,0.007942,0.006089,0.004644,0.005312,0.003009,0.004393,0.001659,0.002107,-0.000658,0.001516,0.001055,0.000365,0.001550,0.003548,0.005959
0.002116,0.002500,0.001849,0.001954,0.000743,0.000893,0.002546,0.003211,0.001144,0.000120,-0.001283,-0.000686,-0.001442,-0.000408,-0.002093,-0.003154,-0.006484,-0.006261,-0.001486,-0.000988,-0.005883,-0.001820,0.000682,-0.000028,-0.005662,-0.003965,-0.004343,-0.005826,-0.002776,0.002668,0.006424,0.006513,0.008759,0.006384,0.011197,0.011770,0.002795,0.009913,0.011266,0.007184,0.015513,0.022209,0.012556,0.008144,0.007595,0.008080,0.006833,0.005133,0.005960,0.004187,0.005058,0.002855,0.003732,-0.000458,0.002794,0.001007,0.000801,0.003671,0.004344,0.005854
0.001892,0.001850,0.000504,0.000713,0.000330,-0.000198,0.000859,0.001437,0.001219,0.000624,-0.000136,0.000319,-0.000372,-0.000558,-0.004088,-0.004513,-0.005570,-0.005548,-0.002410,-0.000760,-0.005711,-0.001524,-0.001353,-0.001567,-0.003436,-0.001874,-0.000563,-0.002796,-0.001247,0.003356,0.007918,0.007602,0.008114,0.005183,0.009909,0.011618,0.002557,0.009829,0.011001,0.005209,0.009104,0.012556,0.017224,0.013443,0.009457,0.006888,0.004922,0.004569,0.005358,0.003848,0.002203,0.001370,0.002278,-0.002116,0.001795,0.000236,-0.000297,0.002869,0.001768,0.004003
0.002595,0.000793,-0.000651,0.000486,0.000031,-0.001851,0.001138,0.001462,0.003512,0.001831,0.001018,0.000845,0.000993,-0.000752,-0.004200,-0.005550,-0.007526,-0.006795,-0.005498,-0.001234,-0.005907,-0.004764,-0.006671,-0.003436,-0.001051,-0.002134,0.000145,-0.000816,0.000274,0.004918,0.008781,0.011469,0.008557,0.004882,0.010239,0.011269,0.003104,0.011027,0.013122,0.005120,0.009018,0.008144,0.013443,0.025959,0.013267,0.007438,0.004324,0.005968,0.004121,0.002002,0.002688,0.000351,0.000497,-0.001244,0.003732,0.002294,-0.000233,0.002713,0.004162,0.003220
0.004672,0.003016,0.001614,0.000952,-0.000114,-0.002048,0.000019,0.002148,0.003010,0.002986,0.000894,0.001500,0.001808,-0.000231,-0.002160,-0.003746,-0.006825,-0.008130,-0.004362,-0.001763,-0.002815,-0.005564,-0.005152,-0.007423,-0.006803,-0.002151,0.000712,0.001446,0.001668,0.007404,0.010073,0.009377,0.005630,0.000428,0.002163,0.003385,0.001219,0.009720,0.013196,0.005707,0.005925,0.007595,0.009457,0.013267,0.020423,0.012002,0.007099,0.007282,0.007365,0.005611,0.002754,0.002274,0.003019,0.000138,0.005715,0.004195,0.000994,0.003402,0.003472,0.001906
0.004136,0.002798,0.001498,0.000973,-0.000168,-0.000716,0.001723,0.001331,0.001384,0.002025,0.000009,0.000476,-0.000015,-0.000364,-0.000815,-0.001481,-0.002538,-0.003695,-0.000833,-0.001129,-0.004209,-0.004268,-0.003218,-0.005793,-0.007763,-0.004521,-0.002229,-0.001551,-0.000599,0.005276,0.007169,0.006019,0.004344,0.002545,0.005142,0.002164,0.001269,0.006874,0.009740,0.006229,0.007942,0.008080,0.006888,0.007438,0.012002,0.013586,0.007820,0.005633,0.006619,0.006390,0.001952,0.001494,0.003748,-0.000135,0.005741,0.003588,0.001378,0.003892,0.003541,0.004060
0.002007,0.001229,0.001154,0.000941,-0.000042,0.000430,0.002608,0.000364,0.000156,0.000344,0.000062,0.000046,0.000031,0.000077,-0.001039,-0.002162,-0.001582,-0.004048,-0.001671,-0.000986,-0.006109,-0.003549,-0.002530,-0.003339,-0.005398,-0.003334,-0.001895,-0.001092,-0.000081,0.003232,0.005357,0.003343,0.002308,-0.000965,0.000686,0.000395,0.000336,0.004245,0.005766,0.004219,0.006089,0.006833,0.004922,0.004324,0.007099,0.007820,0.009167,0.006822,0.006106,0.004777,0.002466,0.001477,0.003380,0.000736,0.003522,0.002152,0.001227,0.002598,0.002083,0.002276
0.002161,0.000627,0.001108,0.000260,-0.000053,0.000118,0.004583,0.001789,0.001982,0.000968,0.000231,0.000908,0.001086,0.000844,0.000524,-0.000421,-0.001293,-0.002760,-0.003160,-0.000107,-0.005951,-0.004583,-0.002898,-0.003615,-0.003077,-0.001064,-0.001466,-0.001487,0.000351,0.003099,0.003488,0.004168,0.003755,0.000237,0.001249,0.003938,0.001664,0.005918,0.007928,0.003918,0.004644,0.005133,0.004569,0.005968,0.007282,0.005633,0.006822,0.012534,0.009262,0.004402,0.003485,0.000878,0.002457,0.002015,0.002591,0.003530,0.002893,0.002770,0.002590,0.000983
0.003746,0.002112,0.001248,0.000268,-0.000690,-0.000175,0.002975,0.003329,0.002604,0.001857,0.000677,0.001145,0.001123,0.000667,0.000458,-0.000511,-0.002727,-0.003664,-0.003308,-0.000697,-0.005313,-0.003888,-0.000508,-0.002000,-0.003357,-0.002558,-0.001457,-0.002252,-0.001519,0.003032,0.003109,0.003751,0.003155,0.001896,0.002897,0.005179,0.001764,0.006143,0.007357,0.003815,0.005312,0.005960,0.005358,0.004121,0.007365,0.006619,0.006106,0.009262,0.012001,0.006726,0.002429,0.001479,0.001724,0.000409,0.003167,0.003204,0.001591,0.002523,0.000144,0.001175
0.003643,0.001863,0.000679,0.000348,-0.000102,-0.000734,0.001537,0.000971,0.000429,0.000817,-0.000386,-0.000194,0.000258,0.000396,-0.000693,-0.000952,-0.004177,-0.003468,-0.000215,0.000152,-0.001214,-0.001284,0.000305,-0.002875,-0.003279,-0.002077,-0.001590,-0.003194,-0.005048,0.000227,0.001595,0.003456,0.002908,0.002579,0.003545,0.002557,0.001704,0.005027,0.007010,0.002560,0.003009,0.004187,0.003848,0.002002,0.005611,0.006390,0.004777,0.004402,0.006726,0.012893,0.001384,0.000738,0.002840,-0.000207,0.004989,0.002785,0.002449,0.004120,-0.000423,0.000792
0.001817,0.002089,0.002267,0.001860,0.000537,0.000114,0.003178,0.003566,0.001391,0.000597,-0.000285,0.000482,0.000347,0.000477,0.003518,0.002973,-0.000783,-0.000650,-0.000750,0.001419,0.000145,-0.001200,0.000486,-0.000836,-0.004540,-0.003612,-0.003509,-0.002014,-0.001567,0.000399,-0.001606,-0.000002,0.000105,0.000652,0.001168,0.002469,0.001948,0.003770,0.003868,0.002119,0.004393,0.005058,0.002203,0.002688,0.002754,0.001952,0.002466,0.003485,0.002429,0.001384,0.009072,0.001926,0.001674,0.003606,0.002281,0.001878,0.001897,0.002378,0.003127,0.004090
0.002267,0.002211,0.001924,0.001468,0.000288,0.001039,0.001756,0.002590,0.001942,0.001337,-0.000065,0.000364,0.000302,0.000186,0.000419,0.000912,-0.000397,-0.000115,-0.000741,-0.000103,-0.001259,-0.002130,0.001629,0.000172,-0.003301,-0.002996,-0.002804,-0.001411,-0.001354,0.000164,-0.000203,-0.000108,0.000140,0.001221,0.002395,0.004171,0.001496,0.003972,0.001669,-0.000267,0.001659,0.002855,0.001370,0.000351,0.002274,0.001494,0.001477,0.000878,0.001479,0.000738,0.001926,0.005552,0.001992,0.002499,0.002360,0.001446,0.000667,0.002230,0.001792,0.001532
0.001083,0.002082,0.002662,0.002454,0.002576,0.001414,0.001450,0.000093,0.000539,0.001813,0.000849,-0.000510,0.000375,-0.000042,0.000218,0.000961,0.002585,0.001831,0.001580,0.002593,-0.002460,0.001189,0.002627,-0.002180,-0.005870,-0.000690,-0.004631,-0.003226,-0.002887,-0.000296,0.002609,0.002122,0.001464,0.000046,0.000980,0.001395,0.001548,0.004473,0.004588,0.000238,0.002107,0.003732,0.002278,0.000497,0.003019,0.003748,0.003380,0.002457,0.001724,0.002840,0.001674,0.001992,0.014588,0.002719,0.004246,0.003699,0.004306,0.004593,0.002688,0.002573
0.002560,0.001496,0.003518,0.002384,0.001777,0.001316,0.002786,0.005780,0.004632,0.002011,-0.000862,-0.000871,-0.001515,-0.000554,0.001732,0.001585,-0.000272,0.001558,0.001476,0.004904,0.005455,0.001245,0.002851,-0.002222,-0.002887,-0.003248,-0.004989,-0.005674,-0.005896,-0.001734,-0.004190,-0.002830,-0.001557,0.001217,0.002625,0.001757,0.001023,0.003950,0.003666,-0.001148,-0.000658,-0.000458,-0.002116,-0.001244,0.000138,-0.000135,0.000736,0.002015,0.000409,-0.000207,0.003606,0.002499,0.002719,0.016223,0.004376,0.004100,0.003481,0.004558,0.005674,0.001710
0.003431,0.002425,0.001622,0.002109,0.002199,-0.000409,0.001863,0.002700,0.001347,0.001846,-0.000712,0.001185,0.001189,0.000798,0.003122,0.003212,-0.000076,0.001291,0.001920,0.003787,0.000108,-0.001088,-0.001115,-0.002960,-0.004485,-0.005523,-0.003607,-0.003815,-0.005075,-0.002365,-0.000721,0.002772,0.001017,0.000937,0.001534,0.000508,0.000204,0.004400,0.005998,-0.000944,0.001516,0.002794,0.001795,0.003732,0.005715,0.005741,0.003522,0.002591,0.003167,0.004989,0.002281,0.002360,0.004246,0.004376,0.017074,0.005859,0.005198,0.006075,0.005366,0.003193
0.002748,0.001433,0.001642,0.002408,0.002959,-0.000434,0.001984,0.003027,0.003236,0.001978,0.000633,0.001272,0.001571,0.001544,0.001477,0.002242,0.001250,0.000964,0.000832,0.002954,0.003877,-0.001215,0.001079,-0.002797,-0.003647,-0.001387,-0.003872,-0.002526,-0.003118,0.001248,-0.001627,-0.000391,0.000492,-0.000134,0.000575,-0.000101,0.000250,0.003930,0.003746,-0.000263,0.001055,0.001007,0.000236,0.002294,0.004195,0.003588,0.002152,0.003530,0.003204,0.002785,0.001878,0.001446,0.003699,0.004100,0.005859,0.010476,0.004935,0.004895,0.004720,0.001982
0.002327,0.001166,0.002122,0.003092,0.003485,0.000624,0.003197,0.002061,0.001661,0.000881,0.000239,-0.000177,0.000691,0.001211,0.002507,0.003661,0.002173,0.000958,-0.000218,0.002122,0.000101,-0.001083,-0.001208,-0.002049,-0.003997,-0.003057,-0.004624,-0.002990,-0.004278,-0.003198,-0.003201,-0.000613,-0.000138,-0.001686,-0.000837,0.000180,0.001568,0.002192,0.001908,-0.001379,0.000365,0.000801,-0.000297,-0.000233,0.000994,0.001378,0.001227,0.002893,0.001591,0.002449,0.001897,0.000667,0.004306,0.003481,0.005198,0.004935,0.011622,0.005903,0.004270,0.002596
0.002957,0.002069,0.001236,0.001911,0.002323,0.000429,0.002737,0.003583,0.002637,0.002247,0.000079,-0.000504,-0.000009,-0.000180,0.000046,0.001261,-0.000749,0.000002,0.001128,0.003266,0.002497,0.000211,0.001041,-0.001673,-0.003760,-0.002416,-0.002314,-0.004488,-0.006750,-0.002145,-0.001767,0.000013,0.000857,0.001065,0.002529,0.003178,0.002405,0.004581,0.006032,0.000541,0.001550,0.003671,0.002869,0.002713,0.003402,0.003892,0.002598,0.002770,0.002523,0.004120,0.002378,0.002230,0.004593,0.004558,0.006075,0.004895,0.005903,0.011285,0.005916,0.002881
0.002453,0.001449,0.001836,0.003118,0.002796,0.000448,0.003563,0.003987,0.002559,0.000486,-0.001261,-0.000801,-0.000408,-0.000867,0.001141,0.000401,-0.001056,-0.000717,0.000241,0.001487,-0.000806,-0.002212,-0.001949,-0.000532,-0.003360,-0.005149,-0.005833,-0.005024,-0.004044,-0.001846,-0.001034,0.001515,0.000919,0.001225,0.004427,0.004675,0.001530,0.005046,0.005615,0.000126,0.003548,0.004344,0.001768,0.004162,0.003472,0.003541,0.002083,0.002590,0.000144,-0.000423,0.003127,0.001792,0.002688,0.005674,0.005366,0.004720,0.004270,0.005916,0.016488,0.008432
0.002239,0.002012,0.001801,0.003107,0.002018,0.000225,0.004157,0.003548,0.002631,0.001293,0.000049,-0.000361,0.000527,-0.000134,0.003801,0.003870,0.001945,0.001703,0.001875,0.001151,-0.001261,-0.002803,-0.001186,-0.002229,-0.006840,-0.006540,-0.008308,-0.006406,-0.005973,-0.002148,-0.000454,0.001426,0.000035,0.002096,0.006036,0.005650,0.001314,0.006752,0.006499,0.001389,0.005959,0.005854,0.004003,0.003220,0.001906,0.004060,0.002276,0.000983,0.001175,0.000792,0.004090,0.001532,0.002573,0.001710,0.003193,0.001982,0.002596,0.002881,0.008432,0.014896
