0.012138,0.007446,0.005351,0.005216,0.004094,0.000866,0.001074,0.004547,0.003364,0.001581,0.000355,0.000960,0.000486,-0.000388,0.002072,0.001398,-0.000771,-0.000007,-0.000965,-0.000159,-0.000272,-0.003327,-0.000694,-0.001297,-0.005678,-0.003979,-0.007512,-0.003938,-0.004668,-0.002242,-0.002365,-0.000741,-0.001084,0.001243,0.003319,0.004498,0.001313,0.003931,0.003687,-0.000639,-0.000254,0.001828,0.000783,0.000161,0.001740,0.002129,0.001349,0.001308,0.002085,0.001998,0.001193,0.003339,0.003257,0.002367,0.003946,0.002284,0.000998,0.003170,0.003436,0.003473
0.007446,0.011383,0.008082,0.007006,0.003868,0.002126,0.001769,0.003052,0.001837,0.001227,0.000038,0.000900,0.000026,0.000211,0.002605,0.002654,-0.000340,-0.000075,-0.001886,-0.002802,-0.001801,-0.002486,0.000665,0.000754,-0.003471,-0.002334,-0.004323,-0.002858,-0.003791,-0.002006,-0.001552,-0.000965,-0.004328,-0.000543,0.001832,0.003627,0.000235,0.001044,0.000082,-0.000589,0.001165,0.001461,-0.000220,-0.000765,0.001390,0.001579,0.000729,0.000841,0.001731,0.000558,0.001747,0.004100,0.002680,0.001052,0.003022,0.001762,-0.000234,0.001871,0.002529,0.003736
0.005351,0.008082,0.009249,0.007193,0.004467,0.001127,0.001244,0.000935,0.000229,0.000290,0.000291,0.001152,-0.000186,0.000489,0.003167,0.003454,0.002028,0.001421,-0.000778,-0.001910,-0.002237,-0.000375,-0.001015,-0.001232,-0.004243,-0.000765,-0.004429,-0.002933,-0.002674,-0.002577,-0.001339,-0.001147,-0.004550,-0.001595,-0.000924,0.001479,-0.000553,0.000950,0.000442,0.000051,0.000547,-0.000405,-0.001051,-0.001717,-0.000021,0.000140,0.000155,0.001484,0.000814,-0.000225,0.001122,0.003014,0.003074,0.001415,0.001983,0.000680,0.000743,0.001701,0.001918,0.003002
0.005216,0.007006,0.007193,0.009016,0.006755,0.001395,0.002714,0.002497,0.001067,0.001130,0.001158,0.001408,0.000532,0.000605,0.003571,0.003078,0.000976,0.000442,0.000138,-0.000871,-0.000222,0.000195,-0.001479,-0.001539,-0.003752,-0.002363,-0.004244,-0.002731,-0.002990,-0.002776,-0.003463,-0.002049,-0.004713,-0.002602,-0.002637,-0.000039,-0.000591,0.000892,0.001008,-0.000643,0.000088,-0.000537,-0.000617,-0.000091,0.000603,0.000176,0.000263,0.001230,0.000661,-0.000184,0.000949,0.002557,0.002369,0.000092,0.002890,0.001590,0.001850,0.002295,0.003093,0.004623
0.004094,0.003868,0.004467,0.006755,0.009321,0.002567,0.003100,0.001341,0.000208,0.000304,0.000871,0.000930,0.001071,0.000867,0.002905,0.003205,0.002475,0.002093,0.001274,0.000249,0.000204,0.000083,-0.001963,-0.002491,-0.002824,-0.000889,-0.004062,-0.003113,-0.002719,-0.003232,-0.003215,-0.000632,-0.002874,-0.002094,-0.002695,-0.000827,-0.001125,0.000882,0.002318,-0.001016,-0.000703,-0.000981,-0.001309,-0.000577,0.000132,0.000035,0.000373,0.000993,-0.000344,0.000361,0.000159,0.001209,0.003247,0.000248,0.003042,0.002854,0.002075,0.002924,0.003601,0.003777
0.000866,0.002126,0.001127,0.001395,0.002567,0.009229,0.006575,0.004211,0.001977,0.001945,0.001346,0.000894,0.002470,0.001715,0.003861,0.004135,0.001255,0.002421,0.001106,0.001027,0.001785,-0.000053,0.001601,0.000502,-0.000258,-0.000959,-0.002669,-0.001296,-0.000227,-0.001306,0.000063,0.000812,-0.003282,-0.001348,0.002197,0.001665,0.000285,-0.000744,0.000189,-0.001007,0.000825,0.001235,-0.000375,-0.001312,-0.000677,0.000593,0.000861,0.000593,0.000334,-0.000187,0.000590,0.002038,0.001928,0.000589,0.000709,0.000332,0.001102,0.001081,0.000013,0.001028
0.001074,0.001769,0.001244,0.002714,0.003100,0.006575,0.016494,0.009596,0.005020,0.004462,0.003610,0.002520,0.003463,0.004580,0.008453,0.007552,0.003596,0.003734,0.000708,0.001144,0.001785,0.000544,0.001903,0.000237,-0.001303,-0.002759,-0.004154,-0.003614,-0.002300,-0.002808,-0.002259,-0.002710,-0.006030,-0.001604,-0.001471,-0.000080,0.001441,0.000143,0.000228,-0.002161,-0.000955,0.000855,-0.000039,0.000404,-0.000498,0.001105,0.001349,0.002489,0.002019,0.000874,0.001870,0.002041,0.002309,0.001511,0.003141,0.001067,0.002760,0.003653,0.001930,0.002348
0.004547,0.003052,0.000935,0.002497,0.001341,0.004211,0.009596,0.019994,0.011135,0.009633,0.005527,0.004535,0.004051,0.002804,0.008595,0.007855,0.001418,0.001333,0.000749,0.002653,0.004387,-0.002104,0.000833,-0.003159,-0.006345,-0.005697,-0.005025,-0.004052,-0.003986,-0.001455,-0.001588,-0.002159,-0.004675,-0.001227,0.003501,0.005512,0.004055,0.006117,0.005512,-0.001541,-0.000610,0.001869,0.001097,0.001395,0.002347,0.001782,-0.000279,-0.000250,0.002694,0.000697,0.001335,0.002581,0.000276,0.001591,0.004213,0.001287,0.001558,0.004591,0.002407,0.002103
0.003364,0.001837,0.000229,0.001067,0.000208,0.001977,0.005020,0.011135,0.011865,0.009279,0.006101,0.003868,0.002460,0.000132,0.003000,0.003207,0.000549,0.001480,0.000845,0.003523,0.002896,-0.002987,-0.000495,-0.002860,-0.004104,-0.002913,-0.003000,-0.002440,-0.004267,-0.000969,0.000358,0.001363,0.000551,0.001424,0.006092,0.007295,0.002699,0.008684,0.006918,-0.000177,0.000784,0.001257,0.001795,0.004337,0.003070,0.002248,0.000203,0.000512,0.002589,0.000826,-0.000216,0.001688,0.000609,0.001461,0.001418,0.002254,0.002161,0.002632,0.001283,0.001589
0.001581,0.001227,0.000290,0.001130,0.000304,0.001945,0.004462,0.009633,0.009279,0.012137,0.008613,0.006117,0.004000,0.001256,0.003890,0.003601,0.002011,0.001818,0.001148,0.003758,0.004220,0.000039,0.001507,-0.000138,-0.002122,-0.002114,-0.002568,-0.001200,-0.002523,-0.002144,-0.000299,0.001371,-0.001014,-0.000614,0.001402,0.002922,0.001377,0.005164,0.005467,-0.000678,-0.000559,0.000197,0.001324,0.003257,0.003444,0.002279,0.000183,0.000582,0.002712,0.001256,0.000652,0.000926,0.002550,-0.000133,0.002137,0.002086,0.001541,0.002689,-0.000013,0.000856
0.000355,0.000038,0.000291,0.001158,0.000871,0.001346,0.003610,0.005527,0.006101,0.008613,0.010850,0.007705,0.005153,0.000488,0.002256,0.002268,0.001589,0.001334,0.001189,0.004477,0.006832,0.001672,0.000583,-0.000685,-0.001806,0.000300,-0.001350,0.001027,-0.000571,-0.003521,-0.002810,-0.000147,-0.000988,-0.002847,-0.003056,-0.001338,-0.000377,0.002749,0.005038,0.000573,-0.001203,-0.001259,0.000727,0.003348,0.002248,0.000432,-0.000397,0.000185,0.001308,-0.000289,0.000377,-0.000182,0.002209,-0.001610,0.000492,0.001621,0.001720,0.000409,-0.000308,0.001094
0.000960,0.000900,0.001152,0.001408,0.000930,0.000894,0.002520,0.004535,0.003868,0.006117,0.007705,0.011657,0.007978,0.002944,0.007208,0.007348,0.004849,0.004263,0.001580,0.002917,0.006935,0.001797,0.000678,-0.002615,-0.005017,-0.000473,-0.002297,-0.000241,-0.001684,-0.003098,-0.004261,-0.002257,-0.003555,-0.004327,-0.005705,-0.004712,-0.001888,0.001342,0.002899,0.000089,-0.000291,-0.000689,0.000262,0.001254,0.001815,0.000589,-0.000521,0.000356,0.000914,-0.000027,0.000923,0.000572,0.001411,-0.001389,0.002902,0.002291,0.001589,0.000614,-0.000657,0.000302
0.000486,0.000026,-0.000186,0.000532,0.001071,0.002470,0.003463,0.004051,0.002460,0.004000,0.005153,0.007978,0.011768,0.005580,0.010138,0.009777,0.005776,0.005843,0.002518,0.002347,0.004104,-0.000041,-0.000038,-0.004556,-0.007037,-0.000708,-0.003671,-0.002121,-0.002142,-0.002631,-0.002824,-0.000388,-0.004025,-0.002964,-0.003400,-0.003095,-0.001334,0.000220,0.002500,-0.001041,-0.001473,-0.001443,-0.000358,0.000762,0.002183,0.000340,-0.000432,0.000099,0.000540,0.000825,0.000658,0.000802,0.001661,-0.001050,0.003128,0.001484,0.001834,0.001168,0.000413,0.001022
-0.000388,0.000211,0.000489,0.000605,0.000867,0.001715,0.004580,0.002804,0.000132,0.001256,0.000488,0.002944,0.005580,0.009915,0.010103,0.009625,0.006813,0.005922,0.003171,0.000297,-0.001115,-0.000833,-0.000077,-0.002733,-0.004060,0.000107,-0.002354,-0.003297,-0.002175,-0.000849,-0.000929,0.000318,-0.004688,-0.000838,-0.002342,-0.002282,0.000407,-0.000521,-0.000822,-0.001832,-0.001395,-0.000872,-0.000988,-0.001868,-0.000786,-0.000415,-0.000200,0.000460,0.000433,0.001172,0.000855,0.000429,0.000603,-0.000145,0.004731,0.000827,0.001234,0.002268,-0.000530,-0.000761
0.002072,0.002605,0.003167,0.003571,0.002905,0.003861,0.008453,0.008595,0.003000,0.003890,0.002256,0.007208,0.010138,0.010103,0.043703,0.045149,0.030056,0.032179,0.016671,0.013432,0.019188,0.006386,0.005743,-0.001040,-0.008146,-0.008081,-0.014086,-0.015117,-0.012815,-0.009812,-0.012307,-0.009765,-0.017224,-0.011384,-0.012850,-0.011081,-0.002339,-0.006416,-0.007089,-0.004399,-0.004617,-0.005440,-0.005993,-0.007374,-0.004457,-0.001838,-0.002013,-0.000624,-0.000938,0.000079,0.002171,0.000611,0.000504,0.000752,0.008563,0.000715,0.001242,0.003164,0.000903,0.002375
0.001398,0.002654,0.003454,0.003078,0.003205,0.004135,0.007552,0.007855,0.003207,0.003601,0.002268,0.007348,0.009777,0.009625,0.045149,0.057284,0.040625,0.044053,0.021740,0.018810,0.025409,0.009965,0.009019,-0.001119,-0.009190,-0.008090,-0.018052,-0.019555,-0.017609,-0.016360,-0.017242,-0.011665,-0.018707,-0.012204,-0.009812,-0.007974,-0.000715,-0.004267,-0.007514,-0.005008,-0.003648,-0.006032,-0.006501,-0.007335,-0.006011,-0.002468,-0.003118,-0.001593,-0.001740,0.000038,0.001175,0.001453,0.000845,0.001446,0.008931,0.001784,0.002398,0.004103,0.001351,0.002635
-0.000771,-0.000340,0.002028,0.000976,0.002475,0.001255,0.003596,0.001418,0.000549,0.002011,0.001589,0.004849,0.005776,0.006813,0.030056,0.040625,0.048578,0.040041,0.020527,0.016717,0.011611,0.009627,0.003599,-0.002217,-0.008860,-0.004032,-0.014758,-0.013472,-0.009094,-0.010476,-0.011320,-0.008078,-0.010850,-0.006612,-0.004805,-0.006273,-0.000378,-0.003058,-0.009283,-0.005296,-0.006246,-0.008401,-0.006502,-0.010465,-0.007941,-0.002150,-0.001363,-0.001157,-0.002806,-0.002941,-0.002413,-0.000368,0.000822,0.000473,0.004112,0.000651,0.001329,0.001287,0.000575,0.001267
-0.000007,-0.000075,0.001421,0.000442,0.002093,0.002421,0.003734,0.001333,0.001480,0.001818,0.001334,0.004263,0.005843,0.005922,0.032179,0.044053,0.040041,0.053064,0.026671,0.024172,0.024193,0.012514,0.007811,-0.000938,-0.010992,-0.008376,-0.022792,-0.020064,-0.016866,-0.015991,-0.016104,-0.008261,-0.011166,-0.004357,-0.002053,-0.005517,-0.001783,-0.004268,-0.007781,-0.004191,-0.002725,-0.007089,-0.006106,-0.008727,-0.008425,-0.001554,-0.002646,-0.002094,-0.002361,-0.000470,-0.002623,0.000177,0.000602,0.001046,0.005382,0.000088,-0.000237,0.002315,-0.000407,0.000630
-0.000965,-0.001886,-0.000778,0.000138,0.001274,0.001106,0.000708,0.000749,0.000845,0.001148,0.001189,0.001580,0.002518,0.003171,0.016671,0.021740,0.020527,0.026671,0.026395,0.019768,0.016762,0.008120,0.001645,-0.004528,-0.008409,-0.005949,-0.011627,-0.009563,-0.008530,-0.006413,-0.006681,-0.002436,-0.003306,-0.001553,-0.002937,-0.009103,-0.002374,-0.004795,-0.004067,-0.000865,-0.001155,-0.002554,-0.002298,-0.005930,-0.003196,0.000881,-0.001912,-0.002773,-0.002505,0.000878,-0.001312,-0.000734,0.000190,0.000773,0.004420,0.000405,0.000021,0.001609,0.000401,-0.000024
-0.000159,-0.002802,-0.001910,-0.000871,0.000249,0.001027,0.001144,0.002653,0.003523,0.003758,0.004477,0.002917,0.002347,0.000297,0.013432,0.018810,0.016717,0.024172,0.019768,0.033401,0.029114,0.013892,0.007144,0.001414,-0.002724,-0.005852,-0.011693,-0.010381,-0.011681,-0.012266,-0.013287,-0.005892,-0.005375,-0.003786,-0.003861,-0.006549,-0.002516,-0.001845,-0.000128,0.000019,-0.002317,-0.002714,-0.000015,-0.001471,-0.001612,0.000378,-0.001277,-0.001267,-0.000925,0.000071,0.000124,-0.000873,0.001095,0.003392,0.005059,0.001664,0.001946,0.003174,0.000517,-0.001299
-0.000272,-0.001801,-0.002237,-0.000222,0.000204,0.001785,0.001785,0.004387,0.002896,0.004220,0.006832,0.006935,0.004104,-0.001115,0.019188,0.025409,0.011611,0.024193,0.016762,0.029114,0.069996,0.030360,0.027803,0.014343,0.009891,-0.001371,-0.006773,-0.009935,-0.014851,-0.021370,-0.028926,-0.015925,-0.017692,-0.011788,-0.018006,-0.018194,-0.005983,-0.008112,-0.004957,-0.003763,-0.007407,-0.007278,-0.004301,-0.003346,-0.002687,-0.002689,-0.006544,-0.007232,-0.005086,-0.000174,-0.000459,-0.003203,-0.001390,0.002616,0.004874,0.002352,-0.001485,0.003087,-0.003849,-0.003993
-0.003327,-0.002486,-0.000375,0.000195,0.000083,-0.000053,0.000544,-0.002104,-0.002987,0.000039,0.001672,0.001797,-0.000041,-0.000833,0.006386,0.009965,0.009627,0.012514,0.008120,0.013892,0.030360,0.033371,0.023245,0.015916,0.011176,0.003882,-0.001726,-0.005594,-0.007380,-0.011433,-0.013167,-0.007605,-0.007092,-0.003492,-0.009313,-0.008125,-0.001978,-0.007633,-0.006290,-0.002136,-0.003491,-0.003148,-0.001373,-0.002050,-0.003876,-0.002439,-0.003911,-0.003655,-0.003436,-0.001901,-0.001123,-0.002719,0.000716,0.001384,0.000666,-0.001446,-0.001455,0.000838,-0.003524,-0.003387
-0.000694,0.000665,-0.001015,-0.001479,-0.001963,0.001601,0.001903,0.000833,-0.000495,0.001507,0.000583,0.000678,-0.000038,-0.000077,0.005743,0.009019,0.003599,0.007811,0.001645,0.007144,0.027803,0.023245,0.043646,0.031613,0.020534,0.006755,0.000798,-0.004632,-0.008491,-0.010971,-0.009428,-0.004479,-0.007039,-0.004412,-0.006673,-0.004345,-0.002005,-0.006139,-0.007525,-0.004855,-0.003392,-0.000963,-0.001875,-0.002940,-0.004224,-0.002221,-0.003627,-0.003552,-0.001069,-0.000282,0.000861,0.000005,0.002146,0.002687,0.000697,0.000487,-0.001958,0.002090,-0.003156,-0.001900
-0.001297,0.000754,-0.001232,-0.001539,-0.002491,0.000502,0.000237,-0.003159,-0.002860,-0.000138,-0.000685,-0.002615,-0.004556,-0.002733,-0.001040,-0.001119,-0.002217,-0.000938,-0.004528,0.001414,0.014343,0.015916,0.031613,0.044099,0.039090,0.013042,0.011450,0.002404,-0.003525,-0.009204,-0.005412,-0.004277,-0.006143,-0.005481,-0.010360,-0.008995,-0.002892,-0.012458,-0.012678,-0.005249,-0.004199,-0.000694,-0.002852,-0.001286,-0.004512,-0.003757,-0.002608,-0.002493,-0.000677,-0.002759,0.000333,-0.001377,-0.002575,-0.000091,-0.000391,-0.001743,-0.001490,0.000146,-0.002820,-0.001738
-0.005678,-0.003471,-0.004243,-0.003752,-0.002824,-0.000258,-0.001303,-0.006345,-0.004104,-0.002122,-0.001806,-0.005017,-0.007037,-0.004060,-0.008146,-0.009190,-0.008860,-0.010992,-0.008409,-0.002724,0.009891,0.011176,0.020534,0.039090,0.058457,0.024213,0.028922,0.010209,0.001199,-0.004452,-0.002263,-0.003781,-0.006662,-0.009237,-0.015857,-0.016801,-0.005516,-0.019248,-0.016131,-0.006088,-0.009556,-0.006087,-0.006028,-0.000706,-0.003387,-0.004129,-0.002517,-0.000724,0.000256,-0.001539,-0.002202,-0.005156,-0.008023,-0.000569,-0.002744,-0.001273,-0.002005,-0.003009,-0.006438,-0.006299
-0.003979,-0.002334,-0.000765,-0.002363,-0.000889,-0.000959,-0.002759,-0.005697,-0.002913,-0.002114,0.000300,-0.000473,-0.000708,0.000107,-0.008081,-0.008090,-0.004032,-0.008376,-0.005949,-0.005852,-0.001371,0.003882,0.006755,0.013042,0.024213,0.030540,0.027984,0.014920,0.007328,0.002327,0.002533,-0.000835,-0.005084,-0.003973,-0.007879,-0.009792,0.000021,-0.008019,-0.006417,-0.002605,-0.006671,-0.005000,-0.003569,-0.001473,-0.002419,-0.003862,-0.002514,-0.001077,-0.003307,-0.001831,-0.002584,-0.003362,-0.002506,-0.001880,-0.003940,-0.001083,-0.001772,-0.003083,-0.004400,-0.005332
-0.007512,-0.004323,-0.004429,-0.004244,-0.004062,-0.002669,-0.004154,-0.005025,-0.003000,-0.002568,-0.001350,-0.002297,-0.003671,-0.002354,-0.014086,-0.018052,-0.014758,-0.022792,-0.011627,-0.011693,-0.006773,-0.001726,0.000798,0.011450,0.028922,0.027984,0.051119,0.029236,0.015716,0.007503,0.005182,-0.001044,-0.005509,-0.007545,-0.013466,-0.012968,-0.001046,-0.009955,-0.009966,-0.004467,-0.008241,-0.003479,-0.001720,0.000864,0.001969,-0.001431,-0.000725,-0.000097,-0.000739,-0.002157,-0.000461,-0.003380,-0.007245,-0.001734,-0.003295,-0.002810,-0.002691,-0.005282,-0.005915,-0.007911
-0.003938,-0.002858,-0.002933,-0.002731,-0.003113,-0.001296,-0.003614,-0.004052,-0.002440,-0.001200,0.001027,-0.000241,-0.002121,-0.003297,-0.015117,-0.019555,-0.013472,-0.020064,-0.009563,-0.010381,-0.009935,-0.005594,-0.004632,0.002404,0.010209,0.014920,0.029236,0.037047,0.026825,0.015347,0.010492,0.002834,-0.000353,-0.004949,-0.007678,-0.008779,0.001532,-0.003999,-0.007066,-0.002544,-0.006519,-0.003615,-0.001834,0.000404,0.002652,-0.001356,0.000098,-0.000193,-0.000971,-0.001490,0.001260,-0.001100,-0.003551,-0.003798,-0.004667,-0.002464,-0.000104,-0.005584,-0.005264,-0.005846
-0.004668,-0.003791,-0.002674,-0.002990,-0.002719,-0.000227,-0.002300,-0.003986,-0.004267,-0.002523,-0.000571,-0.001684,-0.002142,-0.002175,-0.012815,-0.017609,-0.009094,-0.016866,-0.008530,-0.011681,-0.014851,-0.007380,-0.008491,-0.003525,0.001199,0.007328,0.015716,0.026825,0.037851,0.026738,0.018295,0.006289,0.008736,0.000984,-0.003087,-0.006913,0.003652,-0.002334,-0.003391,0.000008,-0.003838,-0.001303,-0.000710,0.001389,0.002563,-0.000969,0.001121,0.001477,-0.000324,-0.002673,0.001206,-0.000820,-0.002217,-0.005315,-0.007719,-0.003429,-0.003993,-0.008590,-0.004750,-0.006036
-0.002242,-0.002006,-0.002577,-0.002776,-0.003232,-0.001306,-0.002808,-0.001455,-0.000969,-0.002144,-0.003521,-0.003098,-0.002631,-0.000849,-0.009812,-0.016360,-0.010476,-0.015991,-0.006413,-0.012266,-0.021370,-0.011433,-0.010971,-0.009204,-0.004452,0.002327,0.007503,0.015347,0.026738,0.040976,0.033901,0.015271,0.018429,0.011466,0.009770,0.004941,0.007391,0.005651,0.004301,0.004590,0.004220,0.004732,0.005246,0.006031,0.006259,0.004492,0.004011,0.004044,0.002676,0.001377,0.000810,0.000383,0.000381,-0.003093,-0.005997,0.000159,-0.001274,-0.003464,-0.002676,-0.002711
-0.002365,-0.001552,-0.001339,-0.003463,-0.003215,0.000063,-0.002259,-0.001588,0.000358,-0.000299,-0.002810,-0.004261,-0.002824,-0.000929,-0.012307,-0.017242,-0.011320,-0.016104,-0.006681,-0.013287,-0.028926,-0.013167,-0.009428,-0.005412,-0.002263,0.002533,0.005182,0.010492,0.018295,0.033901,0.049103,0.026805,0.022832,0.012957,0.014523,0.009925,0.005291,0.007150,0.007539,0.006226,0.008449,0.008300,0.008513,0.008322,0.008692,0.006588,0.006003,0.005378,0.004830,0.002889,-0.000423,0.000363,0.003373,-0.003315,-0.005660,0.000313,0.000193,-0.001273,-0.003057,-0.000925
-0.000741,-0.000965,-0.001147,-0.002049,-0.000632,0.000812,-0.002710,-0.002159,0.001363,0.001371,-0.000147,-0.002257,-0.000388,0.000318,-0.009765,-0.011665,-0.008078,-0.008261,-0.002436,-0.005892,-0.015925,-0.007605,-0.004479,-0.004277,-0.003781,-0.000835,-0.001044,0.002834,0.006289,0.015271,0.026805,0.032776,0.024283,0.014176,0.015838,0.013588,0.003413,0.008868,0.011688,0.004368,0.009405,0.008561,0.008644,0.009794,0.008688,0.005269,0.003509,0.004666,0.004447,0.004003,0.000235,0.000279,0.003676,-0.001324,-0.001074,0.001146,0.002163,0.000752,-0.002420,-0.000851
-0.001084,-0.004328,-0.004550,-0.004713,-0.002874,-0.003282,-0.006030,-0.004675,0.000551,-0.001014,-0.000988,-0.003555,-0.004025,-0.004688,-0.017224,-0.018707,-0.010850,-0.011166,-0.003306,-0.005375,-0.017692,-0.007092,-0.007039,-0.006143,-0.006662,-0.005084,-0.005509,-0.000353,0.008736,0.018429,0.022832,0.024283,0.041685,0.025039,0.025567,0.018715,0.003797,0.011638,0.012918,0.006065,0.009985,0.010921,0.009666,0.008686,0.004508,0.003907,0.002734,0.002225,0.002512,0.002521,-0.000901,0.000080,0.001870,-0.001026,-0.004791,0.001042,0.001567,-0.001333,-0.001460,-0.000767
0.001243,-0.000543,-0.001595,-0.002602,-0.002094,-0.001348,-0.001604,-0.001227,0.001424,-0.000614,-0.002847,-0.004327,-0.002964,-0.000838,-0.011384,-0.012204,-0.006612,-0.004357,-0.001553,-0.003786,-0.011788,-0.003492,-0.004412,-0.005481,-0.009237,-0.003973,-0.007545,-0.004949,0.000984,0.011466,0.012957,0.014176,0.025039,0.034653,0.034345,0.027744,0.006239,0.013329,0.011455,0.005620,0.009875,0.007967,0.006544,0.005278,-0.000369,0.002892,0.000237,-0.001539,0.000194,0.002508,-0.000843,0.001446,0.001242,0.000874,-0.001755,-0.000084,-0.000803,0.000964,-0.000353,0.002612
0.003319,0.001832,-0.000924,-0.002637,-0.002695,0.002197,-0.001471,0.003501,0.006092,0.001402,-0.003056,-0.005705,-0.003400,-0.002342,-0.012850,-0.009812,-0.004805,-0.002053,-0.002937,-0.003861,-0.018006,-0.009313,-0.006673,-0.010360,-0.015857,-0.007879,-0.013466,-0.007678,-0.003087,0.009770,0.014523,0.015838,0.025567,0.034345,0.063603,0.055834,0.011651,0.027479,0.020595,0.007302,0.014439,0.010873,0.009769,0.011477,0.000091,0.004015,0.000792,-0.000468,0.001964,0.002506,-0.002396,0.002907,0.001192,0.001309,-0.003187,0.001557,0.001448,0.001611,0.003080,0.005914
0.004498,0.003627,0.001479,-0.000039,-0.000827,0.001665,-0.000080,0.005512,0.007295,0.002922,-0.001338,-0.004712,-0.003095,-0.002282,-0.011081,-0.007974,-0.006273,-0.005517,-0.009103,-0.006549,-0.018194,-0.008125,-0.004345,-0.008995,-0.016801,-0.009792,-0.012968,-0.008779,-0.006913,0.004941,0.009925,0.013588,0.018715,0.027744,0.055834,0.063801,0.013803,0.034881,0.024627,0.006419,0.013530,0.010716,0.010656,0.013611,0.001558,0.001804,0.000330,0.001601,0.003441,0.000490,-0.000481,0.004228,0.000625,0.002460,-0.003313,0.000347,0.001021,0.002632,0.005063,0.007412
0.001313,0.000235,-0.000553,-0.000591,-0.001125,0.000285,0.001441,0.004055,0.002699,0.001377,-0.000377,-0.001888,-0.001334,0.000407,-0.002339,-0.000715,-0.000378,-0.001783,-0.002374,-0.002516,-0.005983,-0.001978,-0.002005,-0.002892,-0.005516,0.000021,-0.001046,0.001532,0.003652,0.007391,0.005291,0.003413,0.003797,0.006239,0.011651,0.013803,0.015024,0.011740,0.006282,0.001852,0.004885,0.003844,0.002658,0.004375,0.000975,0.000278,0.000204,0.000598,0.000687,0.000602,0.000814,0.001708,0.000850,0.000603,-0.001560,0.000574,0.001237,0.001693,0.001297,0.000620
0.003931,0.001044,0.000950,0.000892,0.000882,-0.000744,0.000143,0.006117,0.008684,0.005164,0.002749,0.001342,0.000220,-0.000521,-0.006416,-0.004267,-0.003058,-0.004268,-0.004795,-0.001845,-0.008112,-0.007633,-0.006139,-0.012458,-0.019248,-0.008019,-0.009955,-0.003999,-0.002334,0.005651,0.007150,0.008868,0.011638,0.013329,0.027479,0.034881,0.011740,0.040579,0.030568,0.004506,0.009168,0.008967,0.009284,0.012504,0.007103,0.003152,0.001897,0.002754,0.003621,0.002075,-0.000226,0.003809,0.003648,0.002329,0.001890,0.002943,0.001755,0.004152,0.004362,0.004784
0.003687,0.000082,0.000442,0.001008,0.002318,0.000189,0.000228,0.005512,0.006918,0.005467,0.005038,0.002899,0.002500,-0.000822,-0.007089,-0.007514,-0.009283,-0.007781,-0.004067,-0.000128,-0.004957,-0.006290,-0.007525,-0.012678,-0.016131,-0.006417,-0.009966,-0.007066,-0.003391,0.004301,0.007539,0.011688,0.012918,0.011455,0.020595,0.024627,0.006282,0.030568,0.038215,0.008250,0.008278,0.009166,0.011330,0.016718,0.011055,0.005247,0.002639,0.004511,0.005188,0.003824,0.000624,0.001485,0.004691,0.002788,0.003342,0.003581,0.001152,0.005313,0.005371,0.004090
-0.000639,-0.000589,0.000051,-0.000643,-0.001016,-0.001007,-0.002161,-0.001541,-0.000177,-0.000678,0.000573,0.000089,-0.001041,-0.001832,-0.004399,-0.005008,-0.005296,-0.004191,-0.000865,0.000019,-0.003763,-0.002136,-0.004855,-0.005249,-0.006088,-0.002605,-0.004467,-0.002544,0.000008,0.004590,0.006226,0.004368,0.006065,0.005620,0.007302,0.006419,0.001852,0.004506,0.008250,0.010401,0.007666,0.004753,0.004023,0.004909,0.003088,0.002302,0.001490,0.001599,0.000974,0.000266,0.000488,-0.000119,0.000874,-0.000489,-0.002310,0.000417,-0.001273,0.000105,0.001287,0.001132
-0.000254,0.001165,0.000547,0.000088,-0.000703,0.000825,-0.000955,-0.000610,0.000784,-0.000559,-0.001203,-0.000291,-0.001473,-0.001395,-0.004617,-0.003648,-0.006246,-0.002725,-0.001155,-0.002317,-0.007407,-0.003491,-0.003392,-0.004199,-0.009556,-0.006671,-0.008241,-0.006519,-0.003838,0.004220,0.008449,0.009405,0.009985,0.009875,0.014439,0.013530,0.004885,0.009168,0.008278,0.007666,0.021029,0.015201,0.009248,0.009733,0.004774,0.006179,0.003841,0.002951,0.002995,0.001465,0.002329,0.002936,0.003892,-0.002092,-0.000452,0.000376,0.000724,0.000813,0.001928,0.004002
0.001828,0.001461,-0.000405,-0.000537,-0.000981,0.001235,0.000855,0.001869,0.001257,0.000197,-0.001259,-0.000689,-0.001443,-0.000872,-0.005440,-0.006032,-0.008401,-0.007089,-0.002554,-0.002714,-0.007278,-0.003148,-0.000963,-0.000694,-0.006087,-0.005000,-0.003479,-0.003615,-0.001303,0.004732,0.008300,0.008561,0.010921,0.007967,0.010873,0.010716,0.003844,0.008967,0.009166,0.004753,0.015201,0.021665,0.013446,0.010019,0.007786,0.007512,0.005278,0.004391,0.005088,0.002655,0.004551,0.004200,0.004196,-0.000975,0.001433,0.000294,-0.000134,0.002391,0.001909,0.002352
0.000783,-0.000220,-0.001051,-0.000617,-0.001309,-0.000375,-0.000039,0.001097,0.001795,0.001324,0.000727,0.000262,-0.000358,-0.000988,-0.005993,-0.006501,-0.006502,-0.006106,-0.002298,-0.000015,-0.004301,-0.001373,-0.001875,-0.002852,-0.006028,-0.003569,-0.001720,-0.001834,-0.000710,0.005246,0.008513,0.008644,0.009666,0.006544,0.009769,0.010656,0.002658,0.009284,0.011330,0.004023,0.009248,0.013446,0.017581,0.014928,0.010419,0.007306,0.004598,0.004858,0.005204,0.002469,0.002884,0.002032,0.002674,-0.000749,0.000641,0.000947,0.000095,0.001932,0.001429,0.002194
0.000161,-0.000765,-0.001717,-0.000091,-0.000577,-0.001312,0.000404,0.001395,0.004337,0.003257,0.003348,0.001254,0.000762,-0.001868,-0.007374,-0.007335,-0.010465,-0.008727,-0.005930,-0.001471,-0.003346,-0.002050,-0.002940,-0.001286,-0.000706,-0.001473,0.000864,0.000404,0.001389,0.006031,0.008322,0.009794,0.008686,0.005278,0.011477,0.013611,0.004375,0.012504,0.016718,0.004909,0.009733,0.010019,0.014928,0.027064,0.013497,0.007550,0.004956,0.006968,0.006141,0.002079,0.003285,0.000889,0.001242,-0.001326,0.000936,0.002545,0.001055,0.002637,0.001657,0.001832
0.001740,0.001390,-0.000021,0.000603,0.000132,-0.000677,-0.000498,0.002347,0.003070,0.003444,0.002248,0.001815,0.002183,-0.000786,-0.004457,-0.006011,-0.007941,-0.008425,-0.003196,-0.001612,-0.002687,-0.003876,-0.004224,-0.004512,-0.003387,-0.002419,0.001969,0.002652,0.002563,0.006259,0.008692,0.008688,0.004508,-0.000369,0.000091,0.001558,0.000975,0.007103,0.011055,0.003088,0.004774,0.007786,0.010419,0.013497,0.020030,0.010995,0.006788,0.006985,0.007721,0.004975,0.003721,0.003461,0.003555,0.000123,0.003050,0.002965,-0.000011,0.002668,0.001262,-0.000353
0.002129,0.001579,0.000140,0.000176,0.000035,0.000593,0.001105,0.001782,0.002248,0.002279,0.000432,0.000589,0.000340,-0.000415,-0.001838,-0.002468,-0.002150,-0.001554,0.000881,0.000378,-0.002689,-0.002439,-0.002221,-0.003757,-0.004129,-0.003862,-0.001431,-0.001356,-0.000969,0.004492,0.006588,0.005269,0.003907,0.002892,0.004015,0.001804,0.000278,0.003152,0.005247,0.002302,0.006179,0.007512,0.007306,0.007550,0.010995,0.011522,0.006411,0.004791,0.005414,0.004489,0.001777,0.002678,0.004427,-0.000294,0.003471,0.002864,0.000578,0.003369,0.001608,0.001340
0.001349,0.000729,0.000155,0.000263,0.000373,0.000861,0.001349,-0.000279,0.000203,0.000183,-0.000397,-0.000521,-0.000432,-0.000200,-0.002013,-0.003118,-0.001363,-0.002646,-0.001912,-0.001277,-0.006544,-0.003911,-0.003627,-0.002608,-0.002517,-0.002514,-0.000725,0.000098,0.001121,0.004011,0.006003,0.003509,0.002734,0.000237,0.000792,0.000330,0.000204,0.001897,0.002639,0.001490,0.003841,0.005278,0.004598,0.004956,0.006788,0.006411,0.007892,0.006420,0.005126,0.002983,0.001728,0.001772,0.002494,0.000204,0.001656,0.001417,0.000455,0.001578,0.001018,0.000325
0.001308,0.000841,0.001484,0.001230,0.000993,0.000593,0.002489,-0.000250,0.000512,0.000582,0.000185,0.000356,0.000099,0.000460,-0.000624,-0.001593,-0.001157,-0.002094,-0.002773,-0.001267,-0.007232,-0.003655,-0.003552,-0.002493,-0.000724,-0.001077,-0.000097,-0.000193,0.001477,0.004044,0.005378,0.004666,0.002225,-0.001539,-0.000468,0.001601,0.000598,0.002754,0.004511,0.001599,0.002951,0.004391,0.004858,0.006968,0.006985,0.004791,0.006420,0.011166,0.008017,0.003061,0.002593,0.001126,0.002334,0.001854,0.001226,0.002013,0.002286,0.001679,0.001763,-0.000504
0.002085,0.001731,0.000814,0.000661,-0.000344,0.000334,0.002019,0.002694,0.002589,0.002712,0.001308,0.000914,0.000540,0.000433,-0.000938,-0.001740,-0.002806,-0.002361,-0.002505,-0.000925,-0.005086,-0.003436,-0.001069,-0.000677,0.000256,-0.003307,-0.000739,-0.000971,-0.000324,0.002676,0.004830,0.004447,0.002512,0.000194,0.001964,0.003441,0.000687,0.003621,0.005188,0.000974,0.002995,0.005088,0.005204,0.006141,0.007721,0.005414,0.005126,0.008017,0.010031,0.004388,0.002199,0.001689,0.001376,0.001688,0.003142,0.001826,0.001328,0.001740,0.001522,-0.000278
0.001998,0.000558,-0.000225,-0.000184,0.000361,-0.000187,0.000874,0.000697,0.000826,0.001256,-0.000289,-0.000027,0.000825,0.001172,0.000079,0.000038,-0.002941,-0.000470,0.000878,0.000071,-0.000174,-0.001901,-0.000282,-0.002759,-0.001539,-0.001831,-0.002157,-0.001490,-0.002673,0.001377,0.002889,0.004003,0.002521,0.002508,0.002506,0.000490,0.000602,0.002075,0.003824,0.000266,0.001465,0.002655,0.002469,0.002079,0.004975,0.004489,0.002983,0.003061,0.004388,0.010028,0.001529,0.001067,0.002923,0.000750,0.004809,0.002776,0.002096,0.003263,0.000531,-0.000016
0.001193,0.001747,0.001122,0.000949,0.000159,0.000590,0.001870,0.001335,-0.000216,0.000652,0.000377,0.000923,0.000658,0.000855,0.002171,0.001175,-0.002413,-0.002623,-0.001312,0.000124,-0.000459,-0.001123,0.000861,0.000333,-0.002202,-0.002584,-0.000461,0.001260,0.001206,0.000810,-0.000423,0.000235,-0.000901,-0.000843,-0.002396,-0.000481,0.000814,-0.000226,0.000624,0.000488,0.002329,0.004551,0.002884,0.003285,0.003721,0.001777,0.001728,0.002593,0.002199,0.001529,0.007898,0.002215,0.002136,0.001030,0.001549,-0.000103,0.000063,0.001068,0.001439,0.001306
0.003339,0.004100,0.003014,0.002557,0.001209,0.002038,0.002041,0.002581,0.001688,0.000926,-0.000182,0.000572,0.000802,0.000429,0.000611,0.001453,-0.000368,0.000177,-0.000734,-0.000873,-0.003203,-0.002719,0.000005,-0.001377,-0.005156,-0.003362,-0.003380,-0.001100,-0.000820,0.000383,0.000363,0.000279,0.000080,0.001446,0.002907,0.004228,0.001708,0.003809,0.001485,-0.000119,0.002936,0.004200,0.002032,0.000889,0.003461,0.002678,0.001772,0.001126,0.001689,0.001067,0.002215,0.006858,0.002931,0.000747,0.001916,0.000994,0.000184,0.002072,0.001436,0.002120
0.003257,0.002680,0.003074,0.002369,0.003247,0.001928,0.002309,0.000276,0.000609,0.002550,0.002209,0.001411,0.001661,0.000603,0.000504,0.000845,0.000822,0.000602,0.000190,0.001095,-0.001390,0.000716,0.002146,-0.002575,-0.008023,-0.002506,-0.007245,-0.003551,-0.002217,0.000381,0.003373,0.003676,0.001870,0.001242,0.001192,0.000625,0.000850,0.003648,0.004691,0.000874,0.003892,0.004196,0.002674,0.001242,0.003555,0.004427,0.002494,0.002334,0.001376,0.002923,0.002136,0.002931,0.015590,0.000773,0.003128,0.003724,0.004373,0.004982,0.002489,0.003326
0.002367,0.001052,0.001415,0.000092,0.000248,0.000589,0.001511,0.001591,0.001461,-0.000133,-0.001610,-0.001389,-0.001050,-0.000145,0.000752,0.001446,0.000473,0.001046,0.000773,0.003392,0.002616,0.001384,0.002687,-0.000091,-0.000569,-0.001880,-0.001734,-0.003798,-0.005315,-0.003093,-0.003315,-0.001324,-0.001026,0.000874,0.001309,0.002460,0.000603,0.002329,0.002788,-0.000489,-0.002092,-0.000975,-0.000749,-0.001326,0.000123,-0.000294,0.000204,0.001854,0.001688,0.000750,0.001030,0.000747,0.000773,0.011478,0.002204,0.001008,0.001452,0.003753,0.002634,-0.000983
0.003946,0.003022,0.001983,0.002890,0.003042,0.000709,0.003141,0.004213,0.001418,0.002137,0.000492,0.002902,0.003128,0.004731,0.008563,0.008931,0.004112,0.005382,0.004420,0.005059,0.004874,0.000666,0.000697,-0.000391,-0.002744,-0.003940,-0.003295,-0.004667,-0.007719,-0.005997,-0.005660,-0.001074,-0.004791,-0.001755,-0.003187,-0.003313,-0.001560,0.001890,0.003342,-0.002310,-0.000452,0.001433,0.000641,0.000936,0.003050,0.003471,0.001656,0.001226,0.003142,0.004809,0.001549,0.001916,0.003128,0.002204,0.016782,0.005119,0.004502,0.008468,0.003932,0.001619
0.002284,0.001762,0.000680,0.001590,0.002854,0.000332,0.001067,0.001287,0.002254,0.002086,0.001621,0.002291,0.001484,0.000827,0.000715,0.001784,0.000651,0.000088,0.000405,0.001664,0.002352,-0.001446,0.000487,-0.001743,-0.001273,-0.001083,-0.002810,-0.002464,-0.003429,0.000159,0.000313,0.001146,0.001042,-0.000084,0.001557,0.000347,0.000574,0.002943,0.003581,0.000417,0.000376,0.000294,0.000947,0.002545,0.002965,0.002864,0.001417,0.002013,0.001826,0.002776,-0.000103,0.000994,0.003724,0.001008,0.005119,0.008857,0.005173,0.004355,0.002598,0.001290
0.000998,-0.000234,0.000743,0.001850,0.002075,0.001102,0.002760,0.001558,0.002161,0.001541,0.001720,0.001589,0.001834,0.001234,0.001242,0.002398,0.001329,-0.000237,0.000021,0.001946,-0.001485,-0.001455,-0.001958,-0.001490,-0.002005,-0.001772,-0.002691,-0.000104,-0.003993,-0.001274,0.000193,0.002163,0.001567,-0.000803,0.001448,0.001021,0.001237,0.001755,0.001152,-0.001273,0.000724,-0.000134,0.000095,0.001055,-0.000011,0.000578,0.000455,0.002286,0.001328,0.002096,0.000063,0.000184,0.004373,0.001452,0.004502,0.005173,0.014377,0.006930,0.002954,0.001683
0.003170,0.001871,0.001701,0.002295,0.002924,0.001081,0.003653,0.004591,0.002632,0.002689,0.000409,0.000614,0.001168,0.002268,0.003164,0.004103,0.001287,0.002315,0.001609,0.003174,0.003087,0.000838,0.002090,0.000146,-0.003009,-0.003083,-0.005282,-0.005584,-0.008590,-0.003464,-0.001273,0.000752,-0.001333,0.000964,0.001611,0.002632,0.001693,0.004152,0.005313,0.000105,0.000813,0.002391,0.001932,0.002637,0.002668,0.003369,0.001578,0.001679,0.001740,0.003263,0.001068,0.002072,0.004982,0.003753,0.008468,0.004355,0.006930,0.015347,0.005875,0.002468
0.003436,0.002529,0.001918,0.003093,0.003601,0.000013,0.001930,0.002407,0.001283,-0.000013,-0.000308,-0.000657,0.000413,-0.000530,0.000903,0.001351,0.000575,-0.000407,0.000401,0.000517,-0.003849,-0.003524,-0.003156,-0.002820,-0.006438,-0.004400,-0.005915,-0.005264,-0.004750,-0.002676,-0.003057,-0.002420,-0.001460,-0.000353,0.003080,0.005063,0.001297,0.004362,0.005371,0.001287,0.001928,0.001909,0.001429,0.001657,0.001262,0.001608,0.001018,0.001763,0.001522,0.000531,0.001439,0.001436,0.002489,0.002634,0.003932,0.002598,0.002954,0.005875,0.012691,0.006662
0.003473,0.003736,0.003002,0.004623,0.003777,0.001028,0.002348,0.002103,0.001589,0.000856,0.001094,0.000302,0.001022,-0.000761,0.002375,0.002635,0.001267,0.000630,-0.000024,-0.001299,-0.003993,-0.003387,-0.001900,-0.001738,-0.006299,-0.005332,-0.007911,-0.005846,-0.006036,-0.002711,-0.000925,-0.000851,-0.000767,0.002612,0.005914,0.007412,0.000620,0.004784,0.004090,0.001132,0.004002,0.002352,0.002194,0.001832,-0.000353,0.001340,0.000325,-0.000504,-0.000278,-0.000016,0.001306,0.002120,0.003326,-0.000983,0.001619,0.001290,0.001683,0.002468,0.006662,0.012708
