0.034097,0.021446,0.015478,0.011467,0.010143,0.012156,0.009123,0.012993,0.011257,0.012372,0.011061,0.007793,0.008633,0.008026,0.009286,0.007058,0.006707,0.004124,-0.002201,0.001573,-0.000678,-0.007108,-0.008798,-0.009894,-0.017862,-0.018003,-0.012486,-0.007081,-0.010150,-0.001291,0.001991,0.001216,-0.001354,0.001971,0.001732,0.004568,0.009314,0.007355,0.006597,0.008344,0.011613,0.011556,0.007833,0.003974,0.011871,0.009025,0.005873,0.010793,0.010114,0.008679,0.003077,0.010882,0.012186,0.005028,0.009191,0.009086,0.009431,0.010556,0.013197,0.008392
0.021446,0.027090,0.018582,0.012918,0.011527,0.013440,0.007969,0.012227,0.008905,0.008962,0.009286,0.007511,0.011991,0.010398,0.010120,0.009129,0.009244,0.007029,0.004792,0.004594,0.001105,-0.002965,-0.007296,-0.006882,-0.013126,-0.014799,-0.010355,-0.008607,-0.012941,-0.007455,-0.000666,-0.000882,-0.004446,-0.002475,0.002707,0.005831,0.008671,0.004972,0.005359,0.005578,0.007303,0.009430,0.003904,0.001826,0.008928,0.005445,0.002741,0.006677,0.007169,0.005594,0.003125,0.011262,0.012032,0.009571,0.012795,0.008168,0.005497,0.007828,0.010019,0.005956
0.015478,0.018582,0.021884,0.013785,0.011932,0.011558,0.006297,0.009470,0.007256,0.008598,0.008021,0.008284,0.009750,0.009077,0.009693,0.006984,0.008579,0.006367,0.002170,-0.000828,-0.001969,-0.006549,-0.008643,-0.006114,-0.012595,-0.014727,-0.011079,-0.009549,-0.012836,-0.008084,-0.001632,-0.003951,-0.005727,-0.003248,0.000359,0.004236,0.006805,0.003203,0.003769,0.005422,0.007495,0.005321,0.001893,0.000512,0.006659,0.003996,0.004051,0.007402,0.008165,0.001916,0.002617,0.010967,0.011953,0.008748,0.011441,0.007549,0.009542,0.008014,0.011463,0.006666
0.011467,0.012918,0.013785,0.016287,0.014671,0.009843,0.006548,0.007038,0.005758,0.007941,0.007920,0.006404,0.007689,0.004950,0.005227,0.005696,0.008208,0.007622,0.006673,0.004232,0.002169,-0.000703,-0.005012,-0.004121,-0.007740,-0.009941,-0.007396,-0.007375,-0.012613,-0.011549,-0.006132,-0.006403,-0.005393,-0.002230,-0.001915,0.001343,0.003837,0.000718,0.003231,0.003197,0.003928,0.001818,0.001013,-0.000319,0.002748,0.000398,0.001179,0.003469,0.004509,0.002232,0.001231,0.007627,0.008708,0.006662,0.009304,0.007362,0.008136,0.007562,0.010272,0.006218
0.010143,0.011527,0.011932,0.014671,0.028878,0.023237,0.014291,0.008803,0.008241,0.009240,0.009408,0.008900,0.016976,0.014258,0.014868,0.020633,0.021179,0.020650,0.022384,0.014073,0.008631,0.008704,0.002157,-0.001523,-0.004304,-0.006985,-0.007660,-0.010325,-0.014064,-0.013256,-0.007908,-0.008286,-0.008029,-0.005633,-0.003499,-0.003206,-0.005180,-0.003455,0.001878,0.002771,0.006374,0.003146,0.000918,0.001767,0.004603,0.002511,0.004425,0.005088,0.005261,0.002849,0.003916,0.010374,0.011864,0.008354,0.009379,0.008010,0.006056,0.007945,0.013020,0.006908
0.012156,0.013440,0.011558,0.009843,0.023237,0.046233,0.028132,0.024870,0.017766,0.018636,0.018959,0.018631,0.025716,0.020748,0.022362,0.022334,0.014948,0.013577,0.015889,0.013219,0.010789,0.008803,0.004883,-0.002498,-0.004801,-0.004443,-0.004740,-0.004454,-0.007365,-0.003522,-0.000592,-0.003842,-0.008164,-0.005706,-0.003335,-0.003085,-0.000866,-0.004538,0.002864,0.007222,0.005084,0.004394,0.002059,0.004286,0.010723,0.004666,0.004554,0.007456,0.009015,0.004649,0.004533,0.012033,0.013355,0.011254,0.007297,0.007486,0.005681,0.007781,0.010267,0.004342
0.009123,0.007969,0.006297,0.006548,0.014291,0.028132,0.036159,0.026917,0.017313,0.015703,0.016851,0.013259,0.020172,0.017875,0.018921,0.016828,0.012729,0.012622,0.011618,0.006437,0.007738,0.007665,0.007093,0.005432,0.003699,-0.000198,-0.002575,-0.000033,-0.001342,-0.002837,-0.000584,-0.003495,-0.006583,-0.005119,-0.004873,-0.005942,-0.004601,-0.009601,-0.002141,0.001357,-0.000827,0.001299,0.000150,0.002882,0.005052,0.002320,0.004168,0.006842,0.009536,0.004386,0.003551,0.005802,0.004683,0.004864,0.008485,0.004518,0.006424,0.005985,0.005796,0.002795
0.012993,0.012227,0.009470,0.007038,0.008803,0.024870,0.026917,0.059947,0.034999,0.030091,0.031895,0.022246,0.021678,0.022888,0.025389,0.019284,0.007332,0.003335,0.001918,0.007967,0.006756,0.003154,0.002173,-0.001018,-0.007828,-0.003504,-0.002166,0.001798,-0.004343,0.001157,-0.001214,-0.007364,-0.009571,-0.005120,-0.001807,0.001582,0.009173,0.003162,0.006414,0.010530,0.000160,0.003721,0.001307,0.004630,0.013812,0.005483,0.000623,0.008378,0.015386,0.001969,0.004438,0.010756,0.005877,0.004633,0.014639,0.007488,0.007796,0.008827,0.011126,0.002433
0.011257,0.008905,0.007256,0.005758,0.008241,0.017766,0.017313,0.034999,0.045135,0.041375,0.034572,0.022304,0.022364,0.014583,0.016409,0.011041,0.007028,0.005727,0.007113,0.017306,0.012106,0.004057,-0.004057,-0.005353,-0.005328,-0.001273,0.000179,0.003428,0.003007,0.007346,0.002211,0.001979,-0.002410,0.001907,-0.004280,-0.003328,0.005139,-0.000229,0.004618,0.004877,0.000251,0.001616,0.001683,0.007579,0.018131,0.008116,0.002677,0.011794,0.009932,0.004472,0.002896,0.005133,0.003506,-0.000655,0.007143,0.005644,0.003900,0.006127,0.002739,-0.000064
0.012372,0.008962,0.008598,0.007941,0.009240,0.018636,0.015703,0.030091,0.041375,0.054413,0.043319,0.032242,0.028590,0.015977,0.016685,0.014469,0.010232,0.006931,0.010379,0.016920,0.011241,0.007365,-0.003548,-0.008583,-0.008725,-0.002663,0.000505,0.000280,-0.003943,0.000095,-0.000914,0.000490,-0.004403,-0.004607,-0.007995,-0.005528,0.003728,-0.000250,0.005740,0.011076,0.003720,0.003271,0.004477,0.010245,0.018145,0.008775,0.005468,0.014413,0.015013,0.007220,0.003831,0.006773,0.003788,0.001111,0.007947,0.006270,0.006121,0.006264,0.005319,0.002085
0.011061,0.009286,0.008021,0.007920,0.009408,0.018959,0.016851,0.031895,0.034572,0.043319,0.057104,0.047711,0.041127,0.022034,0.019100,0.015041,0.015329,0.013233,0.018346,0.023954,0.016042,0.011735,0.002445,-0.004559,-0.007541,-0.004445,-0.002418,-0.004638,-0.005116,-0.004617,-0.003837,-0.004398,-0.007081,-0.008415,-0.011421,-0.012424,-0.007890,-0.008312,0.001801,0.005518,-0.000732,0.004381,0.003137,0.005887,0.013205,0.005465,0.003499,0.010366,0.011920,0.000672,0.004069,0.007558,0.001655,0.000155,0.010735,0.002034,0.001539,0.004813,0.003465,0.000516
0.007793,0.007511,0.008284,0.006404,0.008900,0.018631,0.013259,0.022246,0.022304,0.032242,0.047711,0.076975,0.058183,0.028933,0.021900,0.018051,0.022428,0.020843,0.025943,0.034859,0.020314,0.019153,0.007187,-0.004703,-0.009287,-0.010436,-0.010467,-0.012942,-0.008643,-0.012624,-0.008523,-0.006925,-0.008851,-0.015573,-0.017563,-0.017756,-0.015773,-0.008314,0.003388,0.002272,-0.005979,0.003822,0.001000,0.002733,0.010023,0.002169,0.001228,0.002808,0.006262,0.001173,0.001747,0.005890,0.001760,0.000334,0.013409,0.008550,0.003104,0.000094,0.001850,0.000523
0.008633,0.011991,0.009750,0.007689,0.016976,0.025716,0.020172,0.021678,0.022364,0.028590,0.041127,0.058183,0.077291,0.042396,0.029702,0.029626,0.029125,0.027564,0.032465,0.033859,0.019384,0.014241,0.006963,-0.002036,-0.007474,-0.007422,-0.009093,-0.011376,-0.008712,-0.012619,-0.006648,-0.006031,-0.008536,-0.016582,-0.018826,-0.020213,-0.021835,-0.012775,0.001422,0.002942,-0.000480,0.009052,0.004038,0.002997,0.010700,0.005262,0.005590,0.006464,0.008061,0.004655,0.005801,0.009113,0.004706,0.008321,0.020709,0.009053,0.001434,0.005615,0.006582,-0.000941
0.008026,0.010398,0.009077,0.004950,0.014258,0.020748,0.017875,0.022888,0.014583,0.015977,0.022034,0.028933,0.042396,0.056953,0.052786,0.052174,0.048402,0.041685,0.034023,0.026188,0.016113,0.017239,0.012389,0.000414,-0.009996,-0.010794,-0.014210,-0.022923,-0.024205,-0.016213,-0.009130,-0.014518,-0.014698,-0.019031,-0.014514,-0.012373,-0.012960,-0.006014,-0.002894,-0.001523,-0.004408,-0.002750,-0.004872,-0.003237,-0.000585,-0.001644,-0.000224,0.001008,0.005259,0.002589,0.004194,0.007426,0.007145,0.006423,0.019851,0.005999,0.006866,0.008265,0.007395,0.000958
0.009286,0.010120,0.009693,0.005227,0.014868,0.022362,0.018921,0.025389,0.016409,0.016685,0.019100,0.021900,0.029702,0.052786,0.079453,0.078944,0.072887,0.065005,0.048593,0.038728,0.026664,0.021820,0.012868,-0.002523,-0.016137,-0.017493,-0.024583,-0.034208,-0.037942,-0.025553,-0.015679,-0.022650,-0.020855,-0.020706,-0.010902,-0.011130,-0.010626,-0.006985,-0.010028,-0.008372,-0.009787,-0.018134,-0.017757,-0.012131,-0.013635,-0.009964,-0.005962,-0.007142,-0.001319,-0.002147,0.000089,0.005849,0.003127,0.005046,0.016146,0.006964,0.005062,0.007806,0.007381,0.001361
0.007058,0.009129,0.006984,0.005696,0.020633,0.022334,0.016828,0.019284,0.011041,0.014469,0.015041,0.018051,0.029626,0.052174,0.078944,0.106220,0.103787,0.094853,0.072999,0.055179,0.036916,0.035636,0.020727,-0.000792,-0.014664,-0.019296,-0.028991,-0.042358,-0.053341,-0.041832,-0.024123,-0.026584,-0.025852,-0.031431,-0.012073,-0.012240,-0.012106,-0.005934,-0.012786,-0.009274,-0.009374,-0.019810,-0.021766,-0.012941,-0.017964,-0.011128,-0.008666,-0.011391,-0.003447,-0.002157,-0.000505,0.005506,0.002838,0.009914,0.019391,0.010029,0.008530,0.008599,0.010302,0.002046
0.006707,0.009244,0.008579,0.008208,0.021179,0.014948,0.012729,0.007332,0.007028,0.010232,0.015329,0.022428,0.029125,0.048402,0.072887,0.103787,0.131254,0.122569,0.094602,0.065500,0.040586,0.046472,0.030520,0.004103,-0.013414,-0.025409,-0.034039,-0.053075,-0.064961,-0.055632,-0.028463,-0.025757,-0.023832,-0.031323,-0.015012,-0.014525,-0.011560,-0.010175,-0.015749,-0.013184,-0.009069,-0.020512,-0.025514,-0.015913,-0.022659,-0.014718,-0.009017,-0.011776,-0.006551,-0.001738,-0.002776,0.001737,0.003987,0.008501,0.019856,0.006713,0.010407,0.009238,0.008227,0.002378
0.004124,0.007029,0.006367,0.007622,0.020650,0.013577,0.012622,0.003335,0.005727,0.006931,0.013233,0.020843,0.027564,0.041685,0.065005,0.094853,0.122569,0.136895,0.115767,0.088078,0.053078,0.056694,0.037376,0.007843,-0.009821,-0.027591,-0.038755,-0.056830,-0.064919,-0.058758,-0.031153,-0.027143,-0.020864,-0.024914,-0.009513,-0.010517,-0.013139,-0.010167,-0.013504,-0.010029,-0.005662,-0.018800,-0.025526,-0.016311,-0.025440,-0.018659,-0.013169,-0.015926,-0.007373,0.000799,-0.004263,0.001425,0.001216,0.007346,0.017360,0.004892,0.003507,0.007955,0.004232,0.001540
-0.002201,0.004792,0.002170,0.006673,0.022384,0.015889,0.011618,0.001918,0.007113,0.010379,0.018346,0.025943,0.032465,0.034023,0.048593,0.072999,0.094602,0.115767,0.140228,0.114748,0.068688,0.069238,0.039569,0.012640,-0.001788,-0.018182,-0.028932,-0.049089,-0.057467,-0.057803,-0.038335,-0.030094,-0.020393,-0.029048,-0.018304,-0.020750,-0.024745,-0.015600,-0.007353,-0.008889,-0.009665,-0.017318,-0.020819,-0.006771,-0.015849,-0.014929,-0.012571,-0.012451,-0.004795,0.001123,-0.000735,0.000811,0.001417,0.010105,0.017761,0.005615,-0.001198,0.008055,0.002892,-0.002158
0.001573,0.004594,-0.000828,0.004232,0.014073,0.013219,0.006437,0.007967,0.017306,0.016920,0.023954,0.034859,0.033859,0.026188,0.038728,0.055179,0.065500,0.088078,0.114748,0.141938,0.086122,0.083904,0.050977,0.011463,-0.001917,-0.007948,-0.019109,-0.038033,-0.051062,-0.048271,-0.040268,-0.028900,-0.020036,-0.023950,-0.019374,-0.020629,-0.026331,-0.009125,0.001233,-0.010599,-0.019756,-0.017770,-0.018275,-0.005593,-0.006547,-0.011866,-0.017498,-0.016911,-0.009348,0.003219,-0.000727,0.002367,-0.000806,0.008901,0.017358,0.009322,-0.005068,0.008361,-0.002564,-0.004773
-0.000678,0.001105,-0.001969,0.002169,0.008631,0.010789,0.007738,0.006756,0.012106,0.011241,0.016042,0.020314,0.019384,0.016113,0.026664,0.036916,0.040586,0.053078,0.068688,0.086122,0.069996,0.071642,0.044363,0.016090,0.010462,0.002684,-0.010679,-0.023346,-0.033410,-0.032706,-0.028926,-0.023646,-0.017692,-0.022517,-0.018006,-0.018194,-0.019926,-0.014563,-0.004957,-0.009195,-0.015422,-0.013708,-0.011539,-0.003346,-0.004425,-0.008191,-0.011431,-0.010530,-0.007150,-0.000232,-0.000459,-0.001652,-0.003904,0.005048,0.007592,0.006367,-0.004194,0.004184,-0.004728,-0.003993
-0.007108,-0.002965,-0.006549,-0.000703,0.008704,0.008803,0.007665,0.003154,0.004057,0.007365,0.011735,0.019153,0.014241,0.017239,0.021820,0.035636,0.046472,0.056694,0.069238,0.083904,0.071642,0.120198,0.095379,0.043978,0.039613,0.023383,0.003459,-0.019881,-0.033973,-0.036821,-0.028770,-0.023508,-0.020600,-0.027493,-0.019446,-0.016600,-0.022181,-0.022187,-0.013525,-0.010920,-0.014832,-0.011317,-0.010123,-0.002347,-0.006084,-0.006996,-0.008849,-0.012182,-0.006977,0.002595,0.001376,0.000182,-0.003400,0.004868,0.000818,0.002445,-0.006754,0.002624,-0.010134,-0.004540
-0.008798,-0.007296,-0.008643,-0.005012,0.002157,0.004883,0.007093,0.002173,-0.004057,-0.003548,0.002445,0.007187,0.006963,0.012389,0.012868,0.020727,0.030520,0.037376,0.039569,0.050977,0.044363,0.095379,0.118162,0.062664,0.053700,0.036198,0.016677,-0.004366,-0.020392,-0.025588,-0.017474,-0.010712,-0.013592,-0.024289,-0.021724,-0.019178,-0.029205,-0.032539,-0.021945,-0.017683,-0.019873,-0.011154,-0.011911,-0.007824,-0.013224,-0.007435,-0.004760,-0.011662,-0.007046,0.000163,0.002181,-0.002213,-0.004622,-0.003440,-0.005530,-0.003704,-0.010668,-0.002184,-0.012222,-0.006136
-0.009894,-0.006882,-0.006114,-0.004121,-0.001523,-0.002498,0.005432,-0.001018,-0.005353,-0.008583,-0.004559,-0.004703,-0.002036,0.000414,-0.002523,-0.000792,0.004103,0.007843,0.012640,0.011463,0.016090,0.043978,0.062664,0.056862,0.058681,0.039528,0.022128,0.011309,0.000320,-0.009459,-0.006943,-0.003968,-0.008242,-0.017637,-0.016976,-0.015253,-0.020895,-0.027630,-0.018307,-0.015191,-0.015139,-0.008170,-0.006450,-0.003383,-0.006942,-0.003842,0.000246,-0.002498,-0.000422,-0.003282,0.000204,-0.003717,-0.011221,-0.003680,-0.003880,-0.004056,-0.006178,-0.005176,-0.009319,-0.003976
-0.017862,-0.013126,-0.012595,-0.007740,-0.004304,-0.004801,0.003699,-0.007828,-0.005328,-0.008725,-0.007541,-0.009287,-0.007474,-0.009996,-0.016137,-0.014664,-0.013414,-0.009821,-0.001788,-0.001917,0.010462,0.039613,0.053700,0.058681,0.092097,0.073963,0.045791,0.028913,0.016339,0.002936,-0.001349,-0.001382,-0.007300,-0.014812,-0.017135,-0.017754,-0.020312,-0.030480,-0.018260,-0.016188,-0.018020,-0.011522,-0.003998,0.000585,-0.004266,-0.002409,0.001304,-0.000668,-0.002987,-0.005101,-0.002514,-0.012180,-0.019025,-0.010048,-0.011869,-0.006025,-0.008791,-0.011015,-0.019181,-0.007013
-0.018003,-0.014799,-0.014727,-0.009941,-0.006985,-0.004443,-0.000198,-0.003504,-0.001273,-0.002663,-0.004445,-0.010436,-0.007422,-0.010794,-0.017493,-0.019296,-0.025409,-0.027591,-0.018182,-0.007948,0.002684,0.023383,0.036198,0.039528,0.073963,0.087824,0.061950,0.040065,0.026747,0.015667,0.001968,0.000311,-0.005877,-0.012144,-0.016978,-0.017984,-0.016223,-0.024020,-0.015015,-0.016661,-0.020577,-0.012083,-0.002681,0.003428,0.002251,0.001806,0.002197,0.000202,-0.003745,-0.007235,-0.001337,-0.012458,-0.020971,-0.012395,-0.013637,-0.007494,-0.011980,-0.012119,-0.020844,-0.009411
-0.012486,-0.010355,-0.011079,-0.007396,-0.007660,-0.004740,-0.002575,-0.002166,0.000179,0.000505,-0.002418,-0.010467,-0.009093,-0.014210,-0.024583,-0.028991,-0.034039,-0.038755,-0.028932,-0.019109,-0.010679,0.003459,0.016677,0.022128,0.045791,0.061950,0.064708,0.057050,0.043903,0.025982,0.009253,0.005417,-0.004609,-0.009438,-0.013187,-0.011718,-0.005029,-0.012698,-0.009240,-0.015050,-0.016899,-0.008083,0.000873,0.003955,0.004572,0.001439,0.002417,0.000045,-0.003190,-0.007818,-0.000244,-0.009154,-0.014434,-0.010792,-0.014786,-0.010594,-0.010714,-0.011881,-0.018241,-0.007385
-0.007081,-0.008607,-0.009549,-0.007375,-0.010325,-0.004454,-0.000033,0.001798,0.003428,0.000280,-0.004638,-0.012942,-0.011376,-0.022923,-0.034208,-0.042358,-0.053075,-0.056830,-0.049089,-0.038033,-0.023346,-0.019881,-0.004366,0.011309,0.028913,0.040065,0.057050,0.081024,0.078334,0.052942,0.024687,0.017759,0.003247,0.000725,-0.005032,-0.006778,-0.000621,-0.003923,-0.001655,-0.008928,-0.012510,-0.002686,0.006468,0.007774,0.012250,0.005399,0.006407,0.004573,0.002892,-0.006825,-0.000014,-0.005081,-0.008136,-0.011479,-0.014397,-0.007368,-0.007739,-0.009667,-0.016316,-0.006141
-0.010150,-0.012941,-0.012836,-0.012613,-0.014064,-0.007365,-0.001342,-0.004343,0.003007,-0.003943,-0.005116,-0.008643,-0.008712,-0.024205,-0.037942,-0.053341,-0.064961,-0.064919,-0.057467,-0.051062,-0.033410,-0.033973,-0.020392,0.000320,0.016339,0.026747,0.043903,0.078334,0.126490,0.096404,0.039027,0.020587,0.011110,0.008536,-0.004692,-0.010040,-0.007063,-0.006165,-0.005748,-0.015746,-0.017569,-0.000985,0.006186,0.006853,0.009813,0.008055,0.011843,0.009964,0.004354,-0.006157,0.001336,-0.004994,-0.006344,-0.022290,-0.023929,-0.015135,-0.016480,-0.015260,-0.024813,-0.009796
-0.001291,-0.007455,-0.008084,-0.011549,-0.013256,-0.003522,-0.002837,0.001157,0.007346,0.000095,-0.004617,-0.012624,-0.012619,-0.016213,-0.025553,-0.041832,-0.055632,-0.058758,-0.057803,-0.048271,-0.032706,-0.036821,-0.025588,-0.009459,0.002936,0.015667,0.025982,0.052942,0.096404,0.128847,0.056941,0.037157,0.028301,0.031617,0.010752,0.001449,0.012239,0.014312,0.005308,0.002200,0.003860,0.013928,0.014843,0.010029,0.021566,0.020564,0.018144,0.015813,0.010451,0.007172,0.000681,-0.000667,0.000912,-0.019682,-0.017096,-0.007053,-0.004924,-0.007200,-0.013182,-0.007221
0.001991,-0.000666,-0.001632,-0.006132,-0.007908,-0.000592,-0.000584,-0.001214,0.002211,-0.000914,-0.003837,-0.008523,-0.006648,-0.009130,-0.015679,-0.024123,-0.028463,-0.031153,-0.038335,-0.040268,-0.028926,-0.028770,-0.017474,-0.006943,-0.001349,0.001968,0.009253,0.024687,0.039027,0.056941,0.049103,0.041221,0.022832,0.024620,0.014523,0.009925,0.010911,0.010174,0.007539,0.011178,0.015098,0.015614,0.013529,0.008322,0.015005,0.012897,0.012244,0.014189,0.010401,0.008135,-0.000423,0.001655,0.003753,-0.011219,-0.008396,-0.002279,-0.000861,-0.001399,-0.002802,-0.000925
0.001216,-0.000882,-0.003951,-0.006403,-0.008286,-0.003842,-0.003495,-0.007364,0.001979,0.000490,-0.004398,-0.006925,-0.006031,-0.014518,-0.022650,-0.026584,-0.025757,-0.027143,-0.030094,-0.028900,-0.023646,-0.023508,-0.010712,-0.003968,-0.001382,0.000311,0.005417,0.017759,0.020587,0.037157,0.041221,0.057560,0.036778,0.034299,0.019113,0.014506,0.012881,0.012364,0.012282,0.015654,0.017909,0.019471,0.015038,0.011982,0.016510,0.011987,0.007796,0.012649,0.008144,0.009248,-0.000868,0.003127,0.001105,-0.007069,-0.006766,0.002273,0.000031,0.000281,-0.001088,-0.001251
-0.001354,-0.004446,-0.005727,-0.005393,-0.008029,-0.008164,-0.006583,-0.009571,-0.002410,-0.004403,-0.007081,-0.008851,-0.008536,-0.014698,-0.020855,-0.025852,-0.023832,-0.020864,-0.020393,-0.020036,-0.017692,-0.020600,-0.013592,-0.008242,-0.007300,-0.005877,-0.004609,0.003247,0.011110,0.028301,0.022832,0.036778,0.041685,0.048230,0.025567,0.018715,0.016123,0.013343,0.012918,0.019237,0.019432,0.023374,0.014018,0.008686,0.010269,0.007471,0.003728,0.006744,0.004162,0.007274,-0.000901,-0.002073,0.000343,-0.000431,-0.005632,0.001060,0.002890,0.000016,0.002955,-0.000767
0.001971,-0.002475,-0.003248,-0.002230,-0.005633,-0.005706,-0.005119,-0.005120,0.001907,-0.004607,-0.008415,-0.015573,-0.016582,-0.019031,-0.020706,-0.031431,-0.031323,-0.024914,-0.029048,-0.023950,-0.022517,-0.027493,-0.024289,-0.017637,-0.014812,-0.012144,-0.009438,0.000725,0.008536,0.031617,0.024620,0.034299,0.048230,0.098175,0.058039,0.046967,0.041627,0.026844,0.020185,0.030529,0.031248,0.030655,0.019407,0.010637,0.010398,0.005687,-0.001669,0.001165,-0.001809,0.009811,-0.000684,-0.001396,0.007123,0.015767,-0.004896,0.004972,0.010956,0.008043,0.012722,0.004131
0.001732,0.002707,0.000359,-0.001915,-0.003499,-0.003335,-0.004873,-0.001807,-0.004280,-0.007995,-0.011421,-0.017563,-0.018826,-0.014514,-0.010902,-0.012073,-0.015012,-0.009513,-0.018304,-0.019374,-0.018006,-0.019446,-0.021724,-0.016976,-0.017135,-0.016978,-0.013187,-0.005032,-0.004692,0.010752,0.014523,0.019113,0.025567,0.058039,0.063603,0.055834,0.049970,0.036585,0.020595,0.031526,0.029735,0.022035,0.018142,0.011477,0.012823,0.007138,-0.001872,-0.003275,-0.001303,0.006222,-0.002396,0.001345,0.004364,0.012171,-0.002680,0.005248,0.008215,0.005028,0.013746,0.005914
0.004568,0.005831,0.004236,0.001343,-0.003206,-0.003085,-0.005942,0.001582,-0.003328,-0.005528,-0.012424,-0.017756,-0.020213,-0.012373,-0.011130,-0.012240,-0.014525,-0.010517,-0.020750,-0.020629,-0.018194,-0.016600,-0.019178,-0.015253,-0.017754,-0.017984,-0.011718,-0.006778,-0.010040,0.001449,0.009925,0.014506,0.018715,0.046967,0.055834,0.063801,0.063112,0.043411,0.024627,0.035190,0.029892,0.023160,0.019288,0.013611,0.015488,0.006969,-0.002233,0.002534,0.004032,0.004967,-0.000481,0.003413,0.004321,0.015408,-0.003433,0.002172,0.009452,0.005513,0.015921,0.007412
0.009314,0.008671,0.006805,0.003837,-0.005180,-0.000866,-0.004601,0.009173,0.005139,0.003728,-0.007890,-0.015773,-0.021835,-0.012960,-0.010626,-0.012106,-0.011560,-0.013139,-0.024745,-0.026331,-0.019926,-0.022181,-0.029205,-0.020895,-0.020312,-0.016223,-0.005029,-0.000621,-0.007063,0.012239,0.010911,0.012881,0.016123,0.041627,0.049970,0.063112,0.096363,0.059631,0.028019,0.036214,0.033652,0.025147,0.018234,0.014819,0.021375,0.013832,0.004049,0.013389,0.009579,0.007250,-0.000502,0.004377,0.005878,0.010869,-0.002299,0.003647,0.014304,0.008098,0.015653,0.005949
0.007355,0.004972,0.003203,0.000718,-0.003455,-0.004538,-0.009601,0.003162,-0.000229,-0.000250,-0.008312,-0.008314,-0.012775,-0.006014,-0.006985,-0.005934,-0.010175,-0.010167,-0.015600,-0.009125,-0.014563,-0.022187,-0.032539,-0.027630,-0.030480,-0.024020,-0.012698,-0.003923,-0.006165,0.014312,0.010174,0.012364,0.013343,0.026844,0.036585,0.043411,0.059631,0.069435,0.035535,0.035424,0.028464,0.020196,0.018479,0.015466,0.023381,0.012952,0.002717,0.005371,0.004452,0.008655,-0.000802,0.006854,0.009198,0.010786,0.003511,0.006470,0.005671,0.004292,0.010876,0.004680
0.006597,0.005359,0.003769,0.003231,0.001878,0.002864,-0.002141,0.006414,0.004618,0.005740,0.001801,0.003388,0.001422,-0.002894,-0.010028,-0.012786,-0.015749,-0.013504,-0.007353,0.001233,-0.004957,-0.013525,-0.021945,-0.018307,-0.018260,-0.015015,-0.009240,-0.001655,-0.005748,0.005308,0.007539,0.012282,0.012918,0.020185,0.020595,0.024627,0.028019,0.035535,0.038215,0.037559,0.019733,0.016864,0.019012,0.016718,0.023632,0.010801,0.002842,0.008972,0.011539,0.010082,0.000624,0.003915,0.009140,0.010377,0.007950,0.007267,0.005583,0.008389,0.011635,0.004090
0.008344,0.005578,0.005422,0.003197,0.002771,0.007222,0.001357,0.010530,0.004877,0.011076,0.005518,0.002272,0.002942,-0.001523,-0.008372,-0.009274,-0.013184,-0.010029,-0.008889,-0.010599,-0.009195,-0.010920,-0.017683,-0.015191,-0.016188,-0.016661,-0.015050,-0.008928,-0.015746,0.002200,0.011178,0.015654,0.019237,0.030529,0.031526,0.035190,0.036214,0.035424,0.037559,0.067620,0.047046,0.037140,0.028487,0.022720,0.030111,0.018484,0.011758,0.016585,0.020567,0.013474,0.001528,0.004600,0.012945,0.011307,0.005324,0.006707,0.005657,0.008063,0.014697,0.006892
0.011613,0.007303,0.007495,0.003928,0.006374,0.005084,-0.000827,0.000160,0.000251,0.003720,-0.000732,-0.005979,-0.000480,-0.004408,-0.009787,-0.009374,-0.009069,-0.005662,-0.009665,-0.019756,-0.015422,-0.014832,-0.019873,-0.015139,-0.018020,-0.020577,-0.016899,-0.012510,-0.017569,0.003860,0.015098,0.017909,0.019432,0.031248,0.029735,0.029892,0.033652,0.028464,0.019733,0.047046,0.066257,0.052475,0.028710,0.017222,0.024805,0.019995,0.017644,0.019541,0.017360,0.016830,0.003618,0.009056,0.016128,0.003755,0.000967,0.007147,0.002978,0.007539,0.015538,0.008062
0.011556,0.009430,0.005321,0.001818,0.003146,0.004394,0.001299,0.003721,0.001616,0.003271,0.004381,0.003822,0.009052,-0.002750,-0.018134,-0.019810,-0.020512,-0.018800,-0.017318,-0.017770,-0.013708,-0.011317,-0.011154,-0.008170,-0.011522,-0.012083,-0.008083,-0.002686,-0.000985,0.013928,0.015614,0.019471,0.023374,0.030655,0.022035,0.023160,0.025147,0.020196,0.016864,0.037140,0.052475,0.072539,0.038451,0.020576,0.029755,0.021432,0.020953,0.026059,0.023762,0.018312,0.008031,0.009171,0.014672,0.004549,0.003758,0.005739,0.001745,0.005948,0.013290,0.006028
0.007833,0.003904,0.001893,0.001013,0.000918,0.002059,0.000150,0.001307,0.001683,0.004477,0.003137,0.001000,0.004038,-0.004872,-0.017757,-0.021766,-0.025514,-0.025526,-0.020819,-0.018275,-0.011539,-0.010123,-0.011911,-0.006450,-0.003998,-0.002681,0.000873,0.006468,0.006186,0.014843,0.013529,0.015038,0.014018,0.019407,0.018142,0.019288,0.018234,0.018479,0.019012,0.028487,0.028710,0.038451,0.041092,0.025085,0.030783,0.019753,0.015045,0.018148,0.017651,0.013399,0.004624,0.005360,0.010564,0.002478,0.003687,0.004830,0.002964,0.006241,0.008789,0.004389
0.003974,0.001826,0.000512,-0.000319,0.001767,0.004286,0.002882,0.004630,0.007579,0.010245,0.005887,0.002733,0.002997,-0.003237,-0.012131,-0.012941,-0.015913,-0.016311,-0.006771,-0.005593,-0.003346,-0.002347,-0.007824,-0.003383,0.000585,0.003428,0.003955,0.007774,0.006853,0.010029,0.008322,0.011982,0.008686,0.010637,0.011477,0.013611,0.014819,0.015466,0.016718,0.022720,0.017222,0.020576,0.025085,0.027064,0.032508,0.018442,0.011343,0.016698,0.015605,0.008265,0.003285,0.003001,0.004551,0.000071,0.001868,0.004343,0.002424,0.002987,0.004359,0.001832
0.011871,0.008928,0.006659,0.002748,0.004603,0.010723,0.005052,0.013812,0.018131,0.018145,0.013205,0.010023,0.010700,-0.000585,-0.013635,-0.017964,-0.022659,-0.025440,-0.015849,-0.006547,-0.004425,-0.006084,-0.013224,-0.006942,-0.004266,0.002251,0.004572,0.012250,0.009813,0.021566,0.015005,0.016510,0.010269,0.010398,0.012823,0.015488,0.021375,0.023381,0.023632,0.030111,0.024805,0.029755,0.030783,0.032508,0.064317,0.038606,0.025451,0.030602,0.030832,0.020850,0.006031,0.012135,0.008782,0.000743,0.009153,0.007872,0.002346,0.004672,0.005926,0.001178
0.009025,0.005445,0.003996,0.000398,0.002511,0.004666,0.002320,0.005483,0.008116,0.008775,0.005465,0.002169,0.005262,-0.001644,-0.009964,-0.011128,-0.014718,-0.018659,-0.014929,-0.011866,-0.008191,-0.006996,-0.007435,-0.003842,-0.002409,0.001806,0.001439,0.005399,0.008055,0.020564,0.012897,0.011987,0.007471,0.005687,0.007138,0.006969,0.013832,0.012952,0.010801,0.018484,0.019995,0.021432,0.019753,0.018442,0.038606,0.037931,0.027759,0.025679,0.022807,0.018685,0.005453,0.008939,0.005535,0.000601,0.006020,0.005046,0.002893,0.004308,0.004759,0.002192
0.005873,0.002741,0.004051,0.001179,0.004425,0.004554,0.004168,0.000623,0.002677,0.005468,0.003499,0.001228,0.005590,-0.000224,-0.005962,-0.008666,-0.009017,-0.013169,-0.012571,-0.017498,-0.011431,-0.008849,-0.004760,0.000246,0.001304,0.002197,0.002417,0.006407,0.011843,0.018144,0.012244,0.007796,0.003728,-0.001669,-0.001872,-0.002233,0.004049,0.002717,0.002842,0.011758,0.017644,0.020953,0.015045,0.011343,0.025451,0.027759,0.033943,0.030041,0.024891,0.016048,0.005618,0.005412,0.002790,-0.001802,0.004160,0.002845,0.001469,0.003479,0.001840,0.000738
0.010793,0.006677,0.007402,0.003469,0.005088,0.007456,0.006842,0.008378,0.011794,0.014413,0.010366,0.002808,0.006464,0.001008,-0.007142,-0.011391,-0.011776,-0.015926,-0.012451,-0.016911,-0.010530,-0.012182,-0.011662,-0.002498,-0.000668,0.000202,0.000045,0.004573,0.009964,0.015813,0.014189,0.012649,0.006744,0.001165,-0.003275,0.002534,0.013389,0.005371,0.008972,0.016585,0.019541,0.026059,0.018148,0.016698,0.030602,0.025679,0.030041,0.049822,0.038043,0.017548,0.007991,0.006631,0.004366,0.000518,0.004842,0.003148,0.004127,0.007930,0.007436,0.002258
0.010114,0.007169,0.008165,0.004509,0.005261,0.009015,0.009536,0.015386,0.009932,0.015013,0.011920,0.006262,0.008061,0.005259,-0.001319,-0.003447,-0.006551,-0.007373,-0.004795,-0.009348,-0.007150,-0.006977,-0.007046,-0.000422,-0.002987,-0.003745,-0.003190,0.002892,0.004354,0.010451,0.010401,0.008144,0.004162,-0.001809,-0.001303,0.004032,0.009579,0.004452,0.011539,0.020567,0.017360,0.023762,0.017651,0.015605,0.030832,0.022807,0.024891,0.038043,0.048957,0.021872,0.007656,0.007657,0.004502,0.001807,0.009991,0.002035,0.003972,0.007999,0.008620,0.002093
0.008679,0.005594,0.001916,0.002232,0.002849,0.004649,0.004386,0.001969,0.004472,0.007220,0.000672,0.001173,0.004655,0.002589,-0.002147,-0.002157,-0.001738,0.000799,0.001123,0.003219,-0.000232,0.002595,0.000163,-0.003282,-0.005101,-0.007235,-0.007818,-0.006825,-0.006157,0.007172,0.008135,0.009248,0.007274,0.009811,0.006222,0.004967,0.007250,0.008655,0.010082,0.013474,0.016830,0.018312,0.013399,0.008265,0.020850,0.018685,0.016048,0.017548,0.021872,0.041956,0.005505,0.008940,0.013417,0.008433,0.008928,0.006647,0.002896,0.009383,0.008330,0.002170
0.003077,0.003125,0.002617,0.001231,0.003916,0.004533,0.003551,0.004438,0.002896,0.003831,0.004069,0.001747,0.005801,0.004194,0.000089,-0.000505,-0.002776,-0.004263,-0.000735,-0.000727,-0.000459,0.001376,0.002181,0.000204,-0.002514,-0.001337,-0.000244,-0.000014,0.001336,0.000681,-0.000423,-0.000868,-0.000901,-0.000684,-0.002396,-0.000481,-0.000502,-0.000802,0.000624,0.001528,0.003618,0.008031,0.004624,0.003285,0.006031,0.005453,0.005618,0.007991,0.007656,0.005505,0.007898,0.006286,0.005059,0.002680,0.002468,0.000400,0.000095,0.002204,0.002590,0.001306
0.010882,0.011262,0.010967,0.007627,0.010374,0.012033,0.005802,0.010756,0.005133,0.006773,0.007558,0.005890,0.009113,0.007426,0.005849,0.005506,0.001737,0.001425,0.000811,0.002367,-0.001652,0.000182,-0.002213,-0.003717,-0.012180,-0.012458,-0.009154,-0.005081,-0.004994,-0.000667,0.001655,0.003127,-0.002073,-0.001396,0.001345,0.003413,0.004377,0.006854,0.003915,0.004600,0.009056,0.009171,0.005360,0.003001,0.012135,0.008939,0.005412,0.006631,0.007657,0.008940,0.006286,0.026199,0.015779,0.008118,0.009588,0.006012,0.002962,0.005895,0.008306,0.002674
0.012186,0.012032,0.011953,0.008708,0.011864,0.013355,0.004683,0.005877,0.003506,0.003788,0.001655,0.001760,0.004706,0.007145,0.003127,0.002838,0.003987,0.001216,0.001417,-0.000806,-0.003904,-0.003400,-0.004622,-0.011221,-0.019025,-0.020971,-0.014434,-0.008136,-0.006344,0.000912,0.003753,0.001105,0.000343,0.007123,0.004364,0.004321,0.005878,0.009198,0.009140,0.012945,0.016128,0.014672,0.010564,0.004551,0.008782,0.005535,0.002790,0.004366,0.004502,0.013417,0.005059,0.015779,0.052066,0.016458,0.009533,0.013222,0.012374,0.013950,0.013041,0.005514
0.005028,0.009571,0.008748,0.006662,0.008354,0.011254,0.004864,0.004633,-0.000655,0.001111,0.000155,0.000334,0.008321,0.006423,0.005046,0.009914,0.008501,0.007346,0.010105,0.008901,0.005048,0.004868,-0.003440,-0.003680,-0.010048,-0.012395,-0.010792,-0.011479,-0.022290,-0.019682,-0.011219,-0.007069,-0.000431,0.015767,0.012171,0.015408,0.010869,0.010786,0.010377,0.011307,0.003755,0.004549,0.002478,0.000071,0.000743,0.000601,-0.001802,0.000518,0.001807,0.008433,0.002680,0.008118,0.016458,0.061283,0.018551,0.012290,0.016556,0.015205,0.018207,0.003852
0.009191,0.012795,0.011441,0.009304,0.009379,0.007297,0.008485,0.014639,0.007143,0.007947,0.010735,0.013409,0.020709,0.019851,0.016146,0.019391,0.019856,0.017360,0.017761,0.017358,0.007592,0.000818,-0.005530,-0.003880,-0.011869,-0.013637,-0.014786,-0.014397,-0.023929,-0.017096,-0.008396,-0.006766,-0.005632,-0.004896,-0.002680,-0.003433,-0.002299,0.003511,0.007950,0.005324,0.000967,0.003758,0.003687,0.001868,0.009153,0.006020,0.004160,0.004842,0.009991,0.008928,0.002468,0.009588,0.009533,0.018551,0.037624,0.016078,0.016040,0.017412,0.015841,0.003423
0.009086,0.008168,0.007549,0.007362,0.008010,0.007486,0.004518,0.007488,0.005644,0.006270,0.002034,0.008550,0.009053,0.005999,0.006964,0.010029,0.006713,0.004892,0.005615,0.009322,0.006367,0.002445,-0.003704,-0.004056,-0.006025,-0.007494,-0.010594,-0.007368,-0.015135,-0.007053,-0.002279,0.002273,0.001060,0.004972,0.005248,0.002172,0.003647,0.006470,0.007267,0.006707,0.007147,0.005739,0.004830,0.004343,0.007872,0.005046,0.002845,0.003148,0.002035,0.006647,0.000400,0.006012,0.013222,0.012290,0.016078,0.033592,0.018428,0.012917,0.015638,0.005985
0.009431,0.005497,0.009542,0.008136,0.006056,0.005681,0.006424,0.007796,0.003900,0.006121,0.001539,0.003104,0.001434,0.006866,0.005062,0.008530,0.010407,0.003507,-0.001198,-0.005068,-0.004194,-0.006754,-0.010668,-0.006178,-0.008791,-0.011980,-0.010714,-0.007739,-0.016480,-0.004924,-0.000861,0.000031,0.002890,0.010956,0.008215,0.009452,0.014304,0.005671,0.005583,0.005657,0.002978,0.001745,0.002964,0.002424,0.002346,0.002893,0.001469,0.004127,0.003972,0.002896,0.000095,0.002962,0.012374,0.016556,0.016040,0.018428,0.046220,0.018127,0.017510,0.006605
0.010556,0.007828,0.008014,0.007562,0.007945,0.007781,0.005985,0.008827,0.006127,0.006264,0.004813,0.000094,0.005615,0.008265,0.007806,0.008599,0.009238,0.007955,0.008055,0.008361,0.004184,0.002624,-0.002184,-0.005176,-0.011015,-0.012119,-0.011881,-0.009667,-0.015260,-0.007200,-0.001399,0.000281,0.000016,0.008043,0.005028,0.005513,0.008098,0.004292,0.008389,0.008063,0.007539,0.005948,0.006241,0.002987,0.004672,0.004308,0.003479,0.007930,0.007999,0.009383,0.002204,0.005895,0.013950,0.015205,0.017412,0.012917,0.018127,0.026176,0.018985,0.005283
0.013197,0.010019,0.011463,0.010272,0.013020,0.010267,0.005796,0.011126,0.002739,0.005319,0.003465,0.001850,0.006582,0.007395,0.007381,0.010302,0.008227,0.004232,0.002892,-0.002564,-0.004728,-0.010134,-0.012222,-0.009319,-0.019181,-0.020844,-0.018241,-0.016316,-0.024813,-0.013182,-0.002802,-0.001088,0.002955,0.012722,0.013746,0.015921,0.015653,0.010876,0.011635,0.014697,0.015538,0.013290,0.008789,0.004359,0.005926,0.004759,0.001840,0.007436,0.008620,0.008330,0.002590,0.008306,0.013041,0.018207,0.015841,0.015638,0.017510,0.018985,0.039481,0.013418
0.008392,0.005956,0.006666,0.006218,0.006908,0.004342,0.002795,0.002433,-0.000064,0.002085,0.000516,0.000523,-0.000941,0.000958,0.001361,0.002046,0.002378,0.001540,-0.002158,-0.004773,-0.003993,-0.004540,-0.006136,-0.003976,-0.007013,-0.009411,-0.007385,-0.006141,-0.009796,-0.007221,-0.000925,-0.001251,-0.000767,0.004131,0.005914,0.007412,0.005949,0.004680,0.004090,0.006892,0.008062,0.006028,0.004389,0.001832,0.001178,0.002192,0.000738,0.002258,0.002093,0.002170,0.001306,0.002674,0.005514,0.003852,0.003423,0.005985,0.006605,0.005283,0.013418,0.012708
