0.033157,0.020929,0.015944,0.010663,0.008832,0.011383,0.007916,0.009608,0.008345,0.010602,0.010586,0.006308,0.007875,0.006038,0.006233,0.003654,0.005413,0.002400,0.001691,0.003392,0.000642,-0.006293,-0.009670,-0.007799,-0.015583,-0.018626,-0.013089,-0.011044,-0.013307,-0.002841,0.001292,0.001234,-0.001177,0.003067,0.002378,0.003240,0.004929,0.006110,0.008222,0.006541,0.008602,0.008228,0.004826,0.002850,0.011827,0.010305,0.006296,0.009549,0.006890,0.010088,0.003863,0.007659,0.009612,0.008231,0.008995,0.008751,0.010448,0.010202,0.014222,0.008195
0.020929,0.026521,0.018108,0.012846,0.010027,0.010709,0.007583,0.009998,0.005819,0.005177,0.006062,0.003210,0.007704,0.007090,0.007170,0.004663,0.005892,0.002812,0.002493,0.001627,0.001007,-0.002818,-0.008665,-0.006250,-0.011999,-0.015808,-0.011153,-0.010315,-0.014828,-0.007925,-0.000019,0.000604,-0.003561,-0.001638,0.003606,0.005268,0.008177,0.005126,0.005574,0.005736,0.008689,0.010085,0.004279,0.001248,0.010589,0.008084,0.005468,0.008001,0.009226,0.008532,0.003925,0.009155,0.009507,0.010708,0.012231,0.007840,0.005974,0.008528,0.011088,0.006686
0.015944,0.018108,0.022448,0.014066,0.010748,0.010205,0.005952,0.008843,0.006607,0.005955,0.006727,0.005373,0.006662,0.007350,0.009264,0.005757,0.007086,0.003398,0.000329,-0.003035,-0.001237,-0.004485,-0.007831,-0.002945,-0.009057,-0.013560,-0.009678,-0.009130,-0.011987,-0.006989,0.000276,-0.002009,-0.005533,-0.002833,0.000702,0.003901,0.006208,0.001517,0.003050,0.004061,0.008699,0.007192,0.002823,0.001637,0.009687,0.006848,0.006616,0.009167,0.009811,0.003727,0.003492,0.010204,0.008296,0.009754,0.011393,0.006706,0.010137,0.007976,0.012319,0.007093
0.010663,0.012846,0.014066,0.016488,0.013950,0.008495,0.005718,0.005609,0.004427,0.004951,0.006617,0.005538,0.006982,0.005145,0.006178,0.006681,0.010390,0.008858,0.007627,0.002901,0.002706,0.001866,-0.002639,-0.001040,-0.004984,-0.009711,-0.007005,-0.007591,-0.012802,-0.012234,-0.005376,-0.006331,-0.006162,-0.004202,-0.002761,-0.000442,0.000890,-0.001732,0.000796,0.000781,0.006075,0.004061,0.000588,-0.000652,0.003125,0.001259,0.002413,0.003547,0.005035,0.003171,0.001712,0.007051,0.008365,0.008712,0.009495,0.007915,0.008652,0.007442,0.011871,0.007067
0.008832,0.010027,0.010748,0.013950,0.028598,0.020785,0.013086,0.007572,0.006232,0.007588,0.008136,0.009160,0.016348,0.013203,0.013247,0.018385,0.019675,0.019119,0.020946,0.011636,0.006794,0.007581,0.002537,0.000383,-0.002629,-0.007045,-0.007334,-0.009471,-0.013694,-0.013279,-0.006421,-0.006907,-0.007943,-0.006915,-0.005229,-0.005161,-0.006896,-0.003984,0.000631,0.002638,0.007520,0.005143,0.002283,0.000558,0.002953,0.002878,0.004623,0.004726,0.006227,0.003644,0.003397,0.008818,0.010252,0.007174,0.007644,0.006308,0.004801,0.007740,0.011484,0.006472
0.011383,0.010709,0.010205,0.008495,0.020785,0.045332,0.028482,0.024983,0.016414,0.018838,0.019868,0.021391,0.026377,0.020474,0.020861,0.020515,0.015097,0.015288,0.013239,0.010140,0.009260,0.006214,0.004074,-0.000888,-0.004066,-0.006918,-0.007225,-0.008075,-0.010079,-0.005891,-0.001182,-0.004322,-0.008212,-0.006678,-0.005551,-0.004003,-0.002518,-0.003682,0.001961,0.008401,0.005184,0.005546,0.002016,0.002891,0.007358,0.002419,0.003544,0.005356,0.007681,0.003673,0.004606,0.009817,0.009733,0.010771,0.006466,0.007713,0.007500,0.007395,0.009932,0.003931
0.007916,0.007583,0.005952,0.005718,0.013086,0.028482,0.036706,0.027106,0.015625,0.017028,0.017580,0.015899,0.022598,0.018746,0.019190,0.017564,0.014200,0.014999,0.012376,0.006828,0.006312,0.003228,0.003014,0.002587,0.000330,-0.003842,-0.006507,-0.004720,-0.005593,-0.005868,-0.002613,-0.004834,-0.006056,-0.002900,-0.003729,-0.003515,-0.000950,-0.005311,0.000398,0.006354,0.002168,0.003166,0.001112,0.002456,0.003784,0.001441,0.004113,0.006223,0.011064,0.005881,0.004043,0.003502,0.003186,0.004008,0.006963,0.005707,0.006384,0.006864,0.006288,0.002433
0.009608,0.009998,0.008843,0.005609,0.007572,0.024983,0.027106,0.058441,0.031295,0.027697,0.031180,0.025334,0.024815,0.024838,0.026402,0.022133,0.014601,0.011656,0.010399,0.009272,0.006335,-0.000907,-0.003056,-0.003590,-0.012122,-0.012024,-0.009760,-0.008380,-0.011926,-0.009139,-0.006183,-0.012043,-0.010848,-0.005703,-0.005576,-0.000306,0.006139,0.001426,0.006674,0.011681,-0.000521,0.000206,-0.000616,0.001295,0.007047,0.002013,0.000553,0.006617,0.014764,0.004364,0.005466,0.005131,0.000729,0.005861,0.011533,0.007163,0.007507,0.007912,0.009853,0.000637
0.008345,0.005819,0.006607,0.004427,0.006232,0.016414,0.015625,0.031295,0.041468,0.037519,0.033599,0.024584,0.023653,0.016129,0.016312,0.012341,0.011641,0.010823,0.010701,0.016858,0.012044,0.004268,-0.002346,-0.002799,-0.003683,-0.002967,-0.000218,0.000523,0.000062,0.004208,0.002817,0.002000,-0.002557,0.000416,-0.007305,-0.005784,0.001042,-0.003826,0.003679,0.005529,0.000846,0.000699,-0.000778,0.006241,0.016162,0.006489,0.005088,0.011877,0.010948,0.006856,0.003732,0.001188,-0.001174,0.001270,0.004931,0.003611,0.003245,0.003828,0.001404,-0.001843
0.010602,0.005177,0.005955,0.004951,0.007588,0.018838,0.017028,0.027697,0.037519,0.053180,0.041346,0.032086,0.029076,0.015617,0.013741,0.011514,0.009123,0.007477,0.011084,0.016027,0.009466,0.003705,-0.006425,-0.007446,-0.006769,-0.002757,0.001120,-0.000038,-0.005089,-0.000112,-0.001278,-0.000253,-0.003220,-0.004752,-0.011026,-0.007315,0.001961,-0.000000,0.008866,0.014134,0.001513,0.000828,0.003097,0.009369,0.017370,0.007227,0.006541,0.015255,0.015350,0.009160,0.004287,0.001494,-0.002508,-0.000665,0.003444,0.002574,0.005564,0.003687,0.001902,-0.000033
0.010586,0.006062,0.006727,0.006617,0.008136,0.019868,0.017580,0.031180,0.033599,0.041346,0.054795,0.046317,0.039704,0.020985,0.016162,0.011852,0.013742,0.012258,0.018710,0.022225,0.015348,0.010111,0.000998,-0.001586,-0.004892,-0.004990,-0.001051,-0.002674,-0.006083,-0.007068,-0.003989,-0.004324,-0.006635,-0.008616,-0.014252,-0.014010,-0.012286,-0.010060,0.004298,0.005533,-0.003372,0.002819,0.002631,0.005739,0.014022,0.003727,0.002029,0.008778,0.009818,0.000475,0.004976,0.004174,-0.003388,0.002126,0.006790,0.000639,0.003745,0.003681,0.003290,-0.000353
0.006308,0.003210,0.005373,0.005538,0.009160,0.021391,0.015899,0.025334,0.024584,0.032086,0.046317,0.075883,0.054363,0.026169,0.018528,0.014218,0.019154,0.019701,0.021843,0.030441,0.017790,0.015926,0.004409,-0.002983,-0.005078,-0.007608,-0.007708,-0.009717,-0.007618,-0.014185,-0.007277,-0.004162,-0.005945,-0.012385,-0.019230,-0.015752,-0.015040,-0.010143,0.003952,0.004931,-0.007922,0.004837,0.005067,0.004074,0.008289,-0.000047,-0.001480,0.001885,0.004974,-0.001463,0.001541,0.003724,-0.004718,-0.000703,0.005772,0.005087,0.003648,-0.001061,-0.002182,-0.001276
0.007875,0.007704,0.006662,0.006982,0.016348,0.026377,0.022598,0.024815,0.023653,0.029076,0.039704,0.054363,0.076164,0.041248,0.028523,0.028003,0.027944,0.027292,0.034211,0.033278,0.019438,0.013131,0.004399,-0.001526,-0.006595,-0.006881,-0.007890,-0.010874,-0.010883,-0.018990,-0.008805,-0.004594,-0.007254,-0.014815,-0.020268,-0.018751,-0.022349,-0.015214,0.002430,0.004620,-0.001128,0.011555,0.008594,0.005052,0.010142,0.004146,0.004604,0.007040,0.006747,0.004856,0.006378,0.008483,0.000874,0.007025,0.013156,0.007896,0.003940,0.004590,0.005560,-0.001841
0.006038,0.007090,0.007350,0.005145,0.013203,0.020474,0.018746,0.024838,0.016129,0.015617,0.020985,0.026169,0.041248,0.056827,0.052558,0.051820,0.048890,0.041867,0.036654,0.026756,0.017530,0.017452,0.012325,0.002556,-0.009599,-0.009400,-0.011342,-0.022065,-0.026576,-0.024361,-0.012510,-0.016563,-0.016725,-0.021100,-0.017115,-0.012712,-0.014441,-0.010010,-0.002935,-0.002322,-0.007338,-0.004469,-0.002286,-0.003112,-0.002504,-0.004633,-0.003445,-0.001585,0.003248,0.000456,0.004035,0.004908,0.001975,0.004811,0.012017,0.005770,0.006893,0.007677,0.007636,-0.000436
0.006233,0.007170,0.009264,0.006178,0.013247,0.020861,0.019190,0.026402,0.016312,0.013741,0.016162,0.018528,0.028523,0.052558,0.076785,0.075233,0.071147,0.061335,0.048976,0.031828,0.022870,0.019532,0.013550,0.002698,-0.013085,-0.016887,-0.021324,-0.032042,-0.036794,-0.030765,-0.016326,-0.025337,-0.023529,-0.024824,-0.014155,-0.013031,-0.013975,-0.012478,-0.010559,-0.011740,-0.011545,-0.017870,-0.013281,-0.012430,-0.015121,-0.011260,-0.008064,-0.009622,-0.002473,-0.002683,0.000794,0.001299,-0.001108,0.003633,0.007878,0.006384,0.005198,0.007252,0.009959,0.001115
0.003654,0.004663,0.005757,0.006681,0.018385,0.020515,0.017564,0.022133,0.012341,0.011514,0.011852,0.014218,0.028003,0.051820,0.075233,0.100531,0.098929,0.087981,0.071659,0.045706,0.031037,0.030824,0.019013,0.003896,-0.012207,-0.019702,-0.026170,-0.039571,-0.050246,-0.045193,-0.023804,-0.030031,-0.028302,-0.035488,-0.015358,-0.012322,-0.015293,-0.010748,-0.013470,-0.013473,-0.011147,-0.017687,-0.015846,-0.013702,-0.020113,-0.012567,-0.011221,-0.013631,-0.004639,-0.001637,0.000109,0.001510,-0.000518,0.008363,0.009290,0.008265,0.009235,0.008404,0.013239,0.001612
0.005413,0.005892,0.007086,0.010390,0.019675,0.015097,0.014200,0.014601,0.011641,0.009123,0.013742,0.019154,0.027944,0.048890,0.071147,0.098929,0.124320,0.114899,0.089024,0.054414,0.034912,0.039048,0.021945,0.004123,-0.013998,-0.026516,-0.032069,-0.046716,-0.058024,-0.055326,-0.026806,-0.028674,-0.025151,-0.031854,-0.015928,-0.011995,-0.010672,-0.009368,-0.012563,-0.012937,-0.007646,-0.017673,-0.017494,-0.014947,-0.023143,-0.015892,-0.011820,-0.013012,-0.007056,-0.000465,-0.001036,0.000049,0.001101,0.009646,0.010321,0.006362,0.012415,0.011832,0.013656,0.003582
0.002400,0.002812,0.003398,0.008858,0.019119,0.015288,0.014999,0.011656,0.010823,0.007477,0.012258,0.019701,0.027292,0.041867,0.061335,0.087981,0.114899,0.130131,0.107357,0.074386,0.046328,0.048817,0.030508,0.008374,-0.009350,-0.027218,-0.035509,-0.049349,-0.057115,-0.059210,-0.030679,-0.030407,-0.022101,-0.025319,-0.010556,-0.007493,-0.010353,-0.009379,-0.011819,-0.009843,-0.007412,-0.017356,-0.017436,-0.015318,-0.028804,-0.022174,-0.017489,-0.017623,-0.009411,-0.000116,-0.003191,-0.001029,-0.002270,0.007210,0.006452,0.003599,0.006301,0.010522,0.009414,0.002316
0.001691,0.002493,0.000329,0.007627,0.020946,0.013239,0.012376,0.010399,0.010701,0.011084,0.018710,0.021843,0.034211,0.036654,0.048976,0.071659,0.089024,0.107357,0.136496,0.108224,0.065271,0.064729,0.037673,0.014282,-0.003124,-0.016041,-0.022684,-0.040218,-0.049709,-0.055924,-0.038943,-0.036653,-0.026762,-0.037191,-0.022325,-0.022349,-0.027775,-0.018000,-0.008271,-0.011449,-0.013095,-0.016328,-0.013912,-0.009023,-0.020401,-0.016492,-0.015296,-0.015497,-0.006818,0.001826,-0.001043,-0.000851,0.001175,0.007819,0.006531,0.002581,0.003435,0.010533,0.006970,-0.001632
0.003392,0.001627,-0.003035,0.002901,0.011636,0.010140,0.006828,0.009272,0.016858,0.016027,0.022225,0.030441,0.033278,0.026756,0.031828,0.045706,0.054414,0.074386,0.108224,0.136270,0.084897,0.081155,0.050950,0.013920,-0.002244,-0.005100,-0.010621,-0.029769,-0.044986,-0.047296,-0.042740,-0.033022,-0.023268,-0.031730,-0.022608,-0.024195,-0.031225,-0.017917,-0.002675,-0.016014,-0.027947,-0.018335,-0.015074,-0.009261,-0.011550,-0.013363,-0.017225,-0.017130,-0.007295,0.006536,-0.001329,-0.004204,-0.005813,0.003132,0.005504,0.004103,-0.000890,0.006899,-0.003819,-0.005976
0.000642,0.001007,-0.001237,0.002706,0.006794,0.009260,0.006312,0.006335,0.012044,0.009466,0.015348,0.017790,0.019438,0.017530,0.022870,0.031037,0.034912,0.046328,0.065271,0.084897,0.073092,0.074386,0.046613,0.018057,0.009934,0.004327,-0.005369,-0.018941,-0.030530,-0.033472,-0.032648,-0.028572,-0.021287,-0.027455,-0.018929,-0.022046,-0.025483,-0.020883,-0.007898,-0.013427,-0.020099,-0.015170,-0.012098,-0.006624,-0.008450,-0.010356,-0.011628,-0.011458,-0.006751,0.001862,-0.000220,-0.005173,-0.007638,0.005337,0.002273,0.004949,-0.000214,0.004692,-0.002169,-0.003126
-0.006293,-0.002818,-0.004485,0.001866,0.007581,0.006214,0.003228,-0.000907,0.004268,0.003705,0.010111,0.015926,0.013131,0.017452,0.019532,0.030824,0.039048,0.048817,0.064729,0.081155,0.074386,0.119077,0.092029,0.041271,0.037006,0.024740,0.008727,-0.012071,-0.026108,-0.033916,-0.031125,-0.028248,-0.022603,-0.029942,-0.018860,-0.020926,-0.026848,-0.030323,-0.018141,-0.018598,-0.017201,-0.011755,-0.010811,-0.006232,-0.011708,-0.010703,-0.011129,-0.014775,-0.007738,0.003100,0.001638,-0.002062,-0.005521,0.006184,-0.003650,0.001946,-0.004024,0.003081,-0.004304,-0.001758
-0.009670,-0.008665,-0.007831,-0.002639,0.002537,0.004074,0.003014,-0.003056,-0.002346,-0.006425,0.000998,0.004409,0.004399,0.012325,0.013550,0.019013,0.021945,0.030508,0.037673,0.050950,0.046613,0.092029,0.110007,0.058397,0.052938,0.039223,0.021297,0.003862,-0.011304,-0.021450,-0.020044,-0.016594,-0.014020,-0.020907,-0.018293,-0.019226,-0.029406,-0.037012,-0.024850,-0.025364,-0.020228,-0.011065,-0.011795,-0.010401,-0.019178,-0.012185,-0.010217,-0.015870,-0.011712,-0.001382,0.001499,-0.002569,-0.007349,-0.000746,-0.010027,-0.004473,-0.009675,-0.001954,-0.007386,-0.004119
-0.007799,-0.006250,-0.002945,-0.001040,0.000383,-0.000888,0.002587,-0.003590,-0.002799,-0.007446,-0.001586,-0.002983,-0.001526,0.002556,0.002698,0.003896,0.004123,0.008374,0.014282,0.013920,0.018057,0.041271,0.058397,0.052859,0.056048,0.038889,0.022828,0.012813,0.001986,-0.008018,-0.007210,-0.007337,-0.009528,-0.015256,-0.013739,-0.014271,-0.019639,-0.031412,-0.021713,-0.021338,-0.013589,-0.005774,-0.005573,-0.002952,-0.009111,-0.007669,-0.004842,-0.006725,-0.006001,-0.008001,-0.000833,-0.002920,-0.010307,-0.004580,-0.006631,-0.003859,-0.004546,-0.004552,-0.003682,-0.002114
-0.015583,-0.011999,-0.009057,-0.004984,-0.002629,-0.004066,0.000330,-0.012122,-0.003683,-0.006769,-0.004892,-0.005078,-0.006595,-0.009599,-0.013085,-0.012207,-0.013998,-0.009350,-0.003124,-0.002244,0.009934,0.037006,0.052938,0.056048,0.091410,0.074199,0.046314,0.031937,0.019428,0.006468,0.001382,-0.000558,-0.006540,-0.012113,-0.013662,-0.016150,-0.016778,-0.032298,-0.022381,-0.022359,-0.014700,-0.005120,-0.001685,0.002339,-0.004902,-0.005947,-0.004104,-0.004773,-0.008407,-0.011282,-0.003565,-0.009870,-0.014944,-0.013179,-0.011824,-0.005356,-0.008962,-0.010101,-0.012436,-0.004693
-0.018626,-0.015808,-0.013560,-0.009711,-0.007045,-0.006918,-0.003842,-0.012024,-0.002967,-0.002757,-0.004990,-0.007608,-0.006881,-0.009400,-0.016887,-0.019702,-0.026516,-0.027218,-0.016041,-0.005100,0.004327,0.024740,0.039223,0.038889,0.074199,0.087152,0.062287,0.040679,0.026583,0.014711,0.002687,0.001201,-0.005129,-0.011122,-0.015971,-0.017499,-0.014541,-0.027714,-0.020839,-0.022447,-0.019911,-0.008974,-0.002419,0.002847,-0.002449,-0.004275,-0.003508,-0.003906,-0.008146,-0.011938,-0.003256,-0.012304,-0.018144,-0.014580,-0.014670,-0.010032,-0.013427,-0.012995,-0.019735,-0.010294
-0.013089,-0.011153,-0.009678,-0.007005,-0.007334,-0.007225,-0.006507,-0.009760,-0.000218,0.001120,-0.001051,-0.007708,-0.007890,-0.011342,-0.021324,-0.026170,-0.032069,-0.035509,-0.022684,-0.010621,-0.005369,0.008727,0.021297,0.022828,0.046314,0.062287,0.064205,0.053662,0.039787,0.023309,0.008888,0.005682,-0.005099,-0.010746,-0.014367,-0.013788,-0.007774,-0.016437,-0.014049,-0.019233,-0.016121,-0.007234,-0.000239,0.003537,0.000355,-0.003860,-0.002422,-0.003661,-0.008290,-0.012739,-0.002368,-0.006545,-0.012055,-0.011275,-0.013989,-0.012204,-0.013069,-0.013676,-0.020082,-0.008706
-0.011044,-0.010315,-0.009130,-0.007591,-0.009471,-0.008075,-0.004720,-0.008380,0.000523,-0.000038,-0.002674,-0.009717,-0.010874,-0.022065,-0.032042,-0.039571,-0.046716,-0.049349,-0.040218,-0.029769,-0.018941,-0.012071,0.003862,0.012813,0.031937,0.040679,0.053662,0.072269,0.072408,0.050229,0.025399,0.020240,0.004571,0.000002,-0.007383,-0.011139,-0.006401,-0.008597,-0.006271,-0.010940,-0.010180,-0.001586,0.004384,0.007359,0.007764,0.002136,0.005059,0.003787,-0.000515,-0.009713,-0.001575,-0.002485,-0.004924,-0.012678,-0.012484,-0.009229,-0.012102,-0.012915,-0.019889,-0.007550
-0.013307,-0.014828,-0.011987,-0.012802,-0.013694,-0.010079,-0.005593,-0.011926,0.000062,-0.005089,-0.006083,-0.007618,-0.010883,-0.026576,-0.036794,-0.050246,-0.058024,-0.057115,-0.049709,-0.044986,-0.030530,-0.026108,-0.011304,0.001986,0.019428,0.026583,0.039787,0.072408,0.122556,0.095181,0.043632,0.027010,0.015190,0.012698,-0.004186,-0.009734,-0.008712,-0.008179,-0.007786,-0.012591,-0.013240,0.003194,0.006834,0.008896,0.008078,0.005564,0.010457,0.008744,0.001541,-0.009457,0.000487,-0.000830,-0.000985,-0.022144,-0.019981,-0.015725,-0.018897,-0.018064,-0.027585,-0.011269
-0.002841,-0.007925,-0.006989,-0.012234,-0.013279,-0.005891,-0.005868,-0.009139,0.004208,-0.000112,-0.007068,-0.014185,-0.018990,-0.024361,-0.030765,-0.045193,-0.055326,-0.059210,-0.055924,-0.047296,-0.033472,-0.033916,-0.021450,-0.008018,0.006468,0.014711,0.023309,0.050229,0.095181,0.128984,0.062328,0.047358,0.034907,0.039744,0.015642,0.004233,0.012492,0.015988,0.005491,0.004295,0.007505,0.017508,0.014241,0.015027,0.026068,0.020883,0.018949,0.017489,0.010506,0.004913,0.001226,0.001346,0.004241,-0.021660,-0.010052,-0.004631,-0.005533,-0.010201,-0.014941,-0.007927
0.001292,-0.000019,0.000276,-0.005376,-0.006421,-0.001182,-0.002613,-0.006183,0.002817,-0.001278,-0.003989,-0.007277,-0.008805,-0.012510,-0.016326,-0.023804,-0.026806,-0.030679,-0.038943,-0.042740,-0.032648,-0.031125,-0.020044,-0.007210,0.001382,0.002687,0.008888,0.025399,0.043632,0.062328,0.055713,0.049678,0.028245,0.031350,0.018813,0.013187,0.012862,0.011830,0.006917,0.010885,0.018832,0.019547,0.015078,0.013141,0.020339,0.014856,0.012870,0.014535,0.009230,0.007184,0.000456,0.004078,0.007103,-0.009577,-0.003655,-0.000630,-0.000377,-0.002337,-0.003138,-0.000784
0.001234,0.000604,-0.002009,-0.006331,-0.006907,-0.004322,-0.004834,-0.012043,0.002000,-0.000253,-0.004324,-0.004162,-0.004594,-0.016563,-0.025337,-0.030031,-0.028674,-0.030407,-0.036653,-0.033022,-0.028572,-0.028248,-0.016594,-0.007337,-0.000558,0.001201,0.005682,0.020240,0.027010,0.047358,0.049678,0.068106,0.043790,0.042292,0.023961,0.017762,0.016448,0.017305,0.013839,0.017169,0.022640,0.024681,0.016763,0.017403,0.025211,0.017135,0.012011,0.016452,0.010329,0.011954,0.001121,0.005567,0.005243,-0.004567,0.000254,0.004976,0.001176,-0.000194,-0.001364,-0.000368
-0.001177,-0.003561,-0.005533,-0.006162,-0.007943,-0.008212,-0.006056,-0.010848,-0.002557,-0.003220,-0.006635,-0.005945,-0.007254,-0.016725,-0.023529,-0.028302,-0.025151,-0.022101,-0.026762,-0.023268,-0.021287,-0.022603,-0.014020,-0.009528,-0.006540,-0.005129,-0.005099,0.004571,0.015190,0.034907,0.028245,0.043790,0.045811,0.052089,0.028118,0.022288,0.021260,0.018245,0.014697,0.021538,0.020886,0.026906,0.014301,0.011772,0.016286,0.011093,0.007075,0.009587,0.006224,0.008747,0.000042,-0.000640,0.003632,-0.001605,0.000324,0.002237,0.002346,0.000015,0.002842,-0.000305
0.003067,-0.001638,-0.002833,-0.004202,-0.006915,-0.006678,-0.002900,-0.005703,0.000416,-0.004752,-0.008616,-0.012385,-0.014815,-0.021100,-0.024824,-0.035488,-0.031854,-0.025319,-0.037191,-0.031730,-0.027455,-0.029942,-0.020907,-0.015256,-0.012113,-0.011122,-0.010746,0.000002,0.012698,0.039744,0.031350,0.042292,0.052089,0.098042,0.057183,0.046636,0.044691,0.028726,0.018573,0.030216,0.031863,0.034415,0.018084,0.012471,0.015666,0.010920,0.005605,0.003490,0.002491,0.012872,0.000134,-0.003226,0.007187,0.009871,0.000610,0.005571,0.008723,0.005773,0.009706,0.003971
0.002378,0.003606,0.000702,-0.002761,-0.005229,-0.005551,-0.003729,-0.005576,-0.007305,-0.011026,-0.014252,-0.019230,-0.020268,-0.017115,-0.014155,-0.015358,-0.015928,-0.010556,-0.022325,-0.022608,-0.018929,-0.018860,-0.018293,-0.013739,-0.013662,-0.015971,-0.014367,-0.007383,-0.004186,0.015642,0.018813,0.023961,0.028118,0.057183,0.061905,0.053227,0.049088,0.035125,0.018764,0.028735,0.028769,0.022040,0.014348,0.010727,0.015858,0.010654,0.002879,-0.003590,0.000470,0.008006,-0.001918,-0.001682,0.003332,0.008438,0.002017,0.005301,0.005101,0.002657,0.011972,0.006529
0.003240,0.005268,0.003901,-0.000442,-0.005161,-0.004003,-0.003515,-0.000306,-0.005784,-0.007315,-0.014010,-0.015752,-0.018751,-0.012712,-0.013031,-0.012322,-0.011995,-0.007493,-0.022349,-0.024195,-0.022046,-0.020926,-0.019226,-0.014271,-0.016150,-0.017499,-0.013788,-0.011139,-0.009734,0.004233,0.013187,0.017762,0.022288,0.046636,0.053227,0.063732,0.064040,0.042522,0.023339,0.033873,0.027328,0.023959,0.016199,0.012564,0.015840,0.008095,0.001062,0.002576,0.006143,0.006543,-0.000504,-0.000006,0.003628,0.007936,0.000370,0.002462,0.005010,0.001690,0.012145,0.006447
0.004929,0.008177,0.006208,0.000890,-0.006896,-0.002518,-0.000950,0.006139,0.001042,0.001961,-0.012286,-0.015040,-0.022349,-0.014441,-0.013975,-0.015293,-0.010672,-0.010353,-0.027775,-0.031225,-0.025483,-0.026848,-0.029406,-0.019639,-0.016778,-0.014541,-0.007774,-0.006401,-0.008712,0.012492,0.012862,0.016448,0.021260,0.044691,0.049088,0.064040,0.101418,0.063147,0.029378,0.038976,0.033793,0.025776,0.014601,0.012916,0.020725,0.015542,0.009213,0.015831,0.015186,0.011433,-0.000179,-0.000389,0.003192,0.002949,0.002193,0.002914,0.006498,0.004312,0.008040,0.003918
0.006110,0.005126,0.001517,-0.001732,-0.003984,-0.003682,-0.005311,0.001426,-0.003826,-0.000000,-0.010060,-0.010143,-0.015214,-0.010010,-0.012478,-0.010748,-0.009368,-0.009379,-0.018000,-0.017917,-0.020883,-0.030323,-0.037012,-0.031412,-0.032298,-0.027714,-0.016437,-0.008597,-0.008179,0.015988,0.011830,0.017305,0.018245,0.028726,0.035125,0.042522,0.063147,0.073654,0.039495,0.041537,0.028874,0.017803,0.017129,0.015939,0.025019,0.014964,0.008214,0.011779,0.012115,0.011606,0.000345,0.004150,0.010174,0.006093,0.007368,0.006772,0.002764,0.002369,0.006258,0.003650
0.008222,0.005574,0.003050,0.000796,0.000631,0.001961,0.000398,0.006674,0.003679,0.008866,0.004298,0.003952,0.002430,-0.002935,-0.010559,-0.013470,-0.012563,-0.011819,-0.008271,-0.002675,-0.007898,-0.018141,-0.024850,-0.021713,-0.022381,-0.020839,-0.014049,-0.006271,-0.007786,0.005491,0.006917,0.013839,0.014697,0.018573,0.018764,0.023339,0.029378,0.039495,0.041652,0.040760,0.020822,0.018612,0.018026,0.017061,0.027432,0.014130,0.008810,0.015693,0.018296,0.014057,0.002309,0.003152,0.011502,0.006512,0.011946,0.008221,0.006324,0.007427,0.010665,0.004303
0.006541,0.005736,0.004061,0.000781,0.002638,0.008401,0.006354,0.011681,0.005529,0.014134,0.005533,0.004931,0.004620,-0.002322,-0.011740,-0.013473,-0.012937,-0.009843,-0.011449,-0.016014,-0.013427,-0.018598,-0.025364,-0.021338,-0.022359,-0.022447,-0.019233,-0.010940,-0.012591,0.004295,0.010885,0.017169,0.021538,0.030216,0.028735,0.033873,0.038976,0.041537,0.040760,0.069772,0.044781,0.036769,0.028924,0.024172,0.033441,0.020197,0.015878,0.023177,0.027205,0.017701,0.003938,0.002738,0.013489,0.007648,0.007816,0.008383,0.006738,0.007635,0.012932,0.007543
0.008602,0.008689,0.008699,0.006075,0.007520,0.005184,0.002168,-0.000521,0.000846,0.001513,-0.003372,-0.007922,-0.001128,-0.007338,-0.011545,-0.011147,-0.007646,-0.007412,-0.013095,-0.027947,-0.020099,-0.017201,-0.020228,-0.013589,-0.014700,-0.019911,-0.016121,-0.010180,-0.013240,0.007505,0.018832,0.022640,0.020886,0.031863,0.028769,0.027328,0.033793,0.028874,0.020822,0.044781,0.070882,0.055960,0.030065,0.020901,0.034710,0.027277,0.025740,0.025910,0.024926,0.022489,0.007613,0.008012,0.016108,0.003920,0.002909,0.011594,0.004042,0.007294,0.018904,0.011682
0.008228,0.010085,0.007192,0.004061,0.005143,0.005546,0.003166,0.000206,0.000699,0.000828,0.002819,0.004837,0.011555,-0.004469,-0.017870,-0.017687,-0.017673,-0.017356,-0.016328,-0.018335,-0.015170,-0.011755,-0.011065,-0.005774,-0.005120,-0.008974,-0.007234,-0.001586,0.003194,0.017508,0.019547,0.024681,0.026906,0.034415,0.022040,0.023959,0.025776,0.017803,0.018612,0.036769,0.055960,0.080311,0.041999,0.024716,0.038894,0.028760,0.027536,0.029842,0.028672,0.023856,0.011820,0.008861,0.013922,0.003347,0.007888,0.007371,0.000964,0.005007,0.014921,0.009364
0.004826,0.004279,0.002823,0.000588,0.002283,0.002016,0.001112,-0.000616,-0.000778,0.003097,0.002631,0.005067,0.008594,-0.002286,-0.013281,-0.015846,-0.017494,-0.017436,-0.013912,-0.015074,-0.012098,-0.010811,-0.011795,-0.005573,-0.001685,-0.002419,-0.000239,0.004384,0.006834,0.014241,0.015078,0.016763,0.014301,0.018084,0.014348,0.016199,0.014601,0.017129,0.018026,0.028924,0.030065,0.041999,0.042323,0.026441,0.032551,0.021323,0.017135,0.018790,0.018989,0.015258,0.006457,0.005255,0.011500,0.001972,0.005875,0.004504,0.001722,0.005590,0.007590,0.005240
0.002850,0.001248,0.001637,-0.000652,0.000558,0.002891,0.002456,0.001295,0.006241,0.009369,0.005739,0.004074,0.005052,-0.003112,-0.012430,-0.013702,-0.014947,-0.015318,-0.009023,-0.009261,-0.006624,-0.006232,-0.010401,-0.002952,0.002339,0.002847,0.003537,0.007359,0.008896,0.015027,0.013141,0.017403,0.011772,0.012471,0.010727,0.012564,0.012916,0.015939,0.017061,0.024172,0.020901,0.024716,0.026441,0.030319,0.037981,0.021376,0.015091,0.018989,0.017869,0.010809,0.005315,0.003235,0.005060,0.001462,0.004727,0.004426,0.001974,0.002109,0.005133,0.002440
0.011827,0.010589,0.009687,0.003125,0.002953,0.007358,0.003784,0.007047,0.016162,0.017370,0.014022,0.008289,0.010142,-0.002504,-0.015121,-0.020113,-0.023143,-0.028804,-0.020401,-0.011550,-0.008450,-0.011708,-0.019178,-0.009111,-0.004902,-0.002449,0.000355,0.007764,0.008078,0.026068,0.020339,0.025211,0.016286,0.015666,0.015858,0.015840,0.020725,0.025019,0.027432,0.033441,0.034710,0.038894,0.032551,0.037981,0.077273,0.047920,0.035425,0.037636,0.039087,0.028985,0.010135,0.011509,0.009676,0.003312,0.015710,0.009742,0.002031,0.004431,0.009677,0.003270
0.010305,0.008084,0.006848,0.001259,0.002878,0.002419,0.001441,0.002013,0.006489,0.007227,0.003727,-0.000047,0.004146,-0.004633,-0.011260,-0.012567,-0.015892,-0.022174,-0.016492,-0.013363,-0.010356,-0.010703,-0.012185,-0.007669,-0.005947,-0.004275,-0.003860,0.002136,0.005564,0.020883,0.014856,0.017135,0.011093,0.010920,0.010654,0.008095,0.015542,0.014964,0.014130,0.020197,0.027277,0.028760,0.021323,0.021376,0.047920,0.045971,0.035865,0.030364,0.028494,0.026756,0.008306,0.008172,0.006789,0.002580,0.010670,0.006357,0.002723,0.005283,0.008123,0.004398
0.006296,0.005468,0.006616,0.002413,0.004623,0.003544,0.004113,0.000553,0.005088,0.006541,0.002029,-0.001480,0.004604,-0.003445,-0.008064,-0.011221,-0.011820,-0.017489,-0.015296,-0.017225,-0.011628,-0.011129,-0.010217,-0.004842,-0.004104,-0.003508,-0.002422,0.005059,0.010457,0.018949,0.012870,0.012011,0.007075,0.005605,0.002879,0.001062,0.009213,0.008214,0.008810,0.015878,0.025740,0.027536,0.017135,0.015091,0.035425,0.035865,0.041185,0.035718,0.031059,0.023922,0.008610,0.006562,0.003899,0.002066,0.008424,0.005856,0.001243,0.005147,0.005438,0.002923
0.009549,0.008001,0.009167,0.003547,0.004726,0.005356,0.006223,0.006617,0.011877,0.015255,0.008778,0.001885,0.007040,-0.001585,-0.009622,-0.013631,-0.013012,-0.017623,-0.015497,-0.017130,-0.011458,-0.014775,-0.015870,-0.006725,-0.004773,-0.003906,-0.003661,0.003787,0.008744,0.017489,0.014535,0.016452,0.009587,0.003490,-0.003590,0.002576,0.015831,0.011779,0.015693,0.023177,0.025910,0.029842,0.018790,0.018989,0.037636,0.030364,0.035718,0.054522,0.044592,0.024156,0.010498,0.008599,0.007012,0.003784,0.009804,0.005496,0.001626,0.008335,0.007152,0.002854
0.006890,0.009226,0.009811,0.005035,0.006227,0.007681,0.011064,0.014764,0.010948,0.015350,0.009818,0.004974,0.006747,0.003248,-0.002473,-0.004639,-0.007056,-0.009411,-0.006818,-0.007295,-0.006751,-0.007738,-0.011712,-0.006001,-0.008407,-0.008146,-0.008290,-0.000515,0.001541,0.010506,0.009230,0.010329,0.006224,0.002491,0.000470,0.006143,0.015186,0.012115,0.018296,0.027205,0.024926,0.028672,0.018989,0.017869,0.039087,0.028494,0.031059,0.044592,0.057728,0.031038,0.010025,0.008398,0.005461,0.003523,0.011696,0.005636,0.002141,0.009069,0.007726,0.002906
0.010088,0.008532,0.003727,0.003171,0.003644,0.003673,0.005881,0.004364,0.006856,0.009160,0.000475,-0.001463,0.004856,0.000456,-0.002683,-0.001637,-0.000465,-0.000116,0.001826,0.006536,0.001862,0.003100,-0.001382,-0.008001,-0.011282,-0.011938,-0.012739,-0.009713,-0.009457,0.004913,0.007184,0.011954,0.008747,0.012872,0.008006,0.006543,0.011433,0.011606,0.014057,0.017701,0.022489,0.023856,0.015258,0.010809,0.028985,0.026756,0.023922,0.024156,0.031038,0.048684,0.007818,0.008843,0.012934,0.006783,0.009937,0.008239,0.001654,0.010779,0.010037,0.003535
0.003863,0.003925,0.003492,0.001712,0.003397,0.004606,0.004043,0.005466,0.003732,0.004287,0.004976,0.001541,0.006378,0.004035,0.000794,0.000109,-0.001036,-0.003191,-0.001043,-0.001329,-0.000220,0.001638,0.001499,-0.000833,-0.003565,-0.003256,-0.002368,-0.001575,0.000487,0.001226,0.000456,0.001121,0.000042,0.000134,-0.001918,-0.000504,-0.000179,0.000345,0.002309,0.003938,0.007613,0.011820,0.006457,0.005315,0.010135,0.008306,0.008610,0.010498,0.010025,0.007818,0.009476,0.007526,0.005883,0.004445,0.003574,0.001661,0.001320,0.003132,0.005146,0.002732
0.007659,0.009155,0.010204,0.007051,0.008818,0.009817,0.003502,0.005131,0.001188,0.001494,0.004174,0.003724,0.008483,0.004908,0.001299,0.001510,0.000049,-0.001029,-0.000851,-0.004204,-0.005173,-0.002062,-0.002569,-0.002920,-0.009870,-0.012304,-0.006545,-0.002485,-0.000830,0.001346,0.004078,0.005567,-0.000640,-0.003226,-0.001682,-0.000006,-0.000389,0.004150,0.003152,0.002738,0.008012,0.008861,0.005255,0.003235,0.011509,0.008172,0.006562,0.008599,0.008398,0.008843,0.007526,0.024839,0.016885,0.009692,0.011137,0.006007,0.002555,0.004079,0.010166,0.003040
0.009612,0.009507,0.008296,0.008365,0.010252,0.009733,0.003186,0.000729,-0.001174,-0.002508,-0.003388,-0.004718,0.000874,0.001975,-0.001108,-0.000518,0.001101,-0.002270,0.001175,-0.005813,-0.007638,-0.005521,-0.007349,-0.010307,-0.014944,-0.018144,-0.012055,-0.004924,-0.000985,0.004241,0.007103,0.005243,0.003632,0.007187,0.003332,0.003628,0.003192,0.010174,0.011502,0.013489,0.016108,0.013922,0.011500,0.005060,0.009676,0.006789,0.003899,0.007012,0.005461,0.012934,0.005883,0.016885,0.050157,0.014944,0.012306,0.013353,0.009171,0.013347,0.015213,0.006473
0.008231,0.010708,0.009754,0.008712,0.007174,0.010771,0.004008,0.005861,0.001270,-0.000665,0.002126,-0.000703,0.007025,0.004811,0.003633,0.008363,0.009646,0.007210,0.007819,0.003132,0.005337,0.006184,-0.000746,-0.004580,-0.013179,-0.014580,-0.011275,-0.012678,-0.022144,-0.021660,-0.009577,-0.004567,-0.001605,0.009871,0.008438,0.007936,0.002949,0.006093,0.006512,0.007648,0.003920,0.003347,0.001972,0.001462,0.003312,0.002580,0.002066,0.003784,0.003523,0.006783,0.004445,0.009692,0.014944,0.061926,0.020285,0.013801,0.018929,0.015463,0.023740,0.007506
0.008995,0.012231,0.011393,0.009495,0.007644,0.006466,0.006963,0.011533,0.004931,0.003444,0.006790,0.005772,0.013156,0.012017,0.007878,0.009290,0.010321,0.006452,0.006531,0.005504,0.002273,-0.003650,-0.010027,-0.006631,-0.011824,-0.014670,-0.013989,-0.012484,-0.019981,-0.010052,-0.003655,0.000254,0.000324,0.000610,0.002017,0.000370,0.002193,0.007368,0.011946,0.007816,0.002909,0.007888,0.005875,0.004727,0.015710,0.010670,0.008424,0.009804,0.011696,0.009937,0.003574,0.011137,0.012306,0.020285,0.041042,0.016673,0.017047,0.017051,0.019299,0.005165
0.008751,0.007840,0.006706,0.007915,0.006308,0.007713,0.005707,0.007163,0.003611,0.002574,0.000639,0.005087,0.007896,0.005770,0.006384,0.008265,0.006362,0.003599,0.002581,0.004103,0.004949,0.001946,-0.004473,-0.003859,-0.005356,-0.010032,-0.012204,-0.009229,-0.015725,-0.004631,-0.000630,0.004976,0.002237,0.005571,0.005301,0.002462,0.002914,0.006772,0.008221,0.008383,0.011594,0.007371,0.004504,0.004426,0.009742,0.006357,0.005856,0.005496,0.005636,0.008239,0.001661,0.006007,0.013353,0.013801,0.016673,0.034354,0.017739,0.013238,0.017086,0.007534
0.010448,0.005974,0.010137,0.008652,0.004801,0.007500,0.006384,0.007507,0.003245,0.005564,0.003745,0.003648,0.003940,0.006893,0.005198,0.009235,0.012415,0.006301,0.003435,-0.000890,-0.000214,-0.004024,-0.009675,-0.004546,-0.008962,-0.013427,-0.013069,-0.012102,-0.018897,-0.005533,-0.000377,0.001176,0.002346,0.008723,0.005101,0.005010,0.006498,0.002764,0.006324,0.006738,0.004042,0.000964,0.001722,0.001974,0.002031,0.002723,0.001243,0.001626,0.002141,0.001654,0.001320,0.002555,0.009171,0.018929,0.017047,0.017739,0.042706,0.018387,0.019243,0.008415
0.010202,0.008528,0.007976,0.007442,0.007740,0.007395,0.006864,0.007912,0.003828,0.003687,0.003681,-0.001061,0.004590,0.007677,0.007252,0.008404,0.011832,0.010522,0.010533,0.006899,0.004692,0.003081,-0.001954,-0.004552,-0.010101,-0.012995,-0.013676,-0.012915,-0.018064,-0.010201,-0.002337,-0.000194,0.000015,0.005773,0.002657,0.001690,0.004312,0.002369,0.007427,0.007635,0.007294,0.005007,0.005590,0.002109,0.004431,0.005283,0.005147,0.008335,0.009069,0.010779,0.003132,0.004079,0.013347,0.015463,0.017051,0.013238,0.018387,0.025130,0.018431,0.006160
0.014222,0.011088,0.012319,0.011871,0.011484,0.009932,0.006288,0.009853,0.001404,0.001902,0.003290,-0.002182,0.005560,0.007636,0.009959,0.013239,0.013656,0.009414,0.006970,-0.003819,-0.002169,-0.004304,-0.007386,-0.003682,-0.012436,-0.019735,-0.020082,-0.019889,-0.027585,-0.014941,-0.003138,-0.001364,0.002842,0.009706,0.011972,0.012145,0.008040,0.006258,0.010665,0.012932,0.018904,0.014921,0.007590,0.005133,0.009677,0.008123,0.005438,0.007152,0.007726,0.010037,0.005146,0.010166,0.015213,0.023740,0.019299,0.017086,0.019243,0.018431,0.041961,0.016373
0.008195,0.006686,0.007093,0.007067,0.006472,0.003931,0.002433,0.000637,-0.001843,-0.000033,-0.000353,-0.001276,-0.001841,-0.000436,0.001115,0.001612,0.003582,0.002316,-0.001632,-0.005976,-0.003126,-0.001758,-0.004119,-0.002114,-0.004693,-0.010294,-0.008706,-0.007550,-0.011269,-0.007927,-0.000784,-0.000368,-0.000305,0.003971,0.006529,0.006447,0.003918,0.003650,0.004303,0.007543,0.011682,0.009364,0.005240,0.002440,0.003270,0.004398,0.002923,0.002854,0.002906,0.003535,0.002732,0.003040,0.006473,0.007506,0.005165,0.007534,0.008415,0.006160,0.016373,0.014695
