23973.803588,-1518.583290,-1125.916528,61.094477,74.169902,389.782584,231.293708,60.786781
-1518.583290,6566.614458,-904.001388,-270.970964,11.404135,73.307840,13.134040,32.032355
-1125.916528,-904.001388,3410.615312,-440.237071,70.390547,-1121.824619,299.587054,-323.053139
61.094477,-270.970964,-440.237071,7263.947036,-36.667123,412.897200,-270.238457,420.809581
74.169902,11.404135,70.390547,-36.667123,33.539666,-206.688690,7.197429,-37.870220
389.782584,73.307840,-1121.824619,412.897200,-206.688690,204065.301368,71.683177,770.947704
231.293708,13.134040,299.587054,-270.238457,7.197429,71.683177,130671.202933,-667.150094
60.786781,32.032355,-323.053139,420.809581,-37.870220,770.947704,-667.150094,3155.736825
