24781.124919,-1292.617687,-293.387514,223.050551,40.278900,823.553218,-1307.436643,-9.979112
-1292.617687,5280.633149,-521.549091,-52.361306,4.336336,1402.893676,-283.609806,114.352827
-293.387514,-521.549091,2791.604454,-333.977787,35.475585,-581.160020,-380.099223,-183.740227
223.050551,-52.361306,-333.977787,8483.282188,-12.073025,-1040.072097,341.429416,234.644730
40.278900,4.336336,35.475585,-12.073025,28.794268,-78.329780,-2.546660,-16.354939
823.553218,1402.893676,-581.160020,-1040.072097,-78.329780,240871.761697,-7316.034751,-487.529420
-1307.436643,-283.609806,-380.099223,341.429416,-2.546660,-7316.034751,152095.600103,-592.750040
-9.979112,114.352827,-183.740227,234.644730,-16.354939,-487.529420,-592.750040,2228.787036
