0.001578,0.000028,-0.000039,0.000058,-0.000006,-0.000024,0.000061,0.000001
0.000028,0.001202,-0.000024,0.000001,-0.000002,-0.000000,0.000014,-0.000030
-0.000039,-0.000024,0.000654,-0.000017,0.000001,-0.000002,-0.000013,-0.000013
0.000058,0.000001,-0.000017,0.002636,-0.000001,-0.000007,0.000007,-0.000039
-0.000006,-0.000002,0.000001,-0.000001,0.000232,-0.000003,0.000000,0.000002
-0.000024,-0.000000,-0.000002,-0.000007,-0.000003,0.000640,0.000001,0.000002
0.000061,0.000014,-0.000013,0.000007,0.000000,0.000001,0.000272,-0.000022
0.000001,-0.000030,-0.000013,-0.000039,0.000002,0.000002,-0.000022,0.001062
