0.001992,0.000036,-0.000056,0.000065,-0.000014,-0.000033,0.000094,0.000001
0.000036,0.001588,-0.000034,0.000001,-0.000006,-0.000000,0.000022,-0.000035
-0.000056,-0.000034,0.001047,-0.000021,0.000001,-0.000002,-0.000023,-0.000016
0.000065,0.000001,-0.000021,0.002636,-0.000003,-0.000008,0.000009,-0.000039
-0.000014,-0.000006,0.000001,-0.000003,0.000928,-0.000007,0.000000,0.000005
-0.000033,-0.000000,-0.000002,-0.000008,-0.000007,0.000929,0.000002,0.000002
0.000094,0.000022,-0.000023,0.000009,0.000000,0.000002,0.000510,-0.000030
0.000001,-0.000035,-0.000016,-0.000039,0.000005,0.000002,-0.000030,0.001062
