0.753496,-0.000683,-0.003748,-0.007444,-0.000715,-0.000326
-0.000683,0.000263,0.000121,0.001137,-0.000367,-0.000123
-0.003748,0.000121,0.029388,0.014242,0.011664,0.000005
-0.007444,0.001137,0.014242,0.148241,-0.015777,0.001569
-0.000715,-0.000367,0.011664,-0.015777,0.033753,0.000267
-0.000326,-0.000123,0.000005,0.001569,0.000267,0.005127
