1.338168,-0.000131,0.011671,-0.002331,0.001156,-0.002253
-0.000131,0.000278,0.000017,0.001281,-0.000317,-0.000135
0.011671,0.000017,0.035763,0.021353,0.013644,-0.000877
-0.002331,0.001281,0.021353,0.148991,-0.011135,-0.001393
0.001156,-0.000317,0.013644,-0.011135,0.031087,0.000136
-0.002253,-0.000135,-0.000877,-0.001393,0.000136,0.005410
