0.030140,-0.001951,-0.000937,-0.000586,-0.000157,-0.000200
-0.001951,0.053600,0.002170,0.006395,-0.005763,-0.005386
-0.000937,0.002170,0.045918,0.007009,0.016022,0.000019
-0.000586,0.006395,0.007009,0.022977,-0.006826,0.001901
-0.000157,-0.005763,0.016022,-0.006826,0.040760,0.000902
-0.000200,-0.005386,0.000019,0.001901,0.000902,0.048537
