0.053527,-0.000376,0.002918,-0.000184,0.000254,-0.001387
-0.000376,0.056835,0.000302,0.007204,-0.004983,-0.005931
0.002918,0.000302,0.055879,0.010508,0.018742,-0.003374
-0.000184,0.007204,0.010508,0.023094,-0.004817,-0.001687
0.000254,-0.004983,0.018742,-0.004817,0.037540,0.000460
-0.001387,-0.005931,-0.003374,-0.001687,0.000460,0.051218
