1.249398,-0.039600,0.911722,0.019423,0.006720,-0.005193
-0.039600,0.078269,-0.097080,0.003830,-0.021354,-0.003078
0.911722,-0.097080,4.144806,0.416232,1.193632,-0.004355
0.019423,0.003830,0.416232,0.303799,-0.169023,0.001181
0.006720,-0.021354,1.193632,-0.169023,2.494091,-0.010131
-0.005193,-0.003078,-0.004355,0.001181,-0.010131,0.038443
