1.229047,-0.038050,0.920941,0.053704,0.013416,-0.005094
-0.038050,0.075993,-0.015272,0.003961,0.029883,-0.004517
0.920941,-0.015272,4.277514,0.486501,1.199151,0.000636
0.053704,0.003961,0.486501,0.295185,-0.138179,0.002126
0.013416,0.029883,1.199151,-0.138179,2.452840,-0.012144
-0.005094,-0.004517,0.000636,0.002126,-0.012144,0.038208
