0.086350,-0.003209,0.002063,0.000279,0.006925,-0.000730
-0.003209,0.175612,-0.021941,0.014151,-0.008670,-0.008193
0.002063,-0.021941,0.120759,0.027242,0.086024,-0.000784
0.000279,0.014151,0.027242,0.045350,-0.016060,-0.006738
0.006925,-0.008670,0.086024,-0.016060,0.155901,0.004828
-0.000730,-0.008193,-0.000784,-0.006738,0.004828,0.172036
