9229.959154,-1919.410841,-2449.278073,-92.603409,16.408484,-352.414376,-2087.289050,234.670750
-1919.410841,6657.658387,-1948.308381,-47.833605,39.996556,-1425.347062,-1622.587470,-214.793613
-2449.278073,-1948.308381,3824.945319,-243.806667,162.064806,-343.378974,645.526442,-699.518660
-92.603409,-47.833605,-243.806667,393.305754,-84.268284,-180.864902,-740.580402,275.534701
16.408484,39.996556,162.064806,-84.268284,32.303906,-99.110117,112.627553,-65.660214
-352.414376,-1425.347062,-343.378974,-180.864902,-99.110117,5051.136273,-1223.658424,399.832835
-2087.289050,-1622.587470,645.526442,-740.580402,112.627553,-1223.658424,6040.249111,-919.726897
234.670750,-214.793613,-699.518660,275.534701,-65.660214,399.832835,-919.726897,2806.370095
