0.116596,-0.007849,0.015348,0.008539,0.011106,0.025622
-0.007849,0.123737,0.022113,0.017550,0.011053,0.033449
0.015348,0.022113,0.134632,0.024790,0.038673,0.034096
0.008539,0.017550,0.024790,0.076390,-0.000588,0.021847
0.011106,0.011053,0.038673,-0.000588,0.107264,0.017350
0.025622,0.033449,0.034096,0.021847,0.017350,0.130248
