11878.108502,-278.663720,123.362944,-1.993346,32.568431,-141.195748,-1895.669868,86.929292
-278.663720,3726.972665,-224.851067,167.957014,8.894055,2106.971166,-470.180828,127.781726
123.362944,-224.851067,1826.037668,-245.708134,14.760887,251.796992,349.980569,-50.305387
-1.993346,167.957014,-245.708134,7090.057549,-17.585787,-1375.979602,1308.593685,326.039776
32.568431,8.894055,14.760887,-17.585787,19.833164,38.850923,-47.525506,5.452927
-141.195748,2106.971166,251.796992,-1375.979602,38.850923,205094.404266,-1980.707869,200.416381
-1895.669868,-470.180828,349.980569,1308.593685,-47.525506,-1980.707869,126585.560643,-385.117906
86.929292,127.781726,-50.305387,326.039776,5.452927,200.416381,-385.117906,1045.819393
