18656.679612,-367.340730,85.051653,415.604316,35.816228,-1105.161445,-1094.495975,1.240069
-367.340730,3513.177846,-198.564213,34.721585,1.700244,160.568542,-911.166315,175.314788
85.051653,-198.564213,1811.952939,-151.377767,10.518312,261.162859,839.529276,-57.244987
415.604316,34.721585,-151.377767,6929.173756,-15.939229,65.659919,451.538403,332.545602
35.816228,1.700244,10.518312,-15.939229,19.197984,-21.038583,-36.810819,2.984981
-1105.161445,160.568542,261.162859,65.659919,-21.038583,205653.864449,-2937.393086,-15.960717
-1094.495975,-911.166315,839.529276,451.538403,-36.810819,-2937.393086,126482.250832,-544.145859
1.240069,175.314788,-57.244987,332.545602,2.984981,-15.960717,-544.145859,1108.907751
