0.047864,-0.001887,-0.000000,0.001214,0.002070,-0.001056,-0.001363,0.000051
-0.001887,0.027198,-0.002761,0.000620,0.000147,-0.001394,-0.002374,0.001327
-0.000000,-0.002761,0.045254,-0.002708,0.001632,0.000664,0.003707,-0.000770
0.001214,0.000620,-0.002708,0.055679,-0.002759,0.000133,-0.000455,0.003268
0.002070,0.000147,0.001632,-0.002759,0.018516,-0.001179,-0.000118,0.000247
-0.001056,-0.001394,0.000664,0.000133,-0.001179,0.072771,-0.003219,-0.000248
-0.001363,-0.002374,0.003707,-0.000455,-0.000118,-0.003219,0.052294,-0.001112
0.000051,0.001327,-0.000770,0.003268,0.000247,-0.000248,-0.001112,0.008237
