0.047864,-0.001163,0.000194,0.000626,0.001874,-0.000456,-0.001758,0.000225
-0.001163,0.024791,-0.002884,0.000241,0.000580,-0.000820,-0.000917,0.000173
0.000194,-0.002884,0.045502,-0.003153,0.001537,0.001000,0.001236,0.000055
0.000626,0.000241,-0.003153,0.054830,-0.003562,-0.001986,0.001035,0.001125
0.001874,0.000580,0.001537,-0.003562,0.020398,-0.001868,0.000040,0.000290
-0.000456,-0.000820,0.001000,-0.001986,-0.001868,0.068562,-0.000044,-0.000928
-0.001758,-0.000917,0.001236,0.001035,0.000040,-0.000044,0.052046,-0.000405
0.000225,0.000173,0.000055,0.001125,0.000290,-0.000928,-0.000405,0.006287
