0.029459,-0.001273,0.000450,-0.000991,0.001829,0.000336,-0.001959,0.000381
-0.001273,0.028854,-0.003127,0.001586,0.000769,0.001144,-0.002130,0.000966
0.000450,-0.003127,0.045605,-0.003749,0.002291,0.001352,0.002666,-0.000675
-0.000991,0.001586,-0.003749,0.057114,-0.002662,-0.002688,0.000944,0.003233
0.001829,0.000769,0.002291,-0.002662,0.019128,-0.001159,-0.000232,0.000454
0.000336,0.001144,0.001352,-0.002688,-0.001159,0.071197,-0.003116,-0.000014
-0.001959,-0.002130,0.002666,0.000944,-0.000232,-0.003116,0.051780,-0.000797
0.000381,0.000966,-0.000675,0.003233,0.000454,-0.000014,-0.000797,0.007766
