0.006445,-0.000028,0.000431,-0.000646,-0.000224,-0.000762,-0.000872,0.000087
-0.000028,0.029196,-0.002013,0.002357,-0.000019,0.000297,-0.002872,0.001242
0.000431,-0.002013,0.042877,-0.003585,0.002156,-0.000997,0.003315,-0.000597
-0.000646,0.002357,-0.003585,0.057673,-0.003140,-0.003810,0.000313,0.003038
-0.000224,-0.000019,0.002156,-0.003140,0.018459,-0.000861,0.000371,0.000164
-0.000762,0.000297,-0.000997,-0.003810,-0.000861,0.068244,-0.004931,-0.000349
-0.000872,-0.002872,0.003315,0.000313,0.000371,-0.004931,0.054563,-0.000568
0.000087,0.001242,-0.000597,0.003038,0.000164,-0.000349,-0.000568,0.008060
