0.201922,-0.014521,0.017402,0.002657,0.056998,0.015557,0.314321,2.090855,0.036705,0.186252,0.164791,-0.008518,0.083790,-0.010568,0.060003,0.389503,0.000772,-0.002999,0.002205,0.019138,0.001713,0.002941,0.244862,-0.013382,0.008815,0.020118,0.021944,-0.006898,-0.016004,1.938569,0.010497,0.013383,0.196260,0.044367,-0.027498,0.030756,0.040069,0.055058,0.053383,0.019666,0.009141
-0.014521,0.356297,-0.002840,-0.004419,-0.103530,0.023919,-0.311868,-0.848357,0.113907,0.136754,-0.018248,-0.026790,-0.004629,0.049020,0.012377,-0.130474,0.003124,0.004110,0.001239,0.007926,0.006435,-0.001943,-0.506077,0.011082,-0.016571,-0.027439,-0.008629,0.001797,0.000641,0.394806,0.014913,-0.013411,-0.195475,0.124292,-0.016178,0.026108,0.091253,0.034593,0.037054,-0.002523,0.130546
0.017402,-0.002840,0.524219,-0.001497,0.020250,0.005215,0.105246,0.249060,-0.091906,0.054340,-0.131044,-0.007234,0.119740,-0.009943,0.027176,0.031592,0.004839,-0.004203,-0.000918,-0.018876,0.014272,0.004833,0.041489,0.020514,0.080668,-0.010823,0.016290,0.004249,0.018448,-0.201184,-0.042863,0.003027,0.115284,-0.059677,0.014362,0.213338,0.043317,-0.017023,0.100596,0.011002,0.118917
0.002657,-0.004419,-0.001497,0.011653,-0.011896,-0.004080,0.004540,0.033565,0.022519,0.003655,0.037197,-0.000003,-0.005488,-0.001033,-0.001020,-0.005660,0.000150,0.000396,0.002190,0.001233,-0.000073,-0.000600,0.003280,-0.001265,0.002151,-0.001688,-0.000842,-0.000132,-0.000300,0.017059,-0.004704,-0.000282,0.007779,-0.004941,0.004786,0.008522,0.002998,0.020622,-0.008864,0.000583,-0.006452
0.056998,-0.103530,0.020250,-0.011896,1.762310,0.002713,0.792284,0.763555,-0.014496,0.191320,1.850371,-0.004097,0.190681,-0.021832,0.096518,-0.153176,-0.000822,-0.000394,0.003879,0.009355,0.000043,0.002591,0.352290,0.011652,-0.022577,0.001725,0.032256,-0.002245,-0.000828,0.639102,0.272251,0.002408,0.681560,0.559583,0.052053,0.104955,0.011720,0.467866,0.159494,-0.005949,0.007197
0.015557,0.023919,0.005215,-0.004080,0.002713,0.193071,-0.027117,0.227507,0.091166,-0.034107,-0.043643,0.006691,0.024364,0.002220,0.024328,-0.022203,0.000504,-0.000366,-0.000786,-0.002426,0.004416,-0.000372,0.172197,0.000641,-0.003700,0.019179,0.003838,-0.000943,-0.001020,-0.042308,-0.005336,0.004974,-0.019128,0.018098,-0.009051,0.016279,0.004236,0.020273,0.005451,-0.001252,0.016714
0.314321,-0.311868,0.105246,0.004540,0.792284,-0.027117,2.790932,6.154441,-0.050712,0.148120,1.326697,-0.003649,0.446154,-0.144738,0.180793,0.126262,-0.000448,-0.014947,-0.009187,0.023453,0.006365,0.019816,1.380645,0.058131,0.178671,0.109772,0.082666,-0.009818,0.024803,0.863011,0.180154,-0.029517,1.786272,0.473629,0.042856,0.168078,0.026704,0.211015,0.412847,0.025168,0.060882
2.090855,-0.848357,0.249060,0.033565,0.763555,0.227507,6.154441,43.797200,-0.128743,0.496824,2.550072,0.179719,0.908071,-0.498927,0.390791,0.515727,-0.014356,-0.062222,-0.030645,0.067724,0.027340,0.080397,4.751368,-0.250453,0.344542,0.508721,0.286651,-0.147129,-0.293293,1.661276,-0.253361,0.038871,2.947047,0.633375,-0.544015,-0.109983,-0.134977,0.531559,0.771214,0.075266,-0.132909
0.036705,0.113907,-0.091906,0.022519,-0.014496,0.091166,-0.050712,-0.128743,0.937940,0.251017,-0.163570,0.001685,0.022367,0.030801,0.046871,0.181172,-0.000525,0.002455,0.010624,0.000272,0.015184,-0.006132,-0.096884,-0.011051,-0.035121,-0.001336,0.008281,-0.008618,-0.010338,0.061852,0.027455,0.004583,-0.156905,0.033180,-0.006325,-0.007837,-0.025354,-0.025026,0.011876,0.009939,-0.049089
0.186252,0.136754,0.054340,0.003655,0.191320,-0.034107,0.148120,0.496824,0.251017,1.514442,0.428947,-0.069077,0.229189,0.081474,0.125100,1.258040,0.005566,0.000541,0.004835,0.028372,-0.004973,-0.009774,-0.200571,-0.003571,-0.068872,0.001478,0.035445,-0.004704,-0.011784,2.238879,0.182859,0.019885,0.250744,0.081221,0.019382,0.014465,0.196937,0.043367,0.196218,0.030636,-0.078853
0.164791,-0.018248,-0.131044,0.037197,1.850371,-0.043643,1.326697,2.550072,-0.163570,0.428947,5.108268,-0.008298,0.197244,-0.080441,0.150893,0.325767,0.002358,0.002362,0.019821,0.051948,-0.005442,0.004046,0.440285,-0.016868,0.042543,0.061231,0.054639,-0.009001,-0.019985,1.806469,0.507584,0.000190,1.171926,1.769237,0.207204,0.015970,0.215191,1.564813,0.264472,0.010597,-0.053275
-0.008518,-0.026790,-0.007234,-0.000003,-0.004097,0.006691,-0.003649,0.179719,0.001685,-0.069077,-0.008298,0.120674,0.003558,-0.003437,-0.000741,-0.039087,-0.000791,-0.000352,-0.001459,0.001254,0.000095,0.000725,0.054637,-0.000267,0.007567,-0.001147,0.003202,-0.000369,-0.001800,-0.321962,-0.005301,0.001580,0.011487,-0.001343,-0.023472,-0.007945,-0.027266,-0.004257,0.004774,-0.001623,0.006082
0.083790,-0.004629,0.119740,-0.005488,0.190681,0.024364,0.446154,0.908071,0.022367,0.229189,0.197244,0.003558,0.206463,0.016768,0.115195,0.314340,0.000469,-0.003746,-0.000263,0.003949,0.001877,0.004334,0.237599,0.029052,0.021856,0.018293,0.026886,0.000863,0.013324,0.415199,0.103820,0.001836,0.299684,0.099934,-0.023287,0.200291,-0.008007,0.015418,0.212131,0.008071,0.062332
-0.010568,0.049020,-0.009943,-0.001033,-0.021832,0.002220,-0.144738,-0.498927,0.030801,0.081474,-0.080441,-0.003437,0.016768,0.178843,-0.001120,0.085935,-0.001362,0.001447,0.001736,0.000592,-0.000537,-0.001152,-0.185302,-0.002229,-0.009940,-0.006911,-0.007239,0.000358,-0.000452,0.137409,0.055358,-0.005044,-0.088034,-0.019578,-0.006684,0.039005,-0.005910,-0.021913,-0.010259,-0.002373,0.008500
0.060003,0.012377,0.027176,-0.001020,0.096518,0.024328,0.180793,0.390791,0.046871,0.125100,0.150893,-0.000741,0.115195,-0.001120,0.216235,0.165934,0.001629,-0.001525,0.003896,0.002472,0.002160,-0.001117,0.184115,0.001949,-0.004993,0.016184,0.019693,0.002148,-0.000925,0.395716,0.032164,0.016010,0.126757,0.082493,0.001716,0.046144,0.006535,0.018801,0.064460,0.005048,0.030586
0.389503,-0.130474,0.031592,-0.005660,-0.153176,-0.022203,0.126262,0.515727,0.181172,1.258040,0.325767,-0.039087,0.314340,0.085935,0.165934,6.029314,0.005121,-0.003883,0.002439,0.050834,0.012337,0.000008,0.228397,-0.006435,-0.051677,0.002172,0.055287,-0.004184,-0.012984,2.907117,0.136009,-0.003875,0.240540,-0.050548,0.016781,-0.038705,0.127323,0.026928,0.169691,0.061254,-0.023532
0.000772,0.003124,0.004839,0.000150,-0.000822,0.000504,-0.000448,-0.014356,-0.000525,0.005566,0.002358,-0.000791,0.000469,-0.001362,0.001629,0.005121,0.000865,0.000019,0.000073,0.000212,0.000594,-0.000125,-0.001615,-0.000013,0.000764,-0.000058,0.000595,0.000147,0.000157,0.023442,-0.002785,0.001130,0.002299,0.002048,0.002307,0.000401,0.003653,0.001663,0.000267,0.000742,0.002222
-0.002999,0.004110,-0.004203,0.000396,-0.000394,-0.000366,-0.014947,-0.062222,0.002455,0.000541,0.002362,-0.000352,-0.003746,0.001447,-0.001525,-0.003883,0.000019,0.000435,0.000042,0.000030,-0.000122,-0.000333,-0.014013,-0.000547,-0.001273,-0.001339,-0.000888,0.000080,-0.000229,-0.002395,0.001016,0.000029,-0.008523,-0.001910,0.001732,-0.003448,0.001238,0.002162,-0.005674,-0.000137,0.003942
0.002205,0.001239,-0.000918,0.002190,0.003879,-0.000786,-0.009187,-0.030645,0.010624,0.004835,0.019821,-0.001459,-0.000263,0.001736,0.003896,0.002439,0.000073,0.000042,0.008961,0.000392,-0.000971,-0.000039,-0.009329,-0.000353,0.000091,-0.001760,0.000645,-0.000059,0.000165,0.069245,-0.000117,0.005784,-0.003314,0.011390,0.003942,-0.002356,0.000860,0.003990,-0.001296,0.000395,0.000018
0.019138,0.007926,-0.018876,0.001233,0.009355,-0.002426,0.023453,0.067724,0.000272,0.028372,0.051948,0.001254,0.003949,0.000592,0.002472,0.050834,0.000212,0.000030,0.000392,0.032394,0.000272,-0.000093,-0.002622,-0.000003,0.001702,-0.000062,0.000290,-0.000108,-0.000425,0.321772,-0.002037,0.000799,0.036307,0.027369,-0.008629,0.005732,0.012362,0.020397,0.000908,0.002223,0.010269
0.001713,0.006435,0.014272,-0.000073,0.000043,0.004416,0.006365,0.027340,0.015184,-0.004973,-0.005442,0.000095,0.001877,-0.000537,0.002160,0.012337,0.000594,-0.000122,-0.000971,0.000272,0.011761,-0.000520,0.005190,0.000401,0.000329,0.000899,0.000357,-0.000328,0.000268,-0.012944,-0.000221,0.000144,0.001216,0.044288,-0.002771,0.001620,0.007435,-0.001050,0.001278,-0.000161,0.005625
0.002941,-0.001943,0.004833,-0.000600,0.002591,-0.000372,0.019816,0.080397,-0.006132,-0.009774,0.004046,0.000725,0.004334,-0.001152,-0.001117,0.000008,-0.000125,-0.000333,-0.000039,-0.000093,-0.000520,0.002610,0.011750,0.001541,0.002995,0.001059,0.000741,-0.000090,0.000835,-0.010570,-0.004501,-0.000835,0.013266,0.000961,-0.000955,0.007540,-0.001702,0.000920,0.007589,-0.000026,0.003336
0.244862,-0.506077,0.041489,0.003280,0.352290,0.172197,1.380645,4.751368,-0.096884,-0.200571,0.440285,0.054637,0.237599,-0.185302,0.184115,0.228397,-0.001615,-0.014013,-0.009329,-0.002622,0.005190,0.011750,1.741089,0.018782,0.067990,0.184099,0.061060,-0.008682,0.000747,0.467839,-0.041796,0.019600,0.860409,0.172923,0.004738,0.129581,-0.074699,0.114698,0.249053,0.011950,-0.048568
-0.013382,0.011082,0.020514,-0.001265,0.011652,0.000641,0.058131,-0.250453,-0.011051,-0.003571,-0.016868,-0.000267,0.029052,-0.002229,0.001949,-0.006435,-0.000013,-0.000547,-0.000353,-0.000003,0.000401,0.001541,0.018782,0.017956,0.007863,0.000511,0.003248,0.001281,0.009318,-0.037422,0.005336,-0.001078,0.052085,0.011184,-0.004410,0.047919,-0.001741,-0.011906,0.063330,-0.000621,0.028916
0.008815,-0.016571,0.080668,0.002151,-0.022577,-0.003700,0.178671,0.344542,-0.035121,-0.068872,0.042543,0.007567,0.021856,-0.009940,-0.004993,-0.051677,0.000764,-0.001273,0.000091,0.001702,0.000329,0.002995,0.067990,0.007863,0.063452,0.000189,0.005242,0.000480,0.005131,-0.085699,-0.022944,-0.003022,0.146941,-0.020923,-0.009116,0.021967,0.000137,0.018331,0.040614,0.001792,0.056568
0.020118,-0.027439,-0.010823,-0.001688,0.001725,0.019179,0.109772,0.508721,-0.001336,0.001478,0.061231,-0.001147,0.018293,-0.006911,0.016184,0.002172,-0.000058,-0.001339,-0.001760,-0.000062,0.000899,0.001059,0.184099,0.000511,0.000189,0.047099,0.001134,-0.000858,-0.001211,-0.061866,0.011236,-0.000631,0.046847,0.062290,0.006482,-0.000428,-0.005316,0.033641,0.025322,0.000359,-0.013234
0.021944,-0.008629,0.016290,-0.000842,0.032256,0.003838,0.082666,0.286651,0.008281,0.035445,0.054639,0.003202,0.026886,-0.007239,0.019693,0.055287,0.000595,-0.000888,0.000645,0.000290,0.000357,0.000741,0.061060,0.003248,0.005242,0.001134,0.018322,-0.002842,0.000612,0.115314,-0.003334,0.010747,0.062571,0.021793,0.003480,0.024453,-0.000778,0.012198,0.027517,0.004164,0.008870
-0.006898,0.001797,0.004249,-0.000132,-0.002245,-0.000943,-0.009818,-0.147129,-0.008618,-0.004704,-0.009001,-0.000369,0.000863,0.000358,0.002148,-0.004184,0.000147,0.000080,-0.000059,-0.000108,-0.000328,-0.000090,-0.008682,0.001281,0.000480,-0.000858,-0.002842,0.006755,0.001740,-0.004911,-0.000426,-0.000080,-0.002468,-0.001954,-0.003026,0.006044,-0.000058,-0.002726,0.000151,-0.000208,0.001869
-0.016004,0.000641,0.018448,-0.000300,-0.000828,-0.001020,0.024803,-0.293293,-0.010338,-0.011784,-0.019985,-0.001800,0.013324,-0.000452,-0.000925,-0.012984,0.000157,-0.000229,0.000165,-0.000425,0.000268,0.000835,0.000747,0.009318,0.005131,-0.001211,0.000612,0.001740,0.010794,-0.055522,-0.000861,-0.002240,0.027277,-0.003444,0.000360,0.035038,-0.000490,-0.008842,0.017938,-0.000831,0.007639
1.938569,0.394806,-0.201184,0.017059,0.639102,-0.042308,0.863011,1.661276,0.061852,2.238879,1.806469,-0.321962,0.415199,0.137409,0.395716,2.907117,0.023442,-0.002395,0.069245,0.321772,-0.012944,-0.010570,0.467839,-0.037422,-0.085699,-0.061866,0.115314,-0.004911,-0.055522,39.380277,0.287653,0.244579,1.423528,0.915214,0.163791,0.338224,0.958362,0.869934,0.400827,0.311245,0.025561
0.010497,0.014913,-0.042863,-0.004704,0.272251,-0.005336,0.180154,-0.253361,0.027455,0.182859,0.507584,-0.005301,0.103820,0.055358,0.032164,0.136009,-0.002785,0.001016,-0.000117,-0.002037,-0.000221,-0.004501,-0.041796,0.005336,-0.022944,0.011236,-0.003334,-0.000426,-0.000861,0.287653,0.831646,-0.011363,0.110153,0.262090,-0.011983,-0.018311,-0.065926,0.127084,0.074321,-0.000004,-0.018833
0.013383,-0.013411,0.003027,-0.000282,0.002408,0.004974,-0.029517,0.038871,0.004583,0.019885,0.000190,0.001580,0.001836,-0.005044,0.016010,-0.003875,0.001130,0.000029,0.005784,0.000799,0.000144,-0.000835,0.019600,-0.001078,-0.003022,-0.000631,0.010747,-0.000080,-0.002240,0.244579,-0.011363,0.076812,-0.010671,0.007527,-0.004836,-0.006583,0.001620,-0.001839,0.001664,0.001467,0.001922
0.196260,-0.195475,0.115284,0.007779,0.681560,-0.019128,1.786272,2.947047,-0.156905,0.250744,1.171926,0.011487,0.299684,-0.088034,0.126757,0.240540,0.002299,-0.008523,-0.003314,0.036307,0.001216,0.013266,0.860409,0.052085,0.146941,0.046847,0.062571,-0.002468,0.027277,1.423528,0.110153,-0.010671,1.446084,0.416053,0.078098,0.137752,0.077336,0.254193,0.306213,0.015180,0.101377
0.044367,0.124292,-0.059677,-0.004941,0.559583,0.018098,0.473629,0.633375,0.033180,0.081221,1.769237,-0.001343,0.099934,-0.019578,0.082493,-0.050548,0.002048,-0.001910,0.011390,0.027369,0.044288,0.000961,0.172923,0.011184,-0.020923,0.062290,0.021793,-0.001954,-0.003444,0.915214,0.262090,0.007527,0.416053,1.788113,0.032927,-0.017976,0.075920,0.472159,0.145375,-0.006417,-0.005518
-0.027498,-0.016178,0.014362,0.004786,0.052053,-0.009051,0.042856,-0.544015,-0.006325,0.019382,0.207204,-0.023472,-0.023287,-0.006684,0.001716,0.016781,0.002307,0.001732,0.003942,-0.008629,-0.002771,-0.000955,0.004738,-0.004410,-0.009116,0.006482,0.003480,-0.003026,0.000360,0.163791,-0.011983,-0.004836,0.078098,0.032927,0.412063,-0.026908,0.042191,0.085784,-0.004490,0.009647,-0.004388
0.030756,0.026108,0.213338,0.008522,0.104955,0.016279,0.168078,-0.109983,-0.007837,0.014465,0.015970,-0.007945,0.200291,0.039005,0.046144,-0.038705,0.000401,-0.003448,-0.002356,0.005732,0.001620,0.007540,0.129581,0.047919,0.021967,-0.000428,0.024453,0.006044,0.035038,0.338224,-0.018311,-0.006583,0.137752,-0.017976,-0.026908,0.607570,-0.022764,0.072388,0.172369,-0.002998,0.051173
0.040069,0.091253,0.043317,0.002998,0.011720,0.004236,0.026704,-0.134977,-0.025354,0.196937,0.215191,-0.027266,-0.008007,-0.005910,0.006535,0.127323,0.003653,0.001238,0.000860,0.012362,0.007435,-0.001702,-0.074699,-0.001741,0.000137,-0.005316,-0.000778,-0.000058,-0.000490,0.958362,-0.065926,0.001620,0.077336,0.075920,0.042191,-0.022764,0.137941,0.084418,-0.020801,0.005781,0.021777
0.055058,0.034593,-0.017023,0.020622,0.467866,0.020273,0.211015,0.531559,-0.025026,0.043367,1.564813,-0.004257,0.015418,-0.021913,0.018801,0.026928,0.001663,0.002162,0.003990,0.020397,-0.001050,0.000920,0.114698,-0.011906,0.018331,0.033641,0.012198,-0.002726,-0.008842,0.869934,0.127084,-0.001839,0.254193,0.472159,0.085784,0.072388,0.084418,0.620678,0.041937,0.005029,0.020542
0.053383,0.037054,0.100596,-0.008864,0.159494,0.005451,0.412847,0.771214,0.011876,0.196218,0.264472,0.004774,0.212131,-0.010259,0.064460,0.169691,0.000267,-0.005674,-0.001296,0.000908,0.001278,0.007589,0.249053,0.063330,0.040614,0.025322,0.027517,0.000151,0.017938,0.400827,0.074321,0.001664,0.306213,0.145375,-0.004490,0.172369,-0.020801,0.041937,0.524136,0.010096,0.054964
0.019666,-0.002523,0.011002,0.000583,-0.005949,-0.001252,0.025168,0.075266,0.009939,0.030636,0.010597,-0.001623,0.008071,-0.002373,0.005048,0.061254,0.000742,-0.000137,0.000395,0.002223,-0.000161,-0.000026,0.011950,-0.000621,0.001792,0.000359,0.004164,-0.000208,-0.000831,0.311245,-0.000004,0.001467,0.015180,-0.006417,0.009647,-0.002998,0.005781,0.005029,0.010096,0.023834,-0.000161
0.009141,0.130546,0.118917,-0.006452,0.007197,0.016714,0.060882,-0.132909,-0.049089,-0.078853,-0.053275,0.006082,0.062332,0.008500,0.030586,-0.023532,0.002222,0.003942,0.000018,0.010269,0.005625,0.003336,-0.048568,0.028916,0.056568,-0.013234,0.008870,0.001869,0.007639,0.025561,-0.018833,0.001922,0.101377,-0.005518,-0.004388,0.051173,0.021777,0.020542,0.054964,-0.000161,0.557644
