0.202437,0.038941,0.107694,-0.003006,0.062841,0.041512,0.395732,1.409511,0.086148,0.084894,0.041449,-0.031969,0.056709,-0.011203,0.126400,0.295303,0.001678,-0.001084,0.000000,0.025194,0.007346,0.010924,0.173997,0.010383,0.004191,0.005852,0.072315,0.001066,0.006459,0.461776,0.008333,0.018191,0.161139,0.152096,-0.010799,0.056108,0.006543,-0.020054,0.169174,0.002406,0.013647
0.038941,0.385399,-0.089769,-0.003374,-0.056864,-0.000929,-0.235300,-1.016291,0.086349,0.037907,0.047081,-0.017663,-0.000964,0.066089,-0.016935,-0.105762,0.003502,0.000089,0.000000,0.020008,0.012271,-0.006827,-0.177069,0.007703,-0.014066,-0.009261,-0.015025,0.004343,-0.001144,0.150138,-0.008881,-0.015785,-0.166100,0.057753,0.016707,-0.004614,0.031437,0.009546,0.026119,-0.004594,0.049965
0.107694,-0.089769,1.049378,-0.001544,-0.028203,0.043376,0.668130,1.188188,-0.117220,-0.043289,-0.040220,-0.028896,0.062471,-0.036331,0.063347,0.070327,0.005948,-0.001726,0.000000,-0.010458,0.019429,0.051480,0.027964,0.074103,0.166191,0.004207,0.035111,0.005502,0.033100,-0.488754,-0.095678,0.084734,0.503233,-0.152087,-0.085773,0.329220,0.020304,0.006486,0.550375,-0.001854,0.343677
-0.003006,-0.003374,-0.001544,0.012811,-0.000582,-0.000605,-0.001309,-0.004487,-0.000430,0.003620,0.011913,0.000678,-0.002116,-0.003525,-0.000066,-0.004411,0.000039,0.000240,0.000000,0.001086,-0.000461,-0.000671,0.005946,0.000239,0.000945,-0.000072,-0.002008,-0.000127,0.000840,-0.005620,-0.002452,-0.000463,0.012957,0.002008,-0.000255,-0.000301,0.001434,0.033131,-0.015111,-0.000062,0.000286
0.062841,-0.056864,-0.028203,-0.000582,1.138347,0.014497,0.183739,0.943926,-0.047394,-0.003123,0.244352,-0.001702,0.020828,-0.030765,0.062007,-0.164366,0.001311,0.000568,0.000000,0.015514,-0.001654,0.004458,0.061191,0.007273,-0.037162,0.009375,0.027867,0.000129,0.003173,0.591749,0.135126,0.000336,0.131660,0.874289,0.053709,0.047354,0.017971,0.289868,0.104440,-0.002567,0.009335
0.041512,-0.000929,0.043376,-0.000605,0.014497,0.081906,0.002476,0.105181,0.058110,-0.007158,-0.006562,-0.008768,0.003201,-0.003686,0.020986,0.002549,0.000511,-0.000034,0.000000,-0.002349,0.002668,0.000896,0.053194,0.002346,0.002410,-0.000576,0.016315,-0.000206,-0.000868,-0.013615,-0.006301,0.021360,-0.004231,-0.038838,0.005484,0.006991,-0.000255,-0.017676,0.018191,0.000203,0.020824
0.395732,-0.235300,0.668130,-0.001309,0.183739,0.002476,2.649106,7.862971,-0.169076,-0.102271,0.058096,-0.020411,0.154595,-0.120307,0.215897,-0.122303,0.002083,-0.004344,0.000000,0.071550,0.012712,0.077167,0.286195,0.065384,0.137060,0.033208,0.186145,0.000561,0.045628,0.861837,-0.070936,-0.020249,1.346625,0.500185,-0.012473,0.243731,0.013224,0.049127,0.472301,0.003793,0.136954
1.409511,-1.016291,1.188188,-0.004487,0.943926,0.105181,7.862971,34.713581,-0.469132,-0.154631,0.826958,0.112251,0.403131,-0.599899,0.624906,-0.046156,-0.003009,-0.016046,0.000000,0.165302,0.037585,0.266909,1.937825,0.130956,0.261851,0.113112,0.695112,-0.022219,0.112487,0.779480,-0.228495,0.025562,2.963321,1.172361,-0.322911,0.457433,-0.041480,0.117400,1.472434,0.018351,0.199386
0.086148,0.086349,-0.117220,-0.000430,-0.047394,0.058110,-0.169076,-0.469132,0.938933,0.144508,-0.068769,0.001877,0.009658,0.033723,0.048014,0.180176,-0.001607,0.000394,0.000000,0.042651,-0.001029,-0.014115,-0.019845,-0.003482,-0.017418,-0.002788,0.015859,0.002112,-0.003541,-0.211081,0.053091,0.002946,-0.038729,0.009381,-0.015731,-0.055611,-0.020738,-0.082376,0.033292,0.012219,-0.017047
0.084894,0.037907,-0.043289,0.003620,-0.003123,-0.007158,-0.102271,-0.154631,0.144508,0.966966,0.027495,-0.060063,0.048136,0.090923,0.038175,0.709220,0.001387,0.000147,0.000000,0.052983,-0.001385,-0.020079,-0.090584,-0.004255,-0.024566,0.001334,0.013037,-0.000719,0.005475,1.347965,0.093734,-0.008960,0.108084,-0.020625,0.005280,-0.000884,0.055751,0.041541,0.099855,0.004466,-0.024428
0.041449,0.047081,-0.040220,0.011913,0.244352,-0.006562,0.058096,0.826958,-0.068769,0.027495,1.909101,0.002126,0.008267,-0.071084,0.061600,0.240014,-0.000592,0.001095,0.000000,0.023123,-0.000288,0.001811,0.035363,0.013310,-0.033656,-0.009431,0.026393,0.000916,0.005329,0.768524,0.043592,-0.011078,0.113480,1.075400,0.014676,0.026673,0.040447,0.334792,0.144469,-0.004372,-0.020462
-0.031969,-0.017663,-0.028896,0.000678,-0.001702,-0.008768,-0.020411,0.112251,0.001877,-0.060063,0.002126,0.204979,-0.001777,-0.024109,-0.010046,-0.120739,-0.001342,-0.000047,0.000000,-0.018672,-0.009441,0.004514,0.012144,-0.000181,0.002344,0.002911,-0.003914,-0.000270,-0.001479,-0.889840,-0.015318,-0.015020,0.017786,0.009062,-0.018306,-0.006688,-0.021978,-0.018438,-0.039807,-0.002346,0.007013
0.056709,-0.000964,0.062471,-0.002116,0.020828,0.003201,0.154595,0.403131,0.009658,0.048136,0.008267,-0.001777,0.078998,0.005458,0.029455,0.039718,0.000616,-0.000313,0.000000,0.005530,0.002800,0.005443,0.027381,0.008753,0.009749,0.003523,0.020056,0.001531,0.002105,0.201786,0.014647,0.003211,0.048151,0.051850,-0.002459,0.049451,-0.000588,0.006840,0.080384,0.003271,0.021411
-0.011203,0.066089,-0.036331,-0.003525,-0.030765,-0.003686,-0.120307,-0.599899,0.033723,0.090923,-0.071084,-0.024109,0.005458,0.193261,-0.003831,0.106866,0.000141,0.000541,0.000000,0.001252,0.010240,-0.006089,-0.050298,-0.003984,-0.006334,-0.001484,-0.009717,0.000656,-0.008677,0.151686,0.058375,-0.005501,-0.037922,-0.103345,-0.003525,0.008418,-0.004380,-0.072330,-0.001641,-0.003132,0.013241
0.126400,-0.016935,0.063347,-0.000066,0.062007,0.020986,0.215897,0.624906,0.048014,0.038175,0.061600,-0.010046,0.029455,-0.003831,0.218304,0.139867,0.001125,-0.000498,0.000000,0.011856,0.000432,-0.001525,0.088809,-0.002434,-0.003795,0.003838,0.042681,0.005414,0.001025,0.485811,0.034415,0.011874,0.090679,0.114606,0.003356,0.016216,-0.001367,0.030181,0.064656,0.000142,0.001626
0.295303,-0.105762,0.070327,-0.004411,-0.164366,0.002549,-0.122303,-0.046156,0.180176,0.709220,0.240014,-0.120739,0.039718,0.106866,0.139867,6.092901,-0.001124,0.000232,0.000000,0.163776,-0.003709,-0.019499,0.042668,-0.016176,-0.087911,0.047467,0.090808,-0.001937,-0.011303,2.826059,0.127352,0.002411,0.061190,-0.141752,-0.003081,0.000420,0.044353,0.076807,0.104408,0.021090,0.011533
0.001678,0.003502,0.005948,0.000039,0.001311,0.000511,0.002083,-0.003009,-0.001607,0.001387,-0.000592,-0.001342,0.000616,0.000141,0.001125,-0.001124,0.000664,0.000013,0.000000,0.000308,0.000232,-0.000003,0.000573,0.000286,0.001215,-0.000156,0.000605,0.000167,-0.000026,0.009692,-0.000927,0.001400,0.002280,-0.000412,0.000514,0.002294,0.002092,0.000475,0.002950,-0.000481,0.002663
-0.001084,0.000089,-0.001726,0.000240,0.000568,-0.000034,-0.004344,-0.016046,0.000394,0.000147,0.001095,-0.000047,-0.000313,0.000541,-0.000498,0.000232,0.000013,0.000218,0.000000,0.000040,-0.000080,-0.000320,-0.000982,-0.000280,-0.000141,-0.000068,-0.000605,0.000004,-0.000162,0.000210,0.000430,-0.000036,-0.001588,0.000369,0.000058,-0.001102,0.000623,0.000381,-0.002262,-0.000039,-0.000569
0.000000,0.000000,0.000000,0.000000,0.000000,0.000000,0.000000,0.000000,0.000000,0.000000,0.000000,0.000000,0.000000,0.000000,0.000000,0.000000,0.000000,0.000000,0.000000,0.000000,0.000000,0.000000,0.000000,0.000000,0.000000,0.000000,0.000000,0.000000,0.000000,0.000000,0.000000,0.000000,0.000000,0.000000,0.000000,0.000000,0.000000,0.000000,0.000000,0.000000,0.000000
0.025194,0.020008,-0.010458,0.001086,0.015514,-0.002349,0.071550,0.165302,0.042651,0.052983,0.023123,-0.018672,0.005530,0.001252,0.011856,0.163776,0.000308,0.000040,0.000000,0.054938,-0.000525,-0.000496,-0.013179,-0.001710,-0.000938,0.000128,0.008261,0.000163,0.001244,0.811306,0.000601,-0.002591,0.059298,0.111447,-0.009434,0.002510,0.007548,0.032643,0.006632,0.001036,0.013203
0.007346,0.012271,0.019429,-0.000461,-0.001654,0.002668,0.012712,0.037585,-0.001029,-0.001385,-0.000288,-0.009441,0.002800,0.010240,0.000432,-0.003709,0.000232,-0.000080,0.000000,-0.000525,0.004091,0.001087,0.006337,0.001863,0.003222,0.000182,0.002470,0.000110,0.000202,-0.052466,0.001245,0.000734,0.000261,0.004239,-0.000934,0.002785,-0.000513,-0.000145,0.012582,-0.000321,0.018332
0.010924,-0.006827,0.051480,-0.000671,0.004458,0.000896,0.077167,0.266909,-0.014115,-0.020079,0.001811,0.004514,0.005443,-0.006089,-0.001525,-0.019499,-0.000003,-0.000320,0.000000,-0.000496,0.001087,0.006987,0.020449,0.006758,0.008151,0.001133,0.005435,0.000250,0.002954,-0.044422,-0.009001,-0.000928,0.032652,0.011549,-0.009332,0.033927,-0.004335,0.000324,0.049760,-0.000150,0.013556
0.173997,-0.177069,0.027964,0.005946,0.061191,0.053194,0.286195,1.937825,-0.019845,-0.090584,0.035363,0.012144,0.027381,-0.050298,0.088809,0.042668,0.000573,-0.000982,0.000000,-0.013179,0.006337,0.020449,0.802229,0.001016,0.033756,0.006238,0.081516,0.001466,-0.002072,-0.243981,-0.055834,0.009193,0.074066,0.164541,-0.006096,0.051961,-0.016561,0.046878,0.095388,-0.000542,-0.011477
0.010383,0.007703,0.074103,0.000239,0.007273,0.002346,0.065384,0.130956,-0.003482,-0.004255,0.013310,-0.000181,0.008753,-0.003984,-0.002434,-0.016176,0.000286,-0.000280,0.000000,-0.001710,0.001863,0.006758,0.001016,0.022817,0.003102,0.000241,0.005077,0.000512,0.014564,-0.113510,-0.004538,-0.000691,0.044867,-0.012816,-0.010339,0.053747,0.001985,-0.004221,0.086780,-0.000111,0.025871
0.004191,-0.014066,0.166191,0.000945,-0.037162,0.002410,0.137060,0.261851,-0.017418,-0.024566,-0.033656,0.002344,0.009749,-0.006334,-0.003795,-0.087911,0.001215,-0.000141,0.000000,-0.000938,0.003222,0.008151,0.033756,0.003102,0.068001,-0.001173,0.000139,0.000863,-0.000624,-0.174637,-0.025831,0.007696,0.073676,-0.065629,-0.009839,0.030878,0.007694,-0.007090,0.035522,-0.000907,0.072715
0.005852,-0.009261,0.004207,-0.000072,0.009375,-0.000576,0.033208,0.113112,-0.002788,0.001334,-0.009431,0.002911,0.003523,-0.001484,0.003838,0.047467,-0.000156,-0.000068,0.000000,0.000128,0.000182,0.001133,0.006238,0.000241,-0.001173,0.007597,0.002742,-0.000029,0.000144,-0.093783,0.021160,-0.000228,0.008992,0.059362,0.002755,0.006693,-0.000535,0.020722,0.009243,0.000068,-0.001254
0.072315,-0.015025,0.035111,-0.002008,0.027867,0.016315,0.186145,0.695112,0.015859,0.013037,0.026393,-0.003914,0.020056,-0.009717,0.042681,0.090808,0.000605,-0.000605,0.000000,0.008261,0.002470,0.005435,0.081516,0.005077,0.000139,0.002742,0.034756,-0.000724,0.003166,0.093367,-0.000984,0.007712,0.081619,0.062217,0.006679,0.023100,-0.002110,-0.004224,0.058469,-0.000489,0.007002
0.001066,0.004343,0.005502,-0.000127,0.000129,-0.000206,0.000561,-0.022219,0.002112,-0.000719,0.000916,-0.000270,0.001531,0.000656,0.005414,-0.001937,0.000167,0.000004,0.000000,0.000163,0.000110,0.000250,0.001466,0.000512,0.000863,-0.000029,-0.000724,0.005387,-0.000277,0.017783,-0.000083,0.000051,0.001145,0.004782,-0.002264,0.006950,-0.000700,-0.000151,0.005113,0.000070,0.001547
0.006459,-0.001144,0.033100,0.000840,0.003173,-0.000868,0.045628,0.112487,-0.003541,0.005475,0.005329,-0.001479,0.002105,-0.008677,0.001025,-0.011303,-0.000026,-0.000162,0.000000,0.001244,0.000202,0.002954,-0.002072,0.014564,-0.000624,0.000144,0.003166,-0.000277,0.013961,-0.029735,-0.000793,-0.000620,0.034599,-0.005563,-0.003416,0.013471,0.000788,-0.002390,0.040227,0.000115,0.005528
0.461776,0.150138,-0.488754,-0.005620,0.591749,-0.013615,0.861837,0.779480,-0.211081,1.347965,0.768524,-0.889840,0.201786,0.151686,0.485811,2.826059,0.009692,0.000210,0.000000,0.811306,-0.052466,-0.044422,-0.243981,-0.113510,-0.174637,-0.093783,0.093367,0.017783,-0.029735,37.136499,0.279592,0.108959,0.778035,1.590181,0.010469,0.124384,0.223112,0.685741,0.342323,0.082826,-0.027643
0.008333,-0.008881,-0.095678,-0.002452,0.135126,-0.006301,-0.070936,-0.228495,0.053091,0.093734,0.043592,-0.015318,0.014647,0.058375,0.034415,0.127352,-0.000927,0.000430,0.000000,0.000601,0.001245,-0.009001,-0.055834,-0.004538,-0.025831,0.021160,-0.000984,-0.000083,-0.000793,0.279592,0.689201,-0.008051,0.009874,0.334025,-0.023362,0.012178,-0.017416,0.081803,0.035058,0.000678,-0.016907
0.018191,-0.015785,0.084734,-0.000463,0.000336,0.021360,-0.020249,0.025562,0.002946,-0.008960,-0.011078,-0.015020,0.003211,-0.005501,0.011874,0.002411,0.001400,-0.000036,0.000000,-0.002591,0.000734,-0.000928,0.009193,-0.000691,0.007696,-0.000228,0.007712,0.000051,-0.000620,0.108959,-0.008051,0.091005,-0.011401,-0.013780,0.003042,-0.004589,-0.000227,-0.003634,0.012376,0.000617,0.005245
0.161139,-0.166100,0.503233,0.012957,0.131660,-0.004231,1.346625,2.963321,-0.038729,0.108084,0.113480,0.017786,0.048151,-0.037922,0.090679,0.061190,0.002280,-0.001588,0.000000,0.059298,0.000261,0.032652,0.074066,0.044867,0.073676,0.008992,0.081619,0.001145,0.034599,0.778035,0.009874,-0.011401,1.064682,0.190939,0.023713,0.175089,0.016695,0.059826,0.221992,-0.000565,0.099085
0.152096,0.057753,-0.152087,0.002008,0.874289,-0.038838,0.500185,1.172361,0.009381,-0.020625,1.075400,0.009062,0.051850,-0.103345,0.114606,-0.141752,-0.000412,0.000369,0.000000,0.111447,0.004239,0.011549,0.164541,-0.012816,-0.065629,0.059362,0.062217,0.004782,-0.005563,1.590181,0.334025,-0.013780,0.190939,2.689236,0.136215,0.059064,0.007964,0.840964,0.209788,-0.004031,0.000943
-0.010799,0.016707,-0.085773,-0.000255,0.053709,0.005484,-0.012473,-0.322911,-0.015731,0.005280,0.014676,-0.018306,-0.002459,-0.003525,0.003356,-0.003081,0.000514,0.000058,0.000000,-0.009434,-0.000934,-0.009332,-0.006096,-0.010339,-0.009839,0.002755,0.006679,-0.002264,-0.003416,0.010469,-0.023362,0.003042,0.023713,0.136215,0.372623,-0.001514,0.004682,0.084726,-0.036135,0.000560,-0.007833
0.056108,-0.004614,0.329220,-0.000301,0.047354,0.006991,0.243731,0.457433,-0.055611,-0.000884,0.026673,-0.006688,0.049451,0.008418,0.016216,0.000420,0.002294,-0.001102,0.000000,0.002510,0.002785,0.033927,0.051961,0.053747,0.030878,0.006693,0.023100,0.006950,0.013471,0.124384,0.012178,-0.004589,0.175089,0.059064,-0.001514,0.480910,0.003649,0.013637,0.445428,-0.001105,0.064834
0.006543,0.031437,0.020304,0.001434,0.017971,-0.000255,0.013224,-0.041480,-0.020738,0.055751,0.040447,-0.021978,-0.000588,-0.004380,-0.001367,0.044353,0.002092,0.000623,0.000000,0.007548,-0.000513,-0.004335,-0.016561,0.001985,0.007694,-0.000535,-0.002110,-0.000700,0.000788,0.223112,-0.017416,-0.000227,0.016695,0.007964,0.004682,0.003649,0.096343,0.018614,0.010626,-0.000444,0.005441
-0.020054,0.009546,0.006486,0.033131,0.289868,-0.017676,0.049127,0.117400,-0.082376,0.041541,0.334792,-0.018438,0.006840,-0.072330,0.030181,0.076807,0.000475,0.000381,0.000000,0.032643,-0.000145,0.000324,0.046878,-0.004221,-0.007090,0.020722,-0.004224,-0.000151,-0.002390,0.685741,0.081803,-0.003634,0.059826,0.840964,0.084726,0.013637,0.018614,0.612348,-0.009706,0.002110,0.033011
0.169174,0.026119,0.550375,-0.015111,0.104440,0.018191,0.472301,1.472434,0.033292,0.099855,0.144469,-0.039807,0.080384,-0.001641,0.064656,0.104408,0.002950,-0.002262,0.000000,0.006632,0.012582,0.049760,0.095388,0.086780,0.035522,0.009243,0.058469,0.005113,0.040227,0.342323,0.035058,0.012376,0.221992,0.209788,-0.036135,0.445428,0.010626,-0.009706,0.722998,-0.001361,0.102126
0.002406,-0.004594,-0.001854,-0.000062,-0.002567,0.000203,0.003793,0.018351,0.012219,0.004466,-0.004372,-0.002346,0.003271,-0.003132,0.000142,0.021090,-0.000481,-0.000039,0.000000,0.001036,-0.000321,-0.000150,-0.000542,-0.000111,-0.000907,0.000068,-0.000489,0.000070,0.000115,0.082826,0.000678,0.000617,-0.000565,-0.004031,0.000560,-0.001105,-0.000444,0.002110,-0.001361,0.016907,-0.001367
0.013647,0.049965,0.343677,0.000286,0.009335,0.020824,0.136954,0.199386,-0.017047,-0.024428,-0.020462,0.007013,0.021411,0.013241,0.001626,0.011533,0.002663,-0.000569,0.000000,0.013203,0.018332,0.013556,-0.011477,0.025871,0.072715,-0.001254,0.007002,0.001547,0.005528,-0.027643,-0.016907,0.005245,0.099085,0.000943,-0.007833,0.064834,0.005441,0.033011,0.102126,-0.001367,0.370051
