0.002319,0.000140,0.000386,-0.000129,0.000042,0.000126,0.001265,0.001052,0.000141,0.000233,0.000132,-0.000316,0.001403,-0.000631,0.001368,0.000120,0.000399,-0.000350,0.000039,0.000199,0.000143,0.001056,0.000099,0.000013,0.000291,0.000227,0.002062,-0.000071,-0.000017,0.000200,0.000044,0.000314,0.001245,0.000210,0.000268,0.000372,-0.000098,-0.000115,0.000419,-0.000170,0.000028
0.000140,0.004394,-0.000381,-0.000228,-0.000102,0.000069,-0.000257,-0.000572,0.000256,0.000335,-0.000286,-0.000404,0.000043,0.002249,0.000165,-0.000445,0.001974,0.000415,-0.000327,0.000449,-0.000737,-0.000301,-0.000147,0.000440,-0.000692,-0.000331,-0.000006,0.000391,0.000137,0.000850,-0.000197,-0.000082,-0.000763,0.000262,0.000262,0.000014,0.001271,-0.000054,0.000023,-0.000052,0.000314
0.000386,-0.000381,0.004843,0.000388,0.000026,0.000283,0.000519,0.001260,-0.000395,-0.000132,-0.000235,-0.000276,0.001782,-0.001590,0.000962,0.000525,0.001814,-0.000756,-0.000505,-0.000017,0.000663,0.002162,0.000065,-0.000456,0.002036,0.000007,0.000861,0.000317,0.000981,-0.000673,0.000011,0.000456,0.001777,-0.000580,-0.000535,0.000706,0.000080,-0.000329,0.000945,-0.000213,0.000681
-0.000129,-0.000228,0.000388,0.001888,-0.000034,-0.000007,-0.000267,-0.000586,-0.000004,-0.000149,0.000614,0.000061,-0.000791,-0.000419,-0.000258,-0.000075,0.000120,0.000301,0.000117,-0.000032,-0.000193,-0.000295,0.000002,0.000006,-0.000073,-0.000049,-0.000321,-0.000105,-0.000048,0.000272,-0.000114,-0.000312,0.000213,0.000237,0.000133,-0.000170,0.000199,0.000665,-0.000205,-0.000006,-0.000037
0.000042,-0.000102,0.000026,-0.000034,0.001472,0.000059,0.001430,0.000757,-0.000006,0.000158,0.001307,-0.000151,0.000930,-0.000609,0.000574,-0.000089,0.000184,-0.000031,0.000007,0.000012,-0.000105,0.000324,0.000092,0.000232,-0.000095,0.000171,0.000679,-0.000069,-0.000167,0.000568,0.000465,-0.000027,0.001479,0.000811,0.000227,0.000140,0.000177,0.000935,0.000132,-0.000032,0.000004
0.000126,0.000069,0.000283,-0.000007,0.000059,0.001160,-0.000199,-0.000089,0.000108,-0.000179,-0.000075,-0.000025,0.000359,0.000083,0.000692,0.000017,0.000540,0.000012,-0.000100,-0.000044,0.000165,-0.000083,-0.000000,-0.000299,0.000041,-0.000034,0.000561,-0.000031,-0.000155,-0.000025,0.000356,0.000215,-0.000257,-0.000037,0.000037,-0.000030,0.000016,0.000018,-0.000016,-0.000007,0.000100
0.001265,-0.000257,0.000519,-0.000267,0.001430,-0.000199,0.009771,0.008030,-0.000101,0.000021,0.002557,-0.000980,0.005684,-0.004533,0.003652,0.000428,0.000494,-0.001923,0.000138,0.000681,0.000097,0.006791,0.000470,0.005795,0.003656,0.001738,0.005330,0.000243,0.001424,0.001614,0.000878,-0.000372,0.008777,0.002705,0.000226,0.000570,-0.001034,0.001093,0.002212,-0.000034,0.000192
0.001052,-0.000572,0.001260,-0.000586,0.000757,-0.000089,0.008030,0.012263,-0.000417,-0.000150,0.001091,0.000512,0.003389,-0.006721,0.003260,0.000305,-0.002180,-0.003092,-0.000048,0.000509,-0.001074,0.008897,0.000614,0.001801,0.000884,0.001559,0.006294,0.000009,0.001368,0.001001,-0.000677,0.000128,0.007049,0.001027,-0.001416,0.000541,-0.003274,0.000185,0.001814,0.000204,0.000000
0.000141,0.000256,-0.000395,-0.000004,-0.000006,0.000108,-0.000101,-0.000417,0.001180,0.000272,-0.000061,0.000135,0.000198,0.001070,0.000294,0.000073,-0.000309,0.000158,0.000095,0.000211,-0.000029,-0.000484,-0.000033,-0.000166,-0.000181,-0.000101,0.000073,-0.000059,-0.000085,-0.000139,0.000160,0.000024,-0.000282,-0.000048,-0.000139,0.000015,-0.000158,-0.000156,-0.000027,0.000115,-0.000050
0.000233,0.000335,-0.000132,-0.000149,0.000158,-0.000179,0.000021,-0.000150,0.000272,0.005283,0.000305,-0.001197,0.001482,0.002621,0.001611,0.001473,0.000760,-0.000276,0.000025,0.000381,-0.000177,-0.001802,-0.000025,-0.000252,-0.000668,-0.000143,0.000861,-0.000291,-0.000142,0.002560,0.001048,-0.000159,0.000747,-0.000205,-0.000057,0.000035,0.002096,0.000242,0.000404,0.000260,-0.000117
0.000132,-0.000286,-0.000235,0.000614,0.001307,-0.000075,0.002557,0.001091,-0.000061,0.000305,0.002825,-0.000245,0.001195,-0.001397,0.000871,0.000370,0.000071,0.000124,0.000147,0.000381,-0.000212,0.000808,0.000145,0.000935,0.000658,0.000669,0.001030,-0.000069,-0.000069,0.001199,0.000835,-0.000236,0.002829,0.003323,0.000754,0.000012,0.000546,0.002930,0.000308,-0.000003,0.000007
-0.000316,-0.000404,-0.000276,0.000061,-0.000151,-0.000025,-0.000980,0.000512,0.000135,-0.001197,-0.000245,0.003386,-0.001479,-0.001369,-0.000378,-0.000126,-0.001788,0.000173,-0.000228,0.000177,-0.000057,0.000218,0.000033,-0.002650,0.000704,0.000119,0.000157,-0.000357,-0.001224,-0.002068,-0.000432,-0.000257,-0.000193,-0.000256,-0.001053,-0.000374,-0.002104,-0.000229,-0.000595,0.000072,-0.000039
0.001403,0.000043,0.001782,-0.000791,0.000930,0.000359,0.005684,0.003389,0.000198,0.001482,0.001195,-0.001479,0.011259,0.001401,0.006680,0.001757,0.001918,-0.000941,0.000125,0.000011,0.000756,0.003484,0.000293,0.004091,0.002605,0.001314,0.005798,0.000950,0.000921,0.002749,0.002005,0.000858,0.004810,0.001318,-0.000489,0.002759,-0.000268,0.000686,0.003605,0.000397,0.000496
-0.000631,0.002249,-0.001590,-0.000419,-0.000609,0.000083,-0.004533,-0.006721,0.001070,0.002621,-0.001397,-0.001369,0.001401,0.015479,-0.000330,0.000536,-0.001383,0.001356,0.000239,0.000136,-0.001371,-0.004869,-0.000545,0.000596,-0.000554,-0.001634,-0.004081,0.000149,0.000098,0.002310,0.004157,-0.000506,-0.005049,-0.001252,-0.001747,0.000379,0.000314,-0.000942,-0.000280,0.000406,-0.000291
0.001368,0.000165,0.000962,-0.000258,0.000574,0.000692,0.003652,0.003260,0.000294,0.001611,0.000871,-0.000378,0.006680,-0.000330,0.006195,0.001502,0.000675,-0.000913,0.000121,0.000226,0.000377,0.001587,0.000301,0.000755,-0.000282,0.000957,0.005571,0.000373,-0.000069,0.002608,0.000997,0.000504,0.003482,0.001045,-0.000304,0.000646,-0.000376,0.000699,0.001538,0.000360,0.000287
0.000120,-0.000445,0.000525,-0.000075,-0.000089,0.000017,0.000428,0.000305,0.000073,0.001473,0.000370,-0.000126,0.001757,0.000536,0.001502,0.004095,0.000464,-0.000202,-0.000326,0.000319,0.000181,-0.000520,0.000038,-0.000109,0.000216,0.000238,0.001210,-0.000223,-0.000302,0.001470,0.000417,-0.000009,0.001002,0.000327,-0.000175,-0.000139,0.000627,0.000165,0.000448,0.000043,0.000093
0.000399,0.001974,0.001814,0.000120,0.000184,0.000540,0.000494,-0.002180,-0.000309,0.000760,0.000071,-0.001788,0.001918,-0.001383,0.000675,0.000464,0.010344,0.000339,-0.000047,0.000577,0.003335,-0.001702,-0.000082,-0.000029,0.003920,0.000289,0.001371,0.000020,-0.000569,0.002218,-0.000596,0.001957,0.001406,0.000004,0.001174,0.000317,0.007115,0.000784,0.000530,-0.000390,0.000759
-0.000350,0.000415,-0.000756,0.000301,-0.000031,0.000012,-0.001923,-0.003092,0.000158,-0.000276,0.000124,0.000173,-0.000941,0.001356,-0.000913,-0.000202,0.000339,0.002545,-0.000100,0.000134,-0.000149,-0.002947,-0.000165,-0.001040,-0.000556,-0.000200,-0.001639,-0.000059,-0.000371,-0.000036,0.000052,-0.000097,-0.001374,-0.000242,0.000394,-0.000540,0.001252,0.000163,-0.000678,0.000066,0.000369
0.000039,-0.000327,-0.000505,0.000117,0.000007,-0.000100,0.000138,-0.000048,0.000095,0.000025,0.000147,-0.000228,0.000125,0.000239,0.000121,-0.000326,-0.000047,-0.000100,0.001709,-0.000094,0.000072,0.000156,-0.000008,0.000138,0.000494,-0.000048,-0.000007,0.000071,0.000309,0.000145,-0.000171,0.000133,-0.000043,0.000036,-0.000170,0.000079,0.000088,0.000747,0.000063,0.000087,-0.000435
0.000199,0.000449,-0.000017,-0.000032,0.000012,-0.000044,0.000681,0.000509,0.000211,0.000381,0.000381,0.000177,0.000011,0.000136,0.000226,0.000319,0.000577,0.000134,-0.000094,0.003810,0.000061,-0.000257,0.000002,0.000220,0.000231,0.000223,0.000580,-0.000074,-0.000144,0.000880,-0.000213,-0.000014,0.000984,0.000824,-0.000281,0.000027,0.001121,0.000358,0.000109,-0.000014,0.000111
0.000143,-0.000737,0.000663,-0.000193,-0.000105,0.000165,0.000097,-0.001074,-0.000029,-0.000177,-0.000212,-0.000057,0.000756,-0.001371,0.000377,0.000181,0.003335,-0.000149,0.000072,0.000061,0.002714,-0.001195,-0.000023,0.000024,-0.000157,0.000158,0.000271,0.000022,0.000251,-0.000154,-0.000143,0.000630,0.000209,-0.000024,-0.000421,-0.000042,0.002118,-0.000131,-0.000100,-0.000081,0.000312
0.001056,-0.000301,0.002162,-0.000295,0.000324,-0.000083,0.006791,0.008897,-0.000484,-0.001802,0.000808,0.000218,0.003484,-0.004869,0.001587,-0.000520,-0.001702,-0.002947,0.000156,-0.000257,-0.001195,0.010255,0.000446,0.004714,0.004636,0.001077,0.004147,0.000284,0.001377,-0.000894,-0.000976,0.000021,0.006232,0.001043,-0.001396,0.002424,-0.003928,0.000249,0.002981,-0.000105,0.000222
0.000099,-0.000147,0.000065,0.000002,0.000092,-0.000000,0.000470,0.000614,-0.000033,-0.000025,0.000145,0.000033,0.000293,-0.000545,0.000301,0.000038,-0.000082,-0.000165,-0.000008,0.000002,-0.000023,0.000446,0.000057,0.000077,-0.000015,0.000176,0.000503,-0.000035,0.000001,0.000067,-0.000058,0.000055,0.000454,0.000145,0.000011,0.000052,-0.000174,0.000143,0.000114,0.000008,-0.000012
0.000013,0.000440,-0.000456,0.000006,0.000232,-0.000299,0.005795,0.001801,-0.000166,-0.000252,0.000935,-0.002650,0.004091,0.000596,0.000755,-0.000109,-0.000029,-0.001040,0.000138,0.000220,0.000024,0.004714,0.000077,0.013188,0.000411,-0.000103,0.001321,0.000517,0.003080,0.000644,-0.000098,-0.000363,0.004869,0.001308,-0.001394,0.001600,-0.001165,-0.000945,0.003376,-0.000124,0.000150
0.000291,-0.000692,0.002036,-0.000073,-0.000095,0.000041,0.003656,0.000884,-0.000181,-0.000668,0.000658,0.000704,0.002605,-0.000554,-0.000282,0.000216,0.003920,-0.000556,0.000494,0.000231,-0.000157,0.004636,-0.000015,0.000411,0.038155,-0.000650,0.000910,0.000341,-0.000172,-0.000738,-0.000547,0.000500,0.003993,0.000107,-0.000740,0.000385,-0.000084,0.000200,0.000723,-0.000489,0.001114
0.000227,-0.000331,0.000007,-0.000049,0.000171,-0.000034,0.001738,0.001559,-0.000101,-0.000143,0.000669,0.000119,0.001314,-0.001634,0.000957,0.000238,0.000289,-0.000200,-0.000048,0.000223,0.000158,0.001077,0.000176,-0.000103,-0.000650,0.002509,0.001257,0.000003,0.000001,-0.000790,0.000300,-0.000144,0.001691,0.001419,0.000220,0.000138,-0.000275,0.001539,0.000675,-0.000028,-0.000009
0.002062,-0.000006,0.000861,-0.000321,0.000679,0.000561,0.005330,0.006294,0.000073,0.000861,0.001030,0.000157,0.005798,-0.004081,0.005571,0.001210,0.001371,-0.001639,-0.000007,0.000580,0.000271,0.004147,0.000503,0.001321,0.000910,0.001257,0.008545,-0.000857,0.000136,0.001995,-0.000863,0.001778,0.004833,0.001223,0.000830,0.001051,-0.001032,0.000943,0.001849,0.000286,0.000161
-0.000071,0.000391,0.000317,-0.000105,-0.000069,-0.000031,0.000243,0.000009,-0.000059,-0.000291,-0.000069,-0.000357,0.000950,0.000149,0.000373,-0.000223,0.000020,-0.000059,0.000071,-0.000074,0.000022,0.000284,-0.000035,0.000517,0.000341,0.000003,-0.000857,0.002056,0.001061,-0.000541,-0.000114,-0.000209,0.000157,0.000178,-0.000459,0.000285,-0.000184,-0.000216,0.000028,0.000057,-0.000082
-0.000017,0.000137,0.000981,-0.000048,-0.000167,-0.000155,0.001424,0.001368,-0.000085,-0.000142,-0.000069,-0.001224,0.000921,0.000098,-0.000069,-0.000302,-0.000569,-0.000371,0.000309,-0.000144,0.000251,0.001377,0.000001,0.003080,-0.000172,0.000001,0.000136,0.001061,0.005540,-0.000481,-0.000296,0.000069,-0.000120,0.000030,-0.000678,-0.000431,-0.000524,-0.000299,0.000103,0.000022,0.000169
0.000200,0.000850,-0.000673,0.000272,0.000568,-0.000025,0.001614,0.001001,-0.000139,0.002560,0.001199,-0.002068,0.002749,0.002310,0.002608,0.001470,0.002218,-0.000036,0.000145,0.000880,-0.000154,-0.000894,0.000067,0.000644,-0.000738,-0.000790,0.001995,-0.000541,-0.000481,0.010277,0.000693,0.000405,0.002169,0.001080,0.000396,0.000400,0.004683,0.001820,-0.000047,0.000419,-0.000140
0.000044,-0.000197,0.000011,-0.000114,0.000465,0.000356,0.000878,-0.000677,0.000160,0.001048,0.000835,-0.000432,0.002005,0.004157,0.000997,0.000417,-0.000596,0.000052,-0.000171,-0.000213,-0.000143,-0.000976,-0.000058,-0.000098,-0.000547,0.000300,-0.000863,-0.000114,-0.000296,0.000693,0.004865,-0.000280,0.000351,0.001022,-0.000463,-0.000179,-0.000559,0.000196,0.000190,-0.000327,0.000103
0.000314,-0.000082,0.000456,-0.000312,-0.000027,0.000215,-0.000372,0.000128,0.000024,-0.000159,-0.000236,-0.000257,0.000858,-0.000506,0.000504,-0.000009,0.001957,-0.000097,0.000133,-0.000014,0.000630,0.000021,0.000055,-0.000363,0.000500,-0.000144,0.001778,-0.000209,0.000069,0.000405,-0.000280,0.002271,-0.000703,0.000099,0.000113,0.000307,0.000349,-0.000127,-0.000061,0.000058,0.000097
0.001245,-0.000763,0.001777,0.000213,0.001479,-0.000257,0.008777,0.007049,-0.000282,0.000747,0.002829,-0.000193,0.004810,-0.005049,0.003482,0.001002,0.001406,-0.001374,-0.000043,0.000984,0.000209,0.006232,0.000454,0.004869,0.003993,0.001691,0.004833,0.000157,-0.000120,0.002169,0.000351,-0.000703,0.011032,0.002479,0.000060,0.000371,0.000503,0.001264,0.002735,-0.000120,0.000318
0.000210,0.000262,-0.000580,0.000237,0.000811,-0.000037,0.002705,0.001027,-0.000048,-0.000205,0.003323,-0.000256,0.001318,-0.001252,0.001045,0.000327,0.000004,-0.000242,0.000036,0.000824,-0.000024,0.001043,0.000145,0.001308,0.000107,0.001419,0.001223,0.000178,0.000030,0.001080,0.001022,0.000099,0.002479,0.006514,0.000690,0.000034,0.000112,0.003707,0.000687,0.000107,-0.000143
0.000268,0.000262,-0.000535,0.000133,0.000227,0.000037,0.000226,-0.001416,-0.000139,-0.000057,0.000754,-0.001053,-0.000489,-0.001747,-0.000304,-0.000175,0.001174,0.000394,-0.000170,-0.000281,-0.000421,-0.001396,0.000011,-0.001394,-0.000740,0.000220,0.000830,-0.000459,-0.000678,0.000396,-0.000463,0.000113,0.000060,0.000690,0.008591,-0.000092,0.001781,0.000846,-0.000245,-0.000547,0.000280
0.000372,0.000014,0.000706,-0.000170,0.000140,-0.000030,0.000570,0.000541,0.000015,0.000035,0.000012,-0.000374,0.002759,0.000379,0.000646,-0.000139,0.000317,-0.000540,0.000079,0.000027,-0.000042,0.002424,0.000052,0.001600,0.000385,0.000138,0.001051,0.000285,-0.000431,0.000400,-0.000179,0.000307,0.000371,0.000034,-0.000092,0.005424,-0.000574,0.000265,0.001143,0.000039,0.000071
-0.000098,0.001271,0.000080,0.000199,0.000177,0.000016,-0.001034,-0.003274,-0.000158,0.002096,0.000546,-0.002104,-0.000268,0.000314,-0.000376,0.000627,0.007115,0.001252,0.000088,0.001121,0.002118,-0.003928,-0.000174,-0.001165,-0.000084,-0.000275,-0.001032,-0.000184,-0.000524,0.004683,-0.000559,0.000349,0.000503,0.000112,0.001781,-0.000574,0.008513,0.000917,-0.000902,-0.000280,0.000320
-0.000115,-0.000054,-0.000329,0.000665,0.000935,0.000018,0.001093,0.000185,-0.000156,0.000242,0.002930,-0.000229,0.000686,-0.000942,0.000699,0.000165,0.000784,0.000163,0.000747,0.000358,-0.000131,0.000249,0.000143,-0.000945,0.000200,0.001539,0.000943,-0.000216,-0.000299,0.001820,0.000196,-0.000127,0.001264,0.003707,0.000846,0.000265,0.000917,0.007115,0.000267,0.000313,-0.000093
0.000419,0.000023,0.000945,-0.000205,0.000132,-0.000016,0.002212,0.001814,-0.000027,0.000404,0.000308,-0.000595,0.003605,-0.000280,0.001538,0.000448,0.000530,-0.000678,0.000063,0.000109,-0.000100,0.002981,0.000114,0.003376,0.000723,0.000675,0.001849,0.000028,0.000103,-0.000047,0.000190,-0.000061,0.002735,0.000687,-0.000245,0.001143,-0.000902,0.000267,0.005142,-0.000017,0.000105
-0.000170,-0.000052,-0.000213,-0.000006,-0.000032,-0.000007,-0.000034,0.000204,0.000115,0.000260,-0.000003,0.000072,0.000397,0.000406,0.000360,0.000043,-0.000390,0.000066,0.000087,-0.000014,-0.000081,-0.000105,0.000008,-0.000124,-0.000489,-0.000028,0.000286,0.000057,0.000022,0.000419,-0.000327,0.000058,-0.000120,0.000107,-0.000547,0.000039,-0.000280,0.000313,-0.000017,0.000785,-0.000228
0.000028,0.000314,0.000681,-0.000037,0.000004,0.000100,0.000192,0.000000,-0.000050,-0.000117,0.000007,-0.000039,0.000496,-0.000291,0.000287,0.000093,0.000759,0.000369,-0.000435,0.000111,0.000312,0.000222,-0.000012,0.000150,0.001114,-0.000009,0.000161,-0.000082,0.000169,-0.000140,0.000103,0.000097,0.000318,-0.000143,0.000280,0.000071,0.000320,-0.000093,0.000105,-0.000228,0.000992
