0.010630,0.009012,-0.001912,-0.001960,0.000000,0.001884,0.000174,-0.001482
0.009012,0.015929,-0.002171,-0.000079,0.000000,0.000340,0.000772,-0.001415
-0.001912,-0.002171,0.003114,0.001343,0.000000,0.000041,-0.000835,-0.000879
-0.001960,-0.000079,0.001343,0.008533,0.000000,-0.004803,-0.001012,0.000023
0.000000,0.000000,0.000000,0.000000,0.000000,0.000000,0.000000,0.000000
0.001884,0.000340,0.000041,-0.004803,0.000000,0.003235,0.000495,-0.001399
0.000174,0.000772,-0.000835,-0.001012,0.000000,0.000495,0.003166,0.000662
-0.001482,-0.001415,-0.000879,0.000023,0.000000,-0.001399,0.000662,0.012456
