0.010105,0.008620,-0.001437,-0.001228,0.000000,0.003797,0.000062,-0.000931
0.008620,0.015687,-0.001693,0.000666,0.000000,0.000644,0.000525,-0.001498
-0.001437,-0.001693,0.002624,0.000573,0.000000,0.000344,-0.000538,-0.000575
-0.001228,0.000666,0.000573,0.008118,0.000000,-0.007013,-0.000739,-0.000157
0.000000,0.000000,0.000000,0.000000,0.000000,0.000000,0.000000,0.000000
0.003797,0.000644,0.000344,-0.007013,0.000000,0.007818,0.000807,-0.001567
0.000062,0.000525,-0.000538,-0.000739,0.000000,0.000807,0.003075,0.000451
-0.000931,-0.001498,-0.000575,-0.000157,0.000000,-0.001567,0.000451,0.011133
