0.013448,0.010975,-0.002531,-0.001618,0.000000,0.002487,0.000682,-0.001324
0.010975,0.020145,-0.002834,0.000591,0.000000,0.001642,0.001141,-0.001301
-0.002531,-0.002834,0.004482,0.001393,0.000000,-0.000497,-0.001430,-0.001303
-0.001618,0.000591,0.001393,0.009708,0.000000,-0.002536,-0.001828,0.000520
0.000000,0.000000,0.000000,0.000000,0.000000,0.000000,0.000000,0.000000
0.002487,0.001642,-0.000497,-0.002536,0.000000,0.001105,0.000671,-0.000081
0.000682,0.001141,-0.001430,-0.001828,0.000000,0.000671,0.006450,0.001045
-0.001324,-0.001301,-0.001303,0.000520,0.000000,-0.000081,0.001045,0.012341
