0.074719,0.016427,-0.005972,0.009996,0.001619,-0.000046,0.000764,-0.003987
0.016427,0.015175,-0.007381,0.004531,0.000720,-0.000151,0.000684,-0.001629
-0.005972,-0.007381,0.049587,-0.000773,-0.000295,-0.000034,-0.001719,0.000129
0.009996,0.004531,-0.000773,0.042300,0.000148,-0.000060,-0.001223,-0.001638
0.001619,0.000720,-0.000295,0.000148,0.012024,-0.000093,0.000292,0.000049
-0.000046,-0.000151,-0.000034,-0.000060,-0.000093,0.005805,0.000070,-0.000270
0.000764,0.000684,-0.001719,-0.001223,0.000292,0.000070,0.003398,0.000615
-0.003987,-0.001629,0.000129,-0.001638,0.000049,-0.000270,0.000615,0.012590
