0.076030,0.016021,-0.003672,0.010354,0.001615,-0.000168,0.001566,-0.003221
0.016021,0.015248,-0.006425,0.004043,0.000966,0.000264,0.000735,-0.001132
-0.003672,-0.006425,0.050283,0.001167,-0.000301,0.000577,-0.002219,0.000330
0.010354,0.004043,0.001167,0.041740,0.000481,-0.000331,-0.001095,-0.001206
0.001615,0.000966,-0.000301,0.000481,0.011110,-0.000063,0.000412,0.000128
-0.000168,0.000264,0.000577,-0.000331,-0.000063,0.004307,0.000085,-0.000160
0.001566,0.000735,-0.002219,-0.001095,0.000412,0.000085,0.003670,0.000776
-0.003221,-0.001132,0.000330,-0.001206,0.000128,-0.000160,0.000776,0.012341
