0.064692,0.018410,-0.005860,0.009440,0.001597,-0.000104,0.000968,-0.003750
0.018410,0.020049,-0.007226,0.005208,0.000828,-0.000209,0.001078,-0.001872
-0.005860,-0.007226,0.032110,-0.000336,-0.000290,-0.000054,-0.002193,-0.000257
0.009440,0.005208,-0.000336,0.042300,0.000148,-0.000072,-0.001675,-0.001638
0.001597,0.000828,-0.000290,0.000148,0.012024,-0.000112,0.000400,0.000049
-0.000104,-0.000209,-0.000054,-0.000072,-0.000112,0.008426,0.000115,-0.000325
0.000968,0.001078,-0.002193,-0.001675,0.000400,0.000115,0.006376,0.000842
-0.003750,-0.001872,-0.000257,-0.001638,0.000049,-0.000325,0.000842,0.012590
