0.065533,0.018720,-0.006290,0.010137,0.002477,0.000051,0.001780,-0.003731
0.018720,0.020158,-0.007326,0.005395,0.001571,-0.000319,0.000960,-0.001711
-0.006290,-0.007326,0.033201,-0.000256,-0.000478,0.000054,-0.002624,0.000594
0.010137,0.005395,-0.000256,0.041876,0.000647,-0.000026,-0.001041,-0.001457
0.002477,0.001571,-0.000478,0.000647,0.009276,-0.000082,0.000225,-0.000375
0.000051,-0.000319,0.000054,-0.000026,-0.000082,0.007836,0.000086,-0.000447
0.001780,0.000960,-0.002624,-0.001041,0.000225,0.000086,0.006469,0.000782
-0.003731,-0.001711,0.000594,-0.001457,-0.000375,-0.000447,0.000782,0.011538
