0.004952,0.006950,0.000032,-0.000206,0.000000,0.000437,0.000156,-0.001602
0.006950,0.015175,-0.001256,0.000606,0.000000,0.005140,0.000684,-0.001629
0.000032,-0.001256,0.001175,0.001467,0.000000,-0.002847,-0.000618,-0.000387
-0.000206,0.000606,0.001467,0.006014,0.000000,-0.005358,-0.000460,0.000809
0.000000,0.000000,0.000000,0.000000,0.000000,0.000000,0.000000,0.000000
0.000437,0.005140,-0.002847,-0.005358,0.000000,0.012622,0.003665,-0.000591
0.000156,0.000684,-0.000618,-0.000460,0.000000,0.003665,0.003398,0.000615
-0.001602,-0.001629,-0.000387,0.000809,0.000000,-0.000591,0.000615,0.012590
