0.007488,0.007180,0.001310,-0.000124,0.000000,0.000031,-0.000723,-0.002317
0.007180,0.015929,-0.001376,-0.000401,0.000000,0.000058,0.000772,-0.001415
0.001310,-0.001376,0.001218,0.000923,0.000000,0.000010,-0.000543,-0.000735
-0.000124,-0.000401,0.000923,0.005148,0.000000,0.000003,-0.001302,0.000938
0.000000,0.000000,0.000000,0.000000,0.000000,0.000000,0.000000,0.000000
0.000031,0.000058,0.000010,0.000003,0.000000,0.000230,0.000015,0.000002
-0.000723,0.000772,-0.000543,-0.001302,0.000000,0.000015,0.003165,0.000662
-0.002317,-0.001415,-0.000735,0.000938,0.000000,0.000002,0.000662,0.012456
