0.007714,0.009083,-0.000345,-0.002256,0.000000,-0.001952,0.000670,-0.000112
0.009083,0.020158,-0.001980,0.000765,0.000000,0.007865,0.000960,-0.001711
-0.000345,-0.001980,0.002136,0.002031,0.000000,0.002300,-0.001480,-0.000487
-0.002256,0.000765,0.002031,0.006909,0.000000,-0.000352,-0.001218,0.001811
0.000000,0.000000,0.000000,0.000000,0.000000,0.000000,0.000000,0.000000
-0.001952,0.007865,0.002300,-0.000352,0.000000,0.141191,0.003928,-0.038046
0.000670,0.000960,-0.001480,-0.001218,0.000000,0.003928,0.006469,0.000782
-0.000112,-0.001711,-0.000487,0.001811,0.000000,-0.038046,0.000782,0.011538
