0.000393,0.000380,0.000253,0.000226,0.000227,0.000267,0.000209,0.000567,0.000754,0.000832,0.000774,0.000448,0.000523,0.000790,0.001226,0.001119,0.000531,0.000079,0.000160,0.001000,0.000902,0.000133,-0.000226,-0.000435,-0.000841,-0.001133,-0.001339,-0.001079,-0.001080,-0.000404,-0.000354,-0.000206,-0.000398,-0.000228,0.000161,0.000250,0.000436,0.000565,0.000579,0.000264,0.000264,0.000628,0.000389,0.000275,0.000825,0.000787,0.000255,0.000202,0.000164,0.000059,0.000036,0.000037,0.000019,0.000011,0.000029,0.000038,0.000048,0.000029,0.000030,0.000032
0.000380,0.000735,0.000496,0.000419,0.000395,0.000478,0.000356,0.000764,0.000920,0.000847,0.000975,0.000843,0.000952,0.001107,0.001629,0.001663,0.001007,0.000333,0.000524,0.001397,0.001082,-0.000205,-0.000783,-0.000997,-0.001570,-0.001799,-0.001920,-0.001629,-0.001661,-0.000778,-0.000753,-0.000179,-0.000607,-0.000083,0.000653,0.000715,0.001029,0.001237,0.001086,0.000301,0.000539,0.001070,0.000579,0.000385,0.001258,0.001147,0.000383,0.000348,0.000285,0.000078,0.000089,0.000066,0.000034,0.000027,0.000059,0.000062,0.000058,0.000043,0.000044,0.000046
0.000253,0.000496,0.000745,0.000635,0.000595,0.000503,0.000360,0.000647,0.000708,0.000642,0.000826,0.000623,0.000647,0.000992,0.001349,0.001388,0.001217,0.000498,0.000944,0.001594,0.001326,0.000443,-0.000109,-0.000311,-0.001160,-0.001564,-0.001812,-0.002105,-0.002311,-0.001281,-0.001104,-0.000423,-0.001013,-0.000578,0.000150,0.000350,0.000695,0.000670,0.000475,-0.000051,0.000510,0.001003,0.000243,0.000035,0.000868,0.000778,0.000370,0.000366,0.000211,0.000028,0.000095,0.000056,0.000039,0.000053,0.000048,0.000065,0.000074,0.000037,0.000062,0.000046
0.000226,0.000419,0.000635,0.001062,0.001159,0.000650,0.000520,0.000894,0.000784,0.000515,0.000744,0.000541,0.000502,0.001051,0.001345,0.001376,0.001202,0.000682,0.001280,0.001519,0.001463,0.000950,0.000305,0.000210,-0.000353,-0.001156,-0.001664,-0.001526,-0.001955,-0.001203,-0.001319,-0.000753,-0.000898,-0.000567,0.000135,0.000304,0.000421,0.000299,0.000182,-0.000300,0.000728,0.001322,0.000593,0.000219,0.000742,0.000685,0.000288,0.000344,0.000203,0.000033,0.000104,0.000068,0.000045,0.000045,0.000049,0.000084,0.000091,0.000050,0.000081,0.000064
0.000227,0.000395,0.000595,0.001159,0.002683,0.001191,0.000672,0.000789,0.000759,0.001144,0.001558,0.001598,0.001622,0.002468,0.002841,0.003798,0.004060,0.004317,0.005207,0.004483,0.002957,0.002633,0.001578,0.000852,0.000538,-0.000125,-0.001428,-0.002638,-0.003489,-0.003110,-0.002409,-0.001238,-0.001246,-0.000978,-0.001018,-0.001491,-0.001094,-0.000531,0.000180,0.000056,0.000896,0.001851,0.000953,0.000379,0.000863,0.000889,0.000356,0.000402,0.000207,0.000044,0.000078,0.000065,0.000060,0.000020,0.000054,0.000087,0.000087,0.000068,0.000078,0.000055
0.000267,0.000478,0.000503,0.000650,0.001191,0.001793,0.001139,0.001381,0.001142,0.001395,0.001695,0.002171,0.002019,0.002436,0.002982,0.003766,0.003467,0.003404,0.002950,0.002838,0.001783,0.000980,0.000866,0.000261,-0.001041,-0.002366,-0.003044,-0.002467,-0.001973,-0.001755,-0.000968,-0.001157,-0.001601,-0.000493,0.000174,0.000834,0.000278,-0.000488,0.000090,0.000518,0.000323,0.000984,0.000407,-0.000042,0.000315,0.000301,0.000121,0.000300,0.000257,0.000034,0.000059,0.000081,0.000036,0.000031,0.000023,0.000032,0.000059,0.000037,0.000053,0.000042
0.000209,0.000356,0.000360,0.000520,0.000672,0.001139,0.002046,0.002023,0.002071,0.002462,0.001811,0.001122,0.001572,0.002234,0.002887,0.003340,0.003216,0.002615,0.002224,0.001484,0.000908,-0.000109,0.000191,0.000007,-0.001807,-0.002963,-0.003721,-0.002818,-0.002261,-0.001301,-0.001766,-0.001939,-0.000747,-0.000106,0.000302,0.001252,0.001311,0.001568,0.001394,0.001329,0.001191,0.001104,0.000149,0.000314,0.000825,0.000805,0.000533,0.000800,0.000440,0.000086,0.000136,0.000075,0.000026,0.000038,0.000042,0.000059,0.000087,0.000053,0.000080,0.000072
0.000567,0.000764,0.000647,0.000894,0.000789,0.001381,0.002023,0.005369,0.005612,0.004964,0.004197,0.002532,0.002413,0.002916,0.003884,0.004092,0.002302,0.000069,-0.000442,0.002104,0.001631,-0.002856,-0.003311,-0.003518,-0.006258,-0.005924,-0.006168,-0.004060,-0.004219,-0.001813,-0.002964,-0.002841,-0.000304,0.002007,0.003011,0.005587,0.004970,0.004871,0.004774,0.003684,0.002029,0.002546,0.001412,0.000604,0.002083,0.001009,-0.000067,0.000922,0.000663,0.000067,0.000200,0.000115,0.000014,0.000085,0.000080,0.000126,0.000152,0.000096,0.000134,0.000102
0.000754,0.000920,0.000708,0.000784,0.000759,0.001142,0.002071,0.005612,0.010716,0.011022,0.008594,0.003966,0.004188,0.004217,0.004387,0.003805,0.002263,-0.001082,0.000118,0.006345,0.006220,-0.000633,-0.003989,-0.005003,-0.005738,-0.002803,-0.003188,-0.001806,-0.003886,-0.000195,-0.002220,0.000160,0.001614,0.002534,0.003315,0.004685,0.004576,0.005053,0.004038,0.001285,0.000107,0.000568,0.001246,0.002921,0.004890,0.002380,0.000024,0.001323,0.000743,0.000110,0.000207,0.000087,-0.000015,0.000094,0.000096,0.000134,0.000147,0.000109,0.000115,0.000061
0.000832,0.000847,0.000642,0.000515,0.001144,0.001395,0.002462,0.004964,0.011022,0.015051,0.012112,0.007057,0.006918,0.006574,0.006953,0.006713,0.004716,0.001683,0.002799,0.007967,0.007306,0.002361,-0.001191,-0.003508,-0.004160,-0.001240,-0.001500,-0.001972,-0.005101,-0.001899,-0.003342,-0.000708,-0.000727,-0.001915,-0.002650,-0.001578,0.000128,0.001747,0.002492,0.001329,-0.000101,0.000028,0.001046,0.002912,0.004881,0.003144,0.000781,0.001770,0.000950,0.000173,0.000233,0.000075,-0.000021,0.000031,0.000088,0.000075,0.000109,0.000088,0.000076,0.000056
0.000774,0.000975,0.000826,0.000744,0.001558,0.001695,0.001811,0.004197,0.008594,0.012112,0.014258,0.011831,0.009667,0.008647,0.008722,0.008920,0.007703,0.006134,0.006747,0.010181,0.008859,0.005404,0.002088,0.001010,0.000965,0.001103,-0.000268,-0.002213,-0.004967,-0.003823,-0.004415,-0.002214,-0.003514,-0.004868,-0.007083,-0.005561,-0.003206,-0.003581,-0.001711,-0.001084,-0.001598,-0.000269,0.001054,0.002510,0.003535,0.001885,-0.000031,0.000913,0.000560,-0.000028,0.000155,0.000059,-0.000054,-0.000024,0.000134,0.000059,0.000094,0.000028,0.000043,0.000044
0.000448,0.000843,0.000623,0.000541,0.001598,0.002171,0.001122,0.002532,0.003966,0.007057,0.011831,0.016657,0.012602,0.009327,0.007010,0.007275,0.006550,0.007401,0.006997,0.007898,0.005465,0.003932,0.002650,0.002239,0.002264,0.000540,0.000117,-0.002034,-0.003222,-0.005176,-0.002868,-0.001367,-0.003061,-0.005243,-0.009465,-0.007841,-0.005019,-0.005326,-0.002081,-0.000013,-0.000224,0.001409,0.002458,0.002608,0.001929,0.000495,-0.000328,0.000243,0.000175,-0.000101,0.000079,0.000060,-0.000062,-0.000056,0.000123,0.000056,0.000049,-0.000044,0.000003,0.000054
0.000523,0.000952,0.000647,0.000502,0.001622,0.002019,0.001572,0.002413,0.004188,0.006918,0.009667,0.012602,0.013785,0.013368,0.011888,0.012303,0.011066,0.010461,0.010442,0.011175,0.007413,0.004991,0.002788,-0.000116,-0.001109,-0.001255,-0.001795,-0.004031,-0.005685,-0.006284,-0.005337,-0.003204,-0.004167,-0.006618,-0.010319,-0.007683,-0.004648,-0.002194,0.000885,0.000531,0.000003,0.001536,0.001943,0.001862,0.002252,0.001015,-0.000108,0.000657,0.000326,0.000088,0.000201,0.000092,0.000020,0.000023,0.000179,0.000144,0.000102,0.000037,0.000046,0.000062
0.000790,0.001107,0.000992,0.001051,0.002468,0.002436,0.002234,0.002916,0.004217,0.006574,0.008647,0.009327,0.013368,0.022427,0.025176,0.025608,0.022603,0.020282,0.018576,0.016997,0.011585,0.008411,0.005298,0.002732,-0.000053,-0.002573,-0.005307,-0.010406,-0.012340,-0.010128,-0.009279,-0.006818,-0.008952,-0.010892,-0.012923,-0.010645,-0.008347,-0.006300,-0.003384,-0.002815,-0.001314,0.000785,-0.000879,-0.000838,-0.000222,-0.000787,-0.001390,0.000144,0.000177,0.000048,0.000248,0.000061,0.000065,0.000073,0.000221,0.000226,0.000232,0.000093,0.000120,0.000109
0.001226,0.001629,0.001349,0.001345,0.002841,0.002982,0.002887,0.003884,0.004387,0.006953,0.008722,0.007010,0.011888,0.025176,0.038407,0.041077,0.035438,0.030462,0.025741,0.021921,0.016801,0.012181,0.006443,0.003088,-0.003302,-0.007331,-0.011045,-0.016853,-0.018541,-0.013924,-0.014182,-0.013007,-0.016731,-0.015215,-0.013912,-0.011090,-0.009031,-0.007976,-0.006749,-0.004617,-0.001483,-0.000293,-0.003084,-0.003250,-0.001621,-0.000838,-0.001715,-0.000512,0.000012,-0.000056,0.000352,0.000103,0.000029,0.000040,0.000201,0.000231,0.000264,0.000047,0.000110,0.000164
0.001119,0.001663,0.001388,0.001376,0.003798,0.003766,0.003340,0.004092,0.003805,0.006713,0.008920,0.007275,0.012303,0.025608,0.041077,0.052921,0.050330,0.044623,0.036835,0.028603,0.022952,0.017794,0.009119,0.003118,-0.003867,-0.009263,-0.014383,-0.022416,-0.026428,-0.019867,-0.017968,-0.015615,-0.020313,-0.017487,-0.014627,-0.011230,-0.007976,-0.008376,-0.008200,-0.005391,-0.001318,-0.001636,-0.004863,-0.004233,-0.003071,-0.001428,-0.002159,-0.000977,-0.000131,-0.000055,0.000293,0.000068,0.000067,0.000038,0.000210,0.000252,0.000301,0.000111,0.000092,0.000165
0.000531,0.001007,0.001217,0.001202,0.004060,0.003467,0.003216,0.002302,0.002263,0.004716,0.007703,0.006550,0.011066,0.022603,0.035438,0.050330,0.057650,0.054204,0.043005,0.030152,0.024868,0.023139,0.013562,0.004811,-0.001304,-0.008244,-0.013266,-0.021855,-0.027050,-0.022475,-0.018470,-0.015194,-0.019280,-0.016957,-0.013149,-0.010423,-0.006355,-0.008726,-0.010640,-0.008428,-0.003849,-0.005384,-0.007977,-0.006404,-0.006846,-0.004739,-0.003469,-0.002103,-0.000942,-0.000227,0.000006,-0.000073,0.000111,0.000004,0.000177,0.000175,0.000272,0.000058,0.000003,0.000102
0.000079,0.000333,0.000498,0.000682,0.004317,0.003404,0.002615,0.000069,-0.001082,0.001683,0.006134,0.007401,0.010461,0.020282,0.030462,0.044623,0.054204,0.060836,0.053773,0.037745,0.030053,0.029416,0.021577,0.011756,0.004222,-0.005395,-0.012148,-0.021884,-0.026611,-0.024460,-0.018963,-0.016078,-0.019079,-0.017865,-0.016084,-0.014918,-0.012359,-0.014454,-0.012827,-0.007788,-0.004220,-0.005522,-0.006743,-0.007210,-0.010644,-0.007669,-0.004850,-0.003518,-0.001643,-0.000315,-0.000227,-0.000158,0.000069,-0.000101,0.000032,0.000026,0.000108,0.000022,-0.000157,0.000024
0.000160,0.000524,0.000944,0.001280,0.005207,0.002950,0.002224,-0.000442,0.000118,0.002799,0.006747,0.006997,0.010442,0.018576,0.025741,0.036835,0.043005,0.053773,0.064244,0.055596,0.045212,0.039329,0.026711,0.014897,0.006532,-0.000801,-0.008900,-0.021322,-0.027192,-0.025549,-0.025189,-0.020728,-0.021170,-0.020129,-0.022796,-0.023666,-0.018383,-0.015447,-0.010315,-0.007810,-0.004940,-0.006035,-0.007282,-0.005913,-0.007800,-0.005411,-0.003294,-0.002746,-0.001290,-0.000198,-0.000071,-0.000085,0.000059,0.000053,0.000054,0.000142,0.000069,0.000156,-0.000102,-0.000053
0.001000,0.001397,0.001594,0.001519,0.004483,0.002838,0.001484,0.002104,0.006345,0.007967,0.010181,0.007898,0.011175,0.016997,0.021921,0.028603,0.030152,0.037745,0.055596,0.068445,0.059667,0.043057,0.024433,0.011068,0.004234,0.000381,-0.007856,-0.017682,-0.026841,-0.024186,-0.029454,-0.021944,-0.020159,-0.016381,-0.020342,-0.022764,-0.017791,-0.010748,-0.006330,-0.008300,-0.007465,-0.006399,-0.007980,-0.005839,-0.003707,-0.003445,-0.003891,-0.002837,-0.001295,0.000017,0.000050,0.000069,0.000015,0.000189,0.000141,0.000252,0.000102,0.000209,-0.000048,-0.000101
0.000902,0.001082,0.001326,0.001463,0.002957,0.001783,0.000908,0.001631,0.006220,0.007306,0.008859,0.005465,0.007413,0.011585,0.016801,0.022952,0.024868,0.030053,0.045212,0.059667,0.063880,0.050684,0.028106,0.016028,0.011753,0.006610,-0.002538,-0.012830,-0.023161,-0.022300,-0.028995,-0.023077,-0.021676,-0.018675,-0.018355,-0.021062,-0.016191,-0.010416,-0.008725,-0.009078,-0.005993,-0.005752,-0.006593,-0.004351,-0.002498,-0.002876,-0.003034,-0.002359,-0.000939,-0.000024,0.000014,-0.000042,-0.000116,0.000174,-0.000011,0.000163,0.000023,0.000120,-0.000060,-0.000052
0.000133,-0.000205,0.000443,0.000950,0.002633,0.000980,-0.000109,-0.002856,-0.000633,0.002361,0.005404,0.003932,0.004991,0.008411,0.012181,0.017794,0.023139,0.029416,0.039329,0.043057,0.050684,0.063137,0.048653,0.033108,0.030376,0.021602,0.012279,-0.004595,-0.016209,-0.018935,-0.020281,-0.017963,-0.022868,-0.025772,-0.024354,-0.025001,-0.019991,-0.018891,-0.019307,-0.013874,-0.007204,-0.006035,-0.004600,-0.003975,-0.004650,-0.003106,-0.001336,-0.002671,-0.001050,0.000014,-0.000071,-0.000077,-0.000126,0.000042,-0.000193,-0.000108,-0.000204,-0.000044,-0.000193,-0.000107
-0.000226,-0.000783,-0.000109,0.000305,0.001578,0.000866,0.000191,-0.003311,-0.003989,-0.001191,0.002088,0.002650,0.002788,0.005298,0.006443,0.009119,0.013562,0.021577,0.026711,0.024433,0.028106,0.048653,0.054782,0.045033,0.037307,0.025360,0.017808,0.003582,-0.007483,-0.013646,-0.011258,-0.010192,-0.017307,-0.021852,-0.022999,-0.022774,-0.019716,-0.020586,-0.019909,-0.012875,-0.005800,-0.003031,-0.002008,-0.004725,-0.006932,-0.004218,-0.001350,-0.002715,-0.000887,0.000038,-0.000129,0.000044,-0.000097,-0.000048,-0.000181,-0.000191,-0.000224,-0.000077,-0.000207,-0.000157
-0.000435,-0.000997,-0.000311,0.000210,0.000852,0.000261,0.000007,-0.003518,-0.005003,-0.003508,0.001010,0.002239,-0.000116,0.002732,0.003088,0.003118,0.004811,0.011756,0.014897,0.011068,0.016028,0.033108,0.045033,0.052234,0.049473,0.032649,0.022364,0.010262,0.000609,-0.009329,-0.005866,-0.005185,-0.013891,-0.017962,-0.019898,-0.020229,-0.018127,-0.021997,-0.021137,-0.013598,-0.006569,-0.003352,-0.002719,-0.003023,-0.006230,-0.004422,-0.001744,-0.002517,-0.001033,-0.000228,-0.000173,-0.000072,-0.000215,-0.000120,-0.000202,-0.000205,-0.000162,-0.000167,-0.000136,-0.000154
-0.000841,-0.001570,-0.001160,-0.000353,0.000538,-0.001041,-0.001807,-0.006258,-0.005738,-0.004160,0.000965,0.002264,-0.001109,-0.000053,-0.003302,-0.003867,-0.001304,0.004222,0.006532,0.004234,0.011753,0.030376,0.037307,0.049473,0.063372,0.049922,0.035161,0.018663,0.007442,-0.004504,-0.001124,-0.001848,-0.010838,-0.017316,-0.019270,-0.021590,-0.019890,-0.024845,-0.023576,-0.017195,-0.011499,-0.007094,-0.003225,-0.000796,-0.004632,-0.003972,-0.001594,-0.002622,-0.001548,-0.000297,-0.000445,-0.000310,-0.000300,-0.000211,-0.000269,-0.000291,-0.000260,-0.000230,-0.000274,-0.000289
-0.001133,-0.001799,-0.001564,-0.001156,-0.000125,-0.002366,-0.002963,-0.005924,-0.002803,-0.001240,0.001103,0.000540,-0.001255,-0.002573,-0.007331,-0.009263,-0.008244,-0.005395,-0.000801,0.000381,0.006610,0.021602,0.025360,0.032649,0.049922,0.053957,0.046099,0.026497,0.012637,0.002629,0.002460,-0.000820,-0.008479,-0.014786,-0.016471,-0.018664,-0.016564,-0.017141,-0.017196,-0.014905,-0.012128,-0.007911,-0.001030,0.000637,-0.001459,-0.002446,-0.001447,-0.002310,-0.001655,-0.000335,-0.000448,-0.000323,-0.000273,-0.000184,-0.000318,-0.000320,-0.000361,-0.000163,-0.000353,-0.000344
-0.001339,-0.001920,-0.001812,-0.001664,-0.001428,-0.003044,-0.003721,-0.006168,-0.003188,-0.001500,-0.000268,0.000117,-0.001795,-0.005307,-0.011045,-0.014383,-0.013266,-0.012148,-0.008900,-0.007856,-0.002538,0.012279,0.017808,0.022364,0.035161,0.046099,0.055642,0.041389,0.023821,0.009238,0.006920,0.001150,-0.008714,-0.014443,-0.015703,-0.016129,-0.013769,-0.012960,-0.015390,-0.014790,-0.011634,-0.008293,-0.000432,0.000147,-0.001868,-0.003540,-0.002119,-0.002490,-0.001692,-0.000403,-0.000422,-0.000269,-0.000238,-0.000151,-0.000303,-0.000425,-0.000407,-0.000216,-0.000367,-0.000328
-0.001079,-0.001629,-0.002105,-0.001526,-0.002638,-0.002467,-0.002818,-0.004060,-0.001806,-0.001972,-0.002213,-0.002034,-0.004031,-0.010406,-0.016853,-0.022416,-0.021855,-0.021884,-0.021322,-0.017682,-0.012830,-0.004595,0.003582,0.010262,0.018663,0.026497,0.041389,0.050193,0.043455,0.024003,0.016034,0.006633,-0.000092,-0.004245,-0.006822,-0.008677,-0.008149,-0.007297,-0.009066,-0.011465,-0.010551,-0.007797,-0.000782,0.000568,-0.000558,-0.002031,-0.000943,-0.000940,-0.000724,-0.000289,-0.000299,-0.000148,-0.000176,-0.000126,-0.000252,-0.000356,-0.000331,-0.000242,-0.000305,-0.000272
-0.001080,-0.001661,-0.002311,-0.001955,-0.003489,-0.001973,-0.002261,-0.004219,-0.003886,-0.005101,-0.004967,-0.003222,-0.005685,-0.012340,-0.018541,-0.026428,-0.027050,-0.026611,-0.027192,-0.026841,-0.023161,-0.016209,-0.007483,0.000609,0.007442,0.012637,0.023821,0.043455,0.058399,0.040677,0.027511,0.012768,0.011662,0.006372,0.000715,-0.002981,-0.004927,-0.005588,-0.004401,-0.005745,-0.008124,-0.005197,-0.000252,0.001886,0.000928,-0.000249,0.001248,0.000504,-0.000122,-0.000352,-0.000229,-0.000178,-0.000193,-0.000146,-0.000294,-0.000333,-0.000378,-0.000336,-0.000272,-0.000248
-0.000404,-0.000778,-0.001281,-0.001203,-0.003110,-0.001755,-0.001301,-0.001813,-0.000195,-0.001899,-0.003823,-0.005176,-0.006284,-0.010128,-0.013924,-0.019867,-0.022475,-0.024460,-0.025549,-0.024186,-0.022300,-0.018935,-0.013646,-0.009329,-0.004504,0.002629,0.009238,0.024003,0.040677,0.043440,0.034086,0.019657,0.018766,0.014488,0.011111,0.006633,0.002758,0.003361,0.002644,0.002012,0.000480,0.000703,0.003514,0.004341,0.006543,0.004824,0.003219,0.002301,0.000954,0.000090,-0.000018,-0.000046,-0.000019,-0.000078,-0.000092,-0.000092,-0.000165,-0.000137,-0.000109,-0.000068
-0.000354,-0.000753,-0.001104,-0.001319,-0.002409,-0.000968,-0.001766,-0.002964,-0.002220,-0.003342,-0.004415,-0.002868,-0.005337,-0.009279,-0.014182,-0.017968,-0.018470,-0.018963,-0.025189,-0.029454,-0.028995,-0.020281,-0.011258,-0.005866,-0.001124,0.002460,0.006920,0.016034,0.027511,0.034086,0.043606,0.033404,0.024412,0.016392,0.014170,0.009623,0.005876,0.003829,0.004714,0.005928,0.004487,0.004743,0.006684,0.006254,0.007127,0.005532,0.003586,0.002386,0.001205,0.000272,-0.000148,-0.000037,0.000116,-0.000150,-0.000035,-0.000170,-0.000126,-0.000102,-0.000075,-0.000018
-0.000206,-0.000179,-0.000423,-0.000753,-0.001238,-0.001157,-0.001939,-0.002841,0.000160,-0.000708,-0.002214,-0.001367,-0.003204,-0.006818,-0.013007,-0.015615,-0.015194,-0.016078,-0.020728,-0.021944,-0.023077,-0.017963,-0.010192,-0.005185,-0.001848,-0.000820,0.001150,0.006633,0.012768,0.019657,0.033404,0.038481,0.030639,0.021294,0.019077,0.016091,0.013300,0.010509,0.010601,0.008701,0.006796,0.006137,0.006695,0.008127,0.008945,0.006023,0.003061,0.002720,0.001536,0.000563,-0.000026,0.000016,0.000133,-0.000090,0.000093,-0.000054,-0.000032,0.000010,0.000036,-0.000004
-0.000398,-0.000607,-0.001013,-0.000898,-0.001246,-0.001601,-0.000747,-0.000304,0.001614,-0.000727,-0.003514,-0.003061,-0.004167,-0.008952,-0.016731,-0.020313,-0.019280,-0.019079,-0.021170,-0.020159,-0.021676,-0.022868,-0.017307,-0.013891,-0.010838,-0.008479,-0.008714,-0.000092,0.011662,0.018766,0.024412,0.030639,0.040552,0.035044,0.029013,0.025262,0.019164,0.017203,0.016457,0.014430,0.010148,0.008471,0.006457,0.006325,0.006358,0.003642,0.001552,0.002613,0.001049,0.000453,0.000010,0.000017,0.000081,-0.000062,0.000051,0.000038,0.000008,0.000049,0.000116,0.000001
-0.000228,-0.000083,-0.000578,-0.000567,-0.000978,-0.000493,-0.000106,0.002007,0.002534,-0.001915,-0.004868,-0.005243,-0.006618,-0.010892,-0.015215,-0.017487,-0.016957,-0.017865,-0.020129,-0.016381,-0.018675,-0.025772,-0.021852,-0.017962,-0.017316,-0.014786,-0.014443,-0.004245,0.006372,0.014488,0.016392,0.021294,0.035044,0.046337,0.048435,0.041591,0.028463,0.023860,0.020917,0.017664,0.013479,0.009790,0.005796,0.005310,0.005908,0.004310,0.000799,0.001115,0.000388,0.000424,0.000061,0.000129,0.000050,0.000027,0.000080,0.000140,0.000095,0.000113,0.000217,0.000100
0.000161,0.000653,0.000150,0.000135,-0.001018,0.000174,0.000302,0.003011,0.003315,-0.002650,-0.007083,-0.009465,-0.010319,-0.012923,-0.013912,-0.014627,-0.013149,-0.016084,-0.022796,-0.020342,-0.018355,-0.024354,-0.022999,-0.019898,-0.019270,-0.016471,-0.015703,-0.006822,0.000715,0.011111,0.014170,0.019077,0.029013,0.048435,0.067398,0.060959,0.042730,0.034383,0.025574,0.019700,0.015941,0.011613,0.007366,0.007770,0.008788,0.007130,0.001630,0.000857,0.000481,0.000554,0.000115,0.000168,0.000060,0.000060,0.000067,0.000158,0.000166,0.000163,0.000323,0.000256
0.000250,0.000715,0.000350,0.000304,-0.001491,0.000834,0.001252,0.005587,0.004685,-0.001578,-0.005561,-0.007841,-0.007683,-0.010645,-0.011090,-0.011230,-0.010423,-0.014918,-0.023666,-0.022764,-0.021062,-0.025001,-0.022774,-0.020229,-0.021590,-0.018664,-0.016129,-0.008677,-0.002981,0.006633,0.009623,0.016091,0.025262,0.041591,0.060959,0.071911,0.054607,0.040877,0.028379,0.021179,0.014866,0.012477,0.009322,0.008677,0.009043,0.004972,0.000944,0.002004,0.001143,0.000530,0.000246,0.000239,0.000073,0.000037,0.000040,0.000089,0.000223,0.000211,0.000368,0.000243
0.000436,0.001029,0.000695,0.000421,-0.001094,0.000278,0.001311,0.004970,0.004576,0.000128,-0.003206,-0.005019,-0.004648,-0.008347,-0.009031,-0.007976,-0.006355,-0.012359,-0.018383,-0.017791,-0.016191,-0.019991,-0.019716,-0.018127,-0.019890,-0.016564,-0.013769,-0.008149,-0.004927,0.002758,0.005876,0.013300,0.019164,0.028463,0.042730,0.054607,0.048427,0.038688,0.025531,0.018218,0.013623,0.010237,0.006741,0.007307,0.009580,0.006399,0.002342,0.002512,0.001562,0.000557,0.000263,0.000255,0.000140,0.000060,0.000126,0.000113,0.000208,0.000195,0.000322,0.000221
0.000565,0.001237,0.000670,0.000299,-0.000531,-0.000488,0.001568,0.004871,0.005053,0.001747,-0.003581,-0.005326,-0.002194,-0.006300,-0.007976,-0.008376,-0.008726,-0.014454,-0.015447,-0.010748,-0.010416,-0.018891,-0.020586,-0.021997,-0.024845,-0.017141,-0.012960,-0.007297,-0.005588,0.003361,0.003829,0.010509,0.017203,0.023860,0.034383,0.040877,0.038688,0.044302,0.034700,0.020866,0.013442,0.010085,0.007708,0.008231,0.011983,0.008199,0.002823,0.002941,0.001604,0.000734,0.000364,0.000331,0.000199,0.000177,0.000224,0.000318,0.000191,0.000260,0.000355,0.000281
0.000579,0.001086,0.000475,0.000182,0.000180,0.000090,0.001394,0.004774,0.004038,0.002492,-0.001711,-0.002081,0.000885,-0.003384,-0.006749,-0.008200,-0.010640,-0.012827,-0.010315,-0.006330,-0.008725,-0.019307,-0.019909,-0.021137,-0.023576,-0.017196,-0.015390,-0.009066,-0.004401,0.002644,0.004714,0.010601,0.016457,0.020917,0.025574,0.028379,0.025531,0.034700,0.040672,0.026711,0.013928,0.011409,0.009781,0.009662,0.013560,0.009396,0.004159,0.004008,0.002249,0.000839,0.000368,0.000240,0.000215,0.000203,0.000301,0.000306,0.000174,0.000310,0.000360,0.000267
0.000264,0.000301,-0.000051,-0.000300,0.000056,0.000518,0.001329,0.003684,0.001285,0.001329,-0.001084,-0.000013,0.000531,-0.002815,-0.004617,-0.005391,-0.008428,-0.007788,-0.007810,-0.008300,-0.009078,-0.013874,-0.012875,-0.013598,-0.017195,-0.014905,-0.014790,-0.011465,-0.005745,0.002012,0.005928,0.008701,0.014430,0.017664,0.019700,0.021179,0.018218,0.020866,0.026711,0.027070,0.018598,0.013804,0.010334,0.008162,0.010473,0.008327,0.005249,0.004438,0.002676,0.000731,0.000348,0.000148,0.000145,0.000040,0.000142,0.000130,0.000073,0.000191,0.000241,0.000213
0.000264,0.000539,0.000510,0.000728,0.000896,0.000323,0.001191,0.002029,0.000107,-0.000101,-0.001598,-0.000224,0.000003,-0.001314,-0.001483,-0.001318,-0.003849,-0.004220,-0.004940,-0.007465,-0.005993,-0.007204,-0.005800,-0.006569,-0.011499,-0.012128,-0.011634,-0.010551,-0.008124,0.000480,0.004487,0.006796,0.010148,0.013479,0.015941,0.014866,0.013623,0.013442,0.013928,0.018598,0.022085,0.017034,0.010150,0.007218,0.009970,0.009666,0.006278,0.004209,0.002612,0.000705,0.000480,0.000236,0.000157,0.000060,0.000174,0.000170,0.000118,0.000178,0.000297,0.000282
0.000628,0.001070,0.001003,0.001322,0.001851,0.000984,0.001104,0.002546,0.000568,0.000028,-0.000269,0.001409,0.001536,0.000785,-0.000293,-0.001636,-0.005384,-0.005522,-0.006035,-0.006399,-0.005752,-0.006035,-0.003031,-0.003352,-0.007094,-0.007911,-0.008293,-0.007797,-0.005197,0.000703,0.004743,0.006137,0.008471,0.009790,0.011613,0.012477,0.010237,0.010085,0.011409,0.013804,0.017034,0.018001,0.011657,0.007336,0.010062,0.008690,0.005112,0.003871,0.002363,0.000588,0.000511,0.000276,0.000147,0.000034,0.000190,0.000164,0.000155,0.000207,0.000303,0.000250
0.000389,0.000579,0.000243,0.000593,0.000953,0.000407,0.000149,0.001412,0.001246,0.001046,0.001054,0.002458,0.001943,-0.000879,-0.003084,-0.004863,-0.007977,-0.006743,-0.007282,-0.007980,-0.006593,-0.004600,-0.002008,-0.002719,-0.003225,-0.001030,-0.000432,-0.000782,-0.000252,0.003514,0.006684,0.006695,0.006457,0.005796,0.007366,0.009322,0.006741,0.007708,0.009781,0.010334,0.010150,0.011657,0.013655,0.010859,0.010562,0.007356,0.003748,0.003016,0.001871,0.000471,0.000244,0.000124,0.000075,-0.000054,0.000121,0.000096,0.000058,0.000151,0.000158,0.000163
0.000275,0.000385,0.000035,0.000219,0.000379,-0.000042,0.000314,0.000604,0.002921,0.002912,0.002510,0.002608,0.001862,-0.000838,-0.003250,-0.004233,-0.006404,-0.007210,-0.005913,-0.005839,-0.004351,-0.003975,-0.004725,-0.003023,-0.000796,0.000637,0.000147,0.000568,0.001886,0.004341,0.006254,0.008127,0.006325,0.005310,0.007770,0.008677,0.007307,0.008231,0.009662,0.008162,0.007218,0.007336,0.010859,0.015640,0.014578,0.008721,0.004398,0.003323,0.001705,0.000316,0.000209,0.000048,0.000021,-0.000045,0.000154,0.000110,0.000040,0.000126,0.000200,0.000108
0.000825,0.001258,0.000868,0.000742,0.000863,0.000315,0.000825,0.002083,0.004890,0.004881,0.003535,0.001929,0.002252,-0.000222,-0.001621,-0.003071,-0.006846,-0.010644,-0.007800,-0.003707,-0.002498,-0.004650,-0.006932,-0.006230,-0.004632,-0.001459,-0.001868,-0.000558,0.000928,0.006543,0.007127,0.008945,0.006358,0.005908,0.008788,0.009043,0.009580,0.011983,0.013560,0.010473,0.009970,0.010062,0.010562,0.014578,0.020408,0.014615,0.007507,0.005258,0.002949,0.000743,0.000406,0.000183,0.000066,0.000024,0.000288,0.000188,0.000122,0.000226,0.000263,0.000156
0.000787,0.001147,0.000778,0.000685,0.000889,0.000301,0.000805,0.001009,0.002380,0.003144,0.001885,0.000495,0.001015,-0.000787,-0.000838,-0.001428,-0.004739,-0.007669,-0.005411,-0.003445,-0.002876,-0.003106,-0.004218,-0.004422,-0.003972,-0.002446,-0.003540,-0.002031,-0.000249,0.004824,0.005532,0.006023,0.003642,0.004310,0.007130,0.004972,0.006399,0.008199,0.009396,0.008327,0.009666,0.008690,0.007356,0.008721,0.014615,0.013561,0.007653,0.004473,0.002614,0.000808,0.000393,0.000197,0.000105,0.000037,0.000252,0.000174,0.000124,0.000208,0.000206,0.000173
0.000255,0.000383,0.000370,0.000288,0.000356,0.000121,0.000533,-0.000067,0.000024,0.000781,-0.000031,-0.000328,-0.000108,-0.001390,-0.001715,-0.002159,-0.003469,-0.004850,-0.003294,-0.003891,-0.003034,-0.001336,-0.001350,-0.001744,-0.001594,-0.001447,-0.002119,-0.000943,0.001248,0.003219,0.003586,0.003061,0.001552,0.000799,0.001630,0.000944,0.002342,0.002823,0.004159,0.005249,0.006278,0.005112,0.003748,0.004398,0.007507,0.007653,0.005802,0.003688,0.002048,0.000490,0.000290,0.000092,0.000070,0.000033,0.000109,0.000090,0.000050,0.000100,0.000100,0.000067
0.000202,0.000348,0.000366,0.000344,0.000402,0.000300,0.000800,0.000922,0.001323,0.001770,0.000913,0.000243,0.000657,0.000144,-0.000512,-0.000977,-0.002103,-0.003518,-0.002746,-0.002837,-0.002359,-0.002671,-0.002715,-0.002517,-0.002622,-0.002310,-0.002490,-0.000940,0.000504,0.002301,0.002386,0.002720,0.002613,0.001115,0.000857,0.002004,0.002512,0.002941,0.004008,0.004438,0.004209,0.003871,0.003016,0.003323,0.005258,0.004473,0.003688,0.003553,0.001865,0.000303,0.000262,0.000062,0.000054,0.000036,0.000079,0.000101,0.000089,0.000097,0.000100,0.000052
0.000164,0.000285,0.000211,0.000203,0.000207,0.000257,0.000440,0.000663,0.000743,0.000950,0.000560,0.000175,0.000326,0.000177,0.000012,-0.000131,-0.000942,-0.001643,-0.001290,-0.001295,-0.000939,-0.001050,-0.000887,-0.001033,-0.001548,-0.001655,-0.001692,-0.000724,-0.000122,0.000954,0.001205,0.001536,0.001049,0.000388,0.000481,0.001143,0.001562,0.001604,0.002249,0.002676,0.002612,0.002363,0.001871,0.001705,0.002949,0.002614,0.002048,0.001865,0.001237,0.000233,0.000135,0.000028,0.000027,0.000018,0.000048,0.000042,0.000049,0.000061,0.000046,0.000023
0.000059,0.000078,0.000028,0.000033,0.000044,0.000034,0.000086,0.000067,0.000110,0.000173,-0.000028,-0.000101,0.000088,0.000048,-0.000056,-0.000055,-0.000227,-0.000315,-0.000198,0.000017,-0.000024,0.000014,0.000038,-0.000228,-0.000297,-0.000335,-0.000403,-0.000289,-0.000352,0.000090,0.000272,0.000563,0.000453,0.000424,0.000554,0.000530,0.000557,0.000734,0.000839,0.000731,0.000705,0.000588,0.000471,0.000316,0.000743,0.000808,0.000490,0.000303,0.000233,0.000128,0.000027,0.000009,0.000014,0.000005,0.000021,0.000017,0.000014,0.000020,0.000007,0.000007
0.000036,0.000089,0.000095,0.000104,0.000078,0.000059,0.000136,0.000200,0.000207,0.000233,0.000155,0.000079,0.000201,0.000248,0.000352,0.000293,0.000006,-0.000227,-0.000071,0.000050,0.000014,-0.000071,-0.000129,-0.000173,-0.000445,-0.000448,-0.000422,-0.000299,-0.000229,-0.000018,-0.000148,-0.000026,0.000010,0.000061,0.000115,0.000246,0.000263,0.000364,0.000368,0.000348,0.000480,0.000511,0.000244,0.000209,0.000406,0.000393,0.000290,0.000262,0.000135,0.000027,0.000091,0.000024,0.000007,0.000016,0.000011,0.000016,0.000015,0.000013,0.000018,0.000018
0.000037,0.000066,0.000056,0.000068,0.000065,0.000081,0.000075,0.000115,0.000087,0.000075,0.000059,0.000060,0.000092,0.000061,0.000103,0.000068,-0.000073,-0.000158,-0.000085,0.000069,-0.000042,-0.000077,0.000044,-0.000072,-0.000310,-0.000323,-0.000269,-0.000148,-0.000178,-0.000046,-0.000037,0.000016,0.000017,0.000129,0.000168,0.000239,0.000255,0.000331,0.000240,0.000148,0.000236,0.000276,0.000124,0.000048,0.000183,0.000197,0.000092,0.000062,0.000028,0.000009,0.000024,0.000042,0.000009,0.000011,0.000012,0.000011,0.000006,0.000011,0.000012,0.000007
0.000019,0.000034,0.000039,0.000045,0.000060,0.000036,0.000026,0.000014,-0.000015,-0.000021,-0.000054,-0.000062,0.000020,0.000065,0.000029,0.000067,0.000111,0.000069,0.000059,0.000015,-0.000116,-0.000126,-0.000097,-0.000215,-0.000300,-0.000273,-0.000238,-0.000176,-0.000193,-0.000019,0.000116,0.000133,0.000081,0.000050,0.000060,0.000073,0.000140,0.000199,0.000215,0.000145,0.000157,0.000147,0.000075,0.000021,0.000066,0.000105,0.000070,0.000054,0.000027,0.000014,0.000007,0.000009,0.000022,0.000005,0.000008,0.000010,0.000009,0.000008,0.000006,0.000005
0.000011,0.000027,0.000053,0.000045,0.000020,0.000031,0.000038,0.000085,0.000094,0.000031,-0.000024,-0.000056,0.000023,0.000073,0.000040,0.000038,0.000004,-0.000101,0.000053,0.000189,0.000174,0.000042,-0.000048,-0.000120,-0.000211,-0.000184,-0.000151,-0.000126,-0.000146,-0.000078,-0.000150,-0.000090,-0.000062,0.000027,0.000060,0.000037,0.000060,0.000177,0.000203,0.000040,0.000060,0.000034,-0.000054,-0.000045,0.000024,0.000037,0.000033,0.000036,0.000018,0.000005,0.000016,0.000011,0.000005,0.000026,0.000008,0.000011,0.000009,0.000008,0.000010,0.000004
0.000029,0.000059,0.000048,0.000049,0.000054,0.000023,0.000042,0.000080,0.000096,0.000088,0.000134,0.000123,0.000179,0.000221,0.000201,0.000210,0.000177,0.000032,0.000054,0.000141,-0.000011,-0.000193,-0.000181,-0.000202,-0.000269,-0.000318,-0.000303,-0.000252,-0.000294,-0.000092,-0.000035,0.000093,0.000051,0.000080,0.000067,0.000040,0.000126,0.000224,0.000301,0.000142,0.000174,0.000190,0.000121,0.000154,0.000288,0.000252,0.000109,0.000079,0.000048,0.000021,0.000011,0.000012,0.000008,0.000008,0.000034,0.000016,0.000013,0.000014,0.000013,0.000007
0.000038,0.000062,0.000065,0.000084,0.000087,0.000032,0.000059,0.000126,0.000134,0.000075,0.000059,0.000056,0.000144,0.000226,0.000231,0.000252,0.000175,0.000026,0.000142,0.000252,0.000163,-0.000108,-0.000191,-0.000205,-0.000291,-0.000320,-0.000425,-0.000356,-0.000333,-0.000092,-0.000170,-0.000054,0.000038,0.000140,0.000158,0.000089,0.000113,0.000318,0.000306,0.000130,0.000170,0.000164,0.000096,0.000110,0.000188,0.000174,0.000090,0.000101,0.000042,0.000017,0.000016,0.000011,0.000010,0.000011,0.000016,0.000034,0.000017,0.000013,0.000014,0.000011
0.000048,0.000058,0.000074,0.000091,0.000087,0.000059,0.000087,0.000152,0.000147,0.000109,0.000094,0.000049,0.000102,0.000232,0.000264,0.000301,0.000272,0.000108,0.000069,0.000102,0.000023,-0.000204,-0.000224,-0.000162,-0.000260,-0.000361,-0.000407,-0.000331,-0.000378,-0.000165,-0.000126,-0.000032,0.000008,0.000095,0.000166,0.000223,0.000208,0.000191,0.000174,0.000073,0.000118,0.000155,0.000058,0.000040,0.000122,0.000124,0.000050,0.000089,0.000049,0.000014,0.000015,0.000006,0.000009,0.000009,0.000013,0.000017,0.000031,0.000013,0.000013,0.000009
0.000029,0.000043,0.000037,0.000050,0.000068,0.000037,0.000053,0.000096,0.000109,0.000088,0.000028,-0.000044,0.000037,0.000093,0.000047,0.000111,0.000058,0.000022,0.000156,0.000209,0.000120,-0.000044,-0.000077,-0.000167,-0.000230,-0.000163,-0.000216,-0.000242,-0.000336,-0.000137,-0.000102,0.000010,0.000049,0.000113,0.000163,0.000211,0.000195,0.000260,0.000310,0.000191,0.000178,0.000207,0.000151,0.000126,0.000226,0.000208,0.000100,0.000097,0.000061,0.000020,0.000013,0.000011,0.000008,0.000008,0.000014,0.000013,0.000013,0.000022,0.000013,0.000006
0.000030,0.000044,0.000062,0.000081,0.000078,0.000053,0.000080,0.000134,0.000115,0.000076,0.000043,0.000003,0.000046,0.000120,0.000110,0.000092,0.000003,-0.000157,-0.000102,-0.000048,-0.000060,-0.000193,-0.000207,-0.000136,-0.000274,-0.000353,-0.000367,-0.000305,-0.000272,-0.000109,-0.000075,0.000036,0.000116,0.000217,0.000323,0.000368,0.000322,0.000355,0.000360,0.000241,0.000297,0.000303,0.000158,0.000200,0.000263,0.000206,0.000100,0.000100,0.000046,0.000007,0.000018,0.000012,0.000006,0.000010,0.000013,0.000014,0.000013,0.000013,0.000029,0.000018
0.000032,0.000046,0.000046,0.000064,0.000055,0.000042,0.000072,0.000102,0.000061,0.000056,0.000044,0.000054,0.000062,0.000109,0.000164,0.000165,0.000102,0.000024,-0.000053,-0.000101,-0.000052,-0.000107,-0.000157,-0.000154,-0.000289,-0.000344,-0.000328,-0.000272,-0.000248,-0.000068,-0.000018,-0.000004,0.000001,0.000100,0.000256,0.000243,0.000221,0.000281,0.000267,0.000213,0.000282,0.000250,0.000163,0.000108,0.000156,0.000173,0.000067,0.000052,0.000023,0.000007,0.000018,0.000007,0.000005,0.000004,0.000007,0.000011,0.000009,0.000006,0.000018,0.000028
