0.022849,0.015610,0.010837,0.008567,0.008373,0.006133,0.003578,0.010523,0.007139,0.006909,0.007098,0.005885,0.006438,0.005424,0.007053,0.006381,0.003478,0.001388,-0.001344,0.001879,0.000119,-0.004571,-0.005621,-0.006536,-0.010817,-0.013418,-0.011796,-0.007627,-0.006804,-0.001310,0.000688,0.000556,-0.001420,-0.001376,0.001803,0.004030,0.006782,0.006465,0.005843,0.004248,0.005139,0.007089,0.004598,0.002651,0.007426,0.006229,0.003665,0.006428,0.007463,0.005788,0.002595,0.007781,0.007453,0.002317,0.007019,0.005382,0.007569,0.006786,0.007780,0.006755
0.015610,0.019997,0.013549,0.010201,0.009257,0.007730,0.004826,0.009060,0.005499,0.005689,0.006342,0.005024,0.007779,0.006373,0.007890,0.007995,0.005553,0.003459,0.000971,0.001774,0.000161,-0.003687,-0.004504,-0.004972,-0.009303,-0.011967,-0.010221,-0.007444,-0.007866,-0.003905,-0.001231,-0.000426,-0.004942,-0.003537,0.002011,0.004883,0.006471,0.004949,0.004288,0.002629,0.004027,0.005391,0.002582,0.001339,0.005719,0.004877,0.002328,0.005323,0.005793,0.003043,0.002986,0.007454,0.005996,0.002912,0.007101,0.004551,0.005071,0.005133,0.006749,0.005542
0.010837,0.013549,0.012936,0.009463,0.008725,0.004635,0.002948,0.005820,0.003430,0.004873,0.005157,0.003822,0.004277,0.003323,0.003962,0.004147,0.004039,0.002638,0.000995,-0.000223,-0.001623,-0.003338,-0.003542,-0.003561,-0.006967,-0.009696,-0.008405,-0.006817,-0.006901,-0.003275,-0.000970,-0.000922,-0.004567,-0.003770,0.000184,0.003546,0.005415,0.003374,0.003034,0.002718,0.003422,0.002534,0.000818,0.000563,0.002901,0.002952,0.002268,0.005245,0.004283,0.000846,0.001654,0.004930,0.005229,0.002558,0.004370,0.003163,0.005914,0.004059,0.006169,0.005028
0.008567,0.010201,0.009463,0.010375,0.011323,0.005951,0.005267,0.006939,0.003336,0.004542,0.004763,0.003622,0.004907,0.004980,0.005526,0.005029,0.003744,0.003069,0.003655,0.002667,0.001304,-0.000845,-0.001534,-0.002139,-0.004783,-0.007047,-0.006577,-0.005415,-0.006559,-0.004876,-0.004148,-0.004262,-0.005776,-0.005010,-0.001867,0.000750,0.001551,0.000990,0.001612,0.001203,0.001197,0.000582,-0.000327,-0.000017,0.001382,0.000837,0.000842,0.002929,0.002569,0.000560,0.001433,0.004110,0.003439,0.000841,0.004385,0.002844,0.004716,0.003848,0.005887,0.005268
0.008373,0.009257,0.008725,0.011323,0.020644,0.011116,0.007826,0.007752,0.004798,0.007344,0.007779,0.006749,0.009984,0.010296,0.010963,0.013048,0.012447,0.011792,0.013668,0.010759,0.007136,0.004984,0.001818,-0.002164,-0.005052,-0.006182,-0.007477,-0.009340,-0.011153,-0.008904,-0.007342,-0.006015,-0.006118,-0.005367,-0.003285,-0.002313,-0.001552,-0.000127,0.002730,0.002436,0.003753,0.002690,0.000464,0.001413,0.004176,0.002235,0.002074,0.004261,0.003299,0.001589,0.002971,0.005345,0.005713,0.002280,0.006547,0.004906,0.005238,0.006160,0.008201,0.006037
0.006133,0.007730,0.004635,0.005951,0.011116,0.018920,0.012825,0.010924,0.006910,0.008655,0.008231,0.009081,0.011927,0.010712,0.012349,0.013007,0.008280,0.007968,0.006615,0.006287,0.005559,0.004217,0.003138,-0.001419,-0.005309,-0.007545,-0.007451,-0.004539,-0.004679,-0.002751,0.001300,-0.000644,-0.005036,-0.002550,0.001180,0.000433,-0.001628,-0.001824,0.001374,0.003293,0.003863,0.003015,0.001190,0.000722,0.003419,0.001924,0.000708,0.001658,0.002778,0.003081,0.002950,0.006486,0.005748,0.002805,0.002764,0.003079,0.002926,0.004366,0.004509,0.003197
0.003578,0.004826,0.002948,0.005267,0.007826,0.012825,0.018176,0.014271,0.009754,0.010672,0.008741,0.005115,0.008907,0.010940,0.011213,0.010066,0.006580,0.006285,0.005649,0.003215,0.002721,0.002514,0.003650,0.002463,-0.000328,-0.002456,-0.003762,-0.003373,-0.003888,-0.002201,-0.001575,-0.005015,-0.006139,-0.005185,-0.002751,-0.001390,-0.002050,-0.001604,-0.001373,0.000094,0.001057,0.001860,-0.000552,0.000414,0.001933,0.000358,0.000416,0.002761,0.002943,0.002226,0.002695,0.003729,0.002364,0.001154,0.004254,0.001670,0.005371,0.004788,0.004326,0.002792
0.010523,0.009060,0.005820,0.006939,0.007752,0.010924,0.014271,0.025639,0.018671,0.017776,0.015701,0.009957,0.010391,0.010549,0.011727,0.010131,0.004174,0.002206,0.000725,0.004569,0.005123,-0.000969,-0.003066,-0.004115,-0.008867,-0.010458,-0.008611,-0.004645,-0.006372,-0.000807,-0.000315,-0.002954,-0.004365,-0.001332,0.002747,0.005245,0.005029,0.006018,0.006222,0.005201,0.004102,0.004631,0.002049,0.002778,0.007619,0.003286,-0.000442,0.004045,0.005984,0.002480,0.002461,0.006700,0.001290,0.001298,0.007741,0.003727,0.007733,0.007017,0.007321,0.004787
0.007139,0.005499,0.003430,0.003336,0.004798,0.006910,0.009754,0.018671,0.023031,0.023681,0.019580,0.011950,0.011228,0.008285,0.008025,0.007472,0.005153,0.003513,0.003698,0.009585,0.008928,0.001672,-0.004202,-0.005296,-0.004927,-0.002366,-0.000662,0.001250,-0.002864,0.002495,0.002062,0.002743,-0.000173,-0.000309,0.001302,0.002300,0.005373,0.006988,0.006474,0.003449,0.001333,0.000799,0.001481,0.006174,0.011040,0.004994,0.000133,0.004581,0.004470,0.003349,0.001373,0.003641,0.000656,-0.000551,0.004018,0.002724,0.003963,0.004253,0.001383,0.000719
0.006909,0.005689,0.004873,0.004542,0.007344,0.008655,0.010672,0.017776,0.023681,0.033048,0.028362,0.019333,0.017065,0.011909,0.010809,0.010430,0.008157,0.004821,0.006083,0.010877,0.010090,0.006492,-0.000236,-0.004316,-0.003546,-0.000617,0.000914,0.000728,-0.004765,-0.000782,-0.001188,0.000253,-0.003770,-0.006335,-0.006498,-0.004557,0.000567,0.001791,0.004224,0.003445,0.000927,-0.000597,0.000875,0.006741,0.011030,0.004966,0.001531,0.007648,0.007411,0.003520,0.003343,0.003904,0.001617,-0.001770,0.004579,0.001784,0.003929,0.004340,0.001623,0.001158
0.007098,0.006342,0.005157,0.004763,0.007779,0.008231,0.008741,0.015701,0.019580,0.028362,0.033447,0.029799,0.023229,0.013974,0.011746,0.010928,0.010437,0.009048,0.011447,0.015195,0.013510,0.008898,0.001492,-0.001354,-0.001219,-0.001003,-0.000910,-0.001815,-0.005884,-0.004287,-0.004484,-0.002839,-0.005832,-0.007841,-0.010597,-0.009656,-0.004823,-0.002234,0.002695,0.002188,-0.000250,0.000577,0.001888,0.005920,0.009815,0.003826,0.001180,0.005978,0.006236,0.001829,0.003411,0.003655,0.001608,-0.003200,0.006722,0.001208,0.002852,0.003532,-0.000145,0.000354
0.005885,0.005024,0.003822,0.003622,0.006749,0.009081,0.005115,0.009957,0.011950,0.019333,0.029799,0.041875,0.030195,0.014082,0.009661,0.008212,0.008228,0.009442,0.012654,0.015964,0.012652,0.006292,-0.000933,-0.004519,-0.004649,-0.005951,-0.004445,-0.003274,-0.004343,-0.005661,-0.003534,-0.002076,-0.003526,-0.005679,-0.011990,-0.012719,-0.007293,-0.001729,0.004855,0.003576,0.001585,0.004090,0.004332,0.005080,0.007862,0.003195,0.001718,0.003605,0.004092,0.002979,0.002259,0.004000,0.001826,-0.002686,0.006811,0.002561,0.001558,0.000791,-0.001544,0.000410
0.006438,0.007779,0.004277,0.004907,0.009984,0.011927,0.008907,0.010391,0.011228,0.017065,0.023229,0.030195,0.032490,0.023231,0.020787,0.019476,0.017372,0.016331,0.016750,0.018736,0.014111,0.008579,0.002032,-0.004726,-0.007165,-0.008362,-0.009208,-0.008586,-0.009050,-0.007968,-0.004777,-0.003160,-0.006329,-0.008142,-0.010988,-0.010912,-0.007393,-0.001705,0.003973,0.002545,0.000974,0.003525,0.002225,0.003334,0.007167,0.002943,0.000832,0.002807,0.003447,0.004520,0.003862,0.005448,0.003783,0.000052,0.011770,0.004660,0.003050,0.004260,0.001813,0.000746
0.005424,0.006373,0.003323,0.004980,0.010296,0.010712,0.010940,0.010549,0.008285,0.011909,0.013974,0.014082,0.023231,0.029228,0.031364,0.029832,0.026707,0.024413,0.021512,0.019904,0.015040,0.010800,0.006073,0.000126,-0.004242,-0.007074,-0.010679,-0.014404,-0.014224,-0.010697,-0.008579,-0.008017,-0.011120,-0.012641,-0.012826,-0.011747,-0.008785,-0.005261,-0.002280,-0.001592,-0.001340,0.000674,-0.002442,-0.002435,0.000275,-0.000495,-0.000601,0.001535,0.003204,0.004364,0.003231,0.003493,0.002759,0.000327,0.013916,0.004833,0.004991,0.006520,0.003882,0.001272
0.007053,0.007890,0.003962,0.005526,0.010963,0.012349,0.011213,0.011727,0.008025,0.010809,0.011746,0.009661,0.020787,0.031364,0.043703,0.045149,0.041185,0.036560,0.029044,0.024779,0.019188,0.013679,0.005785,-0.001775,-0.008146,-0.012794,-0.017572,-0.022090,-0.021422,-0.014424,-0.012307,-0.013313,-0.017224,-0.016039,-0.012850,-0.011081,-0.008496,-0.006416,-0.007089,-0.004089,-0.002806,-0.003482,-0.007078,-0.007374,-0.005320,-0.002966,-0.002645,-0.002431,-0.000456,0.001808,0.002171,0.004158,0.000778,-0.000296,0.013633,0.004796,0.005847,0.005546,0.004540,0.002375
0.006381,0.007995,0.004147,0.005029,0.013048,0.013007,0.010066,0.010131,0.007472,0.010430,0.010928,0.008212,0.019476,0.029832,0.045149,0.057284,0.056853,0.050750,0.041019,0.032583,0.025409,0.018897,0.007863,-0.002396,-0.009190,-0.016088,-0.022715,-0.029907,-0.031948,-0.022238,-0.017242,-0.014541,-0.018707,-0.016353,-0.009812,-0.007974,-0.004631,-0.004267,-0.007514,-0.004321,-0.001532,-0.004836,-0.009099,-0.007335,-0.005355,-0.002870,-0.003539,-0.003577,-0.000971,0.002065,0.001175,0.004030,0.001276,0.000861,0.014651,0.005959,0.006957,0.006814,0.005490,0.002635
0.003478,0.005553,0.004039,0.003744,0.012447,0.008280,0.006580,0.004174,0.005153,0.008157,0.010437,0.008228,0.017372,0.026707,0.041185,0.056853,0.068282,0.063108,0.052121,0.038724,0.030975,0.027257,0.014610,0.001435,-0.005997,-0.015382,-0.022813,-0.032269,-0.035618,-0.027837,-0.021513,-0.016134,-0.017675,-0.015543,-0.010014,-0.009048,-0.003128,-0.004915,-0.011898,-0.009995,-0.005221,-0.009711,-0.013399,-0.011960,-0.011577,-0.007207,-0.006228,-0.006960,-0.004530,0.000511,-0.001730,0.000698,0.001844,0.001319,0.013474,0.003839,0.006369,0.005506,0.002528,0.001704
0.001388,0.003459,0.002638,0.003069,0.011792,0.007968,0.006285,0.002206,0.003513,0.004821,0.009048,0.009442,0.016331,0.024413,0.036560,0.050750,0.063108,0.065739,0.060504,0.047149,0.037384,0.030923,0.018762,0.005415,-0.003989,-0.016110,-0.025526,-0.033493,-0.034890,-0.027840,-0.021277,-0.015324,-0.015861,-0.012906,-0.008862,-0.010215,-0.005455,-0.006321,-0.010971,-0.008125,-0.003034,-0.007515,-0.011548,-0.010489,-0.012458,-0.007832,-0.006281,-0.008800,-0.005654,0.000752,-0.002515,0.000256,0.002121,0.000687,0.012163,0.003400,0.003283,0.005159,0.000134,0.001224
-0.001344,0.000971,0.000995,0.003655,0.013668,0.006615,0.005649,0.000725,0.003698,0.006083,0.011447,0.012654,0.016750,0.021512,0.029044,0.041019,0.052121,0.060504,0.074060,0.065266,0.052259,0.042183,0.025354,0.010510,0.001202,-0.011272,-0.021617,-0.030688,-0.032138,-0.028714,-0.027711,-0.020081,-0.015521,-0.013456,-0.015832,-0.018059,-0.010798,-0.007347,-0.007088,-0.007084,-0.005199,-0.008174,-0.011174,-0.007443,-0.009331,-0.007063,-0.004938,-0.006743,-0.003175,0.001475,-0.001174,-0.000249,0.002495,0.003357,0.012154,0.005673,0.002685,0.007407,-0.000078,-0.001017
0.001879,0.001774,-0.000223,0.002667,0.010759,0.006287,0.003215,0.004569,0.009585,0.010877,0.015195,0.015964,0.018736,0.019904,0.024779,0.032583,0.038724,0.047149,0.065266,0.076412,0.066374,0.048627,0.026733,0.008915,0.001224,-0.006770,-0.016416,-0.024242,-0.029242,-0.025928,-0.030093,-0.020569,-0.015676,-0.013419,-0.017897,-0.019835,-0.012488,-0.005780,-0.002484,-0.006295,-0.008733,-0.008048,-0.009609,-0.005742,-0.003876,-0.005202,-0.007158,-0.009087,-0.003966,0.003664,-0.000132,0.001330,0.002364,0.004525,0.011553,0.006677,0.000713,0.007476,-0.001665,-0.003709
0.000119,0.000161,-0.001623,0.001304,0.007136,0.005559,0.002721,0.005123,0.008928,0.010090,0.013510,0.012652,0.014111,0.015040,0.019188,0.025409,0.030975,0.037384,0.052259,0.066374,0.069996,0.056136,0.031596,0.015390,0.009891,0.002049,-0.009702,-0.018432,-0.024644,-0.024176,-0.028926,-0.020761,-0.017692,-0.016419,-0.018006,-0.018194,-0.012243,-0.008112,-0.004957,-0.007594,-0.010095,-0.007884,-0.007853,-0.003346,-0.002691,-0.005148,-0.006974,-0.008279,-0.003465,0.000428,-0.000459,-0.001235,-0.000266,0.002861,0.005955,0.004177,-0.001279,0.005038,-0.003452,-0.003993
-0.004571,-0.003687,-0.003338,-0.000845,0.004984,0.004217,0.002514,-0.000969,0.001672,0.006492,0.008898,0.006292,0.008579,0.010800,0.013679,0.018897,0.027257,0.030923,0.042183,0.048627,0.056136,0.065795,0.050875,0.031145,0.025176,0.016218,0.002650,-0.011323,-0.018218,-0.019479,-0.021554,-0.015129,-0.015921,-0.018245,-0.019334,-0.017600,-0.013392,-0.013638,-0.013110,-0.010206,-0.009336,-0.007714,-0.006286,-0.003019,-0.002664,-0.002919,-0.001969,-0.005727,-0.002117,0.000169,0.001268,-0.002579,-0.000641,0.001120,0.001434,0.001100,-0.003141,0.001741,-0.006266,-0.003577
-0.005621,-0.004504,-0.003542,-0.001534,0.001818,0.003138,0.003650,-0.003066,-0.004202,-0.000236,0.001492,-0.000933,0.002032,0.006073,0.005785,0.007863,0.014610,0.018762,0.025354,0.026733,0.031596,0.050875,0.058478,0.044562,0.033686,0.022616,0.011290,-0.001093,-0.008932,-0.013544,-0.012339,-0.006728,-0.010603,-0.014668,-0.016058,-0.013999,-0.013983,-0.016458,-0.015785,-0.010510,-0.006992,-0.004601,-0.004588,-0.004590,-0.006008,-0.004129,-0.001253,-0.005715,-0.001753,-0.000151,0.000936,-0.001838,-0.000967,0.000444,0.000345,-0.000793,-0.002981,0.001246,-0.006144,-0.003472
-0.006536,-0.004972,-0.003561,-0.002139,-0.002164,-0.001419,0.002463,-0.004115,-0.005296,-0.004316,-0.001354,-0.004519,-0.004726,0.000126,-0.001775,-0.002396,0.001435,0.005415,0.010510,0.008915,0.015390,0.031145,0.044562,0.049962,0.045299,0.031733,0.019633,0.008765,0.002051,-0.006630,-0.006190,-0.002724,-0.007382,-0.012645,-0.014651,-0.012965,-0.014649,-0.016966,-0.016171,-0.011259,-0.007588,-0.003961,-0.004115,-0.002584,-0.005216,-0.004219,-0.000736,-0.002605,-0.001058,-0.003190,0.000203,-0.004281,-0.005798,-0.000862,-0.002660,-0.002581,-0.003740,-0.001757,-0.006341,-0.003289
-0.010817,-0.009303,-0.006967,-0.004783,-0.005052,-0.005309,-0.000328,-0.008867,-0.004927,-0.003546,-0.001219,-0.004649,-0.007165,-0.004242,-0.008146,-0.009190,-0.005997,-0.003989,0.001202,0.001224,0.009891,0.025176,0.033686,0.045299,0.058457,0.051665,0.034550,0.018563,0.009685,-0.000226,-0.002263,-0.001562,-0.006662,-0.013233,-0.015857,-0.016801,-0.017321,-0.019248,-0.016131,-0.012789,-0.012100,-0.008202,-0.005462,-0.000706,-0.002924,-0.003172,0.000804,-0.001466,-0.002388,-0.003866,-0.002202,-0.009268,-0.009779,-0.003587,-0.006282,-0.003295,-0.005862,-0.005194,-0.011078,-0.006299
-0.013418,-0.011967,-0.009696,-0.007047,-0.006182,-0.007545,-0.002456,-0.010458,-0.002366,-0.000617,-0.001003,-0.005951,-0.008362,-0.007074,-0.012794,-0.016088,-0.015382,-0.016110,-0.011272,-0.006770,0.002049,0.016218,0.022616,0.031733,0.051665,0.065900,0.053034,0.030731,0.019706,0.009453,0.002465,-0.000531,-0.005674,-0.012029,-0.015667,-0.016486,-0.017127,-0.017645,-0.013136,-0.013136,-0.014827,-0.008045,-0.002431,0.002747,0.001807,-0.002186,0.000842,-0.001474,-0.002895,-0.005720,-0.001500,-0.010961,-0.010887,-0.005367,-0.009737,-0.005697,-0.010302,-0.006080,-0.013583,-0.008396
-0.011796,-0.010221,-0.008405,-0.006577,-0.007477,-0.007451,-0.003762,-0.008611,-0.000662,0.000914,-0.000910,-0.004445,-0.009208,-0.010679,-0.017572,-0.022715,-0.022813,-0.025526,-0.021617,-0.016416,-0.009702,0.002650,0.011290,0.019633,0.034550,0.053034,0.060609,0.046878,0.031796,0.016833,0.008561,0.003188,-0.004714,-0.011497,-0.013900,-0.012038,-0.012028,-0.010626,-0.009459,-0.012460,-0.013320,-0.005830,-0.000015,0.003413,0.003536,-0.002090,-0.000148,-0.000761,-0.002841,-0.005726,-0.000335,-0.009117,-0.009860,-0.005430,-0.010614,-0.008793,-0.010210,-0.007578,-0.013462,-0.007703
-0.007627,-0.007444,-0.006817,-0.005415,-0.009340,-0.004539,-0.003373,-0.004645,0.001250,0.000728,-0.001815,-0.003274,-0.008586,-0.014404,-0.022090,-0.029907,-0.032269,-0.033493,-0.030688,-0.024242,-0.018432,-0.011323,-0.001093,0.008765,0.018563,0.030731,0.046878,0.057100,0.050113,0.030659,0.020030,0.010600,0.002025,-0.004288,-0.006554,-0.007464,-0.009028,-0.004781,-0.003693,-0.009379,-0.011751,-0.004489,0.001910,0.005272,0.006245,0.001458,0.001807,0.002825,-0.000470,-0.003373,0.000355,-0.004781,-0.006134,-0.005900,-0.011620,-0.007129,-0.007730,-0.008142,-0.012472,-0.006307
-0.006804,-0.007866,-0.006901,-0.006559,-0.011153,-0.004679,-0.003888,-0.006372,-0.002864,-0.004765,-0.005884,-0.004343,-0.009050,-0.014224,-0.021422,-0.031948,-0.035618,-0.034890,-0.032138,-0.029242,-0.024644,-0.018218,-0.008932,0.002051,0.009685,0.019706,0.031796,0.050113,0.063957,0.046212,0.029105,0.013518,0.011132,0.005247,-0.002109,-0.006442,-0.009327,-0.003912,-0.002253,-0.005220,-0.008770,-0.001319,0.004414,0.005954,0.006619,0.003606,0.005713,0.006806,0.002701,-0.003432,0.000444,-0.004401,-0.004665,-0.006403,-0.013945,-0.007598,-0.011005,-0.010188,-0.012283,-0.006519
-0.001310,-0.003905,-0.003275,-0.004876,-0.008904,-0.002751,-0.002201,-0.000807,0.002495,-0.000782,-0.004287,-0.005661,-0.007968,-0.010697,-0.014424,-0.022238,-0.027837,-0.027840,-0.028714,-0.025928,-0.024176,-0.019479,-0.013544,-0.006630,-0.000226,0.009453,0.016833,0.030659,0.046212,0.049714,0.039183,0.021827,0.017166,0.013427,0.008034,0.003356,0.001131,0.004535,0.003711,0.003862,0.002209,0.003722,0.008291,0.007674,0.011242,0.010065,0.008131,0.009375,0.005412,0.002251,-0.000134,-0.002435,0.000177,-0.005944,-0.009608,-0.002031,-0.003830,-0.005239,-0.006930,-0.002965
0.000688,-0.001231,-0.000970,-0.004148,-0.007342,0.001300,-0.001575,-0.000315,0.002062,-0.001188,-0.004484,-0.003534,-0.004777,-0.008579,-0.012307,-0.017242,-0.021513,-0.021277,-0.027711,-0.030093,-0.028926,-0.021554,-0.012339,-0.006190,-0.002263,0.002465,0.008561,0.020030,0.029105,0.039183,0.049103,0.036715,0.022832,0.017002,0.014523,0.009925,0.006351,0.007150,0.007539,0.009106,0.009429,0.008464,0.011371,0.008322,0.011028,0.010927,0.009009,0.011385,0.007753,0.005813,-0.000423,-0.000219,0.003728,-0.005379,-0.007122,-0.001237,-0.000518,-0.001605,-0.004089,-0.000925
0.000556,-0.000426,-0.000922,-0.004262,-0.006015,-0.000644,-0.005015,-0.002954,0.002743,0.000253,-0.002839,-0.002076,-0.003160,-0.008017,-0.013313,-0.014541,-0.016134,-0.015324,-0.020081,-0.020569,-0.020761,-0.015129,-0.006728,-0.002724,-0.001562,-0.000531,0.003188,0.010600,0.013518,0.021827,0.036715,0.043140,0.032135,0.023060,0.018988,0.016228,0.012693,0.010003,0.012094,0.012730,0.012660,0.010834,0.012552,0.011412,0.011711,0.009227,0.005533,0.009482,0.007141,0.006769,-0.000135,0.000652,0.004031,-0.002658,-0.004871,0.001023,0.000975,0.000955,-0.002281,-0.001120
-0.001420,-0.004942,-0.004567,-0.005776,-0.006118,-0.005036,-0.006139,-0.004365,-0.000173,-0.003770,-0.005832,-0.003526,-0.006329,-0.011120,-0.017224,-0.018707,-0.017675,-0.015861,-0.015521,-0.015676,-0.017692,-0.015921,-0.010603,-0.007382,-0.006662,-0.005674,-0.004714,0.002025,0.011132,0.017166,0.022832,0.032135,0.041685,0.036580,0.025567,0.018715,0.014392,0.011638,0.012918,0.014682,0.014123,0.011851,0.011600,0.008686,0.007282,0.005335,0.001934,0.005637,0.003762,0.005166,-0.000901,-0.000263,0.003193,-0.000932,-0.006277,0.001825,0.001616,-0.001114,0.000073,-0.000767
-0.001376,-0.003537,-0.003770,-0.005010,-0.005367,-0.002550,-0.005185,-0.001332,-0.000309,-0.006335,-0.007841,-0.005679,-0.008142,-0.012641,-0.016039,-0.016353,-0.015543,-0.012906,-0.013456,-0.013419,-0.016419,-0.018245,-0.014668,-0.012645,-0.013233,-0.012029,-0.011497,-0.004288,0.005247,0.013427,0.017002,0.023060,0.036580,0.048045,0.046038,0.035488,0.024482,0.018729,0.017693,0.018691,0.017866,0.012775,0.012381,0.008469,0.006445,0.005991,0.000131,0.000168,-0.000215,0.004914,-0.001774,0.001582,0.002218,0.002651,-0.005060,0.003438,0.003373,0.000973,0.003597,0.001845
0.001803,0.002011,0.000184,-0.001867,-0.003285,0.001180,-0.002751,0.002747,0.001302,-0.006498,-0.010597,-0.011990,-0.010988,-0.012826,-0.012850,-0.009812,-0.010014,-0.008862,-0.015832,-0.017897,-0.018006,-0.019334,-0.016058,-0.014651,-0.015857,-0.015667,-0.013900,-0.006554,-0.002109,0.008034,0.014523,0.018988,0.025567,0.046038,0.063603,0.055834,0.039782,0.027479,0.020595,0.021136,0.020756,0.012579,0.013063,0.011477,0.007570,0.007394,-0.000483,-0.002730,-0.002267,0.003848,-0.002396,0.003128,0.001460,0.003479,-0.004269,0.004313,0.005860,0.002350,0.008245,0.005914
0.004030,0.004883,0.003546,0.000750,-0.002313,0.000433,-0.001390,0.005245,0.002300,-0.004557,-0.009656,-0.012719,-0.010912,-0.011747,-0.011081,-0.007974,-0.009048,-0.010215,-0.018059,-0.019835,-0.018194,-0.017600,-0.013999,-0.012965,-0.016801,-0.016486,-0.012038,-0.007464,-0.006442,0.003356,0.009925,0.016228,0.018715,0.035488,0.055834,0.063801,0.051276,0.034881,0.024627,0.023333,0.020190,0.012730,0.013779,0.013611,0.009679,0.005517,-0.000825,0.001282,0.002230,0.002162,-0.000481,0.004115,0.000900,0.004853,-0.002909,0.001081,0.007418,0.003759,0.011413,0.007412
0.006782,0.006471,0.005415,0.001551,-0.001552,-0.001628,-0.002050,0.005029,0.005373,0.000567,-0.004823,-0.007293,-0.007393,-0.008785,-0.008496,-0.004631,-0.003128,-0.005455,-0.010798,-0.012488,-0.012243,-0.013392,-0.013983,-0.014649,-0.017321,-0.017127,-0.012028,-0.009028,-0.009327,0.001131,0.006351,0.012693,0.014392,0.024482,0.039782,0.051276,0.051135,0.038156,0.025024,0.020651,0.018685,0.011195,0.010613,0.011396,0.010552,0.006921,0.000899,0.004253,0.004791,0.003190,-0.000735,0.004416,0.003477,0.003465,0.000282,0.002319,0.008802,0.005245,0.010702,0.006014
0.006465,0.004949,0.003374,0.000990,-0.000127,-0.001824,-0.001604,0.006018,0.006988,0.001791,-0.002234,-0.001729,-0.001705,-0.005261,-0.006416,-0.004267,-0.004915,-0.006321,-0.007347,-0.005780,-0.008112,-0.013638,-0.016458,-0.016966,-0.019248,-0.017645,-0.010626,-0.004781,-0.003912,0.004535,0.007150,0.010003,0.011638,0.018729,0.027479,0.034881,0.038156,0.040579,0.030568,0.018060,0.014534,0.009976,0.011371,0.012504,0.012980,0.007414,0.000992,0.003930,0.003958,0.005274,-0.000226,0.004932,0.004464,0.003538,0.003333,0.004384,0.004772,0.005628,0.008954,0.004784
0.005843,0.004288,0.003034,0.001612,0.002730,0.001374,-0.001373,0.006222,0.006474,0.004224,0.002695,0.004855,0.003973,-0.002280,-0.007089,-0.007514,-0.011898,-0.010971,-0.007088,-0.002484,-0.004957,-0.013110,-0.015785,-0.016171,-0.016131,-0.013136,-0.009459,-0.003693,-0.002253,0.003711,0.007539,0.012094,0.012918,0.017693,0.020595,0.024627,0.025024,0.030568,0.038215,0.025302,0.014430,0.011099,0.014315,0.016718,0.017551,0.008314,0.002701,0.007187,0.008640,0.006892,0.000624,0.003975,0.006087,0.004184,0.005455,0.005415,0.005164,0.007544,0.009868,0.004090
0.004248,0.002629,0.002718,0.001203,0.002436,0.003293,0.000094,0.005201,0.003449,0.003445,0.002188,0.003576,0.002545,-0.001592,-0.004089,-0.004321,-0.009995,-0.008125,-0.007084,-0.006295,-0.007594,-0.010206,-0.010510,-0.011259,-0.012789,-0.013136,-0.012460,-0.009379,-0.005220,0.003862,0.009106,0.012730,0.014682,0.018691,0.021136,0.023333,0.020651,0.018060,0.025302,0.028512,0.022054,0.015194,0.013693,0.014804,0.015940,0.009708,0.006169,0.009570,0.010082,0.005358,0.001625,0.003038,0.005035,0.001191,0.002340,0.003298,0.003767,0.003589,0.008334,0.004325
0.005139,0.004027,0.003422,0.001197,0.003753,0.003863,0.001057,0.004102,0.001333,0.000927,-0.000250,0.001585,0.000974,-0.001340,-0.002806,-0.001532,-0.005221,-0.003034,-0.005199,-0.008733,-0.010095,-0.009336,-0.006992,-0.007588,-0.012100,-0.014827,-0.013320,-0.011751,-0.008770,0.002209,0.009429,0.012660,0.014123,0.017866,0.020756,0.020190,0.018685,0.014534,0.014430,0.022054,0.028314,0.021925,0.014778,0.011548,0.014055,0.012193,0.008278,0.009684,0.009066,0.005970,0.002842,0.005388,0.006488,0.000488,0.002236,0.002833,0.002835,0.002917,0.007739,0.005304
0.007089,0.005391,0.002534,0.000582,0.002690,0.003015,0.001860,0.004631,0.000799,-0.000597,0.000577,0.004090,0.003525,0.000674,-0.003482,-0.004836,-0.009711,-0.007515,-0.008174,-0.008048,-0.007884,-0.007714,-0.004601,-0.003961,-0.008202,-0.008045,-0.005830,-0.004489,-0.001319,0.003722,0.008464,0.010834,0.011851,0.012775,0.012579,0.012730,0.011195,0.009976,0.011099,0.015194,0.021925,0.025534,0.018365,0.013011,0.016701,0.012324,0.009157,0.012671,0.011975,0.005823,0.005533,0.006196,0.005132,-0.000677,0.004089,0.003087,0.001401,0.004753,0.005362,0.002975
0.004598,0.002582,0.000818,-0.000327,0.000464,0.001190,-0.000552,0.002049,0.001481,0.000875,0.001888,0.004332,0.002225,-0.002442,-0.007078,-0.009099,-0.013399,-0.011548,-0.011174,-0.009609,-0.007853,-0.006286,-0.004588,-0.004115,-0.005462,-0.002431,-0.000015,0.001910,0.004414,0.008291,0.011371,0.012552,0.011600,0.012381,0.013063,0.013779,0.010613,0.011371,0.014315,0.013693,0.014778,0.018365,0.021691,0.019166,0.019817,0.012166,0.008557,0.012236,0.011746,0.006112,0.003790,0.003343,0.004040,-0.001937,0.002201,0.003532,0.000987,0.004363,0.004376,0.003195
0.002651,0.001339,0.000563,-0.000017,0.001413,0.000722,0.000414,0.002778,0.006174,0.006741,0.005920,0.005080,0.003334,-0.002435,-0.007374,-0.007335,-0.011960,-0.010489,-0.007443,-0.005742,-0.003346,-0.003019,-0.004590,-0.002584,-0.000706,0.002747,0.003413,0.005272,0.005954,0.007674,0.008322,0.011412,0.008686,0.008469,0.011477,0.013611,0.011396,0.012504,0.016718,0.014804,0.011548,0.013011,0.019166,0.027064,0.026946,0.014388,0.009227,0.014151,0.012227,0.004327,0.003285,0.001957,0.001955,-0.002737,0.001330,0.003511,0.000847,0.003812,0.003235,0.001832
0.007426,0.005719,0.002901,0.001382,0.004176,0.003419,0.001933,0.007619,0.011040,0.011030,0.009815,0.007862,0.007167,0.000275,-0.005320,-0.005355,-0.011577,-0.012458,-0.009331,-0.003876,-0.002691,-0.002664,-0.006008,-0.005216,-0.002924,0.001807,0.003536,0.006245,0.006619,0.011242,0.011028,0.011711,0.007282,0.006445,0.007570,0.009679,0.010552,0.012980,0.017551,0.015940,0.014055,0.016701,0.019817,0.026946,0.039854,0.025035,0.016507,0.021855,0.019532,0.010105,0.005401,0.006558,0.003976,-0.002321,0.005457,0.004175,0.001510,0.005345,0.004125,0.001545
0.006229,0.004877,0.002952,0.000837,0.002235,0.001924,0.000358,0.003286,0.004994,0.004966,0.003826,0.003195,0.002943,-0.000495,-0.002966,-0.002870,-0.007207,-0.007832,-0.007063,-0.005202,-0.005148,-0.002919,-0.004129,-0.004219,-0.003172,-0.002186,-0.002090,0.001458,0.003606,0.010065,0.010927,0.009227,0.005335,0.005991,0.007394,0.005517,0.006921,0.007414,0.008314,0.009708,0.012193,0.012324,0.012166,0.014388,0.025035,0.021883,0.015748,0.016247,0.013270,0.009677,0.003687,0.006590,0.004425,-0.001308,0.005362,0.006555,0.003513,0.004687,0.004428,0.002353
0.003665,0.002328,0.002268,0.000842,0.002074,0.000708,0.000416,-0.000442,0.000133,0.001531,0.001180,0.001718,0.000832,-0.000601,-0.002645,-0.003539,-0.006228,-0.006281,-0.004938,-0.007158,-0.006974,-0.001969,-0.001253,-0.000736,0.000804,0.000842,-0.000148,0.001807,0.005713,0.008131,0.009009,0.005533,0.001934,0.000131,-0.000483,-0.000825,0.000899,0.000992,0.002701,0.006169,0.008278,0.009157,0.008557,0.009227,0.016507,0.015748,0.016326,0.017882,0.014444,0.007420,0.003802,0.003482,0.001998,-0.001073,0.002859,0.003509,0.001046,0.002398,0.001940,0.000492
0.006428,0.005323,0.005245,0.002929,0.004261,0.001658,0.002761,0.004045,0.004581,0.007648,0.005978,0.003605,0.002807,0.001535,-0.002431,-0.003577,-0.006960,-0.008800,-0.006743,-0.009087,-0.008279,-0.005727,-0.005715,-0.002605,-0.001466,-0.001474,-0.000761,0.002825,0.006806,0.009375,0.011385,0.009482,0.005637,0.000168,-0.002730,0.001282,0.004253,0.003930,0.007187,0.009570,0.009684,0.012671,0.012236,0.014151,0.021855,0.016247,0.017882,0.029988,0.025240,0.007874,0.006741,0.004096,0.002846,-0.001396,0.004137,0.003308,0.004287,0.005336,0.005118,0.000999
0.007463,0.005793,0.004283,0.002569,0.003299,0.002778,0.002943,0.005984,0.004470,0.007411,0.006236,0.004092,0.003447,0.003204,-0.000456,-0.000971,-0.004530,-0.005654,-0.003175,-0.003966,-0.003465,-0.002117,-0.001753,-0.001058,-0.002388,-0.002895,-0.002841,-0.000470,0.002701,0.005412,0.007753,0.007141,0.003762,-0.000215,-0.002267,0.002230,0.004791,0.003958,0.008640,0.010082,0.009066,0.011975,0.011746,0.012227,0.019532,0.013270,0.014444,0.025240,0.027632,0.009987,0.005812,0.003321,0.002546,-0.000766,0.005903,0.001150,0.004067,0.006639,0.005229,0.000234
0.005788,0.003043,0.000846,0.000560,0.001589,0.003081,0.002226,0.002480,0.003349,0.003520,0.001829,0.002979,0.004520,0.004364,0.001808,0.002065,0.000511,0.000752,0.001475,0.003664,0.000428,0.000169,-0.000151,-0.003190,-0.003866,-0.005720,-0.005726,-0.003373,-0.003432,0.002251,0.005813,0.006769,0.005166,0.004914,0.003848,0.002162,0.003190,0.005274,0.006892,0.005358,0.005970,0.005823,0.006112,0.004327,0.010105,0.009677,0.007420,0.007874,0.009987,0.015958,0.002773,0.003545,0.005716,0.001638,0.007519,0.005827,0.006059,0.005264,0.003064,0.001033
0.002595,0.002986,0.001654,0.001433,0.002971,0.002950,0.002695,0.002461,0.001373,0.003343,0.003411,0.002259,0.003862,0.003231,0.002171,0.001175,-0.001730,-0.002515,-0.001174,-0.000132,-0.000459,0.001268,0.000936,0.000203,-0.002202,-0.001500,-0.000335,0.000355,0.000444,-0.000134,-0.000423,-0.000135,-0.000901,-0.001774,-0.002396,-0.000481,-0.000735,-0.000226,0.000624,0.001625,0.002842,0.005533,0.003790,0.003285,0.005401,0.003687,0.003802,0.006741,0.005812,0.002773,0.007898,0.004124,0.002392,0.000802,0.001988,0.000617,0.000764,0.001879,0.002314,0.001306
0.007781,0.007454,0.004930,0.004110,0.005345,0.006486,0.003729,0.006700,0.003641,0.003904,0.003655,0.004000,0.005448,0.003493,0.004158,0.004030,0.000698,0.000256,-0.000249,0.001330,-0.001235,-0.002579,-0.001838,-0.004281,-0.009268,-0.010961,-0.009117,-0.004781,-0.004401,-0.002435,-0.000219,0.000652,-0.000263,0.001582,0.003128,0.004115,0.004416,0.004932,0.003975,0.003038,0.005388,0.006196,0.003343,0.001957,0.006558,0.006590,0.003482,0.004096,0.003321,0.003545,0.004124,0.011163,0.005099,0.003363,0.005034,0.003658,0.002604,0.004477,0.005859,0.003158
0.007453,0.005996,0.005229,0.003439,0.005713,0.005748,0.002364,0.001290,0.000656,0.001617,0.001608,0.001826,0.003783,0.002759,0.000778,0.001276,0.001844,0.002121,0.002495,0.002364,-0.000266,-0.000641,-0.000967,-0.005798,-0.009779,-0.010887,-0.009860,-0.006134,-0.004665,0.000177,0.003728,0.004031,0.003193,0.002218,0.001460,0.000900,0.003477,0.004464,0.006087,0.005035,0.006488,0.005132,0.004040,0.001955,0.003976,0.004425,0.001998,0.002846,0.002546,0.005716,0.002392,0.005099,0.016732,0.003846,0.005463,0.006593,0.008533,0.007316,0.005744,0.003659
0.002317,0.002912,0.002558,0.000841,0.002280,0.002805,0.001154,0.001298,-0.000551,-0.001770,-0.003200,-0.002686,0.000052,0.000327,-0.000296,0.000861,0.001319,0.000687,0.003357,0.004525,0.002861,0.001120,0.000444,-0.000862,-0.003587,-0.005367,-0.005430,-0.005900,-0.006403,-0.005944,-0.005379,-0.002658,-0.000932,0.002651,0.003479,0.004853,0.003465,0.003538,0.004184,0.001191,0.000488,-0.000677,-0.001937,-0.002737,-0.002321,-0.001308,-0.001073,-0.001396,-0.000766,0.001638,0.000802,0.003363,0.003846,0.018360,0.004367,0.004662,0.006213,0.006370,0.005467,0.000479
0.007019,0.007101,0.004370,0.004385,0.006547,0.002764,0.004254,0.007741,0.004018,0.004579,0.006722,0.006811,0.011770,0.013916,0.013633,0.014651,0.013474,0.012163,0.012154,0.011553,0.005955,0.001434,0.000345,-0.002660,-0.006282,-0.009737,-0.010614,-0.011620,-0.013945,-0.009608,-0.007122,-0.004871,-0.006277,-0.005060,-0.004269,-0.002909,0.000282,0.003333,0.005455,0.002340,0.002236,0.004089,0.002201,0.001330,0.005457,0.005362,0.002859,0.004137,0.005903,0.007519,0.001988,0.005034,0.005463,0.004367,0.020264,0.009642,0.011014,0.012171,0.008201,0.002484
0.005382,0.004551,0.003163,0.002844,0.004906,0.003079,0.001670,0.003727,0.002724,0.001784,0.001208,0.002561,0.004660,0.004833,0.004796,0.005959,0.003839,0.003400,0.005673,0.006677,0.004177,0.001100,-0.000793,-0.002581,-0.003295,-0.005697,-0.008793,-0.007129,-0.007598,-0.002031,-0.001237,0.001023,0.001825,0.003438,0.004313,0.001081,0.002319,0.004384,0.005415,0.003298,0.002833,0.003087,0.003532,0.003511,0.004175,0.006555,0.003509,0.003308,0.001150,0.005827,0.000617,0.003658,0.006593,0.004662,0.009642,0.020640,0.012752,0.008785,0.008422,0.004271
0.007569,0.005071,0.005914,0.004716,0.005238,0.002926,0.005371,0.007733,0.003963,0.003929,0.002852,0.001558,0.003050,0.004991,0.005847,0.006957,0.006369,0.003283,0.002685,0.000713,-0.001279,-0.003141,-0.002981,-0.003740,-0.005862,-0.010302,-0.010210,-0.007730,-0.011005,-0.003830,-0.000518,0.000975,0.001616,0.003373,0.005860,0.007418,0.008802,0.004772,0.005164,0.003767,0.002835,0.001401,0.000987,0.000847,0.001510,0.003513,0.001046,0.004287,0.004067,0.006059,0.000764,0.002604,0.008533,0.006213,0.011014,0.012752,0.029386,0.012004,0.009715,0.005403
0.006786,0.005133,0.004059,0.003848,0.006160,0.004366,0.004788,0.007017,0.004253,0.004340,0.003532,0.000791,0.004260,0.006520,0.005546,0.006814,0.005506,0.005159,0.007407,0.007476,0.005038,0.001741,0.001246,-0.001757,-0.005194,-0.006080,-0.007578,-0.008142,-0.010188,-0.005239,-0.001605,0.000955,-0.001114,0.000973,0.002350,0.003759,0.005245,0.005628,0.007544,0.003589,0.002917,0.004753,0.004363,0.003812,0.005345,0.004687,0.002398,0.005336,0.006639,0.005264,0.001879,0.004477,0.007316,0.006370,0.012171,0.008785,0.012004,0.017216,0.010489,0.003355
0.007780,0.006749,0.006169,0.005887,0.008201,0.004509,0.004326,0.007321,0.001383,0.001623,-0.000145,-0.001544,0.001813,0.003882,0.004540,0.005490,0.002528,0.000134,-0.000078,-0.001665,-0.003452,-0.006266,-0.006144,-0.006341,-0.011078,-0.013583,-0.013462,-0.012472,-0.012283,-0.006930,-0.004089,-0.002281,0.000073,0.003597,0.008245,0.011413,0.010702,0.008954,0.009868,0.008334,0.007739,0.005362,0.004376,0.003235,0.004125,0.004428,0.001940,0.005118,0.005229,0.003064,0.002314,0.005859,0.005744,0.005467,0.008201,0.008422,0.009715,0.010489,0.019569,0.009884
0.006755,0.005542,0.005028,0.005268,0.006037,0.003197,0.002792,0.004787,0.000719,0.001158,0.000354,0.000410,0.000746,0.001272,0.002375,0.002635,0.001704,0.001224,-0.001017,-0.003709,-0.003993,-0.003577,-0.003472,-0.003289,-0.006299,-0.008396,-0.007703,-0.006307,-0.006519,-0.002965,-0.000925,-0.001120,-0.000767,0.001845,0.005914,0.007412,0.006014,0.004784,0.004090,0.004325,0.005304,0.002975,0.003195,0.001832,0.001545,0.002353,0.000492,0.000999,0.000234,0.001033,0.001306,0.003158,0.003659,0.000479,0.002484,0.004271,0.005403,0.003355,0.009884,0.012708
