0.039665,-0.001190,-0.000592,-0.001737,-0.000967,0.001292,0.002501,-0.002336,0.000357,0.000932,0.000706,-0.000487,0.000196,-0.001084,0.001863,0.002290,-0.000072,0.000138
-0.001190,0.036119,0.000174,-0.002183,0.002595,-0.000610,-0.000387,-0.000689,0.000601,0.004062,-0.001448,0.001044,-0.000396,-0.000447,-0.001024,0.000988,0.002005,0.000958
-0.000592,0.000174,0.036761,-0.001319,-0.000608,0.001689,-0.000078,-0.000423,0.000587,0.001188,0.000653,-0.000592,0.002844,-0.000242,-0.000460,0.000045,0.002564,-0.000737
-0.001737,-0.002183,-0.001319,0.029493,-0.000747,0.000355,-0.001525,-0.000337,-0.000524,0.000377,-0.000942,-0.000238,-0.000007,-0.000540,-0.001958,-0.001750,0.001816,0.001593
-0.000967,0.002595,-0.000608,-0.000747,0.038709,-0.001571,-0.002050,0.000685,-0.000124,-0.001612,-0.000809,-0.001726,-0.002849,-0.002550,-0.000474,0.001566,-0.002477,-0.002174
0.001292,-0.000610,0.001689,0.000355,-0.001571,0.022533,-0.000066,-0.000849,0.001966,0.000665,0.000905,-0.000026,-0.001763,-0.001140,0.000336,0.003313,0.003881,-0.001419
0.002501,-0.000387,-0.000078,-0.001525,-0.002050,-0.000066,0.037566,-0.002535,0.001047,-0.002626,-0.000665,-0.000493,-0.002400,-0.001615,0.000911,0.001492,0.000657,0.000386
-0.002336,-0.000689,-0.000423,-0.000337,0.000685,-0.000849,-0.002535,0.033467,0.003308,-0.000422,-0.000584,0.000748,0.000516,-0.001698,0.001874,0.002084,0.001213,-0.003443
0.000357,0.000601,0.000587,-0.000524,-0.000124,0.001966,0.001047,0.003308,0.026820,0.000718,0.000407,-0.001389,0.002275,0.000230,0.003414,0.001738,0.000795,-0.000307
0.000932,0.004062,0.001188,0.000377,-0.001612,0.000665,-0.002626,-0.000422,0.000718,0.029481,-0.001337,-0.002067,0.003623,-0.000854,-0.000603,0.001348,0.002550,-0.001680
0.000706,-0.001448,0.000653,-0.000942,-0.000809,0.000905,-0.000665,-0.000584,0.000407,-0.001337,0.028774,-0.000014,0.005615,0.001286,0.002169,-0.001530,0.002734,-0.001243
-0.000487,0.001044,-0.000592,-0.000238,-0.001726,-0.000026,-0.000493,0.000748,-0.001389,-0.002067,-0.000014,0.029490,-0.001329,0.001594,0.001684,-0.000559,0.001331,-0.002362
0.000196,-0.000396,0.002844,-0.000007,-0.002849,-0.001763,-0.002400,0.000516,0.002275,0.003623,0.005615,-0.001329,0.029273,0.001095,0.001039,-0.001159,-0.000819,-0.001073
-0.001084,-0.000447,-0.000242,-0.000540,-0.002550,-0.001140,-0.001615,-0.001698,0.000230,-0.000854,0.001286,0.001594,0.001095,0.025397,0.000798,0.001594,0.000786,-0.001771
0.001863,-0.001024,-0.000460,-0.001958,-0.000474,0.000336,0.000911,0.001874,0.003414,-0.000603,0.002169,0.001684,0.001039,0.000798,0.023849,0.000943,-0.001007,-0.001108
0.002290,0.000988,0.000045,-0.001750,0.001566,0.003313,0.001492,0.002084,0.001738,0.001348,-0.001530,-0.000559,-0.001159,0.001594,0.000943,0.021258,0.001392,-0.000355
-0.000072,0.002005,0.002564,0.001816,-0.002477,0.003881,0.000657,0.001213,0.000795,0.002550,0.002734,0.001331,-0.000819,0.000786,-0.001007,0.001392,0.029299,-0.001217
0.000138,0.000958,-0.000737,0.001593,-0.002174,-0.001419,0.000386,-0.003443,-0.000307,-0.001680,-0.001243,-0.002362,-0.001073,-0.001771,-0.001108,-0.000355,-0.001217,0.035398
