0.000009,-0.000004,-0.000005,0.000006,-0.000003,-0.000011,-0.000013,0.000013,-0.000020,0.000017,-0.000026,-0.000031,-0.000035,-0.000028,-0.000035,-0.000044,-0.000025,0.000143,0.000005,-0.000059,0.000105,0.000048,0.000061,-0.000070,-0.000080,-0.000076,-0.000071,-0.000065,-0.000043,-0.000052,-0.000055,-0.000039,0.000026,0.000091,-0.000033,0.000016,0.000064,0.000032,-0.000036,-0.000030,-0.000024,-0.000009,0.000016,0.000003,-0.000000,-0.000016,0.000003,-0.000008,-0.000005,-0.000002,-0.000001,-0.000001,-0.000001,-0.000001,-0.000001,-0.000001,-0.000001,0.000001,-0.000001,-0.000001
-0.000004,0.000612,0.000294,-0.000017,-0.000143,-0.000096,-0.000107,0.000362,-0.000052,-0.000235,0.000217,0.000101,-0.000191,-0.000347,0.000347,-0.000345,-0.000535,0.000356,0.000380,-0.000421,-0.000115,-0.000230,-0.000107,0.001280,0.000536,-0.001095,-0.000068,-0.000935,-0.001186,0.000066,0.000954,-0.000066,0.000182,-0.000032,-0.000172,0.000720,0.000182,-0.000191,0.000072,0.000068,0.000759,0.000618,0.000475,0.000074,-0.000304,0.000139,0.000225,-0.000054,0.000026,0.000064,0.000026,0.000007,0.000005,0.000006,0.000029,0.000003,0.000025,0.000004,-0.000015,0.000012
-0.000005,0.000294,0.000829,0.000067,-0.000106,0.000195,-0.000214,0.000269,0.000256,-0.000441,0.000247,0.000260,0.000948,-0.000360,0.000355,-0.000052,-0.000113,0.000647,0.000096,0.000864,-0.000568,-0.001017,-0.001156,0.001600,0.000465,-0.000646,-0.000821,-0.000930,-0.000778,0.000277,0.000310,-0.000369,-0.000115,-0.000140,-0.000209,-0.000450,-0.000443,0.000077,-0.000007,-0.000034,0.000189,0.000409,0.000194,-0.000017,-0.000312,0.000397,0.000116,0.000045,-0.000047,0.000027,0.000037,0.000022,0.000014,0.000009,0.000004,-0.000010,0.000037,0.000009,0.000025,-0.000003
0.000006,-0.000017,0.000067,0.000704,0.000053,0.000098,-0.000063,-0.000026,-0.000003,-0.000125,0.000206,-0.000497,0.000568,-0.000933,0.000163,0.000341,0.000362,-0.000205,-0.000370,0.000893,0.000254,-0.000106,-0.000202,-0.000638,-0.000542,-0.000305,0.000452,0.000239,0.000101,-0.000364,0.000023,0.000535,0.000819,-0.000003,-0.000154,0.000276,0.000023,0.000329,-0.000404,-0.000466,0.000363,-0.000111,0.000109,-0.000105,-0.000075,-0.000305,0.000067,-0.000125,-0.000031,-0.000024,0.000023,-0.000010,-0.000002,0.000006,-0.000012,0.000004,-0.000012,0.000017,0.000024,0.000003
-0.000003,-0.000143,-0.000106,0.000053,0.002624,0.000224,0.000436,-0.000363,0.001022,-0.000008,-0.000359,-0.000204,0.000321,-0.000060,-0.000834,-0.000543,0.001007,-0.000501,0.000381,0.001033,-0.001239,-0.000522,-0.001081,0.001502,0.001057,-0.001066,-0.000012,-0.000481,0.001074,0.000853,-0.002354,0.000255,-0.001096,-0.001333,-0.000480,0.001234,0.000833,-0.000842,0.002172,-0.000977,0.000402,-0.000154,0.000333,0.000437,0.000087,0.000102,0.000089,0.000122,-0.000221,-0.000069,0.000038,-0.000018,0.000034,-0.000012,-0.000019,0.000008,0.000000,-0.000028,0.000094,-0.000005
-0.000011,-0.000096,0.000195,0.000098,0.000224,0.003038,0.000143,-0.000430,0.000978,-0.000135,0.000342,0.000059,0.000838,-0.000142,0.000208,0.000318,-0.000421,0.000042,-0.001666,0.002325,0.001485,-0.000745,0.000721,0.001875,-0.000052,0.001753,0.001026,-0.002769,-0.000294,-0.000333,-0.001136,0.001294,-0.001003,0.000131,-0.000782,0.000066,0.001052,0.000344,-0.000833,0.000109,-0.000337,0.000601,-0.000188,0.000020,0.000333,0.000422,-0.000148,-0.000029,-0.000155,-0.000048,0.000021,0.000013,-0.000004,-0.000028,-0.000017,-0.000005,0.000007,-0.000041,0.000066,-0.000008
-0.000013,-0.000107,-0.000214,-0.000063,0.000436,0.000143,0.004363,-0.000415,-0.000695,-0.000054,-0.000323,0.001287,-0.001044,0.000230,0.002776,-0.000817,0.002074,-0.001535,0.002759,-0.002877,0.001636,-0.002077,0.001670,0.000309,0.002179,0.000838,0.003580,0.000682,0.002450,-0.001293,-0.000287,-0.000669,0.001422,-0.000269,-0.000315,0.000929,-0.001371,-0.000156,-0.000023,0.000334,-0.001006,0.001152,0.000161,0.000485,-0.000164,-0.000460,-0.000088,0.000143,0.000075,0.000052,0.000040,0.000015,0.000057,-0.000010,-0.000034,0.000041,-0.000037,0.000052,-0.000025,0.000004
0.000013,0.000362,0.000269,-0.000026,-0.000363,-0.000430,-0.000415,0.004798,-0.000555,-0.000725,0.001338,0.002218,0.000044,-0.001099,0.002770,-0.001330,-0.002178,0.000428,-0.001289,-0.001701,0.000772,-0.003791,0.000127,0.002134,-0.000186,-0.001508,-0.002184,-0.000651,-0.000302,0.002086,0.000523,0.000935,-0.001404,-0.000550,0.000899,0.000435,0.000027,0.001687,-0.000720,0.000797,0.000483,-0.000583,0.000791,0.000134,0.000205,-0.000164,0.000679,0.000316,-0.000098,0.000311,0.000042,-0.000001,-0.000035,0.000102,-0.000001,0.000087,-0.000015,0.000045,-0.000027,-0.000012
-0.000020,-0.000052,0.000256,-0.000003,0.001022,0.000978,-0.000695,-0.000555,0.012331,0.001191,0.000204,0.002303,0.001901,0.002172,-0.003439,0.002915,-0.001170,-0.001196,0.004645,0.004193,-0.005039,0.001676,-0.001959,0.007252,-0.001026,-0.001458,-0.001480,0.000610,-0.005856,0.003553,0.003702,0.001784,0.000576,0.000165,-0.001390,-0.002917,-0.002169,0.000650,-0.001443,-0.001147,0.002239,-0.001292,-0.000039,-0.000990,0.000432,0.002916,0.000133,-0.000334,-0.000029,-0.000024,-0.000003,0.000090,0.000036,-0.000043,0.000185,-0.000055,0.000060,0.000006,0.000071,-0.000010
0.000017,-0.000235,-0.000441,-0.000125,-0.000008,-0.000135,-0.000054,-0.000725,0.001191,0.010462,0.000250,0.002328,0.001341,0.002373,0.001468,-0.000155,-0.003580,0.005913,0.000882,0.000008,-0.004914,0.000310,-0.001464,-0.007517,-0.000888,-0.001332,0.001262,0.000687,-0.000070,-0.000513,0.000306,0.000757,-0.002692,0.001261,0.000521,-0.002718,0.000193,-0.001866,-0.001603,0.002656,0.001587,-0.002038,-0.001730,-0.000174,0.002051,-0.001048,0.000069,0.000740,0.000297,-0.000049,-0.000110,-0.000019,-0.000051,-0.000058,-0.000010,-0.000060,-0.000048,-0.000019,-0.000057,-0.000018
-0.000026,0.000217,0.000247,0.000206,-0.000359,0.000342,-0.000323,0.001338,0.000204,0.000250,0.017439,-0.000602,0.002583,-0.001824,0.003499,-0.002653,-0.004896,0.004454,-0.001714,0.003520,0.002099,-0.004034,-0.002191,-0.007244,-0.000499,0.004516,-0.006867,-0.004728,0.000433,0.002111,-0.001986,-0.000338,-0.000342,-0.002697,0.000271,0.001816,0.001475,0.001446,-0.001199,-0.000991,-0.000555,0.000108,-0.000027,0.000300,0.002926,-0.000974,0.000770,0.000180,-0.000216,0.000056,0.000114,0.000034,-0.000011,-0.000014,-0.000029,-0.000030,0.000048,-0.000013,-0.000054,-0.000015
-0.000031,0.000101,0.000260,-0.000497,-0.000204,0.000059,0.001287,0.002218,0.002303,0.002328,-0.000602,0.023198,0.005287,0.001311,0.001132,0.002747,0.000827,-0.001659,-0.000288,-0.006251,-0.006895,-0.002625,-0.004601,0.012704,0.006570,0.003101,0.003767,0.005443,0.001500,0.000945,-0.001246,0.000666,-0.003412,0.002675,0.001511,-0.007001,-0.001805,-0.000543,0.001091,0.002508,-0.000886,0.000299,-0.000006,-0.000241,0.002426,0.000061,0.001181,0.000307,0.000143,-0.000017,0.000026,-0.000030,0.000102,0.000098,0.000008,0.000110,-0.000033,0.000012,-0.000138,-0.000092
-0.000035,-0.000191,0.000948,0.000568,0.000321,0.000838,-0.001044,0.000044,0.001901,0.001341,0.002583,0.005287,0.029785,0.002580,0.003577,0.008905,0.004354,0.006835,0.006361,0.006065,-0.000889,0.004574,-0.002325,-0.003017,-0.005139,0.005383,-0.004261,0.005423,-0.003494,0.000648,0.000788,-0.003859,-0.000181,-0.001475,0.000478,-0.002266,-0.004187,-0.000694,0.000081,-0.003187,-0.000953,-0.003169,0.000054,0.000267,0.001149,-0.000383,-0.000479,-0.000675,-0.000477,0.000215,0.000228,0.000137,-0.000060,0.000074,-0.000094,0.000000,0.000111,-0.000171,0.000078,-0.000025
-0.000028,-0.000347,-0.000360,-0.000933,-0.000060,-0.000142,0.000230,-0.001099,0.002172,0.002373,-0.001824,0.001311,0.002580,0.022235,-0.002769,-0.000628,0.001175,0.004730,0.005415,-0.004325,-0.002560,-0.000942,0.007211,0.003101,-0.000799,0.000594,0.006727,0.001044,-0.003712,-0.003239,-0.000771,-0.002395,0.002580,0.000405,0.000669,0.002678,-0.002590,0.000882,-0.001411,0.000436,-0.000907,0.001160,-0.000618,0.000503,-0.001846,-0.000195,-0.001631,-0.000260,0.000227,-0.000206,-0.000091,0.000014,0.000025,-0.000032,0.000050,0.000039,-0.000069,-0.000083,-0.000039,0.000053
-0.000035,0.000347,0.000355,0.000163,-0.000834,0.000208,0.002776,0.002770,-0.003439,0.001468,0.003499,0.001132,0.003577,-0.002769,0.041101,0.001926,0.002339,0.002345,0.009752,0.000534,0.009978,-0.000051,-0.000274,-0.008544,0.000429,0.007967,-0.007967,-0.001941,-0.000175,0.003444,0.000065,-0.001318,-0.003294,-0.001551,0.003156,0.000190,-0.006184,0.004464,-0.003938,-0.003677,-0.001195,-0.002759,-0.003306,0.001315,-0.001392,-0.002212,-0.000773,0.001518,-0.000027,0.000121,0.000095,-0.000008,-0.000012,-0.000016,-0.000055,0.000029,0.000055,0.000140,-0.000150,-0.000086
-0.000044,-0.000345,-0.000052,0.000341,-0.000543,0.000318,-0.000817,-0.001330,0.002915,-0.000155,-0.002653,0.002747,0.008905,-0.000628,0.001926,0.053723,0.017923,0.003861,0.012332,0.003062,0.001817,0.000379,-0.005685,0.007794,-0.001221,-0.003743,-0.000439,-0.007818,-0.000944,-0.000701,-0.003215,-0.003617,-0.009801,0.003977,-0.002770,-0.001165,-0.002141,-0.001512,-0.003607,-0.002460,0.002097,-0.000454,0.000192,0.000191,0.002545,0.000280,-0.000181,-0.001015,0.000135,0.000146,-0.000120,-0.000053,-0.000141,-0.000070,0.000317,0.000113,0.000169,0.000067,-0.000069,0.000083
-0.000025,-0.000535,-0.000113,0.000362,0.001007,-0.000421,0.002074,-0.002178,-0.001170,-0.003580,-0.004896,0.000827,0.004354,0.001175,0.002339,0.017923,0.068093,0.003378,0.002362,-0.004895,0.011669,0.010629,0.010964,0.017955,0.004651,0.006769,0.002368,0.000783,0.009425,-0.007226,-0.010101,-0.007283,-0.002265,0.007559,0.003115,-0.000926,-0.005447,-0.001672,-0.001985,-0.000897,-0.001374,-0.001124,-0.000423,0.004762,-0.001734,-0.000517,-0.000650,-0.001634,-0.001023,-0.000086,-0.000140,0.000205,-0.000067,0.000128,0.000223,0.000121,0.000163,0.000147,0.000092,0.000002
0.000143,0.000356,0.000647,-0.000205,-0.000501,0.000042,-0.001535,0.000428,-0.001196,0.005913,0.004454,-0.001659,0.006835,0.004730,0.002345,0.003861,0.003378,0.075604,0.001580,0.003485,0.000779,-0.003429,-0.001913,-0.008564,-0.012935,-0.004216,0.005297,0.001936,0.003984,0.006494,-0.000147,0.001947,0.002276,0.003861,0.004619,-0.006584,-0.000037,-0.003912,-0.003192,0.003193,0.001994,-0.005502,-0.000256,-0.000739,0.001236,-0.001007,-0.001124,0.000587,0.000272,-0.000017,0.000112,-0.000092,-0.000159,-0.000122,-0.000080,-0.000101,0.000047,-0.000116,-0.000188,0.000005
0.000005,0.000380,0.000096,-0.000370,0.000381,-0.001666,0.002759,-0.001289,0.004645,0.000882,-0.001714,-0.000288,0.006361,0.005415,0.009752,0.012332,0.002362,0.001580,0.059200,0.002285,0.001303,0.017178,0.000954,-0.005909,0.004117,0.000873,-0.001873,-0.010114,-0.007971,0.001264,0.001496,-0.005456,0.006700,-0.000960,-0.002274,0.003419,-0.000502,0.001633,-0.003786,0.000522,0.001396,0.001380,-0.002087,-0.000869,0.001469,0.006737,-0.000154,0.001618,0.000954,0.000223,0.000018,0.000173,0.000159,-0.000191,0.000363,0.000072,0.000297,0.000309,-0.000083,-0.000015
-0.000059,-0.000421,0.000864,0.000893,0.001033,0.002325,-0.002877,-0.001701,0.004193,0.000008,0.003520,-0.006251,0.006065,-0.004325,0.000534,0.003062,-0.004895,0.003485,0.002285,0.087263,-0.003983,0.007619,0.011971,-0.006988,-0.014821,-0.003878,-0.011094,-0.001258,-0.017457,0.001269,-0.006213,0.003045,0.000527,-0.000924,-0.008041,-0.003569,0.008316,-0.006077,-0.000634,0.001863,0.002939,-0.006555,-0.000430,-0.000916,0.003104,0.000529,0.000255,0.000193,-0.000541,-0.000623,0.000180,-0.000183,-0.000041,-0.000140,-0.000008,-0.000086,0.000131,-0.000169,0.000097,-0.000133
0.000105,-0.000115,-0.000568,0.000254,-0.001239,0.001485,0.001636,0.000772,-0.005039,-0.004914,0.002099,-0.006895,-0.000889,-0.002560,0.009978,0.001817,0.011669,0.000779,0.001303,-0.003983,0.110748,0.006549,0.012785,0.006805,-0.004226,-0.008259,0.004057,0.005661,0.008480,-0.011383,-0.008446,-0.003697,0.006050,-0.007996,-0.004773,-0.008615,0.001914,0.007154,-0.006015,-0.010174,-0.003522,0.000449,0.002636,0.004204,0.000367,-0.004161,-0.000647,-0.000338,-0.001117,-0.000113,-0.000198,0.000215,-0.000157,0.000185,-0.000276,0.000261,0.000127,0.000104,0.000081,0.000022
0.000048,-0.000230,-0.001017,-0.000106,-0.000522,-0.000745,-0.002077,-0.003791,0.001676,0.000310,-0.004034,-0.002625,0.004574,-0.000942,-0.000051,0.000379,0.010629,-0.003429,0.017178,0.007619,0.006549,0.101195,0.005217,-0.002319,0.000808,0.000535,0.001230,-0.005238,0.005585,-0.003388,-0.007397,-0.002345,0.007915,-0.000953,0.004863,-0.005676,-0.002828,-0.002208,-0.006089,-0.006623,0.001250,-0.000042,-0.001689,-0.001987,-0.000061,0.002051,0.000535,-0.000598,-0.000528,-0.000226,-0.000124,0.000168,-0.000025,0.000038,0.000324,-0.000058,0.000122,0.000098,0.000064,0.000069
0.000061,-0.000107,-0.001156,-0.000202,-0.001081,0.000721,0.001670,0.000127,-0.001959,-0.001464,-0.002191,-0.004601,-0.002325,0.007211,-0.000274,-0.005685,0.010964,-0.001913,0.000954,0.011971,0.012785,0.005217,0.101291,0.006749,-0.011766,0.002995,0.011980,0.000389,-0.006583,0.000036,-0.005069,-0.003471,0.007165,-0.002926,-0.004992,0.000512,0.004965,-0.005075,0.005069,-0.002315,0.000464,0.000341,0.001338,0.001913,0.000057,-0.000814,-0.000666,-0.000916,-0.000831,-0.000221,-0.000020,-0.000148,0.000096,-0.000137,0.000007,0.000095,-0.000101,0.000028,0.000113,-0.000034
-0.000070,0.001280,0.001600,-0.000638,0.001502,0.001875,0.000309,0.002134,0.007252,-0.007517,-0.007244,0.012704,-0.003017,0.003101,-0.008544,0.007794,0.017955,-0.008564,-0.005909,-0.006988,0.006805,-0.002319,0.006749,0.105482,0.029475,-0.005675,0.011843,0.004573,0.004067,-0.001257,-0.002983,0.002331,-0.001498,-0.002739,-0.005393,-0.000939,0.007368,-0.000542,0.004732,0.000946,0.003693,0.000559,0.001453,0.000353,-0.003042,0.003110,0.000397,-0.000357,-0.000401,-0.000017,-0.000011,0.000095,0.000147,-0.000105,0.000190,0.000036,-0.000077,0.000036,-0.000063,0.000008
-0.000080,0.000536,0.000465,-0.000542,0.001057,-0.000052,0.002179,-0.000186,-0.001026,-0.000888,-0.000499,0.006570,-0.005139,-0.000799,0.000429,-0.001221,0.004651,-0.012935,0.004117,-0.014821,-0.004226,0.000808,-0.011766,0.029475,0.122305,-0.005718,0.022766,-0.002534,0.001674,-0.000477,-0.005062,0.005698,-0.006215,-0.005821,0.006277,-0.006497,0.002052,-0.002009,-0.005919,-0.001951,0.008223,-0.002466,0.001254,0.000412,0.004374,-0.000523,-0.000833,0.001647,-0.000541,0.000247,0.000257,0.000194,-0.000018,-0.000087,0.000143,-0.000148,0.000050,-0.000088,0.000008,0.000059
-0.000076,-0.001095,-0.000646,-0.000305,-0.001066,0.001753,0.000838,-0.001508,-0.001458,-0.001332,0.004516,0.003101,0.005383,0.000594,0.007967,-0.003743,0.006769,-0.004216,0.000873,-0.003878,-0.008259,0.000535,0.002995,-0.005675,-0.005718,0.117491,0.001765,0.013021,0.012707,0.009430,0.000265,-0.004146,0.007295,0.006529,0.005617,0.000890,0.001073,-0.004002,-0.005801,0.006094,0.001350,-0.001011,0.004033,-0.001992,0.002466,0.002223,0.001693,0.000902,0.001033,-0.000257,0.000090,0.000158,0.000066,-0.000111,-0.000151,0.000033,-0.000012,0.000084,-0.000143,0.000015
-0.000071,-0.000068,-0.000821,0.000452,-0.000012,0.001026,0.003580,-0.002184,-0.001480,0.001262,-0.006867,0.003767,-0.004261,0.006727,-0.007967,-0.000439,0.002368,0.005297,-0.001873,-0.011094,0.004057,0.001230,0.011980,0.011843,0.022766,0.001765,0.116862,0.005274,0.015038,0.001052,-0.004491,0.003112,0.002911,0.003710,-0.001911,-0.004795,0.002358,0.003064,-0.002545,0.007495,0.006902,-0.006140,0.002719,0.000940,0.001879,-0.000596,-0.000348,0.000367,-0.000003,-0.000305,0.000418,-0.000121,-0.000168,-0.000243,0.000092,0.000149,-0.000242,0.000003,0.000121,0.000213
-0.000065,-0.000935,-0.000930,0.000239,-0.000481,-0.002769,0.000682,-0.000651,0.000610,0.000687,-0.004728,0.005443,0.005423,0.001044,-0.001941,-0.007818,0.000783,0.001936,-0.010114,-0.001258,0.005661,-0.005238,0.000389,0.004573,-0.002534,0.013021,0.005274,0.125480,0.021133,0.000622,0.016051,0.010006,-0.001282,0.003909,0.009278,-0.004170,-0.003419,0.002066,-0.001107,-0.006491,0.003756,0.001144,-0.002411,-0.001277,-0.005218,-0.001122,0.000971,0.002870,0.001441,-0.000048,0.000302,-0.000033,-0.000057,-0.000055,-0.000169,-0.000170,-0.000227,-0.000053,-0.000225,-0.000119
-0.000043,-0.001186,-0.000778,0.000101,0.001074,-0.000294,0.002450,-0.000302,-0.005856,-0.000070,0.000433,0.001500,-0.003494,-0.003712,-0.000175,-0.000944,0.009425,0.003984,-0.007971,-0.017457,0.008480,0.005585,-0.006583,0.004067,0.001674,0.012707,0.015038,0.021133,0.100638,0.004703,-0.011102,-0.002926,-0.002097,0.000848,0.000288,-0.000945,-0.004094,-0.007109,-0.001812,-0.000366,-0.002010,-0.003686,-0.000854,-0.002579,-0.003085,-0.000717,-0.000880,0.000760,0.000685,-0.000016,0.000075,0.000009,-0.000110,-0.000092,-0.000215,-0.000036,-0.000137,0.000026,-0.000011,0.000072
-0.000052,0.000066,0.000277,-0.000364,0.000853,-0.000333,-0.001293,0.002086,0.003553,-0.000513,0.002111,0.000945,0.000648,-0.003239,0.003444,-0.000701,-0.007226,0.006494,0.001264,0.001269,-0.011383,-0.003388,0.000036,-0.001257,-0.000477,0.009430,0.001052,0.000622,0.004703,0.069061,0.010326,0.009263,-0.004866,-0.005177,0.005029,-0.004854,-0.000274,-0.007788,0.001568,0.003095,0.005275,-0.005356,0.002745,-0.003386,-0.001480,0.002273,0.002820,0.000219,0.000057,-0.000107,0.000355,0.000010,-0.000003,-0.000045,0.000044,0.000163,-0.000067,-0.000015,0.000015,0.000009
-0.000055,0.000954,0.000310,0.000023,-0.002354,-0.001136,-0.000287,0.000523,0.003702,0.000306,-0.001986,-0.001246,0.000788,-0.000771,0.000065,-0.003215,-0.010101,-0.000147,0.001496,-0.006213,-0.008446,-0.007397,-0.005069,-0.002983,-0.005062,0.000265,-0.004491,0.016051,-0.011102,0.010326,0.070331,0.005388,0.004081,-0.000181,0.005280,0.000151,-0.007053,0.001752,0.005546,0.007597,-0.000475,0.004796,-0.001113,-0.002798,-0.000317,0.002686,-0.001996,-0.001403,0.001795,0.000642,0.000278,-0.000072,-0.000026,-0.000186,0.000013,0.000019,0.000002,-0.000155,-0.000059,-0.000023
-0.000039,-0.000066,-0.000369,0.000535,0.000255,0.001294,-0.000669,0.000935,0.001784,0.000757,-0.000338,0.000666,-0.003859,-0.002395,-0.001318,-0.003617,-0.007283,0.001947,-0.005456,0.003045,-0.003697,-0.002345,-0.003471,0.002331,0.005698,-0.004146,0.003112,0.010006,-0.002926,0.009263,0.005388,0.045280,0.000548,0.001480,0.001883,-0.000109,0.003665,0.001864,-0.005350,-0.000221,0.002842,-0.001683,0.003542,-0.001854,0.001314,-0.000076,-0.000094,0.000777,0.000461,-0.000203,0.000140,-0.000172,0.000079,0.000059,-0.000069,0.000075,-0.000009,-0.000004,0.000078,-0.000038
0.000026,0.000182,-0.000115,0.000819,-0.001096,-0.001003,0.001422,-0.001404,0.000576,-0.002692,-0.000342,-0.003412,-0.000181,0.002580,-0.003294,-0.009801,-0.002265,0.002276,0.006700,0.000527,0.006050,0.007915,0.007165,-0.001498,-0.006215,0.007295,0.002911,-0.001282,-0.002097,-0.004866,0.004081,0.000548,0.041453,0.005849,-0.001158,0.008364,-0.000650,-0.000042,-0.004010,0.001283,-0.001256,-0.000270,-0.002897,-0.001083,-0.001645,0.001260,-0.000522,0.000272,0.001181,0.000271,0.000102,0.000041,-0.000024,-0.000009,0.000008,0.000018,-0.000018,-0.000051,-0.000059,-0.000075
0.000091,-0.000032,-0.000140,-0.000003,-0.001333,0.000131,-0.000269,-0.000550,0.000165,0.001261,-0.002697,0.002675,-0.001475,0.000405,-0.001551,0.003977,0.007559,0.003861,-0.000960,-0.000924,-0.007996,-0.000953,-0.002926,-0.002739,-0.005821,0.006529,0.003710,0.003909,0.000848,-0.005177,-0.000181,0.001480,0.005849,0.032720,0.003614,0.005135,-0.001118,-0.001316,0.000141,0.003164,-0.001603,-0.000599,0.001619,-0.000283,0.000788,0.000620,0.000552,0.000297,0.000657,-0.000029,-0.000081,0.000027,0.000062,-0.000159,0.000179,0.000010,0.000125,0.000122,-0.000129,-0.000004
-0.000033,-0.000172,-0.000209,-0.000154,-0.000480,-0.000782,-0.000315,0.000899,-0.001390,0.000521,0.000271,0.001511,0.000478,0.000669,0.003156,-0.002770,0.003115,0.004619,-0.002274,-0.008041,-0.004773,0.004863,-0.004992,-0.005393,0.006277,0.005617,-0.001911,0.009278,0.000288,0.005029,0.005280,0.001883,-0.001158,0.003614,0.035795,-0.007023,-0.002999,0.000712,-0.002865,-0.001178,0.004013,-0.000885,-0.000252,-0.000764,-0.000644,-0.000309,0.001997,0.001544,0.000985,0.000175,0.000023,-0.000149,-0.000024,0.000067,0.000021,0.000087,-0.000040,0.000072,-0.000090,0.000015
0.000016,0.000720,-0.000450,0.000276,0.001234,0.000066,0.000929,0.000435,-0.002917,-0.002718,0.001816,-0.007001,-0.002266,0.002678,0.000190,-0.001165,-0.000926,-0.006584,0.003419,-0.003569,-0.008615,-0.005676,0.000512,-0.000939,-0.006497,0.000890,-0.004795,-0.004170,-0.000945,-0.004854,0.000151,-0.000109,0.008364,0.005135,-0.007023,0.064807,0.013934,0.001318,0.011850,0.001508,-0.000935,0.002984,0.000150,0.001801,-0.003169,-0.001435,-0.001558,0.001758,0.000530,0.000219,0.000046,-0.000090,0.000179,0.000070,0.000063,0.000076,-0.000028,-0.000203,0.000154,0.000048
0.000064,0.000182,-0.000443,0.000023,0.000833,0.001052,-0.001371,0.000027,-0.002169,0.000193,0.001475,-0.001805,-0.004187,-0.002590,-0.006184,-0.002141,-0.005447,-0.000037,-0.000502,0.008316,0.001914,-0.002828,0.004965,0.007368,0.002052,0.001073,0.002358,-0.003419,-0.004094,-0.000274,-0.007053,0.003665,-0.000650,-0.001118,-0.002999,0.013934,0.039211,-0.003688,0.002513,0.001847,0.002365,0.001564,0.000737,0.001791,0.003142,0.001329,-0.000708,0.000429,-0.000132,0.000110,0.000014,-0.000168,0.000071,-0.000018,0.000110,-0.000020,-0.000078,-0.000096,0.000066,-0.000007
0.000032,-0.000191,0.000077,0.000329,-0.000842,0.000344,-0.000156,0.001687,0.000650,-0.001866,0.001446,-0.000543,-0.000694,0.000882,0.004464,-0.001512,-0.001672,-0.003912,0.001633,-0.006077,0.007154,-0.002208,-0.005075,-0.000542,-0.002009,-0.004002,0.003064,0.002066,-0.007109,-0.007788,0.001752,0.001864,-0.000042,-0.001316,0.000712,0.001318,-0.003688,0.026859,0.003239,-0.000348,-0.002796,-0.001187,0.000634,0.002497,0.002709,-0.000026,-0.000057,0.000110,-0.000084,0.000066,0.000072,-0.000016,-0.000026,0.000159,0.000113,0.000054,0.000160,0.000211,-0.000017,-0.000055
-0.000036,0.000072,-0.000007,-0.000404,0.002172,-0.000833,-0.000023,-0.000720,-0.001443,-0.001603,-0.001199,0.001091,0.000081,-0.001411,-0.003938,-0.003607,-0.001985,-0.003192,-0.003786,-0.000634,-0.006015,-0.006089,0.005069,0.004732,-0.005919,-0.005801,-0.002545,-0.001107,-0.001812,0.001568,0.005546,-0.005350,-0.004010,0.000141,-0.002865,0.011850,0.002513,0.003239,0.030024,0.003241,-0.004095,0.001478,0.001583,0.001331,0.000779,-0.001435,-0.000644,-0.000144,0.000323,-0.000170,0.000062,-0.000115,0.000047,-0.000029,-0.000137,0.000014,0.000019,-0.000031,0.000192,0.000012
-0.000030,0.000068,-0.000034,-0.000466,-0.000977,0.000109,0.000334,0.000797,-0.001147,0.002656,-0.000991,0.002508,-0.003187,0.000436,-0.003677,-0.002460,-0.000897,0.003193,0.000522,0.001863,-0.010174,-0.006623,-0.002315,0.000946,-0.001951,0.006094,0.007495,-0.006491,-0.000366,0.003095,0.007597,-0.000221,0.001283,0.003164,-0.001178,0.001508,0.001847,-0.000348,0.003241,0.028232,0.000998,-0.000491,0.001356,-0.000945,0.002376,0.002114,-0.000899,-0.000060,0.001208,0.000322,-0.000065,-0.000062,0.000028,-0.000107,-0.000079,0.000032,-0.000082,-0.000047,-0.000132,0.000018
-0.000024,0.000759,0.000189,0.000363,0.000402,-0.000337,-0.001006,0.000483,0.002239,0.001587,-0.000555,-0.000886,-0.000953,-0.000907,-0.001195,0.002097,-0.001374,0.001994,0.001396,0.002939,-0.003522,0.001250,0.000464,0.003693,0.008223,0.001350,0.006902,0.003756,-0.002010,0.005275,-0.000475,0.002842,-0.001256,-0.001603,0.004013,-0.000935,0.002365,-0.002796,-0.004095,0.000998,0.020169,-0.001679,0.000425,0.001100,-0.001239,0.001888,0.001407,0.001055,0.001020,0.000065,0.000019,-0.000003,0.000085,0.000044,0.000027,0.000066,-0.000044,-0.000079,0.000001,0.000041
-0.000009,0.000618,0.000409,-0.000111,-0.000154,0.000601,0.001152,-0.000583,-0.001292,-0.002038,0.000108,0.000299,-0.003169,0.001160,-0.002759,-0.000454,-0.001124,-0.005502,0.001380,-0.006555,0.000449,-0.000042,0.000341,0.000559,-0.002466,-0.001011,-0.006140,0.001144,-0.003686,-0.005356,0.004796,-0.001683,-0.000270,-0.000599,-0.000885,0.002984,0.001564,-0.001187,0.001478,-0.000491,-0.001679,0.021002,0.002031,0.001165,-0.000106,-0.001848,-0.001259,-0.000934,0.000069,-0.000044,-0.000058,-0.000024,0.000197,-0.000113,-0.000101,-0.000071,-0.000047,-0.000025,0.000028,0.000056
0.000016,0.000475,0.000194,0.000109,0.000333,-0.000188,0.000161,0.000791,-0.000039,-0.001730,-0.000027,-0.000006,0.000054,-0.000618,-0.003306,0.000192,-0.000423,-0.000256,-0.002087,-0.000430,0.002636,-0.001689,0.001338,0.001453,0.001254,0.004033,0.002719,-0.002411,-0.000854,0.002745,-0.001113,0.003542,-0.002897,0.001619,-0.000252,0.000150,0.000737,0.000634,0.001583,0.001356,0.000425,0.002031,0.014292,0.000808,0.001320,-0.001713,0.001473,-0.000760,-0.000358,0.000221,0.000157,-0.000078,0.000092,0.000048,0.000071,0.000107,-0.000015,-0.000015,0.000007,0.000115
0.000003,0.000074,-0.000017,-0.000105,0.000437,0.000020,0.000485,0.000134,-0.000990,-0.000174,0.000300,-0.000241,0.000267,0.000503,0.001315,0.000191,0.004762,-0.000739,-0.000869,-0.000916,0.004204,-0.001987,0.001913,0.000353,0.000412,-0.001992,0.000940,-0.001277,-0.002579,-0.003386,-0.002798,-0.001854,-0.001083,-0.000283,-0.000764,0.001801,0.001791,0.002497,0.001331,-0.000945,0.001100,0.001165,0.000808,0.008015,0.000192,-0.001113,-0.000352,-0.000371,-0.000187,0.000065,-0.000079,-0.000027,-0.000006,0.000071,-0.000023,0.000079,-0.000026,0.000014,0.000009,0.000013
-0.000000,-0.000304,-0.000312,-0.000075,0.000087,0.000333,-0.000164,0.000205,0.000432,0.002051,0.002926,0.002426,0.001149,-0.001846,-0.001392,0.002545,-0.001734,0.001236,0.001469,0.003104,0.000367,-0.000061,0.000057,-0.003042,0.004374,0.002466,0.001879,-0.005218,-0.003085,-0.001480,-0.000317,0.001314,-0.001645,0.000788,-0.000644,-0.003169,0.003142,0.002709,0.000779,0.002376,-0.001239,-0.000106,0.001320,0.000192,0.014192,0.001799,0.001525,0.000763,0.000065,0.000268,0.000253,0.000007,-0.000047,0.000050,0.000040,0.000032,0.000010,0.000070,0.000007,-0.000035
-0.000016,0.000139,0.000397,-0.000305,0.000102,0.000422,-0.000460,-0.000164,0.002916,-0.001048,-0.000974,0.000061,-0.000383,-0.000195,-0.002212,0.000280,-0.000517,-0.001007,0.006737,0.000529,-0.004161,0.002051,-0.000814,0.003110,-0.000523,0.002223,-0.000596,-0.001122,-0.000717,0.002273,0.002686,-0.000076,0.001260,0.000620,-0.000309,-0.001435,0.001329,-0.000026,-0.001435,0.002114,0.001888,-0.001848,-0.001713,-0.001113,0.001799,0.009513,0.001151,0.000728,0.000165,0.000148,0.000041,0.000059,-0.000030,-0.000035,0.000162,0.000019,0.000128,0.000128,0.000047,-0.000019
0.000003,0.000225,0.000116,0.000067,0.000089,-0.000148,-0.000088,0.000679,0.000133,0.000069,0.000770,0.001181,-0.000479,-0.001631,-0.000773,-0.000181,-0.000650,-0.001124,-0.000154,0.000255,-0.000647,0.000535,-0.000666,0.000397,-0.000833,0.001693,-0.000348,0.000971,-0.000880,0.002820,-0.001996,-0.000094,-0.000522,0.000552,0.001997,-0.001558,-0.000708,-0.000057,-0.000644,-0.000899,0.001407,-0.001259,0.001473,-0.000352,0.001525,0.001151,0.004192,0.000521,0.000155,0.000082,0.000056,0.000031,-0.000012,0.000045,0.000084,0.000029,0.000061,0.000110,-0.000012,0.000012
-0.000008,-0.000054,0.000045,-0.000125,0.000122,-0.000029,0.000143,0.000316,-0.000334,0.000740,0.000180,0.000307,-0.000675,-0.000260,0.001518,-0.001015,-0.001634,0.000587,0.001618,0.000193,-0.000338,-0.000598,-0.000916,-0.000357,0.001647,0.000902,0.000367,0.002870,0.000760,0.000219,-0.001403,0.000777,0.000272,0.000297,0.001544,0.001758,0.000429,0.000110,-0.000144,-0.000060,0.001055,-0.000934,-0.000760,-0.000371,0.000763,0.000728,0.000521,0.002562,0.000573,0.000035,0.000049,0.000017,-0.000000,0.000011,-0.000011,0.000002,-0.000030,0.000013,0.000019,-0.000028
-0.000005,0.000026,-0.000047,-0.000031,-0.000221,-0.000155,0.000075,-0.000098,-0.000029,0.000297,-0.000216,0.000143,-0.000477,0.000227,-0.000027,0.000135,-0.001023,0.000272,0.000954,-0.000541,-0.001117,-0.000528,-0.000831,-0.000401,-0.000541,0.001033,-0.000003,0.001441,0.000685,0.000057,0.001795,0.000461,0.001181,0.000657,0.000985,0.000530,-0.000132,-0.000084,0.000323,0.001208,0.001020,0.000069,-0.000358,-0.000187,0.000065,0.000165,0.000155,0.000573,0.000878,0.000019,-0.000002,-0.000008,0.000027,-0.000012,-0.000003,0.000002,0.000003,-0.000004,-0.000013,0.000001
-0.000002,0.000064,0.000027,-0.000024,-0.000069,-0.000048,0.000052,0.000311,-0.000024,-0.000049,0.000056,-0.000017,0.000215,-0.000206,0.000121,0.000146,-0.000086,-0.000017,0.000223,-0.000623,-0.000113,-0.000226,-0.000221,-0.000017,0.000247,-0.000257,-0.000305,-0.000048,-0.000016,-0.000107,0.000642,-0.000203,0.000271,-0.000029,0.000175,0.000219,0.000110,0.000066,-0.000170,0.000322,0.000065,-0.000044,0.000221,0.000065,0.000268,0.000148,0.000082,0.000035,0.000019,0.000154,0.000017,0.000001,-0.000003,0.000008,0.000012,0.000007,-0.000004,-0.000002,-0.000004,0.000001
-0.000001,0.000026,0.000037,0.000023,0.000038,0.000021,0.000040,0.000042,-0.000003,-0.000110,0.000114,0.000026,0.000228,-0.000091,0.000095,-0.000120,-0.000140,0.000112,0.000018,0.000180,-0.000198,-0.000124,-0.000020,-0.000011,0.000257,0.000090,0.000418,0.000302,0.000075,0.000355,0.000278,0.000140,0.000102,-0.000081,0.000023,0.000046,0.000014,0.000072,0.000062,-0.000065,0.000019,-0.000058,0.000157,-0.000079,0.000253,0.000041,0.000056,0.000049,-0.000002,0.000017,0.000064,0.000005,-0.000002,0.000001,0.000007,-0.000003,0.000003,0.000000,0.000006,-0.000003
-0.000001,0.000007,0.000022,-0.000010,-0.000018,0.000013,0.000015,-0.000001,0.000090,-0.000019,0.000034,-0.000030,0.000137,0.000014,-0.000008,-0.000053,0.000205,-0.000092,0.000173,-0.000183,0.000215,0.000168,-0.000148,0.000095,0.000194,0.000158,-0.000121,-0.000033,0.000009,0.000010,-0.000072,-0.000172,0.000041,0.000027,-0.000149,-0.000090,-0.000168,-0.000016,-0.000115,-0.000062,-0.000003,-0.000024,-0.000078,-0.000027,0.000007,0.000059,0.000031,0.000017,-0.000008,0.000001,0.000005,0.000041,-0.000002,0.000001,0.000004,-0.000000,0.000005,0.000007,0.000003,0.000001
-0.000001,0.000005,0.000014,-0.000002,0.000034,-0.000004,0.000057,-0.000035,0.000036,-0.000051,-0.000011,0.000102,-0.000060,0.000025,-0.000012,-0.000141,-0.000067,-0.000159,0.000159,-0.000041,-0.000157,-0.000025,0.000096,0.000147,-0.000018,0.000066,-0.000168,-0.000057,-0.000110,-0.000003,-0.000026,0.000079,-0.000024,0.000062,-0.000024,0.000179,0.000071,-0.000026,0.000047,0.000028,0.000085,0.000197,0.000092,-0.000006,-0.000047,-0.000030,-0.000012,-0.000000,0.000027,-0.000003,-0.000002,-0.000002,0.000029,-0.000001,-0.000003,0.000001,-0.000001,-0.000001,0.000001,-0.000001
-0.000001,0.000006,0.000009,0.000006,-0.000012,-0.000028,-0.000010,0.000102,-0.000043,-0.000058,-0.000014,0.000098,0.000074,-0.000032,-0.000016,-0.000070,0.000128,-0.000122,-0.000191,-0.000140,0.000185,0.000038,-0.000137,-0.000105,-0.000087,-0.000111,-0.000243,-0.000055,-0.000092,-0.000045,-0.000186,0.000059,-0.000009,-0.000159,0.000067,0.000070,-0.000018,0.000159,-0.000029,-0.000107,0.000044,-0.000113,0.000048,0.000071,0.000050,-0.000035,0.000045,0.000011,-0.000012,0.000008,0.000001,0.000001,-0.000001,0.000034,-0.000003,0.000006,-0.000000,0.000005,0.000001,0.000002
-0.000001,0.000029,0.000004,-0.000012,-0.000019,-0.000017,-0.000034,-0.000001,0.000185,-0.000010,-0.000029,0.000008,-0.000094,0.000050,-0.000055,0.000317,0.000223,-0.000080,0.000363,-0.000008,-0.000276,0.000324,0.000007,0.000190,0.000143,-0.000151,0.000092,-0.000169,-0.000215,0.000044,0.000013,-0.000069,0.000008,0.000179,0.000021,0.000063,0.000110,0.000113,-0.000137,-0.000079,0.000027,-0.000101,0.000071,-0.000023,0.000040,0.000162,0.000084,-0.000011,-0.000003,0.000012,0.000007,0.000004,-0.000003,-0.000003,0.000033,0.000002,0.000010,0.000011,-0.000001,0.000000
-0.000001,0.000003,-0.000010,0.000004,0.000008,-0.000005,0.000041,0.000087,-0.000055,-0.000060,-0.000030,0.000110,0.000000,0.000039,0.000029,0.000113,0.000121,-0.000101,0.000072,-0.000086,0.000261,-0.000058,0.000095,0.000036,-0.000148,0.000033,0.000149,-0.000170,-0.000036,0.000163,0.000019,0.000075,0.000018,0.000010,0.000087,0.000076,-0.000020,0.000054,0.000014,0.000032,0.000066,-0.000071,0.000107,0.000079,0.000032,0.000019,0.000029,0.000002,0.000002,0.000007,-0.000003,-0.000000,0.000001,0.000006,0.000002,0.000020,-0.000002,0.000004,-0.000000,0.000001
-0.000001,0.000025,0.000037,-0.000012,0.000000,0.000007,-0.000037,-0.000015,0.000060,-0.000048,0.000048,-0.000033,0.000111,-0.000069,0.000055,0.000169,0.000163,0.000047,0.000297,0.000131,0.000127,0.000122,-0.000101,-0.000077,0.000050,-0.000012,-0.000242,-0.000227,-0.000137,-0.000067,0.000002,-0.000009,-0.000018,0.000125,-0.000040,-0.000028,-0.000078,0.000160,0.000019,-0.000082,-0.000044,-0.000047,-0.000015,-0.000026,0.000010,0.000128,0.000061,-0.000030,0.000003,-0.000004,0.000003,0.000005,-0.000001,-0.000000,0.000010,-0.000002,0.000027,0.000008,0.000002,-0.000001
0.000001,0.000004,0.000009,0.000017,-0.000028,-0.000041,0.000052,0.000045,0.000006,-0.000019,-0.000013,0.000012,-0.000171,-0.000083,0.000140,0.000067,0.000147,-0.000116,0.000309,-0.000169,0.000104,0.000098,0.000028,0.000036,-0.000088,0.000084,0.000003,-0.000053,0.000026,-0.000015,-0.000155,-0.000004,-0.000051,0.000122,0.000072,-0.000203,-0.000096,0.000211,-0.000031,-0.000047,-0.000079,-0.000025,-0.000015,0.000014,0.000070,0.000128,0.000110,0.000013,-0.000004,-0.000002,0.000000,0.000007,-0.000001,0.000005,0.000011,0.000004,0.000008,0.000030,-0.000002,-0.000001
-0.000001,-0.000015,0.000025,0.000024,0.000094,0.000066,-0.000025,-0.000027,0.000071,-0.000057,-0.000054,-0.000138,0.000078,-0.000039,-0.000150,-0.000069,0.000092,-0.000188,-0.000083,0.000097,0.000081,0.000064,0.000113,-0.000063,0.000008,-0.000143,0.000121,-0.000225,-0.000011,0.000015,-0.000059,0.000078,-0.000059,-0.000129,-0.000090,0.000154,0.000066,-0.000017,0.000192,-0.000132,0.000001,0.000028,0.000007,0.000009,0.000007,0.000047,-0.000012,0.000019,-0.000013,-0.000004,0.000006,0.000003,0.000001,0.000001,-0.000001,-0.000000,0.000002,-0.000002,0.000026,0.000001
-0.000001,0.000012,-0.000003,0.000003,-0.000005,-0.000008,0.000004,-0.000012,-0.000010,-0.000018,-0.000015,-0.000092,-0.000025,0.000053,-0.000086,0.000083,0.000002,0.000005,-0.000015,-0.000133,0.000022,0.000069,-0.000034,0.000008,0.000059,0.000015,0.000213,-0.000119,0.000072,0.000009,-0.000023,-0.000038,-0.000075,-0.000004,0.000015,0.000048,-0.000007,-0.000055,0.000012,0.000018,0.000041,0.000056,0.000115,0.000013,-0.000035,-0.000019,0.000012,-0.000028,0.000001,0.000001,-0.000003,0.000001,-0.000001,0.000002,0.000000,0.000001,-0.000001,-0.000001,0.000001,0.000012
