0.000273,0.000077,0.000034,0.000069,0.000159,-0.000037,0.000017,-0.000123,0.000230,-0.000077,-0.000190,-0.000013,-0.000134,0.000158,-0.000053,-0.000422,-0.000180,0.000406,0.000164,-0.000022,0.000568,-0.000260,-0.000114,0.000012,-0.001015,-0.000634,-0.000285,0.000023,0.000144,0.000656,0.000079,-0.000025,0.000645,0.000591,0.000463,-0.000662,0.000062,-0.000036,-0.000146,0.000262,0.000427,0.000087,0.000146,-0.000048,0.000388,-0.000138,-0.000005,0.000020,0.000101,0.000020,0.000006,-0.000004,-0.000006,0.000003,0.000011,0.000012,-0.000002,0.000011,0.000006,0.000005
0.000077,0.000708,0.000304,-0.000021,-0.000001,-0.000047,-0.000131,0.000270,0.000437,-0.000122,0.000031,0.000076,-0.000078,0.000157,0.000369,-0.000552,-0.000303,0.000311,0.000015,-0.000184,0.000793,-0.000733,0.000375,0.001136,0.000343,-0.000864,-0.000315,-0.001618,-0.000862,0.000430,0.000063,0.000150,0.000439,0.000149,0.000575,0.000164,0.000513,-0.000694,0.000330,0.000372,0.000944,0.000044,0.000420,0.000001,0.000206,0.000098,0.000171,0.000080,0.000116,0.000094,0.000040,0.000010,0.000019,0.000007,0.000032,0.000005,0.000024,0.000028,-0.000005,0.000018
0.000034,0.000304,0.000785,-0.000061,-0.000070,0.000068,-0.000106,0.000037,0.000468,-0.000261,0.000180,-0.000089,0.000349,-0.000301,0.000494,-0.000043,0.000251,0.001107,-0.000130,0.001118,-0.000460,-0.000681,-0.000448,0.001836,0.000064,-0.001202,-0.001024,-0.000664,-0.000992,0.000504,-0.000257,-0.000130,-0.000208,-0.000326,-0.000436,-0.000542,-0.000485,-0.000491,0.000479,0.000384,0.000291,0.000193,0.000252,-0.000004,-0.000229,0.000175,-0.000133,0.000041,0.000118,0.000012,-0.000000,0.000022,0.000008,-0.000004,-0.000003,0.000005,0.000033,0.000018,0.000006,-0.000003
0.000069,-0.000021,-0.000061,0.000756,0.000224,0.000002,-0.000028,-0.000143,0.000572,0.000378,0.000270,-0.000497,-0.000123,-0.000133,-0.000114,0.000392,-0.000116,0.000505,-0.000608,-0.000319,0.001284,-0.000610,0.000078,-0.000353,-0.000128,-0.000594,-0.000165,-0.000236,-0.000239,-0.000496,-0.000594,0.000405,0.000662,0.000122,0.000341,-0.000167,0.000098,0.000237,-0.000551,-0.000392,0.001056,-0.000386,0.000074,0.000047,0.000372,-0.000103,-0.000127,0.000188,0.000048,-0.000006,0.000035,0.000018,-0.000002,-0.000008,-0.000014,0.000001,-0.000002,-0.000003,0.000010,0.000011
0.000159,-0.000001,-0.000070,0.000224,0.002097,0.000771,-0.000050,-0.000278,0.000519,0.000081,-0.000017,0.000425,-0.000141,-0.000202,0.000255,-0.000092,0.000242,-0.000162,0.000547,0.002321,0.002244,-0.000433,-0.001479,0.000339,-0.000339,0.000257,-0.001129,-0.000908,0.000584,0.000860,-0.001432,-0.000041,-0.000728,-0.001217,-0.000740,0.000929,0.001360,-0.000706,0.000773,-0.000987,0.000756,-0.000473,-0.000264,0.000614,0.000045,0.000081,0.000372,0.000541,-0.000114,-0.000034,0.000041,-0.000004,-0.000034,-0.000029,-0.000003,0.000008,-0.000012,0.000008,0.000055,-0.000005
-0.000037,-0.000047,0.000068,0.000002,0.000771,0.002771,-0.000133,-0.000476,0.000041,-0.000581,-0.000182,-0.000446,0.000247,-0.000228,0.000740,0.001140,-0.001633,0.000156,0.000040,0.003080,0.002030,-0.000304,0.000732,0.000130,-0.000125,0.001747,0.001764,-0.002365,-0.001033,0.000658,-0.000756,0.001867,-0.001543,-0.000336,-0.000919,0.000346,0.001677,-0.000184,0.000089,-0.000954,-0.001015,-0.000169,-0.000401,0.000008,-0.000741,-0.000162,0.000108,0.000138,-0.000161,-0.000058,0.000056,-0.000002,-0.000007,-0.000047,-0.000014,-0.000008,-0.000007,-0.000025,0.000069,-0.000007
0.000017,-0.000131,-0.000106,-0.000028,-0.000050,-0.000133,0.003075,-0.000561,-0.000533,0.000171,-0.000139,0.000248,-0.000395,0.001003,0.002097,-0.000828,0.001367,-0.001673,0.000958,-0.000079,0.000131,0.001119,0.000589,-0.001336,0.000023,0.000166,0.002759,-0.000343,0.002111,-0.001468,0.000196,-0.001069,0.001613,0.000068,-0.000172,0.001530,-0.000627,-0.000504,0.000065,-0.000007,0.000033,-0.000051,0.000078,-0.000531,-0.000561,-0.000645,-0.000308,0.000012,0.000156,0.000055,0.000045,0.000003,0.000001,-0.000013,-0.000003,0.000020,-0.000034,-0.000017,-0.000010,0.000002
-0.000123,0.000270,0.000037,-0.000143,-0.000278,-0.000476,-0.000561,0.004605,-0.000415,-0.000154,0.001075,0.001563,0.000414,-0.000712,0.001530,-0.001931,-0.000908,0.001435,-0.002232,-0.001154,0.000181,-0.003747,0.001360,0.000466,-0.001507,-0.001036,-0.001692,0.000004,-0.000511,0.002434,0.000155,0.000714,-0.001147,0.000322,0.001569,0.000871,-0.000385,0.001154,-0.000469,0.000145,0.000274,-0.000679,0.000896,0.000298,-0.000457,-0.000200,0.000388,0.000118,-0.000016,0.000225,0.000003,0.000011,-0.000025,0.000078,-0.000012,0.000094,-0.000036,0.000029,-0.000003,-0.000028
0.000230,0.000437,0.000468,0.000572,0.000519,0.000041,-0.000533,-0.000415,0.013077,0.002269,-0.000396,0.001654,-0.000260,0.000384,-0.002537,0.002839,-0.002716,-0.000934,0.001892,0.004531,-0.001539,0.001036,-0.001070,0.006867,-0.001046,-0.003359,-0.000327,0.000760,-0.004873,0.006501,0.000353,0.002155,0.001159,-0.000632,0.003074,-0.002756,0.000281,-0.000235,-0.001145,-0.000076,0.003820,-0.003795,-0.000354,-0.001965,0.002231,0.002652,0.000000,0.000535,-0.000123,0.000225,0.000238,0.000031,0.000060,-0.000018,0.000182,-0.000044,0.000070,0.000056,0.000005,0.000064
-0.000077,-0.000122,-0.000261,0.000378,0.000081,-0.000581,0.000171,-0.000154,0.002269,0.008971,0.000528,0.000965,0.000916,0.000999,0.003791,-0.000349,-0.002229,0.001801,-0.000189,-0.000976,-0.001664,-0.001308,-0.000831,-0.003493,0.000674,-0.003983,0.000242,0.004468,0.002341,-0.001520,-0.001553,0.000307,-0.003744,0.000428,0.001406,-0.002601,0.000859,-0.001442,-0.000475,0.000588,0.001683,-0.000995,-0.001232,-0.000141,0.000686,-0.000795,-0.000274,0.000432,-0.000459,0.000005,0.000122,-0.000054,-0.000018,-0.000020,-0.000007,-0.000069,-0.000012,-0.000018,-0.000049,0.000041
-0.000190,0.000031,0.000180,0.000270,-0.000017,-0.000182,-0.000139,0.001075,-0.000396,0.000528,0.013329,-0.000779,0.001132,-0.000611,0.004627,-0.002187,-0.003466,0.002749,0.000546,0.001754,0.002505,-0.004581,-0.000478,-0.005142,0.002661,0.001199,-0.003811,-0.001398,-0.002555,-0.001426,-0.003169,-0.001196,0.001105,-0.000458,0.000762,-0.000095,0.002065,0.004943,0.001484,-0.002230,-0.000157,-0.000776,-0.000157,0.001769,0.001759,-0.001524,0.000449,-0.000023,-0.000307,-0.000061,0.000108,0.000006,0.000027,-0.000029,-0.000044,0.000004,0.000090,0.000003,-0.000066,-0.000026
-0.000013,0.000076,-0.000089,-0.000497,0.000425,-0.000446,0.000248,0.001563,0.001654,0.000965,-0.000779,0.019176,0.002087,0.001351,0.003015,0.001539,0.003238,-0.003196,0.001380,0.002519,-0.002276,-0.001756,-0.004180,0.010036,0.005522,-0.001179,0.003489,0.004059,0.001663,-0.001808,-0.001838,0.000889,-0.001274,-0.001952,-0.000504,-0.003832,0.002195,-0.001759,-0.000293,-0.001700,-0.001861,0.001696,0.001162,-0.001177,0.000061,-0.000732,-0.000798,-0.000170,-0.000114,-0.000088,-0.000033,-0.000042,0.000131,0.000056,-0.000002,0.000080,-0.000039,0.000014,-0.000057,-0.000045
-0.000134,-0.000078,0.000349,-0.000123,-0.000141,0.000247,-0.000395,0.000414,-0.000260,0.000916,0.001132,0.002087,0.020089,-0.000060,0.001410,0.005073,0.003325,0.002501,0.005164,0.007828,0.002648,0.006108,-0.000032,-0.001665,-0.001125,0.000998,-0.002743,0.010423,0.000107,-0.000215,0.000480,-0.001017,-0.000742,0.000765,-0.002239,-0.000649,-0.002615,-0.002313,0.000259,-0.003192,-0.000574,-0.002991,0.000010,0.001438,-0.002486,-0.000798,-0.001525,0.000125,-0.000295,-0.000097,-0.000035,0.000098,0.000037,0.000023,0.000038,-0.000042,0.000165,-0.000135,0.000019,-0.000065
0.000158,0.000157,-0.000301,-0.000133,-0.000202,-0.000228,0.001003,-0.000712,0.000384,0.000999,-0.000611,0.001351,-0.000060,0.018163,0.003417,-0.002545,-0.002295,0.000051,0.003340,-0.002509,0.005560,-0.000206,0.009123,-0.001259,-0.003362,0.000624,0.002290,0.002909,-0.002349,-0.003155,0.000169,0.000322,0.001668,0.000028,0.003346,0.002696,0.000173,-0.000926,-0.000640,-0.001997,0.000498,0.001975,0.001194,0.000041,-0.000973,0.000257,-0.000836,0.000374,-0.000359,-0.000142,0.000116,-0.000123,0.000107,0.000127,0.000005,0.000006,-0.000026,-0.000006,0.000088,0.000092
-0.000053,0.000369,0.000494,-0.000114,0.000255,0.000740,0.002097,0.001530,-0.002537,0.003791,0.004627,0.003015,0.001410,0.003417,0.039842,-0.001426,0.000949,0.004987,0.002582,0.006053,0.009572,0.005469,0.001587,-0.003023,0.002696,0.005364,-0.005132,-0.002609,-0.000316,0.002251,0.000356,-0.001677,-0.005294,-0.001999,0.000568,0.001607,-0.007230,0.001482,0.001399,-0.003475,-0.000079,-0.001211,-0.001408,-0.000442,-0.001845,-0.002744,-0.000488,0.001107,0.000543,-0.000203,0.000227,0.000043,-0.000065,0.000175,-0.000103,0.000054,0.000096,0.000086,0.000028,-0.000041
-0.000422,-0.000552,-0.000043,0.000392,-0.000092,0.001140,-0.000828,-0.001931,0.002839,-0.000349,-0.002187,0.001539,0.005073,-0.002545,-0.001426,0.041829,0.016994,0.002942,0.008451,0.001076,-0.000679,0.003566,-0.007192,0.011059,0.002402,0.001535,-0.002397,-0.007857,0.002499,-0.000513,-0.005167,-0.005297,-0.008629,0.002102,-0.005475,0.000439,-0.004597,-0.001162,-0.001255,-0.002896,-0.000450,-0.001946,0.000408,-0.000296,0.000913,0.001663,0.000125,-0.001149,-0.000281,-0.000083,0.000015,0.000096,-0.000067,-0.000122,0.000215,-0.000033,0.000190,0.000117,-0.000092,0.000091
-0.000180,-0.000303,0.000251,-0.000116,0.000242,-0.001633,0.001367,-0.000908,-0.002716,-0.002229,-0.003466,0.003238,0.003325,-0.002295,0.000949,0.016994,0.067096,0.008826,-0.003790,-0.000358,0.008859,0.012550,0.003592,0.012327,0.000021,0.000886,0.005104,0.000085,0.009332,-0.002584,-0.003281,-0.003896,-0.005078,0.007145,0.001563,0.000988,-0.003635,-0.006024,-0.000844,0.001894,0.002396,0.003086,-0.000688,0.001324,-0.001180,-0.001646,-0.001037,-0.001166,0.000041,-0.000242,-0.000234,0.000219,-0.000122,0.000113,0.000288,0.000154,0.000172,-0.000003,0.000124,-0.000035
0.000406,0.000311,0.001107,0.000505,-0.000162,0.000156,-0.001673,0.001435,-0.000934,0.001801,0.002749,-0.003196,0.002501,0.000051,0.004987,0.002942,0.008826,0.059836,0.002420,-0.000301,0.005392,-0.000586,-0.004120,-0.002385,-0.011292,-0.003088,0.000137,0.001821,0.003947,0.008163,-0.001854,0.003976,0.001408,0.005195,0.002967,-0.005390,-0.002034,-0.002776,-0.001740,-0.000311,0.001904,-0.002678,0.001917,-0.001843,-0.003076,-0.003421,-0.000331,0.000198,0.000473,-0.000387,0.000093,0.000030,-0.000147,-0.000031,-0.000116,-0.000045,0.000178,-0.000079,-0.000030,0.000017
0.000164,0.000015,-0.000130,-0.000608,0.000547,0.000040,0.000958,-0.002232,0.001892,-0.000189,0.000546,0.001380,0.005164,0.003340,0.002582,0.008451,-0.003790,0.002420,0.064293,0.001597,-0.000016,0.019772,-0.003384,0.002153,0.005793,0.003085,-0.002537,-0.009843,0.000264,0.000605,0.001953,-0.008516,0.006982,-0.003685,0.000361,0.006071,-0.001862,0.001746,-0.004174,-0.000870,-0.004441,0.003965,0.001238,-0.002984,0.000373,0.006765,0.001491,0.001285,0.000038,0.000170,-0.000014,0.000076,0.000064,-0.000085,0.000277,0.000049,0.000274,0.000250,-0.000099,0.000033
-0.000022,-0.000184,0.001118,-0.000319,0.002321,0.003080,-0.000079,-0.001154,0.004531,-0.000976,0.001754,0.002519,0.007828,-0.002509,0.006053,0.001076,-0.000358,-0.000301,0.001597,0.081155,0.002361,0.002614,0.007363,-0.001248,-0.008253,0.003743,-0.012919,0.004704,-0.015921,0.001688,-0.003478,0.006146,-0.004258,-0.006612,-0.009177,-0.005577,0.004885,-0.005344,0.005445,0.000648,0.000515,-0.003761,0.001417,0.000401,0.001783,0.000944,-0.000911,0.000397,-0.000725,-0.000668,0.000321,-0.000097,0.000021,-0.000120,-0.000044,0.000079,0.000169,-0.000150,0.000056,-0.000074
0.000568,0.000793,-0.000460,0.001284,0.002244,0.002030,0.000131,0.000181,-0.001539,-0.001664,0.002505,-0.002276,0.002648,0.005560,0.009572,-0.000679,0.008859,0.005392,-0.000016,0.002361,0.102891,-0.002048,0.012159,-0.003888,-0.008965,-0.007516,-0.000384,-0.000454,-0.004237,-0.012697,-0.011590,-0.003676,0.005163,-0.004512,0.002208,-0.006823,0.001968,0.001946,-0.002362,-0.009553,0.003374,-0.004689,-0.000518,0.003955,0.000706,-0.004265,0.000765,0.002582,-0.000177,-0.000016,0.000090,0.000309,-0.000237,0.000346,-0.000063,0.000213,0.000154,0.000034,0.000184,0.000087
-0.000260,-0.000733,-0.000681,-0.000610,-0.000433,-0.000304,0.001119,-0.003747,0.001036,-0.001308,-0.004581,-0.001756,0.006108,-0.000206,0.005469,0.003566,0.012550,-0.000586,0.019772,0.002614,-0.002048,0.112826,0.005347,0.006870,0.015667,-0.001654,0.013177,0.002362,-0.002992,-0.005075,-0.000205,-0.003064,-0.002367,-0.005567,-0.002028,-0.005637,-0.011758,-0.006736,-0.005772,-0.008427,-0.001096,0.002823,-0.005542,-0.001855,-0.001038,-0.000420,0.000316,0.000161,0.000498,-0.000161,-0.000095,0.000300,0.000039,-0.000061,0.000295,0.000025,0.000032,0.000170,0.000124,0.000056
-0.000114,0.000375,-0.000448,0.000078,-0.001479,0.000732,0.000589,0.001360,-0.001070,-0.000831,-0.000478,-0.004180,-0.000032,0.009123,0.001587,-0.007192,0.003592,-0.004120,-0.003384,0.007363,0.012159,0.005347,0.091627,0.010107,-0.007115,-0.000796,0.007736,0.000144,-0.019318,0.002490,-0.002172,-0.003968,0.006674,0.001499,-0.005452,0.006337,0.001428,-0.004558,0.005674,-0.005812,0.002987,0.001737,-0.003865,-0.001095,-0.002336,0.000369,-0.001300,-0.001911,-0.000172,0.000035,-0.000206,-0.000096,0.000185,-0.000024,0.000091,-0.000033,-0.000075,-0.000278,0.000276,-0.000069
0.000012,0.001136,0.001836,-0.000353,0.000339,0.000130,-0.001336,0.000466,0.006867,-0.003493,-0.005142,0.010036,-0.001665,-0.001259,-0.003023,0.011059,0.012327,-0.002385,0.002153,-0.001248,-0.003888,0.006870,0.010107,0.109059,0.019997,-0.004405,0.013865,0.010761,-0.007295,0.000703,-0.004368,0.005829,-0.004866,-0.001318,-0.014329,0.001725,0.003018,-0.002728,0.002349,-0.002827,0.003888,-0.001612,0.001904,-0.003684,-0.002123,0.001736,0.000264,0.000573,-0.000347,-0.000168,-0.000158,0.000033,-0.000015,-0.000127,0.000241,0.000001,-0.000166,0.000091,-0.000073,-0.000046
-0.001015,0.000343,0.000064,-0.000128,-0.000339,-0.000125,0.000023,-0.001507,-0.001046,0.000674,0.002661,0.005522,-0.001125,-0.003362,0.002696,0.002402,0.000021,-0.011292,0.005793,-0.008253,-0.008965,0.015667,-0.007115,0.019997,0.118122,0.012078,0.029622,0.010074,0.001053,-0.002102,0.000587,0.001077,-0.010291,-0.005752,0.002114,-0.003856,0.000786,0.000029,-0.001674,-0.003729,0.004509,-0.005937,0.002650,0.002278,-0.000104,-0.002053,-0.000295,0.000138,-0.000591,0.000270,-0.000071,-0.000049,0.000089,0.000027,0.000054,-0.000001,0.000047,-0.000157,-0.000013,0.000063
-0.000634,-0.000864,-0.001202,-0.000594,0.000257,0.001747,0.000166,-0.001036,-0.003359,-0.003983,0.001199,-0.001179,0.000998,0.000624,0.005364,0.001535,0.000886,-0.003088,0.003085,0.003743,-0.007516,-0.001654,-0.000796,-0.004405,0.012078,0.111337,0.020627,0.025530,0.025197,0.005266,0.000814,-0.005328,0.001908,0.004968,0.005991,0.002783,-0.000140,0.000576,0.000350,0.006973,-0.002019,-0.004835,0.000091,-0.002407,-0.001279,0.000304,-0.001784,0.000143,0.000400,-0.000390,0.000152,0.000003,0.000079,-0.000242,-0.000161,0.000034,-0.000021,0.000089,-0.000134,-0.000088
-0.000285,-0.000315,-0.001024,-0.000165,-0.001129,0.001764,0.002759,-0.001692,-0.000327,0.000242,-0.003811,0.003489,-0.002743,0.002290,-0.005132,-0.002397,0.005104,0.000137,-0.002537,-0.012919,-0.000384,0.013177,0.007736,0.013865,0.029622,0.020627,0.115903,0.012111,0.016052,-0.000531,-0.013921,0.000329,-0.001899,0.003071,-0.006337,-0.002135,-0.000827,0.002929,-0.006798,0.003358,0.004943,-0.006578,0.001444,-0.000721,-0.002712,-0.002477,-0.000658,-0.000404,-0.000527,0.000031,0.000239,-0.000010,-0.000120,-0.000175,0.000118,0.000262,-0.000170,-0.000045,0.000090,0.000182
0.000023,-0.001618,-0.000664,-0.000236,-0.000908,-0.002365,-0.000343,0.000004,0.000760,0.004468,-0.001398,0.004059,0.010423,0.002909,-0.002609,-0.007857,0.000085,0.001821,-0.009843,0.004704,-0.000454,0.002362,0.000144,0.010761,0.010074,0.025530,0.012111,0.121079,0.028532,0.005133,-0.001355,0.009092,-0.007848,0.007704,0.005425,-0.006335,-0.003458,0.003409,0.004051,-0.003084,0.008419,-0.003701,-0.000132,0.001364,-0.003299,-0.001685,-0.001292,0.001008,0.000355,0.000076,0.000020,-0.000062,0.000001,0.000350,0.000111,-0.000037,-0.000072,-0.000147,0.000019,-0.000151
0.000144,-0.000862,-0.000992,-0.000239,0.000584,-0.001033,0.002111,-0.000511,-0.004873,0.002341,-0.002555,0.001663,0.000107,-0.002349,-0.000316,0.002499,0.009332,0.003947,0.000264,-0.015921,-0.004237,-0.002992,-0.019318,-0.007295,0.001053,0.025197,0.016052,0.028532,0.095105,0.003739,-0.004631,0.003558,-0.001885,0.013724,-0.003020,0.005648,-0.005546,-0.004238,-0.004563,0.002313,0.001813,-0.001311,0.002487,-0.004018,0.000272,-0.003688,0.002212,0.000713,0.000104,-0.000247,-0.000218,0.000049,-0.000062,0.000172,0.000085,-0.000049,-0.000048,0.000079,0.000014,0.000047
0.000656,0.000430,0.000504,-0.000496,0.000860,0.000658,-0.001468,0.002434,0.006501,-0.001520,-0.001426,-0.001808,-0.000215,-0.003155,0.002251,-0.000513,-0.002584,0.008163,0.000605,0.001688,-0.012697,-0.005075,0.002490,0.000703,-0.002102,0.005266,-0.000531,0.005133,0.003739,0.077043,0.001494,0.010037,0.005882,-0.005027,0.005508,-0.009055,-0.008340,-0.004251,-0.000731,0.002043,0.010797,-0.003516,0.002642,-0.002419,0.000204,0.004175,0.002214,-0.000863,0.000957,0.000081,0.000370,-0.000010,0.000028,0.000244,0.000125,0.000229,0.000006,-0.000097,0.000065,-0.000016
0.000079,0.000063,-0.000257,-0.000594,-0.001432,-0.000756,0.000196,0.000155,0.000353,-0.001553,-0.003169,-0.001838,0.000480,0.000169,0.000356,-0.005167,-0.003281,-0.001854,0.001953,-0.003478,-0.011590,-0.000205,-0.002172,-0.004368,0.000587,0.000814,-0.013921,-0.001355,-0.004631,0.001494,0.065350,0.000029,-0.000200,0.001346,-0.001166,0.000484,-0.001996,0.007255,0.004700,0.008362,-0.001087,-0.000941,-0.000922,0.000930,-0.002361,0.000020,-0.001634,-0.001760,0.001552,0.000473,0.000042,-0.000105,0.000127,-0.000086,-0.000056,0.000075,0.000049,-0.000019,-0.000005,-0.000096
-0.000025,0.000150,-0.000130,0.000405,-0.000041,0.001867,-0.001069,0.000714,0.002155,0.000307,-0.001196,0.000889,-0.001017,0.000322,-0.001677,-0.005297,-0.003896,0.003976,-0.008516,0.006146,-0.003676,-0.003064,-0.003968,0.005829,0.001077,-0.005328,0.000329,0.009092,0.003558,0.010037,0.000029,0.049333,0.002532,0.005376,-0.003360,-0.006633,0.002963,-0.002272,-0.006256,-0.004086,0.007227,-0.004369,0.003644,-0.000717,-0.000369,0.002226,0.000685,-0.000390,-0.000224,-0.000152,-0.000097,-0.000206,0.000036,0.000291,0.000090,-0.000015,0.000068,-0.000022,0.000046,-0.000032
0.000645,0.000439,-0.000208,0.000662,-0.000728,-0.001543,0.001613,-0.001147,0.001159,-0.003744,0.001105,-0.001274,-0.000742,0.001668,-0.005294,-0.008629,-0.005078,0.001408,0.006982,-0.004258,0.005163,-0.002367,0.006674,-0.004866,-0.010291,0.001908,-0.001899,-0.007848,-0.001885,0.005882,-0.000200,0.002532,0.052748,0.005312,0.002711,0.003216,-0.001557,0.000179,-0.005955,0.002506,0.001025,-0.000940,-0.002894,-0.001717,0.001951,0.004575,-0.000427,0.000628,0.002192,0.000495,-0.000014,0.000102,0.000011,-0.000038,0.000071,0.000007,-0.000007,-0.000086,-0.000140,-0.000045
0.000591,0.000149,-0.000326,0.000122,-0.001217,-0.000336,0.000068,0.000322,-0.000632,0.000428,-0.000458,-0.001952,0.000765,0.000028,-0.001999,0.002102,0.007145,0.005195,-0.003685,-0.006612,-0.004512,-0.005567,0.001499,-0.001318,-0.005752,0.004968,0.003071,0.007704,0.013724,-0.005027,0.001346,0.005376,0.005312,0.049511,0.007298,0.002668,0.004390,-0.000988,-0.000697,0.004613,0.007121,0.001178,0.000100,-0.000075,0.000286,0.000742,0.003565,-0.000437,0.000419,-0.000302,-0.000128,0.000016,0.000136,-0.000105,0.000249,-0.000131,0.000205,0.000099,0.000006,-0.000061
0.000463,0.000575,-0.000436,0.000341,-0.000740,-0.000919,-0.000172,0.001569,0.003074,0.001406,0.000762,-0.000504,-0.002239,0.003346,0.000568,-0.005475,0.001563,0.002967,0.000361,-0.009177,0.002208,-0.002028,-0.005452,-0.014329,0.002114,0.005991,-0.006337,0.005425,-0.003020,0.005508,-0.001166,-0.003360,0.002711,0.007298,0.053217,-0.007778,0.009037,-0.001013,-0.002168,0.006435,0.002584,0.005112,-0.002143,-0.003311,0.005553,-0.000335,0.000623,0.001624,0.000549,0.000396,0.000154,-0.000177,0.000098,0.000013,0.000011,0.000056,-0.000047,0.000102,0.000032,0.000054
-0.000662,0.000164,-0.000542,-0.000167,0.000929,0.000346,0.001530,0.000871,-0.002756,-0.002601,-0.000095,-0.003832,-0.000649,0.002696,0.001607,0.000439,0.000988,-0.005390,0.006071,-0.005577,-0.006823,-0.005637,0.006337,0.001725,-0.003856,0.002783,-0.002135,-0.006335,0.005648,-0.009055,0.000484,-0.006633,0.003216,0.002668,-0.007778,0.054942,0.004266,0.005770,0.007469,0.000537,-0.002718,-0.001269,0.000288,0.002804,-0.004227,-0.000056,-0.000868,0.001408,-0.000241,0.000173,0.000135,-0.000081,0.000112,-0.000026,0.000027,0.000033,-0.000034,-0.000136,0.000065,-0.000057
0.000062,0.000513,-0.000485,0.000098,0.001360,0.001677,-0.000627,-0.000385,0.000281,0.000859,0.002065,0.002195,-0.002615,0.000173,-0.007230,-0.004597,-0.003635,-0.002034,-0.001862,0.004885,0.001968,-0.011758,0.001428,0.003018,0.000786,-0.000140,-0.000827,-0.003458,-0.005546,-0.008340,-0.001996,0.002963,-0.001557,0.004390,0.009037,0.004266,0.052056,-0.005539,-0.000126,0.004189,0.005627,0.005938,-0.001058,0.002872,0.005473,0.002951,0.003138,0.001511,-0.000746,0.000070,0.000225,-0.000229,0.000102,-0.000073,0.000188,-0.000039,-0.000138,-0.000042,0.000035,0.000053
-0.000036,-0.000694,-0.000491,0.000237,-0.000706,-0.000184,-0.000504,0.001154,-0.000235,-0.001442,0.004943,-0.001759,-0.002313,-0.000926,0.001482,-0.001162,-0.006024,-0.002776,0.001746,-0.005344,0.001946,-0.006736,-0.004558,-0.002728,0.000029,0.000576,0.002929,0.003409,-0.004238,-0.004251,0.007255,-0.002272,0.000179,-0.000988,-0.001013,0.005770,-0.005539,0.037016,0.004664,0.001797,-0.000457,-0.002255,0.000392,0.003724,0.000317,0.000031,0.000552,-0.000206,0.000175,-0.000266,0.000358,0.000001,-0.000021,0.000129,0.000167,0.000100,0.000130,0.000200,-0.000131,-0.000086
-0.000146,0.000330,0.000479,-0.000551,0.000773,0.000089,0.000065,-0.000469,-0.001145,-0.000475,0.001484,-0.000293,0.000259,-0.000640,0.001399,-0.001255,-0.000844,-0.001740,-0.004174,0.005445,-0.002362,-0.005772,0.005674,0.002349,-0.001674,0.000350,-0.006798,0.004051,-0.004563,-0.000731,0.004700,-0.006256,-0.005955,-0.000697,-0.002168,0.007469,-0.000126,0.004664,0.024248,-0.000004,-0.003837,0.001020,0.000688,0.001447,0.000081,-0.000989,-0.002009,0.000223,-0.000168,-0.000105,0.000155,-0.000077,-0.000017,-0.000077,-0.000128,0.000004,0.000050,-0.000025,0.000164,-0.000038
0.000262,0.000372,0.000384,-0.000392,-0.000987,-0.000954,-0.000007,0.000145,-0.000076,0.000588,-0.002230,-0.001700,-0.003192,-0.001997,-0.003475,-0.002896,0.001894,-0.000311,-0.000870,0.000648,-0.009553,-0.008427,-0.005812,-0.002827,-0.003729,0.006973,0.003358,-0.003084,0.002313,0.002043,0.008362,-0.004086,0.002506,0.004613,0.006435,0.000537,0.004189,0.001797,-0.000004,0.030772,0.006228,0.004337,-0.000330,-0.001375,0.002470,0.001494,0.000458,-0.001241,0.001236,0.000368,0.000021,-0.000088,0.000012,-0.000089,0.000046,0.000043,-0.000078,0.000017,-0.000080,0.000012
0.000427,0.000944,0.000291,0.001056,0.000756,-0.001015,0.000033,0.000274,0.003820,0.001683,-0.000157,-0.001861,-0.000574,0.000498,-0.000079,-0.000450,0.002396,0.001904,-0.004441,0.000515,0.003374,-0.001096,0.002987,0.003888,0.004509,-0.002019,0.004943,0.008419,0.001813,0.010797,-0.001087,0.007227,0.001025,0.007121,0.002584,-0.002718,0.005627,-0.000457,-0.003837,0.006228,0.030560,0.004459,0.002197,0.000144,0.002039,0.002358,0.002914,0.000684,0.000995,-0.000142,0.000408,0.000100,0.000158,0.000267,0.000312,0.000134,0.000034,-0.000088,-0.000061,-0.000005
0.000087,0.000044,0.000193,-0.000386,-0.000473,-0.000169,-0.000051,-0.000679,-0.003795,-0.000995,-0.000776,0.001696,-0.002991,0.001975,-0.001211,-0.001946,0.003086,-0.002678,0.003965,-0.003761,-0.004689,0.002823,0.001737,-0.001612,-0.005937,-0.004835,-0.006578,-0.003701,-0.001311,-0.003516,-0.000941,-0.004369,-0.000940,0.001178,0.005112,-0.001269,0.005938,-0.002255,0.001020,0.004337,0.004459,0.022380,0.001269,-0.000383,0.003734,-0.001190,0.000743,-0.000144,0.000400,-0.000100,-0.000044,-0.000052,0.000089,0.000025,0.000040,-0.000055,-0.000088,-0.000026,0.000082,0.000002
0.000146,0.000420,0.000252,0.000074,-0.000264,-0.000401,0.000078,0.000896,-0.000354,-0.001232,-0.000157,0.001162,0.000010,0.001194,-0.001408,0.000408,-0.000688,0.001917,0.001238,0.001417,-0.000518,-0.005542,-0.003865,0.001904,0.002650,0.000091,0.001444,-0.000132,0.002487,0.002642,-0.000922,0.003644,-0.002894,0.000100,-0.002143,0.000288,-0.001058,0.000392,0.000688,-0.000330,0.002197,0.001269,0.014308,0.000667,0.001022,-0.001177,0.000486,-0.000442,-0.000357,0.000148,0.000105,-0.000049,0.000051,0.000126,0.000105,0.000105,0.000014,-0.000015,-0.000041,0.000098
-0.000048,0.000001,-0.000004,0.000047,0.000614,0.000008,-0.000531,0.000298,-0.001965,-0.000141,0.001769,-0.001177,0.001438,0.000041,-0.000442,-0.000296,0.001324,-0.001843,-0.002984,0.000401,0.003955,-0.001855,-0.001095,-0.003684,0.002278,-0.002407,-0.000721,0.001364,-0.004018,-0.002419,0.000930,-0.000717,-0.001717,-0.000075,-0.003311,0.002804,0.002872,0.003724,0.001447,-0.001375,0.000144,-0.000383,0.000667,0.009900,-0.000716,-0.000563,0.000415,0.000677,-0.000074,0.000115,-0.000035,-0.000030,0.000035,0.000151,-0.000011,0.000055,0.000008,-0.000030,0.000005,-0.000003
0.000388,0.000206,-0.000229,0.000372,0.000045,-0.000741,-0.000561,-0.000457,0.002231,0.000686,0.001759,0.000061,-0.002486,-0.000973,-0.001845,0.000913,-0.001180,-0.003076,0.000373,0.001783,0.000706,-0.001038,-0.002336,-0.002123,-0.000104,-0.001279,-0.002712,-0.003299,0.000272,0.000204,-0.002361,-0.000369,0.001951,0.000286,0.005553,-0.004227,0.005473,0.000317,0.000081,0.002470,0.002039,0.003734,0.001022,-0.000716,0.013536,0.001493,0.000931,0.000770,0.000349,0.000183,0.000164,-0.000092,-0.000031,-0.000003,0.000070,0.000019,-0.000022,0.000084,0.000026,-0.000003
-0.000138,0.000098,0.000175,-0.000103,0.000081,-0.000162,-0.000645,-0.000200,0.002652,-0.000795,-0.001524,-0.000732,-0.000798,0.000257,-0.002744,0.001663,-0.001646,-0.003421,0.006765,0.000944,-0.004265,-0.000420,0.000369,0.001736,-0.002053,0.000304,-0.002477,-0.001685,-0.003688,0.004175,0.000020,0.002226,0.004575,0.000742,-0.000335,-0.000056,0.002951,0.000031,-0.000989,0.001494,0.002358,-0.001190,-0.001177,-0.000563,0.001493,0.010842,0.001513,0.001353,0.000401,0.000141,0.000034,0.000049,0.000012,-0.000055,0.000101,0.000027,0.000091,0.000103,0.000050,0.000011
-0.000005,0.000171,-0.000133,-0.000127,0.000372,0.000108,-0.000308,0.000388,0.000000,-0.000274,0.000449,-0.000798,-0.001525,-0.000836,-0.000488,0.000125,-0.001037,-0.000331,0.001491,-0.000911,0.000765,0.000316,-0.001300,0.000264,-0.000295,-0.001784,-0.000658,-0.001292,0.002212,0.002214,-0.001634,0.000685,-0.000427,0.003565,0.000623,-0.000868,0.003138,0.000552,-0.002009,0.000458,0.002914,0.000743,0.000486,0.000415,0.000931,0.001513,0.005204,-0.000041,-0.000194,0.000051,-0.000035,0.000050,-0.000027,0.000061,0.000115,0.000012,0.000051,0.000101,-0.000035,0.000041
0.000020,0.000080,0.000041,0.000188,0.000541,0.000138,0.000012,0.000118,0.000535,0.000432,-0.000023,-0.000170,0.000125,0.000374,0.001107,-0.001149,-0.001166,0.000198,0.001285,0.000397,0.002582,0.000161,-0.001911,0.000573,0.000138,0.000143,-0.000404,0.001008,0.000713,-0.000863,-0.001760,-0.000390,0.000628,-0.000437,0.001624,0.001408,0.001511,-0.000206,0.000223,-0.001241,0.000684,-0.000144,-0.000442,0.000677,0.000770,0.001353,-0.000041,0.002559,0.000249,0.000061,0.000106,0.000020,0.000018,0.000023,-0.000027,0.000014,-0.000019,0.000000,0.000023,0.000016
0.000101,0.000116,0.000118,0.000048,-0.000114,-0.000161,0.000156,-0.000016,-0.000123,-0.000459,-0.000307,-0.000114,-0.000295,-0.000359,0.000543,-0.000281,0.000041,0.000473,0.000038,-0.000725,-0.000177,0.000498,-0.000172,-0.000347,-0.000591,0.000400,-0.000527,0.000355,0.000104,0.000957,0.001552,-0.000224,0.002192,0.000419,0.000549,-0.000241,-0.000746,0.000175,-0.000168,0.001236,0.000995,0.000400,-0.000357,-0.000074,0.000349,0.000401,-0.000194,0.000249,0.000931,0.000081,0.000018,0.000020,0.000010,-0.000013,-0.000016,0.000020,0.000003,-0.000000,-0.000022,0.000003
0.000020,0.000094,0.000012,-0.000006,-0.000034,-0.000058,0.000055,0.000225,0.000225,0.000005,-0.000061,-0.000088,-0.000097,-0.000142,-0.000203,-0.000083,-0.000242,-0.000387,0.000170,-0.000668,-0.000016,-0.000161,0.000035,-0.000168,0.000270,-0.000390,0.000031,0.000076,-0.000247,0.000081,0.000473,-0.000152,0.000495,-0.000302,0.000396,0.000173,0.000070,-0.000266,-0.000105,0.000368,-0.000142,-0.000100,0.000148,0.000115,0.000183,0.000141,0.000051,0.000061,0.000081,0.000176,0.000013,-0.000004,0.000002,0.000001,0.000004,0.000009,-0.000010,0.000002,-0.000004,0.000009
0.000006,0.000040,-0.000000,0.000035,0.000041,0.000056,0.000045,0.000003,0.000238,0.000122,0.000108,-0.000033,-0.000035,0.000116,0.000227,0.000015,-0.000234,0.000093,-0.000014,0.000321,0.000090,-0.000095,-0.000206,-0.000158,-0.000071,0.000152,0.000239,0.000020,-0.000218,0.000370,0.000042,-0.000097,-0.000014,-0.000128,0.000154,0.000135,0.000225,0.000358,0.000155,0.000021,0.000408,-0.000044,0.000105,-0.000035,0.000164,0.000034,-0.000035,0.000106,0.000018,0.000013,0.000083,-0.000001,0.000002,0.000000,0.000005,-0.000000,0.000001,0.000000,0.000004,0.000002
-0.000004,0.000010,0.000022,0.000018,-0.000004,-0.000002,0.000003,0.000011,0.000031,-0.000054,0.000006,-0.000042,0.000098,-0.000123,0.000043,0.000096,0.000219,0.000030,0.000076,-0.000097,0.000309,0.000300,-0.000096,0.000033,-0.000049,0.000003,-0.000010,-0.000062,0.000049,-0.000010,-0.000105,-0.000206,0.000102,0.000016,-0.000177,-0.000081,-0.000229,0.000001,-0.000077,-0.000088,0.000100,-0.000052,-0.000049,-0.000030,-0.000092,0.000049,0.000050,0.000020,0.000020,-0.000004,-0.000001,0.000033,-0.000003,0.000000,0.000001,-0.000000,0.000005,0.000005,0.000004,0.000000
-0.000006,0.000019,0.000008,-0.000002,-0.000034,-0.000007,0.000001,-0.000025,0.000060,-0.000018,0.000027,0.000131,0.000037,0.000107,-0.000065,-0.000067,-0.000122,-0.000147,0.000064,0.000021,-0.000237,0.000039,0.000185,-0.000015,0.000089,0.000079,-0.000120,0.000001,-0.000062,0.000028,0.000127,0.000036,0.000011,0.000136,0.000098,0.000112,0.000102,-0.000021,-0.000017,0.000012,0.000158,0.000089,0.000051,0.000035,-0.000031,0.000012,-0.000027,0.000018,0.000010,0.000002,0.000002,-0.000003,0.000027,0.000002,0.000002,0.000003,-0.000001,-0.000003,-0.000004,-0.000000
0.000003,0.000007,-0.000004,-0.000008,-0.000029,-0.000047,-0.000013,0.000078,-0.000018,-0.000020,-0.000029,0.000056,0.000023,0.000127,0.000175,-0.000122,0.000113,-0.000031,-0.000085,-0.000120,0.000346,-0.000061,-0.000024,-0.000127,0.000027,-0.000242,-0.000175,0.000350,0.000172,0.000244,-0.000086,0.000291,-0.000038,-0.000105,0.000013,-0.000026,-0.000073,0.000129,-0.000077,-0.000089,0.000267,0.000025,0.000126,0.000151,-0.000003,-0.000055,0.000061,0.000023,-0.000013,0.000001,0.000000,0.000000,0.000002,0.000045,0.000006,0.000006,0.000003,0.000005,-0.000001,0.000002
0.000011,0.000032,-0.000003,-0.000014,-0.000003,-0.000014,-0.000003,-0.000012,0.000182,-0.000007,-0.000044,-0.000002,0.000038,0.000005,-0.000103,0.000215,0.000288,-0.000116,0.000277,-0.000044,-0.000063,0.000295,0.000091,0.000241,0.000054,-0.000161,0.000118,0.000111,0.000085,0.000125,-0.000056,0.000090,0.000071,0.000249,0.000011,0.000027,0.000188,0.000167,-0.000128,0.000046,0.000312,0.000040,0.000105,-0.000011,0.000070,0.000101,0.000115,-0.000027,-0.000016,0.000004,0.000005,0.000001,0.000002,0.000006,0.000048,0.000003,0.000012,0.000011,-0.000001,-0.000001
0.000012,0.000005,0.000005,0.000001,0.000008,-0.000008,0.000020,0.000094,-0.000044,-0.000069,0.000004,0.000080,-0.000042,0.000006,0.000054,-0.000033,0.000154,-0.000045,0.000049,0.000079,0.000213,0.000025,-0.000033,0.000001,-0.000001,0.000034,0.000262,-0.000037,-0.000049,0.000229,0.000075,-0.000015,0.000007,-0.000131,0.000056,0.000033,-0.000039,0.000100,0.000004,0.000043,0.000134,-0.000055,0.000105,0.000055,0.000019,0.000027,0.000012,0.000014,0.000020,0.000009,-0.000000,-0.000000,0.000003,0.000006,0.000003,0.000021,-0.000002,0.000003,0.000001,0.000001
-0.000002,0.000024,0.000033,-0.000002,-0.000012,-0.000007,-0.000034,-0.000036,0.000070,-0.000012,0.000090,-0.000039,0.000165,-0.000026,0.000096,0.000190,0.000172,0.000178,0.000274,0.000169,0.000154,0.000032,-0.000075,-0.000166,0.000047,-0.000021,-0.000170,-0.000072,-0.000048,0.000006,0.000049,0.000068,-0.000007,0.000205,-0.000047,-0.000034,-0.000138,0.000130,0.000050,-0.000078,0.000034,-0.000088,0.000014,0.000008,-0.000022,0.000091,0.000051,-0.000019,0.000003,-0.000010,0.000001,0.000005,-0.000001,0.000003,0.000012,-0.000002,0.000029,0.000009,0.000000,-0.000001
0.000011,0.000028,0.000018,-0.000003,0.000008,-0.000025,-0.000017,0.000029,0.000056,-0.000018,0.000003,0.000014,-0.000135,-0.000006,0.000086,0.000117,-0.000003,-0.000079,0.000250,-0.000150,0.000034,0.000170,-0.000278,0.000091,-0.000157,0.000089,-0.000045,-0.000147,0.000079,-0.000097,-0.000019,-0.000022,-0.000086,0.000099,0.000102,-0.000136,-0.000042,0.000200,-0.000025,0.000017,-0.000088,-0.000026,-0.000015,-0.000030,0.000084,0.000103,0.000101,0.000000,-0.000000,0.000002,0.000000,0.000005,-0.000003,0.000005,0.000011,0.000003,0.000009,0.000027,-0.000003,0.000002
0.000006,-0.000005,0.000006,0.000010,0.000055,0.000069,-0.000010,-0.000003,0.000005,-0.000049,-0.000066,-0.000057,0.000019,0.000088,0.000028,-0.000092,0.000124,-0.000030,-0.000099,0.000056,0.000184,0.000124,0.000276,-0.000073,-0.000013,-0.000134,0.000090,0.000019,0.000014,0.000065,-0.000005,0.000046,-0.000140,0.000006,0.000032,0.000065,0.000035,-0.000131,0.000164,-0.000080,-0.000061,0.000082,-0.000041,0.000005,0.000026,0.000050,-0.000035,0.000023,-0.000022,-0.000004,0.000004,0.000004,-0.000004,-0.000001,-0.000001,0.000001,0.000000,-0.000003,0.000025,-0.000000
0.000005,0.000018,-0.000003,0.000011,-0.000005,-0.000007,0.000002,-0.000028,0.000064,0.000041,-0.000026,-0.000045,-0.000065,0.000092,-0.000041,0.000091,-0.000035,0.000017,0.000033,-0.000074,0.000087,0.000056,-0.000069,-0.000046,0.000063,-0.000088,0.000182,-0.000151,0.000047,-0.000016,-0.000096,-0.000032,-0.000045,-0.000061,0.000054,-0.000057,0.000053,-0.000086,-0.000038,0.000012,-0.000005,0.000002,0.000098,-0.000003,-0.000003,0.000011,0.000041,0.000016,0.000003,0.000009,0.000002,0.000000,-0.000000,0.000002,-0.000001,0.000001,-0.000001,0.000002,-0.000000,0.000013
