10854.861178,-1182.201747,-486.654232,-98.132946,52.335681,-1045.485235,-1724.047988,377.582638
-1182.201747,2834.940153,-8.100710,172.193684,-51.116495,-41.026663,-775.459430,-59.348269
-486.654232,-8.100710,495.231004,-20.548693,2.241974,28.399304,-147.608554,-13.913405
-98.132946,172.193684,-20.548693,351.978451,-60.523133,-275.527241,-599.163240,225.104555
52.335681,-51.116495,2.241974,-60.523133,34.705255,-126.889343,102.419103,-70.553444
-1045.485235,-41.026663,28.399304,-275.527241,-126.889343,5933.850771,-1065.119359,238.805633
-1724.047988,-775.459430,-147.608554,-599.163240,102.419103,-1065.119359,5987.812472,-177.075688
377.582638,-59.348269,-13.913405,225.104555,-70.553444,238.805633,-177.075688,2776.394185
