10975.006361,-1496.404263,-502.749356,-115.926183,56.460282,-746.637364,-1786.697317,782.147682
-1496.404263,3001.451234,64.499211,171.692850,-52.969926,99.197230,-885.701362,-177.594568
-502.749356,64.499211,512.443734,2.059660,2.540210,-6.560380,-209.366465,-29.134070
-115.926183,171.692850,2.059660,365.343678,-67.902641,-314.547967,-611.500980,330.133997
56.460282,-52.969926,2.540210,-67.902641,36.491594,-123.288009,113.142954,-87.852507
-746.637364,99.197230,-6.560380,-314.547967,-123.288009,6103.749386,-1148.650714,265.494419
-1786.697317,-885.701362,-209.366465,-611.500980,113.142954,-1148.650714,6410.377352,-784.651552
782.147682,-177.594568,-29.134070,330.133997,-87.852507,265.494419,-784.651552,3327.520140
