0.057208,-0.009506,-0.005736,-0.002113,0.004003,-0.004955,-0.010234,0.004906
-0.009506,0.023237,0.000897,0.003814,-0.004577,0.000802,-0.006183,-0.001358
-0.005736,0.000897,0.012798,0.000082,0.000394,-0.000095,-0.002625,-0.000400
-0.002113,0.003814,0.000082,0.023289,-0.016837,-0.007300,-0.012248,0.007241
0.004003,-0.004577,0.000394,-0.016837,0.035195,-0.011130,0.008815,-0.007495
-0.004955,0.000802,-0.000095,-0.007300,-0.011130,0.051580,-0.008377,0.002120
-0.010234,-0.006183,-0.002625,-0.012248,0.008815,-0.008377,0.040347,-0.005408
0.004906,-0.001358,-0.000400,0.007241,-0.007495,0.002120,-0.005408,0.025114
