0.000076,-0.000015,0.000005,-0.000015,0.000037,-0.000016,0.000084,-0.000026,0.000004,-0.000028,-0.000025,0.000129,-0.000045,0.000057,-0.000056,0.000008,0.000462,0.000557,-0.000088,0.000038,0.000093,-0.000130,-0.000001,0.000171,-0.000135,0.000037,-0.000052,0.000136,-0.000099,0.000262,-0.000049,0.000032,0.000050,-0.000040,-0.000006,-0.000051,0.000116,-0.000050,-0.000068,-0.000058,-0.000076,-0.000072,-0.000034,-0.000030,-0.000020,-0.000021,0.000058,-0.000023,0.000019,-0.000001,0.000008,0.000001,-0.000003,0.000003,-0.000002,-0.000001,0.000001,-0.000001,-0.000000,0.000004
-0.000015,0.000499,-0.000028,0.000021,-0.000050,0.000098,-0.000024,-0.000028,-0.000018,0.000571,0.000201,0.000228,-0.000126,-0.000115,-0.000128,0.000037,-0.000062,-0.000220,0.000044,-0.000330,0.000042,-0.000278,0.000942,-0.000356,0.000374,-0.000638,0.000539,-0.000073,0.000175,-0.000519,-0.000029,-0.000187,-0.000040,-0.000377,0.000469,0.000276,-0.000219,0.000275,-0.000173,0.000225,0.000203,-0.000092,0.000225,0.000142,-0.000026,0.000107,0.000110,-0.000063,0.000085,-0.000008,0.000011,-0.000010,-0.000002,-0.000006,0.000008,-0.000002,-0.000001,-0.000002,-0.000001,-0.000004
0.000005,-0.000028,0.000303,-0.000016,0.000017,-0.000005,0.000031,0.000034,-0.000013,-0.000071,-0.000099,-0.000196,-0.000074,-0.000036,-0.000067,0.000088,-0.000286,0.000259,-0.000283,-0.000116,-0.000307,0.000333,-0.000222,0.000417,-0.000187,0.000087,0.000062,-0.000226,-0.000227,-0.000304,-0.000164,-0.000075,-0.000070,-0.000229,-0.000244,-0.000199,-0.000142,0.000560,-0.000012,-0.000168,-0.000146,0.000227,-0.000065,-0.000073,-0.000131,0.000300,0.000148,-0.000043,-0.000013,0.000004,0.000013,0.000000,-0.000005,0.000013,0.000006,0.000010,0.000001,-0.000002,-0.000000,0.000010
-0.000015,0.000021,-0.000016,0.000472,0.000081,0.000169,-0.000088,-0.000035,0.000006,-0.000119,0.000165,0.000152,0.000481,-0.000122,0.000504,-0.000233,0.000090,0.000057,0.000381,-0.000046,0.000855,-0.000283,-0.000201,-0.000331,-0.000254,-0.000405,-0.000130,0.000125,-0.000124,-0.000050,-0.000112,-0.000019,-0.000102,-0.000248,0.000130,0.000149,-0.000219,0.000553,0.000391,-0.000008,0.000440,-0.000081,0.000047,0.000187,-0.000107,0.000138,0.000061,0.000035,-0.000035,-0.000003,0.000019,0.000007,-0.000005,0.000004,0.000011,-0.000001,-0.000003,-0.000003,0.000000,-0.000004
0.000037,-0.000050,0.000017,0.000081,0.000698,0.000126,0.000019,-0.000089,-0.000022,-0.000068,0.000146,-0.000345,0.000538,-0.000125,-0.000189,-0.000252,0.001046,0.000484,0.000208,-0.000031,-0.000006,0.000152,-0.000391,0.000518,-0.000299,-0.000328,-0.000341,-0.000742,-0.000552,-0.000166,-0.000376,0.000389,0.000052,0.000047,0.000114,0.000313,-0.000093,0.000069,-0.000395,0.000026,-0.000257,-0.000176,-0.000090,0.000001,-0.000202,0.000105,0.000114,-0.000055,0.000034,-0.000001,-0.000016,0.000028,0.000013,-0.000002,0.000020,0.000003,-0.000003,-0.000003,-0.000005,0.000001
-0.000016,0.000098,-0.000005,0.000169,0.000126,0.000903,0.000008,-0.000012,-0.000020,0.000039,-0.000166,-0.000306,-0.000076,-0.000009,0.000454,-0.000046,-0.000446,-0.000329,-0.000083,-0.000501,0.000647,0.000082,0.000321,-0.000638,-0.000209,-0.000685,-0.000236,-0.000658,0.000276,-0.000557,-0.000163,-0.000209,-0.000109,-0.000179,-0.000411,0.000330,-0.000143,0.000239,-0.000350,0.000201,0.000347,-0.000217,-0.000101,0.000197,-0.000183,0.000169,-0.000039,-0.000049,0.000030,-0.000007,0.000002,-0.000011,0.000022,-0.000007,-0.000006,-0.000004,0.000014,0.000002,0.000014,-0.000005
0.000084,-0.000024,0.000031,-0.000088,0.000019,0.000008,0.002361,-0.000089,-0.000037,-0.000243,-0.000316,-0.000199,-0.000257,-0.000393,-0.000320,-0.000111,0.001024,0.001808,-0.000894,0.001069,-0.000443,-0.000021,-0.000055,-0.000461,0.000190,-0.000111,0.001136,0.002993,-0.000062,-0.000115,-0.000709,-0.000157,0.000336,0.000108,0.000987,-0.000597,0.000310,-0.000146,-0.000527,-0.000421,-0.000294,0.000225,-0.000192,-0.000217,0.000210,0.000096,-0.000015,-0.000109,0.000014,-0.000013,0.000010,0.000027,0.000003,-0.000013,-0.000008,0.000000,-0.000006,0.000030,-0.000011,0.000007
-0.000026,-0.000028,0.000034,-0.000035,-0.000089,-0.000012,-0.000089,0.002225,-0.000032,-0.000204,0.000232,0.000071,-0.000216,0.000066,0.000283,-0.000233,-0.000595,-0.000061,0.000202,0.003461,0.003011,-0.000372,0.001114,-0.000462,0.000377,-0.000378,0.000346,-0.001054,0.001018,-0.000892,-0.000155,-0.000334,-0.000019,-0.000162,-0.000659,-0.000531,-0.000071,-0.000159,-0.000333,-0.000419,-0.000127,0.001180,-0.000162,-0.000182,-0.000334,-0.000219,0.000410,0.000099,0.000049,-0.000004,-0.000000,-0.000014,0.000004,-0.000003,0.000003,-0.000002,-0.000001,0.000052,-0.000009,-0.000001
0.000004,-0.000018,-0.000013,0.000006,-0.000022,-0.000020,-0.000037,-0.000032,0.000440,-0.000051,0.000020,0.000553,0.000170,0.001061,-0.000067,-0.000104,-0.000109,-0.000210,-0.000187,0.000006,-0.000218,-0.000156,-0.000138,-0.000254,0.000494,-0.000273,0.000641,0.000960,-0.000195,0.000342,-0.000148,0.000592,-0.000043,-0.000169,0.000143,0.000103,-0.000094,-0.000101,-0.000100,-0.000104,-0.000091,-0.000086,-0.000040,-0.000045,0.000227,-0.000055,-0.000027,0.000136,0.000018,-0.000004,0.000009,-0.000004,-0.000003,0.000004,-0.000002,-0.000001,-0.000001,-0.000002,0.000001,-0.000002
-0.000028,0.000571,-0.000071,-0.000119,-0.000068,0.000039,-0.000243,-0.000204,-0.000051,0.005061,0.000628,-0.000792,-0.000137,-0.000528,-0.000434,-0.000079,-0.001153,0.000393,-0.001010,-0.000107,-0.000793,-0.000491,0.001186,-0.000660,-0.001047,-0.000656,0.000975,0.002198,-0.000569,0.001299,-0.000962,0.000115,0.000664,-0.001098,0.000143,0.000530,-0.000469,0.000693,0.002384,0.002097,-0.000590,-0.000321,-0.000261,-0.000015,-0.000050,-0.000101,0.000246,0.000000,0.000132,0.000048,0.000101,-0.000008,0.000084,-0.000018,-0.000006,0.000019,0.000007,0.000000,-0.000015,-0.000007
-0.000025,0.000201,-0.000099,0.000165,0.000146,-0.000166,-0.000316,0.000232,0.000020,0.000628,0.005744,-0.000366,-0.000454,-0.000318,0.000915,-0.000882,-0.001376,-0.001472,-0.001581,0.001488,-0.001838,0.000054,0.001785,-0.000447,-0.001363,0.002334,0.001676,-0.000639,0.000046,0.001982,-0.001252,-0.000442,-0.000120,-0.000514,-0.000827,-0.000255,-0.000693,-0.000085,-0.000855,-0.000676,-0.000768,0.000671,-0.000277,0.000257,0.001313,0.000295,0.000590,0.000735,0.000162,-0.000035,-0.000048,-0.000037,0.000000,0.000028,0.000040,-0.000008,-0.000011,0.000000,-0.000001,-0.000012
0.000129,0.000228,-0.000196,0.000152,-0.000345,-0.000306,-0.000199,0.000071,0.000553,-0.000792,-0.000366,0.014971,0.000973,0.001450,-0.000428,-0.000130,0.004544,0.002821,0.003706,-0.000692,0.003224,-0.002426,0.000036,-0.001578,-0.000523,-0.004249,-0.000339,-0.002601,-0.000634,-0.000444,-0.002309,0.003243,0.000502,0.000195,-0.000350,-0.001640,-0.001212,-0.001025,0.001323,-0.000132,-0.001417,-0.001347,-0.000626,0.000024,-0.000474,-0.000849,-0.000105,-0.000170,-0.000106,-0.000065,0.000113,-0.000057,-0.000037,0.000071,-0.000025,-0.000002,-0.000005,-0.000021,-0.000018,0.000060
-0.000045,-0.000126,-0.000074,0.000481,0.000538,-0.000076,-0.000257,-0.000216,0.000170,-0.000137,-0.000454,0.000973,0.006836,-0.000308,-0.000273,0.000070,0.001294,0.001632,0.003425,-0.001371,0.002071,0.000433,-0.000949,0.001488,0.000310,-0.000666,-0.000827,0.000003,-0.001338,-0.001003,-0.001018,0.001186,-0.000298,-0.000124,-0.000535,0.000473,-0.000052,0.000218,-0.000959,-0.000716,0.000738,0.000544,-0.000276,-0.000251,0.000886,-0.000309,-0.000188,0.000015,-0.000132,-0.000029,-0.000039,0.000138,-0.000009,0.000070,0.000086,-0.000010,-0.000009,-0.000011,-0.000016,0.000002
0.000057,-0.000115,-0.000036,-0.000122,-0.000125,-0.000009,-0.000393,0.000066,0.001061,-0.000528,-0.000318,0.001450,-0.000308,0.011223,0.001034,0.000532,0.000343,-0.000429,0.001213,-0.001806,-0.000941,0.000078,0.002794,-0.002306,0.000423,-0.000508,0.003810,-0.003252,-0.000576,0.000688,0.003081,0.002948,-0.000022,0.000296,-0.002032,-0.000314,0.000437,-0.000132,-0.000004,-0.000667,-0.001129,-0.000375,-0.000264,0.000117,-0.000696,0.000229,0.000373,-0.000030,0.000072,0.000022,0.000009,-0.000037,0.000050,-0.000006,0.000004,0.000000,-0.000016,-0.000006,0.000012,0.000008
-0.000056,-0.000128,-0.000067,0.000504,-0.000189,0.000454,-0.000320,0.000283,-0.000067,-0.000434,0.000915,-0.000428,-0.000273,0.001034,0.007562,-0.000891,0.001849,-0.001687,-0.000861,0.000265,0.000965,0.000569,0.000471,-0.000080,-0.000923,-0.002328,0.000632,-0.001144,-0.001663,0.002056,0.000055,-0.000709,0.000097,-0.001444,-0.000749,0.001432,0.000229,0.000699,0.001302,-0.000890,0.001273,0.000245,-0.000089,0.001309,-0.000164,0.000161,-0.000089,0.000225,-0.000042,-0.000022,-0.000044,-0.000001,0.000016,0.000002,0.000025,-0.000013,-0.000006,-0.000013,0.000010,-0.000014
0.000008,0.000037,0.000088,-0.000233,-0.000252,-0.000046,-0.000111,-0.000233,-0.000104,-0.000079,-0.000882,-0.000130,0.000070,0.000532,-0.000891,0.015358,-0.002369,0.000187,0.003072,-0.001438,-0.002019,-0.001611,-0.000866,-0.001773,0.003644,-0.003636,-0.001606,-0.001038,-0.002413,-0.001850,-0.000893,-0.000929,-0.000578,0.000016,0.000930,-0.002073,0.002195,-0.001129,-0.001861,-0.000788,-0.001213,-0.000955,-0.000435,-0.000605,-0.000560,-0.000184,-0.000010,0.000592,-0.000243,-0.000032,-0.000076,-0.000044,-0.000037,0.000035,0.000113,-0.000008,-0.000018,-0.000020,-0.000015,0.000001
0.000462,-0.000062,-0.000286,0.000090,0.001046,-0.000446,0.001024,-0.000595,-0.000109,-0.001153,-0.001376,0.004544,0.001294,0.000343,0.001849,-0.002369,0.038763,0.016175,0.005760,-0.003954,-0.001320,-0.000038,-0.003136,-0.002303,0.000613,0.001682,-0.002733,-0.005378,-0.000982,0.006003,0.003459,0.004468,0.000765,0.002264,-0.003267,-0.000387,0.000302,-0.000245,-0.002836,-0.001169,0.000498,-0.001962,-0.000774,0.000704,-0.001575,-0.000045,0.000627,-0.000613,-0.000042,-0.000067,0.000081,0.000140,-0.000063,-0.000037,0.000030,-0.000029,-0.000024,-0.000007,-0.000046,0.000066
0.000557,-0.000220,0.000259,0.000057,0.000484,-0.000329,0.001808,-0.000061,-0.000210,0.000393,-0.001472,0.002821,0.001632,-0.000429,-0.001687,0.000187,0.016175,0.042194,0.000055,-0.000024,0.002778,-0.004180,0.004507,-0.000966,-0.000706,0.002056,-0.002434,-0.002350,-0.001957,-0.003025,-0.000987,0.000722,0.000248,-0.002587,-0.002639,-0.002719,-0.000200,0.000937,-0.001910,-0.000200,0.000123,-0.001475,-0.001078,-0.000067,-0.001442,-0.000049,0.000743,0.000509,0.000218,-0.000052,0.000220,0.000092,0.000055,0.000074,0.000044,-0.000020,-0.000010,0.000020,-0.000062,0.000102
-0.000088,0.000044,-0.000283,0.000381,0.000208,-0.000083,-0.000894,0.000202,-0.000187,-0.001010,-0.001581,0.003706,0.003425,0.001213,-0.000861,0.003072,0.005760,0.000055,0.045010,0.001866,0.002243,-0.001751,-0.003302,-0.005493,-0.002143,-0.005023,-0.002878,-0.004278,-0.003858,0.000777,-0.002926,0.001013,-0.000376,-0.004042,-0.001561,-0.002762,0.001317,-0.001823,-0.001826,-0.002491,0.000459,0.001567,-0.000344,0.000018,-0.001984,-0.000853,-0.000655,-0.000645,-0.000224,-0.000012,0.000040,0.000059,0.000058,0.000085,0.000044,-0.000022,-0.000032,-0.000038,-0.000055,0.000125
0.000038,-0.000330,-0.000116,-0.000046,-0.000031,-0.000501,0.001069,0.003461,0.000006,-0.000107,0.001488,-0.000692,-0.001371,-0.001806,0.000265,-0.001438,-0.003954,-0.000024,0.001866,0.039471,0.014878,-0.002544,0.000933,0.007002,-0.000806,-0.003986,-0.002473,0.004080,0.000539,0.007427,-0.002423,0.001013,-0.000291,-0.003684,0.007236,0.001480,0.000696,-0.001609,-0.002634,-0.000980,-0.001333,0.002927,-0.000745,-0.000571,0.000641,-0.000276,-0.000316,0.001249,-0.000238,-0.000091,-0.000017,0.000051,0.000016,-0.000040,0.000094,-0.000027,-0.000026,0.000198,-0.000019,0.000021
0.000093,0.000042,-0.000307,0.000855,-0.000006,0.000647,-0.000443,0.003011,-0.000218,-0.000793,-0.001838,0.003224,0.002071,-0.000941,0.000965,-0.002019,-0.001320,0.002778,0.002243,0.014878,0.052948,-0.004328,0.008256,-0.005081,-0.000790,-0.005402,0.001798,-0.007280,-0.002019,0.000672,-0.004119,-0.001109,0.001736,-0.004700,-0.003992,-0.004319,-0.001187,-0.002797,0.002357,-0.002897,-0.001706,-0.002402,-0.000786,-0.001138,-0.002307,0.000655,0.000153,-0.000751,-0.000482,-0.000007,0.000170,0.000116,-0.000022,-0.000010,0.000079,-0.000015,0.000027,0.000084,-0.000050,0.000028
-0.000130,-0.000278,0.000333,-0.000283,0.000152,0.000082,-0.000021,-0.000372,-0.000156,-0.000491,0.000054,-0.002426,0.000433,0.000078,0.000569,-0.001611,-0.000038,-0.004180,-0.001751,-0.002544,-0.004328,0.036649,0.001614,-0.001668,-0.001836,-0.005424,0.007620,-0.001592,0.000275,-0.001394,0.004526,-0.001653,-0.000862,0.004991,-0.001589,0.001990,-0.000057,-0.000219,0.000822,0.000087,0.001022,-0.001719,0.000620,0.002620,-0.000732,-0.000862,-0.000545,-0.000537,-0.000255,-0.000045,0.000001,-0.000016,0.000060,-0.000055,0.000054,0.000061,0.000051,0.000033,0.000135,-0.000036
-0.000001,0.000942,-0.000222,-0.000201,-0.000391,0.000321,-0.000055,0.001114,-0.000138,0.001186,0.001785,0.000036,-0.000949,0.002794,0.000471,-0.000866,-0.003136,0.004507,-0.003302,0.000933,0.008256,0.001614,0.030411,-0.002371,-0.000841,-0.004813,0.010855,-0.003120,0.005315,-0.003494,0.000996,-0.001467,-0.000122,0.000636,-0.001639,-0.000557,-0.001650,0.000399,-0.002463,-0.000799,-0.000350,-0.001305,0.000219,0.001941,-0.000129,-0.000642,0.000761,-0.000477,0.000411,-0.000035,-0.000060,-0.000077,0.000076,-0.000048,0.000010,-0.000026,0.000022,-0.000028,0.000034,-0.000032
0.000171,-0.000356,0.000417,-0.000331,0.000518,-0.000638,-0.000461,-0.000462,-0.000254,-0.000660,-0.000447,-0.001578,0.001488,-0.002306,-0.000080,-0.001773,-0.002303,-0.000966,-0.005493,0.007002,-0.005081,-0.001668,-0.002371,0.065153,-0.005076,0.006546,-0.003525,0.002697,-0.005800,-0.007203,-0.004078,0.004778,-0.001408,-0.000026,0.009640,0.001979,-0.000634,-0.000535,-0.001925,0.002887,0.002427,0.001067,-0.000261,-0.001313,-0.001835,-0.001495,-0.000891,0.000431,-0.000461,0.000229,0.000171,-0.000014,-0.000002,0.000085,0.000101,-0.000048,0.000015,-0.000030,0.000058,-0.000035
-0.000135,0.000374,-0.000187,-0.000254,-0.000299,-0.000209,0.000190,0.000377,0.000494,-0.001047,-0.001363,-0.000523,0.000310,0.000423,-0.000923,0.003644,0.000613,-0.000706,-0.002143,-0.000806,-0.000790,-0.001836,-0.000841,-0.005076,0.036138,0.000104,-0.002289,0.001516,-0.003752,-0.001988,-0.000397,0.000886,-0.000893,-0.003484,-0.001261,0.003515,0.003078,-0.001647,-0.002875,-0.001648,-0.001873,-0.000502,0.000444,0.000273,-0.000277,0.000745,-0.000565,0.001467,-0.000082,0.000089,0.000002,-0.000017,-0.000064,-0.000056,-0.000024,0.000018,-0.000027,0.000005,0.000032,-0.000037
0.000037,-0.000638,0.000087,-0.000405,-0.000328,-0.000685,-0.000111,-0.000378,-0.000273,-0.000656,0.002334,-0.004249,-0.000666,-0.000508,-0.002328,-0.003636,0.001682,0.002056,-0.005023,-0.003986,-0.005402,-0.005424,-0.004813,0.006546,0.000104,0.072703,-0.002010,-0.003616,0.002470,0.003888,0.003908,0.003601,-0.001510,-0.002997,-0.004710,0.000367,-0.001824,0.001024,-0.003632,-0.001993,-0.001637,0.001030,0.000682,-0.001579,0.001574,0.000239,0.001417,0.000695,-0.000256,0.000044,-0.000134,-0.000090,0.000020,-0.000031,-0.000008,-0.000004,0.000031,-0.000055,-0.000033,0.000050
-0.000052,0.000539,0.000062,-0.000130,-0.000341,-0.000236,0.001136,0.000346,0.000641,0.000975,0.001676,-0.000339,-0.000827,0.003810,0.000632,-0.001606,-0.002733,-0.002434,-0.002878,-0.002473,0.001798,0.007620,0.010855,-0.003525,-0.002289,-0.002010,0.025691,0.001665,0.002510,-0.002989,0.002235,0.000450,0.000551,0.006246,0.000436,-0.002175,-0.001438,-0.000799,-0.000869,0.000691,-0.000463,0.002063,-0.000618,0.002157,-0.000386,-0.000839,0.001566,-0.000205,0.000347,-0.000064,-0.000050,-0.000067,0.000018,-0.000042,0.000000,-0.000023,0.000020,-0.000006,0.000155,-0.000028
0.000136,-0.000073,-0.000226,0.000125,-0.000742,-0.000658,0.002993,-0.001054,0.000960,0.002198,-0.000639,-0.002601,0.000003,-0.003252,-0.001144,-0.001038,-0.005378,-0.002350,-0.004278,0.004080,-0.007280,-0.001592,-0.003120,0.002697,0.001516,-0.003616,0.001665,0.064751,0.003096,0.002207,-0.002474,-0.002781,0.000879,0.002176,0.014098,0.001019,-0.000509,0.004105,0.008047,0.000893,-0.003043,-0.001382,0.001442,0.000880,0.000811,-0.001108,0.000042,0.000353,-0.000344,0.000026,0.000132,0.000096,0.000125,-0.000036,-0.000077,0.000009,0.000009,0.000147,0.000100,-0.000031
-0.000099,0.000175,-0.000227,-0.000124,-0.000552,0.000276,-0.000062,0.001018,-0.000195,-0.000569,0.000046,-0.000634,-0.001338,-0.000576,-0.001663,-0.002413,-0.000982,-0.001957,-0.003858,0.000539,-0.002019,0.000275,0.005315,-0.005800,-0.003752,0.002470,0.002510,0.003096,0.049304,0.002505,0.013666,-0.002068,-0.001079,0.005444,0.000758,0.003240,0.002233,0.003952,0.002234,-0.002594,-0.001294,-0.001288,0.002606,0.001394,-0.002066,-0.000906,-0.000472,-0.000610,0.000410,-0.000013,-0.000141,-0.000108,-0.000040,-0.000068,-0.000057,-0.000037,0.000021,-0.000021,0.000168,-0.000016
0.000262,-0.000519,-0.000304,-0.000050,-0.000166,-0.000557,-0.000115,-0.000892,0.000342,0.001299,0.001982,-0.000444,-0.001003,0.000688,0.002056,-0.001850,0.006003,-0.003025,0.000777,0.007427,0.000672,-0.001394,-0.003494,-0.007203,-0.001988,0.003888,-0.002989,0.002207,0.002505,0.041807,0.000592,0.001113,0.001323,-0.003053,-0.000402,0.004997,0.002218,-0.001622,0.000658,-0.002953,-0.002398,-0.000232,-0.001138,0.000206,0.000797,0.000173,0.000339,-0.000172,-0.000447,-0.000082,0.000028,-0.000090,0.000043,0.000022,0.000015,-0.000002,-0.000026,-0.000028,0.000043,0.000018
-0.000049,-0.000029,-0.000164,-0.000112,-0.000376,-0.000163,-0.000709,-0.000155,-0.000148,-0.000962,-0.001252,-0.002309,-0.001018,0.003081,0.000055,-0.000893,0.003459,-0.000987,-0.002926,-0.002423,-0.004119,0.004526,0.000996,-0.004078,-0.000397,0.003908,0.002235,-0.002474,0.013666,0.000592,0.027978,-0.000300,0.000882,0.010242,-0.003099,0.001881,0.001177,0.004528,-0.000788,-0.000040,-0.000697,-0.001636,0.003656,0.001622,-0.000827,-0.000395,0.000225,-0.000511,0.000296,0.000044,0.000018,-0.000082,0.000018,-0.000052,-0.000033,0.000018,-0.000025,0.000014,0.000023,-0.000030
0.000032,-0.000187,-0.000075,-0.000019,0.000389,-0.000209,-0.000157,-0.000334,0.000592,0.000115,-0.000442,0.003243,0.001186,0.002948,-0.000709,-0.000929,0.004468,0.000722,0.001013,0.001013,-0.001109,-0.001653,-0.001467,0.004778,0.000886,0.003601,0.000450,-0.002781,-0.002068,0.001113,-0.000300,0.011556,-0.000460,0.003390,-0.000932,-0.000394,-0.000992,-0.000556,-0.001481,0.000462,-0.000738,-0.000573,-0.000426,-0.000159,-0.000881,-0.000050,0.000174,0.000115,-0.000119,-0.000022,0.000065,0.000014,0.000007,0.000043,-0.000002,-0.000016,-0.000005,-0.000011,-0.000020,-0.000010
0.000050,-0.000040,-0.000070,-0.000102,0.000052,-0.000109,0.000336,-0.000019,-0.000043,0.000664,-0.000120,0.000502,-0.000298,-0.000022,0.000097,-0.000578,0.000765,0.000248,-0.000376,-0.000291,0.001736,-0.000862,-0.000122,-0.001408,-0.000893,-0.001510,0.000551,0.000879,-0.001079,0.001323,0.000882,-0.000460,0.003958,0.000287,-0.000906,-0.000861,0.000237,-0.000015,0.000833,0.000082,-0.000504,-0.000479,-0.000222,-0.000251,0.000049,-0.000302,0.000074,-0.000035,-0.000041,-0.000023,0.000079,0.000005,0.000049,0.000008,-0.000013,-0.000001,0.000006,0.000009,-0.000009,-0.000010
-0.000040,-0.000377,-0.000229,-0.000248,0.000047,-0.000179,0.000108,-0.000162,-0.000169,-0.001098,-0.000514,0.000195,-0.000124,0.000296,-0.001444,0.000016,0.002264,-0.002587,-0.004042,-0.003684,-0.004700,0.004991,0.000636,-0.000026,-0.003484,-0.002997,0.006246,0.002176,0.005444,-0.003053,0.010242,0.003390,0.000287,0.032169,-0.003331,-0.000490,-0.001365,0.000923,0.002017,0.003268,-0.001964,-0.001867,-0.000868,-0.000724,-0.000034,-0.000222,0.000018,-0.000439,0.000325,-0.000015,0.000014,-0.000072,-0.000007,0.000042,-0.000050,-0.000025,-0.000029,0.000005,0.000041,-0.000039
-0.000006,0.000469,-0.000244,0.000130,0.000114,-0.000411,0.000987,-0.000659,0.000143,0.000143,-0.000827,-0.000350,-0.000535,-0.002032,-0.000749,0.000930,-0.003267,-0.002639,-0.001561,0.007236,-0.003992,-0.001589,-0.001639,0.009640,-0.001261,-0.004710,0.000436,0.014098,0.000758,-0.000402,-0.003099,-0.000932,-0.000906,-0.003331,0.039258,0.002447,-0.001544,-0.002104,-0.001925,0.002044,-0.001585,0.000397,-0.000840,0.000414,0.001177,-0.000095,-0.000573,-0.000565,-0.000401,0.000096,-0.000073,0.000218,-0.000065,0.000016,0.000085,-0.000029,0.000010,0.000086,0.000163,-0.000033
-0.000051,0.000276,-0.000199,0.000149,0.000313,0.000330,-0.000597,-0.000531,0.000103,0.000530,-0.000255,-0.001640,0.000473,-0.000314,0.001432,-0.002073,-0.000387,-0.002719,-0.002762,0.001480,-0.004319,0.001990,-0.000557,0.001979,0.003515,0.000367,-0.002175,0.001019,0.003240,0.004997,0.001881,-0.000394,-0.000861,-0.000490,0.002447,0.028307,-0.001571,-0.000133,-0.002555,0.001398,0.003850,0.001095,0.001830,0.001541,-0.000409,-0.000909,-0.000345,0.000369,-0.000381,0.000302,-0.000097,-0.000086,-0.000025,-0.000017,0.000013,-0.000019,0.000023,0.000022,0.000047,-0.000036
0.000116,-0.000219,-0.000142,-0.000219,-0.000093,-0.000143,0.000310,-0.000071,-0.000094,-0.000469,-0.000693,-0.001212,-0.000052,0.000437,0.000229,0.002195,0.000302,-0.000200,0.001317,0.000696,-0.001187,-0.000057,-0.001650,-0.000634,0.003078,-0.001824,-0.001438,-0.000509,0.002233,0.002218,0.001177,-0.000992,0.000237,-0.001365,-0.001544,-0.001571,0.010933,-0.000654,-0.000148,-0.000704,-0.000961,-0.000482,-0.000480,-0.000312,-0.000820,-0.000164,-0.000219,-0.000222,0.000340,0.000019,-0.000017,-0.000037,-0.000014,-0.000033,0.000017,-0.000004,0.000006,-0.000014,-0.000020,0.000005
-0.000050,0.000275,0.000560,0.000553,0.000069,0.000239,-0.000146,-0.000159,-0.000101,0.000693,-0.000085,-0.001025,0.000218,-0.000132,0.000699,-0.001129,-0.000245,0.000937,-0.001823,-0.001609,-0.002797,-0.000219,0.000399,-0.000535,-0.001647,0.001024,-0.000799,0.004105,0.003952,-0.001622,0.004528,-0.000556,-0.000015,0.000923,-0.002104,-0.000133,-0.000654,0.015309,-0.000430,-0.000255,0.001359,-0.000104,0.002583,0.002362,-0.001067,0.000884,0.000614,-0.000285,-0.000247,-0.000050,0.000065,-0.000034,0.000008,-0.000024,-0.000022,0.000051,-0.000017,0.000011,0.000004,0.000019
-0.000068,-0.000173,-0.000012,0.000391,-0.000395,-0.000350,-0.000527,-0.000333,-0.000100,0.002384,-0.000855,0.001323,-0.000959,-0.000004,0.001302,-0.001861,-0.002836,-0.001910,-0.001826,-0.002634,0.002357,0.000822,-0.002463,-0.001925,-0.002875,-0.003632,-0.000869,0.008047,0.002234,0.000658,-0.000788,-0.001481,0.000833,0.002017,-0.001925,-0.002555,-0.000148,-0.000430,0.020743,-0.000165,-0.001103,-0.001541,-0.000153,0.000175,-0.001304,-0.000113,-0.000287,-0.000467,0.000050,-0.000044,0.000178,0.000008,0.000056,-0.000009,-0.000041,0.000021,-0.000002,-0.000017,-0.000018,-0.000032
-0.000058,0.000225,-0.000168,-0.000008,0.000026,0.000201,-0.000421,-0.000419,-0.000104,0.002097,-0.000676,-0.000132,-0.000716,-0.000667,-0.000890,-0.000788,-0.001169,-0.000200,-0.002491,-0.000980,-0.002897,0.000087,-0.000799,0.002887,-0.001648,-0.001993,0.000691,0.000893,-0.002594,-0.002953,-0.000040,0.000462,0.000082,0.003268,0.002044,0.001398,-0.000704,-0.000255,-0.000165,0.016569,0.004921,-0.000717,-0.000535,-0.000456,0.003582,-0.000726,-0.000365,-0.000360,0.000108,0.000178,0.000053,-0.000058,0.000042,0.000014,-0.000031,-0.000007,0.000033,-0.000009,0.000004,-0.000024
-0.000076,0.000203,-0.000146,0.000440,-0.000257,0.000347,-0.000294,-0.000127,-0.000091,-0.000590,-0.000768,-0.001417,0.000738,-0.001129,0.001273,-0.001213,0.000498,0.000123,0.000459,-0.001333,-0.001706,0.001022,-0.000350,0.002427,-0.001873,-0.001637,-0.000463,-0.003043,-0.001294,-0.002398,-0.000697,-0.000738,-0.000504,-0.001964,-0.001585,0.003850,-0.000961,0.001359,-0.001103,0.004921,0.015446,0.003676,0.001364,0.000709,0.004125,-0.000336,-0.000318,-0.000314,-0.000223,-0.000040,0.000023,0.000083,-0.000022,-0.000026,-0.000027,-0.000014,-0.000013,0.000001,0.000001,0.000005
-0.000072,-0.000092,0.000227,-0.000081,-0.000176,-0.000217,0.000225,0.001180,-0.000086,-0.000321,0.000671,-0.001347,0.000544,-0.000375,0.000245,-0.000955,-0.001962,-0.001475,0.001567,0.002927,-0.002402,-0.001719,-0.001305,0.001067,-0.000502,0.001030,0.002063,-0.001382,-0.001288,-0.000232,-0.001636,-0.000573,-0.000479,-0.001867,0.000397,0.001095,-0.000482,-0.000104,-0.001541,-0.000717,0.003676,0.013808,0.001091,-0.000386,0.002355,-0.000140,0.001421,0.000302,-0.000212,-0.000046,-0.000063,0.000140,0.000027,-0.000030,0.000027,-0.000013,-0.000015,0.000026,-0.000015,-0.000020
-0.000034,0.000225,-0.000065,0.000047,-0.000090,-0.000101,-0.000192,-0.000162,-0.000040,-0.000261,-0.000277,-0.000626,-0.000276,-0.000264,-0.000089,-0.000435,-0.000774,-0.001078,-0.000344,-0.000745,-0.000786,0.000620,0.000219,-0.000261,0.000444,0.000682,-0.000618,0.001442,0.002606,-0.001138,0.003656,-0.000426,-0.000222,-0.000868,-0.000840,0.001830,-0.000480,0.002583,-0.000153,-0.000535,0.001364,0.001091,0.004282,0.000895,0.000105,-0.000280,-0.000056,-0.000134,0.000172,0.000002,-0.000029,-0.000022,0.000016,-0.000014,-0.000012,0.000024,-0.000007,-0.000008,-0.000012,-0.000009
-0.000030,0.000142,-0.000073,0.000187,0.000001,0.000197,-0.000217,-0.000182,-0.000045,-0.000015,0.000257,0.000024,-0.000251,0.000117,0.001309,-0.000605,0.000704,-0.000067,0.000018,-0.000571,-0.001138,0.002620,0.001941,-0.001313,0.000273,-0.001579,0.002157,0.000880,0.001394,0.000206,0.001622,-0.000159,-0.000251,-0.000724,0.000414,0.001541,-0.000312,0.002362,0.000175,-0.000456,0.000709,-0.000386,0.000895,0.003612,-0.000051,-0.000246,-0.000151,-0.000156,-0.000111,-0.000024,-0.000029,-0.000011,0.000015,-0.000016,0.000005,-0.000009,-0.000008,0.000001,0.000058,0.000006
-0.000020,-0.000026,-0.000131,-0.000107,-0.000202,-0.000183,0.000210,-0.000334,0.000227,-0.000050,0.001313,-0.000474,0.000886,-0.000696,-0.000164,-0.000560,-0.001575,-0.001442,-0.001984,0.000641,-0.002307,-0.000732,-0.000129,-0.001835,-0.000277,0.001574,-0.000386,0.000811,-0.002066,0.000797,-0.000827,-0.000881,0.000049,-0.000034,0.001177,-0.000409,-0.000820,-0.001067,-0.001304,0.003582,0.004125,0.002355,0.000105,-0.000051,0.010141,0.000258,-0.000291,0.000370,0.000133,-0.000044,-0.000060,0.000136,-0.000019,0.000066,-0.000017,0.000001,-0.000014,0.000013,0.000007,-0.000019
-0.000021,0.000107,0.000300,0.000138,0.000105,0.000169,0.000096,-0.000219,-0.000055,-0.000101,0.000295,-0.000849,-0.000309,0.000229,0.000161,-0.000184,-0.000045,-0.000049,-0.000853,-0.000276,0.000655,-0.000862,-0.000642,-0.001495,0.000745,0.000239,-0.000839,-0.001108,-0.000906,0.000173,-0.000395,-0.000050,-0.000302,-0.000222,-0.000095,-0.000909,-0.000164,0.000884,-0.000113,-0.000726,-0.000336,-0.000140,-0.000280,-0.000246,0.000258,0.004476,-0.000094,-0.000021,-0.000070,-0.000029,0.000029,0.000001,-0.000022,-0.000019,-0.000013,0.000027,-0.000009,0.000010,-0.000016,0.000031
0.000058,0.000110,0.000148,0.000061,0.000114,-0.000039,-0.000015,0.000410,-0.000027,0.000246,0.000590,-0.000105,-0.000188,0.000373,-0.000089,-0.000010,0.000627,0.000743,-0.000655,-0.000316,0.000153,-0.000545,0.000761,-0.000891,-0.000565,0.001417,0.001566,0.000042,-0.000472,0.000339,0.000225,0.000174,0.000074,0.000018,-0.000573,-0.000345,-0.000219,0.000614,-0.000287,-0.000365,-0.000318,0.001421,-0.000056,-0.000151,-0.000291,-0.000094,0.001378,-0.000045,0.000109,0.000006,-0.000013,-0.000012,-0.000001,0.000006,0.000005,0.000005,-0.000005,0.000003,-0.000008,0.000001
-0.000023,-0.000063,-0.000043,0.000035,-0.000055,-0.000049,-0.000109,0.000099,0.000136,0.000000,0.000735,-0.000170,0.000015,-0.000030,0.000225,0.000592,-0.000613,0.000509,-0.000645,0.001249,-0.000751,-0.000537,-0.000477,0.000431,0.001467,0.000695,-0.000205,0.000353,-0.000610,-0.000172,-0.000511,0.000115,-0.000035,-0.000439,-0.000565,0.000369,-0.000222,-0.000285,-0.000467,-0.000360,-0.000314,0.000302,-0.000134,-0.000156,0.000370,-0.000021,-0.000045,0.001190,-0.000057,-0.000009,-0.000016,-0.000015,0.000004,-0.000009,0.000015,-0.000005,-0.000005,-0.000005,-0.000008,-0.000005
0.000019,0.000085,-0.000013,-0.000035,0.000034,0.000030,0.000014,0.000049,0.000018,0.000132,0.000162,-0.000106,-0.000132,0.000072,-0.000042,-0.000243,-0.000042,0.000218,-0.000224,-0.000238,-0.000482,-0.000255,0.000411,-0.000461,-0.000082,-0.000256,0.000347,-0.000344,0.000410,-0.000447,0.000296,-0.000119,-0.000041,0.000325,-0.000401,-0.000381,0.000340,-0.000247,0.000050,0.000108,-0.000223,-0.000212,0.000172,-0.000111,0.000133,-0.000070,0.000109,-0.000057,0.000442,-0.000003,-0.000005,-0.000009,0.000001,0.000003,-0.000006,0.000005,-0.000003,-0.000004,-0.000005,-0.000004
-0.000001,-0.000008,0.000004,-0.000003,-0.000001,-0.000007,-0.000013,-0.000004,-0.000004,0.000048,-0.000035,-0.000065,-0.000029,0.000022,-0.000022,-0.000032,-0.000067,-0.000052,-0.000012,-0.000091,-0.000007,-0.000045,-0.000035,0.000229,0.000089,0.000044,-0.000064,0.000026,-0.000013,-0.000082,0.000044,-0.000022,-0.000023,-0.000015,0.000096,0.000302,0.000019,-0.000050,-0.000044,0.000178,-0.000040,-0.000046,0.000002,-0.000024,-0.000044,-0.000029,0.000006,-0.000009,-0.000003,0.000039,-0.000003,-0.000002,-0.000001,-0.000001,-0.000001,0.000000,0.000003,0.000000,-0.000000,-0.000001
0.000008,0.000011,0.000013,0.000019,-0.000016,0.000002,0.000010,-0.000000,0.000009,0.000101,-0.000048,0.000113,-0.000039,0.000009,-0.000044,-0.000076,0.000081,0.000220,0.000040,-0.000017,0.000170,0.000001,-0.000060,0.000171,0.000002,-0.000134,-0.000050,0.000132,-0.000141,0.000028,0.000018,0.000065,0.000079,0.000014,-0.000073,-0.000097,-0.000017,0.000065,0.000178,0.000053,0.000023,-0.000063,-0.000029,-0.000029,-0.000060,0.000029,-0.000013,-0.000016,-0.000005,-0.000003,0.000039,-0.000002,0.000004,0.000001,-0.000001,0.000002,-0.000001,-0.000000,-0.000001,0.000002
0.000001,-0.000010,0.000000,0.000007,0.000028,-0.000011,0.000027,-0.000014,-0.000004,-0.000008,-0.000037,-0.000057,0.000138,-0.000037,-0.000001,-0.000044,0.000140,0.000092,0.000059,0.000051,0.000116,-0.000016,-0.000077,-0.000014,-0.000017,-0.000090,-0.000067,0.000096,-0.000108,-0.000090,-0.000082,0.000014,0.000005,-0.000072,0.000218,-0.000086,-0.000037,-0.000034,0.000008,-0.000058,0.000083,0.000140,-0.000022,-0.000011,0.000136,0.000001,-0.000012,-0.000015,-0.000009,-0.000002,-0.000002,0.000028,-0.000001,-0.000001,0.000002,-0.000000,-0.000000,0.000002,-0.000001,-0.000001
-0.000003,-0.000002,-0.000005,-0.000005,0.000013,0.000022,0.000003,0.000004,-0.000003,0.000084,0.000000,-0.000037,-0.000009,0.000050,0.000016,-0.000037,-0.000063,0.000055,0.000058,0.000016,-0.000022,0.000060,0.000076,-0.000002,-0.000064,0.000020,0.000018,0.000125,-0.000040,0.000043,0.000018,0.000007,0.000049,-0.000007,-0.000065,-0.000025,-0.000014,0.000008,0.000056,0.000042,-0.000022,0.000027,0.000016,0.000015,-0.000019,-0.000022,-0.000001,0.000004,0.000001,-0.000001,0.000004,-0.000001,0.000015,-0.000001,-0.000000,0.000000,-0.000001,-0.000000,-0.000000,0.000001
0.000003,-0.000006,0.000013,0.000004,-0.000002,-0.000007,-0.000013,-0.000003,0.000004,-0.000018,0.000028,0.000071,0.000070,-0.000006,0.000002,0.000035,-0.000037,0.000074,0.000085,-0.000040,-0.000010,-0.000055,-0.000048,0.000085,-0.000056,-0.000031,-0.000042,-0.000036,-0.000068,0.000022,-0.000052,0.000043,0.000008,0.000042,0.000016,-0.000017,-0.000033,-0.000024,-0.000009,0.000014,-0.000026,-0.000030,-0.000014,-0.000016,0.000066,-0.000019,0.000006,-0.000009,0.000003,-0.000001,0.000001,-0.000001,-0.000001,0.000016,-0.000001,-0.000001,-0.000000,-0.000001,-0.000000,-0.000000
-0.000002,0.000008,0.000006,0.000011,0.000020,-0.000006,-0.000008,0.000003,-0.000002,-0.000006,0.000040,-0.000025,0.000086,0.000004,0.000025,0.000113,0.000030,0.000044,0.000044,0.000094,0.000079,0.000054,0.000010,0.000101,-0.000024,-0.000008,0.000000,-0.000077,-0.000057,0.000015,-0.000033,-0.000002,-0.000013,-0.000050,0.000085,0.000013,0.000017,-0.000022,-0.000041,-0.000031,-0.000027,0.000027,-0.000012,0.000005,-0.000017,-0.000013,0.000005,0.000015,-0.000006,-0.000001,-0.000001,0.000002,-0.000000,-0.000001,0.000009,-0.000000,-0.000000,-0.000000,-0.000000,0.000000
-0.000001,-0.000002,0.000010,-0.000001,0.000003,-0.000004,0.000000,-0.000002,-0.000001,0.000019,-0.000008,-0.000002,-0.000010,0.000000,-0.000013,-0.000008,-0.000029,-0.000020,-0.000022,-0.000027,-0.000015,0.000061,-0.000026,-0.000048,0.000018,-0.000004,-0.000023,0.000009,-0.000037,-0.000002,0.000018,-0.000016,-0.000001,-0.000025,-0.000029,-0.000019,-0.000004,0.000051,0.000021,-0.000007,-0.000014,-0.000013,0.000024,-0.000009,0.000001,0.000027,0.000005,-0.000005,0.000005,0.000000,0.000002,-0.000000,0.000000,-0.000001,-0.000000,0.000004,0.000000,0.000000,-0.000000,0.000001
0.000001,-0.000001,0.000001,-0.000003,-0.000003,0.000014,-0.000006,-0.000001,-0.000001,0.000007,-0.000011,-0.000005,-0.000009,-0.000016,-0.000006,-0.000018,-0.000024,-0.000010,-0.000032,-0.000026,0.000027,0.000051,0.000022,0.000015,-0.000027,0.000031,0.000020,0.000009,0.000021,-0.000026,-0.000025,-0.000005,0.000006,-0.000029,0.000010,0.000023,0.000006,-0.000017,-0.000002,0.000033,-0.000013,-0.000015,-0.000007,-0.000008,-0.000014,-0.000009,-0.000005,-0.000005,-0.000003,0.000003,-0.000001,-0.000000,-0.000001,-0.000000,-0.000000,0.000000,0.000004,0.000000,0.000002,-0.000000
-0.000001,-0.000002,-0.000002,-0.000003,-0.000003,0.000002,0.000030,0.000052,-0.000002,0.000000,0.000000,-0.000021,-0.000011,-0.000006,-0.000013,-0.000020,-0.000007,0.000020,-0.000038,0.000198,0.000084,0.000033,-0.000028,-0.000030,0.000005,-0.000055,-0.000006,0.000147,-0.000021,-0.000028,0.000014,-0.000011,0.000009,0.000005,0.000086,0.000022,-0.000014,0.000011,-0.000017,-0.000009,0.000001,0.000026,-0.000008,0.000001,0.000013,0.000010,0.000003,-0.000005,-0.000004,0.000000,-0.000000,0.000002,-0.000000,-0.000001,-0.000000,0.000000,0.000000,0.000007,0.000000,-0.000000
-0.000000,-0.000001,-0.000000,0.000000,-0.000005,0.000014,-0.000011,-0.000009,0.000001,-0.000015,-0.000001,-0.000018,-0.000016,0.000012,0.000010,-0.000015,-0.000046,-0.000062,-0.000055,-0.000019,-0.000050,0.000135,0.000034,0.000058,0.000032,-0.000033,0.000155,0.000100,0.000168,0.000043,0.000023,-0.000020,-0.000009,0.000041,0.000163,0.000047,-0.000020,0.000004,-0.000018,0.000004,0.000001,-0.000015,-0.000012,0.000058,0.000007,-0.000016,-0.000008,-0.000008,-0.000005,-0.000000,-0.000001,-0.000001,-0.000000,-0.000000,-0.000000,-0.000000,0.000002,0.000000,0.000011,-0.000001
0.000004,-0.000004,0.000010,-0.000004,0.000001,-0.000005,0.000007,-0.000001,-0.000002,-0.000007,-0.000012,0.000060,0.000002,0.000008,-0.000014,0.000001,0.000066,0.000102,0.000125,0.000021,0.000028,-0.000036,-0.000032,-0.000035,-0.000037,0.000050,-0.000028,-0.000031,-0.000016,0.000018,-0.000030,-0.000010,-0.000010,-0.000039,-0.000033,-0.000036,0.000005,0.000019,-0.000032,-0.000024,0.000005,-0.000020,-0.000009,0.000006,-0.000019,0.000031,0.000001,-0.000005,-0.000004,-0.000001,0.000002,-0.000001,0.000001,-0.000000,0.000000,0.000001,-0.000000,-0.000000,-0.000001,0.000005
