0.004182,-0.000474,0.000143,-0.000215,0.000597,0.000008,0.001525,-0.000519,0.000029,-0.000449,-0.000417,0.001424,-0.000494,0.000647,-0.000594,0.000076,0.002814,0.003965,-0.001077,-0.000630,0.001968,-0.001332,-0.000486,0.000985,-0.001066,0.000405,-0.000256,0.001208,-0.000627,0.000852,-0.000348,-0.000023,-0.000050,-0.000052,-0.000261,-0.000281,0.000448,-0.000299,-0.000228,-0.000474,-0.000704,-0.000783,-0.000235,-0.000114,-0.000207,-0.000161,0.000714,-0.000205,0.000887,-0.000208,0.000609,-0.000070,-0.000493,0.000661,-0.000391,-0.000211,0.000745,-0.000255,-0.000018,0.000227
-0.000474,0.008668,-0.000316,-0.000088,-0.000275,0.000262,-0.000541,-0.000394,-0.000120,0.003320,0.000994,0.001580,-0.000818,-0.000492,-0.000868,0.000200,-0.000193,-0.000798,-0.000204,-0.001718,-0.001903,-0.001133,0.003332,-0.001792,0.000006,-0.002319,0.002497,0.000322,0.000917,-0.001988,-0.000041,-0.000845,0.000054,-0.000737,0.001740,0.000856,-0.000906,0.001245,-0.000162,0.000972,0.000988,-0.000103,0.000838,0.000601,-0.000120,-0.000140,0.000798,-0.000777,0.002136,-0.000345,0.000106,0.000012,0.001565,-0.000656,0.000633,-0.000156,-0.000165,-0.000204,-0.000059,-0.000393
0.000143,-0.000316,0.002337,-0.000055,-0.000103,-0.000015,0.000327,0.000220,-0.000050,-0.000296,-0.000064,-0.000569,-0.000147,-0.000173,-0.000318,0.000379,-0.000582,0.001093,-0.000746,-0.000356,-0.000796,0.000921,-0.000572,0.001548,-0.000739,0.000348,0.000410,-0.000800,-0.000457,-0.000754,-0.000414,-0.000450,-0.000304,-0.000466,-0.000620,-0.000414,-0.000379,0.000669,0.000055,-0.000471,-0.000488,0.000828,-0.000383,-0.000138,-0.000473,0.000007,0.000887,-0.000055,0.000001,0.000111,0.000527,0.000173,-0.000342,0.001313,0.000353,0.000141,0.000136,-0.000107,0.000062,-0.000001
-0.000215,-0.000088,-0.000055,0.001979,0.000558,0.001118,-0.000345,-0.000139,-0.000054,0.000072,0.000471,-0.000136,0.001408,-0.000305,0.001500,-0.000423,0.000507,0.000762,0.000044,-0.000533,0.000604,-0.000285,-0.000441,0.000265,-0.000776,-0.001041,-0.000258,-0.000085,0.000671,-0.000566,-0.000223,-0.000012,-0.000330,-0.000629,0.000199,0.000500,-0.000296,0.001179,0.000102,-0.000054,0.001015,-0.000290,0.000149,0.000735,-0.000274,0.000233,0.000126,-0.000008,-0.000033,-0.000194,-0.000214,0.000286,-0.000350,0.000668,0.000514,0.000038,-0.000201,-0.000145,0.000036,-0.000133
0.000597,-0.000275,-0.000103,0.000558,0.001824,-0.000179,0.000355,-0.000318,-0.000044,-0.000063,0.000663,-0.000504,0.000916,-0.000107,-0.000365,-0.000358,0.001559,0.001758,-0.000661,0.000303,0.000672,-0.000818,-0.000507,0.000100,-0.000336,0.000084,-0.000341,-0.000710,-0.000639,0.000234,-0.000450,0.000817,-0.000127,0.000226,0.000040,-0.000048,-0.000121,-0.000034,-0.000309,-0.000187,-0.000432,-0.000298,-0.000214,0.000119,-0.000338,-0.000140,0.000599,-0.000149,0.000244,0.000002,-0.000175,0.000398,-0.000114,0.000129,0.000585,-0.000024,-0.000099,-0.000073,-0.000110,-0.000173
0.000008,0.000262,-0.000015,0.001118,-0.000179,0.005610,-0.000089,-0.000589,0.000588,0.000043,0.000043,-0.000932,-0.000321,0.000401,0.002102,-0.000245,-0.001119,-0.000892,-0.000756,-0.001466,-0.000418,-0.000354,0.003100,0.000588,-0.000109,-0.001588,-0.000527,0.000382,0.000163,-0.001361,-0.000966,-0.000396,-0.000498,-0.000682,-0.001268,0.000856,-0.000244,0.000609,-0.000571,-0.000390,0.000855,-0.000888,-0.000386,0.000936,-0.000691,0.000367,-0.000157,-0.000156,0.000067,-0.000464,-0.000324,-0.000357,-0.000560,0.000421,-0.000444,-0.000239,0.000933,0.000107,0.001092,-0.000088
0.001525,-0.000541,0.000327,-0.000345,0.000355,-0.000089,0.017605,0.000109,-0.000164,-0.001021,-0.000943,-0.000459,-0.001123,-0.000955,0.000131,-0.000358,0.002412,0.003746,-0.000898,0.005209,-0.001093,0.000066,-0.000787,-0.001832,-0.000093,-0.000868,0.003220,0.008565,-0.000070,0.001439,-0.001936,-0.001038,0.000020,0.000016,0.002745,-0.001774,0.000575,-0.000317,-0.000816,-0.001347,-0.001227,0.000268,-0.000621,-0.000885,0.000737,0.000766,-0.000150,-0.000909,0.000522,-0.000723,0.000301,0.001032,-0.001122,-0.000901,-0.000753,0.000161,-0.000608,0.001717,-0.000775,-0.000232
-0.000519,-0.000394,0.000220,-0.000139,-0.000318,-0.000589,0.000109,0.014122,-0.000131,-0.000813,0.000069,-0.000961,0.002733,-0.000408,0.001145,0.000234,0.000461,-0.001811,0.003413,0.007625,0.004579,-0.001903,-0.001496,-0.001792,0.000188,-0.000230,0.000719,-0.002094,-0.001884,0.000149,0.000109,-0.000035,0.000395,0.002376,-0.001540,-0.001283,-0.000113,-0.000473,-0.000463,-0.001232,0.000550,0.002536,-0.001001,-0.000824,-0.001237,-0.000569,0.001171,0.000848,-0.000712,0.000739,0.000068,-0.000488,-0.000652,-0.000252,-0.000138,-0.000204,-0.000211,0.002557,-0.000617,0.000035
0.000029,-0.000120,-0.000050,-0.000054,-0.000044,0.000588,-0.000164,-0.000131,0.000712,-0.000113,0.000418,-0.000087,-0.000125,-0.000106,-0.000005,-0.000147,-0.000206,-0.000295,-0.000272,-0.000082,-0.000290,-0.000336,0.002140,-0.000413,0.000413,-0.000353,-0.000140,0.001275,-0.000263,0.000457,-0.000215,0.000074,-0.000111,-0.000262,0.000953,0.000141,-0.000042,-0.000126,-0.000101,-0.000172,-0.000122,-0.000198,-0.000026,-0.000115,0.000233,0.000195,0.000051,-0.000118,-0.000041,-0.000103,-0.000072,-0.000079,-0.000125,0.000185,-0.000099,0.000020,-0.000068,-0.000064,0.000052,0.000132
-0.000449,0.003320,-0.000296,0.000072,-0.000063,0.000043,-0.001021,-0.000813,-0.000113,0.011153,0.000970,-0.001288,-0.000774,-0.000659,-0.000932,-0.000252,-0.001708,0.000400,-0.001689,-0.000860,-0.001801,-0.001423,0.001559,-0.001254,0.000424,-0.000817,0.001514,0.003653,0.001518,-0.000637,0.000267,-0.000248,0.001711,-0.001625,-0.000120,0.000793,-0.000858,0.001328,0.002836,0.003029,-0.000393,-0.001088,-0.000785,-0.000361,-0.000168,-0.000020,0.001231,-0.000047,0.001236,0.001057,0.001472,-0.000435,0.002439,-0.000554,0.000615,0.000564,0.000149,0.000112,-0.000534,-0.000450
-0.000417,0.000994,-0.000064,0.000471,0.000663,0.000043,-0.000943,0.000069,0.000418,0.000970,0.010567,-0.000561,-0.000988,0.000173,0.000715,-0.001166,-0.001317,-0.002340,-0.000888,0.000691,-0.002080,-0.000960,0.004267,-0.001060,-0.000821,0.002707,0.002241,-0.000146,-0.000687,0.001676,-0.001704,-0.000811,-0.000646,-0.000621,-0.001611,-0.000659,-0.001095,0.000121,-0.000778,-0.001088,-0.001336,0.000856,-0.000787,0.001000,0.002148,0.000958,0.001223,0.003964,0.000594,-0.000818,-0.000571,-0.000017,-0.000186,0.000380,0.000995,-0.000422,-0.000535,-0.000468,0.000040,-0.000222
0.001424,0.001580,-0.000569,-0.000136,-0.000504,-0.000932,-0.000459,-0.000961,-0.000087,-0.001288,-0.000561,0.024799,0.002097,-0.000410,-0.000393,0.000148,0.006555,0.003848,0.005301,-0.002797,0.002958,-0.003822,-0.002369,-0.001479,-0.000480,-0.004017,-0.001592,-0.001662,-0.002985,-0.000817,-0.002443,0.002534,0.000133,0.000110,-0.000651,-0.001635,-0.001570,-0.001219,0.001878,0.000467,-0.002020,-0.002051,-0.001585,-0.000049,-0.000456,-0.000901,0.000209,-0.000901,-0.000295,-0.001173,0.000942,-0.000718,-0.001034,0.003432,-0.000854,0.000122,-0.000167,-0.000645,-0.000410,0.002493
-0.000494,-0.000818,-0.000147,0.001408,0.000916,-0.000321,-0.001123,0.002733,-0.000125,-0.000774,-0.000988,0.002097,0.014603,-0.000290,-0.000853,-0.000005,0.002971,0.002113,0.006831,-0.000761,0.002092,-0.002296,-0.001423,-0.000974,-0.001838,-0.000855,-0.000957,-0.001992,-0.001793,-0.002068,-0.000358,0.001285,0.000911,0.003258,-0.001019,-0.001236,0.000256,0.000235,-0.000128,-0.001172,0.001587,0.000509,-0.000619,-0.000712,0.001210,-0.000339,-0.000568,-0.000808,-0.000678,0.000195,-0.000296,0.002402,-0.000850,0.002762,0.001630,-0.000363,0.000073,-0.000316,-0.000464,-0.000156
0.000647,-0.000492,-0.000173,-0.000305,-0.000107,0.000401,-0.000955,-0.000408,-0.000106,-0.000659,0.000173,-0.000410,-0.000290,0.006476,0.000926,0.000743,0.000995,0.000364,0.001714,-0.001136,0.001815,-0.000054,-0.000002,-0.000653,-0.000110,0.000725,0.000472,-0.001695,-0.001181,0.001151,0.001443,0.000340,-0.000231,-0.000179,-0.001375,-0.000112,0.000383,-0.000251,0.000441,-0.000087,-0.001033,-0.000164,-0.000526,0.000424,-0.000433,0.000100,0.000540,0.000448,-0.000405,0.000678,-0.000358,-0.000047,0.000822,0.000173,0.000155,-0.000309,-0.000295,-0.000087,0.000327,-0.000352
-0.000594,-0.000868,-0.000318,0.001500,-0.000365,0.002102,0.000131,0.001145,-0.000005,-0.000932,0.000715,-0.000393,-0.000853,0.000926,0.012186,-0.001209,0.001006,-0.002062,-0.001652,0.003399,0.000614,-0.000218,0.000595,0.001424,0.002445,-0.001510,0.000472,-0.001351,-0.002159,0.003277,-0.000450,-0.001473,-0.000516,-0.001872,-0.000411,0.001954,-0.000360,0.000433,0.001277,-0.001287,0.000690,-0.000175,-0.000793,0.001737,-0.000747,0.000263,-0.000290,0.000595,-0.000219,-0.000688,-0.000551,-0.000191,-0.000005,0.001023,0.000136,-0.000419,-0.000402,-0.000528,0.000089,-0.000145
0.000076,0.000200,0.000379,-0.000423,-0.000358,-0.000245,-0.000358,0.000234,-0.000147,-0.000252,-0.001166,0.000148,-0.000005,0.000743,-0.001209,0.015713,-0.002216,0.000454,0.002943,-0.001641,-0.001536,-0.002309,-0.001104,-0.001844,0.003184,-0.002847,-0.001129,0.000033,-0.002116,0.000630,-0.001001,-0.001444,-0.000894,-0.001863,0.000698,-0.001650,0.002348,-0.000859,-0.001024,-0.000819,-0.001432,-0.001592,-0.001010,-0.000925,-0.001389,-0.000434,-0.000084,0.002784,-0.000799,-0.000598,-0.000580,-0.000466,-0.001003,-0.000806,0.002169,-0.000202,-0.000544,-0.000183,-0.000290,-0.000113
0.002814,-0.000193,-0.000582,0.000507,0.001559,-0.001119,0.002412,0.000461,-0.000206,-0.001708,-0.001317,0.006555,0.002971,0.000995,0.001006,-0.002216,0.037295,0.016104,0.001929,-0.003987,-0.000860,-0.001763,-0.003135,-0.001734,0.000002,0.000825,-0.002111,-0.003981,-0.002096,0.005616,0.003385,0.007625,-0.000188,0.003496,-0.003926,-0.000238,-0.000277,-0.000756,-0.001694,-0.001275,0.000164,-0.002973,-0.001572,0.000888,-0.002272,0.000498,0.000985,-0.001131,0.000557,-0.000972,0.000945,0.000567,-0.001311,-0.001311,0.000273,-0.000722,-0.001018,-0.000200,-0.000957,0.002403
0.003965,-0.000798,0.001093,0.000762,0.001758,-0.000892,0.003746,-0.001811,-0.000295,0.000400,-0.002340,0.003848,0.002113,0.000364,-0.002062,0.000454,0.016104,0.038868,0.000537,-0.003068,0.000956,-0.000315,0.002091,-0.000908,-0.000044,-0.000693,-0.001653,-0.002233,-0.003532,-0.002146,-0.000731,0.000267,-0.000757,-0.002898,-0.003151,-0.002449,-0.000244,0.000530,-0.000311,-0.000564,0.000185,-0.002330,0.000594,-0.000114,-0.001953,0.000556,0.001144,0.001650,0.001962,-0.001037,0.002457,0.001348,-0.000436,0.002667,0.000932,-0.000066,-0.000475,-0.000510,-0.001391,0.001520
-0.001077,-0.000204,-0.000746,0.000044,-0.000661,-0.000756,-0.000898,0.003413,-0.000272,-0.001689,-0.000888,0.005301,0.006831,0.001714,-0.001652,0.002943,0.001929,0.000537,0.045597,0.001769,0.001130,-0.002649,-0.003107,-0.005658,-0.000958,-0.005267,-0.002088,-0.002557,-0.003413,-0.000375,-0.001318,0.000399,-0.000999,-0.000053,-0.002042,-0.002289,0.001422,-0.001444,-0.001556,-0.002558,0.001112,0.001484,-0.000559,-0.000370,-0.002569,-0.000487,-0.001240,-0.001764,-0.000301,0.001028,-0.000102,-0.001184,0.001379,0.002724,0.000557,-0.000593,-0.001007,-0.000851,-0.001282,0.002367
-0.000630,-0.001718,-0.000356,-0.000533,0.000303,-0.001466,0.005209,0.007625,-0.000082,-0.000860,0.000691,-0.002797,-0.000761,-0.001136,0.003399,-0.001641,-0.003987,-0.003068,0.001769,0.044878,0.011383,0.000835,-0.003675,0.005181,-0.001623,0.002073,-0.002100,0.002273,-0.001931,0.008405,-0.002686,0.000614,-0.000104,0.001418,0.009326,0.001460,-0.000289,-0.001755,-0.001581,-0.002063,-0.003037,0.004126,-0.001197,-0.001515,0.001622,0.001779,-0.001142,0.004050,-0.001773,-0.001844,0.000073,0.000743,-0.000327,-0.000534,0.001815,-0.000348,-0.000857,0.004112,-0.000603,-0.000329
0.001968,-0.001903,-0.000796,0.000604,0.000672,-0.000418,-0.001093,0.004579,-0.000290,-0.001801,-0.002080,0.002958,0.002092,0.001815,0.000614,-0.001536,-0.000860,0.000956,0.001130,0.011383,0.047686,-0.005342,0.004872,-0.001259,-0.004279,-0.005615,0.002840,-0.004637,-0.002999,0.001667,-0.003415,-0.002847,-0.000294,-0.004157,-0.004485,-0.003255,-0.000567,-0.002007,0.002716,-0.001281,-0.002112,-0.002263,-0.001040,-0.000574,-0.002739,-0.001111,0.000460,-0.001745,-0.001337,0.001603,0.000116,0.000883,-0.001339,0.000326,0.002013,-0.000236,0.001679,0.001856,-0.001039,0.000851
-0.001332,-0.001133,0.000921,-0.000285,-0.000818,-0.000354,0.000066,-0.001903,-0.000336,-0.001423,-0.000960,-0.003822,-0.002296,-0.000054,-0.000218,-0.002309,-0.001763,-0.000315,-0.002649,0.000835,-0.005342,0.051233,0.002671,-0.007550,-0.001945,-0.006510,0.006306,-0.002317,-0.003073,-0.003167,0.001950,-0.000487,0.002634,0.006652,-0.002622,-0.001216,-0.000831,0.000623,0.000262,-0.000890,0.004001,0.001379,0.004339,0.002971,-0.000801,0.000258,-0.001533,-0.000799,-0.001311,0.000065,0.000089,-0.000604,0.002519,-0.001426,0.000203,0.001965,0.000829,0.000759,0.002603,-0.001334
-0.000486,0.003332,-0.000572,-0.000441,-0.000507,0.003100,-0.000787,-0.001496,0.002140,0.001559,0.004267,-0.002369,-0.001423,-0.000002,0.000595,-0.001104,-0.003135,0.002091,-0.003107,-0.003675,0.004872,0.002671,0.032195,-0.002898,0.000042,-0.004036,0.010836,0.002526,-0.001282,-0.003348,-0.001575,0.000475,-0.000889,-0.002988,-0.002279,-0.001723,-0.000880,0.000257,-0.001103,-0.001174,0.002200,-0.001074,-0.000713,0.002509,-0.000300,0.000791,0.001241,-0.001352,0.001709,-0.001179,-0.000442,-0.000907,0.001687,-0.001142,0.001444,-0.000608,0.000469,-0.000734,0.000775,0.000653
0.000985,-0.001792,0.001548,0.000265,0.000100,0.000588,-0.001832,-0.001792,-0.000413,-0.001254,-0.001060,-0.001479,-0.000974,-0.000653,0.001424,-0.001844,-0.001734,-0.000908,-0.005658,0.005181,-0.001259,-0.007550,-0.002898,0.069915,-0.005986,0.003386,-0.002866,0.004328,-0.004874,-0.005577,-0.003256,0.006524,-0.002507,-0.000270,0.006711,-0.000619,-0.000303,-0.002856,-0.000594,0.003658,-0.000843,0.000332,-0.001838,-0.000246,-0.002807,-0.000651,-0.001881,0.001201,0.001803,0.003118,0.001842,-0.000176,0.001481,0.004848,0.000188,-0.000181,0.000076,-0.001029,-0.000371,0.000323
-0.001066,0.000006,-0.000739,-0.000776,-0.000336,-0.000109,-0.000093,0.000188,0.000413,0.000424,-0.000821,-0.000480,-0.001838,-0.000110,0.002445,0.003184,0.000002,-0.000044,-0.000958,-0.001623,-0.004279,-0.001945,0.000042,-0.005986,0.041276,-0.003344,-0.000701,-0.000862,-0.003711,-0.001995,0.002294,-0.001695,0.001478,-0.003860,-0.003431,0.003208,0.002989,-0.001603,-0.001783,-0.002052,-0.001160,-0.001472,0.003191,-0.000207,-0.001478,-0.000624,0.000361,0.002543,0.000076,0.001419,-0.000222,-0.001029,-0.001837,-0.001476,0.000904,0.000359,-0.000996,0.000187,0.000726,-0.000925
0.000405,-0.002319,0.000348,-0.001041,0.000084,-0.001588,-0.000868,-0.000230,-0.000353,-0.000817,0.002707,-0.004017,-0.000855,0.000725,-0.001510,-0.002847,0.000825,-0.000693,-0.005267,0.002073,-0.005615,-0.006510,-0.004036,0.003386,-0.003344,0.061501,-0.000788,-0.000220,0.009630,0.006899,0.004576,0.000824,-0.002147,0.001706,-0.004834,0.002949,-0.001355,-0.000292,-0.001429,-0.001635,-0.003441,0.000712,-0.000137,-0.002223,0.002669,0.001392,0.003365,0.002528,0.000037,0.000251,-0.000819,-0.001538,-0.002412,-0.001937,-0.000375,0.000957,0.000644,-0.000137,-0.001666,-0.000315
-0.000256,0.002497,0.000410,-0.000258,-0.000341,-0.000527,0.003220,0.000719,-0.000140,0.001514,0.002241,-0.001592,-0.000957,0.000472,0.000472,-0.001129,-0.002111,-0.001653,-0.002088,-0.002100,0.002840,0.006306,0.010836,-0.002866,-0.000701,-0.000788,0.019410,0.003195,-0.000171,-0.002212,0.000487,-0.001375,-0.000078,0.002631,0.000612,-0.001433,-0.001060,-0.000375,-0.000976,0.000096,-0.001364,0.002467,0.001415,0.002368,-0.000096,-0.000609,0.002860,-0.000845,0.001934,-0.000792,-0.000553,-0.000610,0.000672,-0.000768,-0.000036,-0.000408,0.000574,-0.000124,0.003435,-0.000556
0.001208,0.000322,-0.000800,-0.000085,-0.000710,0.000382,0.008565,-0.002094,0.001275,0.003653,-0.000146,-0.001662,-0.001992,-0.001695,-0.001351,0.000033,-0.003981,-0.002233,-0.002557,0.002273,-0.004637,-0.002317,0.002526,0.004328,-0.000862,-0.000220,0.003195,0.045472,0.005225,0.004421,-0.000977,-0.002057,0.000069,-0.002736,0.014464,0.001449,0.000015,0.003060,0.003934,0.001860,-0.002664,-0.001379,0.001298,0.001146,0.001152,0.000034,-0.000901,-0.001892,-0.001586,0.000031,0.002035,0.001717,0.003245,-0.000130,-0.001580,-0.000158,0.000395,0.001450,0.003366,-0.000555
-0.000627,0.000917,-0.000457,0.000671,-0.000639,0.000163,-0.000070,-0.001884,-0.000263,0.001518,-0.000687,-0.002985,-0.001793,-0.001181,-0.002159,-0.002116,-0.002096,-0.003532,-0.003413,-0.001931,-0.002999,-0.003073,-0.001282,-0.004874,-0.003711,0.009630,-0.000171,0.005225,0.043258,-0.000805,0.010655,-0.002578,-0.000372,0.003753,0.000622,0.004090,0.003153,0.004489,-0.000987,-0.002243,-0.001603,-0.001827,0.002981,0.002100,-0.002480,-0.000524,-0.000884,-0.001516,-0.001167,-0.000301,-0.001036,-0.001143,-0.001792,-0.001143,-0.001422,0.000012,0.000947,-0.000041,0.003909,-0.000458
0.000852,-0.001988,-0.000754,-0.000566,0.000234,-0.001361,0.001439,0.000149,0.000457,-0.000637,0.001676,-0.000817,-0.002068,0.001151,0.003277,0.000630,0.005616,-0.002146,-0.000375,0.008405,0.001667,-0.003167,-0.003348,-0.005577,-0.001995,0.006899,-0.002212,0.004421,-0.000805,0.036714,0.001037,0.000922,0.000360,-0.002733,0.000297,0.005789,0.000815,-0.001142,-0.001878,-0.001740,-0.002861,-0.001426,-0.002315,0.000094,0.001609,0.000932,0.000472,0.000608,-0.001213,-0.000610,-0.000054,-0.001319,0.000704,0.000934,-0.000106,-0.000143,-0.000847,-0.000392,0.001404,-0.000631
-0.000348,-0.000041,-0.000414,-0.000223,-0.000450,-0.000966,-0.001936,0.000109,-0.000215,0.000267,-0.001704,-0.002443,-0.000358,0.001443,-0.000450,-0.001001,0.003385,-0.000731,-0.001318,-0.002686,-0.003415,0.001950,-0.001575,-0.003256,0.002294,0.004576,0.000487,-0.000977,0.010655,0.001037,0.027835,-0.000927,0.002140,0.007719,-0.003324,0.002389,0.001283,0.004857,-0.000627,-0.000055,0.000538,-0.002241,0.004138,0.002203,-0.000976,0.000103,0.000934,-0.001394,0.001444,0.001192,0.000068,-0.000936,-0.000449,-0.001178,0.000463,0.000526,-0.000795,0.000450,0.000119,-0.000786
-0.000023,-0.000845,-0.000450,-0.000012,0.000817,-0.000396,-0.001038,-0.000035,0.000074,-0.000248,-0.000811,0.002534,0.001285,0.000340,-0.001473,-0.001444,0.007625,0.000267,0.000399,0.000614,-0.002847,-0.000487,0.000475,0.006524,-0.001695,0.000824,-0.001375,-0.002057,-0.002578,0.000922,-0.000927,0.017827,-0.001089,0.002411,-0.002558,-0.000045,-0.001356,0.000678,-0.001020,0.000806,0.001839,-0.001265,-0.001369,-0.000455,-0.001531,-0.000287,0.000125,-0.000412,-0.000730,-0.000811,0.000329,-0.000442,0.002460,0.001077,0.000730,-0.000522,-0.000440,-0.000552,-0.000745,0.001218
-0.000050,0.000054,-0.000304,-0.000330,-0.000127,-0.000498,0.000020,0.000395,-0.000111,0.001711,-0.000646,0.000133,0.000911,-0.000231,-0.000516,-0.000894,-0.000188,-0.000757,-0.000999,-0.000104,-0.000294,0.002634,-0.000889,-0.002507,0.001478,-0.002147,-0.000078,0.000069,-0.000372,0.000360,0.002140,-0.001089,0.009301,0.004136,-0.001715,-0.001245,0.000913,-0.000348,0.000562,-0.000457,-0.000253,0.002645,-0.000848,-0.000514,-0.000402,-0.000482,0.000735,-0.000412,-0.000369,0.001449,0.001008,-0.000386,0.000676,-0.000062,0.000578,-0.000182,-0.000318,0.000892,-0.000443,-0.000419
-0.000052,-0.000737,-0.000466,-0.000629,0.000226,-0.000682,0.000016,0.002376,-0.000262,-0.001625,-0.000621,0.000110,0.003258,-0.000179,-0.001872,-0.001863,0.003496,-0.002898,-0.000053,0.001418,-0.004157,0.006652,-0.002988,-0.000270,-0.003860,0.001706,0.002631,-0.002736,0.003753,-0.002733,0.007719,0.002411,0.004136,0.030648,-0.003021,-0.000446,-0.000881,0.000716,-0.001823,0.003484,-0.001311,0.001306,-0.001999,-0.000921,-0.000260,-0.000151,-0.000768,0.000115,0.000158,0.001872,0.000755,-0.000854,-0.001325,-0.000261,-0.001416,-0.000206,-0.000584,-0.000021,0.000201,-0.001038
-0.000261,0.001740,-0.000620,0.000199,0.000040,-0.001268,0.002745,-0.001540,0.000953,-0.000120,-0.001611,-0.000651,-0.001019,-0.001375,-0.000411,0.000698,-0.003926,-0.003151,-0.002042,0.009326,-0.004485,-0.002622,-0.002279,0.006711,-0.003431,-0.004834,0.000612,0.014464,0.000622,0.000297,-0.003324,-0.002558,-0.001715,-0.003021,0.042801,0.001468,-0.001830,-0.001953,-0.000513,0.001779,-0.002528,0.000194,-0.001676,-0.000051,0.001936,0.000891,-0.001287,-0.001178,-0.001287,0.000602,-0.000678,0.002755,-0.001926,0.000728,0.000921,-0.000496,0.000510,0.001628,0.004451,-0.001030
-0.000281,0.000856,-0.000414,0.000500,-0.000048,0.000856,-0.001774,-0.001283,0.000141,0.000793,-0.000659,-0.001635,-0.001236,-0.000112,0.001954,-0.001650,-0.000238,-0.002449,-0.002289,0.001460,-0.003255,-0.001216,-0.001723,-0.000619,0.003208,0.002949,-0.001433,0.001449,0.004090,0.005789,0.002389,-0.000045,-0.001245,-0.000446,0.001468,0.023606,-0.001295,-0.000023,-0.001322,0.001718,0.003888,0.001347,0.001817,0.001874,-0.000191,-0.000651,-0.000535,-0.000682,-0.001068,0.003442,-0.000539,-0.000892,-0.000923,-0.000140,-0.000234,-0.000491,0.000567,0.000365,0.001531,-0.000794
0.000448,-0.000906,-0.000379,-0.000296,-0.000121,-0.000244,0.000575,-0.000113,-0.000042,-0.000858,-0.001095,-0.001570,0.000256,0.000383,-0.000360,0.002348,-0.000277,-0.000244,0.001422,-0.000289,-0.000567,-0.000831,-0.000880,-0.000303,0.002989,-0.001355,-0.001060,0.000015,0.003153,0.000815,0.001283,-0.001356,0.000913,-0.000881,-0.001830,-0.001295,0.011129,-0.000956,0.000437,-0.000879,-0.001278,-0.000843,-0.000971,-0.000041,-0.001305,-0.000158,-0.000254,-0.000575,0.001588,0.000028,-0.000055,-0.000427,-0.000629,-0.000518,0.000182,-0.000077,0.000197,-0.000063,-0.000457,-0.000219
-0.000299,0.001245,0.000669,0.001179,-0.000034,0.000609,-0.000317,-0.000473,-0.000126,0.001328,0.000121,-0.001219,0.000235,-0.000251,0.000433,-0.000859,-0.000756,0.000530,-0.001444,-0.001755,-0.002007,0.000623,0.000257,-0.002856,-0.001603,-0.000292,-0.000375,0.003060,0.004489,-0.001142,0.004857,0.000678,-0.000348,0.000716,-0.001953,-0.000023,-0.000956,0.013106,0.000364,-0.000144,0.001639,-0.000366,0.003198,0.002965,-0.001193,-0.000394,0.000554,-0.000819,-0.000575,-0.000714,0.000715,-0.000285,0.000384,-0.000331,-0.000565,0.000149,-0.000467,-0.000330,-0.000596,-0.000314
-0.000228,-0.000162,0.000055,0.000102,-0.000309,-0.000571,-0.000816,-0.000463,-0.000101,0.002836,-0.000778,0.001878,-0.000128,0.000441,0.001277,-0.001024,-0.001694,-0.000311,-0.001556,-0.001581,0.002716,0.000262,-0.001103,-0.000594,-0.001783,-0.001429,-0.000976,0.003934,-0.000987,-0.001878,-0.000627,-0.001020,0.000562,-0.001823,-0.000513,-0.001322,0.000437,0.000364,0.010715,0.000544,-0.000291,-0.001377,-0.000349,-0.000800,-0.001077,0.000590,-0.000233,-0.000789,0.000179,-0.000352,0.001255,-0.000200,0.002071,0.000270,-0.000543,0.000741,0.000549,-0.000229,-0.000391,-0.000502
-0.000474,0.000972,-0.000471,-0.000054,-0.000187,-0.000390,-0.001347,-0.001232,-0.000172,0.003029,-0.001088,0.000467,-0.001172,-0.000087,-0.001287,-0.000819,-0.001275,-0.000564,-0.002558,-0.002063,-0.001281,-0.000890,-0.001174,0.003658,-0.002052,-0.001635,0.000096,0.001860,-0.002243,-0.001740,-0.000055,0.000806,-0.000457,0.003484,0.001779,0.001718,-0.000879,-0.000144,0.000544,0.018655,0.005040,-0.001270,-0.001312,-0.000821,0.005665,-0.000746,-0.000698,-0.001113,0.000642,0.002404,0.000674,-0.000747,0.000922,0.000592,-0.000929,-0.000192,0.000838,-0.000354,0.000165,-0.000389
-0.000704,0.000988,-0.000488,0.001015,-0.000432,0.000855,-0.001227,0.000550,-0.000122,-0.000393,-0.001336,-0.002020,0.001587,-0.001033,0.000690,-0.001432,0.000164,0.000185,0.001112,-0.003037,-0.002112,0.004001,0.002200,-0.000843,-0.001160,-0.003441,-0.001364,-0.002664,-0.001603,-0.002861,0.000538,0.001839,-0.000253,-0.001311,-0.002528,0.003888,-0.001278,0.001639,-0.000291,0.005040,0.022455,0.004179,0.001160,0.000362,0.006281,-0.000332,-0.000343,-0.001153,-0.000966,-0.000162,0.000192,0.001254,0.001476,-0.000872,0.000953,-0.000469,-0.000627,-0.000049,-0.000838,-0.000148
-0.000783,-0.000103,0.000828,-0.000290,-0.000298,-0.000888,0.000268,0.002536,-0.000198,-0.001088,0.000856,-0.002051,0.000509,-0.000164,-0.000175,-0.001592,-0.002973,-0.002330,0.001484,0.004126,-0.002263,0.001379,-0.001074,0.000332,-0.001472,0.000712,0.002467,-0.001379,-0.001827,-0.001426,-0.002241,-0.001265,0.002645,0.001306,0.000194,0.001347,-0.000843,-0.000366,-0.001377,-0.001270,0.004179,0.024585,0.000876,-0.000547,0.004052,0.000354,0.002933,0.001286,-0.000996,0.000640,-0.000385,0.002287,0.000422,-0.000921,0.001052,-0.000521,-0.000731,0.001094,-0.000608,-0.000687
-0.000235,0.000838,-0.000383,0.000149,-0.000214,-0.000386,-0.000621,-0.001001,-0.000026,-0.000785,-0.000787,-0.001585,-0.000619,-0.000526,-0.000793,-0.001010,-0.001572,0.000594,-0.000559,-0.001197,-0.001040,0.004339,-0.000713,-0.001838,0.003191,-0.000137,0.001415,0.001298,0.002981,-0.002315,0.004138,-0.001369,-0.000848,-0.001999,-0.001676,0.001817,-0.000971,0.003198,-0.000349,-0.001312,0.001160,0.000876,0.014915,0.001376,-0.000341,-0.000329,-0.000438,-0.000852,0.001063,-0.000416,-0.000550,-0.000607,0.000048,-0.000713,-0.000755,0.000899,-0.000175,-0.000202,-0.000366,-0.000553
-0.000114,0.000601,-0.000138,0.000735,0.000119,0.000936,-0.000885,-0.000824,-0.000115,-0.000361,0.001000,-0.000049,-0.000712,0.000424,0.001737,-0.000925,0.000888,-0.000114,-0.000370,-0.001515,-0.000574,0.002971,0.002509,-0.000246,-0.000207,-0.002223,0.002368,0.001146,0.002100,0.000094,0.002203,-0.000455,-0.000514,-0.000921,-0.000051,0.001874,-0.000041,0.002965,-0.000800,-0.000821,0.000362,-0.000547,0.001376,0.006570,-0.000223,-0.000219,-0.000459,-0.000070,-0.000086,-0.000649,-0.000399,-0.000164,0.000519,-0.000224,0.000180,-0.000029,-0.000134,-0.000019,0.002036,-0.000002
-0.000207,-0.000120,-0.000473,-0.000274,-0.000338,-0.000691,0.000737,-0.001237,0.000233,-0.000168,0.002148,-0.000456,0.001210,-0.000433,-0.000747,-0.001389,-0.002272,-0.001953,-0.002569,0.001622,-0.002739,-0.000801,-0.000300,-0.002807,-0.001478,0.002669,-0.000096,0.001152,-0.002480,0.001609,-0.000976,-0.001531,-0.000402,-0.000260,0.001936,-0.000191,-0.001305,-0.001193,-0.001077,0.005665,0.006281,0.004052,-0.000341,-0.000223,0.020224,0.001041,-0.000786,0.001631,0.001196,-0.000975,-0.000680,0.002839,-0.000536,0.001771,-0.000708,0.000056,-0.000638,0.000352,0.000404,-0.000684
-0.000161,-0.000140,0.000007,0.000233,-0.000140,0.000367,0.000766,-0.000569,0.000195,-0.000020,0.000958,-0.000901,-0.000339,0.000100,0.000263,-0.000434,0.000498,0.000556,-0.000487,0.001779,-0.001111,0.000258,0.000791,-0.000651,-0.000624,0.001392,-0.000609,0.000034,-0.000524,0.000932,0.000103,-0.000287,-0.000482,-0.000151,0.000891,-0.000651,-0.000158,-0.000394,0.000590,-0.000746,-0.000332,0.000354,-0.000329,-0.000219,0.001041,0.003769,-0.000078,0.000623,-0.000223,-0.000448,0.000047,0.000248,-0.000541,-0.000202,-0.000350,-0.000031,-0.000293,0.000416,-0.000294,0.000112
0.000714,0.000798,0.000887,0.000126,0.000599,-0.000157,-0.000150,0.001171,0.000051,0.001231,0.001223,0.000209,-0.000568,0.000540,-0.000290,-0.000084,0.000985,0.001144,-0.001240,-0.001142,0.000460,-0.001533,0.001241,-0.001881,0.000361,0.003365,0.002860,-0.000901,-0.000884,0.000472,0.000934,0.000125,0.000735,-0.000768,-0.001287,-0.000535,-0.000254,0.000554,-0.000233,-0.000698,-0.000343,0.002933,-0.000438,-0.000459,-0.000786,-0.000078,0.004816,-0.000540,0.001025,0.000140,-0.000198,-0.000299,-0.000437,0.000348,0.000679,0.000061,-0.000308,0.000096,-0.000392,0.000107
-0.000205,-0.000777,-0.000055,-0.000008,-0.000149,-0.000156,-0.000909,0.000848,-0.000118,-0.000047,0.003964,-0.000901,-0.000808,0.000448,0.000595,0.002784,-0.001131,0.001650,-0.001764,0.004050,-0.001745,-0.000799,-0.001352,0.001201,0.002543,0.002528,-0.000845,-0.001892,-0.001516,0.000608,-0.001394,-0.000412,-0.000412,0.000115,-0.001178,-0.000682,-0.000575,-0.000819,-0.000789,-0.001113,-0.001153,0.001286,-0.000852,-0.000070,0.001631,0.000623,-0.000540,0.009829,-0.000643,-0.000603,-0.000467,0.000014,-0.000204,-0.000520,0.000824,-0.000345,-0.000344,-0.000257,-0.000457,-0.000375
0.000887,0.002136,0.000001,-0.000033,0.000244,0.000067,0.000522,-0.000712,-0.000041,0.001236,0.000594,-0.000295,-0.000678,-0.000405,-0.000219,-0.000799,0.000557,0.001962,-0.000301,-0.001773,-0.001337,-0.001311,0.001709,0.001803,0.000076,0.000037,0.001934,-0.001586,-0.001167,-0.001213,0.001444,-0.000730,-0.000369,0.000158,-0.001287,-0.001068,0.001588,-0.000575,0.000179,0.000642,-0.000966,-0.000996,0.001063,-0.000086,0.001196,-0.000223,0.001025,-0.000643,0.007014,-0.000191,-0.000262,-0.000432,-0.000509,0.001305,-0.000537,0.000903,-0.000367,-0.000349,-0.000344,-0.000262
-0.000208,-0.000345,0.000111,-0.000194,0.000002,-0.000464,-0.000723,0.000739,-0.000103,0.001057,-0.000818,-0.001173,0.000195,0.000678,-0.000688,-0.000598,-0.000972,-0.001037,0.001028,-0.001844,0.001603,0.000065,-0.001179,0.003118,0.001419,0.000251,-0.000792,0.000031,-0.000301,-0.000610,0.001192,-0.000811,0.001449,0.001872,0.000602,0.003442,0.000028,-0.000714,-0.000352,0.002404,-0.000162,0.000640,-0.000416,-0.000649,-0.000975,-0.000448,0.000140,-0.000603,-0.000191,0.007381,-0.000263,-0.000449,-0.000704,-0.000565,-0.000153,0.000076,0.000829,0.000247,-0.000141,-0.000409
0.000609,0.000106,0.000527,-0.000214,-0.000175,-0.000324,0.000301,0.000068,-0.000072,0.001472,-0.000571,0.000942,-0.000296,-0.000358,-0.000551,-0.000580,0.000945,0.002457,-0.000102,0.000073,0.000116,0.000089,-0.000442,0.001842,-0.000222,-0.000819,-0.000553,0.002035,-0.001036,-0.000054,0.000068,0.000329,0.001008,0.000755,-0.000678,-0.000539,-0.000055,0.000715,0.001255,0.000674,0.000192,-0.000385,-0.000550,-0.000399,-0.000680,0.000047,-0.000198,-0.000467,-0.000262,-0.000263,0.003115,-0.000172,0.000997,0.000382,-0.000244,0.000300,-0.000266,0.000030,-0.000236,0.000407
-0.000070,0.000012,0.000173,0.000286,0.000398,-0.000357,0.001032,-0.000488,-0.000079,-0.000435,-0.000017,-0.000718,0.002402,-0.000047,-0.000191,-0.000466,0.000567,0.001348,-0.001184,0.000743,0.000883,-0.000604,-0.000907,-0.000176,-0.001029,-0.001538,-0.000610,0.001717,-0.001143,-0.001319,-0.000936,-0.000442,-0.000386,-0.000854,0.002755,-0.000892,-0.000427,-0.000285,-0.000200,-0.000747,0.001254,0.002287,-0.000607,-0.000164,0.002839,0.000248,-0.000299,0.000014,-0.000432,-0.000449,-0.000172,0.004876,0.001306,-0.000272,0.000525,-0.000121,-0.000080,0.000556,-0.000237,-0.000315
-0.000493,0.001565,-0.000342,-0.000350,-0.000114,-0.000560,-0.001122,-0.000652,-0.000125,0.002439,-0.000186,-0.001034,-0.000850,0.000822,-0.000005,-0.001003,-0.001311,-0.000436,0.001379,-0.000327,-0.001339,0.002519,0.001687,0.001481,-0.001837,-0.002412,0.000672,0.003245,-0.001792,0.000704,-0.000449,0.002460,0.000676,-0.001325,-0.001926,-0.000923,-0.000629,0.000384,0.002071,0.000922,0.001476,0.000422,0.000048,0.000519,-0.000536,-0.000541,-0.000437,-0.000204,-0.000509,-0.000704,0.000997,0.001306,0.012778,-0.000346,0.000328,-0.000007,-0.000461,-0.000136,-0.000125,0.000050
0.000661,-0.000656,0.001313,0.000668,0.000129,0.000421,-0.000901,-0.000252,0.000185,-0.000554,0.000380,0.003432,0.002762,0.000173,0.001023,-0.000806,-0.001311,0.002667,0.002724,-0.000534,0.000326,-0.001426,-0.001142,0.004848,-0.001476,-0.001937,-0.000768,-0.000130,-0.001143,0.000934,-0.001178,0.001077,-0.000062,-0.000261,0.000728,-0.000140,-0.000518,-0.000331,0.000270,0.000592,-0.000872,-0.000921,-0.000713,-0.000224,0.001771,-0.000202,0.000348,-0.000520,0.001305,-0.000565,0.000382,-0.000272,-0.000346,0.010001,-0.000542,-0.000276,-0.000370,-0.000352,-0.000079,-0.000121
-0.000391,0.000633,0.000353,0.000514,0.000585,-0.000444,-0.000753,-0.000138,-0.000099,0.000615,0.000995,-0.000854,0.001630,0.000155,0.000136,0.002169,0.000273,0.000932,0.000557,0.001815,0.002013,0.000203,0.001444,0.000188,0.000904,-0.000375,-0.000036,-0.001580,-0.001422,-0.000106,0.000463,0.000730,0.000578,-0.001416,0.000921,-0.000234,0.000182,-0.000565,-0.000543,-0.000929,0.000953,0.001052,-0.000755,0.000180,-0.000708,-0.000350,0.000679,0.000824,-0.000537,-0.000153,-0.000244,0.000525,0.000328,-0.000542,0.005631,-0.000221,-0.000366,-0.000160,-0.000284,-0.000161
-0.000211,-0.000156,0.000141,0.000038,-0.000024,-0.000239,0.000161,-0.000204,0.000020,0.000564,-0.000422,0.000122,-0.000363,-0.000309,-0.000419,-0.000202,-0.000722,-0.000066,-0.000593,-0.000348,-0.000236,0.001965,-0.000608,-0.000181,0.000359,0.000957,-0.000408,-0.000158,0.000012,-0.000143,0.000526,-0.000522,-0.000182,-0.000206,-0.000496,-0.000491,-0.000077,0.000149,0.000741,-0.000192,-0.000469,-0.000521,0.000899,-0.000029,0.000056,-0.000031,0.000061,-0.000345,0.000903,0.000076,0.000300,-0.000121,-0.000007,-0.000276,-0.000221,0.001873,0.000209,-0.000149,-0.000251,-0.000211
0.000745,-0.000165,0.000136,-0.000201,-0.000099,0.000933,-0.000608,-0.000211,-0.000068,0.000149,-0.000535,-0.000167,0.000073,-0.000295,-0.000402,-0.000544,-0.001018,-0.000475,-0.001007,-0.000857,0.001679,0.000829,0.000469,0.000076,-0.000996,0.000644,0.000574,0.000395,0.000947,-0.000847,-0.000795,-0.000440,-0.000318,-0.000584,0.000510,0.000567,0.000197,-0.000467,0.000549,0.000838,-0.000627,-0.000731,-0.000175,-0.000134,-0.000638,-0.000293,-0.000308,-0.000344,-0.000367,0.000829,-0.000266,-0.000080,-0.000461,-0.000370,-0.000366,0.000209,0.003710,0.000100,0.001212,-0.000221
-0.000255,-0.000204,-0.000107,-0.000145,-0.000073,0.000107,0.001717,0.002557,-0.000064,0.000112,-0.000468,-0.000645,-0.000316,-0.000087,-0.000528,-0.000183,-0.000200,-0.000510,-0.000851,0.004112,0.001856,0.000759,-0.000734,-0.001029,0.000187,-0.000137,-0.000124,0.001450,-0.000041,-0.000392,0.000450,-0.000552,0.000892,-0.000021,0.001628,0.000365,-0.000063,-0.000330,-0.000229,-0.000354,-0.000049,0.001094,-0.000202,-0.000019,0.000352,0.000416,0.000096,-0.000257,-0.000349,0.000247,0.000030,0.000556,-0.000136,-0.000352,-0.000160,-0.000149,0.000100,0.003317,0.000357,-0.000255
-0.000018,-0.000059,0.000062,0.000036,-0.000110,0.001092,-0.000775,-0.000617,0.000052,-0.000534,0.000040,-0.000410,-0.000464,0.000327,0.000089,-0.000290,-0.000957,-0.001391,-0.001282,-0.000603,-0.001039,0.002603,0.000775,-0.000371,0.000726,-0.001666,0.003435,0.003366,0.003909,0.001404,0.000119,-0.000745,-0.000443,0.000201,0.004451,0.001531,-0.000457,-0.000596,-0.000391,0.000165,-0.000838,-0.000608,-0.000366,0.002036,0.000404,-0.000294,-0.000392,-0.000457,-0.000344,-0.000141,-0.000236,-0.000237,-0.000125,-0.000079,-0.000284,-0.000251,0.001212,0.000357,0.007718,-0.000341
0.000227,-0.000393,-0.000001,-0.000133,-0.000173,-0.000088,-0.000232,0.000035,0.000132,-0.000450,-0.000222,0.002493,-0.000156,-0.000352,-0.000145,-0.000113,0.002403,0.001520,0.002367,-0.000329,0.000851,-0.001334,0.000653,0.000323,-0.000925,-0.000315,-0.000556,-0.000555,-0.000458,-0.000631,-0.000786,0.001218,-0.000419,-0.001038,-0.001030,-0.000794,-0.000219,-0.000314,-0.000502,-0.000389,-0.000148,-0.000687,-0.000553,-0.000002,-0.000684,0.000112,0.000107,-0.000375,-0.000262,-0.000409,0.000407,-0.000315,0.000050,-0.000121,-0.000161,-0.000211,-0.000221,-0.000255,-0.000341,0.002760
