0.018390,0.009732,0.000000,0.002899,0.000481,-0.000124,0.000342,0.000000
0.009732,0.015175,0.000000,0.002578,0.000360,-0.000151,0.000684,0.000000
0.000000,0.000000,0.000000,0.000000,0.000000,0.000000,0.000000,0.000000
0.002899,0.002578,0.000000,0.019574,-0.000118,0.000019,-0.000990,0.000000
0.000481,0.000360,0.000000,-0.000118,0.003006,-0.000046,0.000146,0.000000
-0.000124,-0.000151,0.000000,0.000019,-0.000046,0.005805,0.000070,0.000000
0.000342,0.000684,0.000000,-0.000990,0.000146,0.000070,0.003398,0.000000
0.000000,0.000000,0.000000,0.000000,0.000000,0.000000,0.000000,0.000000
