1.225294,0.000164,0.700337,0.017817,0.511885,-0.000233
0.000164,0.000529,-0.004778,0.004024,-0.003801,-0.000041
0.700337,-0.004778,3.434117,0.319053,1.146752,-0.002544
0.017817,0.004024,0.319053,0.304763,-0.337990,-0.002979
0.511885,-0.003801,1.146752,-0.337990,1.836202,0.002674
-0.000233,-0.000041,-0.002544,-0.002979,0.002674,0.009978
