1.229047,0.000547,0.697446,0.053704,0.390407,-0.000870
0.000547,0.000529,-0.002633,0.003928,-0.002323,-0.000121
0.697446,-0.002633,3.421067,0.418204,0.893573,0.000690
0.053704,0.003928,0.418204,0.295185,-0.257392,0.000902
0.390407,-0.002323,0.893573,-0.257392,1.501700,-0.001720
-0.000870,-0.000121,0.000690,0.000902,-0.001720,0.010433
