1.218670,-0.000375,0.728692,0.022664,0.477608,-0.001924
-0.000375,0.000540,-0.003414,0.004393,-0.003876,-0.000030
0.728692,-0.003414,3.640643,0.409311,1.046011,0.000358
0.022664,0.004393,0.409311,0.317194,-0.335204,0.000251
0.477608,-0.003876,1.046011,-0.335204,1.793027,0.003004
-0.001924,-0.000030,0.000358,0.000251,0.003004,0.010145
