0.086350,0.000956,0.002507,0.000279,0.002015,0.000927
0.000956,0.117199,-0.010231,0.027113,-0.010622,-0.003345
0.002507,-0.010231,0.105311,0.024514,0.063429,0.000149
0.000279,0.027113,0.024514,0.045350,-0.023985,-0.006720
0.002015,-0.010622,0.063429,-0.023985,0.088852,0.007808
0.000927,-0.003345,0.000149,-0.006720,0.007808,0.097861
