0.096052,-0.000290,0.020794,0.000672,0.036118,0.048252,0.059597,0.249373,0.020880,0.042185,0.022461,-0.003413,0.014247,-0.004011,0.050547,0.119079,0.000369,-0.000526,-0.000021,0.007700,0.008038,0.000917,0.058600,-0.001318,0.001691,0.000343,0.012270,-0.001448,0.000534,0.333956,-0.001581,0.014724,0.021110,0.011019,0.006289,0.021335,0.013195,0.008685,0.046503,0.001053,0.049748
-0.000290,0.157203,0.002744,-0.004863,-0.052284,0.000852,-0.016820,-0.106740,0.005275,0.035224,-0.047251,-0.005246,-0.008608,0.021914,0.029531,0.003397,0.001240,0.000328,0.001625,0.009186,0.004977,0.001185,-0.089903,-0.002023,-0.000356,-0.000030,-0.003972,-0.000991,0.000488,0.096005,-0.000161,-0.002316,0.000123,0.001710,0.000799,-0.014471,0.037054,0.019873,-0.014001,-0.001297,-0.021656
0.020794,0.002744,0.566976,0.013692,0.006000,0.088315,0.093003,-0.043165,0.009625,-0.037989,-0.004320,0.005133,0.035626,0.001941,0.025715,-0.061337,0.006204,-0.000655,0.000810,-0.004946,0.009402,0.003955,0.210992,0.015137,0.019220,-0.001173,0.006336,0.000417,0.000088,-0.011535,-0.008257,0.000373,0.004453,-0.023841,-0.035642,0.051843,0.022185,0.005717,0.130501,-0.001783,0.247772
0.000672,-0.004863,0.013692,0.040758,0.068122,-0.002527,0.028355,-0.034288,-0.005119,-0.003234,0.040468,-0.006236,0.002176,-0.000255,0.002075,0.022825,0.000088,0.000385,0.005064,-0.000018,-0.000690,-0.000532,-0.000321,-0.000120,-0.000469,-0.000004,0.001875,0.000014,-0.000637,0.152316,0.004789,-0.001565,0.002774,0.042308,0.004321,0.000966,-0.001149,0.021520,0.000363,-0.000052,0.006722
0.036118,-0.052284,0.006000,0.068122,1.945499,0.061721,0.317547,0.136902,-0.038609,0.074950,0.557806,0.010989,0.057018,0.010143,0.132434,0.481383,-0.000063,0.000295,-0.001393,0.025752,0.015996,0.002270,0.097201,-0.003552,0.012335,0.011952,0.026092,-0.002251,-0.003253,1.798584,0.137380,-0.004621,0.076685,0.465752,0.118139,0.011305,-0.023143,0.216365,0.009902,0.002158,0.029402
0.048252,0.000852,0.088315,-0.002527,0.061721,0.393583,-0.049858,-0.112429,0.193420,0.026233,0.003885,0.015832,0.025355,0.003210,0.067262,0.204017,0.000953,-0.000108,-0.000291,-0.001374,0.008712,-0.001747,0.150856,-0.002109,0.006060,0.001301,0.007061,0.000278,0.000452,0.069956,0.014665,0.048688,-0.013906,0.015418,-0.010872,0.004369,0.032231,-0.015123,0.009343,-0.002634,0.144574
0.059597,-0.016820,0.093003,0.028355,0.317547,-0.049858,1.993696,1.510942,0.063759,-0.003348,0.148920,-0.046965,0.075142,-0.073385,0.141324,0.347851,0.000779,-0.004420,-0.006864,0.022511,-0.013543,0.018054,0.119938,0.001994,0.022142,0.008006,0.033370,-0.001880,-0.000236,1.615808,-0.105024,-0.025148,0.277146,0.137369,0.075033,0.093629,-0.022226,-0.000181,0.094131,0.010057,0.149518
0.249373,-0.106740,-0.043165,-0.034288,0.136902,-0.112429,1.510942,29.212681,-0.396316,-0.308506,0.191597,-0.094846,0.141601,-0.345870,0.382406,0.500975,-0.005781,-0.028988,-0.001213,-0.019278,-0.047351,0.074313,1.162721,-0.029493,0.053083,0.019790,0.103383,-0.012735,0.003736,2.792142,-0.304435,-0.004283,0.678733,0.409019,-0.104964,0.031793,-0.118653,0.055240,0.301400,0.035674,0.353995
0.020880,0.005275,0.009625,-0.005119,-0.038609,0.193420,0.063759,-0.396316,1.263521,0.027552,-0.036350,0.009490,-0.000566,0.035633,0.091785,0.096011,-0.001899,0.000705,-0.005252,-0.009162,0.001985,-0.001419,0.020014,0.000504,-0.004306,0.000416,0.000104,-0.001078,-0.000669,-0.259524,0.055879,-0.006746,0.006118,0.005246,-0.021285,-0.012725,-0.002989,-0.010762,0.000079,-0.000770,-0.023802
0.042185,0.035224,-0.037989,-0.003234,0.074950,0.026233,-0.003348,-0.308506,0.027552,1.228061,-0.032338,-0.061519,0.024729,0.109421,0.077765,0.712935,0.002826,0.000577,-0.000015,0.008916,0.000063,-0.007738,-0.022042,0.002139,-0.012862,-0.007154,0.017444,-0.001910,0.000992,2.733814,0.109531,-0.025737,-0.017653,-0.006167,0.052207,0.023999,0.053826,-0.026593,0.035827,0.000514,-0.068189
0.022461,-0.047251,-0.004320,0.040468,0.557806,0.003885,0.148920,0.191597,-0.036350,-0.032338,1.997572,-0.003386,0.028620,-0.004605,0.081225,0.003491,0.000355,0.000370,0.000009,0.040206,0.007289,0.002429,0.129541,-0.006646,0.001236,0.004600,0.026052,-0.001001,-0.002417,1.261499,0.047097,0.004365,0.069797,0.581434,0.138769,0.001667,-0.022860,0.214718,0.079197,-0.002162,0.015390
-0.003413,-0.005246,0.005133,-0.006236,0.010989,0.015832,-0.046965,-0.094846,0.009490,-0.061519,-0.003386,0.164651,-0.004019,-0.003308,-0.011692,-0.185384,-0.000409,-0.000045,0.000450,0.002112,0.000865,0.002292,0.010188,-0.001678,0.002499,0.000029,-0.000683,-0.000367,0.001953,-0.900643,-0.031806,0.005009,-0.013781,0.013600,-0.032661,-0.003029,-0.013961,-0.005399,0.005110,-0.004579,-0.021386
0.014247,-0.008608,0.035626,0.002176,0.057018,0.025355,0.075142,0.141601,-0.000566,0.024729,0.028620,-0.004019,0.089121,0.008500,0.027244,0.038387,0.000453,-0.000436,-0.001064,0.001374,0.002020,0.001471,0.054350,0.004720,0.005781,-0.000695,0.005237,-0.001559,0.000745,0.300186,0.085840,0.003943,0.026187,0.005599,-0.005511,0.029981,0.000970,-0.009295,0.067352,0.002712,0.053069
-0.004011,0.021914,0.001941,-0.000255,0.010143,0.003210,-0.073385,-0.345870,0.035633,0.109421,-0.004605,-0.003308,0.008500,0.247863,0.006070,0.092530,0.000163,0.000572,0.000068,-0.002847,0.003908,-0.004173,-0.088730,-0.000173,-0.000908,-0.002746,-0.004875,-0.000467,-0.000023,0.262845,0.130667,-0.019429,-0.023414,-0.044259,0.017624,-0.006226,0.008016,-0.012626,0.003845,-0.001234,-0.012948
0.050547,0.029531,0.025715,0.002075,0.132434,0.067262,0.141324,0.382406,0.091785,0.077765,0.081225,-0.011692,0.027244,0.006070,0.330979,0.208546,-0.000038,-0.001356,-0.000180,0.009551,0.012892,0.003477,0.061914,-0.002776,0.000915,-0.001181,0.014916,-0.002952,0.000258,0.710985,0.042435,0.022340,0.033445,0.075990,0.015182,0.030930,0.019484,0.011758,0.042974,0.004888,0.034200
0.119079,0.003397,-0.061337,0.022825,0.481383,0.204017,0.347851,0.500975,0.096011,0.712935,0.003491,-0.185384,0.038387,0.092530,0.208546,4.941458,0.003859,-0.000190,-0.005570,0.028999,-0.005315,-0.004311,0.324874,-0.016130,-0.033271,0.015921,0.047889,-0.002618,-0.000630,5.089205,0.150848,-0.004453,0.126556,0.108398,0.062172,0.019644,0.009234,-0.065648,-0.001917,0.014741,-0.038161
0.000369,0.001240,0.006204,0.000088,-0.000063,0.000953,0.000779,-0.005781,-0.001899,0.002826,0.000355,-0.000409,0.000453,0.000163,-0.000038,0.003859,0.000596,0.000070,0.000001,0.000242,0.000629,-0.000014,0.000879,0.000350,0.000220,-0.000043,0.000084,0.000106,0.000026,0.017773,-0.001452,-0.000168,0.000450,-0.000436,0.001147,0.000513,0.002737,0.000441,0.001356,0.000097,0.003735
-0.000526,0.000328,-0.000655,0.000385,0.000295,-0.000108,-0.004420,-0.028988,0.000705,0.000577,0.000370,-0.000045,-0.000436,0.000572,-0.001356,-0.000190,0.000070,0.000282,0.000000,0.000062,0.000280,-0.000231,-0.002847,-0.000070,-0.000377,0.000002,-0.000128,-0.000001,-0.000031,-0.007796,0.000116,-0.000343,-0.001974,0.000388,0.001801,-0.000910,0.000497,0.001235,-0.001466,0.000008,-0.002354
-0.000021,0.001625,0.000810,0.005064,-0.001393,-0.000291,-0.006864,-0.001213,-0.005252,-0.000015,0.000009,0.000450,-0.001064,0.000068,-0.000180,-0.005570,0.000001,0.000000,0.006552,-0.000093,-0.000196,-0.000305,-0.000067,-0.000000,-0.000120,0.000003,-0.001028,0.000546,-0.000073,-0.000190,0.003000,-0.000010,-0.000218,-0.000254,0.005088,-0.001319,0.000760,0.000004,-0.000594,-0.000027,-0.000864
0.007700,0.009186,-0.004946,-0.000018,0.025752,-0.001374,0.022511,-0.019278,-0.009162,0.008916,0.040206,0.002112,0.001374,-0.002847,0.009551,0.028999,0.000242,0.000062,-0.000093,0.052497,0.001984,-0.000034,-0.002235,-0.000624,-0.002449,0.000090,0.002262,0.000109,-0.000196,0.507292,-0.013310,-0.002789,0.008776,0.056140,-0.001452,0.001723,0.004542,0.006824,0.004401,-0.000323,-0.004298
0.008038,0.004977,0.009402,-0.000690,0.015996,0.008712,-0.013543,-0.047351,0.001985,0.000063,0.007289,0.000865,0.002020,0.003908,0.012892,-0.005315,0.000629,0.000280,-0.000196,0.001984,0.025895,-0.001551,-0.011581,-0.000022,0.001041,-0.000272,0.002031,0.000103,0.000081,-0.017217,0.001303,-0.000281,-0.002446,0.003644,-0.005087,0.000801,0.018512,-0.000628,0.003056,-0.000171,0.022725
0.000917,0.001185,0.003955,-0.000532,0.002270,-0.001747,0.018054,0.074313,-0.001419,-0.007738,0.002429,0.002292,0.001471,-0.004173,0.003477,-0.004311,-0.000014,-0.000231,-0.000305,-0.000034,-0.001551,0.002873,0.010911,0.000235,0.001551,0.000150,0.000531,-0.000282,0.000108,0.006626,-0.005052,0.001311,0.004458,0.000831,-0.004436,0.002303,-0.002078,-0.000949,0.005099,0.000071,0.009876
0.058600,-0.089903,0.210992,-0.000321,0.097201,0.150856,0.119938,1.162721,0.020014,-0.022042,0.129541,0.010188,0.054350,-0.088730,0.061914,0.324874,0.000879,-0.002847,-0.000067,-0.002235,-0.011581,0.010911,1.143267,-0.000911,0.016887,0.009570,0.012534,-0.001967,-0.000625,1.144613,-0.020937,0.060576,0.044125,0.161530,-0.031152,0.011764,-0.017565,0.001488,0.047689,0.004352,0.255561
-0.001318,-0.002023,0.015137,-0.000120,-0.003552,-0.002109,0.001994,-0.029493,0.000504,0.002139,-0.006646,-0.001678,0.004720,-0.000173,-0.002776,-0.016130,0.000350,-0.000070,-0.000000,-0.000624,-0.000022,0.000235,-0.000911,0.019880,0.000554,-0.000207,0.001241,0.000026,0.006210,-0.004528,0.002177,-0.001691,-0.000340,-0.010526,-0.006027,0.018542,-0.000918,-0.004271,0.030151,0.000073,0.008958
0.001691,-0.000356,0.019220,-0.000469,0.012335,0.006060,0.022142,0.053083,-0.004306,-0.012862,0.001236,0.002499,0.005781,-0.000908,0.000915,-0.033271,0.000220,-0.000377,-0.000120,-0.002449,0.001041,0.001551,0.016887,0.000554,0.035147,-0.000068,-0.001124,-0.000357,-0.000397,-0.030772,-0.016562,-0.001075,0.018586,0.000432,-0.006985,0.002826,0.000602,-0.000295,0.007405,-0.000681,0.042659
0.000343,-0.000030,-0.001173,-0.000004,0.011952,0.001301,0.008006,0.019790,0.000416,-0.007154,0.004600,0.000029,-0.000695,-0.002746,-0.001181,0.015921,-0.000043,0.000002,0.000003,0.000090,-0.000272,0.000150,0.009570,-0.000207,-0.000068,0.007736,0.000146,0.000172,-0.000045,0.025316,0.004153,-0.000225,-0.000702,0.010105,0.005304,0.000222,-0.001319,0.000536,0.001425,-0.000083,-0.001486
0.012270,-0.003972,0.006336,0.001875,0.026092,0.007061,0.033370,0.103383,0.000104,0.017444,0.026052,-0.000683,0.005237,-0.004875,0.014916,0.047889,0.000084,-0.000128,-0.001028,0.002262,0.002031,0.000531,0.012534,0.001241,-0.001124,0.000146,0.015042,0.000176,0.000754,0.126647,-0.001872,0.003181,0.007764,0.022944,-0.000597,0.010333,0.000679,0.004757,0.017857,0.001310,0.006406
-0.001448,-0.000991,0.000417,0.000014,-0.002251,0.000278,-0.001880,-0.012735,-0.001078,-0.001910,-0.001001,-0.000367,-0.001559,-0.000467,-0.002952,-0.002618,0.000106,-0.000001,0.000546,0.000109,0.000103,-0.000282,-0.001967,0.000026,-0.000357,0.000172,0.000176,0.006259,-0.000016,0.004220,-0.000454,-0.000094,-0.000117,-0.004181,0.003504,-0.002891,0.003435,-0.001674,0.004344,0.000009,0.000869
0.000534,0.000488,0.000088,-0.000637,-0.003253,0.000452,-0.000236,0.003736,-0.000669,0.000992,-0.002417,0.001953,0.000745,-0.000023,0.000258,-0.000630,0.000026,-0.000031,-0.000073,-0.000196,0.000081,0.000108,-0.000625,0.006210,-0.000397,-0.000045,0.000754,-0.000016,0.010208,-0.009293,-0.000944,-0.000936,0.004730,-0.003890,-0.002955,0.007924,0.000391,-0.001143,0.017851,0.000079,0.004089
0.333956,0.096005,-0.011535,0.152316,1.798584,0.069956,1.615808,2.792142,-0.259524,2.733814,1.261499,-0.900643,0.300186,0.262845,0.710985,5.089205,0.017773,-0.007796,-0.000190,0.507292,-0.017217,0.006626,1.144613,-0.004528,-0.030772,0.025316,0.126647,0.004220,-0.009293,66.305997,0.796791,-0.125930,0.347396,1.897784,0.028322,0.112619,0.376584,0.028625,0.465549,0.043426,0.371346
-0.001581,-0.000161,-0.008257,0.004789,0.137380,0.014665,-0.105024,-0.304435,0.055879,0.109531,0.047097,-0.031806,0.085840,0.130667,0.042435,0.150848,-0.001452,0.000116,0.003000,-0.013310,0.001303,-0.005052,-0.020937,0.002177,-0.016562,0.004153,-0.001872,-0.000454,-0.000944,0.796791,1.526017,-0.027880,-0.039131,0.058427,0.001710,0.020502,-0.038258,-0.008890,0.067483,-0.002894,-0.056025
0.014724,-0.002316,0.000373,-0.001565,-0.004621,0.048688,-0.025148,-0.004283,-0.006746,-0.025737,0.004365,0.005009,0.003943,-0.019429,0.022340,-0.004453,-0.000168,-0.000343,-0.000010,-0.002789,-0.000281,0.001311,0.060576,-0.001691,-0.001075,-0.000225,0.003181,-0.000094,-0.000936,-0.125930,-0.027880,0.147361,-0.005924,0.009306,0.000457,-0.000613,-0.005093,-0.011081,0.003804,0.000706,0.081802
0.021110,0.000123,0.004453,0.002774,0.076685,-0.013906,0.277146,0.678733,0.006118,-0.017653,0.069797,-0.013781,0.026187,-0.023414,0.033445,0.126556,0.000450,-0.001974,-0.000218,0.008776,-0.002446,0.004458,0.044125,-0.000340,0.018586,-0.000702,0.007764,-0.000117,0.004730,0.347396,-0.039131,-0.005924,0.470375,0.048397,0.023930,0.022225,-0.002764,0.024335,0.054872,-0.000391,0.080209
0.011019,0.001710,-0.023841,0.042308,0.465752,0.015418,0.137369,0.409019,0.005246,-0.006167,0.581434,0.013600,0.005599,-0.044259,0.075990,0.108398,-0.000436,0.000388,-0.000254,0.056140,0.003644,0.000831,0.161530,-0.010526,0.000432,0.010105,0.022944,-0.004181,-0.003890,1.897784,0.058427,0.009306,0.048397,1.708072,0.101173,-0.014860,-0.019868,0.255906,-0.020693,0.000668,-0.024518
0.006289,0.000799,-0.035642,0.004321,0.118139,-0.010872,0.075033,-0.104964,-0.021285,0.052207,0.138769,-0.032661,-0.005511,0.017624,0.015182,0.062172,0.001147,0.001801,0.005088,-0.001452,-0.005087,-0.004436,-0.031152,-0.006027,-0.006985,0.005304,-0.000597,0.003504,-0.002955,0.028322,0.001710,0.000457,0.023930,0.101173,0.513318,-0.009541,0.006866,0.060629,-0.025384,-0.004330,-0.054709
0.021335,-0.014471,0.051843,0.000966,0.011305,0.004369,0.093629,0.031793,-0.012725,0.023999,0.001667,-0.003029,0.029981,-0.006226,0.030930,0.019644,0.000513,-0.000910,-0.001319,0.001723,0.000801,0.002303,0.011764,0.018542,0.002826,0.000222,0.010333,-0.002891,0.007924,0.112619,0.020502,-0.000613,0.022225,-0.014860,-0.009541,0.392440,-0.000363,-0.000544,0.218826,0.000147,0.061915
0.013195,0.037054,0.022185,-0.001149,-0.023143,0.032231,-0.022226,-0.118653,-0.002989,0.053826,-0.022860,-0.013961,0.000970,0.008016,0.019484,0.009234,0.002737,0.000497,0.000760,0.004542,0.018512,-0.002078,-0.017565,-0.000918,0.000602,-0.001319,0.000679,0.003435,0.000391,0.376584,-0.038258,-0.005093,-0.002764,-0.019868,0.006866,-0.000363,0.133382,-0.000349,-0.017739,-0.000721,0.026978
0.008685,0.019873,0.005717,0.021520,0.216365,-0.015123,-0.000181,0.055240,-0.010762,-0.026593,0.214718,-0.005399,-0.009295,-0.012626,0.011758,-0.065648,0.000441,0.001235,0.000004,0.006824,-0.000628,-0.000949,0.001488,-0.004271,-0.000295,0.000536,0.004757,-0.001674,-0.001143,0.028625,-0.008890,-0.011081,0.024335,0.255906,0.060629,-0.000544,-0.000349,0.370128,-0.015080,-0.000016,-0.013599
0.046503,-0.014001,0.130501,0.000363,0.009902,0.009343,0.094131,0.301400,0.000079,0.035827,0.079197,0.005110,0.067352,0.003845,0.042974,-0.001917,0.001356,-0.001466,-0.000594,0.004401,0.003056,0.005099,0.047689,0.030151,0.007405,0.001425,0.017857,0.004344,0.017851,0.465549,0.067483,0.003804,0.054872,-0.020693,-0.025384,0.218826,-0.017739,-0.015080,0.737241,0.003061,0.115314
0.001053,-0.001297,-0.001783,-0.000052,0.002158,-0.002634,0.010057,0.035674,-0.000770,0.000514,-0.002162,-0.004579,0.002712,-0.001234,0.004888,0.014741,0.000097,0.000008,-0.000027,-0.000323,-0.000171,0.000071,0.004352,0.000073,-0.000681,-0.000083,0.001310,0.000009,0.000079,0.043426,-0.002894,0.000706,-0.000391,0.000668,-0.004330,0.000147,-0.000721,-0.000016,0.003061,0.013017,0.008660
0.049748,-0.021656,0.247772,0.006722,0.029402,0.144574,0.149518,0.353995,-0.023802,-0.068189,0.015390,-0.021386,0.053069,-0.012948,0.034200,-0.038161,0.003735,-0.002354,-0.000864,-0.004298,0.022725,0.009876,0.255561,0.008958,0.042659,-0.001486,0.006406,0.000869,0.004089,0.371346,-0.056025,0.081802,0.080209,-0.024518,-0.054709,0.061915,0.026978,-0.013599,0.115314,0.008660,0.764621
