0.097810,0.001134,0.015226,0.000881,0.029698,0.026226,0.052708,0.321864,0.013247,0.034274,0.017631,-0.011730,0.013360,-0.005494,0.042324,0.094363,0.001018,-0.000675,-0.000007,0.005473,0.008536,0.001017,0.070093,0.001396,0.002019,0.000313,0.012467,-0.003899,0.000370,0.317437,0.001289,0.011038,0.031878,0.018378,0.007822,0.024313,0.002450,0.013087,0.062673,0.001146,0.040327
0.001134,0.154691,0.022793,-0.003886,-0.067125,-0.001698,-0.031325,-0.073758,0.007658,0.034011,-0.064214,-0.005188,-0.003550,0.016435,0.014080,-0.000643,0.001233,0.000595,0.000993,0.006613,0.004663,0.000927,-0.071141,-0.003361,0.001032,-0.001725,-0.002744,-0.001831,0.000026,0.048943,-0.032794,-0.001262,-0.000009,-0.003692,0.006786,-0.007526,0.028811,0.015812,-0.010548,-0.001307,0.004935
0.015226,0.022793,0.302378,0.009880,-0.010506,0.026839,0.088987,0.073036,0.011046,-0.026924,0.074159,-0.008415,0.026675,-0.007291,0.025633,-0.023326,0.004574,-0.000211,0.000084,-0.002547,0.008828,0.002174,0.058456,0.004011,0.011790,-0.001435,0.003721,-0.000409,0.000487,-0.026370,-0.007816,0.001382,0.011115,-0.008626,-0.016406,0.062497,0.020617,0.015204,0.063114,-0.000989,0.069095
0.000881,-0.003886,0.009880,0.036892,0.063130,-0.002577,0.030764,-0.020143,-0.006096,0.004145,0.052786,-0.006449,0.002257,0.000472,0.010999,-0.001218,0.000085,0.000264,0.005087,-0.000277,-0.000766,-0.000551,-0.001437,-0.000096,-0.000541,0.000040,0.001992,-0.000047,-0.000468,0.167932,0.003742,-0.000823,0.002436,0.049031,0.003113,-0.001166,-0.001073,0.028847,0.000450,0.000032,0.005825
0.029698,-0.067125,-0.010506,0.063130,1.662957,0.056665,0.167017,0.035121,-0.028244,0.167370,0.521757,0.015375,0.027618,-0.002712,0.100225,0.367563,-0.000669,-0.000200,0.000156,0.010707,0.002649,0.002196,0.049712,-0.001610,-0.001457,0.013107,0.027494,-0.000589,-0.002120,1.587119,0.118372,-0.007987,0.078012,0.503317,0.126378,0.007053,-0.026447,0.306513,-0.002055,-0.003268,-0.007462
0.026226,-0.001698,0.026839,-0.002577,0.056665,0.235210,-0.021672,-0.029103,0.241426,0.017888,-0.021024,0.004383,0.015520,0.002037,0.037915,0.192909,0.000754,0.000088,0.000068,-0.001691,0.008544,0.001007,0.062215,0.000019,0.002518,0.001773,0.007753,-0.000108,-0.000190,0.108983,0.024246,0.020214,-0.013119,0.013993,0.010193,0.003883,-0.003472,-0.015745,0.009002,-0.001818,0.039130
0.052708,-0.031325,0.088987,0.030764,0.167017,-0.021672,1.701888,1.462330,0.133139,0.006387,0.150316,-0.052731,0.047260,-0.065143,0.131378,0.388971,-0.001372,-0.004219,-0.004417,0.021852,-0.015284,0.014724,0.084794,0.004489,0.012402,0.019722,0.034058,-0.000468,-0.000024,1.505995,-0.108322,-0.012845,0.325303,0.146710,0.058447,0.098632,-0.027489,0.008598,0.103518,-0.000992,0.106413
0.321864,-0.073758,0.073036,-0.020143,0.035121,-0.029103,1.462330,27.805184,-0.226195,-0.383642,-0.143892,-0.073113,0.105923,-0.259405,0.467715,0.427607,-0.011740,-0.027686,-0.000010,0.017792,-0.064225,0.081949,1.305643,-0.012624,0.095541,0.008050,0.118913,-0.022065,0.016746,2.392461,-0.280557,0.003233,0.766886,0.522221,-0.186895,0.070141,-0.103418,0.037222,0.294424,0.036380,0.294238
0.013247,0.007658,0.011046,-0.006096,-0.028244,0.241426,0.133139,-0.226195,1.367550,-0.000922,-0.081172,0.017622,0.007508,0.045253,0.098997,-0.004832,-0.001873,0.000076,-0.003425,-0.007019,0.001987,-0.000234,0.008522,0.000470,-0.006408,0.001542,0.000571,-0.000007,-0.000915,-0.102718,0.140266,-0.004372,0.020587,0.044246,-0.009515,-0.011895,-0.016940,0.005929,0.024873,-0.000756,-0.016887
0.034274,0.034011,-0.026924,0.004145,0.167370,0.017888,0.006387,-0.383642,-0.000922,1.246061,-0.018645,-0.057365,0.028121,0.068625,0.098196,0.581682,0.002360,0.000504,-0.000091,0.003253,-0.000854,-0.005347,0.005243,0.004193,-0.015017,-0.007277,0.019236,-0.001059,0.001475,2.686959,0.117247,-0.016667,-0.016284,-0.006592,0.068520,0.028988,0.053003,0.014253,0.039335,0.000433,-0.034320
0.017631,-0.064214,0.074159,0.052786,0.521757,-0.021024,0.150316,-0.143892,-0.081172,-0.018645,4.436262,-0.012998,0.021589,0.002884,0.171425,-0.066873,0.000395,-0.000878,-0.000427,0.010264,-0.003440,0.001530,0.054971,-0.004134,-0.004874,0.007496,0.029434,-0.002142,-0.004123,0.411110,0.077832,-0.013679,0.081343,0.617645,0.098835,0.017979,-0.044410,0.200265,0.091028,-0.002529,-0.000925
-0.011730,-0.005188,-0.008415,-0.006449,0.015375,0.004383,-0.052731,-0.073113,0.017622,-0.057365,-0.012998,0.166910,-0.001528,-0.004318,-0.011462,-0.181488,-0.001993,0.000077,0.000081,0.001746,-0.004573,0.003493,0.013780,-0.001128,0.003875,-0.000079,-0.001134,-0.000271,0.001205,-0.822518,-0.027359,0.006171,-0.011026,0.028670,-0.030378,-0.009920,-0.015760,-0.001981,0.008311,-0.004399,-0.030440
0.013360,-0.003550,0.026675,0.002257,0.027618,0.015520,0.047260,0.105923,0.007508,0.028121,0.021589,-0.001528,0.082187,0.008689,0.022120,0.037589,0.000579,-0.000454,0.000009,0.001116,0.001796,0.001036,0.042026,0.005380,0.003608,0.000229,0.006475,-0.001480,0.000843,0.291182,0.067480,0.002967,0.034768,0.017254,0.002527,0.035590,-0.001560,0.000366,0.065324,0.001272,0.041652
-0.005494,0.016435,-0.007291,0.000472,-0.002712,0.002037,-0.065143,-0.259405,0.045253,0.068625,0.002884,-0.004318,0.008689,0.217120,0.008235,0.068227,-0.000135,0.000531,0.000027,-0.002424,0.003238,-0.003139,-0.093109,-0.001929,-0.001850,-0.001263,-0.003676,-0.001154,-0.000223,0.335125,0.121998,-0.021062,-0.018355,-0.048269,0.014461,-0.007947,0.003913,-0.015683,0.006716,-0.001228,-0.014120
0.042324,0.014080,0.025633,0.010999,0.100225,0.037915,0.131378,0.467715,0.098997,0.098196,0.171425,-0.011462,0.022120,0.008235,0.279633,0.166714,0.000805,-0.000589,-0.000079,0.006122,0.013714,0.003599,0.049959,-0.000450,-0.000465,0.001709,0.015340,-0.005428,-0.000164,0.533479,0.037231,0.007146,0.044323,0.063196,0.005655,0.029693,0.009276,0.016770,0.046538,0.002678,0.060115
0.094363,-0.000643,-0.023326,-0.001218,0.367563,0.192909,0.388971,0.427607,-0.004832,0.581682,-0.066873,-0.181488,0.037589,0.068227,0.166714,4.441909,0.003596,0.000252,-0.001522,0.013384,-0.004801,-0.004562,0.295945,-0.000175,-0.039306,0.020712,0.054167,-0.003572,0.000345,4.922737,0.120720,-0.004035,0.120821,0.108468,0.073688,-0.009903,0.023357,-0.065812,0.004151,0.015129,0.015350
0.001018,0.001233,0.004574,0.000085,-0.000669,0.000754,-0.001372,-0.011740,-0.001873,0.002360,0.000395,-0.001993,0.000579,-0.000135,0.000805,0.003596,0.000901,0.000071,0.000002,0.000240,0.001314,-0.000156,-0.001439,0.000206,0.000342,-0.000030,0.000204,0.000051,0.000040,0.018896,-0.001968,-0.000305,0.000590,-0.000478,0.001607,0.000541,0.002903,0.000518,0.001206,0.000077,0.008226
-0.000675,0.000595,-0.000211,0.000264,-0.000200,0.000088,-0.004219,-0.027686,0.000076,0.000504,-0.000878,0.000077,-0.000454,0.000531,-0.000589,0.000252,0.000071,0.000267,-0.000001,-0.000030,0.000235,-0.000200,-0.002621,-0.000077,-0.000418,0.000021,-0.000165,-0.000002,-0.000020,-0.006548,0.000336,-0.000135,-0.001928,0.000253,0.001788,-0.000823,0.000719,0.001651,-0.001418,0.000004,-0.001615
-0.000007,0.000993,0.000084,0.005087,0.000156,0.000068,-0.004417,-0.000010,-0.003425,-0.000091,-0.000427,0.000081,0.000009,0.000027,-0.000079,-0.001522,0.000002,-0.000001,0.005257,-0.000013,-0.000123,-0.000297,0.000015,0.000027,0.000028,-0.000003,-0.000502,0.000011,-0.000075,0.000365,0.004321,0.000004,-0.000138,-0.000071,-0.000120,-0.001315,-0.000031,0.000039,0.000197,-0.000005,-0.000015
0.005473,0.006613,-0.002547,-0.000277,0.010707,-0.001691,0.021852,0.017792,-0.007019,0.003253,0.010264,0.001746,0.001116,-0.002424,0.006122,0.013384,0.000240,-0.000030,-0.000013,0.034187,-0.000604,0.000063,-0.001090,-0.000537,-0.001371,0.000079,0.001986,0.000111,-0.000123,0.302470,-0.007123,-0.000979,0.009003,0.032863,-0.003070,0.000704,0.003210,0.003970,0.001766,-0.000222,-0.000544
0.008536,0.004663,0.008828,-0.000766,0.002649,0.008544,-0.015284,-0.064225,0.001987,-0.000854,-0.003440,-0.004573,0.001796,0.003238,0.013714,-0.004801,0.001314,0.000235,-0.000123,-0.000604,0.027109,-0.001802,-0.016875,-0.000155,0.000753,-0.000290,0.002124,-0.000193,0.000046,-0.014115,0.004029,-0.000359,-0.003324,0.001466,-0.004841,0.001269,0.018528,-0.001038,0.003306,-0.000131,0.037083
0.001017,0.000927,0.002174,-0.000551,0.002196,0.001007,0.014724,0.081949,-0.000234,-0.005347,0.001530,0.003493,0.001036,-0.003139,0.003599,-0.004562,-0.000156,-0.000200,-0.000297,0.000063,-0.001802,0.002864,0.009462,0.000300,0.001903,0.000114,0.000638,-0.000456,0.000092,0.011356,-0.004111,0.000536,0.005441,0.001493,-0.005539,0.002208,-0.002541,-0.001381,0.005930,0.000017,0.005763
0.070093,-0.071141,0.058456,-0.001437,0.049712,0.062215,0.084794,1.305643,0.008522,0.005243,0.054971,0.013780,0.042026,-0.093109,0.049959,0.295945,-0.001439,-0.002621,0.000015,-0.001090,-0.016875,0.009462,1.238538,0.011772,0.011899,0.010192,0.022188,-0.000723,-0.001815,0.921311,-0.072432,0.077674,0.051571,0.130973,-0.032011,0.013198,-0.021509,-0.005307,0.056253,0.004246,0.130018
0.001396,-0.003361,0.004011,-0.000096,-0.001610,0.000019,0.004489,-0.012624,0.000470,0.004193,-0.004134,-0.001128,0.005380,-0.001929,-0.000450,-0.000175,0.000206,-0.000077,0.000027,-0.000537,-0.000155,0.000300,0.011772,0.022215,0.000580,-0.000161,0.001294,0.000072,0.006199,-0.011560,-0.004074,-0.000265,0.000274,-0.007354,-0.004246,0.018997,-0.000606,-0.003490,0.029835,0.000049,0.011336
0.002019,0.001032,0.011790,-0.000541,-0.001457,0.002518,0.012402,0.095541,-0.006408,-0.015017,-0.004874,0.003875,0.003608,-0.001850,-0.000465,-0.039306,0.000342,-0.000418,0.000028,-0.001371,0.000753,0.001903,0.011899,0.000580,0.039428,-0.000276,-0.001404,-0.000376,-0.000411,0.008326,-0.020885,-0.001255,0.024251,0.000536,-0.008611,0.002177,0.000893,-0.003232,0.009850,-0.000612,0.027367
0.000313,-0.001725,-0.001435,0.000040,0.013107,0.001773,0.019722,0.008050,0.001542,-0.007277,0.007496,-0.000079,0.000229,-0.001263,0.001709,0.020712,-0.000030,0.000021,-0.000003,0.000079,-0.000290,0.000114,0.010192,-0.000161,-0.000276,0.010231,0.000260,0.000135,-0.000056,0.026541,0.005288,-0.000214,0.003233,0.010335,0.006093,-0.000125,-0.001417,0.002343,0.001580,-0.000129,-0.002277
0.012467,-0.002744,0.003721,0.001992,0.027494,0.007753,0.034058,0.118913,0.000571,0.019236,0.029434,-0.001134,0.006475,-0.003676,0.015340,0.054167,0.000204,-0.000165,-0.000502,0.001986,0.002124,0.000638,0.022188,0.001294,-0.001404,0.000260,0.016845,0.000772,0.000592,0.124443,-0.001667,0.002661,0.012004,0.023293,0.000581,0.009528,0.001924,0.003925,0.018862,0.001316,0.015371
-0.003899,-0.001831,-0.000409,-0.000047,-0.000589,-0.000108,-0.000468,-0.022065,-0.000007,-0.001059,-0.002142,-0.000271,-0.001480,-0.001154,-0.005428,-0.003572,0.000051,-0.000002,0.000011,0.000111,-0.000193,-0.000456,-0.000723,0.000072,-0.000376,0.000135,0.000772,0.007901,0.000039,-0.000155,-0.000583,-0.000209,0.000508,-0.002285,-0.000491,-0.005331,0.004335,-0.001469,0.000619,0.000039,0.000802
0.000370,0.000026,0.000487,-0.000468,-0.002120,-0.000190,-0.000024,0.016746,-0.000915,0.001475,-0.004123,0.001205,0.000843,-0.000223,-0.000164,0.000345,0.000040,-0.000020,-0.000075,-0.000123,0.000046,0.000092,-0.001815,0.006199,-0.000411,-0.000056,0.000592,0.000039,0.010226,-0.010876,-0.000669,-0.000733,0.003883,-0.001434,-0.002709,0.008031,0.000395,-0.001716,0.017699,0.000073,0.003521
0.317437,0.048943,-0.026370,0.167932,1.587119,0.108983,1.505995,2.392461,-0.102718,2.686959,0.411110,-0.822518,0.291182,0.335125,0.533479,4.922737,0.018896,-0.006548,0.000365,0.302470,-0.014115,0.011356,0.921311,-0.011560,0.008326,0.026541,0.124443,-0.000155,-0.010876,63.522196,0.667235,-0.114612,0.409185,1.604311,-0.185375,0.129240,0.377220,-0.016510,0.385163,0.037611,0.410556
0.001289,-0.032794,-0.007816,0.003742,0.118372,0.024246,-0.108322,-0.280557,0.140266,0.117247,0.077832,-0.027359,0.067480,0.121998,0.037231,0.120720,-0.001968,0.000336,0.004321,-0.007123,0.004029,-0.004111,-0.072432,-0.004074,-0.020885,0.005288,-0.001667,-0.000583,-0.000669,0.667235,1.371539,-0.007813,-0.042353,0.095472,0.012785,0.013610,-0.031757,0.012287,0.056735,-0.003565,-0.033129
0.011038,-0.001262,0.001382,-0.000823,-0.007987,0.020214,-0.012845,0.003233,-0.004372,-0.016667,-0.013679,0.006171,0.002967,-0.021062,0.007146,-0.004035,-0.000305,-0.000135,0.000004,-0.000979,-0.000359,0.000536,0.077674,-0.000265,-0.001255,-0.000214,0.002661,-0.000209,-0.000733,-0.114612,-0.007813,0.090213,-0.005475,0.006657,-0.006301,0.002492,-0.003098,-0.008891,-0.003602,-0.000127,0.036834
0.031878,-0.000009,0.011115,0.002436,0.078012,-0.013119,0.325303,0.766886,0.020587,-0.016284,0.081343,-0.011026,0.034768,-0.018355,0.044323,0.120821,0.000590,-0.001928,-0.000138,0.009003,-0.003324,0.005441,0.051571,0.000274,0.024251,0.003233,0.012004,0.000508,0.003883,0.409185,-0.042353,-0.005475,0.611576,0.041671,0.027155,0.025039,0.004785,0.015851,0.082511,-0.000436,0.089980
0.018378,-0.003692,-0.008626,0.049031,0.503317,0.013993,0.146710,0.522221,0.044246,-0.006592,0.617645,0.028670,0.017254,-0.048269,0.063196,0.108468,-0.000478,0.000253,-0.000071,0.032863,0.001466,0.001493,0.130973,-0.007354,0.000536,0.010335,0.023293,-0.002285,-0.001434,1.604311,0.095472,0.006657,0.041671,1.645857,0.076090,-0.002083,-0.027973,0.262610,-0.011361,0.000107,-0.052763
0.007822,0.006786,-0.016406,0.003113,0.126378,0.010193,0.058447,-0.186895,-0.009515,0.068520,0.098835,-0.030378,0.002527,0.014461,0.005655,0.073688,0.001607,0.001788,-0.000120,-0.003070,-0.004841,-0.005539,-0.032011,-0.004246,-0.008611,0.006093,0.000581,-0.000491,-0.002709,-0.185375,0.012785,-0.006301,0.027155,0.076090,0.554013,0.002796,0.028437,0.087230,-0.021637,-0.004036,-0.032541
0.024313,-0.007526,0.062497,-0.001166,0.007053,0.003883,0.098632,0.070141,-0.011895,0.028988,0.017979,-0.009920,0.035590,-0.007947,0.029693,-0.009903,0.000541,-0.000823,-0.001315,0.000704,0.001269,0.002208,0.013198,0.018997,0.002177,-0.000125,0.009528,-0.005331,0.008031,0.129240,0.013610,0.002492,0.025039,-0.002083,0.002796,0.355523,-0.003126,0.006482,0.186620,0.000067,0.070498
0.002450,0.028811,0.020617,-0.001073,-0.026447,-0.003472,-0.027489,-0.103418,-0.016940,0.053003,-0.044410,-0.015760,-0.001560,0.003913,0.009276,0.023357,0.002903,0.000719,-0.000031,0.003210,0.018528,-0.002541,-0.021509,-0.000606,0.000893,-0.001417,0.001924,0.004335,0.000395,0.377220,-0.031757,-0.003098,0.004785,-0.027973,0.028437,-0.003126,0.129174,0.001250,-0.023903,-0.000034,0.019173
0.013087,0.015812,0.015204,0.028847,0.306513,-0.015745,0.008598,0.037222,0.005929,0.014253,0.200265,-0.001981,0.000366,-0.015683,0.016770,-0.065812,0.000518,0.001651,0.000039,0.003970,-0.001038,-0.001381,-0.005307,-0.003490,-0.003232,0.002343,0.003925,-0.001469,-0.001716,-0.016510,0.012287,-0.008891,0.015851,0.262610,0.087230,0.006482,0.001250,0.400232,-0.010781,-0.000314,-0.019046
0.062673,-0.010548,0.063114,0.000450,-0.002055,0.009002,0.103518,0.294424,0.024873,0.039335,0.091028,0.008311,0.065324,0.006716,0.046538,0.004151,0.001206,-0.001418,0.000197,0.001766,0.003306,0.005930,0.056253,0.029835,0.009850,0.001580,0.018862,0.000619,0.017699,0.385163,0.056735,-0.003602,0.082511,-0.011361,-0.021637,0.186620,-0.023903,-0.010781,0.681279,0.002774,0.103314
0.001146,-0.001307,-0.000989,0.000032,-0.003268,-0.001818,-0.000992,0.036380,-0.000756,0.000433,-0.002529,-0.004399,0.001272,-0.001228,0.002678,0.015129,0.000077,0.000004,-0.000005,-0.000222,-0.000131,0.000017,0.004246,0.000049,-0.000612,-0.000129,0.001316,0.000039,0.000073,0.037611,-0.003565,-0.000127,-0.000436,0.000107,-0.004036,0.000067,-0.000034,-0.000314,0.002774,0.011741,0.008964
0.040327,0.004935,0.069095,0.005825,-0.007462,0.039130,0.106413,0.294238,-0.016887,-0.034320,-0.000925,-0.030440,0.041652,-0.014120,0.060115,0.015350,0.008226,-0.001615,-0.000015,-0.000544,0.037083,0.005763,0.130018,0.011336,0.027367,-0.002277,0.015371,0.000802,0.003521,0.410556,-0.033129,0.036834,0.089980,-0.052763,-0.032541,0.070498,0.019173,-0.019046,0.103314,0.008964,0.814463
