0.000414,0.000231,0.000262,0.000278,0.000282,-0.000018,-0.000012,-0.000122,-0.000137,0.000043,0.000039,0.000024,0.000036,-0.000009,0.000478,0.000281,0.000233,0.000033,-0.000324,-0.000095,0.000059,-0.000403,-0.000398,-0.000950,-0.000165,-0.000200,-0.000360,0.000161,-0.000127,-0.000054,-0.000342,-0.000289,-0.000185,-0.000409,-0.000181,0.000194,0.000370,0.000725,0.000607,-0.000071,-0.000290,0.000017,-0.000098,0.000023,0.000113,0.000158,-0.000148,-0.000066,-0.000052,-0.000009,-0.000006,0.000013,-0.000006,0.000007,0.000002,0.000008,-0.000017,0.000032,0.000006,0.000008
0.000231,0.001157,0.000650,0.000779,0.000529,0.000156,-0.000191,-0.000218,0.000061,0.001012,0.000387,-0.000827,0.000740,0.000498,0.001329,0.000134,-0.000255,0.000290,-0.000466,0.000569,0.000318,-0.000482,-0.000906,-0.001178,0.000316,-0.002133,-0.001762,-0.001527,-0.002724,0.000295,0.000814,0.000409,0.000212,-0.000785,0.001040,0.000062,-0.000301,0.002205,0.000343,0.000540,0.001357,0.000699,0.000821,0.000575,0.000831,0.000352,0.000565,0.000491,0.000078,0.000036,0.000055,0.000051,0.000049,0.000016,0.000059,0.000019,0.000044,0.000036,0.000060,0.000030
0.000262,0.000650,0.001545,0.001076,0.000726,0.000418,0.000227,0.000621,0.000076,0.000452,0.000818,-0.000657,0.000684,0.001416,0.000977,0.001768,0.000456,0.000593,0.000262,0.000995,0.000158,0.000993,0.002212,-0.000908,0.000273,-0.001620,-0.002091,-0.002330,-0.003699,-0.000294,-0.000920,-0.001038,-0.001625,-0.001706,-0.001263,0.000472,-0.000751,0.000081,0.000015,0.000395,0.001643,0.001358,-0.000956,0.000555,0.000619,0.000650,0.001068,0.000224,0.000347,0.000089,0.000118,0.000101,0.000041,0.000077,0.000114,0.000037,0.000043,0.000042,0.000056,0.000044
0.000278,0.000779,0.001076,0.002339,0.001037,0.000620,-0.000042,0.000275,0.000740,0.000572,0.000893,-0.001007,0.001108,0.000880,0.001128,0.001243,-0.000115,0.001065,-0.002339,-0.000090,-0.002109,0.000226,0.000926,-0.000398,0.000348,0.000395,-0.001075,0.000144,-0.001811,0.001388,0.001061,-0.001503,-0.000856,-0.001698,-0.000756,0.000185,-0.000158,0.000758,0.000209,0.000244,0.001825,0.001883,-0.000305,0.000136,0.000571,0.001002,0.000965,0.000457,0.000338,0.000051,0.000070,0.000105,0.000064,0.000036,0.000092,0.000037,0.000079,0.000006,0.000060,0.000108
0.000282,0.000529,0.000726,0.001037,0.003434,0.001105,0.000161,-0.000627,0.000425,0.000933,0.001641,0.001053,0.000625,0.002767,0.002725,0.003433,0.000293,0.002763,0.002649,0.001895,-0.002014,0.001129,0.002358,-0.000321,-0.001213,-0.002671,-0.000620,-0.000686,-0.003405,-0.001873,-0.001807,-0.001830,0.000092,-0.002133,-0.000652,-0.000685,-0.001387,-0.001010,-0.000199,-0.000477,0.001108,0.001226,-0.000264,-0.000685,0.000782,0.000772,0.000030,0.000406,-0.000217,-0.000145,0.000034,0.000055,0.000022,0.000054,0.000088,0.000004,-0.000009,0.000077,0.000014,0.000085
-0.000018,0.000156,0.000418,0.000620,0.001105,0.005287,0.002020,0.001540,0.001235,0.002535,0.002196,0.001157,-0.000608,0.004699,0.005496,0.005182,0.002432,0.002760,0.004751,0.001788,0.001280,0.000267,0.003458,0.001516,0.001937,-0.000520,-0.000880,-0.003008,0.000159,-0.001134,-0.000800,-0.001744,-0.002755,-0.002572,-0.004566,-0.001261,-0.002855,-0.000941,0.001133,0.001609,0.000276,0.000727,-0.000157,-0.000278,-0.000803,-0.000448,-0.000413,0.000057,0.000002,-0.000161,0.000038,0.000052,0.000043,0.000045,0.000028,0.000038,0.000013,0.000058,0.000063,0.000087
-0.000012,-0.000191,0.000227,-0.000042,0.000161,0.002020,0.005856,0.002927,0.000839,-0.000682,0.001679,-0.001285,0.000599,0.006240,0.005955,0.005810,0.001010,0.002660,0.008051,0.002246,0.003081,0.004121,0.004459,0.004746,-0.002285,-0.001581,-0.002239,-0.006062,-0.001484,-0.000402,-0.002166,-0.001361,-0.003411,-0.004559,-0.004548,-0.001313,-0.002512,-0.004351,-0.002337,-0.000855,-0.000974,0.000113,-0.001842,0.000564,-0.000881,0.000440,-0.000040,-0.000295,0.000049,0.000109,0.000035,0.000001,-0.000008,0.000082,0.000111,-0.000003,0.000064,0.000083,-0.000015,0.000045
-0.000122,-0.000218,0.000621,0.000275,-0.000627,0.001540,0.002927,0.008056,0.000127,0.000657,0.003917,-0.000830,0.001195,0.005170,0.005722,0.004899,0.003641,0.004462,0.005794,0.003600,0.003853,-0.001920,0.004434,0.003062,0.000976,-0.000816,-0.003097,-0.005396,-0.004347,-0.002154,-0.001788,0.000181,-0.003850,-0.003439,-0.005244,-0.003744,-0.002923,-0.000775,-0.001543,0.002197,0.001117,0.001125,0.000070,0.000951,-0.000294,0.000086,0.000657,0.000508,0.000599,0.000193,0.000097,0.000099,-0.000045,0.000046,0.000049,-0.000012,0.000048,0.000071,0.000015,0.000042
-0.000137,0.000061,0.000076,0.000740,0.000425,0.001235,0.000839,0.000127,0.013036,0.004978,0.005437,-0.002138,0.002558,-0.000347,0.000037,0.000113,0.002348,0.003192,0.000227,0.004349,-0.000432,-0.002833,0.001746,-0.001287,0.001121,-0.002183,0.002367,0.002448,-0.000086,0.001327,0.007540,0.002560,-0.004468,-0.001802,-0.006383,-0.004475,0.000343,-0.000152,-0.000200,0.002416,0.005332,-0.000498,0.000780,0.000986,0.000453,-0.000401,0.001602,0.000805,-0.000010,0.000081,-0.000147,0.000173,-0.000050,0.000064,0.000104,0.000013,0.000132,-0.000042,-0.000080,0.000002
0.000043,0.001012,0.000452,0.000572,0.000933,0.002535,-0.000682,0.000657,0.004978,0.020711,0.007639,0.002978,0.005833,-0.000216,0.000394,-0.001330,0.002128,0.000836,-0.005376,0.007307,0.001411,-0.015493,-0.004737,0.003110,0.006420,-0.003309,-0.001728,0.008214,0.002685,-0.000174,0.004148,0.000950,-0.003065,-0.002081,-0.001230,-0.007126,-0.003595,0.005381,0.001723,0.006205,0.004415,-0.001243,0.004655,0.000626,0.005202,0.001011,0.002526,0.001583,0.000870,-0.000262,-0.000089,0.000009,-0.000102,-0.000160,0.000046,-0.000025,0.000126,-0.000044,0.000023,-0.000059
0.000039,0.000387,0.000818,0.000893,0.001641,0.002196,0.001679,0.003917,0.005437,0.007639,0.022956,0.002768,0.001892,0.009296,0.008194,0.005352,0.003324,-0.000123,0.010234,0.006912,-0.001344,-0.002668,0.006566,0.010209,0.006698,-0.009564,0.002988,0.001796,-0.008462,-0.004283,-0.000565,-0.003245,-0.007267,-0.008451,-0.009582,-0.007583,-0.008454,-0.001662,-0.001661,-0.002232,-0.001099,0.001294,-0.000858,-0.001324,0.000924,0.000909,0.000936,0.001668,0.000085,0.000035,0.000008,0.000101,-0.000103,0.000061,0.000095,-0.000037,0.000151,0.000009,-0.000127,0.000088
0.000024,-0.000827,-0.000657,-0.001007,0.001053,0.001157,-0.001285,-0.000830,-0.002138,0.002978,0.002768,0.023317,0.004272,0.005879,0.001750,0.000074,0.000635,-0.004358,0.004746,0.000280,0.000741,-0.000830,0.000467,0.001268,0.007528,-0.001371,0.000197,0.007216,0.000604,0.002677,-0.001840,0.003083,-0.001659,0.005257,-0.003107,-0.006260,-0.004629,-0.004068,-0.002496,-0.000860,-0.003690,0.000078,0.004375,-0.000628,0.001571,0.001278,-0.000016,0.000136,-0.000571,-0.000153,0.000058,-0.000023,0.000135,-0.000034,-0.000065,0.000040,-0.000187,-0.000009,-0.000047,0.000006
0.000036,0.000740,0.000684,0.001108,0.000625,-0.000608,0.000599,0.001195,0.002558,0.005833,0.001892,0.004272,0.028258,0.006696,-0.002556,0.000812,0.007611,0.007103,0.001332,0.006857,0.000130,-0.006617,0.006173,-0.000572,0.000183,-0.006969,-0.006572,-0.002663,-0.000815,0.002604,0.004562,0.008736,-0.003455,0.001573,-0.002197,-0.004208,-0.005306,-0.000213,0.002014,0.004827,0.003575,0.003498,0.008366,0.001966,0.005857,0.003385,0.003227,0.002479,0.000299,-0.000133,0.000106,0.000272,0.000083,0.000188,0.000308,0.000008,0.000168,0.000024,0.000184,0.000012
-0.000009,0.000498,0.001416,0.000880,0.002767,0.004699,0.006240,0.005170,-0.000347,-0.000216,0.009296,0.005879,0.006696,0.042011,0.026270,0.026807,0.009841,0.010765,0.024824,0.009675,0.006101,0.014169,0.004613,0.002853,-0.004753,-0.007006,-0.009541,-0.020674,-0.012775,0.000798,-0.012649,-0.010672,-0.011324,-0.016416,-0.017758,-0.001793,-0.009908,-0.008689,-0.007009,-0.008402,-0.004654,0.001113,-0.005350,-0.001057,-0.004563,-0.001997,-0.000804,-0.000443,0.000043,-0.000213,0.000081,-0.000116,0.000106,0.000243,0.000175,-0.000009,0.000075,0.000324,0.000064,0.000147
0.000478,0.001329,0.000977,0.001128,0.002725,0.005496,0.005955,0.005722,0.000037,0.000394,0.008194,0.001750,-0.002556,0.026270,0.049609,0.024251,0.012149,0.008486,0.025156,0.013154,0.008737,0.013082,0.001659,0.009326,-0.003040,-0.011185,-0.011896,-0.020399,-0.015694,-0.002852,-0.018076,-0.009386,-0.011474,-0.015964,-0.011858,-0.004591,-0.006825,-0.005869,-0.004693,-0.004735,-0.004156,-0.000343,-0.004862,-0.000158,-0.002249,0.000041,-0.001279,-0.000258,0.000164,0.000077,0.000087,0.000070,0.000057,0.000191,0.000204,0.000003,0.000019,0.000320,0.000061,0.000221
0.000281,0.000134,0.001768,0.001243,0.003433,0.005182,0.005810,0.004899,0.000113,-0.001330,0.005352,0.000074,0.000812,0.026807,0.024251,0.078401,0.032553,0.020034,0.038204,0.020010,0.013011,0.017947,0.011236,0.014295,-0.021950,-0.016949,-0.014097,-0.035460,-0.028759,-0.012378,-0.022287,-0.020557,-0.016077,-0.017851,-0.015266,-0.001901,-0.008881,-0.002558,-0.008772,-0.006281,-0.006674,-0.003307,-0.013267,-0.000754,-0.009235,-0.003905,-0.003259,-0.001158,-0.000037,-0.000005,-0.000085,-0.000186,-0.000213,0.000502,0.000223,0.000012,0.000126,0.000482,0.000281,0.000263
0.000233,-0.000255,0.000456,-0.000115,0.000293,0.002432,0.001010,0.003641,0.002348,0.002128,0.003324,0.000635,0.007611,0.009841,0.012149,0.032553,0.074679,0.019453,0.024148,0.014989,0.019476,0.005913,0.010390,0.011525,-0.009990,-0.001932,-0.007723,-0.010403,-0.006429,0.004871,0.000123,0.005991,-0.002120,-0.003794,-0.003747,-0.008807,-0.001094,0.000233,-0.001614,-0.001825,0.000020,0.000966,-0.001616,0.000814,-0.000598,0.001370,0.000778,-0.000111,-0.001070,-0.000018,-0.000224,0.000234,0.000004,0.000372,0.000145,0.000081,0.000192,0.000365,0.000036,0.000139
0.000033,0.000290,0.000593,0.001065,0.002763,0.002760,0.002660,0.004462,0.003192,0.000836,-0.000123,-0.004358,0.007103,0.010765,0.008486,0.020034,0.019453,0.080496,0.019122,0.015376,0.016979,0.020085,0.023409,0.013316,-0.009541,-0.009744,-0.012859,-0.021080,-0.013223,-0.007431,-0.002741,-0.003242,-0.001934,-0.009382,-0.001981,-0.003548,0.005949,0.005890,0.005054,0.005880,0.000929,-0.000688,-0.000441,0.002967,-0.007595,-0.001618,-0.003188,-0.002165,-0.000495,0.000263,-0.000571,0.000245,0.000189,0.000453,0.000495,-0.000016,0.000257,0.000282,0.000222,0.000173
-0.000324,-0.000466,0.000262,-0.002339,0.002649,0.004751,0.008051,0.005794,0.000227,-0.005376,0.010234,0.004746,0.001332,0.024824,0.025156,0.038204,0.024148,0.019122,0.100056,0.030129,0.026634,0.012812,0.009553,0.015672,-0.027852,-0.021875,-0.018576,-0.033824,-0.007111,-0.009584,-0.010521,-0.012929,-0.022240,-0.010367,-0.025061,-0.015500,-0.010783,-0.003579,-0.014290,-0.009774,-0.006914,-0.003465,-0.008998,-0.003329,-0.006941,-0.001557,0.000116,-0.000072,-0.001579,0.000175,-0.000076,-0.000234,-0.000101,0.000448,0.000125,-0.000160,-0.000133,0.000515,-0.000119,0.000085
-0.000095,0.000569,0.000995,-0.000090,0.001895,0.001788,0.002246,0.003600,0.004349,0.007307,0.006912,0.000280,0.006857,0.009675,0.013154,0.020010,0.014989,0.015376,0.030129,0.104118,0.037394,0.009655,0.011953,0.013143,-0.005089,-0.020847,-0.002976,-0.026822,-0.006502,0.000005,-0.011402,-0.006105,-0.022254,-0.007351,-0.008827,-0.018272,-0.004079,-0.005839,0.001069,-0.003173,-0.000793,-0.004885,-0.003225,-0.002012,-0.000484,0.004154,-0.000789,-0.000977,-0.000984,0.000051,-0.000001,0.000147,-0.000199,0.000265,0.000008,0.000077,-0.000009,0.000026,-0.000148,0.000034
0.000059,0.000318,0.000158,-0.002109,-0.002014,0.001280,0.003081,0.003853,-0.000432,0.001411,-0.001344,0.000741,0.000130,0.006101,0.008737,0.013011,0.019476,0.016979,0.026634,0.037394,0.126637,0.018687,0.018396,0.021126,-0.018092,-0.027028,-0.023523,-0.030817,-0.021425,-0.012758,-0.015747,-0.004528,-0.016482,-0.002920,-0.003738,-0.012116,-0.005485,0.001363,0.005642,-0.006099,-0.003030,-0.004793,-0.010650,-0.000989,-0.002834,0.000298,-0.003328,-0.003218,-0.001133,0.000867,-0.000268,0.000160,-0.000186,0.000197,0.000342,0.000321,0.000225,0.000316,-0.000011,0.000099
-0.000403,-0.000482,0.000993,0.000226,0.001129,0.000267,0.004121,-0.001920,-0.002833,-0.015493,-0.002668,-0.000830,-0.006617,0.014169,0.013082,0.017947,0.005913,0.020085,0.012812,0.009655,0.018687,0.141302,0.041914,0.037297,-0.001599,0.000235,-0.007204,-0.026496,-0.018170,-0.015177,-0.033208,-0.011308,-0.017619,-0.010554,-0.002724,0.007453,0.000544,-0.011051,0.003370,-0.005799,-0.003595,-0.003286,-0.021126,-0.001359,-0.011815,0.005336,-0.001379,-0.005593,0.000719,0.000946,-0.000146,-0.000838,0.000195,0.000280,0.000509,0.000230,0.000235,0.000390,0.000166,0.000435
-0.000398,-0.000906,0.002212,0.000926,0.002358,0.003458,0.004459,0.004434,0.001746,-0.004737,0.006566,0.000467,0.006173,0.004613,0.001659,0.011236,0.010390,0.023409,0.009553,0.011953,0.018396,0.041914,0.134111,0.017519,-0.010011,-0.001603,-0.009716,-0.013218,-0.016441,-0.017284,-0.015074,-0.000910,-0.012903,0.002253,-0.009966,0.009021,-0.000879,-0.015431,0.004781,-0.009022,0.002160,-0.000102,-0.007472,-0.001497,-0.005572,0.005020,-0.000307,0.000333,-0.000167,0.000445,-0.000030,0.000105,0.000122,0.000483,0.000546,0.000161,0.000090,0.000361,0.000021,0.000133
-0.000950,-0.001178,-0.000908,-0.000398,-0.000321,0.001516,0.004746,0.003062,-0.001287,0.003110,0.010209,0.001268,-0.000572,0.002853,0.009326,0.014295,0.011525,0.013316,0.015672,0.013143,0.021126,0.037297,0.017519,0.141501,0.020074,0.006545,-0.002558,-0.021848,-0.023883,-0.021001,-0.014617,-0.019849,-0.019933,-0.009786,-0.020945,-0.005532,-0.009939,-0.013353,-0.007021,-0.010838,-0.017295,-0.006092,-0.014645,0.002546,-0.006718,0.000719,-0.002336,0.000715,-0.000469,0.000056,-0.000668,-0.000691,-0.000110,0.000100,0.000005,-0.000424,-0.000074,0.000012,-0.000375,0.000042
-0.000165,0.000316,0.000273,0.000348,-0.001213,0.001937,-0.002285,0.000976,0.001121,0.006420,0.006698,0.007528,0.000183,-0.004753,-0.003040,-0.021950,-0.009990,-0.009541,-0.027852,-0.005089,-0.018092,-0.001599,-0.010011,0.020074,0.140350,0.024102,0.037443,0.025353,0.024516,0.018469,-0.003599,0.015125,-0.005519,-0.007097,-0.006450,-0.010430,-0.002673,-0.000308,-0.002121,-0.005684,-0.001292,0.003756,0.005162,0.004050,0.004625,0.000607,0.003872,0.001931,0.002039,-0.000369,0.000004,0.000134,0.000248,-0.000406,-0.000279,-0.000111,-0.000098,-0.000369,0.000005,-0.000194
-0.000200,-0.002133,-0.001620,0.000395,-0.002671,-0.000520,-0.001581,-0.000816,-0.002183,-0.003309,-0.009564,-0.001371,-0.006969,-0.007006,-0.011185,-0.016949,-0.001932,-0.009744,-0.021875,-0.020847,-0.027028,0.000235,-0.001603,0.006545,0.024102,0.144819,0.021473,0.050790,0.031942,0.004662,0.014504,0.009546,0.004047,0.013140,0.008164,-0.002152,0.005956,-0.007838,-0.007790,-0.009946,0.000886,0.002617,0.000410,-0.007788,0.008430,0.000284,0.003042,-0.002179,0.000208,-0.000624,0.000201,-0.000192,0.000318,-0.000359,-0.000072,-0.000016,-0.000211,-0.000078,-0.000246,-0.000023
-0.000360,-0.001762,-0.002091,-0.001075,-0.000620,-0.000880,-0.002239,-0.003097,0.002367,-0.001728,0.002988,0.000197,-0.006572,-0.009541,-0.011896,-0.014097,-0.007723,-0.012859,-0.018576,-0.002976,-0.023523,-0.007204,-0.009716,-0.002558,0.037443,0.021473,0.145888,0.022406,0.002149,-0.004489,-0.005611,0.006347,0.014584,0.007324,0.005540,-0.001005,0.004986,0.003293,-0.003425,-0.004308,0.007757,0.003160,0.007645,0.001979,-0.000105,-0.006831,-0.001088,0.000814,0.000018,-0.000476,0.000141,-0.000127,-0.000297,-0.000191,-0.000226,-0.000235,-0.000326,-0.000463,-0.000307,-0.000259
0.000161,-0.001527,-0.002330,0.000144,-0.000686,-0.003008,-0.006062,-0.005396,0.002448,0.008214,0.001796,0.007216,-0.002663,-0.020674,-0.020399,-0.035460,-0.010403,-0.021080,-0.033824,-0.026822,-0.030817,-0.026496,-0.013218,-0.021848,0.025353,0.050790,0.022406,0.141696,0.049731,0.007995,0.029597,0.013707,0.018172,0.005845,-0.001397,-0.014087,-0.004474,-0.003188,-0.010223,-0.008287,-0.003382,0.001635,0.011779,-0.012449,0.006527,-0.001611,0.002510,-0.000206,-0.001098,-0.000147,0.000013,0.000164,0.000236,-0.000251,-0.000353,-0.000066,-0.000281,-0.000485,-0.000357,-0.000341
-0.000127,-0.002724,-0.003699,-0.001811,-0.003405,0.000159,-0.001484,-0.004347,-0.000086,0.002685,-0.008462,0.000604,-0.000815,-0.012775,-0.015694,-0.028759,-0.006429,-0.013223,-0.007111,-0.006502,-0.021425,-0.018170,-0.016441,-0.023883,0.024516,0.031942,0.002149,0.049731,0.133138,0.037362,0.017773,0.013381,0.006829,0.010250,-0.001012,-0.003265,0.008955,-0.007907,0.000308,0.003958,-0.006339,-0.014714,0.003432,-0.007355,0.003857,0.002585,0.000389,-0.000708,-0.001560,-0.000732,-0.000410,-0.000298,0.000075,-0.000597,-0.000627,-0.000162,-0.000067,-0.000237,-0.000144,-0.000294
-0.000054,0.000295,-0.000294,0.001388,-0.001873,-0.001134,-0.000402,-0.002154,0.001327,-0.000174,-0.004283,0.002677,0.002604,0.000798,-0.002852,-0.012378,0.004871,-0.007431,-0.009584,0.000005,-0.012758,-0.015177,-0.017284,-0.021001,0.018469,0.004662,-0.004489,0.007995,0.037362,0.102681,0.026465,0.002563,-0.002026,0.013658,0.002397,-0.005944,-0.001388,0.000696,-0.005046,0.004830,0.005049,0.001150,0.005355,-0.003970,0.002854,0.003876,0.005788,0.001890,-0.000870,-0.000096,0.000479,0.000391,0.000338,-0.000471,-0.000185,0.000078,-0.000232,0.000025,-0.000035,-0.000138
-0.000342,0.000814,-0.000920,0.001061,-0.001807,-0.000800,-0.002166,-0.001788,0.007540,0.004148,-0.000565,-0.001840,0.004562,-0.012649,-0.018076,-0.022287,0.000123,-0.002741,-0.010521,-0.011402,-0.015747,-0.033208,-0.015074,-0.014617,-0.003599,0.014504,-0.005611,0.029597,0.017773,0.026465,0.089917,0.019637,0.011987,0.013850,0.007113,-0.002297,0.004574,-0.002277,0.001827,0.008699,0.008763,0.010350,0.015266,-0.001020,0.007629,0.003179,0.008563,0.002970,0.001518,0.000643,0.000223,0.000363,0.000048,0.000066,0.000020,0.000199,0.000238,-0.000134,0.000021,-0.000247
-0.000289,0.000409,-0.001038,-0.001503,-0.001830,-0.001744,-0.001361,0.000181,0.002560,0.000950,-0.003245,0.003083,0.008736,-0.010672,-0.009386,-0.020557,0.005991,-0.003242,-0.012929,-0.006105,-0.004528,-0.011308,-0.000910,-0.019849,0.015125,0.009546,0.006347,0.013707,0.013381,0.002563,0.019637,0.068826,0.011018,0.010435,0.012439,-0.007037,0.000525,0.004406,0.007275,0.013577,0.006763,0.008149,0.018582,0.002212,0.008705,0.002731,0.003898,0.000915,0.000587,0.000287,0.000323,0.000149,0.000266,0.000011,0.000139,0.000114,0.000398,-0.000075,-0.000004,-0.000048
-0.000185,0.000212,-0.001625,-0.000856,0.000092,-0.002755,-0.003411,-0.003850,-0.004468,-0.003065,-0.007267,-0.001659,-0.003455,-0.011324,-0.011474,-0.016077,-0.002120,-0.001934,-0.022240,-0.022254,-0.016482,-0.017619,-0.012903,-0.019933,-0.005519,0.004047,0.014584,0.018172,0.006829,-0.002026,0.011987,0.011018,0.061799,0.015807,0.020331,0.011933,0.023069,0.003232,0.002485,-0.000881,0.004692,0.003048,0.012945,0.001207,0.006082,-0.000648,-0.003163,0.000612,-0.000368,-0.000285,0.000230,0.000053,0.000138,-0.000087,-0.000285,-0.000026,-0.000038,-0.000235,0.000160,-0.000110
-0.000409,-0.000785,-0.001706,-0.001698,-0.002133,-0.002572,-0.004559,-0.003439,-0.001802,-0.002081,-0.008451,0.005257,0.001573,-0.016416,-0.015964,-0.017851,-0.003794,-0.009382,-0.010367,-0.007351,-0.002920,-0.010554,0.002253,-0.009786,-0.007097,0.013140,0.007324,0.005845,0.010250,0.013658,0.013850,0.010435,0.015807,0.063826,0.028873,0.015609,0.020006,0.006150,0.007893,0.008981,0.006225,0.001409,0.009524,-0.001426,0.002500,0.001142,-0.002730,-0.000258,-0.000822,-0.000552,0.000255,-0.000045,-0.000174,-0.000417,-0.000088,-0.000128,-0.000299,-0.000185,0.000137,-0.000299
-0.000181,0.001040,-0.001263,-0.000756,-0.000652,-0.004566,-0.004548,-0.005244,-0.006383,-0.001230,-0.009582,-0.003107,-0.002197,-0.017758,-0.011858,-0.015266,-0.003747,-0.001981,-0.025061,-0.008827,-0.003738,-0.002724,-0.009966,-0.020945,-0.006450,0.008164,0.005540,-0.001397,-0.001012,0.002397,0.007113,0.012439,0.020331,0.028873,0.077050,0.021443,0.020368,0.020835,0.019643,0.018710,0.005920,0.002267,0.009972,-0.000996,0.002127,0.004483,-0.000909,-0.001791,0.001314,-0.000289,0.000271,0.000099,-0.000032,-0.000541,-0.000049,0.000141,-0.000095,0.000056,0.000041,0.000035
0.000194,0.000062,0.000472,0.000185,-0.000685,-0.001261,-0.001313,-0.003744,-0.004475,-0.007126,-0.007583,-0.006260,-0.004208,-0.001793,-0.004591,-0.001901,-0.008807,-0.003548,-0.015500,-0.018272,-0.012116,0.007453,0.009021,-0.005532,-0.010430,-0.002152,-0.001005,-0.014087,-0.003265,-0.005944,-0.002297,-0.007037,0.011933,0.015609,0.021443,0.064325,0.026282,0.008861,0.008790,0.004136,-0.003152,-0.001828,-0.001594,0.005057,-0.003080,-0.003830,-0.005085,-0.000229,-0.000181,-0.000298,0.000065,-0.000290,-0.000049,-0.000165,-0.000095,0.000076,-0.000106,-0.000003,0.000044,-0.000229
0.000370,-0.000301,-0.000751,-0.000158,-0.001387,-0.002855,-0.002512,-0.002923,0.000343,-0.003595,-0.008454,-0.004629,-0.005306,-0.009908,-0.006825,-0.008881,-0.001094,0.005949,-0.010783,-0.004079,-0.005485,0.000544,-0.000879,-0.009939,-0.002673,0.005956,0.004986,-0.004474,0.008955,-0.001388,0.004574,0.000525,0.023069,0.020006,0.020368,0.026282,0.064645,0.018915,0.011010,0.005063,0.011336,0.002911,0.006507,0.008330,0.001626,-0.001133,-0.001568,-0.000526,0.000767,-0.000682,0.000034,-0.000003,-0.000170,-0.000220,-0.000120,0.000181,-0.000169,0.000033,0.000165,-0.000052
0.000725,0.002205,0.000081,0.000758,-0.001010,-0.000941,-0.004351,-0.000775,-0.000152,0.005381,-0.001662,-0.004068,-0.000213,-0.008689,-0.005869,-0.002558,0.000233,0.005890,-0.003579,-0.005839,0.001363,-0.011051,-0.015431,-0.013353,-0.000308,-0.007838,0.003293,-0.003188,-0.007907,0.000696,-0.002277,0.004406,0.003232,0.006150,0.020835,0.008861,0.018915,0.056849,0.017786,0.019534,0.016644,0.001824,0.008260,0.008238,0.003712,-0.000327,0.001061,0.002385,0.001415,-0.000214,0.000072,0.000026,-0.000265,-0.000348,0.000052,0.000187,-0.000044,0.000232,0.000125,0.000032
0.000607,0.000343,0.000015,0.000209,-0.000199,0.001133,-0.002337,-0.001543,-0.000200,0.001723,-0.001661,-0.002496,0.002014,-0.007009,-0.004693,-0.008772,-0.001614,0.005054,-0.014290,0.001069,0.005642,0.003370,0.004781,-0.007021,-0.002121,-0.007790,-0.003425,-0.010223,0.000308,-0.005046,0.001827,0.007275,0.002485,0.007893,0.019643,0.008790,0.011010,0.017786,0.043976,0.013587,0.006448,0.006791,0.006206,0.006721,0.003494,0.004948,-0.003794,-0.000989,0.000575,-0.000184,-0.000074,0.000079,-0.000192,0.000038,0.000168,0.000221,0.000051,0.000132,0.000122,0.000193
-0.000071,0.000540,0.000395,0.000244,-0.000477,0.001609,-0.000855,0.002197,0.002416,0.006205,-0.002232,-0.000860,0.004827,-0.008402,-0.004735,-0.006281,-0.001825,0.005880,-0.009774,-0.003173,-0.006099,-0.005799,-0.009022,-0.010838,-0.005684,-0.009946,-0.004308,-0.008287,0.003958,0.004830,0.008699,0.013577,-0.000881,0.008981,0.018710,0.004136,0.005063,0.019534,0.013587,0.047968,0.013203,0.001125,0.016205,0.004565,0.005609,0.003379,0.002834,0.003728,0.002020,0.000184,0.000309,0.000154,-0.000009,-0.000164,0.000206,0.000192,0.000175,0.000041,0.000217,0.000027
-0.000290,0.001357,0.001643,0.001825,0.001108,0.000276,-0.000974,0.001117,0.005332,0.004415,-0.001099,-0.003690,0.003575,-0.004654,-0.004156,-0.006674,0.000020,0.000929,-0.006914,-0.000793,-0.003030,-0.003595,0.002160,-0.017295,-0.001292,0.000886,0.007757,-0.003382,-0.006339,0.005049,0.008763,0.006763,0.004692,0.006225,0.005920,-0.003152,0.011336,0.016644,0.006448,0.013203,0.038606,0.010595,0.010835,0.004403,0.011897,0.005860,0.006426,0.004721,0.001850,0.000234,0.000717,0.000700,-0.000113,0.000002,0.000407,0.000092,0.000092,0.000053,0.000195,0.000093
0.000017,0.000699,0.001358,0.001883,0.001226,0.000727,0.000113,0.001125,-0.000498,-0.001243,0.001294,0.000078,0.003498,0.001113,-0.000343,-0.003307,0.000966,-0.000688,-0.003465,-0.004885,-0.004793,-0.003286,-0.000102,-0.006092,0.003756,0.002617,0.003160,0.001635,-0.014714,0.001150,0.010350,0.008149,0.003048,0.001409,0.002267,-0.001828,0.002911,0.001824,0.006791,0.001125,0.010595,0.036230,0.010934,0.004815,0.013329,0.008975,0.004681,0.002090,0.001416,0.000904,0.000864,0.000412,0.000131,0.000148,0.000337,0.000109,0.000067,0.000019,0.000222,0.000282
-0.000098,0.000821,-0.000956,-0.000305,-0.000264,-0.000157,-0.001842,0.000070,0.000780,0.004655,-0.000858,0.004375,0.008366,-0.005350,-0.004862,-0.013267,-0.001616,-0.000441,-0.008998,-0.003225,-0.010650,-0.021126,-0.007472,-0.014645,0.005162,0.000410,0.007645,0.011779,0.003432,0.005355,0.015266,0.018582,0.012945,0.009524,0.009972,-0.001594,0.006507,0.008260,0.006206,0.016205,0.010835,0.010934,0.029328,0.004652,0.010276,0.003235,0.002228,0.004222,0.000859,0.000162,0.000303,0.000186,0.000223,-0.000093,0.000042,0.000116,0.000044,-0.000053,0.000132,-0.000096
0.000023,0.000575,0.000555,0.000136,-0.000685,-0.000278,0.000564,0.000951,0.000986,0.000626,-0.001324,-0.000628,0.001966,-0.001057,-0.000158,-0.000754,0.000814,0.002967,-0.003329,-0.002012,-0.000989,-0.001359,-0.001497,0.002546,0.004050,-0.007788,0.001979,-0.012449,-0.007355,-0.003970,-0.001020,0.002212,0.001207,-0.001426,-0.000996,0.005057,0.008330,0.008238,0.006721,0.004565,0.004403,0.004815,0.004652,0.019549,0.003346,0.001107,0.001299,0.000878,0.000842,0.000122,0.000082,0.000013,-0.000107,0.000047,0.000233,0.000116,0.000094,0.000081,0.000230,0.000081
0.000113,0.000831,0.000619,0.000571,0.000782,-0.000803,-0.000881,-0.000294,0.000453,0.005202,0.000924,0.001571,0.005857,-0.004563,-0.002249,-0.009235,-0.000598,-0.007595,-0.006941,-0.000484,-0.002834,-0.011815,-0.005572,-0.006718,0.004625,0.008430,-0.000105,0.006527,0.003857,0.002854,0.007629,0.008705,0.006082,0.002500,0.002127,-0.003080,0.001626,0.003712,0.003494,0.005609,0.011897,0.013329,0.010276,0.003346,0.028535,0.009021,0.007071,0.004341,0.001916,0.000494,0.000630,0.000478,0.000165,0.000017,0.000306,0.000028,0.000028,-0.000143,0.000055,0.000018
0.000158,0.000352,0.000650,0.001002,0.000772,-0.000448,0.000440,0.000086,-0.000401,0.001011,0.000909,0.001278,0.003385,-0.001997,0.000041,-0.003905,0.001370,-0.001618,-0.001557,0.004154,0.000298,0.005336,0.005020,0.000719,0.000607,0.000284,-0.006831,-0.001611,0.002585,0.003876,0.003179,0.002731,-0.000648,0.001142,0.004483,-0.003830,-0.001133,-0.000327,0.004948,0.003379,0.005860,0.008975,0.003235,0.001107,0.009021,0.015286,0.003466,0.001340,0.001162,0.000570,0.000346,0.000225,0.000150,0.000023,0.000184,0.000013,0.000030,-0.000008,0.000019,0.000149
-0.000148,0.000565,0.001068,0.000965,0.000030,-0.000413,-0.000040,0.000657,0.001602,0.002526,0.000936,-0.000016,0.003227,-0.000804,-0.001279,-0.003259,0.000778,-0.003188,0.000116,-0.000789,-0.003328,-0.001379,-0.000307,-0.002336,0.003872,0.003042,-0.001088,0.002510,0.000389,0.005788,0.008563,0.003898,-0.003163,-0.002730,-0.000909,-0.005085,-0.001568,0.001061,-0.003794,0.002834,0.006426,0.004681,0.002228,0.001299,0.007071,0.003466,0.008373,0.002044,0.001443,0.000370,0.000266,0.000164,0.000048,0.000042,0.000179,0.000057,0.000080,0.000038,0.000086,0.000014
-0.000066,0.000491,0.000224,0.000457,0.000406,0.000057,-0.000295,0.000508,0.000805,0.001583,0.001668,0.000136,0.002479,-0.000443,-0.000258,-0.001158,-0.000111,-0.002165,-0.000072,-0.000977,-0.003218,-0.005593,0.000333,0.000715,0.001931,-0.002179,0.000814,-0.000206,-0.000708,0.001890,0.002970,0.000915,0.000612,-0.000258,-0.001791,-0.000229,-0.000526,0.002385,-0.000989,0.003728,0.004721,0.002090,0.004222,0.000878,0.004341,0.001340,0.002044,0.004361,0.000433,0.000170,0.000166,0.000130,0.000017,0.000011,0.000063,-0.000055,0.000036,-0.000003,0.000023,-0.000013
-0.000052,0.000078,0.000347,0.000338,-0.000217,0.000002,0.000049,0.000599,-0.000010,0.000870,0.000085,-0.000571,0.000299,0.000043,0.000164,-0.000037,-0.001070,-0.000495,-0.001579,-0.000984,-0.001133,0.000719,-0.000167,-0.000469,0.002039,0.000208,0.000018,-0.001098,-0.001560,-0.000870,0.001518,0.000587,-0.000368,-0.000822,0.001314,-0.000181,0.000767,0.001415,0.000575,0.002020,0.001850,0.001416,0.000859,0.000842,0.001916,0.001162,0.001443,0.000433,0.001427,0.000181,0.000081,0.000021,0.000006,-0.000017,0.000072,0.000029,0.000038,0.000033,0.000016,0.000014
-0.000009,0.000036,0.000089,0.000051,-0.000145,-0.000161,0.000109,0.000193,0.000081,-0.000262,0.000035,-0.000153,-0.000133,-0.000213,0.000077,-0.000005,-0.000018,0.000263,0.000175,0.000051,0.000867,0.000946,0.000445,0.000056,-0.000369,-0.000624,-0.000476,-0.000147,-0.000732,-0.000096,0.000643,0.000287,-0.000285,-0.000552,-0.000289,-0.000298,-0.000682,-0.000214,-0.000184,0.000184,0.000234,0.000904,0.000162,0.000122,0.000494,0.000570,0.000370,0.000170,0.000181,0.000216,0.000033,0.000030,0.000020,0.000007,0.000026,0.000006,0.000016,-0.000000,-0.000006,0.000004
-0.000006,0.000055,0.000118,0.000070,0.000034,0.000038,0.000035,0.000097,-0.000147,-0.000089,0.000008,0.000058,0.000106,0.000081,0.000087,-0.000085,-0.000224,-0.000571,-0.000076,-0.000001,-0.000268,-0.000146,-0.000030,-0.000668,0.000004,0.000201,0.000141,0.000013,-0.000410,0.000479,0.000223,0.000323,0.000230,0.000255,0.000271,0.000065,0.000034,0.000072,-0.000074,0.000309,0.000717,0.000864,0.000303,0.000082,0.000630,0.000346,0.000266,0.000166,0.000081,0.000033,0.000125,0.000037,0.000018,0.000018,0.000024,0.000006,0.000004,-0.000007,0.000009,0.000007
0.000013,0.000051,0.000101,0.000105,0.000055,0.000052,0.000001,0.000099,0.000173,0.000009,0.000101,-0.000023,0.000272,-0.000116,0.000070,-0.000186,0.000234,0.000245,-0.000234,0.000147,0.000160,-0.000838,0.000105,-0.000691,0.000134,-0.000192,-0.000127,0.000164,-0.000298,0.000391,0.000363,0.000149,0.000053,-0.000045,0.000099,-0.000290,-0.000003,0.000026,0.000079,0.000154,0.000700,0.000412,0.000186,0.000013,0.000478,0.000225,0.000164,0.000130,0.000021,0.000030,0.000037,0.000086,0.000016,0.000012,0.000013,0.000000,-0.000000,-0.000006,0.000001,0.000001
-0.000006,0.000049,0.000041,0.000064,0.000022,0.000043,-0.000008,-0.000045,-0.000050,-0.000102,-0.000103,0.000135,0.000083,0.000106,0.000057,-0.000213,0.000004,0.000189,-0.000101,-0.000199,-0.000186,0.000195,0.000122,-0.000110,0.000248,0.000318,-0.000297,0.000236,0.000075,0.000338,0.000048,0.000266,0.000138,-0.000174,-0.000032,-0.000049,-0.000170,-0.000265,-0.000192,-0.000009,-0.000113,0.000131,0.000223,-0.000107,0.000165,0.000150,0.000048,0.000017,0.000006,0.000020,0.000018,0.000016,0.000053,0.000013,0.000002,-0.000001,0.000005,-0.000006,-0.000001,0.000003
0.000007,0.000016,0.000077,0.000036,0.000054,0.000045,0.000082,0.000046,0.000064,-0.000160,0.000061,-0.000034,0.000188,0.000243,0.000191,0.000502,0.000372,0.000453,0.000448,0.000265,0.000197,0.000280,0.000483,0.000100,-0.000406,-0.000359,-0.000191,-0.000251,-0.000597,-0.000471,0.000066,0.000011,-0.000087,-0.000417,-0.000541,-0.000165,-0.000220,-0.000348,0.000038,-0.000164,0.000002,0.000148,-0.000093,0.000047,0.000017,0.000023,0.000042,0.000011,-0.000017,0.000007,0.000018,0.000012,0.000013,0.000055,0.000019,0.000003,0.000011,0.000005,0.000009,0.000002
0.000002,0.000059,0.000114,0.000092,0.000088,0.000028,0.000111,0.000049,0.000104,0.000046,0.000095,-0.000065,0.000308,0.000175,0.000204,0.000223,0.000145,0.000495,0.000125,0.000008,0.000342,0.000509,0.000546,0.000005,-0.000279,-0.000072,-0.000226,-0.000353,-0.000627,-0.000185,0.000020,0.000139,-0.000285,-0.000088,-0.000049,-0.000095,-0.000120,0.000052,0.000168,0.000206,0.000407,0.000337,0.000042,0.000233,0.000306,0.000184,0.000179,0.000063,0.000072,0.000026,0.000024,0.000013,0.000002,0.000019,0.000061,0.000009,0.000014,0.000008,0.000013,0.000005
0.000008,0.000019,0.000037,0.000037,0.000004,0.000038,-0.000003,-0.000012,0.000013,-0.000025,-0.000037,0.000040,0.000008,-0.000009,0.000003,0.000012,0.000081,-0.000016,-0.000160,0.000077,0.000321,0.000230,0.000161,-0.000424,-0.000111,-0.000016,-0.000235,-0.000066,-0.000162,0.000078,0.000199,0.000114,-0.000026,-0.000128,0.000141,0.000076,0.000181,0.000187,0.000221,0.000192,0.000092,0.000109,0.000116,0.000116,0.000028,0.000013,0.000057,-0.000055,0.000029,0.000006,0.000006,0.000000,-0.000001,0.000003,0.000009,0.000032,0.000007,0.000005,0.000010,0.000004
-0.000017,0.000044,0.000043,0.000079,-0.000009,0.000013,0.000064,0.000048,0.000132,0.000126,0.000151,-0.000187,0.000168,0.000075,0.000019,0.000126,0.000192,0.000257,-0.000133,-0.000009,0.000225,0.000235,0.000090,-0.000074,-0.000098,-0.000211,-0.000326,-0.000281,-0.000067,-0.000232,0.000238,0.000398,-0.000038,-0.000299,-0.000095,-0.000106,-0.000169,-0.000044,0.000051,0.000175,0.000092,0.000067,0.000044,0.000094,0.000028,0.000030,0.000080,0.000036,0.000038,0.000016,0.000004,-0.000000,0.000005,0.000011,0.000014,0.000007,0.000040,-0.000000,0.000009,0.000007
0.000032,0.000036,0.000042,0.000006,0.000077,0.000058,0.000083,0.000071,-0.000042,-0.000044,0.000009,-0.000009,0.000024,0.000324,0.000320,0.000482,0.000365,0.000282,0.000515,0.000026,0.000316,0.000390,0.000361,0.000012,-0.000369,-0.000078,-0.000463,-0.000485,-0.000237,0.000025,-0.000134,-0.000075,-0.000235,-0.000185,0.000056,-0.000003,0.000033,0.000232,0.000132,0.000041,0.000053,0.000019,-0.000053,0.000081,-0.000143,-0.000008,0.000038,-0.000003,0.000033,-0.000000,-0.000007,-0.000006,-0.000006,0.000005,0.000008,0.000005,-0.000000,0.000035,0.000005,0.000008
0.000006,0.000060,0.000056,0.000060,0.000014,0.000063,-0.000015,0.000015,-0.000080,0.000023,-0.000127,-0.000047,0.000184,0.000064,0.000061,0.000281,0.000036,0.000222,-0.000119,-0.000148,-0.000011,0.000166,0.000021,-0.000375,0.000005,-0.000246,-0.000307,-0.000357,-0.000144,-0.000035,0.000021,-0.000004,0.000160,0.000137,0.000041,0.000044,0.000165,0.000125,0.000122,0.000217,0.000195,0.000222,0.000132,0.000230,0.000055,0.000019,0.000086,0.000023,0.000016,-0.000006,0.000009,0.000001,-0.000001,0.000009,0.000013,0.000010,0.000009,0.000005,0.000041,0.000007
0.000008,0.000030,0.000044,0.000108,0.000085,0.000087,0.000045,0.000042,0.000002,-0.000059,0.000088,0.000006,0.000012,0.000147,0.000221,0.000263,0.000139,0.000173,0.000085,0.000034,0.000099,0.000435,0.000133,0.000042,-0.000194,-0.000023,-0.000259,-0.000341,-0.000294,-0.000138,-0.000247,-0.000048,-0.000110,-0.000299,0.000035,-0.000229,-0.000052,0.000032,0.000193,0.000027,0.000093,0.000282,-0.000096,0.000081,0.000018,0.000149,0.000014,-0.000013,0.000014,0.000004,0.000007,0.000001,0.000003,0.000002,0.000005,0.000004,0.000007,0.000008,0.000007,0.000033
