0.000356,0.000138,0.000069,0.000036,-0.000050,-0.000083,0.000049,0.000282,0.000137,0.000326,0.000294,0.000090,0.000185,-0.000049,0.000611,0.000294,-0.000094,-0.000178,-0.000615,0.000796,0.000564,-0.000524,-0.000802,-0.001079,-0.000535,-0.000266,-0.000787,0.000522,-0.000058,-0.000119,-0.000263,0.000372,-0.000242,-0.000250,0.000313,-0.000057,-0.000025,0.000775,0.000716,0.000368,-0.000481,-0.000168,0.000064,-0.000249,-0.000095,0.000275,-0.000113,-0.000191,0.000005,-0.000008,0.000006,-0.000002,0.000003,-0.000006,0.000001,0.000011,-0.000022,0.000026,-0.000004,-0.000007
0.000138,0.000740,0.000178,0.000225,-0.000044,0.000207,0.000082,0.000064,0.000772,0.001268,0.000773,0.000113,0.000130,-0.000231,0.001211,0.000537,0.000759,0.000549,-0.000119,0.000951,0.001247,-0.000864,-0.001916,-0.001481,0.000192,-0.001433,-0.001977,-0.000604,-0.001040,0.000130,0.000671,0.001377,-0.000002,-0.000400,0.000994,-0.000764,-0.000693,0.002047,0.000744,0.000770,0.000399,0.000151,0.000422,0.000457,0.000570,0.000431,0.000278,0.000157,0.000056,0.000032,0.000032,-0.000011,0.000018,0.000010,0.000047,0.000035,0.000037,0.000030,0.000013,0.000012
0.000069,0.000178,0.001161,0.000281,0.000351,0.000184,0.000425,0.000738,0.000938,0.000821,0.000955,-0.000039,0.000800,0.001221,0.001534,0.001986,0.000871,0.001193,0.001114,0.002007,0.000528,0.001427,0.000764,-0.000759,-0.000729,-0.002092,-0.001523,-0.001269,-0.003955,-0.001190,-0.001375,-0.000211,-0.001046,-0.002365,-0.000487,-0.001521,-0.000943,0.000147,0.000202,0.000293,0.001456,0.001580,-0.000241,0.000529,0.000392,0.000658,0.000865,0.000130,0.000404,0.000090,0.000094,0.000082,0.000043,0.000086,0.000094,0.000067,0.000060,0.000044,0.000040,0.000021
0.000036,0.000225,0.000281,0.001241,0.000203,0.000445,0.000299,0.000457,0.000788,0.000929,0.000696,-0.000028,0.000445,0.000415,0.000402,0.001211,-0.000146,0.000452,-0.001763,0.001362,-0.000489,-0.000700,-0.000091,-0.001353,0.000319,0.001610,-0.001336,0.000717,-0.000464,0.000827,0.000379,0.000095,0.000396,-0.001148,0.000674,-0.001506,-0.000322,0.000087,0.000275,-0.000297,0.001067,0.001137,0.000308,-0.000344,0.001016,0.001303,0.000711,0.000249,0.000370,0.000056,0.000059,0.000014,0.000019,0.000002,0.000050,0.000059,0.000057,0.000001,0.000013,0.000075
-0.000050,-0.000044,0.000351,0.000203,0.002543,0.000173,0.000311,-0.000594,-0.000048,0.000456,0.000120,0.001509,0.000784,0.001573,0.000694,0.003191,0.001094,0.002982,0.002394,0.000255,-0.002410,0.001675,0.000623,0.000641,-0.000738,-0.002159,-0.000546,-0.001905,-0.002501,-0.001702,-0.001752,-0.001265,-0.000119,-0.001030,-0.000622,-0.001440,0.000031,-0.000738,-0.000904,-0.001034,0.001009,0.001095,0.000271,0.000188,0.000278,0.000150,-0.000010,0.000020,0.000084,-0.000108,0.000057,0.000025,0.000027,0.000028,0.000048,0.000022,0.000019,0.000017,-0.000011,0.000030
-0.000083,0.000207,0.000184,0.000445,0.000173,0.004164,0.000947,0.001123,0.002131,0.002765,0.001125,0.000064,-0.000011,0.001518,0.001972,0.003494,0.002420,0.002756,0.000634,0.001693,-0.000055,0.000661,0.001465,0.000188,0.001798,-0.000412,-0.000059,-0.000635,0.000523,-0.001550,0.000013,0.000045,0.000121,-0.001605,0.000460,-0.001910,-0.001056,-0.000649,0.001372,0.002154,-0.000145,0.000583,0.000319,0.000329,-0.000406,0.000396,-0.000012,-0.000248,0.000160,-0.000161,0.000005,0.000037,0.000071,0.000003,0.000015,0.000033,0.000031,0.000022,0.000043,0.000073
0.000049,0.000082,0.000425,0.000299,0.000311,0.000947,0.004983,0.001853,0.001792,0.000765,0.002102,-0.000013,0.001216,0.003992,0.004588,0.004269,0.001741,0.005434,0.006155,0.002258,0.002196,0.004076,0.002640,0.004740,-0.000315,-0.003136,-0.004717,-0.005703,-0.003778,-0.001374,-0.003127,-0.001269,-0.002543,-0.004443,-0.003265,-0.003181,-0.000843,-0.004183,-0.001933,-0.001110,-0.000347,0.000820,-0.001922,0.001035,0.000026,0.000328,0.000499,0.000331,0.000348,0.000185,0.000050,0.000074,0.000035,0.000085,0.000086,0.000025,0.000107,0.000031,-0.000045,0.000103
0.000282,0.000064,0.000738,0.000457,-0.000594,0.001123,0.001853,0.008234,0.002072,0.002737,0.004860,-0.001234,0.001411,0.002600,0.006236,0.006899,0.004719,0.004449,0.003552,0.005392,0.004792,-0.001793,0.003864,0.003454,0.000835,-0.003002,-0.003036,-0.001782,-0.004636,-0.004921,-0.003036,-0.000835,-0.002317,-0.006129,-0.003808,-0.004633,-0.001324,-0.000226,-0.000808,0.003008,0.001194,0.000465,0.000661,0.000794,-0.000707,0.001013,0.001077,0.000667,0.000523,0.000129,0.000158,0.000045,0.000006,0.000027,0.000038,-0.000005,0.000082,0.000063,0.000010,0.000073
0.000137,0.000772,0.000938,0.000788,-0.000048,0.002131,0.001792,0.002072,0.015596,0.008429,0.007292,-0.001826,0.000001,0.002084,0.001846,0.006083,0.002363,0.001332,-0.002534,0.007793,0.004246,-0.001049,0.000093,0.002342,0.000090,-0.005652,-0.002746,0.000008,-0.007273,0.000139,0.001132,0.003414,-0.001053,-0.003933,-0.002690,-0.006886,-0.003824,-0.003896,-0.000381,-0.001296,0.001370,0.000165,0.000190,0.000549,0.001528,0.002164,0.001506,0.001406,0.000415,0.000031,-0.000083,0.000063,0.000065,-0.000010,0.000079,0.000073,0.000175,0.000073,-0.000156,0.000019
0.000326,0.001268,0.000821,0.000929,0.000456,0.002765,0.000765,0.002737,0.008429,0.019384,0.007654,0.001894,0.003400,0.001985,0.003731,0.007253,0.005405,0.002628,-0.003626,0.005381,0.002154,-0.011756,-0.006103,0.003208,0.001825,-0.001187,-0.003641,0.004688,-0.001888,-0.001805,0.001870,0.001122,-0.000429,-0.002327,0.001089,-0.007699,-0.004438,0.001195,0.000024,0.003543,0.001381,-0.001858,0.001792,0.000707,0.003482,0.002714,0.002308,0.001117,0.001142,-0.000159,-0.000070,-0.000181,-0.000087,-0.000105,0.000098,0.000021,0.000176,0.000127,-0.000062,-0.000030
0.000294,0.000773,0.000955,0.000696,0.000120,0.001125,0.002102,0.004860,0.007292,0.007654,0.020613,0.000113,0.000056,0.006200,0.009860,0.008158,0.002389,0.000041,0.004839,0.009255,-0.001246,0.002204,-0.000186,0.008327,0.008080,-0.003312,-0.000133,0.001334,-0.007679,-0.009309,-0.002760,-0.002685,-0.004082,-0.005925,-0.007599,-0.006168,-0.005177,-0.002725,-0.004162,-0.002306,-0.000905,-0.000307,-0.001749,0.001553,0.000794,0.003206,0.000873,0.001045,0.000554,0.000068,-0.000038,-0.000085,-0.000116,-0.000033,-0.000024,-0.000069,0.000054,0.000051,-0.000181,0.000106
0.000090,0.000113,-0.000039,-0.000028,0.001509,0.000064,-0.000013,-0.001234,-0.001826,0.001894,0.000113,0.021585,0.006926,0.004481,0.002553,0.001591,0.003895,0.001513,0.005333,0.002559,0.004268,0.004881,-0.006312,0.003607,0.004996,-0.002058,-0.001741,-0.000486,-0.000771,-0.002055,-0.002561,0.001199,-0.002844,0.004295,-0.003643,-0.004411,-0.005471,-0.002365,-0.005546,-0.000569,-0.001926,-0.001804,0.000807,0.002416,-0.000074,-0.000568,-0.000564,-0.001195,-0.000427,-0.000278,-0.000021,-0.000059,0.000056,-0.000062,0.000021,0.000136,-0.000097,-0.000049,0.000018,0.000131
0.000185,0.000130,0.000800,0.000445,0.000784,-0.000011,0.001216,0.001411,0.000001,0.003400,0.000056,0.006926,0.024365,0.009396,0.003066,0.007282,0.013706,0.008290,0.010752,0.004846,0.005488,0.002385,0.008952,0.000480,0.002223,-0.001757,-0.003554,-0.009755,0.004297,0.000094,-0.001440,0.003547,-0.006707,0.000653,-0.004921,-0.004075,-0.004582,-0.002915,-0.002701,-0.000058,0.001713,0.002634,0.002470,0.000972,0.003210,0.001924,0.002432,0.000002,-0.000192,-0.000034,0.000308,0.000218,-0.000042,0.000218,0.000270,-0.000025,0.000106,-0.000018,0.000030,0.000078
-0.000049,-0.000231,0.001221,0.000415,0.001573,0.001518,0.003992,0.002600,0.002084,0.001985,0.006200,0.004481,0.009396,0.034152,0.019288,0.023181,0.015406,0.012055,0.021251,0.009863,0.004114,0.011173,0.001656,0.000060,-0.002429,-0.007927,-0.000996,-0.012744,-0.002313,-0.000154,-0.015965,-0.010799,-0.011398,-0.013867,-0.012730,-0.002976,-0.005943,-0.010065,-0.006201,-0.008342,-0.001524,0.000536,-0.006374,-0.000112,-0.003153,-0.001270,-0.000557,-0.000834,0.000247,-0.000103,0.000175,0.000005,0.000024,0.000273,0.000108,0.000020,0.000216,0.000100,-0.000067,0.000203
0.000611,0.001211,0.001534,0.000402,0.000694,0.001972,0.004588,0.006236,0.001846,0.003731,0.009860,0.002553,0.003066,0.019288,0.046905,0.027156,0.019608,0.016999,0.025568,0.013927,0.011981,0.018863,0.000208,0.010628,0.003590,-0.011639,-0.010794,-0.013250,-0.010010,-0.005246,-0.017558,-0.011505,-0.012651,-0.015184,-0.008130,-0.007235,-0.004546,-0.004528,-0.006692,-0.001871,-0.003220,-0.000248,-0.005130,0.000067,-0.001004,0.003322,0.000660,-0.000409,0.000632,0.000308,0.000286,-0.000025,0.000110,0.000153,0.000089,-0.000017,0.000016,0.000225,-0.000117,0.000215
0.000294,0.000537,0.001986,0.001211,0.003191,0.003494,0.004269,0.006899,0.006083,0.007253,0.008158,0.001591,0.007282,0.023181,0.027156,0.075822,0.038006,0.034808,0.027885,0.016177,0.023886,0.020061,0.011845,0.009011,-0.012454,-0.016984,-0.017197,-0.031085,-0.032157,-0.021508,-0.018572,-0.016436,-0.011003,-0.018727,-0.010361,-0.009527,-0.004744,-0.004031,-0.005314,-0.003188,-0.000656,0.000859,-0.011195,0.000438,-0.005604,-0.001571,-0.000945,-0.001203,0.000455,0.000023,0.000229,0.000231,-0.000000,0.000375,0.000051,0.000229,0.000357,0.000301,-0.000031,0.000303
-0.000094,0.000759,0.000871,-0.000146,0.001094,0.002420,0.001741,0.004719,0.002363,0.005405,0.002389,0.003895,0.013706,0.015406,0.019608,0.038006,0.081087,0.029626,0.028247,0.016467,0.016413,0.011801,0.017572,0.011177,-0.004131,-0.014690,-0.002819,-0.011357,-0.010914,-0.000612,-0.009934,0.000674,-0.009688,-0.005968,-0.000255,-0.009094,-0.002772,-0.003216,-0.007611,-0.003119,0.003126,0.002353,-0.004917,-0.000272,-0.000071,0.000105,0.001055,-0.000166,-0.000545,-0.000043,0.000284,0.000290,-0.000079,0.000499,0.000224,0.000033,0.000198,0.000266,-0.000025,0.000239
-0.000178,0.000549,0.001193,0.000452,0.002982,0.002756,0.005434,0.004449,0.001332,0.002628,0.000041,0.001513,0.008290,0.012055,0.016999,0.034808,0.029626,0.090201,0.030279,0.007866,0.022068,0.029479,0.027890,0.022636,-0.000108,-0.015632,-0.006889,-0.031522,-0.020498,-0.015426,-0.007281,-0.007607,-0.003098,-0.012710,-0.007099,-0.007830,-0.000204,-0.005187,-0.006615,0.003417,0.001527,0.004382,-0.004170,0.004126,-0.005500,-0.000452,-0.002710,-0.002713,0.000106,0.000517,-0.000153,0.000290,0.000132,0.000570,0.000459,0.000014,0.000258,0.000152,-0.000025,0.000206
-0.000615,-0.000119,0.001114,-0.001763,0.002394,0.000634,0.006155,0.003552,-0.002534,-0.003626,0.004839,0.005333,0.010752,0.021251,0.025568,0.027885,0.028247,0.030279,0.104613,0.027401,0.030337,0.020734,0.002172,0.011372,-0.026347,-0.023467,-0.018190,-0.035932,-0.008246,-0.018333,-0.008126,-0.018767,-0.022816,-0.009204,-0.021213,-0.013950,-0.008639,0.000628,-0.014482,-0.003952,-0.000540,0.000870,-0.008712,0.001143,-0.006098,-0.003127,0.000580,-0.002454,-0.001960,0.000146,0.000116,0.000178,-0.000137,0.000476,0.000112,-0.000054,-0.000095,0.000262,-0.000259,0.000221
0.000796,0.000951,0.002007,0.001362,0.000255,0.001693,0.002258,0.005392,0.007793,0.005381,0.009255,0.002559,0.004846,0.009863,0.013927,0.016177,0.016467,0.007866,0.027401,0.109903,0.040837,0.014426,0.005156,0.011429,-0.006791,-0.014429,0.000897,-0.020461,-0.017993,-0.003533,-0.011758,-0.003656,-0.015309,-0.007389,-0.010683,-0.015076,-0.006217,-0.004999,0.000903,-0.007060,0.002049,-0.001414,-0.004263,-0.001516,-0.001740,0.003067,0.000923,-0.000788,0.000101,-0.000062,-0.000012,0.000144,-0.000204,0.000037,0.000197,0.000090,-0.000111,0.000219,-0.000193,0.000148
0.000564,0.001247,0.000528,-0.000489,-0.002410,-0.000055,0.002196,0.004792,0.004246,0.002154,-0.001246,0.004268,0.005488,0.004114,0.011981,0.023886,0.016413,0.022068,0.030337,0.040837,0.126403,0.028208,0.009477,0.017581,-0.015869,-0.039165,-0.022906,-0.033617,-0.025001,-0.017819,-0.013294,-0.008044,-0.015868,-0.004955,-0.006429,-0.015163,-0.011200,-0.002017,-0.008004,-0.012757,-0.007313,-0.009338,-0.013811,-0.003321,-0.009248,-0.002248,-0.004700,-0.007069,-0.001972,0.000391,-0.000109,0.000187,-0.000492,0.000145,0.000156,0.000308,-0.000023,0.000219,-0.000199,0.000202
-0.000524,-0.000864,0.001427,-0.000700,0.001675,0.000661,0.004076,-0.001793,-0.001049,-0.011756,0.002204,0.004881,0.002385,0.011173,0.018863,0.020061,0.011801,0.029479,0.020734,0.014426,0.028208,0.138341,0.042968,0.046593,0.012035,-0.009439,0.000833,-0.012649,-0.020098,-0.019173,-0.032413,-0.011083,-0.019964,-0.020249,-0.017513,-0.005920,-0.005658,-0.015285,-0.007846,-0.011588,-0.001044,0.003219,-0.016465,-0.000887,-0.005752,0.007174,-0.001462,-0.004904,0.000656,0.000852,-0.000163,-0.000213,0.000357,0.000293,0.000116,0.000295,0.000048,0.000070,-0.000017,0.000407
-0.000802,-0.001916,0.000764,-0.000091,0.000623,0.001465,0.002640,0.003864,0.000093,-0.006103,-0.000186,-0.006312,0.008952,0.001656,0.000208,0.011845,0.017572,0.027890,0.002172,0.005156,0.009477,0.042968,0.129216,0.008570,0.000910,0.005474,-0.001535,-0.002229,-0.009058,-0.018929,-0.010320,0.002449,-0.011125,-0.002178,-0.016659,0.005728,-0.000150,-0.021650,-0.002621,-0.011556,0.004882,-0.001020,-0.004865,-0.004321,-0.006948,0.001572,-0.000222,-0.000505,-0.000727,0.000619,-0.000126,0.000258,0.000011,0.000359,0.000152,-0.000010,0.000151,-0.000061,0.000076,0.000096
-0.001079,-0.001481,-0.000759,-0.001353,0.000641,0.000188,0.004740,0.003454,0.002342,0.003208,0.008327,0.003607,0.000480,0.000060,0.010628,0.009011,0.011177,0.022636,0.011372,0.011429,0.017581,0.046593,0.008570,0.145572,0.015517,-0.003349,0.002865,-0.014395,-0.032909,-0.027475,-0.008976,-0.008593,-0.011842,-0.008903,-0.023536,-0.011655,-0.006459,-0.014095,-0.016299,-0.013173,-0.008977,0.001303,-0.011932,0.000937,-0.006528,-0.000506,-0.003639,-0.001212,-0.001201,-0.000064,-0.000554,-0.000313,-0.000061,0.000088,-0.000234,-0.000412,-0.000192,-0.000282,-0.000436,0.000024
-0.000535,0.000192,-0.000729,0.000319,-0.000738,0.001798,-0.000315,0.000835,0.000090,0.001825,0.008080,0.004996,0.002223,-0.002429,0.003590,-0.012454,-0.004131,-0.000108,-0.026347,-0.006791,-0.015869,0.012035,0.000910,0.015517,0.143278,0.039877,0.020597,0.012443,0.016480,0.018216,-0.006038,0.016091,-0.009898,-0.002364,-0.013461,-0.006170,-0.002021,-0.007078,-0.007799,-0.010346,-0.003599,0.002943,0.002430,0.004168,0.001761,0.000006,0.001406,0.000081,0.001050,-0.000387,-0.000209,-0.000237,-0.000021,-0.000112,-0.000202,-0.000276,-0.000137,-0.000140,0.000050,-0.000097
-0.000266,-0.001433,-0.002092,0.001610,-0.002159,-0.000412,-0.003136,-0.003002,-0.005652,-0.001187,-0.003312,-0.002058,-0.001757,-0.007927,-0.011639,-0.016984,-0.014690,-0.015632,-0.023467,-0.014429,-0.039165,-0.009439,0.005474,-0.003349,0.039877,0.136558,0.018689,0.042451,0.024009,0.003082,0.012424,0.009843,0.003926,0.017453,0.008918,0.006383,0.005593,-0.005456,-0.004674,-0.006631,0.000125,0.006229,0.006625,-0.002693,0.009298,0.003196,0.000505,-0.001060,-0.000147,-0.000431,0.000367,-0.000283,0.000395,-0.000318,-0.000087,-0.000054,-0.000266,-0.000127,-0.000145,-0.000067
-0.000787,-0.001977,-0.001523,-0.001336,-0.000546,-0.000059,-0.004717,-0.003036,-0.002746,-0.003641,-0.000133,-0.001741,-0.003554,-0.000996,-0.010794,-0.017197,-0.002819,-0.006889,-0.018190,0.000897,-0.022906,0.000833,-0.001535,0.002865,0.020597,0.018689,0.142916,0.022136,0.012714,0.001013,-0.014659,-0.005089,0.013135,0.005349,0.001406,0.006074,0.006993,0.000424,0.000108,-0.007025,0.003138,0.001481,0.006784,0.006004,0.001112,-0.004540,-0.002154,0.000144,0.000169,-0.000811,-0.000232,-0.000153,-0.000413,-0.000195,-0.000233,-0.000499,-0.000427,-0.000388,-0.000078,-0.000159
0.000522,-0.000604,-0.001269,0.000717,-0.001905,-0.000635,-0.005703,-0.001782,0.000008,0.004688,0.001334,-0.000486,-0.009755,-0.012744,-0.013250,-0.031085,-0.011357,-0.031522,-0.035932,-0.020461,-0.033617,-0.012649,-0.002229,-0.014395,0.012443,0.042451,0.022136,0.137806,0.045254,0.008851,0.021352,0.010955,0.014965,-0.006854,-0.015265,-0.011059,-0.013044,-0.014655,-0.009363,-0.019496,-0.008452,-0.003716,0.007152,-0.008913,0.010954,0.002442,0.000055,0.000972,0.000811,-0.000309,-0.000305,-0.000355,0.000123,-0.000017,-0.000108,-0.000003,-0.000151,-0.000213,-0.000073,-0.000368
-0.000058,-0.001040,-0.003955,-0.000464,-0.002501,0.000523,-0.003778,-0.004636,-0.007273,-0.001888,-0.007679,-0.000771,0.004297,-0.002313,-0.010010,-0.032157,-0.010914,-0.020498,-0.008246,-0.017993,-0.025001,-0.020098,-0.009058,-0.032909,0.016480,0.024009,0.012714,0.045254,0.134789,0.042041,0.017843,0.014738,0.006562,0.012594,0.007068,0.001213,0.010565,-0.003998,-0.004667,0.001072,-0.004398,-0.016330,0.007708,-0.012576,0.004493,-0.000226,0.001227,0.000221,-0.000289,-0.000802,-0.000033,-0.000340,-0.000012,-0.000421,-0.000324,-0.000344,-0.000147,-0.000188,0.000191,-0.000237
-0.000119,0.000130,-0.001190,0.000827,-0.001702,-0.001550,-0.001374,-0.004921,0.000139,-0.001805,-0.009309,-0.002055,0.000094,-0.000154,-0.005246,-0.021508,-0.000612,-0.015426,-0.018333,-0.003533,-0.017819,-0.019173,-0.018929,-0.027475,0.018216,0.003082,0.001013,0.008851,0.042041,0.105629,0.021899,0.012045,0.004001,0.009755,0.004768,-0.007006,-0.001431,-0.007306,-0.001167,0.000121,0.002028,-0.002602,0.005975,-0.007177,0.005765,0.002515,0.002872,0.003525,-0.000137,0.000013,0.000194,0.000234,0.000088,-0.000400,-0.000121,0.000014,-0.000166,-0.000075,0.000045,-0.000116
-0.000263,0.000671,-0.001375,0.000379,-0.001752,0.000013,-0.003127,-0.003036,0.001132,0.001870,-0.002760,-0.002561,-0.001440,-0.015965,-0.017558,-0.018572,-0.009934,-0.007281,-0.008126,-0.011758,-0.013294,-0.032413,-0.010320,-0.008976,-0.006038,0.012424,-0.014659,0.021352,0.017843,0.021899,0.082223,0.018252,0.006915,0.015255,0.002380,0.004777,-0.003711,-0.003465,0.002566,0.009826,0.000028,0.006127,0.012336,-0.001159,0.005954,0.003058,0.004507,0.002906,0.000458,0.000482,-0.000095,-0.000123,0.000044,0.000060,-0.000051,0.000037,0.000013,-0.000115,0.000078,-0.000318
0.000372,0.001377,-0.000211,0.000095,-0.001265,0.000045,-0.001269,-0.000835,0.003414,0.001122,-0.002685,0.001199,0.003547,-0.010799,-0.011505,-0.016436,0.000674,-0.007607,-0.018767,-0.003656,-0.008044,-0.011083,0.002449,-0.008593,0.016091,0.009843,-0.005089,0.010955,0.014738,0.012045,0.018252,0.063230,0.007658,0.009802,0.003214,-0.006035,-0.005830,0.000883,0.001845,0.007458,0.003574,-0.000365,0.011965,0.003229,0.006145,0.002209,0.002460,0.002082,0.000309,0.000042,0.000034,-0.000140,0.000173,-0.000056,0.000182,-0.000054,0.000206,-0.000017,0.000008,-0.000099
-0.000242,-0.000002,-0.001046,0.000396,-0.000119,0.000121,-0.002543,-0.002317,-0.001053,-0.000429,-0.004082,-0.002844,-0.006707,-0.011398,-0.012651,-0.011003,-0.009688,-0.003098,-0.022816,-0.015309,-0.015868,-0.019964,-0.011125,-0.011842,-0.009898,0.003926,0.013135,0.014965,0.006562,0.004001,0.006915,0.007658,0.061133,0.013798,0.017065,0.010336,0.016994,0.004216,0.008927,0.007694,0.001127,0.001581,0.011480,0.001611,0.007169,0.000505,-0.003863,0.001404,-0.000098,-0.000404,-0.000082,0.000012,0.000159,-0.000294,-0.000113,0.000016,-0.000171,-0.000257,0.000110,-0.000121
-0.000250,-0.000400,-0.002365,-0.001148,-0.001030,-0.001605,-0.004443,-0.006129,-0.003933,-0.002327,-0.005925,0.004295,0.000653,-0.013867,-0.015184,-0.018727,-0.005968,-0.012710,-0.009204,-0.007389,-0.004955,-0.020249,-0.002178,-0.008903,-0.002364,0.017453,0.005349,-0.006854,0.012594,0.009755,0.015255,0.009802,0.013798,0.070844,0.030060,0.022452,0.021831,0.007455,0.012073,0.014323,0.006428,0.001511,0.011176,-0.000165,-0.000715,-0.002487,-0.003987,0.000365,-0.001237,-0.000746,-0.000049,-0.000154,-0.000176,-0.000470,-0.000158,-0.000196,-0.000467,-0.000062,0.000219,-0.000292
0.000313,0.000994,-0.000487,0.000674,-0.000622,0.000460,-0.003265,-0.003808,-0.002690,0.001089,-0.007599,-0.003643,-0.004921,-0.012730,-0.008130,-0.010361,-0.000255,-0.007099,-0.021213,-0.010683,-0.006429,-0.017513,-0.016659,-0.023536,-0.013461,0.008918,0.001406,-0.015265,0.007068,0.004768,0.002380,0.003214,0.017065,0.030060,0.083515,0.024899,0.024124,0.029209,0.029575,0.024031,0.003218,0.000861,0.011950,-0.001095,0.000129,0.004241,-0.001619,0.000543,0.001256,-0.000247,0.000149,0.000053,0.000038,-0.000659,-0.000163,0.000236,-0.000230,0.000430,0.000120,0.000044
-0.000057,-0.000764,-0.001521,-0.001506,-0.001440,-0.001910,-0.003181,-0.004633,-0.006886,-0.007699,-0.006168,-0.004411,-0.004075,-0.002976,-0.007235,-0.009527,-0.009094,-0.007830,-0.013950,-0.015076,-0.015163,-0.005920,0.005728,-0.011655,-0.006170,0.006383,0.006074,-0.011059,0.001213,-0.007006,0.004777,-0.006035,0.010336,0.022452,0.024899,0.069400,0.032311,0.010520,0.007936,0.005872,-0.002118,0.001646,0.004672,0.005789,0.001001,-0.004161,-0.002394,0.001001,0.000035,-0.000263,-0.000175,-0.000260,0.000022,-0.000224,-0.000191,-0.000114,-0.000155,-0.000038,0.000077,-0.000375
-0.000025,-0.000693,-0.000943,-0.000322,0.000031,-0.001056,-0.000843,-0.001324,-0.003824,-0.004438,-0.005177,-0.005471,-0.004582,-0.005943,-0.004546,-0.004744,-0.002772,-0.000204,-0.008639,-0.006217,-0.011200,-0.005658,-0.000150,-0.006459,-0.002021,0.005593,0.006993,-0.013044,0.010565,-0.001431,-0.003711,-0.005830,0.016994,0.021831,0.024124,0.032311,0.069164,0.024014,0.017094,0.015514,0.008268,0.003950,0.007213,0.007582,0.000254,-0.004624,-0.000036,0.000862,0.000146,-0.000647,0.000129,-0.000114,-0.000075,-0.000333,-0.000043,0.000046,-0.000173,0.000139,0.000333,-0.000019
0.000775,0.002047,0.000147,0.000087,-0.000738,-0.000649,-0.004183,-0.000226,-0.003896,0.001195,-0.002725,-0.002365,-0.002915,-0.010065,-0.004528,-0.004031,-0.003216,-0.005187,0.000628,-0.004999,-0.002017,-0.015285,-0.021650,-0.014095,-0.007078,-0.005456,0.000424,-0.014655,-0.003998,-0.007306,-0.003465,0.000883,0.004216,0.007455,0.029209,0.010520,0.024014,0.061407,0.027485,0.026929,0.011062,0.000820,0.006999,0.007465,0.001152,-0.000576,0.000342,0.001081,0.000621,-0.000297,0.000083,-0.000114,-0.000106,-0.000295,-0.000034,0.000168,-0.000184,0.000372,0.000154,0.000072
0.000716,0.000744,0.000202,0.000275,-0.000904,0.001372,-0.001933,-0.000808,-0.000381,0.000024,-0.004162,-0.005546,-0.002701,-0.006201,-0.006692,-0.005314,-0.007611,-0.006615,-0.014482,0.000903,-0.008004,-0.007846,-0.002621,-0.016299,-0.007799,-0.004674,0.000108,-0.009363,-0.004667,-0.001167,0.002566,0.001845,0.008927,0.012073,0.029575,0.007936,0.017094,0.027485,0.049923,0.020053,0.005837,0.008157,0.009332,0.005915,-0.001272,0.002488,-0.002015,0.000006,0.000577,-0.000345,-0.000099,-0.000031,-0.000098,-0.000243,0.000152,0.000213,0.000012,0.000338,0.000247,0.000178
0.000368,0.000770,0.000293,-0.000297,-0.001034,0.002154,-0.001110,0.003008,-0.001296,0.003543,-0.002306,-0.000569,-0.000058,-0.008342,-0.001871,-0.003188,-0.003119,0.003417,-0.003952,-0.007060,-0.012757,-0.011588,-0.011556,-0.013173,-0.010346,-0.006631,-0.007025,-0.019496,0.001072,0.000121,0.009826,0.007458,0.007694,0.014323,0.024031,0.005872,0.015514,0.026929,0.020053,0.051660,0.013359,0.002242,0.015623,0.005005,0.001301,0.002942,0.002298,0.004101,0.001644,-0.000003,0.000172,0.000041,0.000162,-0.000253,0.000133,0.000067,-0.000011,0.000219,0.000262,-0.000016
-0.000481,0.000399,0.001456,0.001067,0.001009,-0.000145,-0.000347,0.001194,0.001370,0.001381,-0.000905,-0.001926,0.001713,-0.001524,-0.003220,-0.000656,0.003126,0.001527,-0.000540,0.002049,-0.007313,-0.001044,0.004882,-0.008977,-0.003599,0.000125,0.003138,-0.008452,-0.004398,0.002028,0.000028,0.003574,0.001127,0.006428,0.003218,-0.002118,0.008268,0.011062,0.005837,0.013359,0.038307,0.009667,0.008283,0.003999,0.009615,0.004297,0.004001,0.005095,0.001910,0.000324,0.000770,0.000571,-0.000133,0.000145,0.000416,0.000010,0.000127,0.000073,0.000219,0.000161
-0.000168,0.000151,0.001580,0.001137,0.001095,0.000583,0.000820,0.000465,0.000165,-0.001858,-0.000307,-0.001804,0.002634,0.000536,-0.000248,0.000859,0.002353,0.004382,0.000870,-0.001414,-0.009338,0.003219,-0.001020,0.001303,0.002943,0.006229,0.001481,-0.003716,-0.016330,-0.002602,0.006127,-0.000365,0.001581,0.001511,0.000861,0.001646,0.003950,0.000820,0.008157,0.002242,0.009667,0.033369,0.008298,0.009603,0.008382,0.006109,0.004485,0.002581,0.001254,0.000604,0.000610,0.000307,0.000068,0.000149,0.000358,0.000127,0.000222,0.000151,0.000310,0.000341
0.000064,0.000422,-0.000241,0.000308,0.000271,0.000319,-0.001922,0.000661,0.000190,0.001792,-0.001749,0.000807,0.002470,-0.006374,-0.005130,-0.011195,-0.004917,-0.004170,-0.008712,-0.004263,-0.013811,-0.016465,-0.004865,-0.011932,0.002430,0.006625,0.006784,0.007152,0.007708,0.005975,0.012336,0.011965,0.011480,0.011176,0.011950,0.004672,0.007213,0.006999,0.009332,0.015623,0.008283,0.008298,0.025998,0.005325,0.007043,0.003301,0.000960,0.003974,0.000801,-0.000028,0.000151,0.000008,0.000130,-0.000146,0.000054,0.000022,0.000069,0.000026,0.000200,-0.000045
-0.000249,0.000457,0.000529,-0.000344,0.000188,0.000329,0.001035,0.000794,0.000549,0.000707,0.001553,0.002416,0.000972,-0.000112,0.000067,0.000438,-0.000272,0.004126,0.001143,-0.001516,-0.003321,-0.000887,-0.004321,0.000937,0.004168,-0.002693,0.006004,-0.008913,-0.012576,-0.007177,-0.001159,0.003229,0.001611,-0.000165,-0.001095,0.005789,0.007582,0.007465,0.005915,0.005005,0.003999,0.009603,0.005325,0.019537,0.004591,0.001003,0.002720,0.000995,0.000821,0.000139,0.000055,0.000007,-0.000083,-0.000006,0.000246,0.000024,0.000087,0.000060,0.000198,0.000071
-0.000095,0.000570,0.000392,0.001016,0.000278,-0.000406,0.000026,-0.000707,0.001528,0.003482,0.000794,-0.000074,0.003210,-0.003153,-0.001004,-0.005604,-0.000071,-0.005500,-0.006098,-0.001740,-0.009248,-0.005752,-0.006948,-0.006528,0.001761,0.009298,0.001112,0.010954,0.004493,0.005765,0.005954,0.006145,0.007169,-0.000715,0.000129,0.001001,0.000254,0.001152,-0.001272,0.001301,0.009615,0.008382,0.007043,0.004591,0.022691,0.006333,0.005897,0.004150,0.002004,0.000454,0.000493,0.000234,0.000040,0.000009,0.000409,0.000098,0.000098,-0.000084,0.000123,0.000037
0.000275,0.000431,0.000658,0.001303,0.000150,0.000396,0.000328,0.001013,0.002164,0.002714,0.003206,-0.000568,0.001924,-0.001270,0.003322,-0.001571,0.000105,-0.000452,-0.003127,0.003067,-0.002248,0.007174,0.001572,-0.000506,0.000006,0.003196,-0.004540,0.002442,-0.000226,0.002515,0.003058,0.002209,0.000505,-0.002487,0.004241,-0.004161,-0.004624,-0.000576,0.002488,0.002942,0.004297,0.006109,0.003301,0.001003,0.006333,0.013826,0.003617,0.001240,0.001723,0.000475,0.000307,0.000072,0.000141,-0.000010,0.000231,0.000096,0.000096,0.000055,0.000032,0.000128
-0.000113,0.000278,0.000865,0.000711,-0.000010,-0.000012,0.000499,0.001077,0.001506,0.002308,0.000873,-0.000564,0.002432,-0.000557,0.000660,-0.000945,0.001055,-0.002710,0.000580,0.000923,-0.004700,-0.001462,-0.000222,-0.003639,0.001406,0.000505,-0.002154,0.000055,0.001227,0.002872,0.004507,0.002460,-0.003863,-0.003987,-0.001619,-0.002394,-0.000036,0.000342,-0.002015,0.002298,0.004001,0.004485,0.000960,0.002720,0.005897,0.003617,0.007533,0.001950,0.001400,0.000430,0.000206,0.000080,0.000051,0.000087,0.000193,0.000069,0.000145,0.000052,0.000116,0.000021
-0.000191,0.000157,0.000130,0.000249,0.000020,-0.000248,0.000331,0.000667,0.001406,0.001117,0.001045,-0.001195,0.000002,-0.000834,-0.000409,-0.001203,-0.000166,-0.002713,-0.002454,-0.000788,-0.007069,-0.004904,-0.000505,-0.001212,0.000081,-0.001060,0.000144,0.000972,0.000221,0.003525,0.002906,0.002082,0.001404,0.000365,0.000543,0.001001,0.000862,0.001081,0.000006,0.004101,0.005095,0.002581,0.003974,0.000995,0.004150,0.001240,0.001950,0.004271,0.000733,0.000189,0.000139,0.000105,0.000061,-0.000002,0.000058,-0.000016,0.000081,-0.000004,0.000022,-0.000004
0.000005,0.000056,0.000404,0.000370,0.000084,0.000160,0.000348,0.000523,0.000415,0.001142,0.000554,-0.000427,-0.000192,0.000247,0.000632,0.000455,-0.000545,0.000106,-0.001960,0.000101,-0.001972,0.000656,-0.000727,-0.001201,0.001050,-0.000147,0.000169,0.000811,-0.000289,-0.000137,0.000458,0.000309,-0.000098,-0.001237,0.001256,0.000035,0.000146,0.000621,0.000577,0.001644,0.001910,0.001254,0.000801,0.000821,0.002004,0.001723,0.001400,0.000733,0.001346,0.000200,0.000083,0.000013,0.000032,-0.000002,0.000075,0.000040,0.000061,0.000044,0.000032,0.000031
-0.000008,0.000032,0.000090,0.000056,-0.000108,-0.000161,0.000185,0.000129,0.000031,-0.000159,0.000068,-0.000278,-0.000034,-0.000103,0.000308,0.000023,-0.000043,0.000517,0.000146,-0.000062,0.000391,0.000852,0.000619,-0.000064,-0.000387,-0.000431,-0.000811,-0.000309,-0.000802,0.000013,0.000482,0.000042,-0.000404,-0.000746,-0.000247,-0.000263,-0.000647,-0.000297,-0.000345,-0.000003,0.000324,0.000604,-0.000028,0.000139,0.000454,0.000475,0.000430,0.000189,0.000200,0.000209,0.000030,0.000034,0.000014,0.000016,0.000036,0.000004,0.000020,0.000005,-0.000001,0.000005
0.000006,0.000032,0.000094,0.000059,0.000057,0.000005,0.000050,0.000158,-0.000083,-0.000070,-0.000038,-0.000021,0.000308,0.000175,0.000286,0.000229,0.000284,-0.000153,0.000116,-0.000012,-0.000109,-0.000163,-0.000126,-0.000554,-0.000209,0.000367,-0.000232,-0.000305,-0.000033,0.000194,-0.000095,0.000034,-0.000082,-0.000049,0.000149,-0.000175,0.000129,0.000083,-0.000099,0.000172,0.000770,0.000610,0.000151,0.000055,0.000493,0.000307,0.000206,0.000139,0.000083,0.000030,0.000109,0.000035,0.000014,0.000019,0.000023,0.000009,0.000005,-0.000003,0.000012,0.000009
-0.000002,-0.000011,0.000082,0.000014,0.000025,0.000037,0.000074,0.000045,0.000063,-0.000181,-0.000085,-0.000059,0.000218,0.000005,-0.000025,0.000231,0.000290,0.000290,0.000178,0.000144,0.000187,-0.000213,0.000258,-0.000313,-0.000237,-0.000283,-0.000153,-0.000355,-0.000340,0.000234,-0.000123,-0.000140,0.000012,-0.000154,0.000053,-0.000260,-0.000114,-0.000114,-0.000031,0.000041,0.000571,0.000307,0.000008,0.000007,0.000234,0.000072,0.000080,0.000105,0.000013,0.000034,0.000035,0.000075,0.000008,0.000019,0.000016,0.000005,0.000001,0.000002,0.000002,0.000003
0.000003,0.000018,0.000043,0.000019,0.000027,0.000071,0.000035,0.000006,0.000065,-0.000087,-0.000116,0.000056,-0.000042,0.000024,0.000110,-0.000000,-0.000079,0.000132,-0.000137,-0.000204,-0.000492,0.000357,0.000011,-0.000061,-0.000021,0.000395,-0.000413,0.000123,-0.000012,0.000088,0.000044,0.000173,0.000159,-0.000176,0.000038,0.000022,-0.000075,-0.000106,-0.000098,0.000162,-0.000133,0.000068,0.000130,-0.000083,0.000040,0.000141,0.000051,0.000061,0.000032,0.000014,0.000014,0.000008,0.000055,0.000011,0.000004,0.000007,0.000007,0.000002,0.000002,0.000002
-0.000006,0.000010,0.000086,0.000002,0.000028,0.000003,0.000085,0.000027,-0.000010,-0.000105,-0.000033,-0.000062,0.000218,0.000273,0.000153,0.000375,0.000499,0.000570,0.000476,0.000037,0.000145,0.000293,0.000359,0.000088,-0.000112,-0.000318,-0.000195,-0.000017,-0.000421,-0.000400,0.000060,-0.000056,-0.000294,-0.000470,-0.000659,-0.000224,-0.000333,-0.000295,-0.000243,-0.000253,0.000145,0.000149,-0.000146,-0.000006,0.000009,-0.000010,0.000087,-0.000002,-0.000002,0.000016,0.000019,0.000019,0.000011,0.000056,0.000017,-0.000001,0.000012,-0.000000,0.000006,-0.000002
0.000001,0.000047,0.000094,0.000050,0.000048,0.000015,0.000086,0.000038,0.000079,0.000098,-0.000024,0.000021,0.000270,0.000108,0.000089,0.000051,0.000224,0.000459,0.000112,0.000197,0.000156,0.000116,0.000152,-0.000234,-0.000202,-0.000087,-0.000233,-0.000108,-0.000324,-0.000121,-0.000051,0.000182,-0.000113,-0.000158,-0.000163,-0.000191,-0.000043,-0.000034,0.000152,0.000133,0.000416,0.000358,0.000054,0.000246,0.000409,0.000231,0.000193,0.000058,0.000075,0.000036,0.000023,0.000016,0.000004,0.000017,0.000055,0.000011,0.000013,0.000002,0.000010,0.000007
0.000011,0.000035,0.000067,0.000059,0.000022,0.000033,0.000025,-0.000005,0.000073,0.000021,-0.000069,0.000136,-0.000025,0.000020,-0.000017,0.000229,0.000033,0.000014,-0.000054,0.000090,0.000308,0.000295,-0.000010,-0.000412,-0.000276,-0.000054,-0.000499,-0.000003,-0.000344,0.000014,0.000037,-0.000054,0.000016,-0.000196,0.000236,-0.000114,0.000046,0.000168,0.000213,0.000067,0.000010,0.000127,0.000022,0.000024,0.000098,0.000096,0.000069,-0.000016,0.000040,0.000004,0.000009,0.000005,0.000007,-0.000001,0.000011,0.000036,0.000004,0.000007,0.000008,0.000008
-0.000022,0.000037,0.000060,0.000057,0.000019,0.000031,0.000107,0.000082,0.000175,0.000176,0.000054,-0.000097,0.000106,0.000216,0.000016,0.000357,0.000198,0.000258,-0.000095,-0.000111,-0.000023,0.000048,0.000151,-0.000192,-0.000137,-0.000266,-0.000427,-0.000151,-0.000147,-0.000166,0.000013,0.000206,-0.000171,-0.000467,-0.000230,-0.000155,-0.000173,-0.000184,0.000012,-0.000011,0.000127,0.000222,0.000069,0.000087,0.000098,0.000096,0.000145,0.000081,0.000061,0.000020,0.000005,0.000001,0.000007,0.000012,0.000013,0.000004,0.000040,0.000003,0.000008,0.000006
0.000026,0.000030,0.000044,0.000001,0.000017,0.000022,0.000031,0.000063,0.000073,0.000127,0.000051,-0.000049,-0.000018,0.000100,0.000225,0.000301,0.000266,0.000152,0.000262,0.000219,0.000219,0.000070,-0.000061,-0.000282,-0.000140,-0.000127,-0.000388,-0.000213,-0.000188,-0.000075,-0.000115,-0.000017,-0.000257,-0.000062,0.000430,-0.000038,0.000139,0.000372,0.000338,0.000219,0.000073,0.000151,0.000026,0.000060,-0.000084,0.000055,0.000052,-0.000004,0.000044,0.000005,-0.000003,0.000002,0.000002,-0.000000,0.000002,0.000007,0.000003,0.000026,0.000003,0.000007
-0.000004,0.000013,0.000040,0.000013,-0.000011,0.000043,-0.000045,0.000010,-0.000156,-0.000062,-0.000181,0.000018,0.000030,-0.000067,-0.000117,-0.000031,-0.000025,-0.000025,-0.000259,-0.000193,-0.000199,-0.000017,0.000076,-0.000436,0.000050,-0.000145,-0.000078,-0.000073,0.000191,0.000045,0.000078,0.000008,0.000110,0.000219,0.000120,0.000077,0.000333,0.000154,0.000247,0.000262,0.000219,0.000310,0.000200,0.000198,0.000123,0.000032,0.000116,0.000022,0.000032,-0.000001,0.000012,0.000002,0.000002,0.000006,0.000010,0.000008,0.000008,0.000003,0.000039,0.000003
-0.000007,0.000012,0.000021,0.000075,0.000030,0.000073,0.000103,0.000073,0.000019,-0.000030,0.000106,0.000131,0.000078,0.000203,0.000215,0.000303,0.000239,0.000206,0.000221,0.000148,0.000202,0.000407,0.000096,0.000024,-0.000097,-0.000067,-0.000159,-0.000368,-0.000237,-0.000116,-0.000318,-0.000099,-0.000121,-0.000292,0.000044,-0.000375,-0.000019,0.000072,0.000178,-0.000016,0.000161,0.000341,-0.000045,0.000071,0.000037,0.000128,0.000021,-0.000004,0.000031,0.000005,0.000009,0.000003,0.000002,-0.000002,0.000007,0.000008,0.000006,0.000007,0.000003,0.000033
