0.024924,0.011397,0.008141,0.005954,0.004724,0.001318,-0.001930,0.001331,0.002175,0.004145,0.004562,0.000785,-0.000646,-0.000289,0.004948,0.002701,0.001599,-0.001687,-0.002709,0.006477,0.004093,-0.004469,-0.005787,-0.008094,-0.002590,-0.004726,-0.005135,0.001460,-0.001558,-0.003680,-0.001853,-0.000399,0.000423,-0.001200,0.001588,-0.000196,0.002099,0.009894,0.006710,0.002326,0.001598,-0.000459,0.002056,0.000429,0.002600,0.003880,-0.001336,-0.000406,-0.000353,-0.000459,0.000998,0.001752,0.000774,0.000598,0.002253,0.002527,-0.004341,0.007240,0.001815,0.001204
0.011397,0.021330,0.009298,0.008772,0.007055,0.003594,-0.000855,0.000708,0.003514,0.009170,0.003582,-0.003135,0.007921,0.004247,0.005363,0.004195,0.001046,0.006050,-0.003802,0.002371,0.002187,-0.001958,-0.003849,-0.005188,0.000688,-0.010082,-0.007435,-0.004046,-0.010574,-0.002226,0.002730,-0.001501,0.000673,-0.005428,0.002917,-0.001617,-0.003386,0.007599,0.003082,0.001457,0.003227,0.000719,0.003547,0.002314,0.001735,0.002047,0.002516,0.004601,0.000650,-0.001588,0.001758,0.001792,0.005895,0.003679,0.004664,0.001636,0.005115,0.003950,0.004581,0.002792
0.008141,0.009298,0.015820,0.009315,0.006214,0.004601,0.001842,0.005222,0.002264,0.003672,0.004849,-0.003725,0.003892,0.004814,0.002976,0.005126,0.001805,0.002294,0.000031,0.005172,0.000653,0.002988,0.006793,0.000452,0.000931,-0.005497,-0.007281,-0.004899,-0.009367,-0.001091,-0.002359,-0.005129,-0.004167,-0.005492,-0.001878,0.003048,-0.001513,0.000749,0.001574,0.001466,0.005552,0.005487,-0.002817,0.001070,0.001688,0.004777,0.005039,0.002572,0.004380,0.001481,0.002869,0.004234,0.004895,0.006738,0.006087,0.001059,0.003252,0.003902,0.002675,0.003344
0.005954,0.008772,0.009315,0.012808,0.006932,0.004536,-0.001005,0.002721,0.003313,0.003247,0.002676,-0.002238,0.003952,0.001945,0.000790,0.002728,-0.000034,0.002328,-0.005006,0.000989,-0.002370,-0.002595,-0.000262,-0.003535,-0.001335,0.000516,-0.002468,0.001053,-0.005665,0.000536,0.001624,-0.004066,-0.002340,-0.005049,-0.001373,-0.000997,-0.001833,0.003363,0.001238,0.000928,0.005219,0.003675,-0.000964,0.000529,0.001109,0.002586,0.003760,0.002564,0.003846,0.000251,0.002144,0.004125,0.003197,0.003678,0.005437,0.002722,0.004721,0.000996,0.003991,0.005278
0.004724,0.007055,0.006214,0.006932,0.020849,0.006334,0.000813,-0.003168,0.000535,0.003410,0.005635,0.005423,0.003674,0.006878,0.006479,0.009035,0.002535,0.009016,0.007903,0.007183,-0.003382,0.002811,0.005463,-0.003836,-0.004846,-0.008822,-0.002746,-0.003261,-0.009921,-0.006238,-0.004365,-0.004799,-0.000847,-0.006564,-0.003663,-0.003377,-0.003243,-0.001867,0.000248,-0.002284,0.004842,0.004753,-0.001248,-0.001405,0.004170,0.002518,0.001475,0.004033,-0.002114,-0.003154,0.002248,0.002904,0.000195,0.004822,0.006088,0.000863,0.001317,0.003759,0.001920,0.006336
0.001318,0.003594,0.004601,0.004536,0.006334,0.035146,0.011787,0.011999,0.004856,0.010630,0.007871,0.002470,-0.003790,0.009295,0.011958,0.009880,0.004196,0.006465,0.008801,0.008575,0.003567,-0.003380,0.006292,0.004622,0.000624,0.001154,0.000921,-0.005522,-0.002728,-0.003391,-0.001083,-0.006006,-0.004038,-0.007034,-0.008006,-0.003212,-0.005971,0.000461,0.002485,0.006768,0.000141,0.001955,0.000737,0.000006,-0.002230,0.000134,-0.000380,0.001741,-0.000397,-0.004841,0.001644,0.001779,0.002085,0.002069,0.002119,0.002782,-0.000789,0.004235,0.004875,0.003724
-0.001930,-0.000855,0.001842,-0.001005,0.000813,0.011787,0.040489,0.016620,0.002925,0.000812,0.005857,-0.005018,0.003688,0.013305,0.014363,0.012097,0.003906,0.011120,0.018922,0.004369,0.008536,0.009001,0.010887,0.010098,-0.003217,-0.003182,-0.004178,-0.012501,0.001072,0.000948,-0.007449,-0.002762,-0.006194,-0.009796,-0.010820,-0.004355,-0.005132,-0.011003,-0.009599,-0.001973,0.002959,0.000053,-0.004324,0.003275,0.001066,0.003037,0.001243,0.000545,0.002886,0.006291,0.001850,0.001043,-0.000827,0.006497,0.009019,-0.001743,0.006490,0.004572,-0.000884,0.001979
0.001331,0.000708,0.005222,0.002721,-0.003168,0.011999,0.016620,0.040550,0.008792,0.007778,0.014229,-0.005307,0.002783,0.010435,0.014217,0.010348,0.008536,0.007946,0.005786,0.008325,0.010303,-0.003857,0.012281,0.005521,0.002068,0.000178,-0.006162,-0.003011,-0.008797,-0.007568,-0.003927,-0.000168,-0.004238,-0.008734,-0.007794,-0.008056,-0.005689,-0.003255,0.000073,0.003195,0.003090,0.004797,0.003249,0.000831,0.002055,0.005816,0.004695,0.003848,0.008639,0.004345,0.001209,0.002310,0.000726,0.000814,0.002767,0.000942,0.003615,0.005313,-0.000437,0.001592
0.002175,0.003514,0.002264,0.003313,0.000535,0.004856,0.002925,0.008792,0.032199,0.015242,0.013957,-0.006127,0.003368,-0.002468,0.001687,0.001973,0.004696,0.005702,-0.003780,0.009293,0.005695,-0.003358,0.003555,-0.001939,0.001734,-0.004715,0.003354,0.003828,-0.007313,-0.001288,0.009022,0.004545,-0.004256,-0.007397,-0.004263,-0.007730,0.001229,0.003277,0.001534,0.005817,0.008331,-0.001857,0.004762,-0.000182,-0.001997,0.002426,0.004292,0.003669,-0.000045,0.002285,-0.001445,0.002377,-0.002116,0.000998,0.001028,0.001660,0.006423,0.000314,-0.005284,-0.001251
0.004145,0.009170,0.003672,0.003247,0.003410,0.010630,0.000812,0.007778,0.015242,0.042639,0.019199,0.007309,0.012642,0.002739,0.005492,0.003207,0.007663,0.003746,-0.008453,0.011450,0.004054,-0.018645,-0.005408,0.003787,0.011561,-0.002242,-0.001677,0.010273,-0.000608,-0.000174,0.004207,0.001340,-0.003673,-0.006203,-0.003202,-0.010724,-0.003421,0.004545,0.003044,0.007711,0.005499,-0.001304,0.008795,0.000065,0.010899,0.004197,0.007401,0.008511,0.004851,-0.005635,0.000429,-0.000225,-0.002854,-0.004212,0.001850,0.000629,0.004458,-0.000895,-0.000891,-0.000476
0.004562,0.003582,0.004849,0.002676,0.005635,0.007871,0.005857,0.014229,0.013957,0.019199,0.042672,0.007621,0.007813,0.009570,0.011450,0.006224,0.003637,0.002498,0.010571,0.012197,0.001914,-0.002849,0.008005,0.010039,0.016521,-0.005236,0.003596,0.009204,-0.004441,-0.006904,-0.001746,-0.001476,-0.006011,-0.011591,-0.012662,-0.012638,-0.009953,-0.001553,-0.001519,-0.001677,0.000196,0.000804,0.002360,-0.002485,0.004028,0.004280,0.002802,0.007263,0.002686,-0.001531,0.000375,0.002265,-0.001951,0.001552,0.003306,-0.000039,0.004006,0.001440,-0.005365,0.001868
0.000785,-0.003135,-0.003725,-0.002238,0.005423,0.002470,-0.005018,-0.005307,-0.006127,0.007309,0.007621,0.049931,0.013968,0.012467,0.002291,0.004474,0.000225,0.000223,0.013551,0.007149,0.005219,-0.000695,-0.000227,-0.000281,0.001920,-0.003692,-0.005168,0.001488,0.005710,0.000898,-0.001072,0.002328,-0.003116,0.008442,-0.006580,-0.008311,-0.007734,-0.002680,-0.005988,-0.002246,-0.002235,-0.001292,0.006298,-0.002093,0.003486,0.002198,0.000199,0.002276,-0.003516,-0.001610,0.001590,0.000115,0.002144,-0.003602,-0.001664,0.000200,-0.006408,-0.000817,-0.003346,0.001000
-0.000646,0.007921,0.003892,0.003952,0.003674,-0.003790,0.003688,0.002783,0.003368,0.012642,0.007813,0.013968,0.056065,0.014277,0.001749,0.011017,0.014995,0.018512,0.012922,0.013907,0.006542,-0.002146,0.004608,0.003602,-0.003176,-0.013755,-0.013613,-0.010843,-0.004736,-0.003266,0.005851,0.007017,-0.006016,0.000803,-0.003216,-0.004109,-0.008269,0.001327,-0.001994,0.006613,0.005939,0.006388,0.010984,0.004658,0.011532,0.005778,0.007770,0.009927,0.001487,0.000059,0.002557,0.005945,0.000905,0.008799,0.009738,0.000623,0.006471,0.000763,0.002899,0.000366
-0.000289,0.004247,0.004814,0.001945,0.006878,0.009295,0.013305,0.010435,-0.002468,0.002739,0.009570,0.012467,0.014277,0.039837,0.022401,0.023586,0.015671,0.015577,0.025432,0.011337,0.006934,0.011214,0.003208,0.001259,-0.009036,-0.009894,-0.007348,-0.018216,-0.008065,-0.002111,-0.011805,-0.012603,-0.008872,-0.013462,-0.012803,0.001188,-0.006010,-0.005798,-0.007965,-0.007673,0.001610,0.002646,-0.005052,-0.000706,-0.003022,-0.002315,0.000638,0.000238,0.001323,-0.000313,0.001994,0.000487,0.000638,0.009195,0.009008,-0.000752,0.003345,0.008172,0.002805,0.002704
0.004948,0.005363,0.002976,0.000790,0.006479,0.011958,0.014363,0.014217,0.001687,0.005492,0.011450,0.002291,0.001749,0.022401,0.051031,0.022932,0.015580,0.016355,0.023734,0.012968,0.014753,0.011231,0.000407,0.007942,-0.003089,-0.008341,-0.008528,-0.017299,-0.009471,-0.008581,-0.015267,-0.013405,-0.007261,-0.012963,-0.006506,-0.002560,-0.002578,-0.006043,-0.003202,-0.003624,-0.004671,-0.001130,-0.005964,0.001075,-0.002927,0.001462,-0.001982,-0.000818,0.000517,-0.001321,0.000144,0.000727,0.002629,0.006540,0.005373,-0.001716,-0.001743,0.009848,0.000314,0.003332
0.002701,0.004195,0.005126,0.002728,0.009035,0.009880,0.012097,0.010348,0.001973,0.003207,0.006224,0.004474,0.011017,0.023586,0.022932,0.082681,0.043611,0.036154,0.042108,0.025974,0.021873,0.023244,0.012522,0.015395,-0.027664,-0.018291,-0.018212,-0.036064,-0.029130,-0.020254,-0.022776,-0.026295,-0.012363,-0.014778,-0.009698,-0.002301,-0.006802,-0.002324,-0.010526,-0.007131,-0.004388,-0.000400,-0.017632,-0.001440,-0.011373,-0.001664,-0.004767,-0.002990,-0.002345,-0.000040,-0.000447,-0.002228,-0.005183,0.012455,0.007330,0.001394,0.003836,0.012891,0.005218,0.007002
0.001599,0.001046,0.001805,-0.000034,0.002535,0.004196,0.003906,0.008536,0.004696,0.007663,0.003637,0.000225,0.014995,0.015671,0.015580,0.043611,0.087176,0.033811,0.030850,0.014441,0.025477,0.011135,0.016153,0.014662,-0.019516,-0.011093,-0.009023,-0.011097,-0.009234,-0.001648,-0.006129,0.000823,-0.004232,-0.005960,-0.002935,-0.004272,-0.000332,-0.002256,-0.008889,-0.005484,0.003627,-0.001414,-0.006995,0.000608,-0.001223,0.000358,0.002257,0.002263,-0.003996,0.001309,-0.003317,0.003904,-0.003318,0.010506,0.003193,0.000321,0.007528,0.010107,-0.003242,0.001713
-0.001687,0.006050,0.002294,0.002328,0.009016,0.006465,0.011120,0.007946,0.005702,0.003746,0.002498,0.000223,0.018512,0.015577,0.016355,0.036154,0.033811,0.095627,0.029793,0.014911,0.025416,0.030571,0.026316,0.011908,-0.010606,-0.015268,-0.020213,-0.028442,-0.021168,-0.018397,-0.010243,-0.009692,-0.001926,-0.011532,-0.001755,-0.005648,0.002840,0.003032,0.001599,0.005348,0.003773,0.002685,-0.005415,0.005018,-0.008727,-0.001542,-0.005567,-0.007675,-0.005615,0.004184,-0.004304,0.004250,0.003658,0.018956,0.013933,0.001569,0.010559,0.006584,0.002195,0.007319
-0.002709,-0.003802,0.000031,-0.005006,0.007903,0.008801,0.018922,0.005786,-0.003780,-0.008453,0.010571,0.013551,0.012922,0.025432,0.023734,0.042108,0.030850,0.029793,0.110791,0.031334,0.030286,0.008782,0.005992,0.011691,-0.039492,-0.020072,-0.023682,-0.043062,-0.010691,-0.016604,-0.011197,-0.020031,-0.015144,-0.001871,-0.020626,-0.008912,-0.008774,-0.004044,-0.012925,-0.008141,-0.006276,-0.001264,-0.009581,-0.002885,-0.007146,-0.003900,-0.001079,-0.001963,-0.009669,0.001292,-0.000747,-0.002126,-0.005754,0.014353,0.007125,-0.004011,-0.005149,0.012476,-0.006324,0.003080
0.006477,0.002371,0.005172,0.000989,0.007183,0.008575,0.004369,0.008325,0.009293,0.011450,0.012197,0.007149,0.013907,0.011337,0.012968,0.025974,0.014441,0.014911,0.031334,0.108199,0.034838,0.011394,0.008287,0.015216,-0.012730,-0.020403,-0.010827,-0.021818,-0.011583,-0.008305,-0.015075,-0.004628,-0.012847,-0.006175,-0.012064,-0.012139,-0.001746,-0.001916,0.004332,-0.001412,0.002120,-0.004613,0.002618,-0.001036,0.005337,0.005101,-0.003987,-0.002177,-0.003644,-0.004908,-0.000768,0.003344,-0.000302,0.002889,0.003407,0.003541,-0.001797,0.000097,-0.006192,-0.000587
0.004093,0.002187,0.000653,-0.002370,-0.003382,0.003567,0.008536,0.010303,0.005695,0.004054,0.001914,0.005219,0.006542,0.006934,0.014753,0.021873,0.025477,0.025416,0.030286,0.034838,0.128905,0.029846,0.014952,0.032584,-0.020040,-0.020681,-0.031855,-0.037705,-0.024073,-0.015430,-0.014263,-0.008912,-0.011856,-0.001902,-0.004923,-0.007528,-0.001539,0.002052,0.002611,-0.006032,-0.006353,-0.005089,-0.009936,-0.001696,-0.000246,0.000089,-0.010670,-0.011305,-0.011237,0.006488,-0.002312,0.002975,-0.002823,0.001768,0.005167,0.011319,0.002801,0.004394,-0.008610,0.002764
-0.004469,-0.001958,0.002988,-0.002595,0.002811,-0.003380,0.009001,-0.003857,-0.003358,-0.018645,-0.002849,-0.000695,-0.002146,0.011214,0.011231,0.023244,0.011135,0.030571,0.008782,0.011394,0.029846,0.141682,0.037747,0.042420,0.003380,-0.005940,-0.001620,-0.028705,-0.024522,-0.018274,-0.031348,-0.011274,-0.011410,-0.013292,-0.006346,0.006056,0.002640,-0.008687,-0.002994,-0.004892,-0.002500,-0.001814,-0.025805,0.006473,-0.011787,0.004030,-0.005060,-0.014295,0.004231,0.007266,-0.000263,-0.008628,0.004198,0.012020,0.013021,0.004068,0.007859,0.008129,0.002155,0.006880
-0.005787,-0.003849,0.006793,-0.000262,0.005463,0.006292,0.010887,0.012281,0.003555,-0.005408,0.008005,-0.000227,0.004608,0.003208,0.000407,0.012522,0.016153,0.026316,0.005992,0.008287,0.014952,0.037747,0.130431,0.024342,-0.000015,0.003522,-0.006181,-0.006196,-0.018672,-0.012840,-0.025155,-0.002715,-0.013053,-0.003055,-0.013442,0.005821,0.000874,-0.012175,-0.001321,-0.007337,0.005688,0.001019,-0.011228,0.000534,-0.003175,0.004944,-0.002430,0.005223,0.000718,0.005960,0.001802,0.002423,0.005405,0.013689,0.010907,0.003309,0.000847,0.007329,-0.003255,0.000136
-0.008094,-0.005188,0.000452,-0.003535,-0.003836,0.004622,0.010098,0.005521,-0.001939,0.003787,0.010039,-0.000281,0.003602,0.001259,0.007942,0.015395,0.014662,0.011908,0.011691,0.015216,0.032584,0.042420,0.024342,0.142026,0.018524,-0.001943,0.006817,-0.028405,-0.026701,-0.015232,-0.026765,-0.011152,-0.013016,-0.011392,-0.023895,-0.007429,-0.011039,-0.014899,-0.011401,-0.007172,-0.014149,-0.009383,-0.019251,0.007394,-0.004947,-0.005984,-0.004264,0.003275,-0.003283,-0.001408,-0.004426,-0.004902,-0.001082,0.006588,0.000177,-0.011444,-0.004183,-0.000499,-0.009122,-0.000177
-0.002590,0.000688,0.000931,-0.001335,-0.004846,0.000624,-0.003217,0.002068,0.001734,0.011561,0.016521,0.001920,-0.003176,-0.009036,-0.003089,-0.027664,-0.019516,-0.010606,-0.039492,-0.012730,-0.020040,0.003380,-0.000015,0.018524,0.138272,0.026628,0.040159,0.025974,0.016996,0.016884,-0.002159,0.010902,-0.006793,-0.010847,-0.006926,-0.013251,-0.009451,-0.006415,-0.009620,-0.010221,0.000846,0.001100,0.004037,0.000746,0.009288,0.002248,0.006641,0.011953,0.008749,0.001802,-0.000103,0.000634,0.003112,-0.008121,-0.007220,-0.004383,-0.001296,-0.011396,-0.005289,-0.005271
-0.004726,-0.010082,-0.005497,0.000516,-0.008822,0.001154,-0.003182,0.000178,-0.004715,-0.002242,-0.005236,-0.003692,-0.013755,-0.009894,-0.008341,-0.018291,-0.011093,-0.015268,-0.020072,-0.020403,-0.020681,-0.005940,0.003522,-0.001943,0.026628,0.142777,0.022726,0.049645,0.022091,0.001526,0.014224,0.015446,0.001891,0.010270,0.005410,-0.008354,-0.004792,-0.010354,-0.011530,-0.011580,0.001484,-0.000973,0.000397,-0.010623,0.009701,0.003296,0.006772,-0.003728,0.001257,-0.002902,0.001596,-0.003074,0.005829,-0.008240,-0.003831,-0.001528,-0.005871,-0.000748,-0.004537,-0.000520
-0.005135,-0.007435,-0.007281,-0.002468,-0.002746,0.000921,-0.004178,-0.006162,0.003354,-0.001677,0.003596,-0.005168,-0.013613,-0.007348,-0.008528,-0.018212,-0.009023,-0.020213,-0.023682,-0.010827,-0.031855,-0.001620,-0.006181,0.006817,0.040159,0.022726,0.141161,0.038105,0.018813,0.004989,-0.004460,0.013193,0.011868,0.007594,0.001882,-0.003100,0.005400,-0.001808,-0.007216,-0.005130,0.007211,0.004024,0.008518,0.001743,0.001339,-0.005213,0.001827,0.000343,0.001447,-0.005632,0.001391,-0.002660,-0.009339,-0.007838,-0.003738,-0.006171,-0.005374,-0.013660,-0.002090,-0.006502
0.001460,-0.004046,-0.004899,0.001053,-0.003261,-0.005522,-0.012501,-0.003011,0.003828,0.010273,0.009204,0.001488,-0.010843,-0.018216,-0.017299,-0.036064,-0.011097,-0.028442,-0.043062,-0.021818,-0.037705,-0.028705,-0.006196,-0.028405,0.025974,0.049645,0.038105,0.153129,0.049533,0.021695,0.027655,0.023278,0.012507,-0.005843,-0.004034,-0.018384,-0.008600,-0.002682,-0.012011,-0.011876,-0.004006,-0.000613,0.015541,-0.013057,0.010368,-0.002604,0.008644,0.006436,0.000321,-0.001857,0.001661,0.000945,0.006498,-0.009411,-0.011358,-0.001043,-0.004809,-0.010126,-0.006355,-0.008519
-0.001558,-0.010574,-0.009367,-0.005665,-0.009921,-0.002728,0.001072,-0.008797,-0.007313,-0.000608,-0.004441,0.005710,-0.004736,-0.008065,-0.009471,-0.029130,-0.009234,-0.021168,-0.010691,-0.011583,-0.024073,-0.024522,-0.018672,-0.026701,0.016996,0.022091,0.018813,0.049533,0.127630,0.039175,0.028226,0.012714,0.000525,0.004554,-0.006309,-0.004113,-0.000234,-0.007281,-0.003295,0.003162,-0.007036,-0.015015,0.001868,-0.007174,0.009813,0.003738,0.005292,0.004485,0.000624,0.000137,-0.001643,-0.003257,-0.004727,-0.010949,-0.010616,-0.002946,-0.001235,-0.007382,0.001683,-0.006929
-0.003680,-0.002226,-0.001091,0.000536,-0.006238,-0.003391,0.000948,-0.007568,-0.001288,-0.000174,-0.006904,0.000898,-0.003266,-0.002111,-0.008581,-0.020254,-0.001648,-0.018397,-0.016604,-0.008305,-0.015430,-0.018274,-0.012840,-0.015232,0.016884,0.001526,0.004989,0.021695,0.039175,0.094295,0.032828,0.000986,-0.002465,0.013241,0.002322,-0.005578,-0.008685,-0.003547,-0.007032,-0.001218,0.008693,-0.003606,0.004858,-0.005557,0.005389,0.003294,0.009548,0.005957,0.000569,0.006764,0.003243,0.005290,0.000280,-0.010772,-0.003715,0.001710,-0.006313,-0.004486,-0.000256,-0.007458
-0.001853,0.002730,-0.002359,0.001624,-0.004365,-0.001083,-0.007449,-0.003927,0.009022,0.004207,-0.001746,-0.001072,0.005851,-0.011805,-0.015267,-0.022776,-0.006129,-0.010243,-0.011197,-0.015075,-0.014263,-0.031348,-0.025155,-0.026765,-0.002159,0.014224,-0.004460,0.027655,0.028226,0.032828,0.085884,0.020653,0.012414,0.015807,0.010763,-0.002231,0.002764,0.002140,-0.000284,0.015205,0.006402,0.001986,0.020118,-0.004014,0.008194,0.002185,0.012879,0.007926,0.009450,0.005599,0.001213,0.002795,0.002370,-0.001121,-0.003940,0.005523,0.002327,-0.002119,-0.000303,-0.005900
-0.000399,-0.001501,-0.005129,-0.004066,-0.004799,-0.006006,-0.002762,-0.000168,0.004545,0.001340,-0.001476,0.002328,0.007017,-0.012603,-0.013405,-0.026295,0.000823,-0.009692,-0.020031,-0.004628,-0.008912,-0.011274,-0.002715,-0.011152,0.010902,0.015446,0.013193,0.023278,0.012714,0.000986,0.020653,0.069755,0.013363,0.014704,0.012983,-0.005804,-0.004526,0.000042,0.002504,0.011407,0.005009,0.003732,0.025093,-0.000914,0.013072,0.004775,0.002800,0.004807,0.004189,0.005382,0.000883,-0.001007,0.006308,-0.002768,-0.001565,0.000952,0.006222,-0.004674,-0.006745,-0.004239
0.000423,0.000673,-0.004167,-0.002340,-0.000847,-0.004038,-0.006194,-0.004238,-0.004256,-0.003673,-0.006011,-0.003116,-0.006016,-0.008872,-0.007261,-0.012363,-0.004232,-0.001926,-0.015144,-0.012847,-0.011856,-0.011410,-0.013053,-0.013016,-0.006793,0.001891,0.011868,0.012507,0.000525,-0.002465,0.012414,0.013363,0.052610,0.012937,0.013238,0.001804,0.016633,-0.000524,0.001237,-0.001828,-0.001744,0.000042,0.010497,0.001297,0.000373,-0.000899,-0.006556,-0.001339,-0.001542,-0.003054,0.000781,-0.001654,0.004811,-0.004860,-0.007238,0.000221,-0.002391,-0.004964,0.002267,-0.001025
-0.001200,-0.005428,-0.005492,-0.005049,-0.006564,-0.007034,-0.009796,-0.008734,-0.007397,-0.006203,-0.011591,0.008442,0.000803,-0.013462,-0.012963,-0.014778,-0.005960,-0.011532,-0.001871,-0.006175,-0.001902,-0.013292,-0.003055,-0.011392,-0.010847,0.010270,0.007594,-0.005843,0.004554,0.013241,0.015807,0.014704,0.012937,0.068479,0.032646,0.018258,0.018507,0.008698,0.009425,0.014627,0.002878,0.004712,0.010630,-0.001029,-0.002352,-0.000141,-0.004689,-0.002190,-0.003225,-0.004989,0.001300,-0.001404,-0.004666,-0.013376,-0.004860,-0.004134,-0.008608,-0.001482,0.005163,-0.005079
0.001588,0.002917,-0.001878,-0.001373,-0.003663,-0.008006,-0.010820,-0.007794,-0.004263,-0.003202,-0.012662,-0.006580,-0.003216,-0.012803,-0.006506,-0.009698,-0.002935,-0.001755,-0.020626,-0.012064,-0.004923,-0.006346,-0.013442,-0.023895,-0.006926,0.005410,0.001882,-0.004034,-0.006309,0.002322,0.010763,0.012983,0.013238,0.032646,0.075355,0.022045,0.020005,0.020573,0.023323,0.020878,0.003145,0.005205,0.011090,-0.000471,-0.000714,0.007116,-0.000694,-0.005944,0.006544,-0.005089,0.002357,0.001817,0.003602,-0.010847,-0.002454,0.002948,-0.002875,0.003848,0.006091,0.001687
-0.000196,-0.001617,0.003048,-0.000997,-0.003377,-0.003212,-0.004355,-0.008056,-0.007730,-0.010724,-0.012638,-0.008311,-0.004109,0.001188,-0.002560,-0.002301,-0.004272,-0.005648,-0.008912,-0.012139,-0.007528,0.006056,0.005821,-0.007429,-0.013251,-0.008354,-0.003100,-0.018384,-0.004113,-0.005578,-0.002231,-0.005804,0.001804,0.018258,0.022045,0.059551,0.022689,0.006787,0.011149,0.004749,-0.006511,0.003039,-0.006641,0.007268,-0.008336,-0.004099,-0.005374,-0.003065,0.001334,-0.001822,0.000714,-0.004658,0.002328,-0.001050,-0.000328,0.000799,0.000622,0.003419,0.008775,-0.002289
0.002099,-0.003386,-0.001513,-0.001833,-0.003243,-0.005971,-0.005132,-0.005689,0.001229,-0.003421,-0.009953,-0.007734,-0.008269,-0.006010,-0.002578,-0.006802,-0.000332,0.002840,-0.008774,-0.001746,-0.001539,0.002640,0.000874,-0.011039,-0.009451,-0.004792,0.005400,-0.008600,-0.000234,-0.008685,0.002764,-0.004526,0.016633,0.018507,0.020005,0.022689,0.065304,0.017273,0.018024,0.006983,0.008410,0.010651,0.004648,0.011182,-0.002872,0.000371,-0.000244,-0.004014,0.007266,-0.006446,-0.000164,-0.003282,-0.001709,-0.004105,-0.001830,0.002977,0.002001,0.003005,0.009647,0.002058
0.009894,0.007599,0.000749,0.003363,-0.001867,0.000461,-0.011003,-0.003255,0.003277,0.004545,-0.001553,-0.002680,0.001327,-0.005798,-0.006043,-0.002324,-0.002256,0.003032,-0.004044,-0.001916,0.002052,-0.008687,-0.012175,-0.014899,-0.006415,-0.010354,-0.001808,-0.002682,-0.007281,-0.003547,0.002140,0.000042,-0.000524,0.008698,0.020573,0.006787,0.017273,0.051556,0.026219,0.016105,0.011099,0.003591,0.008633,0.006695,-0.000257,0.001935,0.001927,-0.000852,0.003400,-0.006191,-0.001371,-0.000985,-0.004013,-0.004125,0.000616,0.006524,-0.003001,0.007049,0.006423,0.002545
0.006710,0.003082,0.001574,0.001238,0.000248,0.002485,-0.009599,0.000073,0.001534,0.003044,-0.001519,-0.005988,-0.001994,-0.007965,-0.003202,-0.010526,-0.008889,0.001599,-0.012925,0.004332,0.002611,-0.002994,-0.001321,-0.011401,-0.009620,-0.011530,-0.007216,-0.012011,-0.003295,-0.007032,-0.000284,0.002504,0.001237,0.009425,0.023323,0.011149,0.018024,0.026219,0.047743,0.020971,0.005796,0.007812,0.008555,0.009233,0.002649,0.006246,-0.005348,-0.003156,0.001975,-0.002889,-0.001175,-0.000694,-0.002204,-0.000908,0.006559,0.005639,0.000400,0.005434,0.005471,0.002980
0.002326,0.001457,0.001466,0.000928,-0.002284,0.006768,-0.001973,0.003195,0.005817,0.007711,-0.001677,-0.002246,0.006613,-0.007673,-0.003624,-0.007131,-0.005484,0.005348,-0.008141,-0.001412,-0.006032,-0.004892,-0.007337,-0.007172,-0.010221,-0.011580,-0.005130,-0.011876,0.003162,-0.001218,0.015205,0.011407,-0.001828,0.014627,0.020878,0.004749,0.006983,0.016105,0.020971,0.052776,0.009398,0.005191,0.018359,0.005608,0.004799,0.006817,0.007455,0.007262,0.007689,0.001789,0.001054,0.001087,0.002225,-0.002009,0.005237,0.005997,0.002781,0.003340,0.010087,0.001499
0.001598,0.003227,0.005552,0.005219,0.004842,0.000141,0.002959,0.003090,0.008331,0.005499,0.000196,-0.002235,0.005939,0.001610,-0.004671,-0.004388,0.003627,0.003773,-0.006276,0.002120,-0.006353,-0.002500,0.005688,-0.014149,0.000846,0.001484,0.007211,-0.004006,-0.007036,0.008693,0.006402,0.005009,-0.001744,0.002878,0.003145,-0.006511,0.008410,0.011099,0.005796,0.009398,0.043038,0.016440,0.012412,0.002696,0.012592,0.009329,0.012663,0.012392,0.010193,0.003127,0.005393,0.009875,-0.003346,0.003438,0.006212,0.000511,0.003297,0.002663,0.001715,0.003310
-0.000459,0.000719,0.005487,0.003675,0.004753,0.001955,0.000053,0.004797,-0.001857,-0.001304,0.000804,-0.001292,0.006388,0.002646,-0.001130,-0.000400,-0.001414,0.002685,-0.001264,-0.004613,-0.005089,-0.001814,0.001019,-0.009383,0.001100,-0.000973,0.004024,-0.000613,-0.015015,-0.003606,0.001986,0.003732,0.000042,0.004712,0.005205,0.003039,0.010651,0.003591,0.007812,0.005191,0.016440,0.048543,0.015744,0.008152,0.016258,0.010058,0.008018,0.007181,0.009550,0.010833,0.008345,0.005918,0.004162,0.002810,0.005480,-0.000838,0.002583,0.002827,0.005703,0.005903
0.002056,0.003547,-0.002817,-0.000964,-0.001248,0.000737,-0.004324,0.003249,0.004762,0.008795,0.002360,0.006298,0.010984,-0.005052,-0.005964,-0.017632,-0.006995,-0.005415,-0.009581,0.002618,-0.009936,-0.025805,-0.011228,-0.019251,0.004037,0.000397,0.008518,0.015541,0.001868,0.004858,0.020118,0.025093,0.010497,0.010630,0.011090,-0.006641,0.004648,0.008633,0.008555,0.018359,0.012412,0.015744,0.047112,0.006516,0.013721,0.006278,0.006408,0.014478,0.006394,0.003976,0.002341,0.002199,0.007244,-0.004087,-0.001804,0.004482,0.001177,-0.000031,0.005074,-0.002942
0.000429,0.002314,0.001070,0.000529,-0.001405,0.000006,0.003275,0.000831,-0.000182,0.000065,-0.002485,-0.002093,0.004658,-0.000706,0.001075,-0.001440,0.000608,0.005018,-0.002885,-0.001036,-0.001696,0.006473,0.000534,0.007394,0.000746,-0.010623,0.001743,-0.013057,-0.007174,-0.005557,-0.004014,-0.000914,0.001297,-0.001029,-0.000471,0.007268,0.011182,0.006695,0.009233,0.005608,0.002696,0.008152,0.006516,0.028360,0.002265,0.005525,0.002120,0.002758,0.004903,0.000855,-0.001044,-0.002571,-0.001816,-0.001560,0.005061,0.001972,0.004847,0.002096,0.006577,0.004568
0.002600,0.001735,0.001688,0.001109,0.004170,-0.002230,0.001066,0.002055,-0.001997,0.010899,0.004028,0.003486,0.011532,-0.003022,-0.002927,-0.011373,-0.001223,-0.008727,-0.007146,0.005337,-0.000246,-0.011787,-0.003175,-0.004947,0.009288,0.009701,0.001339,0.010368,0.009813,0.005389,0.008194,0.013072,0.000373,-0.002352,-0.000714,-0.008336,-0.002872,-0.000257,0.002649,0.004799,0.012592,0.016258,0.013721,0.002265,0.046953,0.015932,0.016332,0.016228,0.014462,0.006594,0.005090,0.007115,0.006007,-0.000542,0.005203,-0.001564,0.000833,-0.003164,-0.001646,0.000349
0.003880,0.002047,0.004777,0.002586,0.002518,0.000134,0.003037,0.005816,0.002426,0.004197,0.004280,0.002198,0.005778,-0.002315,0.001462,-0.001664,0.000358,-0.001542,-0.003900,0.005101,0.000089,0.004030,0.004944,-0.005984,0.002248,0.003296,-0.005213,-0.002604,0.003738,0.003294,0.002185,0.004775,-0.000899,-0.000141,0.007116,-0.004099,0.000371,0.001935,0.006246,0.006817,0.009329,0.010058,0.006278,0.005525,0.015932,0.025597,0.008297,0.005633,0.010056,0.006991,0.004744,0.004764,0.005874,0.001843,0.004857,0.001065,0.000220,0.001231,-0.000197,0.002270
-0.001336,0.002516,0.005039,0.003760,0.001475,-0.000380,0.001243,0.004695,0.004292,0.007401,0.002802,0.000199,0.007770,0.000638,-0.001982,-0.004767,0.002257,-0.005567,-0.001079,-0.003987,-0.010670,-0.005060,-0.002430,-0.004264,0.006641,0.006772,0.001827,0.008644,0.005292,0.009548,0.012879,0.002800,-0.006556,-0.004689,-0.000694,-0.005374,-0.000244,0.001927,-0.005348,0.007455,0.012663,0.008018,0.006408,0.002120,0.016332,0.008297,0.024791,0.012777,0.013712,0.004490,0.004060,0.003322,0.003681,0.000978,0.005173,-0.000575,0.003816,0.001644,0.001344,0.000097
-0.000406,0.004601,0.002572,0.002564,0.004033,0.001741,0.000545,0.003848,0.003669,0.008511,0.007263,0.002276,0.009927,0.000238,-0.000818,-0.002990,0.002263,-0.007675,-0.001963,-0.002177,-0.011305,-0.014295,0.005223,0.003275,0.011953,-0.003728,0.000343,0.006436,0.004485,0.005957,0.007926,0.004807,-0.001339,-0.002190,-0.005944,-0.003065,-0.004014,-0.000852,-0.003156,0.007262,0.012392,0.007181,0.014478,0.002758,0.016228,0.005633,0.012777,0.035376,0.009985,0.006063,0.003000,0.003698,0.003606,0.002386,0.003318,-0.003365,0.004847,0.000981,0.003389,-0.000876
-0.000353,0.000650,0.004380,0.003846,-0.002114,-0.000397,0.002886,0.008639,-0.000045,0.004851,0.002686,-0.003516,0.001487,0.001323,0.000517,-0.002345,-0.003996,-0.005615,-0.009669,-0.003644,-0.011237,0.004231,0.000718,-0.003283,0.008749,0.001257,0.001447,0.000321,0.000624,0.000569,0.009450,0.004189,-0.001542,-0.003225,0.006544,0.001334,0.007266,0.003400,0.001975,0.007689,0.010193,0.009550,0.006394,0.004903,0.014462,0.010056,0.013712,0.009985,0.034319,0.009294,0.004091,0.001154,0.002815,-0.000399,0.007797,0.001222,0.005912,0.003054,0.004641,0.002303
-0.000459,-0.001588,0.001481,0.000251,-0.003154,-0.004841,0.006291,0.004345,0.002285,-0.005635,-0.001531,-0.001610,0.000059,-0.000313,-0.001321,-0.000040,0.001309,0.004184,0.001292,-0.004908,0.006488,0.007266,0.005960,-0.001408,0.001802,-0.002902,-0.005632,-0.001857,0.000137,0.006764,0.005599,0.005382,-0.003054,-0.004989,-0.005089,-0.001822,-0.006446,-0.006191,-0.002889,0.001789,0.003127,0.010833,0.003976,0.000855,0.006594,0.006991,0.004490,0.006063,0.009294,0.027606,0.002932,0.005880,0.007629,0.005193,0.004972,-0.000933,0.004307,-0.000556,-0.005014,0.000427
0.000998,0.001758,0.002869,0.002144,0.002248,0.001644,0.001850,0.001209,-0.001445,0.000429,0.000375,0.001590,0.002557,0.001994,0.000144,-0.000447,-0.003317,-0.004304,-0.000747,-0.000768,-0.002312,-0.000263,0.001802,-0.004426,-0.000103,0.001596,0.001391,0.001661,-0.001643,0.003243,0.001213,0.000883,0.000781,0.001300,0.002357,0.000714,-0.000164,-0.001371,-0.001175,0.001054,0.005393,0.008345,0.002341,-0.001044,0.005090,0.004744,0.004060,0.003000,0.004091,0.002932,0.010265,0.003768,0.005044,0.003727,0.003071,0.000760,0.000579,-0.000754,0.000051,0.001230
0.001752,0.001792,0.004234,0.004125,0.002904,0.001779,0.001043,0.002310,0.002377,-0.000225,0.002265,0.000115,0.005945,0.000487,0.000727,-0.002228,0.003904,0.004250,-0.002126,0.003344,0.002975,-0.008628,0.002423,-0.004902,0.000634,-0.003074,-0.002660,0.000945,-0.003257,0.005290,0.002795,-0.001007,-0.001654,-0.001404,0.001817,-0.004658,-0.003282,-0.000985,-0.000694,0.001087,0.009875,0.005918,0.002199,-0.002571,0.007115,0.004764,0.003322,0.003698,0.001154,0.005880,0.003768,0.016066,0.004040,0.003693,0.001816,-0.000508,-0.000618,-0.001920,-0.003039,0.000485
0.000774,0.005895,0.004895,0.003197,0.000195,0.002085,-0.000827,0.000726,-0.002116,-0.002854,-0.001951,0.002144,0.000905,0.000638,0.002629,-0.005183,-0.003318,0.003658,-0.005754,-0.000302,-0.002823,0.004198,0.005405,-0.001082,0.003112,0.005829,-0.009339,0.006498,-0.004727,0.000280,0.002370,0.006308,0.004811,-0.004666,0.003602,0.002328,-0.001709,-0.004013,-0.002204,0.002225,-0.003346,0.004162,0.007244,-0.001816,0.006007,0.005874,0.003681,0.003606,0.002815,0.007629,0.005044,0.004040,0.035039,0.009359,0.003101,0.000099,0.003244,-0.001262,0.001493,0.000115
0.000598,0.003679,0.006738,0.003678,0.004822,0.002069,0.006497,0.000814,0.000998,-0.004212,0.001552,-0.003602,0.008799,0.009195,0.006540,0.012455,0.010506,0.018956,0.014353,0.002889,0.001768,0.012020,0.013689,0.006588,-0.008121,-0.008240,-0.007838,-0.009411,-0.010949,-0.010772,-0.001121,-0.002768,-0.004860,-0.013376,-0.010847,-0.001050,-0.004105,-0.004125,-0.000908,-0.002009,0.003438,0.002810,-0.004087,-0.001560,-0.000542,0.001843,0.000978,0.002386,-0.000399,0.005193,0.003727,0.003693,0.009359,0.042631,0.012237,0.000665,0.010270,0.004266,0.000060,0.000882
0.002253,0.004664,0.006087,0.005437,0.006088,0.002119,0.009019,0.002767,0.001028,0.001850,0.003306,-0.001664,0.009738,0.009008,0.005373,0.007330,0.003193,0.013933,0.007125,0.003407,0.005167,0.013021,0.010907,0.000177,-0.007220,-0.003831,-0.003738,-0.011358,-0.010616,-0.003715,-0.003940,-0.001565,-0.007238,-0.004860,-0.002454,-0.000328,-0.001830,0.000616,0.006559,0.005237,0.006212,0.005480,-0.001804,0.005061,0.005203,0.004857,0.005173,0.003318,0.007797,0.004972,0.003071,0.001816,0.003101,0.012237,0.027657,0.002113,0.009340,0.004873,0.003789,0.003495
0.002527,0.001636,0.001059,0.002722,0.000863,0.002782,-0.001743,0.000942,0.001660,0.000629,-0.000039,0.000200,0.000623,-0.000752,-0.001716,0.001394,0.000321,0.001569,-0.004011,0.003541,0.011319,0.004068,0.003309,-0.011444,-0.004383,-0.001528,-0.006171,-0.001043,-0.002946,0.001710,0.005523,0.000952,0.000221,-0.004134,0.002948,0.000799,0.002977,0.006524,0.005639,0.005997,0.000511,-0.000838,0.004482,0.001972,-0.001564,0.001065,-0.000575,-0.003365,0.001222,-0.000933,0.000760,-0.000508,0.000099,0.000665,0.002113,0.019919,0.003464,0.002368,0.005405,0.001382
-0.004341,0.005115,0.003252,0.004721,0.001317,-0.000789,0.006490,0.003615,0.006423,0.004458,0.004006,-0.006408,0.006471,0.003345,-0.001743,0.003836,0.007528,0.010559,-0.005149,-0.001797,0.002801,0.007859,0.000847,-0.004183,-0.001296,-0.005871,-0.005374,-0.004809,-0.001235,-0.006313,0.002327,0.006222,-0.002391,-0.008608,-0.002875,0.000622,0.002001,-0.003001,0.000400,0.002781,0.003297,0.002583,0.001177,0.004847,0.000833,0.000220,0.003816,0.004847,0.005912,0.004307,0.000579,-0.000618,0.003244,0.010270,0.009340,0.003464,0.033771,-0.000273,0.006041,0.003798
0.007240,0.003950,0.003902,0.000996,0.003759,0.004235,0.004572,0.005313,0.000314,-0.000895,0.001440,-0.000817,0.000763,0.008172,0.009848,0.012891,0.010107,0.006584,0.012476,0.000097,0.004394,0.008129,0.007329,-0.000499,-0.011396,-0.000748,-0.013660,-0.010126,-0.007382,-0.004486,-0.002119,-0.004674,-0.004964,-0.001482,0.003848,0.003419,0.003005,0.007049,0.005434,0.003340,0.002663,0.002827,-0.000031,0.002096,-0.003164,0.001231,0.001644,0.000981,0.003054,-0.000556,-0.000754,-0.001920,-0.001262,0.004266,0.004873,0.002368,-0.000273,0.018921,0.004759,0.004223
0.001815,0.004581,0.002675,0.003991,0.001920,0.004875,-0.000884,-0.000437,-0.005284,-0.000891,-0.005365,-0.003346,0.002899,0.002805,0.000314,0.005218,-0.003242,0.002195,-0.006324,-0.006192,-0.008610,0.002155,-0.003255,-0.009122,-0.005289,-0.004537,-0.002090,-0.006355,0.001683,-0.000256,-0.000303,-0.006745,0.002267,0.005163,0.006091,0.008775,0.009647,0.006423,0.005471,0.010087,0.001715,0.005703,0.005074,0.006577,-0.001646,-0.000197,0.001344,0.003389,0.004641,-0.005014,0.000051,-0.003039,0.001493,0.000060,0.003789,0.005405,0.006041,0.004759,0.028726,0.004161
0.001204,0.002792,0.003344,0.005278,0.006336,0.003724,0.001979,0.001592,-0.001251,-0.000476,0.001868,0.001000,0.000366,0.002704,0.003332,0.007002,0.001713,0.007319,0.003080,-0.000587,0.002764,0.006880,0.000136,-0.000177,-0.005271,-0.000520,-0.006502,-0.008519,-0.006929,-0.007458,-0.005900,-0.004239,-0.001025,-0.005079,0.001687,-0.002289,0.002058,0.002545,0.002980,0.001499,0.003310,0.005903,-0.002942,0.004568,0.000349,0.002270,0.000097,-0.000876,0.002303,0.000427,0.001230,0.000485,0.000115,0.000882,0.003495,0.001382,0.003798,0.004223,0.004161,0.014776
