7614.224143,-1078.119979,-1352.941857,-80.992611,47.912908,-787.722476,-818.364014,-19.055081
-1078.119979,5191.648086,-867.548850,95.937096,30.519079,-803.602700,-1001.831754,67.501647
-1352.941857,-867.548850,2900.434386,-139.694573,63.569165,-95.587199,34.895175,-201.587595
-80.992611,95.937096,-139.694573,346.566333,-45.390806,-112.717584,-421.507402,167.997819
47.912908,30.519079,63.569165,-45.390806,27.315250,-84.255198,66.026735,-32.219763
-787.722476,-803.602700,-95.587199,-112.717584,-84.255198,4416.011252,-806.103165,-77.173927
-818.364014,-1001.831754,34.895175,-421.507402,66.026735,-806.103165,4670.681564,-171.818423
-19.055081,67.501647,-201.587595,167.997819,-32.219763,-77.173927,-171.818423,2278.243107
