6316.422684,-915.956770,-1343.683233,-133.374201,22.287552,-381.015558,-672.146791,-48.017167
-915.956770,5161.316336,-823.265060,122.448816,29.452072,-729.595559,-1132.969523,-12.555360
-1343.683233,-823.265060,2862.111051,-134.937817,65.602902,-201.809787,238.317505,-283.153784
-133.374201,122.448816,-134.937817,316.966540,-43.738312,-109.263985,-400.008432,219.453757
22.287552,29.452072,65.602902,-43.738312,25.171707,-68.343221,58.470677,-42.797118
-381.015558,-729.595559,-201.809787,-109.263985,-68.343221,3905.849809,-679.654789,-102.187901
-672.146791,-1132.969523,238.317505,-400.008432,58.470677,-679.654789,4686.805157,-377.153407
-48.017167,-12.555360,-283.153784,219.453757,-42.797118,-102.187901,-377.153407,2587.271867
