6386.258780,-1130.357314,-1266.266846,-52.125031,24.343624,-456.691137,-801.679256,-69.538541
-1130.357314,5396.846533,-879.748014,105.471472,34.312189,-893.836937,-846.499306,43.144247
-1266.266846,-879.748014,2835.663885,-158.777926,67.590982,-85.546685,153.614915,-243.026137
-52.125031,105.471472,-158.777926,343.689130,-44.810031,-145.001998,-419.053154,237.027910
24.343624,34.312189,67.590982,-44.810031,25.896568,-74.016772,67.139733,-37.833053
-456.691137,-893.836937,-85.546685,-145.001998,-74.016772,4239.969104,-727.519016,-96.574336
-801.679256,-846.499306,153.614915,-419.053154,67.139733,-727.519016,4691.076740,-343.837077
-69.538541,43.144247,-243.026137,237.027910,-37.833053,-96.574336,-343.837077,2667.393112
