0.033289,-0.007181,-0.014448,-0.000950,0.001726,-0.003031,-0.004592,-0.000436
-0.007181,0.041781,-0.012233,0.002343,0.002965,-0.007230,-0.005909,0.000330
-0.014448,-0.012233,0.070821,-0.006335,0.010490,-0.001243,0.001926,-0.003337
-0.000950,0.002343,-0.006335,0.021908,-0.011111,-0.003365,-0.008394,0.005199
0.001726,0.002965,0.010490,-0.011111,0.024976,-0.006682,0.005231,-0.003228
-0.003031,-0.007230,-0.001243,-0.003365,-0.006682,0.035830,-0.005306,-0.000771
-0.004592,-0.005909,0.001926,-0.008394,0.005231,-0.005306,0.029526,-0.002370
-0.000436,0.000330,-0.003337,0.005199,-0.003228,-0.000771,-0.002370,0.020132
