0.048545,-0.009078,-0.020922,-0.001608,0.003117,-0.004936,-0.006264,-0.000428
-0.009078,0.040133,-0.012890,0.001955,0.001279,-0.006775,-0.005377,-0.000054
-0.020922,-0.012890,0.074065,-0.006145,0.010263,-0.000502,0.000199,-0.002157
-0.001608,0.001955,-0.006145,0.020341,-0.009716,-0.002855,-0.007711,0.002640
0.003117,0.001279,0.010263,-0.009716,0.024203,-0.007510,0.004895,-0.001734
-0.004936,-0.006775,-0.000502,-0.002855,-0.007510,0.034204,-0.005011,-0.001099
-0.006264,-0.005377,0.000199,-0.007711,0.004895,-0.005011,0.027536,-0.000633
-0.000428,-0.000054,-0.002157,0.002640,-0.001734,-0.001099,-0.000633,0.014496
