0.033988,-0.006269,-0.015027,0.000338,0.001677,-0.003200,-0.004986,-0.000419
-0.006269,0.042127,-0.012774,0.002631,0.002094,-0.007731,-0.006532,0.000536
-0.015027,-0.012774,0.069054,-0.007409,0.009389,0.000426,0.002795,-0.003627
0.000338,0.002631,-0.007409,0.021364,-0.010918,-0.002836,-0.008627,0.005136
0.001677,0.002094,0.009389,-0.010918,0.025096,-0.007036,0.005575,-0.003372
-0.003200,-0.007731,0.000426,-0.002836,-0.007036,0.035181,-0.005760,-0.000547
-0.004986,-0.006532,0.002795,-0.008627,0.005575,-0.005760,0.028895,-0.002510
-0.000419,0.000536,-0.003627,0.005136,-0.003372,-0.000547,-0.002510,0.020147
