0.000297,0.000311,0.000300,0.000343,0.000312,0.000187,0.000053,0.000188,0.000293,0.000505,0.000413,0.000395,0.000323,0.000449,0.000601,0.000481,0.000131,-0.000144,0.000103,0.000529,0.000327,-0.000211,-0.000678,0.000130,-0.000583,-0.000698,-0.000559,-0.000229,-0.000229,-0.000341,-0.000182,0.000019,-0.000331,-0.000309,-0.000072,-0.000074,0.000063,0.000544,0.000354,0.000226,0.000299,0.000093,0.000193,0.000011,0.000265,0.000374,0.000062,0.000052,0.000029,0.000014,0.000009,0.000021,0.000014,0.000005,0.000029,0.000012,0.000004,0.000030,0.000018,0.000018
0.000311,0.000930,0.000679,0.000854,0.000659,0.000344,0.000166,0.000343,0.000685,0.001072,0.000874,0.000500,0.000862,0.001143,0.001202,0.001238,0.000815,0.000371,0.000202,0.000929,0.000320,-0.000516,-0.000851,-0.000742,-0.001400,-0.001720,-0.001851,-0.001092,-0.000449,-0.000769,-0.000214,0.000265,-0.000509,-0.000524,0.000295,0.000170,0.000217,0.000651,0.000057,-0.000211,0.000539,0.000456,0.000308,0.000066,0.000741,0.000641,0.000392,0.000294,0.000082,0.000028,0.000064,0.000063,0.000034,0.000015,0.000041,0.000025,0.000029,0.000039,0.000033,0.000040
0.000300,0.000679,0.001299,0.000992,0.000890,0.000375,0.000179,0.000226,0.000475,0.000491,0.000591,0.000036,0.000046,0.000462,0.000829,0.000298,0.000037,-0.000292,-0.000539,-0.000151,-0.000346,-0.000656,0.000199,-0.000278,-0.000906,-0.001818,-0.001437,-0.000985,-0.000489,-0.000898,-0.000167,-0.000362,-0.000316,-0.000647,0.000335,0.000714,0.000463,0.000763,0.000351,0.000201,0.001004,0.001101,0.000225,-0.000035,0.000579,0.000527,0.000509,0.000331,0.000215,0.000039,0.000074,0.000093,0.000049,0.000063,0.000055,0.000034,0.000048,0.000042,0.000056,0.000051
0.000343,0.000854,0.000992,0.001853,0.001119,0.000524,0.000337,0.000060,0.000745,0.000591,0.000649,0.000117,0.000460,0.000859,0.001188,0.000769,0.000864,0.000341,0.000131,-0.000062,-0.000020,-0.000904,-0.000092,-0.000459,-0.001431,-0.001854,-0.001638,-0.001423,-0.001178,-0.001455,-0.001104,-0.000821,-0.001415,-0.001287,-0.000122,0.000094,0.000581,0.000203,0.000600,-0.000009,0.001170,0.000707,0.000030,-0.000152,0.000501,0.000538,0.000461,0.000237,0.000175,0.000028,0.000047,0.000082,0.000062,0.000027,0.000045,0.000034,0.000059,0.000043,0.000056,0.000094
0.000312,0.000659,0.000890,0.001119,0.002443,0.000941,0.000348,-0.000309,0.000276,0.000452,0.001104,0.001209,0.001111,0.001677,0.001979,0.001895,0.001982,0.001972,0.002947,0.001202,0.000065,0.000447,0.000362,0.000023,-0.000230,-0.000954,-0.001358,-0.001732,-0.001171,-0.003731,-0.001141,-0.001285,-0.001591,-0.001098,-0.001404,-0.001062,0.000082,-0.000617,0.000402,-0.000314,0.000311,0.000412,0.000200,-0.000431,0.000240,0.000197,0.000018,0.000146,-0.000036,-0.000031,0.000089,0.000081,0.000072,0.000048,0.000023,-0.000002,0.000028,0.000058,0.000040,0.000064
0.000187,0.000344,0.000375,0.000524,0.000941,0.002804,0.001647,0.001347,0.001655,0.002168,0.002288,0.001263,0.001390,0.003860,0.003881,0.003536,0.002771,0.001112,0.002251,0.002196,0.002597,0.001364,0.000595,0.000226,0.000374,0.000611,-0.000667,-0.000264,-0.001315,-0.000882,-0.000724,-0.000488,-0.002018,-0.001182,-0.001342,-0.000679,-0.001141,-0.001124,0.000532,0.000260,-0.000723,-0.001095,-0.000198,-0.000481,0.000085,-0.000495,-0.000270,0.000001,0.000010,-0.000032,0.000094,0.000062,0.000047,0.000061,0.000040,0.000017,0.000041,0.000048,0.000031,0.000031
0.000053,0.000166,0.000179,0.000337,0.000348,0.001647,0.002574,0.001774,0.001663,0.001293,0.001812,0.000498,0.000938,0.003597,0.003741,0.003538,0.002205,0.001072,0.001499,0.001087,0.000910,0.000008,0.000877,-0.000331,-0.000017,0.000188,-0.001320,-0.000698,-0.000315,0.000700,-0.000369,-0.000918,-0.001354,-0.000710,-0.000838,-0.000465,-0.001292,-0.001547,-0.000610,0.000068,0.000050,-0.000458,-0.000535,-0.000854,-0.000118,-0.000275,-0.000079,0.000212,0.000180,-0.000007,0.000066,-0.000004,0.000047,0.000009,0.000045,0.000028,0.000050,0.000037,0.000011,0.000051
0.000188,0.000343,0.000226,0.000060,-0.000309,0.001347,0.001774,0.004301,0.002899,0.003121,0.002857,0.000294,0.000972,0.003934,0.004060,0.004060,0.002337,0.000853,-0.000023,0.001034,0.002064,0.001151,-0.000396,-0.000631,-0.001211,-0.000863,-0.001825,-0.001603,-0.001961,0.000371,-0.000228,-0.000273,-0.001054,-0.000646,0.000340,0.000134,-0.000973,0.000589,0.000389,0.001605,0.001299,0.000186,0.000920,-0.000006,0.001363,0.001275,0.000238,0.000537,0.000464,0.000111,0.000128,0.000050,0.000031,0.000013,0.000081,0.000022,0.000071,0.000077,0.000027,-0.000005
0.000293,0.000685,0.000475,0.000745,0.000276,0.001655,0.001663,0.002899,0.008963,0.006850,0.005115,0.000686,0.001233,0.002497,0.002858,0.002872,0.002123,-0.000964,0.000149,0.004301,0.002274,-0.002500,-0.002499,-0.002545,-0.003620,-0.000805,0.000253,0.000267,-0.001895,0.001338,0.000052,0.000867,-0.000549,-0.001213,-0.000425,-0.001318,-0.001228,0.001779,0.003202,0.001549,0.001473,-0.000283,0.001683,0.000607,0.002445,0.001464,0.000487,0.001019,0.000385,-0.000006,0.000022,0.000092,0.000057,-0.000024,0.000055,0.000118,0.000158,0.000105,0.000005,-0.000004
0.000505,0.001072,0.000491,0.000591,0.000452,0.002168,0.001293,0.003121,0.006850,0.012790,0.008404,0.003173,0.004434,0.004890,0.003673,0.007317,0.003896,0.000379,0.002479,0.007444,0.006915,0.001349,-0.000870,-0.002668,-0.003060,0.000193,-0.000705,0.000047,-0.004472,-0.001440,-0.001872,-0.001100,-0.002263,-0.002484,-0.000388,-0.001140,-0.001779,0.001576,0.002866,0.001770,-0.000366,-0.001468,0.001657,0.000909,0.003367,0.000625,0.000327,0.001027,0.000786,0.000007,0.000094,0.000122,0.000037,-0.000054,0.000077,0.000092,0.000150,0.000112,0.000033,0.000007
0.000413,0.000874,0.000591,0.000649,0.001104,0.002288,0.001812,0.002857,0.005115,0.008404,0.011683,0.006247,0.005601,0.006469,0.005200,0.007738,0.003156,0.000904,0.004430,0.006663,0.005793,0.002025,0.001226,-0.001712,-0.001098,0.002593,0.000087,0.000034,-0.002615,-0.001380,-0.000852,-0.001473,-0.003952,-0.005610,-0.004738,-0.003954,-0.003025,-0.001263,0.001574,-0.000558,-0.000815,-0.000600,0.001393,0.000381,0.002520,0.000618,-0.000090,0.001016,0.000380,-0.000009,0.000170,0.000127,0.000035,-0.000029,0.000097,0.000050,0.000089,0.000076,-0.000014,-0.000024
0.000395,0.000500,0.000036,0.000117,0.001209,0.001263,0.000498,0.000294,0.000686,0.003173,0.006247,0.011556,0.007031,0.005014,0.002865,0.005165,0.002509,0.001593,0.004434,0.004847,0.002712,-0.000297,-0.000237,-0.001159,0.003069,0.001349,-0.001183,-0.001609,-0.002380,-0.004728,-0.000729,-0.000856,-0.002043,-0.001424,-0.004969,-0.003314,-0.001705,-0.002610,0.001129,-0.002207,0.000224,0.001522,0.002063,0.000687,0.001366,-0.000093,-0.000983,0.000376,-0.000093,-0.000077,0.000160,0.000063,-0.000015,0.000001,0.000020,-0.000023,-0.000063,-0.000001,-0.000013,0.000009
0.000323,0.000862,0.000046,0.000460,0.001111,0.001390,0.000938,0.000972,0.001233,0.004434,0.005601,0.007031,0.014084,0.008651,0.004361,0.009358,0.008559,0.007145,0.006974,0.007659,0.004067,0.000590,0.001118,-0.002271,0.001270,-0.000544,-0.003213,-0.002839,-0.003686,-0.002850,-0.001604,-0.000665,-0.003724,-0.002754,-0.006394,-0.005071,-0.003199,-0.003042,-0.000039,-0.000817,0.001066,0.000430,0.000970,-0.000056,0.002091,-0.000173,-0.000173,0.000425,-0.000046,0.000022,0.000188,0.000152,-0.000012,0.000080,0.000175,0.000049,0.000038,0.000039,0.000058,0.000023
0.000449,0.001143,0.000462,0.000859,0.001677,0.003860,0.003597,0.003934,0.002497,0.004890,0.006469,0.005014,0.008651,0.023080,0.018434,0.019560,0.014860,0.011172,0.014713,0.009648,0.009265,0.006107,0.002110,-0.001841,-0.001086,-0.000907,-0.006897,-0.010795,-0.006570,-0.006859,-0.005421,-0.006373,-0.008252,-0.006877,-0.009908,-0.003682,-0.004294,-0.005775,-0.002131,-0.002195,0.000213,-0.001551,-0.001692,-0.002303,-0.000501,-0.001705,-0.000997,0.000832,0.000280,0.000095,0.000260,0.000100,-0.000065,0.000084,0.000230,0.000064,0.000119,0.000174,0.000095,0.000057
0.000601,0.001202,0.000829,0.001188,0.001979,0.003881,0.003741,0.004060,0.002858,0.003673,0.005200,0.002865,0.004361,0.018434,0.030507,0.022543,0.018160,0.014114,0.015704,0.009561,0.012134,0.009012,0.003047,0.000234,-0.001028,-0.001184,-0.005937,-0.010624,-0.007842,-0.010293,-0.006746,-0.009992,-0.011514,-0.011316,-0.010976,-0.005225,-0.004583,-0.006579,-0.003867,-0.003499,-0.000533,-0.004801,-0.002523,-0.002847,-0.002562,-0.001946,-0.000230,0.000251,0.000541,0.000117,0.000205,-0.000012,0.000041,0.000138,0.000218,0.000115,0.000126,0.000222,0.000183,0.000116
0.000481,0.001238,0.000298,0.000769,0.001895,0.003536,0.003538,0.004060,0.002872,0.007317,0.007738,0.005165,0.009358,0.019560,0.022543,0.045977,0.030898,0.024240,0.025228,0.013619,0.012534,0.007899,0.004764,0.000102,-0.000580,-0.003359,-0.009589,-0.013813,-0.015466,-0.012046,-0.007405,-0.008924,-0.008866,-0.008474,-0.007627,-0.004801,-0.003901,-0.004491,-0.005099,-0.002271,-0.002447,-0.005219,-0.004600,-0.003365,-0.002712,-0.002092,-0.001955,-0.000512,0.000321,0.000000,0.000105,0.000013,-0.000074,0.000117,0.000161,0.000091,0.000127,0.000131,0.000103,0.000089
0.000131,0.000815,0.000037,0.000864,0.001982,0.002771,0.002205,0.002337,0.002123,0.003896,0.003156,0.002509,0.008559,0.014860,0.018160,0.030898,0.050586,0.029971,0.025879,0.019289,0.014710,0.015389,0.012234,0.004514,0.005623,-0.000434,-0.008519,-0.013028,-0.017419,-0.011461,-0.014147,-0.012123,-0.012320,-0.008167,-0.009218,-0.006594,-0.003441,-0.004355,-0.008361,-0.006340,-0.003279,-0.005681,-0.006368,-0.002077,-0.005093,-0.003547,-0.001962,-0.001745,-0.000963,-0.000260,0.000009,0.000060,0.000010,0.000249,0.000089,0.000074,0.000202,0.000181,0.000090,0.000178
-0.000144,0.000371,-0.000292,0.000341,0.001972,0.001112,0.001072,0.000853,-0.000964,0.000379,0.000904,0.001593,0.007145,0.011172,0.014114,0.024240,0.029971,0.046704,0.028936,0.017752,0.016433,0.015900,0.012225,0.006455,0.007331,-0.002079,-0.009826,-0.012642,-0.011919,-0.009454,-0.013408,-0.011900,-0.011466,-0.007613,-0.012272,-0.009065,-0.008073,-0.008859,-0.008546,-0.006891,-0.002608,-0.006194,-0.006427,-0.003568,-0.009235,-0.006801,-0.002647,-0.001447,-0.000761,-0.000278,-0.000183,-0.000110,-0.000007,0.000155,0.000063,-0.000097,-0.000031,0.000026,-0.000020,0.000006
0.000103,0.000202,-0.000539,0.000131,0.002947,0.002251,0.001499,-0.000023,0.000149,0.002479,0.004430,0.004434,0.006974,0.014713,0.015704,0.025228,0.025879,0.028936,0.048483,0.026542,0.021093,0.019690,0.012012,0.002701,0.004442,0.003940,-0.010523,-0.014663,-0.012819,-0.011780,-0.017443,-0.014809,-0.010360,-0.007691,-0.013356,-0.009919,-0.007213,-0.010257,-0.007264,-0.006908,-0.007817,-0.008222,-0.006363,-0.003549,-0.006873,-0.004654,-0.002568,-0.001598,-0.000506,-0.000216,-0.000022,-0.000167,-0.000050,0.000200,0.000010,-0.000042,-0.000009,0.000125,-0.000056,-0.000070
0.000529,0.000929,-0.000151,-0.000062,0.001202,0.002196,0.001087,0.001034,0.004301,0.007444,0.006663,0.004847,0.007659,0.009648,0.009561,0.013619,0.019289,0.017752,0.026542,0.050225,0.034460,0.023208,0.011840,0.002500,-0.000263,0.001349,-0.009400,-0.009613,-0.009842,-0.008740,-0.018859,-0.010713,-0.013206,-0.007291,-0.013096,-0.013428,-0.012153,-0.004994,-0.002018,-0.007621,-0.009729,-0.006845,-0.006125,-0.001421,-0.004627,-0.002402,-0.002548,-0.002007,-0.001257,-0.000111,-0.000158,0.000021,0.000027,0.000188,0.000199,0.000081,0.000067,0.000096,-0.000014,-0.000073
0.000327,0.000320,-0.000346,-0.000020,0.000065,0.002597,0.000910,0.002064,0.002274,0.006915,0.005793,0.002712,0.004067,0.009265,0.012134,0.012534,0.014710,0.016433,0.021093,0.034460,0.049829,0.029386,0.018074,0.009707,0.005650,0.006892,-0.002493,-0.007294,-0.012860,-0.011696,-0.021848,-0.013917,-0.015463,-0.012839,-0.015062,-0.011558,-0.009928,-0.006481,-0.002989,-0.005487,-0.009979,-0.008627,-0.005815,0.000913,-0.005050,-0.002259,-0.001926,-0.001921,-0.000573,-0.000000,-0.000054,-0.000127,0.000015,0.000177,0.000146,0.000124,0.000123,0.000078,-0.000060,-0.000098
-0.000211,-0.000516,-0.000656,-0.000904,0.000447,0.001364,0.000008,0.001151,-0.002500,0.001349,0.002025,-0.000297,0.000590,0.006107,0.009012,0.007899,0.015389,0.015900,0.019690,0.023208,0.029386,0.046992,0.025916,0.017567,0.015549,0.014927,0.004234,-0.002576,-0.005778,-0.008213,-0.011891,-0.012949,-0.012603,-0.013656,-0.016224,-0.010332,-0.010354,-0.011407,-0.009714,-0.010716,-0.007164,-0.005500,-0.004120,0.000491,-0.004286,-0.000530,-0.000625,-0.001420,-0.000228,0.000169,0.000040,0.000059,0.000035,0.000177,-0.000049,-0.000018,-0.000024,0.000028,-0.000144,-0.000146
-0.000678,-0.000851,0.000199,-0.000092,0.000362,0.000595,0.000877,-0.000396,-0.002499,-0.000870,0.001226,-0.000237,0.001118,0.002110,0.003047,0.004764,0.012234,0.012225,0.012012,0.011840,0.018074,0.025916,0.045113,0.022859,0.024820,0.019886,0.008890,0.004949,-0.000861,-0.007384,-0.010395,-0.010275,-0.009805,-0.012123,-0.014052,-0.009273,-0.008578,-0.014552,-0.012823,-0.009684,-0.004903,-0.000557,-0.002253,0.000340,-0.002861,-0.001012,0.000558,-0.001360,0.000444,-0.000055,0.000056,0.000035,-0.000012,0.000180,-0.000106,-0.000150,-0.000068,-0.000022,-0.000214,-0.000110
0.000130,-0.000742,-0.000278,-0.000459,0.000023,0.000226,-0.000331,-0.000631,-0.002545,-0.002668,-0.001712,-0.001159,-0.002271,-0.001841,0.000234,0.000102,0.004514,0.006455,0.002701,0.002500,0.009707,0.017567,0.022859,0.037266,0.024352,0.017596,0.013365,0.011255,0.003355,-0.001061,-0.002999,-0.005903,-0.007306,-0.009582,-0.011735,-0.009455,-0.008272,-0.011418,-0.010694,-0.007139,-0.005393,-0.002757,-0.001803,-0.000633,-0.002734,-0.000641,-0.000934,-0.002075,-0.000536,-0.000210,-0.000150,-0.000042,0.000100,0.000056,-0.000226,-0.000165,-0.000227,-0.000107,-0.000192,-0.000213
-0.000583,-0.001400,-0.000906,-0.001431,-0.000230,0.000374,-0.000017,-0.001211,-0.003620,-0.003060,-0.001098,0.003069,0.001270,-0.001086,-0.001028,-0.000580,0.005623,0.007331,0.004442,-0.000263,0.005650,0.015549,0.024820,0.024352,0.045409,0.027930,0.020423,0.013852,0.003587,-0.001915,-0.002296,-0.004671,-0.004714,-0.007985,-0.012462,-0.005607,-0.008346,-0.016166,-0.012962,-0.013267,-0.005901,-0.000128,-0.000712,0.001125,-0.002482,-0.001170,-0.000864,-0.001717,-0.000603,-0.000198,-0.000066,-0.000154,-0.000129,-0.000011,-0.000233,-0.000181,-0.000134,-0.000265,-0.000317,-0.000167
-0.000698,-0.001720,-0.001818,-0.001854,-0.000954,0.000611,0.000188,-0.000863,-0.000805,0.000193,0.002593,0.001349,-0.000544,-0.000907,-0.001184,-0.003359,-0.000434,-0.002079,0.003940,0.001349,0.006892,0.014927,0.019886,0.017596,0.027930,0.038390,0.026779,0.016246,0.006604,0.001901,-0.000672,-0.003105,-0.005638,-0.011338,-0.012314,-0.011253,-0.011252,-0.011943,-0.007461,-0.009550,-0.008237,-0.002990,-0.000557,0.001097,-0.001409,-0.000940,-0.000967,-0.001555,-0.000512,-0.000082,-0.000067,-0.000220,-0.000169,-0.000219,-0.000273,-0.000121,-0.000142,-0.000160,-0.000363,-0.000221
-0.000559,-0.001851,-0.001437,-0.001638,-0.001358,-0.000667,-0.001320,-0.001825,0.000253,-0.000705,0.000087,-0.001183,-0.003213,-0.006897,-0.005937,-0.009589,-0.008519,-0.009826,-0.010523,-0.009400,-0.002493,0.004234,0.008890,0.013365,0.020423,0.026779,0.045333,0.026410,0.011776,0.008132,0.006654,0.002201,-0.002473,-0.009985,-0.007435,-0.007474,-0.009246,-0.008933,-0.002137,-0.004726,-0.005003,-0.000877,0.003349,0.002307,0.002088,0.001718,0.000294,-0.000008,0.000029,-0.000007,-0.000213,-0.000133,-0.000104,-0.000236,-0.000300,-0.000118,-0.000191,-0.000247,-0.000239,-0.000204
-0.000229,-0.001092,-0.000985,-0.001423,-0.001732,-0.000264,-0.000698,-0.001603,0.000267,0.000047,0.000034,-0.001609,-0.002839,-0.010795,-0.010624,-0.013813,-0.013028,-0.012642,-0.014663,-0.009613,-0.007294,-0.002576,0.004949,0.011255,0.013852,0.016246,0.026410,0.042594,0.021586,0.017437,0.012127,0.006778,0.001056,-0.003017,0.000256,-0.006578,-0.006797,-0.004534,-0.003004,-0.000219,-0.002589,-0.000157,0.003885,0.001832,0.003679,0.002955,0.001813,0.001151,0.000518,0.000066,-0.000187,-0.000026,0.000044,-0.000221,-0.000190,-0.000054,-0.000190,-0.000116,-0.000233,-0.000170
-0.000229,-0.000449,-0.000489,-0.001178,-0.001171,-0.001315,-0.000315,-0.001961,-0.001895,-0.004472,-0.002615,-0.002380,-0.003686,-0.006570,-0.007842,-0.015466,-0.017419,-0.011919,-0.012819,-0.009842,-0.012860,-0.005778,-0.000861,0.003355,0.003587,0.006604,0.011776,0.021586,0.039950,0.021344,0.014046,0.006741,0.005573,0.004743,0.004818,0.000370,0.001339,-0.001758,-0.000964,-0.001908,-0.001842,0.001646,0.002725,0.000451,0.002620,0.001859,0.001258,0.001031,0.000084,-0.000044,-0.000024,-0.000161,-0.000018,-0.000150,-0.000119,-0.000109,-0.000197,-0.000145,-0.000154,-0.000067
-0.000341,-0.000769,-0.000898,-0.001455,-0.003731,-0.000882,0.000700,0.000371,0.001338,-0.001440,-0.001380,-0.004728,-0.002850,-0.006859,-0.010293,-0.012046,-0.011461,-0.009454,-0.011780,-0.008740,-0.011696,-0.008213,-0.007384,-0.001061,-0.001915,0.001901,0.008132,0.017437,0.021344,0.039241,0.021215,0.012996,0.005184,0.008429,0.004547,0.000805,-0.004377,0.002784,-0.001362,0.000728,0.001964,0.001197,0.002331,-0.000732,0.004822,0.003098,0.002348,0.001520,0.000321,0.000132,-0.000084,0.000006,-0.000089,-0.000196,-0.000042,-0.000040,-0.000043,-0.000153,-0.000133,-0.000064
-0.000182,-0.000214,-0.000167,-0.001104,-0.001141,-0.000724,-0.000369,-0.000228,0.000052,-0.001872,-0.000852,-0.000729,-0.001604,-0.005421,-0.006746,-0.007405,-0.014147,-0.013408,-0.017443,-0.018859,-0.021848,-0.011891,-0.010395,-0.002999,-0.002296,-0.000672,0.006654,0.012127,0.014046,0.021215,0.038140,0.021685,0.010984,0.010132,0.009516,0.003969,0.001451,0.003448,0.002286,0.004910,0.007292,0.007633,0.005476,-0.000394,0.006950,0.003618,0.002874,0.001803,0.000512,0.000202,0.000100,0.000187,0.000010,-0.000122,-0.000052,-0.000014,-0.000064,-0.000107,0.000036,0.000007
0.000019,0.000265,-0.000362,-0.000821,-0.001285,-0.000488,-0.000918,-0.000273,0.000867,-0.001100,-0.001473,-0.000856,-0.000665,-0.006373,-0.009992,-0.008924,-0.012123,-0.011900,-0.014809,-0.010713,-0.013917,-0.012949,-0.010275,-0.005903,-0.004671,-0.003105,0.002201,0.006778,0.006741,0.012996,0.021685,0.032420,0.016954,0.015402,0.013142,0.004402,0.005239,0.007751,0.006747,0.006438,0.008158,0.006959,0.006064,0.002984,0.009119,0.004796,0.002705,0.000904,0.000166,0.000111,0.000074,0.000179,0.000003,-0.000077,0.000007,0.000034,-0.000005,-0.000093,0.000062,-0.000021
-0.000331,-0.000509,-0.000316,-0.001415,-0.001591,-0.002018,-0.001354,-0.001054,-0.000549,-0.002263,-0.003952,-0.002043,-0.003724,-0.008252,-0.011514,-0.008866,-0.012320,-0.011466,-0.010360,-0.013206,-0.015463,-0.012603,-0.009805,-0.007306,-0.004714,-0.005638,-0.002473,0.001056,0.005573,0.005184,0.010984,0.016954,0.028081,0.018536,0.019375,0.011247,0.012860,0.011928,0.006980,0.007319,0.009223,0.008128,0.006376,0.004098,0.006289,0.002915,0.000486,0.001197,0.000240,-0.000029,-0.000015,-0.000002,-0.000025,-0.000026,-0.000009,0.000054,0.000035,-0.000054,-0.000018,0.000010
-0.000309,-0.000524,-0.000647,-0.001287,-0.001098,-0.001182,-0.000710,-0.000646,-0.001213,-0.002484,-0.005610,-0.001424,-0.002754,-0.006877,-0.011316,-0.008474,-0.008167,-0.007613,-0.007691,-0.007291,-0.012839,-0.013656,-0.012123,-0.009582,-0.007985,-0.011338,-0.009985,-0.003017,0.004743,0.008429,0.010132,0.015402,0.018536,0.039517,0.028573,0.020495,0.013744,0.015450,0.010233,0.009679,0.007167,0.006279,0.003803,0.003000,0.005940,0.002525,0.000128,-0.000671,-0.000354,0.000046,-0.000053,-0.000037,-0.000023,0.000129,0.000137,-0.000008,0.000117,0.000032,0.000095,0.000015
-0.000072,0.000295,0.000335,-0.000122,-0.001404,-0.001342,-0.000838,0.000340,-0.000425,-0.000388,-0.004738,-0.004969,-0.006394,-0.009908,-0.010976,-0.007627,-0.009218,-0.012272,-0.013356,-0.013096,-0.015062,-0.016224,-0.014052,-0.011735,-0.012462,-0.012314,-0.007435,0.000256,0.004818,0.004547,0.009516,0.013142,0.019375,0.028573,0.057152,0.028693,0.025358,0.023924,0.015821,0.014866,0.007749,0.006429,0.006002,0.004781,0.005938,0.004622,0.000420,-0.000745,0.000182,0.000150,-0.000181,0.000027,0.000102,0.000142,0.000046,0.000106,0.000088,0.000133,0.000067,0.000204
-0.000074,0.000170,0.000714,0.000094,-0.001062,-0.000679,-0.000465,0.000134,-0.001318,-0.001140,-0.003954,-0.003314,-0.005071,-0.003682,-0.005225,-0.004801,-0.006594,-0.009065,-0.009919,-0.013428,-0.011558,-0.010332,-0.009273,-0.009455,-0.005607,-0.011253,-0.007474,-0.006578,0.000370,0.000805,0.003969,0.004402,0.011247,0.020495,0.028693,0.045946,0.028533,0.018095,0.008649,0.010416,0.007702,0.006377,0.004415,0.006533,0.004462,0.001563,-0.000100,0.000506,0.000543,-0.000021,-0.000088,-0.000041,-0.000038,0.000205,0.000097,0.000051,0.000187,0.000085,0.000127,0.000056
0.000063,0.000217,0.000463,0.000581,0.000082,-0.001141,-0.001292,-0.000973,-0.001228,-0.001779,-0.003025,-0.001705,-0.003199,-0.004294,-0.004583,-0.003901,-0.003441,-0.008073,-0.007213,-0.012153,-0.009928,-0.010354,-0.008578,-0.008272,-0.008346,-0.011252,-0.009246,-0.006797,0.001339,-0.004377,0.001451,0.005239,0.012860,0.013744,0.025358,0.028533,0.042369,0.023404,0.012327,0.009304,0.008907,0.005297,0.004521,0.005184,0.004021,0.002140,0.000750,0.000805,0.000831,-0.000003,0.000070,-0.000000,0.000003,0.000096,-0.000006,0.000051,0.000154,0.000200,0.000047,0.000110
0.000544,0.000651,0.000763,0.000203,-0.000617,-0.001124,-0.001547,0.000589,0.001779,0.001576,-0.001263,-0.002610,-0.003042,-0.005775,-0.006579,-0.004491,-0.004355,-0.008859,-0.010257,-0.004994,-0.006481,-0.011407,-0.014552,-0.011418,-0.016166,-0.011943,-0.008933,-0.004534,-0.001758,0.002784,0.003448,0.007751,0.011928,0.015450,0.023924,0.018095,0.023404,0.035755,0.019297,0.015073,0.011243,0.004550,0.005661,0.005756,0.006531,0.003335,0.000609,0.000813,0.000304,0.000208,-0.000092,0.000078,-0.000037,0.000077,0.000187,0.000124,0.000069,0.000155,0.000043,0.000114
0.000354,0.000057,0.000351,0.000600,0.000402,0.000532,-0.000610,0.000389,0.003202,0.002866,0.001574,0.001129,-0.000039,-0.002131,-0.003867,-0.005099,-0.008361,-0.008546,-0.007264,-0.002018,-0.002989,-0.009714,-0.012823,-0.010694,-0.012962,-0.007461,-0.002137,-0.003004,-0.000964,-0.001362,0.002286,0.006747,0.006980,0.010233,0.015821,0.008649,0.012327,0.019297,0.028925,0.014733,0.005686,0.004273,0.004846,0.003779,0.006245,0.003500,-0.000067,0.001049,0.000321,0.000194,-0.000021,0.000114,-0.000014,0.000132,0.000175,0.000134,0.000061,0.000152,0.000075,0.000124
0.000226,-0.000211,0.000201,-0.000009,-0.000314,0.000260,0.000068,0.001605,0.001549,0.001770,-0.000558,-0.002207,-0.000817,-0.002195,-0.003499,-0.002271,-0.006340,-0.006891,-0.006908,-0.007621,-0.005487,-0.010716,-0.009684,-0.007139,-0.013267,-0.009550,-0.004726,-0.000219,-0.001908,0.000728,0.004910,0.006438,0.007319,0.009679,0.014866,0.010416,0.009304,0.015073,0.014733,0.023226,0.009577,0.003140,0.004646,0.003080,0.005422,0.002008,0.001125,0.002235,0.001056,0.000197,0.000082,0.000152,0.000022,0.000046,0.000117,0.000028,0.000022,0.000104,0.000096,0.000026
0.000299,0.000539,0.001004,0.001170,0.000311,-0.000723,0.000050,0.001299,0.001473,-0.000366,-0.000815,0.000224,0.001066,0.000213,-0.000533,-0.002447,-0.003279,-0.002608,-0.007817,-0.009729,-0.009979,-0.007164,-0.004903,-0.005393,-0.005901,-0.008237,-0.005003,-0.002589,-0.001842,0.001964,0.007292,0.008158,0.009223,0.007167,0.007749,0.007702,0.008907,0.011243,0.005686,0.009577,0.020736,0.011698,0.007358,0.002918,0.008964,0.005161,0.003047,0.002833,0.001330,0.000461,0.000389,0.000411,0.000085,0.000074,0.000175,0.000099,0.000046,0.000081,0.000105,0.000182
0.000093,0.000456,0.001101,0.000707,0.000412,-0.001095,-0.000458,0.000186,-0.000283,-0.001468,-0.000600,0.001522,0.000430,-0.001551,-0.004801,-0.005219,-0.005681,-0.006194,-0.008222,-0.006845,-0.008627,-0.005500,-0.000557,-0.002757,-0.000128,-0.002990,-0.000877,-0.000157,0.001646,0.001197,0.007633,0.006959,0.008128,0.006279,0.006429,0.006377,0.005297,0.004550,0.004273,0.003140,0.011698,0.018461,0.008305,0.001962,0.007748,0.005890,0.002821,0.002214,0.000928,0.000435,0.000412,0.000362,0.000150,0.000085,0.000066,0.000070,0.000068,0.000026,0.000071,0.000108
0.000193,0.000308,0.000225,0.000030,0.000200,-0.000198,-0.000535,0.000920,0.001683,0.001657,0.001393,0.002063,0.000970,-0.001692,-0.002523,-0.004600,-0.006368,-0.006427,-0.006363,-0.006125,-0.005815,-0.004120,-0.002253,-0.001803,-0.000712,-0.000557,0.003349,0.003885,0.002725,0.002331,0.005476,0.006064,0.006376,0.003803,0.006002,0.004415,0.004521,0.005661,0.004846,0.004646,0.007358,0.008305,0.012058,0.003450,0.007252,0.004993,0.001604,0.002337,0.000942,0.000213,0.000253,0.000166,0.000104,0.000060,0.000007,-0.000000,-0.000007,0.000038,-0.000007,-0.000002
0.000011,0.000066,-0.000035,-0.000152,-0.000431,-0.000481,-0.000854,-0.000006,0.000607,0.000909,0.000381,0.000687,-0.000056,-0.002303,-0.002847,-0.003365,-0.002077,-0.003568,-0.003549,-0.001421,0.000913,0.000491,0.000340,-0.000633,0.001125,0.001097,0.002307,0.001832,0.000451,-0.000732,-0.000394,0.002984,0.004098,0.003000,0.004781,0.006533,0.005184,0.005756,0.003779,0.003080,0.002918,0.001962,0.003450,0.008155,0.004957,0.001729,0.001015,0.000754,0.000312,0.000026,0.000092,0.000025,-0.000049,0.000037,0.000040,0.000020,0.000030,0.000011,0.000033,0.000018
0.000265,0.000741,0.000579,0.000501,0.000240,0.000085,-0.000118,0.001363,0.002445,0.003367,0.002520,0.001366,0.002091,-0.000501,-0.002562,-0.002712,-0.005093,-0.009235,-0.006873,-0.004627,-0.005050,-0.004286,-0.002861,-0.002734,-0.002482,-0.001409,0.002088,0.003679,0.002620,0.004822,0.006950,0.009119,0.006289,0.005940,0.005938,0.004462,0.004021,0.006531,0.006245,0.005422,0.008964,0.007748,0.007252,0.004957,0.015649,0.007573,0.003735,0.002548,0.001449,0.000329,0.000387,0.000298,0.000023,0.000050,0.000180,0.000031,0.000023,0.000027,0.000087,0.000026
0.000374,0.000641,0.000527,0.000538,0.000197,-0.000495,-0.000275,0.001275,0.001464,0.000625,0.000618,-0.000093,-0.000173,-0.001705,-0.001946,-0.002092,-0.003547,-0.006801,-0.004654,-0.002402,-0.002259,-0.000530,-0.001012,-0.000641,-0.001170,-0.000940,0.001718,0.002955,0.001859,0.003098,0.003618,0.004796,0.002915,0.002525,0.004622,0.001563,0.002140,0.003335,0.003500,0.002008,0.005161,0.005890,0.004993,0.001729,0.007573,0.009482,0.003182,0.001651,0.000985,0.000427,0.000230,0.000168,0.000086,0.000007,0.000061,0.000008,-0.000012,0.000066,0.000033,0.000049
0.000062,0.000392,0.000509,0.000461,0.000018,-0.000270,-0.000079,0.000238,0.000487,0.000327,-0.000090,-0.000983,-0.000173,-0.000997,-0.000230,-0.001955,-0.001962,-0.002647,-0.002568,-0.002548,-0.001926,-0.000625,0.000558,-0.000934,-0.000864,-0.000967,0.000294,0.001813,0.001258,0.002348,0.002874,0.002705,0.000486,0.000128,0.000420,-0.000100,0.000750,0.000609,-0.000067,0.001125,0.003047,0.002821,0.001604,0.001015,0.003735,0.003182,0.004015,0.001268,0.000998,0.000267,0.000198,0.000134,0.000049,0.000022,0.000051,0.000038,0.000029,0.000008,0.000065,0.000003
0.000052,0.000294,0.000331,0.000237,0.000146,0.000001,0.000212,0.000537,0.001019,0.001027,0.001016,0.000376,0.000425,0.000832,0.000251,-0.000512,-0.001745,-0.001447,-0.001598,-0.002007,-0.001921,-0.001420,-0.001360,-0.002075,-0.001717,-0.001555,-0.000008,0.001151,0.001031,0.001520,0.001803,0.000904,0.001197,-0.000671,-0.000745,0.000506,0.000805,0.000813,0.001049,0.002235,0.002833,0.002214,0.002337,0.000754,0.002548,0.001651,0.001268,0.002250,0.000770,0.000153,0.000139,0.000093,0.000019,-0.000039,0.000023,0.000018,-0.000005,0.000011,0.000007,0.000007
0.000029,0.000082,0.000215,0.000175,-0.000036,0.000010,0.000180,0.000464,0.000385,0.000786,0.000380,-0.000093,-0.000046,0.000280,0.000541,0.000321,-0.000963,-0.000761,-0.000506,-0.001257,-0.000573,-0.000228,0.000444,-0.000536,-0.000603,-0.000512,0.000029,0.000518,0.000084,0.000321,0.000512,0.000166,0.000240,-0.000354,0.000182,0.000543,0.000831,0.000304,0.000321,0.001056,0.001330,0.000928,0.000942,0.000312,0.001449,0.000985,0.000998,0.000770,0.000836,0.000109,0.000062,0.000032,0.000008,-0.000005,0.000026,0.000011,0.000012,0.000033,0.000017,0.000001
0.000014,0.000028,0.000039,0.000028,-0.000031,-0.000032,-0.000007,0.000111,-0.000006,0.000007,-0.000009,-0.000077,0.000022,0.000095,0.000117,0.000000,-0.000260,-0.000278,-0.000216,-0.000111,-0.000000,0.000169,-0.000055,-0.000210,-0.000198,-0.000082,-0.000007,0.000066,-0.000044,0.000132,0.000202,0.000111,-0.000029,0.000046,0.000150,-0.000021,-0.000003,0.000208,0.000194,0.000197,0.000461,0.000435,0.000213,0.000026,0.000329,0.000427,0.000267,0.000153,0.000109,0.000084,0.000022,0.000018,0.000009,0.000005,0.000007,0.000003,0.000004,0.000004,0.000003,0.000003
0.000009,0.000064,0.000074,0.000047,0.000089,0.000094,0.000066,0.000128,0.000022,0.000094,0.000170,0.000160,0.000188,0.000260,0.000205,0.000105,0.000009,-0.000183,-0.000022,-0.000158,-0.000054,0.000040,0.000056,-0.000150,-0.000066,-0.000067,-0.000213,-0.000187,-0.000024,-0.000084,0.000100,0.000074,-0.000015,-0.000053,-0.000181,-0.000088,0.000070,-0.000092,-0.000021,0.000082,0.000389,0.000412,0.000253,0.000092,0.000387,0.000230,0.000198,0.000139,0.000062,0.000022,0.000074,0.000025,0.000011,0.000012,0.000009,0.000005,0.000004,0.000006,0.000010,0.000008
0.000021,0.000063,0.000093,0.000082,0.000081,0.000062,-0.000004,0.000050,0.000092,0.000122,0.000127,0.000063,0.000152,0.000100,-0.000012,0.000013,0.000060,-0.000110,-0.000167,0.000021,-0.000127,0.000059,0.000035,-0.000042,-0.000154,-0.000220,-0.000133,-0.000026,-0.000161,0.000006,0.000187,0.000179,-0.000002,-0.000037,0.000027,-0.000041,-0.000000,0.000078,0.000114,0.000152,0.000411,0.000362,0.000166,0.000025,0.000298,0.000168,0.000134,0.000093,0.000032,0.000018,0.000025,0.000048,0.000015,0.000008,0.000008,0.000004,0.000003,0.000004,0.000007,0.000004
0.000014,0.000034,0.000049,0.000062,0.000072,0.000047,0.000047,0.000031,0.000057,0.000037,0.000035,-0.000015,-0.000012,-0.000065,0.000041,-0.000074,0.000010,-0.000007,-0.000050,0.000027,0.000015,0.000035,-0.000012,0.000100,-0.000129,-0.000169,-0.000104,0.000044,-0.000018,-0.000089,0.000010,0.000003,-0.000025,-0.000023,0.000102,-0.000038,0.000003,-0.000037,-0.000014,0.000022,0.000085,0.000150,0.000104,-0.000049,0.000023,0.000086,0.000049,0.000019,0.000008,0.000009,0.000011,0.000015,0.000028,0.000006,0.000000,0.000006,0.000004,0.000002,0.000006,0.000004
0.000005,0.000015,0.000063,0.000027,0.000048,0.000061,0.000009,0.000013,-0.000024,-0.000054,-0.000029,0.000001,0.000080,0.000084,0.000138,0.000117,0.000249,0.000155,0.000200,0.000188,0.000177,0.000177,0.000180,0.000056,-0.000011,-0.000219,-0.000236,-0.000221,-0.000150,-0.000196,-0.000122,-0.000077,-0.000026,0.000129,0.000142,0.000205,0.000096,0.000077,0.000132,0.000046,0.000074,0.000085,0.000060,0.000037,0.000050,0.000007,0.000022,-0.000039,-0.000005,0.000005,0.000012,0.000008,0.000006,0.000031,0.000012,0.000005,0.000006,0.000007,0.000009,0.000002
0.000029,0.000041,0.000055,0.000045,0.000023,0.000040,0.000045,0.000081,0.000055,0.000077,0.000097,0.000020,0.000175,0.000230,0.000218,0.000161,0.000089,0.000063,0.000010,0.000199,0.000146,-0.000049,-0.000106,-0.000226,-0.000233,-0.000273,-0.000300,-0.000190,-0.000119,-0.000042,-0.000052,0.000007,-0.000009,0.000137,0.000046,0.000097,-0.000006,0.000187,0.000175,0.000117,0.000175,0.000066,0.000007,0.000040,0.000180,0.000061,0.000051,0.000023,0.000026,0.000007,0.000009,0.000008,0.000000,0.000012,0.000033,0.000007,0.000005,0.000009,0.000011,0.000003
0.000012,0.000025,0.000034,0.000034,-0.000002,0.000017,0.000028,0.000022,0.000118,0.000092,0.000050,-0.000023,0.000049,0.000064,0.000115,0.000091,0.000074,-0.000097,-0.000042,0.000081,0.000124,-0.000018,-0.000150,-0.000165,-0.000181,-0.000121,-0.000118,-0.000054,-0.000109,-0.000040,-0.000014,0.000034,0.000054,-0.000008,0.000106,0.000051,0.000051,0.000124,0.000134,0.000028,0.000099,0.000070,-0.000000,0.000020,0.000031,0.000008,0.000038,0.000018,0.000011,0.000003,0.000005,0.000004,0.000006,0.000005,0.000007,0.000021,0.000011,0.000006,0.000005,0.000004
0.000004,0.000029,0.000048,0.000059,0.000028,0.000041,0.000050,0.000071,0.000158,0.000150,0.000089,-0.000063,0.000038,0.000119,0.000126,0.000127,0.000202,-0.000031,-0.000009,0.000067,0.000123,-0.000024,-0.000068,-0.000227,-0.000134,-0.000142,-0.000191,-0.000190,-0.000197,-0.000043,-0.000064,-0.000005,0.000035,0.000117,0.000088,0.000187,0.000154,0.000069,0.000061,0.000022,0.000046,0.000068,-0.000007,0.000030,0.000023,-0.000012,0.000029,-0.000005,0.000012,0.000004,0.000004,0.000003,0.000004,0.000006,0.000005,0.000011,0.000026,0.000007,0.000006,0.000004
0.000030,0.000039,0.000042,0.000043,0.000058,0.000048,0.000037,0.000077,0.000105,0.000112,0.000076,-0.000001,0.000039,0.000174,0.000222,0.000131,0.000181,0.000026,0.000125,0.000096,0.000078,0.000028,-0.000022,-0.000107,-0.000265,-0.000160,-0.000247,-0.000116,-0.000145,-0.000153,-0.000107,-0.000093,-0.000054,0.000032,0.000133,0.000085,0.000200,0.000155,0.000152,0.000104,0.000081,0.000026,0.000038,0.000011,0.000027,0.000066,0.000008,0.000011,0.000033,0.000004,0.000006,0.000004,0.000002,0.000007,0.000009,0.000006,0.000007,0.000024,0.000007,0.000004
0.000018,0.000033,0.000056,0.000056,0.000040,0.000031,0.000011,0.000027,0.000005,0.000033,-0.000014,-0.000013,0.000058,0.000095,0.000183,0.000103,0.000090,-0.000020,-0.000056,-0.000014,-0.000060,-0.000144,-0.000214,-0.000192,-0.000317,-0.000363,-0.000239,-0.000233,-0.000154,-0.000133,0.000036,0.000062,-0.000018,0.000095,0.000067,0.000127,0.000047,0.000043,0.000075,0.000096,0.000105,0.000071,-0.000007,0.000033,0.000087,0.000033,0.000065,0.000007,0.000017,0.000003,0.000010,0.000007,0.000006,0.000009,0.000011,0.000005,0.000006,0.000007,0.000025,0.000006
0.000018,0.000040,0.000051,0.000094,0.000064,0.000031,0.000051,-0.000005,-0.000004,0.000007,-0.000024,0.000009,0.000023,0.000057,0.000116,0.000089,0.000178,0.000006,-0.000070,-0.000073,-0.000098,-0.000146,-0.000110,-0.000213,-0.000167,-0.000221,-0.000204,-0.000170,-0.000067,-0.000064,0.000007,-0.000021,0.000010,0.000015,0.000204,0.000056,0.000110,0.000114,0.000124,0.000026,0.000182,0.000108,-0.000002,0.000018,0.000026,0.000049,0.000003,0.000007,0.000001,0.000003,0.000008,0.000004,0.000004,0.000002,0.000003,0.000004,0.000004,0.000004,0.000006,0.000023
