0.014216,0.009556,0.006781,0.005735,0.005957,0.003340,0.001878,0.002888,0.003741,0.005213,0.005686,0.004894,0.003222,0.003924,0.004892,0.003400,0.003891,0.001478,0.003968,0.002951,0.000749,-0.000946,-0.002920,0.000906,-0.003725,-0.005472,-0.003772,-0.002052,-0.001234,-0.004037,-0.000669,0.000724,-0.002859,-0.003973,-0.001760,-0.001295,-0.000524,0.002657,0.001598,0.001067,0.001821,0.000947,0.003197,0.000990,0.002384,0.002751,0.000889,0.001128,0.000193,0.001285,0.000562,0.002295,0.002922,0.002386,0.002276,0.000484,0.000782,0.003361,0.002595,0.003078
0.009556,0.017321,0.009644,0.008897,0.007228,0.003822,0.002559,0.003890,0.004206,0.006205,0.005577,0.003646,0.004803,0.005450,0.005422,0.004190,0.004849,0.003231,0.002839,0.004085,0.001514,-0.002331,-0.003014,-0.003688,-0.005759,-0.008170,-0.008435,-0.005060,-0.001862,-0.004100,-0.001063,0.000682,-0.003597,-0.004347,0.000024,-0.000082,-0.000431,0.002528,0.000594,-0.001494,0.002070,0.003531,0.002022,0.000694,0.004097,0.003824,0.003204,0.004383,0.002566,0.002249,0.002408,0.003634,0.004111,0.002463,0.004278,0.002648,0.004834,0.003669,0.003418,0.004532
0.006781,0.009644,0.012827,0.006956,0.007730,0.002336,0.000880,0.001055,0.002549,0.002831,0.003260,0.000994,0.000444,0.002414,0.002982,0.001691,0.001541,-0.000664,0.000053,0.000654,-0.002139,-0.002570,-0.000064,-0.000892,-0.003299,-0.005926,-0.003761,-0.002425,-0.000508,-0.003219,-0.000044,-0.000611,-0.001233,-0.002163,0.001270,0.001664,0.001163,0.002731,0.001498,0.000870,0.002897,0.003588,0.001118,0.000481,0.002734,0.001938,0.002279,0.003964,0.001978,0.000879,0.001709,0.004216,0.003191,0.005866,0.003627,0.002065,0.004145,0.003141,0.004082,0.003518
0.005735,0.008897,0.006956,0.010087,0.006958,0.002321,0.001501,0.000515,0.002663,0.002186,0.002770,0.001200,0.002089,0.003164,0.003450,0.002615,0.003952,0.003096,0.002295,0.002072,0.000891,-0.000789,0.000961,-0.000403,-0.002437,-0.004001,-0.003424,-0.003051,-0.003343,-0.003840,-0.002937,-0.002086,-0.004476,-0.004397,-0.001273,-0.000902,-0.000491,-0.000066,0.001311,-0.000446,0.001398,0.001486,0.000316,-0.000317,0.001751,0.001481,0.001303,0.001988,0.001098,0.001156,0.000815,0.002905,0.003858,0.002108,0.002625,0.002122,0.004420,0.002037,0.002874,0.004363
0.005957,0.007228,0.007730,0.006958,0.015467,0.005389,0.001761,-0.000596,0.000929,0.001283,0.004347,0.005409,0.003818,0.005504,0.004895,0.004405,0.004113,0.005949,0.007651,0.003928,0.000505,0.001579,0.000894,0.000434,-0.000693,-0.003272,-0.003410,-0.005000,-0.002509,-0.008113,-0.003485,-0.004179,-0.004224,-0.001737,-0.002670,-0.001772,-0.000309,-0.000731,0.002080,0.000123,0.000059,0.001981,0.001606,-0.001057,0.000798,0.000696,0.000064,0.002076,-0.000611,-0.001643,0.001574,0.002857,0.003812,0.003929,0.002353,0.001083,0.001881,0.002646,0.003610,0.002807
0.003340,0.003822,0.002336,0.002321,0.005389,0.015074,0.008722,0.006190,0.004755,0.006054,0.006751,0.004963,0.003334,0.008800,0.008788,0.005940,0.004437,-0.000371,0.005492,0.004680,0.005831,0.003505,-0.000094,0.000545,0.001067,0.003538,-0.000295,-0.000944,-0.001475,-0.002942,-0.002312,-0.003639,-0.005270,-0.004275,-0.003570,-0.001726,-0.003731,-0.002525,0.002355,0.001123,-0.001465,-0.002835,0.000689,-0.000400,0.002156,-0.000862,-0.000476,0.001822,-0.000729,-0.001321,0.001731,0.002127,0.001555,0.002227,0.001641,0.001587,0.000265,0.001619,0.000723,0.001070
0.001878,0.002559,0.000880,0.001501,0.001761,0.008722,0.018640,0.010310,0.005941,0.003866,0.006882,0.002238,0.003839,0.010024,0.011090,0.008601,0.005348,0.002016,0.005451,0.001993,0.001720,0.000582,0.001730,0.000574,0.000243,-0.000510,-0.002602,-0.001506,0.001844,0.001899,-0.000915,-0.003755,-0.005078,-0.003119,-0.001319,-0.002080,-0.004181,-0.004660,-0.000387,0.000556,0.000500,-0.001875,-0.000346,-0.000838,0.002303,0.000757,0.000972,0.003123,0.002723,0.001719,0.001428,0.000920,0.001957,0.001413,0.003477,0.001986,0.002783,0.001686,-0.000312,0.001843
0.002888,0.003890,0.001055,0.000515,-0.000596,0.006190,0.010310,0.019485,0.008798,0.007300,0.009474,0.002181,0.003239,0.007837,0.008492,0.005127,0.001359,-0.000449,0.002711,0.003537,0.004610,0.003353,0.000093,0.000200,-0.002279,-0.002856,-0.004088,-0.002146,-0.000118,0.000699,0.000591,-0.000909,-0.001889,-0.000804,0.000952,-0.001523,-0.001658,0.001973,0.003007,0.003957,0.003587,0.001322,0.004056,0.002308,0.004929,0.003995,0.001905,0.004888,0.004589,0.002285,0.003488,0.001339,0.000635,0.001816,0.003166,0.002401,0.002830,0.003847,0.001073,0.000662
0.003741,0.004206,0.002549,0.002663,0.000929,0.004755,0.005941,0.008798,0.020472,0.013003,0.011191,0.002289,0.003644,0.002879,0.003647,0.001716,0.001048,-0.003530,-0.000210,0.006387,0.002060,-0.003769,-0.003368,-0.003934,-0.004729,-0.001478,0.001849,0.001944,-0.000004,0.001897,0.001474,0.003141,-0.000246,-0.001071,-0.000061,-0.002181,-0.001164,0.002321,0.005637,0.002191,0.003222,0.000957,0.003891,0.001477,0.006942,0.003139,0.002464,0.005885,0.003590,0.000224,0.000478,0.001580,0.002387,-0.000012,0.001960,0.003940,0.006306,0.002932,-0.000457,0.000463
0.005213,0.006205,0.002831,0.002186,0.001283,0.006054,0.003866,0.007300,0.013003,0.022656,0.015633,0.008369,0.008195,0.004633,0.003631,0.004248,0.002976,-0.000804,0.002913,0.008028,0.005281,-0.000022,-0.000518,-0.004826,-0.004062,-0.000617,-0.000194,0.003255,-0.000730,-0.001492,-0.001498,0.000795,-0.002077,-0.005043,-0.001224,-0.002659,-0.003371,0.001636,0.004403,0.001236,-0.001439,-0.000988,0.004229,0.002064,0.008317,0.001249,0.002135,0.006046,0.005610,0.001149,0.001549,0.001727,0.003279,0.000926,0.002087,0.002149,0.006474,0.001986,-0.000860,0.000783
0.005686,0.005577,0.003260,0.002770,0.004347,0.006751,0.006882,0.009474,0.011191,0.015633,0.024999,0.014682,0.011967,0.008352,0.007324,0.007416,0.002871,0.001483,0.005087,0.009679,0.005702,0.002622,0.001819,-0.000897,0.000259,0.000792,0.000884,0.001185,-0.000846,-0.003020,-0.001567,-0.000002,-0.005079,-0.008006,-0.005829,-0.005980,-0.003073,-0.000719,0.004617,-0.001360,-0.001860,-0.000814,0.003212,0.002522,0.007905,0.001908,0.000702,0.005258,0.003209,0.000424,0.002620,0.002280,0.001262,0.001157,0.003168,0.001677,0.003131,0.001346,-0.001325,0.000884
0.004894,0.003646,0.000994,0.001200,0.005409,0.004963,0.002238,0.002181,0.002289,0.008369,0.014682,0.028545,0.014313,0.007874,0.005263,0.006760,0.003450,0.004052,0.004536,0.007771,0.003149,0.001602,-0.000552,-0.000451,0.005512,0.000999,-0.000257,-0.001630,-0.003124,-0.007868,-0.002216,-0.000961,-0.005067,-0.005948,-0.009005,-0.004216,-0.002108,-0.003084,0.001644,-0.004010,-0.000783,0.001715,0.004094,0.001966,0.007022,0.000918,-0.000328,0.003555,0.000699,-0.001171,0.002141,0.000708,0.000226,0.001726,0.001042,0.000484,-0.001586,-0.000321,-0.000227,0.000776
0.003222,0.004803,0.000444,0.002089,0.003818,0.003334,0.003839,0.003239,0.003644,0.008195,0.011967,0.014313,0.026776,0.010839,0.007579,0.008484,0.009147,0.009718,0.008342,0.009875,0.005657,0.000584,-0.001254,-0.002904,0.001932,0.000745,-0.002539,-0.002178,-0.002723,-0.002749,-0.002761,-0.000431,-0.006213,-0.004602,-0.008565,-0.007543,-0.005242,-0.003092,0.001375,-0.001364,0.001496,0.000238,0.004153,0.003207,0.009170,0.001312,0.002222,0.003893,0.001219,0.000771,0.002644,0.001779,0.000948,0.005587,0.006100,0.001888,0.003588,0.001042,0.002459,0.000994
0.003924,0.005450,0.002414,0.003164,0.005504,0.008800,0.010024,0.007837,0.002879,0.004633,0.008352,0.007874,0.010839,0.023630,0.020429,0.016753,0.012841,0.010912,0.015666,0.011227,0.011074,0.006997,0.002046,-0.002852,-0.002401,-0.003101,-0.007340,-0.010236,-0.004651,-0.009254,-0.006654,-0.008449,-0.009870,-0.006213,-0.008609,-0.002442,-0.004781,-0.004034,-0.000066,-0.002398,-0.000975,-0.001355,-0.000377,-0.001547,0.001396,-0.001404,0.000487,0.003071,0.002954,0.001902,0.002674,0.000664,-0.000316,0.005540,0.006535,0.003091,0.004575,0.004412,0.002427,0.001377
0.004892,0.005422,0.002982,0.003450,0.004895,0.008788,0.011090,0.008492,0.003647,0.003631,0.007324,0.005263,0.007579,0.020429,0.031754,0.020855,0.018857,0.013706,0.017091,0.010804,0.014010,0.008744,0.002659,-0.001048,-0.002475,-0.001949,-0.005245,-0.010933,-0.006768,-0.011748,-0.009054,-0.012814,-0.013528,-0.011556,-0.011350,-0.005761,-0.005685,-0.005666,-0.003195,-0.004235,-0.001647,-0.004470,-0.002130,-0.002600,-0.001823,-0.001618,0.000229,0.000897,0.002673,0.001566,0.001868,0.000439,0.000695,0.005963,0.005036,0.003251,0.004170,0.004145,0.002724,0.002132
0.003400,0.004190,0.001691,0.002615,0.004405,0.005940,0.008601,0.005127,0.001716,0.004248,0.007416,0.006760,0.008484,0.016753,0.020855,0.037684,0.023808,0.021298,0.023641,0.013491,0.014270,0.007776,0.005390,-0.000129,-0.000781,-0.003184,-0.009095,-0.011130,-0.009424,-0.010408,-0.007624,-0.011018,-0.008413,-0.006882,-0.007585,-0.004066,-0.003880,-0.005101,-0.004782,-0.002715,-0.002473,-0.005187,-0.005656,-0.004471,-0.003720,-0.002372,-0.001803,0.000111,0.002318,-0.001329,0.000576,-0.001409,-0.002028,0.001962,0.003601,0.003524,0.004129,0.002151,0.000908,0.002342
0.003891,0.004849,0.001541,0.003952,0.004113,0.004437,0.005348,0.001359,0.001048,0.002976,0.002871,0.003450,0.009147,0.012841,0.018857,0.023808,0.047784,0.029015,0.026350,0.019852,0.021182,0.013116,0.008890,0.002880,0.000475,-0.003237,-0.011269,-0.009394,-0.014134,-0.011721,-0.014933,-0.012743,-0.014356,-0.008184,-0.010235,-0.005703,-0.003710,-0.005689,-0.007847,-0.008578,-0.004382,-0.006115,-0.008828,-0.003436,-0.006232,-0.004199,-0.003310,-0.004296,-0.000661,-0.000127,0.000227,0.000426,0.000874,0.006998,0.002913,0.004267,0.008699,0.005199,0.000703,0.003903
0.001478,0.003231,-0.000664,0.003096,0.005949,-0.000371,0.002016,-0.000449,-0.003530,-0.000804,0.001483,0.004052,0.009718,0.010912,0.013706,0.021298,0.029015,0.049252,0.031775,0.020611,0.022217,0.015619,0.009505,0.004215,0.003943,-0.005350,-0.013018,-0.013188,-0.014029,-0.014015,-0.016792,-0.013455,-0.014359,-0.008944,-0.014790,-0.009700,-0.008672,-0.009507,-0.007824,-0.010021,-0.004853,-0.007440,-0.010679,-0.006951,-0.012452,-0.008265,-0.004911,-0.004464,-0.001501,-0.000791,-0.001925,-0.002849,-0.000629,0.005146,0.003483,0.001357,0.000607,0.000675,-0.001770,0.000473
0.003968,0.002839,0.000053,0.002295,0.007651,0.005492,0.005451,0.002711,-0.000210,0.002913,0.005087,0.004536,0.008342,0.015666,0.017091,0.023641,0.026350,0.031775,0.053819,0.029703,0.026775,0.017072,0.007535,0.003113,-0.000997,-0.002013,-0.012645,-0.013913,-0.013582,-0.014205,-0.020969,-0.016975,-0.011274,-0.005990,-0.011063,-0.008516,-0.006184,-0.006776,-0.001410,-0.005029,-0.009882,-0.008316,-0.009393,-0.004868,-0.008880,-0.004029,-0.003362,-0.003419,0.001753,0.000386,-0.000401,-0.002084,-0.001280,0.007497,0.001124,0.001297,0.001247,0.004547,-0.000901,0.000355
0.002951,0.004085,0.000654,0.002072,0.003928,0.004680,0.001993,0.003537,0.006387,0.008028,0.009679,0.007771,0.009875,0.011227,0.010804,0.013491,0.019852,0.020611,0.029703,0.057369,0.039092,0.021312,0.013299,0.003477,-0.002695,-0.003024,-0.012407,-0.011918,-0.011242,-0.012459,-0.022207,-0.012917,-0.014096,-0.006662,-0.013004,-0.011950,-0.014718,-0.007384,-0.001662,-0.008788,-0.013457,-0.006437,-0.009620,-0.004231,-0.008919,-0.004703,-0.005097,-0.005868,-0.006038,-0.001757,-0.001152,-0.000097,0.001168,0.006557,0.002655,0.003518,0.004340,0.000920,-0.000663,0.000492
0.000749,0.001514,-0.002139,0.000891,0.000505,0.005831,0.001720,0.004610,0.002060,0.005281,0.005702,0.003149,0.005657,0.011074,0.014010,0.014270,0.021182,0.022217,0.026775,0.039092,0.056851,0.030044,0.020160,0.010169,0.005804,0.007343,-0.004541,-0.010338,-0.016237,-0.016669,-0.025963,-0.018252,-0.018267,-0.014701,-0.016392,-0.013134,-0.012482,-0.008672,-0.001684,-0.008026,-0.013324,-0.008387,-0.009574,-0.001362,-0.008784,-0.004947,-0.004363,-0.007114,-0.004838,-0.000237,-0.001861,-0.003194,-0.001516,0.004993,-0.000804,0.004617,0.002923,0.001091,-0.002781,-0.000359
-0.000946,-0.002331,-0.002570,-0.000789,0.001579,0.003505,0.000582,0.003353,-0.003769,-0.000022,0.002622,0.001602,0.000584,0.006997,0.008744,0.007776,0.013116,0.015619,0.017072,0.021312,0.030044,0.044938,0.025549,0.018520,0.013650,0.011662,0.002944,-0.002821,-0.006447,-0.009572,-0.012948,-0.013369,-0.011107,-0.010017,-0.011937,-0.007316,-0.009435,-0.007354,-0.004920,-0.009819,-0.008943,-0.006479,-0.006034,-0.000416,-0.005338,-0.001212,-0.002203,-0.005558,-0.003471,0.001804,-0.000278,-0.000908,0.001578,0.005635,-0.002332,0.001563,-0.001271,-0.000759,-0.002208,-0.000455
-0.002920,-0.003014,-0.000064,0.000961,0.000894,-0.000094,0.001730,0.000093,-0.003368,-0.000518,0.001819,-0.000552,-0.001254,0.002046,0.002659,0.005390,0.008890,0.009505,0.007535,0.013299,0.020160,0.025549,0.048967,0.027256,0.020699,0.017264,0.008069,0.006486,-0.003640,-0.009207,-0.011470,-0.009645,-0.007323,-0.009959,-0.011531,-0.007031,-0.010035,-0.012383,-0.009750,-0.008918,-0.007759,-0.004127,-0.004747,-0.000685,-0.000895,-0.001351,0.000819,-0.004179,0.002480,0.001674,0.000061,0.000345,0.001842,0.001966,-0.001956,-0.000844,-0.000121,-0.001183,-0.004258,-0.001292
0.000906,-0.003688,-0.000892,-0.000403,0.000434,0.000545,0.000574,0.000200,-0.003934,-0.004826,-0.000897,-0.000451,-0.002904,-0.002852,-0.001048,-0.000129,0.002880,0.004215,0.003113,0.003477,0.010169,0.018520,0.027256,0.040968,0.027164,0.021183,0.015993,0.010530,0.001210,-0.002103,-0.004813,-0.006947,-0.006425,-0.008053,-0.012781,-0.010581,-0.011307,-0.011642,-0.010734,-0.007810,-0.007634,-0.004022,-0.003542,-0.000113,-0.003841,-0.000030,-0.001563,-0.006743,-0.002317,-0.002438,-0.001237,-0.000610,0.001239,0.001645,-0.005066,-0.003269,-0.006436,-0.003206,-0.005930,-0.003969
-0.003725,-0.005759,-0.003299,-0.002437,-0.000693,0.001067,0.000243,-0.002279,-0.004729,-0.004062,0.000259,0.005512,0.001932,-0.002401,-0.002475,-0.000781,0.000475,0.003943,-0.000997,-0.002695,0.005804,0.013650,0.020699,0.027164,0.044299,0.027876,0.019769,0.013960,0.003233,-0.002175,-0.003341,-0.004035,-0.004226,-0.007759,-0.010419,-0.006194,-0.010279,-0.015808,-0.011267,-0.013499,-0.007897,-0.003459,-0.002846,0.001906,0.001261,-0.000821,0.000271,-0.003865,-0.000840,-0.002463,-0.001875,-0.003234,-0.004974,-0.002887,-0.004901,-0.003867,-0.004963,-0.006431,-0.007890,-0.004294
-0.005472,-0.008170,-0.005926,-0.004001,-0.003272,0.003538,-0.000510,-0.002856,-0.001478,-0.000617,0.000792,0.000999,0.000745,-0.003101,-0.001949,-0.003184,-0.003237,-0.005350,-0.002013,-0.003024,0.007343,0.011662,0.017264,0.021183,0.027876,0.044826,0.030181,0.016873,0.005687,0.002115,-0.000720,-0.001701,-0.004092,-0.008902,-0.009028,-0.008183,-0.007734,-0.010248,-0.006429,-0.008379,-0.008579,-0.004515,-0.002639,0.001514,0.001060,-0.000433,-0.001436,-0.004555,-0.001562,-0.002629,-0.001883,-0.004543,-0.005205,-0.004919,-0.005522,-0.003341,-0.003382,-0.003937,-0.009274,-0.005017
-0.003772,-0.008435,-0.003761,-0.003424,-0.003410,-0.000295,-0.002602,-0.004088,0.001849,-0.000194,0.000884,-0.000257,-0.002539,-0.007340,-0.005245,-0.009095,-0.011269,-0.013018,-0.012645,-0.012407,-0.004541,0.002944,0.008069,0.015993,0.019769,0.030181,0.052089,0.030225,0.014065,0.009237,0.004975,0.003074,-0.000056,-0.009356,-0.009223,-0.008042,-0.006026,-0.009579,-0.005418,-0.005844,-0.005556,-0.000295,0.002959,0.002003,0.005007,0.002665,0.000137,-0.000305,-0.000175,-0.002784,-0.001300,-0.001571,-0.002519,-0.006171,-0.007064,-0.004803,-0.005915,-0.007344,-0.006503,-0.004731
-0.002052,-0.005060,-0.002425,-0.003051,-0.005000,-0.000944,-0.001506,-0.002146,0.001944,0.003255,0.001185,-0.001630,-0.002178,-0.010236,-0.010933,-0.011130,-0.009394,-0.013188,-0.013913,-0.011918,-0.010338,-0.002821,0.006486,0.010530,0.013960,0.016873,0.030225,0.044588,0.020720,0.016470,0.010932,0.008524,0.003305,-0.004627,-0.001581,-0.004296,-0.004352,-0.003697,-0.004447,-0.003023,-0.001921,-0.000167,0.001311,0.001183,0.006089,0.002074,0.000939,0.001441,0.001896,-0.001182,-0.001501,-0.000749,0.000949,-0.003447,-0.004341,-0.004164,-0.004090,-0.003708,-0.005092,-0.003668
-0.001234,-0.001862,-0.000508,-0.003343,-0.002509,-0.001475,0.001844,-0.000118,-0.000004,-0.000730,-0.000846,-0.003124,-0.002723,-0.004651,-0.006768,-0.009424,-0.014134,-0.014029,-0.013582,-0.011242,-0.016237,-0.006447,-0.003640,0.001210,0.003233,0.005687,0.014065,0.020720,0.038502,0.020917,0.014440,0.006918,0.006398,0.004622,0.006425,0.000962,0.000995,0.000192,-0.000563,-0.002560,-0.000656,0.002031,0.003561,0.002571,0.004883,0.001695,0.000223,0.001366,-0.000258,-0.003186,-0.000610,-0.002138,-0.001408,-0.003036,-0.002358,-0.004019,-0.006119,-0.002057,-0.000960,-0.000567
-0.004037,-0.004100,-0.003219,-0.003840,-0.008113,-0.002942,0.001899,0.000699,0.001897,-0.001492,-0.003020,-0.007868,-0.002749,-0.009254,-0.011748,-0.010408,-0.011721,-0.014015,-0.014205,-0.012459,-0.016669,-0.009572,-0.009207,-0.002103,-0.002175,0.002115,0.009237,0.016470,0.020917,0.040900,0.024746,0.015007,0.009102,0.009714,0.006438,0.002019,-0.001955,0.003587,-0.002089,0.002670,0.008071,0.004215,0.005225,0.001942,0.007327,0.007063,0.005861,0.005486,0.001939,0.001459,0.000648,0.000587,-0.000141,-0.005058,-0.000813,-0.001920,-0.003086,-0.003928,-0.001299,-0.000244
-0.000669,-0.001063,-0.000044,-0.002937,-0.003485,-0.002312,-0.000915,0.000591,0.001474,-0.001498,-0.001567,-0.002216,-0.002761,-0.006654,-0.009054,-0.007624,-0.014933,-0.016792,-0.020969,-0.022207,-0.025963,-0.012948,-0.011470,-0.004813,-0.003341,-0.000720,0.004975,0.010932,0.014440,0.024746,0.046019,0.029475,0.014728,0.012850,0.013293,0.008433,0.003966,0.006159,0.004072,0.008266,0.014401,0.012292,0.010641,0.003546,0.013929,0.007345,0.007621,0.007297,0.004208,0.003475,0.002209,0.001597,0.002867,-0.002132,0.000694,-0.001142,-0.000449,-0.001192,0.005383,0.001062
0.000724,0.000682,-0.000611,-0.002086,-0.004179,-0.003639,-0.003755,-0.000909,0.003141,0.000795,-0.000002,-0.000961,-0.000431,-0.008449,-0.012814,-0.011018,-0.012743,-0.013455,-0.016975,-0.012917,-0.018252,-0.013369,-0.009645,-0.006947,-0.004035,-0.001701,0.003074,0.008524,0.006918,0.015007,0.029475,0.046341,0.021082,0.017556,0.015416,0.007662,0.006814,0.007905,0.006409,0.007960,0.012720,0.009577,0.010198,0.007082,0.017433,0.008219,0.007252,0.006138,0.004057,0.004550,0.001574,0.002122,0.002689,-0.002258,0.002428,-0.000550,0.001796,-0.002372,0.001672,-0.000599
-0.002859,-0.003597,-0.001233,-0.004476,-0.004224,-0.005270,-0.005078,-0.001889,-0.000246,-0.002077,-0.005079,-0.005067,-0.006213,-0.009870,-0.013528,-0.008413,-0.014356,-0.014359,-0.011274,-0.014096,-0.018267,-0.011107,-0.007323,-0.006425,-0.004226,-0.004092,-0.000056,0.003305,0.006398,0.009102,0.014728,0.021082,0.032908,0.021697,0.023308,0.013301,0.015103,0.013725,0.007511,0.011212,0.011267,0.009446,0.009314,0.007450,0.009394,0.005912,0.002032,0.004625,0.003087,0.000893,0.000180,0.000170,-0.001254,-0.002081,-0.000771,-0.000397,0.000062,-0.001165,-0.000919,-0.001915
-0.003973,-0.004347,-0.002163,-0.004397,-0.001737,-0.004275,-0.003119,-0.000804,-0.001071,-0.005043,-0.008006,-0.005948,-0.004602,-0.006213,-0.011556,-0.006882,-0.008184,-0.008944,-0.005990,-0.006662,-0.014701,-0.010017,-0.009959,-0.008053,-0.007759,-0.008902,-0.009356,-0.004627,0.004622,0.009714,0.012850,0.017556,0.021697,0.042278,0.028753,0.020741,0.018033,0.014595,0.007016,0.012699,0.013009,0.009099,0.005648,0.004257,0.006471,0.005108,0.001009,-0.001524,-0.000775,0.000606,0.000913,0.001210,0.000065,0.000817,0.001123,-0.002014,0.002232,0.000957,0.002840,-0.000128
-0.001760,0.000024,0.001270,-0.001273,-0.002670,-0.003570,-0.001319,0.000952,-0.000061,-0.001224,-0.005829,-0.009005,-0.008565,-0.008609,-0.011350,-0.007585,-0.010235,-0.014790,-0.011063,-0.013004,-0.016392,-0.011937,-0.011531,-0.012781,-0.010419,-0.009028,-0.009223,-0.001581,0.006425,0.006438,0.013293,0.015416,0.023308,0.028753,0.050104,0.025876,0.028643,0.021281,0.014059,0.016724,0.013613,0.010172,0.007222,0.005017,0.004426,0.006334,0.001271,-0.001229,0.003705,0.001825,0.000250,0.001124,0.003445,0.000756,0.000447,0.002379,0.004477,0.003670,0.002849,0.003137
-0.001295,-0.000082,0.001664,-0.000902,-0.001772,-0.001726,-0.002080,-0.001523,-0.002181,-0.002659,-0.005980,-0.004216,-0.007543,-0.002442,-0.005761,-0.004066,-0.005703,-0.009700,-0.008516,-0.011950,-0.013134,-0.007316,-0.007031,-0.010581,-0.006194,-0.008183,-0.008042,-0.004296,0.000962,0.002019,0.008433,0.007662,0.013301,0.020741,0.025876,0.043006,0.029174,0.017197,0.007454,0.011709,0.008813,0.008067,0.005342,0.006245,0.003371,0.000987,-0.001400,0.000797,0.001142,0.000412,-0.001353,-0.000655,-0.000451,0.002869,0.000842,-0.000947,0.006653,0.002407,0.002577,0.000490
-0.000524,-0.000431,0.001163,-0.000491,-0.000309,-0.003731,-0.004181,-0.001658,-0.001164,-0.003371,-0.003073,-0.002108,-0.005242,-0.004781,-0.005685,-0.003880,-0.003710,-0.008672,-0.006184,-0.014718,-0.012482,-0.009435,-0.010035,-0.011307,-0.010279,-0.007734,-0.006026,-0.004352,0.000995,-0.001955,0.003966,0.006814,0.015103,0.018033,0.028643,0.029174,0.048693,0.027242,0.013197,0.011865,0.010034,0.007301,0.007605,0.008091,0.002394,0.002709,-0.001241,0.001253,0.001382,-0.000565,-0.000046,-0.000930,-0.000558,0.001686,0.000440,-0.000468,0.006432,0.005048,0.001034,0.001257
0.002657,0.002528,0.002731,-0.000066,-0.000731,-0.002525,-0.004660,0.001973,0.002321,0.001636,-0.000719,-0.003084,-0.003092,-0.004034,-0.005666,-0.005101,-0.005689,-0.009507,-0.006776,-0.007384,-0.008672,-0.007354,-0.012383,-0.011642,-0.015808,-0.010248,-0.009579,-0.003697,0.000192,0.003587,0.006159,0.007905,0.013725,0.014595,0.021281,0.017197,0.027242,0.035564,0.019082,0.018738,0.014890,0.009552,0.010121,0.008237,0.006506,0.004335,0.000943,0.004021,0.002420,0.002419,0.000838,0.001968,0.000891,0.002908,0.004419,0.003637,0.003447,0.004865,0.003333,0.001957
0.001598,0.000594,0.001498,0.001311,0.002080,0.002355,-0.000387,0.003007,0.005637,0.004403,0.004617,0.001644,0.001375,-0.000066,-0.003195,-0.004782,-0.007847,-0.007824,-0.001410,-0.001662,-0.001684,-0.004920,-0.009750,-0.010734,-0.011267,-0.006429,-0.005418,-0.004447,-0.000563,-0.002089,0.004072,0.006409,0.007511,0.007016,0.014059,0.007454,0.013197,0.019082,0.031264,0.018354,0.009382,0.010012,0.010919,0.008585,0.010298,0.005341,0.001262,0.006314,0.003798,0.002152,0.001394,0.001909,0.001222,0.003838,0.003625,0.004709,0.001985,0.004692,0.003592,0.003160
0.001067,-0.001494,0.000870,-0.000446,0.000123,0.001123,0.000556,0.003957,0.002191,0.001236,-0.001360,-0.004010,-0.001364,-0.002398,-0.004235,-0.002715,-0.008578,-0.010021,-0.005029,-0.008788,-0.008026,-0.009819,-0.008918,-0.007810,-0.013499,-0.008379,-0.005844,-0.003023,-0.002560,0.002670,0.008266,0.007960,0.011212,0.012699,0.016724,0.011709,0.011865,0.018738,0.018354,0.030857,0.017674,0.009234,0.011821,0.008102,0.008946,0.004503,0.004606,0.009481,0.006062,0.003444,0.001940,0.002748,0.002616,0.002732,0.002756,0.002275,0.000547,0.003173,0.005035,0.001929
0.001821,0.002070,0.002897,0.001398,0.000059,-0.001465,0.000500,0.003587,0.003222,-0.001439,-0.001860,-0.000783,0.001496,-0.000975,-0.001647,-0.002473,-0.004382,-0.004853,-0.009882,-0.013457,-0.013324,-0.008943,-0.007759,-0.007634,-0.007897,-0.008579,-0.005556,-0.001921,-0.000656,0.008071,0.014401,0.012720,0.011267,0.013009,0.013613,0.008813,0.010034,0.014890,0.009382,0.017674,0.031241,0.016587,0.016021,0.007038,0.016289,0.010212,0.009121,0.011870,0.007834,0.005891,0.003992,0.006010,0.003780,0.003594,0.004860,0.002908,0.001568,0.002423,0.004512,0.002404
0.000947,0.003531,0.003588,0.001486,0.001981,-0.002835,-0.001875,0.001322,0.000957,-0.000988,-0.000814,0.001715,0.000238,-0.001355,-0.004470,-0.005187,-0.006115,-0.007440,-0.008316,-0.006437,-0.008387,-0.006479,-0.004127,-0.004022,-0.003459,-0.004515,-0.000295,-0.000167,0.002031,0.004215,0.012292,0.009577,0.009446,0.009099,0.010172,0.008067,0.007301,0.009552,0.010012,0.009234,0.016587,0.029770,0.018874,0.008498,0.017096,0.012378,0.008495,0.009703,0.006252,0.005700,0.004112,0.004509,0.005244,0.004653,0.002252,0.002822,0.004658,0.002089,0.004590,0.001821
0.003197,0.002022,0.001118,0.000316,0.001606,0.000689,-0.000346,0.004056,0.003891,0.004229,0.003212,0.004094,0.004153,-0.000377,-0.002130,-0.005656,-0.008828,-0.010679,-0.009393,-0.009620,-0.009574,-0.006034,-0.004747,-0.003542,-0.002846,-0.002639,0.002959,0.001311,0.003561,0.005225,0.010641,0.010198,0.009314,0.005648,0.007222,0.005342,0.007605,0.010121,0.010919,0.011821,0.016021,0.018874,0.028428,0.012351,0.019612,0.012642,0.008949,0.012752,0.008763,0.005473,0.004364,0.003430,0.005081,0.002178,0.001832,0.001073,0.001077,0.002190,0.002984,0.001037
0.000990,0.000694,0.000481,-0.000317,-0.001057,-0.000400,-0.000838,0.002308,0.001477,0.002064,0.002522,0.001966,0.003207,-0.001547,-0.002600,-0.004471,-0.003436,-0.006951,-0.004868,-0.004231,-0.001362,-0.000416,-0.000685,-0.000113,0.001906,0.001514,0.002003,0.001183,0.002571,0.001942,0.003546,0.007082,0.007450,0.004257,0.005017,0.006245,0.008091,0.008237,0.008585,0.008102,0.007038,0.008498,0.012351,0.019630,0.012456,0.006726,0.006226,0.006561,0.005049,0.002123,0.002261,0.000095,-0.000535,0.002109,0.002741,0.001744,0.003117,0.001346,0.004264,0.001569
0.002384,0.004097,0.002734,0.001751,0.000798,0.002156,0.002303,0.004929,0.006942,0.008317,0.007905,0.007022,0.009170,0.001396,-0.001823,-0.003720,-0.006232,-0.012452,-0.008880,-0.008919,-0.008784,-0.005338,-0.000895,-0.003841,0.001261,0.001060,0.005007,0.006089,0.004883,0.007327,0.013929,0.017433,0.009394,0.006471,0.004426,0.003371,0.002394,0.006506,0.010298,0.008946,0.016289,0.017096,0.019612,0.012456,0.038190,0.016279,0.012949,0.015829,0.011863,0.007631,0.005975,0.005278,0.004883,0.005783,0.006770,-0.000324,0.003224,-0.000734,0.002765,0.001364
0.002751,0.003824,0.001938,0.001481,0.000696,-0.000862,0.000757,0.003995,0.003139,0.001249,0.001908,0.000918,0.001312,-0.001404,-0.001618,-0.002372,-0.004199,-0.008265,-0.004029,-0.004703,-0.004947,-0.001212,-0.001351,-0.000030,-0.000821,-0.000433,0.002665,0.002074,0.001695,0.007063,0.007345,0.008219,0.005912,0.005108,0.006334,0.000987,0.002709,0.004335,0.005341,0.004503,0.010212,0.012378,0.012642,0.006726,0.016279,0.020226,0.009365,0.009358,0.006941,0.008499,0.003712,0.003531,0.005548,0.002734,0.003582,0.000031,0.002560,0.001253,0.001738,0.002051
0.000889,0.003204,0.002279,0.001303,0.000064,-0.000476,0.000972,0.001905,0.002464,0.002135,0.000702,-0.000328,0.002222,0.000487,0.000229,-0.001803,-0.003310,-0.004911,-0.003362,-0.005097,-0.004363,-0.002203,0.000819,-0.001563,0.000271,-0.001436,0.000137,0.000939,0.000223,0.005861,0.007621,0.007252,0.002032,0.001009,0.001271,-0.001400,-0.001241,0.000943,0.001262,0.004606,0.009121,0.008495,0.008949,0.006226,0.012949,0.009365,0.014572,0.009920,0.008647,0.007066,0.002904,0.002802,0.004004,0.002451,0.003993,0.002152,0.003451,0.001349,0.004002,0.001543
0.001128,0.004383,0.003964,0.001988,0.002076,0.001822,0.003123,0.004888,0.005885,0.006046,0.005258,0.003555,0.003893,0.003071,0.000897,0.000111,-0.004296,-0.004464,-0.003419,-0.005868,-0.007114,-0.005558,-0.004179,-0.006743,-0.003865,-0.004555,-0.000305,0.001441,0.001366,0.005486,0.007297,0.006138,0.004625,-0.001524,-0.001229,0.000797,0.001253,0.004021,0.006314,0.009481,0.011870,0.009703,0.012752,0.006561,0.015829,0.009358,0.009920,0.024485,0.012866,0.006901,0.003302,0.002677,0.004154,-0.000974,0.004858,0.002028,0.002713,0.001366,0.001830,0.001277
0.000193,0.002566,0.001978,0.001098,-0.000611,-0.000729,0.002723,0.004589,0.003590,0.005610,0.003209,0.000699,0.001219,0.002954,0.002673,0.002318,-0.000661,-0.001501,0.001753,-0.006038,-0.004838,-0.003471,0.002480,-0.002317,-0.000840,-0.001562,-0.000175,0.001896,-0.000258,0.001939,0.004208,0.004057,0.003087,-0.000775,0.003705,0.001142,0.001382,0.002420,0.003798,0.006062,0.007834,0.006252,0.008763,0.005049,0.011863,0.006941,0.008647,0.012866,0.020257,0.008254,0.001728,0.001296,0.000270,-0.001040,0.004103,0.000172,0.003521,0.003282,0.000614,-0.000066
0.001285,0.002249,0.000879,0.001156,-0.001643,-0.001321,0.001719,0.002285,0.000224,0.001149,0.000424,-0.001171,0.000771,0.001902,0.001566,-0.001329,-0.000127,-0.000791,0.000386,-0.001757,-0.000237,0.001804,0.001674,-0.002438,-0.002463,-0.002629,-0.002784,-0.001182,-0.003186,0.001459,0.003475,0.004550,0.000893,0.000606,0.001825,0.000412,-0.000565,0.002419,0.002152,0.003444,0.005891,0.005700,0.005473,0.002123,0.007631,0.008499,0.007066,0.006901,0.008254,0.015734,0.002619,0.002551,0.006875,0.004807,0.004199,0.000381,0.005970,0.001149,0.001180,0.001489
0.000562,0.002408,0.001709,0.000815,0.001574,0.001731,0.001428,0.003488,0.000478,0.001549,0.002620,0.002141,0.002644,0.002674,0.001868,0.000576,0.000227,-0.001925,-0.000401,-0.001152,-0.001861,-0.000278,0.000061,-0.001237,-0.001875,-0.001883,-0.001300,-0.001501,-0.000610,0.000648,0.002209,0.001574,0.000180,0.000913,0.000250,-0.001353,-0.000046,0.000838,0.001394,0.001940,0.003992,0.004112,0.004364,0.002261,0.005975,0.003712,0.002904,0.003302,0.001728,0.002619,0.006576,0.003871,0.002860,0.003506,0.002731,0.000666,0.001959,0.000691,0.002450,0.001409
0.002295,0.003634,0.004216,0.002905,0.002857,0.002127,0.000920,0.001339,0.001580,0.001727,0.002280,0.000708,0.001779,0.000664,0.000439,-0.001409,0.000426,-0.002849,-0.002084,-0.000097,-0.003194,-0.000908,0.000345,-0.000610,-0.003234,-0.004543,-0.001571,-0.000749,-0.002138,0.000587,0.001597,0.002122,0.000170,0.001210,0.001124,-0.000655,-0.000930,0.001968,0.001909,0.002748,0.006010,0.004509,0.003430,0.000095,0.005278,0.003531,0.002802,0.002677,0.001296,0.002551,0.003871,0.010306,0.006003,0.004618,0.003461,0.002365,0.002803,0.001102,0.002405,0.001570
0.002922,0.004111,0.003191,0.003858,0.003812,0.001555,0.001957,0.000635,0.002387,0.003279,0.001262,0.000226,0.000948,-0.000316,0.000695,-0.002028,0.000874,-0.000629,-0.001280,0.001168,-0.001516,0.001578,0.001842,0.001239,-0.004974,-0.005205,-0.002519,0.000949,-0.001408,-0.000141,0.002867,0.002689,-0.001254,0.000065,0.003445,-0.000451,-0.000558,0.000891,0.001222,0.002616,0.003780,0.005244,0.005081,-0.000535,0.004883,0.005548,0.004004,0.004154,0.000270,0.006875,0.002860,0.006003,0.021863,0.007519,0.004295,0.003241,0.005769,0.001112,0.004220,0.003300
0.002386,0.002463,0.005866,0.002108,0.003929,0.002227,0.001413,0.001816,-0.000012,0.000926,0.001157,0.001726,0.005587,0.005540,0.005963,0.001962,0.006998,0.005146,0.007497,0.006557,0.004993,0.005635,0.001966,0.001645,-0.002887,-0.004919,-0.006171,-0.003447,-0.003036,-0.005058,-0.002132,-0.002258,-0.002081,0.000817,0.000756,0.002869,0.001686,0.002908,0.003838,0.002732,0.003594,0.004653,0.002178,0.002109,0.005783,0.002734,0.002451,-0.000974,-0.001040,0.004807,0.003506,0.004618,0.007519,0.028823,0.009829,0.004319,0.007763,0.004564,0.005600,0.002034
0.002276,0.004278,0.003627,0.002625,0.002353,0.001641,0.003477,0.003166,0.001960,0.002087,0.003168,0.001042,0.006100,0.006535,0.005036,0.003601,0.002913,0.003483,0.001124,0.002655,-0.000804,-0.002332,-0.001956,-0.005066,-0.004901,-0.005522,-0.007064,-0.004341,-0.002358,-0.000813,0.000694,0.002428,-0.000771,0.001123,0.000447,0.000842,0.000440,0.004419,0.003625,0.002756,0.004860,0.002252,0.001832,0.002741,0.006770,0.003582,0.003993,0.004858,0.004103,0.004199,0.002731,0.003461,0.004295,0.009829,0.020612,0.004744,0.008541,0.004504,0.006266,0.002311
0.000484,0.002648,0.002065,0.002122,0.001083,0.001587,0.001986,0.002401,0.003940,0.002149,0.001677,0.000484,0.001888,0.003091,0.003251,0.003524,0.004267,0.001357,0.001297,0.003518,0.004617,0.001563,-0.000844,-0.003269,-0.003867,-0.003341,-0.004803,-0.004164,-0.004019,-0.001920,-0.001142,-0.000550,-0.000397,-0.002014,0.002379,-0.000947,-0.000468,0.003637,0.004709,0.002275,0.002908,0.002822,0.001073,0.001744,-0.000324,0.000031,0.002152,0.002028,0.000172,0.000381,0.000666,0.002365,0.003241,0.004319,0.004744,0.014885,0.008144,0.003598,0.004336,0.003483
0.000782,0.004834,0.004145,0.004420,0.001881,0.000265,0.002783,0.002830,0.006306,0.006474,0.003131,-0.001586,0.003588,0.004575,0.004170,0.004129,0.008699,0.000607,0.001247,0.004340,0.002923,-0.001271,-0.000121,-0.006436,-0.004963,-0.003382,-0.005915,-0.004090,-0.006119,-0.003086,-0.000449,0.001796,0.000062,0.002232,0.004477,0.006653,0.006432,0.003447,0.001985,0.000547,0.001568,0.004658,0.001077,0.003117,0.003224,0.002560,0.003451,0.002713,0.003521,0.005970,0.001959,0.002803,0.005769,0.007763,0.008541,0.008144,0.023981,0.004460,0.002350,0.002822
0.003361,0.003669,0.003141,0.002037,0.002646,0.001619,0.001686,0.003847,0.002932,0.001986,0.001346,-0.000321,0.001042,0.004412,0.004145,0.002151,0.005199,0.000675,0.004547,0.000920,0.001091,-0.000759,-0.001183,-0.003206,-0.006431,-0.003937,-0.007344,-0.003708,-0.002057,-0.003928,-0.001192,-0.002372,-0.001165,0.000957,0.003670,0.002407,0.005048,0.004865,0.004692,0.003173,0.002423,0.002089,0.002190,0.001346,-0.000734,0.001253,0.001349,0.001366,0.003282,0.001149,0.000691,0.001102,0.001112,0.004564,0.004504,0.003598,0.004460,0.012282,0.004346,0.002040
0.002595,0.003418,0.004082,0.002874,0.003610,0.000723,-0.000312,0.001073,-0.000457,-0.000860,-0.001325,-0.000227,0.002459,0.002427,0.002724,0.000908,0.000703,-0.001770,-0.000901,-0.000663,-0.002781,-0.002208,-0.004258,-0.005930,-0.007890,-0.009274,-0.006503,-0.005092,-0.000960,-0.001299,0.005383,0.001672,-0.000919,0.002840,0.002849,0.002577,0.001034,0.003333,0.003592,0.005035,0.004512,0.004590,0.002984,0.004264,0.002765,0.001738,0.004002,0.001830,0.000614,0.001180,0.002450,0.002405,0.004220,0.005600,0.006266,0.004336,0.002350,0.004346,0.017925,0.004416
0.003078,0.004532,0.003518,0.004363,0.002807,0.001070,0.001843,0.000662,0.000463,0.000783,0.000884,0.000776,0.000994,0.001377,0.002132,0.002342,0.003903,0.000473,0.000355,0.000492,-0.000359,-0.000455,-0.001292,-0.003969,-0.004294,-0.005017,-0.004731,-0.003668,-0.000567,-0.000244,0.001062,-0.000599,-0.001915,-0.000128,0.003137,0.000490,0.001257,0.001957,0.003160,0.001929,0.002404,0.001821,0.001037,0.001569,0.001364,0.002051,0.001543,0.001277,-0.000066,0.001489,0.001409,0.001570,0.003300,0.002034,0.002311,0.003483,0.002822,0.002040,0.004416,0.007713
