0.056881,-0.016104,-0.031484,-0.005295,0.000000,0.000000,-0.009057,0.003151
-0.016104,0.059847,-0.025105,0.005144,0.000000,0.000000,-0.016207,-0.002180
-0.031484,-0.025105,0.101696,-0.012278,0.000000,0.000000,0.005500,-0.007849
-0.005295,0.005144,-0.012278,0.027866,0.000000,0.000000,-0.014779,0.008133
0.000000,0.000000,0.000000,0.000000,0.000000,0.000000,0.000000,0.000000
0.000000,0.000000,0.000000,0.000000,0.000000,0.000000,0.000000,0.000000
-0.009057,-0.016207,0.005500,-0.014779,0.000000,0.000000,0.040544,-0.005219
0.003151,-0.002180,-0.007849,0.008133,0.000000,0.000000,-0.005219,0.027713
