2.452931,-1.188793,0.707295,-0.025166,18.064065,0.575531,-0.139214,-0.029129
-1.188793,111.279692,-2.734942,-0.351046,-1971.384730,2.457074,0.089311,-1.205134
0.707295,-2.734942,4.770649,0.689212,-85.763252,-0.089298,0.258474,-0.109958
-0.025166,-0.351046,0.689212,0.189170,-17.672329,-0.014808,0.023808,0.004599
18.064065,-1971.384730,-85.763252,-17.672329,830484.263173,376.511450,-155.812944,127.480523
0.575531,2.457074,-0.089298,-0.014808,376.511450,149.049690,0.042080,0.054576
-0.139214,0.089311,0.258474,0.023808,-155.812944,0.042080,3.262118,-2.116077
-0.029129,-1.205134,-0.109958,0.004599,127.480523,0.054576,-2.116077,2.827950
