2.507797,-1.197453,0.736586,-0.022927,17.397095,0.481705,-0.127297,-0.016318
-1.197453,112.402485,-2.694524,-0.376006,-2042.246517,1.486699,0.045140,-1.239903
0.736586,-2.694524,3.326603,0.436411,-74.735548,-0.217916,0.235866,-0.108489
-0.022927,-0.376006,0.436411,0.142141,-16.770815,-0.022888,0.022862,-0.001043
17.397095,-2042.246517,-74.735548,-16.770815,885862.102215,93.691397,-157.192431,122.438922
0.481705,1.486699,-0.217916,-0.022888,93.691397,108.342932,-0.134142,0.120021
-0.127297,0.045140,0.235866,0.022862,-157.192431,-0.134142,3.285789,-2.129226
-0.016318,-1.239903,-0.108489,-0.001043,122.438922,0.120021,-2.129226,2.818634
