2.504453,-1.071704,0.712662,-0.024988,16.515747,0.487679,-0.133567,-0.025071
-1.071704,110.635928,-2.562741,-0.364544,-2071.277816,1.541987,0.096548,-1.292732
0.712662,-2.562741,4.800170,0.717832,-78.402173,-0.213888,0.243501,-0.097706
-0.024988,-0.364544,0.717832,0.181460,-18.795095,-0.021271,0.027562,0.003633
16.515747,-2071.277816,-78.402173,-18.795095,903213.865192,89.330017,-158.878546,128.705206
0.487679,1.541987,-0.213888,-0.021271,89.330017,108.325846,-0.140995,0.122003
-0.133567,0.096548,0.243501,0.027562,-158.878546,-0.140995,3.256798,-2.105523
-0.025071,-1.292732,-0.097706,0.003633,128.705206,0.122003,-2.105523,2.800713
