0.011911,-0.001449,0.000348,-0.000051,0.000032,0.000027,-0.000979,-0.000172
-0.001449,0.042536,-0.000356,-0.000212,-0.001138,0.000024,0.000201,-0.002525
0.000348,-0.000356,0.000241,0.000151,-0.000016,-0.000001,0.000183,-0.000069
-0.000051,-0.000212,0.000151,0.000159,-0.000016,-0.000001,0.000087,0.000011
0.000032,-0.001138,-0.000016,-0.000016,0.000710,0.000002,-0.000473,0.000359
0.000027,0.000024,-0.000001,-0.000001,0.000002,0.000070,-0.000012,0.000010
-0.000979,0.000201,0.000183,0.000087,-0.000473,-0.000012,0.036780,-0.022286
-0.000172,-0.002525,-0.000069,0.000011,0.000359,0.000010,-0.022286,0.027784
