2.373305,-0.005224,-0.088337,-0.101525,-0.032005,-0.001519
-0.005224,0.015301,0.009962,0.008432,-0.004473,0.000578
-0.088337,0.009962,1.125992,0.016651,0.084916,0.001645
-0.101525,0.008432,0.016651,1.002797,-0.067198,-0.003884
-0.032005,-0.004473,0.084916,-0.067198,0.160097,-0.000440
-0.001519,0.000578,0.001645,-0.003884,-0.000440,0.010189
