2.506360,0.001171,-0.077905,-0.118725,-0.026298,0.000285
0.001171,0.029418,-0.003693,0.014668,-0.008883,-0.000089
-0.077905,-0.003693,2.136154,-0.020739,0.059676,0.010505
-0.118725,0.014668,-0.020739,1.002797,-0.067198,-0.003884
-0.026298,-0.008883,0.059676,-0.067198,0.160097,-0.000440
0.000285,-0.000089,0.010505,-0.003884,-0.000440,0.010189
