0.000539,0.000566,0.000562,0.000477,0.000604,0.000543,0.000511,0.000879,0.001105,0.001152,0.001271,0.000971,0.001204,0.000999,0.001497,0.001687,0.001169,0.000648,0.000726,0.001033,0.000974,0.000164,-0.000571,-0.000677,-0.001462,-0.001476,-0.001258,-0.001022,-0.001163,-0.000556,-0.000633,-0.000739,-0.000768,0.000292,0.000918,0.001035,0.001000,0.001355,0.001247,0.000275,0.000515,0.000555,0.000499,0.000472,0.001079,0.000796,0.000168,0.000042,0.000086,0.000068,0.000049,0.000082,0.000042,0.000050,0.000049,0.000018,0.000036,0.000040,0.000045,0.000042
0.000566,0.001103,0.000982,0.000676,0.000812,0.000854,0.000682,0.001153,0.001239,0.001066,0.001228,0.001422,0.001790,0.001319,0.001484,0.001816,0.000856,-0.000180,-0.000091,-0.000065,-0.000070,-0.001235,-0.002180,-0.001757,-0.002514,-0.002524,-0.001579,-0.000740,-0.000636,-0.000190,0.000136,0.000005,-0.001192,-0.000113,0.000960,0.000798,0.000758,0.001139,0.001037,0.000051,0.000960,0.001306,0.000909,0.000579,0.001910,0.001661,0.000754,0.000361,0.000237,0.000120,0.000142,0.000146,0.000060,0.000076,0.000082,0.000048,0.000050,0.000081,0.000062,0.000067
0.000562,0.000982,0.001380,0.000898,0.001068,0.000964,0.000664,0.001069,0.001064,0.000873,0.001186,0.001720,0.001345,0.000846,0.001187,0.001404,0.000770,-0.000131,0.000007,-0.000137,-0.000296,-0.000654,-0.000717,-0.000555,-0.002485,-0.002925,-0.002321,-0.001527,-0.001358,-0.000733,-0.000109,-0.000165,-0.001005,0.000425,0.000995,0.001252,0.000876,0.001036,0.000868,0.000420,0.001666,0.001642,0.000794,0.000488,0.001529,0.001608,0.000794,0.000473,0.000310,0.000098,0.000126,0.000165,0.000054,0.000071,0.000081,0.000056,0.000055,0.000067,0.000065,0.000086
0.000477,0.000676,0.000898,0.001504,0.001464,0.001337,0.000773,0.001227,0.001842,0.001739,0.001875,0.001567,0.001877,0.002263,0.002752,0.002915,0.002328,0.001488,0.001005,0.001270,0.001234,-0.000070,-0.000911,-0.000921,-0.002118,-0.002464,-0.002084,-0.001732,-0.002404,-0.001285,-0.000831,-0.000906,-0.001165,-0.000297,0.000543,0.000519,0.000740,0.001651,0.000763,0.000265,0.001801,0.001394,0.000703,0.000427,0.001334,0.001151,0.000373,0.000376,0.000173,0.000113,0.000142,0.000150,0.000084,0.000093,0.000097,0.000075,0.000074,0.000088,0.000088,0.000089
0.000604,0.000812,0.001068,0.001464,0.003127,0.002220,0.001090,0.000791,0.000700,0.000989,0.002088,0.002752,0.002410,0.002124,0.002671,0.003815,0.004121,0.004238,0.003985,0.003488,0.003270,0.002812,0.000525,0.000099,-0.001485,-0.001405,-0.001221,-0.001757,-0.003187,-0.002803,-0.002215,-0.002426,-0.003062,-0.002127,-0.001262,-0.000178,-0.000021,0.001210,0.000539,0.000588,0.001561,0.001076,0.000784,-0.000151,0.001073,0.000580,0.000396,0.000097,0.000113,0.000066,0.000078,0.000123,0.000093,0.000044,0.000060,0.000057,0.000039,0.000064,0.000106,0.000104
0.000543,0.000854,0.000964,0.001337,0.002220,0.003941,0.002334,0.002348,0.002803,0.003154,0.003267,0.004061,0.004395,0.004183,0.004560,0.005657,0.004649,0.003711,0.002945,0.001822,0.002004,0.001354,-0.000164,-0.000354,-0.002487,-0.002585,-0.002319,-0.002098,-0.003026,-0.001048,0.000408,-0.000141,-0.001922,-0.000060,0.000660,-0.001084,-0.001040,0.000150,-0.000187,0.000606,0.001417,0.001217,0.001036,0.000599,0.001840,0.000224,-0.000180,0.000189,0.000024,0.000019,0.000124,0.000147,0.000106,0.000056,0.000019,0.000058,0.000038,0.000078,0.000083,0.000080
0.000511,0.000682,0.000664,0.000773,0.001090,0.002334,0.003606,0.003228,0.003805,0.003379,0.003347,0.001826,0.002751,0.004302,0.005131,0.004825,0.002806,0.002844,0.003102,0.002654,0.002390,0.000271,-0.000925,0.000166,-0.001006,-0.001900,-0.002945,-0.002434,-0.002076,0.000047,-0.000843,-0.001223,-0.000815,0.000264,0.002083,0.000327,-0.000717,0.000697,0.001041,0.001359,0.000182,-0.000729,-0.000157,0.000111,0.001092,0.000402,-0.000039,0.000274,0.000278,0.000021,0.000109,0.000102,0.000046,0.000044,0.000010,0.000053,0.000075,0.000102,0.000071,0.000073
0.000879,0.001153,0.001069,0.001227,0.000791,0.002348,0.003228,0.006182,0.007895,0.007130,0.006146,0.003152,0.004505,0.005194,0.006828,0.006575,0.002633,0.000319,0.000034,0.002065,0.003108,-0.000359,-0.003072,-0.001543,-0.002820,-0.003736,-0.002097,-0.001626,-0.002624,0.000581,-0.000352,-0.000934,-0.002356,0.000829,0.004003,0.003713,0.003671,0.004419,0.004016,0.002825,0.001766,0.001122,0.002042,0.002654,0.004863,0.002848,0.000702,0.001203,0.000503,0.000231,0.000231,0.000273,0.000128,0.000152,0.000082,0.000141,0.000132,0.000135,0.000115,0.000062
0.001105,0.001239,0.001064,0.001842,0.000700,0.002803,0.003805,0.007895,0.015402,0.014057,0.011983,0.006294,0.007647,0.006675,0.006962,0.007267,0.002426,0.000722,0.001649,0.006791,0.008013,-0.000871,-0.006946,-0.005874,-0.004415,-0.003673,-0.001104,-0.000885,-0.003819,0.001672,-0.000136,0.002089,0.001703,0.003808,0.004823,0.004688,0.005998,0.007666,0.006819,0.003539,0.001158,-0.000573,0.001962,0.005171,0.008208,0.004157,0.000647,0.002184,0.000984,0.000314,0.000204,0.000351,0.000188,0.000187,0.000125,0.000202,0.000201,0.000247,0.000070,0.000052
0.001152,0.001066,0.000873,0.001739,0.000989,0.003154,0.003379,0.007130,0.014057,0.017291,0.014679,0.007750,0.009177,0.007765,0.007679,0.007040,0.002102,0.000848,0.001484,0.005207,0.007009,0.000050,-0.004997,-0.006111,-0.005910,-0.003820,-0.001681,-0.002122,-0.004872,0.000823,-0.001618,-0.000603,0.001346,0.003544,0.003851,0.002965,0.004618,0.007728,0.009012,0.007281,0.002685,0.000748,0.004065,0.004896,0.007115,0.002726,0.000290,0.002298,0.001220,0.000219,0.000217,0.000339,0.000244,0.000220,0.000114,0.000155,0.000157,0.000216,0.000104,0.000062
0.001271,0.001228,0.001186,0.001875,0.002088,0.003267,0.003347,0.006146,0.011983,0.014679,0.016695,0.012286,0.012653,0.010977,0.010384,0.009649,0.006765,0.006263,0.006062,0.009141,0.010808,0.006548,-0.000403,-0.001729,-0.001745,-0.000095,-0.000555,-0.002868,-0.006744,-0.003719,-0.003682,-0.003735,-0.002550,-0.002150,-0.003721,-0.003184,0.000373,0.002505,0.006445,0.005528,0.001467,-0.000218,0.003406,0.004876,0.007480,0.002812,0.000658,0.001411,0.001013,0.000133,0.000189,0.000264,0.000226,0.000196,0.000148,0.000140,0.000123,0.000233,0.000084,0.000081
0.000971,0.001422,0.001720,0.001567,0.002752,0.004061,0.001826,0.003152,0.006294,0.007750,0.012286,0.017955,0.014587,0.010290,0.009411,0.010264,0.010167,0.009259,0.007118,0.007368,0.007429,0.005696,0.000316,-0.001773,-0.001959,-0.000716,0.001122,-0.000210,-0.004581,-0.004620,-0.000422,-0.001030,-0.005257,-0.006140,-0.009930,-0.009915,-0.004589,-0.003176,0.003195,0.002498,0.000322,-0.000087,0.002011,0.002891,0.004087,0.000503,0.000236,0.000083,0.000182,-0.000036,0.000027,0.000207,0.000144,0.000074,0.000145,0.000079,0.000047,0.000128,0.000046,0.000059
0.001204,0.001790,0.001345,0.001877,0.002410,0.004395,0.002751,0.004505,0.007647,0.009177,0.012653,0.014587,0.018242,0.016956,0.014545,0.014979,0.013627,0.011607,0.012002,0.013775,0.013683,0.006541,-0.000277,-0.003897,-0.004032,-0.001621,-0.000246,-0.001781,-0.005527,-0.006010,-0.004306,-0.004088,-0.006417,-0.007098,-0.009750,-0.010423,-0.005725,-0.003109,0.004007,0.000954,-0.001529,0.000067,0.002750,0.002991,0.005561,0.001063,0.000093,0.000533,0.000442,0.000185,0.000296,0.000277,0.000184,0.000227,0.000258,0.000152,0.000126,0.000272,0.000125,0.000055
0.000999,0.001319,0.000846,0.002263,0.002124,0.004183,0.004302,0.005194,0.006675,0.007765,0.010977,0.010290,0.016956,0.029058,0.030458,0.029923,0.027365,0.024566,0.021321,0.020611,0.018741,0.010077,0.004958,-0.000680,-0.002568,-0.003092,-0.006899,-0.010843,-0.014168,-0.011329,-0.009425,-0.010942,-0.011271,-0.013631,-0.012372,-0.013847,-0.008701,-0.006436,-0.001055,-0.000804,-0.002141,-0.001540,0.000495,-0.000508,0.001126,-0.000557,0.000291,0.000568,0.000793,0.000164,0.000354,0.000219,0.000193,0.000318,0.000266,0.000191,0.000252,0.000433,0.000231,0.000135
0.001497,0.001484,0.001187,0.002752,0.002671,0.004560,0.005131,0.006828,0.006962,0.007679,0.010384,0.009411,0.014545,0.030458,0.042291,0.043335,0.038869,0.033764,0.025504,0.023381,0.021002,0.014727,0.005994,-0.001632,-0.005423,-0.004609,-0.010005,-0.017105,-0.019302,-0.013328,-0.012971,-0.019225,-0.018291,-0.017669,-0.012044,-0.013454,-0.007513,-0.006671,-0.004579,-0.003179,-0.002403,-0.003849,-0.002432,-0.004105,-0.002159,-0.001704,-0.000641,-0.000596,0.000499,0.000192,0.000332,0.000221,0.000203,0.000329,0.000144,0.000088,0.000237,0.000300,0.000259,0.000195
0.001687,0.001816,0.001404,0.002915,0.003815,0.005657,0.004825,0.006575,0.007267,0.007040,0.009649,0.010264,0.014979,0.029923,0.043335,0.051370,0.051038,0.044478,0.032547,0.026750,0.025276,0.018887,0.007290,-0.001854,-0.005779,-0.006802,-0.012452,-0.021442,-0.024873,-0.015932,-0.013816,-0.021058,-0.021386,-0.018940,-0.011955,-0.011806,-0.006479,-0.005812,-0.005279,-0.004867,-0.003328,-0.004999,-0.002943,-0.004024,-0.001787,-0.001151,-0.000172,-0.000310,0.000682,0.000331,0.000286,0.000164,0.000179,0.000261,0.000161,0.000081,0.000307,0.000344,0.000321,0.000209
0.001169,0.000856,0.000770,0.002328,0.004121,0.004649,0.002806,0.002633,0.002426,0.002102,0.006765,0.010167,0.013627,0.027365,0.038869,0.051038,0.063558,0.058953,0.041867,0.030426,0.028927,0.026835,0.017071,0.004028,0.001038,-0.004031,-0.012196,-0.022390,-0.026257,-0.018794,-0.013846,-0.021384,-0.020633,-0.020984,-0.015876,-0.012219,-0.006795,-0.009384,-0.009616,-0.008626,-0.005439,-0.005884,-0.004966,-0.005856,-0.006395,-0.004031,-0.001237,-0.001331,0.000038,0.000159,0.000046,-0.000078,0.000013,0.000119,0.000141,-0.000021,0.000313,0.000279,0.000247,0.000163
0.000648,-0.000180,-0.000131,0.001488,0.004238,0.003711,0.002844,0.000319,0.000722,0.000848,0.006263,0.009259,0.011607,0.024566,0.033764,0.044478,0.058953,0.064008,0.052063,0.038454,0.033018,0.030500,0.022403,0.008064,0.006220,0.000995,-0.012358,-0.024850,-0.026711,-0.021508,-0.019452,-0.025080,-0.018834,-0.020605,-0.018301,-0.016794,-0.011467,-0.012765,-0.010503,-0.009411,-0.009611,-0.010128,-0.007705,-0.008608,-0.012147,-0.009365,-0.003300,-0.003003,-0.000950,-0.000207,-0.000318,-0.000289,-0.000038,-0.000052,-0.000035,-0.000085,0.000155,0.000167,0.000146,0.000077
0.000726,-0.000091,0.000007,0.001005,0.003985,0.002945,0.003102,0.000034,0.001649,0.001484,0.006062,0.007118,0.012002,0.021321,0.025504,0.032547,0.041867,0.052063,0.057372,0.051575,0.041979,0.031144,0.021300,0.006465,0.002001,-0.000628,-0.012400,-0.022782,-0.022942,-0.020282,-0.023479,-0.024647,-0.015397,-0.017573,-0.020184,-0.020744,-0.014767,-0.013187,-0.008381,-0.009590,-0.011448,-0.009430,-0.007277,-0.007612,-0.010068,-0.008577,-0.002953,-0.002734,-0.000926,-0.000168,-0.000189,-0.000155,0.000026,0.000022,0.000042,0.000073,0.000104,0.000200,0.000110,-0.000006
0.001033,-0.000065,-0.000137,0.001270,0.003488,0.001822,0.002654,0.002065,0.006791,0.005207,0.009141,0.007368,0.013775,0.020611,0.023381,0.026750,0.030426,0.038454,0.051575,0.062235,0.056352,0.036995,0.018256,0.003881,0.000155,0.000790,-0.006291,-0.017076,-0.021852,-0.021209,-0.027994,-0.024361,-0.014224,-0.015259,-0.020931,-0.020883,-0.013795,-0.009562,-0.003855,-0.008278,-0.012123,-0.009103,-0.008014,-0.006541,-0.005048,-0.005983,-0.003867,-0.002436,-0.000698,0.000101,-0.000013,0.000011,0.000105,0.000199,0.000241,0.000206,0.000129,0.000195,-0.000008,-0.000062
0.000974,-0.000070,-0.000296,0.001234,0.003270,0.002004,0.002390,0.003108,0.008013,0.007009,0.010808,0.007429,0.013683,0.018741,0.021002,0.025276,0.028927,0.033018,0.041979,0.056352,0.063169,0.047641,0.023976,0.010934,0.007204,0.007104,0.000348,-0.012610,-0.020169,-0.021556,-0.026278,-0.022172,-0.016446,-0.016036,-0.021705,-0.021021,-0.014041,-0.007894,-0.003441,-0.004791,-0.009271,-0.008626,-0.006112,-0.003397,-0.000120,-0.001679,-0.002398,-0.001324,0.000123,0.000400,0.000145,-0.000102,0.000052,0.000193,0.000264,0.000252,0.000200,0.000182,-0.000119,-0.000058
0.000164,-0.001235,-0.000654,-0.000070,0.002812,0.001354,0.000271,-0.000359,-0.000871,0.000050,0.006548,0.005696,0.006541,0.010077,0.014727,0.018887,0.026835,0.030500,0.031144,0.036995,0.047641,0.059934,0.048005,0.034983,0.026085,0.021532,0.007846,-0.007854,-0.017487,-0.023342,-0.021562,-0.020941,-0.019836,-0.021483,-0.025993,-0.023080,-0.018252,-0.018525,-0.015941,-0.011558,-0.011481,-0.009321,-0.006410,-0.006715,-0.005917,-0.004626,-0.001186,-0.002609,-0.000521,0.000127,-0.000072,-0.000344,-0.000071,-0.000058,-0.000141,-0.000084,-0.000096,-0.000107,-0.000366,-0.000138
-0.000571,-0.002180,-0.000717,-0.000911,0.000525,-0.000164,-0.000925,-0.003072,-0.006946,-0.004997,-0.000403,0.000316,-0.000277,0.004958,0.005994,0.007290,0.017071,0.022403,0.021300,0.018256,0.023976,0.048005,0.061085,0.049768,0.038246,0.028541,0.010838,0.000420,-0.007982,-0.017056,-0.015963,-0.016812,-0.016971,-0.021286,-0.025382,-0.021620,-0.020180,-0.025783,-0.022601,-0.018813,-0.013690,-0.008932,-0.005646,-0.007758,-0.012864,-0.009440,-0.001192,-0.002887,-0.000946,-0.000390,-0.000304,-0.000414,-0.000175,-0.000193,-0.000397,-0.000295,-0.000285,-0.000278,-0.000422,-0.000231
-0.000677,-0.001757,-0.000555,-0.000921,0.000099,-0.000354,0.000166,-0.001543,-0.005874,-0.006111,-0.001729,-0.001773,-0.003897,-0.000680,-0.001632,-0.001854,0.004028,0.008064,0.006465,0.003881,0.010934,0.034983,0.049768,0.053215,0.045148,0.032364,0.017890,0.010271,0.002890,-0.006932,-0.006042,-0.009602,-0.013194,-0.018191,-0.021341,-0.018418,-0.018866,-0.023450,-0.020791,-0.015361,-0.011673,-0.007293,-0.003184,-0.003129,-0.007022,-0.005738,0.000817,-0.001158,-0.000365,-0.000460,-0.000266,-0.000468,-0.000283,-0.000262,-0.000454,-0.000237,-0.000274,-0.000265,-0.000444,-0.000218
-0.001462,-0.002514,-0.002485,-0.002118,-0.001485,-0.002487,-0.001006,-0.002820,-0.004415,-0.005910,-0.001745,-0.001959,-0.004032,-0.002568,-0.005423,-0.005779,0.001038,0.006220,0.002001,0.000155,0.007204,0.026085,0.038246,0.045148,0.052303,0.041985,0.030178,0.021996,0.011784,-0.001087,-0.002969,-0.008504,-0.012569,-0.021348,-0.024946,-0.021369,-0.018895,-0.023015,-0.018916,-0.014735,-0.015363,-0.011329,-0.004082,-0.003040,-0.007162,-0.006245,0.000076,-0.001732,-0.000959,-0.000612,-0.000687,-0.000733,-0.000390,-0.000413,-0.000507,-0.000317,-0.000310,-0.000288,-0.000575,-0.000355
-0.001476,-0.002524,-0.002925,-0.002464,-0.001405,-0.002585,-0.001900,-0.003736,-0.003673,-0.003820,-0.000095,-0.000716,-0.001621,-0.003092,-0.004609,-0.006802,-0.004031,0.000995,-0.000628,0.000790,0.007104,0.021532,0.028541,0.032364,0.041985,0.048562,0.038888,0.027614,0.013494,-0.000480,-0.002285,-0.003520,-0.008210,-0.017548,-0.025386,-0.024095,-0.019611,-0.021399,-0.017782,-0.014321,-0.014239,-0.010548,-0.001987,-0.001835,-0.004540,-0.004542,-0.000918,-0.002474,-0.001209,-0.000492,-0.000605,-0.000677,-0.000281,-0.000438,-0.000542,-0.000313,-0.000452,-0.000297,-0.000650,-0.000401
-0.001258,-0.001579,-0.002321,-0.002084,-0.001221,-0.002319,-0.002945,-0.002097,-0.001104,-0.001681,-0.000555,0.001122,-0.000246,-0.006899,-0.010005,-0.012452,-0.012196,-0.012358,-0.012400,-0.006291,0.000348,0.007846,0.010838,0.017890,0.030178,0.038888,0.045697,0.039548,0.021845,0.006049,0.003782,0.004121,-0.006715,-0.015770,-0.021368,-0.016518,-0.009328,-0.010706,-0.009743,-0.009630,-0.011695,-0.008821,-0.000939,-0.000301,-0.001574,-0.003159,-0.001035,-0.001220,-0.001236,-0.000349,-0.000444,-0.000414,-0.000176,-0.000333,-0.000359,-0.000225,-0.000319,-0.000268,-0.000527,-0.000367
-0.001022,-0.000740,-0.001527,-0.001732,-0.001757,-0.002098,-0.002434,-0.001626,-0.000885,-0.002122,-0.002868,-0.000210,-0.001781,-0.010843,-0.017105,-0.021442,-0.022390,-0.024850,-0.022782,-0.017076,-0.012610,-0.007854,0.000420,0.010271,0.021996,0.027614,0.039548,0.049760,0.039826,0.021660,0.015231,0.015899,0.002018,-0.006164,-0.011297,-0.010329,-0.007839,-0.007687,-0.004948,-0.008534,-0.007102,-0.003378,0.001273,0.003703,0.003543,0.000571,0.000892,0.000228,-0.000607,-0.000287,-0.000124,-0.000184,-0.000163,-0.000325,-0.000205,-0.000147,-0.000312,-0.000213,-0.000425,-0.000337
-0.001163,-0.000636,-0.001358,-0.002404,-0.003187,-0.003026,-0.002076,-0.002624,-0.003819,-0.004872,-0.006744,-0.004581,-0.005527,-0.014168,-0.019302,-0.024873,-0.026257,-0.026711,-0.022942,-0.021852,-0.020169,-0.017487,-0.007982,0.002890,0.011784,0.013494,0.021845,0.039826,0.052041,0.038102,0.026217,0.019925,0.009821,0.004663,-0.002025,-0.006544,-0.008316,-0.009271,-0.004190,-0.006556,-0.003923,-0.000798,0.000649,0.004034,0.004366,0.003045,0.001941,0.000156,-0.000449,-0.000304,0.000001,-0.000163,-0.000251,-0.000375,-0.000248,-0.000124,-0.000387,-0.000343,-0.000382,-0.000318
-0.000556,-0.000190,-0.000733,-0.001285,-0.002803,-0.001048,0.000047,0.000581,0.001672,0.000823,-0.003719,-0.004620,-0.006010,-0.011329,-0.013328,-0.015932,-0.018794,-0.021508,-0.020282,-0.021209,-0.021556,-0.023342,-0.017056,-0.006932,-0.001087,-0.000480,0.006049,0.021660,0.038102,0.045192,0.038153,0.027767,0.020702,0.019456,0.015464,0.009639,0.004493,0.003907,0.004494,0.004347,0.005361,0.004396,0.004467,0.007591,0.009905,0.007811,0.002772,0.001859,0.000518,-0.000015,-0.000054,-0.000003,-0.000151,-0.000311,-0.000126,0.000114,-0.000097,-0.000203,-0.000179,-0.000185
-0.000633,0.000136,-0.000109,-0.000831,-0.002215,0.000408,-0.000843,-0.000352,-0.000136,-0.001618,-0.003682,-0.000422,-0.004306,-0.009425,-0.012971,-0.013816,-0.013846,-0.019452,-0.023479,-0.027994,-0.026278,-0.021562,-0.015963,-0.006042,-0.002969,-0.002285,0.003782,0.015231,0.026217,0.038153,0.046051,0.037447,0.022388,0.019226,0.015885,0.011934,0.008782,0.007227,0.003845,0.008169,0.012079,0.010803,0.008102,0.011207,0.013058,0.011836,0.005777,0.003172,0.000989,0.000238,0.000093,0.000086,-0.000097,-0.000258,-0.000045,0.000224,0.000059,-0.000019,-0.000154,-0.000092
-0.000739,0.000005,-0.000165,-0.000906,-0.002426,-0.000141,-0.001223,-0.000934,0.002089,-0.000603,-0.003735,-0.001030,-0.004088,-0.010942,-0.019225,-0.021058,-0.021384,-0.025080,-0.024647,-0.024361,-0.022172,-0.020941,-0.016812,-0.009602,-0.008504,-0.003520,0.004121,0.015899,0.019925,0.027767,0.037447,0.045734,0.033081,0.029326,0.022822,0.018760,0.014563,0.016397,0.009175,0.009344,0.013063,0.012826,0.009454,0.012851,0.013320,0.011235,0.004362,0.003366,0.001019,0.000379,0.000245,0.000153,-0.000054,-0.000111,0.000108,0.000343,0.000129,0.000138,-0.000124,-0.000035
-0.000768,-0.001192,-0.001005,-0.001165,-0.003062,-0.001922,-0.000815,-0.002356,0.001703,0.001346,-0.002550,-0.005257,-0.006417,-0.011271,-0.018291,-0.021386,-0.020633,-0.018834,-0.015397,-0.014224,-0.016446,-0.019836,-0.016971,-0.013194,-0.012569,-0.008210,-0.006715,0.002018,0.009821,0.020702,0.022388,0.033081,0.041027,0.039727,0.030125,0.023776,0.015921,0.017718,0.012917,0.013316,0.013179,0.009688,0.006004,0.008327,0.007139,0.005154,-0.000234,0.001759,0.000708,0.000034,-0.000108,-0.000122,-0.000091,-0.000044,0.000077,0.000228,0.000084,0.000001,-0.000029,-0.000003
0.000292,-0.000113,0.000425,-0.000297,-0.002127,-0.000060,0.000264,0.000829,0.003808,0.003544,-0.002150,-0.006140,-0.007098,-0.013631,-0.017669,-0.018940,-0.020984,-0.020605,-0.017573,-0.015259,-0.016036,-0.021483,-0.021286,-0.018191,-0.021348,-0.017548,-0.015770,-0.006164,0.004663,0.019456,0.019226,0.029326,0.039727,0.052460,0.048977,0.038246,0.023728,0.024460,0.018607,0.017976,0.018073,0.013544,0.008870,0.008480,0.008976,0.006650,-0.001583,0.000736,0.000085,0.000300,0.000014,0.000032,0.000017,0.000051,0.000125,0.000265,0.000131,-0.000016,0.000178,0.000135
0.000918,0.000960,0.000995,0.000543,-0.001262,0.000660,0.002083,0.004003,0.004823,0.003851,-0.003721,-0.009930,-0.009750,-0.012372,-0.012044,-0.011955,-0.015876,-0.018301,-0.020184,-0.020931,-0.021705,-0.025993,-0.025382,-0.021341,-0.024946,-0.025386,-0.021368,-0.011297,-0.002025,0.015464,0.015885,0.022822,0.030125,0.048977,0.062333,0.053500,0.033956,0.031130,0.020020,0.019100,0.019459,0.013963,0.009271,0.005587,0.005900,0.004542,-0.001951,0.000967,0.000203,0.000407,0.000134,0.000144,0.000099,0.000134,0.000167,0.000249,0.000308,0.000109,0.000445,0.000289
0.001035,0.000798,0.001252,0.000519,-0.000178,-0.001084,0.000327,0.003713,0.004688,0.002965,-0.003184,-0.009915,-0.010423,-0.013847,-0.013454,-0.011806,-0.012219,-0.016794,-0.020744,-0.020883,-0.021021,-0.023080,-0.021620,-0.018418,-0.021369,-0.024095,-0.016518,-0.010329,-0.006544,0.009639,0.011934,0.018760,0.023776,0.038246,0.053500,0.061307,0.045936,0.038484,0.023456,0.020670,0.020044,0.015561,0.011619,0.008558,0.008006,0.005169,-0.001124,0.002476,0.000936,0.000385,0.000078,0.000234,0.000141,0.000189,0.000191,0.000232,0.000411,0.000055,0.000551,0.000326
0.001000,0.000758,0.000876,0.000740,-0.000021,-0.001040,-0.000717,0.003671,0.005998,0.004618,0.000373,-0.004589,-0.005725,-0.008701,-0.007513,-0.006479,-0.006795,-0.011467,-0.014767,-0.013795,-0.014041,-0.018252,-0.020180,-0.018866,-0.018895,-0.019611,-0.009328,-0.007839,-0.008316,0.004493,0.008782,0.014563,0.015921,0.023728,0.033956,0.045936,0.043772,0.036456,0.019053,0.017196,0.016914,0.012746,0.009349,0.008255,0.007867,0.005726,-0.000366,0.002025,0.000489,0.000285,-0.000002,0.000308,0.000216,0.000251,0.000224,0.000252,0.000431,0.000050,0.000452,0.000269
0.001355,0.001139,0.001036,0.001651,0.001210,0.000150,0.000697,0.004419,0.007666,0.007728,0.002505,-0.003176,-0.003109,-0.006436,-0.006671,-0.005812,-0.009384,-0.012765,-0.013187,-0.009562,-0.007894,-0.018525,-0.025783,-0.023450,-0.023015,-0.021399,-0.010706,-0.007687,-0.009271,0.003907,0.007227,0.016397,0.017718,0.024460,0.031130,0.038484,0.036456,0.042787,0.029540,0.023301,0.017575,0.011988,0.010018,0.010199,0.010981,0.007668,-0.000072,0.002792,0.001094,0.000557,0.000216,0.000422,0.000231,0.000323,0.000418,0.000423,0.000496,0.000148,0.000491,0.000306
0.001247,0.001037,0.000868,0.000763,0.000539,-0.000187,0.001041,0.004016,0.006819,0.009012,0.006445,0.003195,0.004007,-0.001055,-0.004579,-0.005279,-0.009616,-0.010503,-0.008381,-0.003855,-0.003441,-0.015941,-0.022601,-0.020791,-0.018916,-0.017782,-0.009743,-0.004948,-0.004190,0.004494,0.003845,0.009175,0.012917,0.018607,0.020020,0.023456,0.019053,0.029540,0.033988,0.025059,0.011907,0.006661,0.008260,0.009916,0.011102,0.005837,-0.000380,0.002176,0.001043,0.000478,0.000111,0.000323,0.000155,0.000235,0.000463,0.000312,0.000326,0.000145,0.000403,0.000167
0.000275,0.000051,0.000420,0.000265,0.000588,0.000606,0.001359,0.002825,0.003539,0.007281,0.005528,0.002498,0.000954,-0.000804,-0.003179,-0.004867,-0.008626,-0.009411,-0.009590,-0.008278,-0.004791,-0.011558,-0.018813,-0.015361,-0.014735,-0.014321,-0.009630,-0.008534,-0.006556,0.004347,0.008169,0.009344,0.013316,0.017976,0.019100,0.020670,0.017196,0.023301,0.025059,0.031204,0.020951,0.012259,0.009762,0.009094,0.010476,0.007853,0.002121,0.003596,0.001761,0.000351,0.000060,0.000080,0.000118,0.000128,0.000278,0.000322,0.000324,0.000128,0.000373,0.000202
0.000515,0.000960,0.001666,0.001801,0.001561,0.001417,0.000182,0.001766,0.001158,0.002685,0.001467,0.000322,-0.001529,-0.002141,-0.002403,-0.003328,-0.005439,-0.009611,-0.011448,-0.012123,-0.009271,-0.011481,-0.013690,-0.011673,-0.015363,-0.014239,-0.011695,-0.007102,-0.003923,0.005361,0.012079,0.013063,0.013179,0.018073,0.019459,0.020044,0.016914,0.017575,0.011907,0.020951,0.027278,0.020991,0.012293,0.009642,0.011552,0.011756,0.005238,0.004508,0.002320,0.000630,0.000536,0.000227,0.000213,0.000249,0.000244,0.000377,0.000273,0.000178,0.000391,0.000287
0.000555,0.001306,0.001642,0.001394,0.001076,0.001217,-0.000729,0.001122,-0.000573,0.000748,-0.000218,-0.000087,0.000067,-0.001540,-0.003849,-0.004999,-0.005884,-0.010128,-0.009430,-0.009103,-0.008626,-0.009321,-0.008932,-0.007293,-0.011329,-0.010548,-0.008821,-0.003378,-0.000798,0.004396,0.010803,0.012826,0.009688,0.013544,0.013963,0.015561,0.012746,0.011988,0.006661,0.012259,0.020991,0.025424,0.015893,0.010106,0.012423,0.011730,0.005947,0.004674,0.002114,0.000703,0.000761,0.000429,0.000211,0.000273,0.000233,0.000327,0.000189,0.000205,0.000312,0.000222
0.000499,0.000909,0.000794,0.000703,0.000784,0.001036,-0.000157,0.002042,0.001962,0.004065,0.003406,0.002011,0.002750,0.000495,-0.002432,-0.002943,-0.004966,-0.007705,-0.007277,-0.008014,-0.006112,-0.006410,-0.005646,-0.003184,-0.004082,-0.001987,-0.000939,0.001273,0.000649,0.004467,0.008102,0.009454,0.006004,0.008870,0.009271,0.011619,0.009349,0.010018,0.008260,0.009762,0.012293,0.015893,0.015402,0.010887,0.011464,0.008154,0.003794,0.003226,0.001525,0.000479,0.000466,0.000244,0.000162,0.000177,0.000100,0.000255,0.000131,0.000181,0.000245,0.000120
0.000472,0.000579,0.000488,0.000427,-0.000151,0.000599,0.000111,0.002654,0.005171,0.004896,0.004876,0.002891,0.002991,-0.000508,-0.004105,-0.004024,-0.005856,-0.008608,-0.007612,-0.006541,-0.003397,-0.006715,-0.007758,-0.003129,-0.003040,-0.001835,-0.000301,0.003703,0.004034,0.007591,0.011207,0.012851,0.008327,0.008480,0.005587,0.008558,0.008255,0.010199,0.009916,0.009094,0.009642,0.010106,0.010887,0.015433,0.015925,0.010379,0.004156,0.003413,0.001799,0.000402,0.000390,0.000194,0.000082,0.000130,0.000186,0.000261,0.000152,0.000164,0.000117,0.000046
0.001079,0.001910,0.001529,0.001334,0.001073,0.001840,0.001092,0.004863,0.008208,0.007115,0.007480,0.004087,0.005561,0.001126,-0.002159,-0.001787,-0.006395,-0.012147,-0.010068,-0.005048,-0.000120,-0.005917,-0.012864,-0.007022,-0.007162,-0.004540,-0.001574,0.003543,0.004366,0.009905,0.013058,0.013320,0.007139,0.008976,0.005900,0.008006,0.007867,0.010981,0.011102,0.010476,0.011552,0.012423,0.011464,0.015925,0.023325,0.016893,0.006616,0.004680,0.002570,0.000824,0.000597,0.000464,0.000149,0.000152,0.000355,0.000352,0.000218,0.000274,0.000122,0.000086
0.000796,0.001661,0.001608,0.001151,0.000580,0.000224,0.000402,0.002848,0.004157,0.002726,0.002812,0.000503,0.001063,-0.000557,-0.001704,-0.001151,-0.004031,-0.009365,-0.008577,-0.005983,-0.001679,-0.004626,-0.009440,-0.005738,-0.006245,-0.004542,-0.003159,0.000571,0.003045,0.007811,0.011836,0.011235,0.005154,0.006650,0.004542,0.005169,0.005726,0.007668,0.005837,0.007853,0.011756,0.011730,0.008154,0.010379,0.016893,0.016943,0.008015,0.004305,0.002411,0.000950,0.000574,0.000406,0.000090,0.000148,0.000327,0.000307,0.000243,0.000297,0.000091,0.000113
0.000168,0.000754,0.000794,0.000373,0.000396,-0.000180,-0.000039,0.000702,0.000647,0.000290,0.000658,0.000236,0.000093,0.000291,-0.000641,-0.000172,-0.001237,-0.003300,-0.002953,-0.003867,-0.002398,-0.001186,-0.001192,0.000817,0.000076,-0.000918,-0.001035,0.000892,0.001941,0.002772,0.005777,0.004362,-0.000234,-0.001583,-0.001951,-0.001124,-0.000366,-0.000072,-0.000380,0.002121,0.005238,0.005947,0.003794,0.004156,0.006616,0.008015,0.005917,0.003168,0.001761,0.000494,0.000333,0.000163,0.000033,0.000048,0.000090,0.000129,0.000089,0.000170,0.000024,0.000036
0.000042,0.000361,0.000473,0.000376,0.000097,0.000189,0.000274,0.001203,0.002184,0.002298,0.001411,0.000083,0.000533,0.000568,-0.000596,-0.000310,-0.001331,-0.003003,-0.002734,-0.002436,-0.001324,-0.002609,-0.002887,-0.001158,-0.001732,-0.002474,-0.001220,0.000228,0.000156,0.001859,0.003172,0.003366,0.001759,0.000736,0.000967,0.002476,0.002025,0.002792,0.002176,0.003596,0.004508,0.004674,0.003226,0.003413,0.004680,0.004305,0.003168,0.003098,0.001641,0.000289,0.000260,0.000132,0.000045,0.000076,0.000079,0.000131,0.000105,0.000117,0.000064,0.000031
0.000086,0.000237,0.000310,0.000173,0.000113,0.000024,0.000278,0.000503,0.000984,0.001220,0.001013,0.000182,0.000442,0.000793,0.000499,0.000682,0.000038,-0.000950,-0.000926,-0.000698,0.000123,-0.000521,-0.000946,-0.000365,-0.000959,-0.001209,-0.001236,-0.000607,-0.000449,0.000518,0.000989,0.001019,0.000708,0.000085,0.000203,0.000936,0.000489,0.001094,0.001043,0.001761,0.002320,0.002114,0.001525,0.001799,0.002570,0.002411,0.001761,0.001641,0.001125,0.000176,0.000146,0.000056,0.000014,0.000039,0.000046,0.000060,0.000054,0.000066,0.000031,0.000021
0.000068,0.000120,0.000098,0.000113,0.000066,0.000019,0.000021,0.000231,0.000314,0.000219,0.000133,-0.000036,0.000185,0.000164,0.000192,0.000331,0.000159,-0.000207,-0.000168,0.000101,0.000400,0.000127,-0.000390,-0.000460,-0.000612,-0.000492,-0.000349,-0.000287,-0.000304,-0.000015,0.000238,0.000379,0.000034,0.000300,0.000407,0.000385,0.000285,0.000557,0.000478,0.000351,0.000630,0.000703,0.000479,0.000402,0.000824,0.000950,0.000494,0.000289,0.000176,0.000131,0.000051,0.000031,0.000015,0.000018,0.000023,0.000019,0.000015,0.000021,0.000010,0.000006
0.000049,0.000142,0.000126,0.000142,0.000078,0.000124,0.000109,0.000231,0.000204,0.000217,0.000189,0.000027,0.000296,0.000354,0.000332,0.000286,0.000046,-0.000318,-0.000189,-0.000013,0.000145,-0.000072,-0.000304,-0.000266,-0.000687,-0.000605,-0.000444,-0.000124,0.000001,-0.000054,0.000093,0.000245,-0.000108,0.000014,0.000134,0.000078,-0.000002,0.000216,0.000111,0.000060,0.000536,0.000761,0.000466,0.000390,0.000597,0.000574,0.000333,0.000260,0.000146,0.000051,0.000105,0.000041,0.000017,0.000027,0.000017,0.000020,0.000011,0.000024,0.000014,0.000013
0.000082,0.000146,0.000165,0.000150,0.000123,0.000147,0.000102,0.000273,0.000351,0.000339,0.000264,0.000207,0.000277,0.000219,0.000221,0.000164,-0.000078,-0.000289,-0.000155,0.000011,-0.000102,-0.000344,-0.000414,-0.000468,-0.000733,-0.000677,-0.000414,-0.000184,-0.000163,-0.000003,0.000086,0.000153,-0.000122,0.000032,0.000144,0.000234,0.000308,0.000422,0.000323,0.000080,0.000227,0.000429,0.000244,0.000194,0.000464,0.000406,0.000163,0.000132,0.000056,0.000031,0.000041,0.000071,0.000021,0.000014,0.000019,0.000015,0.000013,0.000016,0.000011,0.000007
0.000042,0.000060,0.000054,0.000084,0.000093,0.000106,0.000046,0.000128,0.000188,0.000244,0.000226,0.000144,0.000184,0.000193,0.000203,0.000179,0.000013,-0.000038,0.000026,0.000105,0.000052,-0.000071,-0.000175,-0.000283,-0.000390,-0.000281,-0.000176,-0.000163,-0.000251,-0.000151,-0.000097,-0.000054,-0.000091,0.000017,0.000099,0.000141,0.000216,0.000231,0.000155,0.000118,0.000213,0.000211,0.000162,0.000082,0.000149,0.000090,0.000033,0.000045,0.000014,0.000015,0.000017,0.000021,0.000032,0.000014,0.000008,0.000011,0.000003,0.000008,0.000011,0.000007
0.000050,0.000076,0.000071,0.000093,0.000044,0.000056,0.000044,0.000152,0.000187,0.000220,0.000196,0.000074,0.000227,0.000318,0.000329,0.000261,0.000119,-0.000052,0.000022,0.000199,0.000193,-0.000058,-0.000193,-0.000262,-0.000413,-0.000438,-0.000333,-0.000325,-0.000375,-0.000311,-0.000258,-0.000111,-0.000044,0.000051,0.000134,0.000189,0.000251,0.000323,0.000235,0.000128,0.000249,0.000273,0.000177,0.000130,0.000152,0.000148,0.000048,0.000076,0.000039,0.000018,0.000027,0.000014,0.000014,0.000040,0.000019,0.000014,0.000010,0.000012,0.000013,0.000010
0.000049,0.000082,0.000081,0.000097,0.000060,0.000019,0.000010,0.000082,0.000125,0.000114,0.000148,0.000145,0.000258,0.000266,0.000144,0.000161,0.000141,-0.000035,0.000042,0.000241,0.000264,-0.000141,-0.000397,-0.000454,-0.000507,-0.000542,-0.000359,-0.000205,-0.000248,-0.000126,-0.000045,0.000108,0.000077,0.000125,0.000167,0.000191,0.000224,0.000418,0.000463,0.000278,0.000244,0.000233,0.000100,0.000186,0.000355,0.000327,0.000090,0.000079,0.000046,0.000023,0.000017,0.000019,0.000008,0.000019,0.000047,0.000019,0.000018,0.000020,0.000011,0.000008
0.000018,0.000048,0.000056,0.000075,0.000057,0.000058,0.000053,0.000141,0.000202,0.000155,0.000140,0.000079,0.000152,0.000191,0.000088,0.000081,-0.000021,-0.000085,0.000073,0.000206,0.000252,-0.000084,-0.000295,-0.000237,-0.000317,-0.000313,-0.000225,-0.000147,-0.000124,0.000114,0.000224,0.000343,0.000228,0.000265,0.000249,0.000232,0.000252,0.000423,0.000312,0.000322,0.000377,0.000327,0.000255,0.000261,0.000352,0.000307,0.000129,0.000131,0.000060,0.000019,0.000020,0.000015,0.000011,0.000014,0.000019,0.000033,0.000016,0.000017,0.000010,0.000007
0.000036,0.000050,0.000055,0.000074,0.000039,0.000038,0.000075,0.000132,0.000201,0.000157,0.000123,0.000047,0.000126,0.000252,0.000237,0.000307,0.000313,0.000155,0.000104,0.000129,0.000200,-0.000096,-0.000285,-0.000274,-0.000310,-0.000452,-0.000319,-0.000312,-0.000387,-0.000097,0.000059,0.000129,0.000084,0.000131,0.000308,0.000411,0.000431,0.000496,0.000326,0.000324,0.000273,0.000189,0.000131,0.000152,0.000218,0.000243,0.000089,0.000105,0.000054,0.000015,0.000011,0.000013,0.000003,0.000010,0.000018,0.000016,0.000031,0.000018,0.000011,0.000010
0.000040,0.000081,0.000067,0.000088,0.000064,0.000078,0.000102,0.000135,0.000247,0.000216,0.000233,0.000128,0.000272,0.000433,0.000300,0.000344,0.000279,0.000167,0.000200,0.000195,0.000182,-0.000107,-0.000278,-0.000265,-0.000288,-0.000297,-0.000268,-0.000213,-0.000343,-0.000203,-0.000019,0.000138,0.000001,-0.000016,0.000109,0.000055,0.000050,0.000148,0.000145,0.000128,0.000178,0.000205,0.000181,0.000164,0.000274,0.000297,0.000170,0.000117,0.000066,0.000021,0.000024,0.000016,0.000008,0.000012,0.000020,0.000017,0.000018,0.000040,0.000011,0.000010
0.000045,0.000062,0.000065,0.000088,0.000106,0.000083,0.000071,0.000115,0.000070,0.000104,0.000084,0.000046,0.000125,0.000231,0.000259,0.000321,0.000247,0.000146,0.000110,-0.000008,-0.000119,-0.000366,-0.000422,-0.000444,-0.000575,-0.000650,-0.000527,-0.000425,-0.000382,-0.000179,-0.000154,-0.000124,-0.000029,0.000178,0.000445,0.000551,0.000452,0.000491,0.000403,0.000373,0.000391,0.000312,0.000245,0.000117,0.000122,0.000091,0.000024,0.000064,0.000031,0.000010,0.000014,0.000011,0.000011,0.000013,0.000011,0.000010,0.000011,0.000011,0.000029,0.000016
0.000042,0.000067,0.000086,0.000089,0.000104,0.000080,0.000073,0.000062,0.000052,0.000062,0.000081,0.000059,0.000055,0.000135,0.000195,0.000209,0.000163,0.000077,-0.000006,-0.000062,-0.000058,-0.000138,-0.000231,-0.000218,-0.000355,-0.000401,-0.000367,-0.000337,-0.000318,-0.000185,-0.000092,-0.000035,-0.000003,0.000135,0.000289,0.000326,0.000269,0.000306,0.000167,0.000202,0.000287,0.000222,0.000120,0.000046,0.000086,0.000113,0.000036,0.000031,0.000021,0.000006,0.000013,0.000007,0.000007,0.000010,0.000008,0.000007,0.000010,0.000010,0.000016,0.000024
