0.016703,0.009463,-0.002080,0.002721,0.000000,-0.000096,0.000110,-0.001823
0.009463,0.015687,-0.002628,0.002905,0.000000,-0.000087,0.000525,-0.001498
-0.002080,-0.002628,0.005738,0.000267,0.000000,-0.000020,-0.000794,-0.000242
0.002721,0.002905,0.000267,0.018583,0.000000,-0.000027,-0.000915,-0.001093
0.000000,0.000000,0.000000,0.000000,0.000000,0.000000,0.000000,0.000000
-0.000096,-0.000087,-0.000020,-0.000027,0.000000,0.007294,0.000112,-0.000359
0.000110,0.000525,-0.000794,-0.000915,0.000000,0.000112,0.003075,0.000451
-0.001823,-0.001498,-0.000242,-0.001093,0.000000,-0.000359,0.000451,0.011133
