0.016889,0.009362,-0.001961,0.002507,0.000000,-0.000158,0.000233,-0.001903
0.009362,0.015175,-0.002700,0.002578,0.000000,-0.000151,0.000684,-0.001629
-0.001961,-0.002700,0.005828,0.000500,0.000000,-0.000031,-0.000934,-0.000652
0.002507,0.002578,0.000500,0.019574,0.000000,0.000019,-0.000990,-0.001018
0.000000,0.000000,0.000000,0.000000,0.000000,0.000000,0.000000,0.000000
-0.000158,-0.000151,-0.000031,0.000019,0.000000,0.005805,0.000070,-0.000270
0.000233,0.000684,-0.000934,-0.000990,0.000000,0.000070,0.003398,0.000615
-0.001903,-0.001629,-0.000652,-0.001018,0.000000,-0.000270,0.000615,0.012590
