0.021087,0.012221,-0.002956,0.003057,0.000000,-0.000131,0.000169,-0.002048
0.012221,0.020725,-0.003822,0.003339,0.000000,-0.000121,0.000827,-0.001722
-0.002956,-0.003822,0.009194,0.000338,0.000000,-0.000030,-0.001378,-0.000306
0.003057,0.003339,0.000338,0.018583,0.000000,-0.000032,-0.001253,-0.001093
0.000000,0.000000,0.000000,0.000000,0.000000,0.000000,0.000000,0.000000
-0.000131,-0.000121,-0.000030,-0.000032,0.000000,0.010588,0.000185,-0.000432
0.000169,0.000827,-0.001378,-0.001253,0.000000,0.000185,0.005771,0.000618
-0.002048,-0.001722,-0.000306,-0.001093,0.000000,-0.000432,0.000618,0.011133
