0.021322,0.012091,-0.002787,0.002817,0.000000,-0.000213,0.000358,-0.002138
0.012091,0.020049,-0.003927,0.002963,0.000000,-0.000209,0.001078,-0.001872
-0.002787,-0.003927,0.009337,0.000633,0.000000,-0.000047,-0.001620,-0.000825
0.002817,0.002963,0.000633,0.019574,0.000000,0.000023,-0.001357,-0.001018
0.000000,0.000000,0.000000,0.000000,0.000000,0.000000,0.000000,0.000000
-0.000213,-0.000209,-0.000047,0.000023,0.000000,0.008426,0.000115,-0.000325
0.000358,0.001078,-0.001620,-0.001357,0.000000,0.000115,0.006376,0.000842
-0.002138,-0.001872,-0.000825,-0.001018,0.000000,-0.000325,0.000842,0.012590
