1.259006,0.000673,0.006552,-0.012752,0.005905,-0.004812
0.000673,0.000363,-0.000230,0.002021,-0.000443,-0.000101
0.006552,-0.000230,0.044816,0.026791,0.025274,0.000051
-0.012752,0.002021,0.026791,0.230914,-0.037089,-0.002199
0.005905,-0.000443,0.025274,-0.037089,0.054772,-0.000342
-0.004812,-0.000101,0.000051,-0.002199,-0.000342,0.006734
