1.544546,0.000934,0.011645,-0.004255,0.010609,-0.008706
0.000934,0.000420,-0.000127,0.002445,-0.000417,-0.000168
0.011645,-0.000127,0.050587,0.029769,0.025506,-0.000476
-0.004255,0.002445,0.029769,0.209642,-0.025510,-0.003897
0.010609,-0.000417,0.025506,-0.025510,0.047265,0.000808
-0.008706,-0.000168,-0.000476,-0.003897,0.000808,0.007342
