0.074204,0.005651,0.002718,-0.000468,0.002606,-0.004963
0.005651,0.074057,-0.003080,0.011436,-0.004889,-0.003704
0.002718,-0.003080,0.077195,0.016044,0.036576,-0.001516
-0.000468,0.011436,0.016044,0.036343,-0.015821,0.001793
0.002606,-0.004889,0.036576,-0.015821,0.063090,-0.002608
-0.004963,-0.003704,-0.001516,0.001793,-0.002608,0.068304
