0.050360,0.001924,0.001638,-0.001004,0.001298,-0.002961
0.001924,0.074077,-0.004107,0.011368,-0.006950,-0.004431
0.001638,-0.004107,0.070025,0.013185,0.034717,0.000198
-0.001004,0.011368,0.013185,0.035792,-0.016046,-0.002664
0.001298,-0.006950,0.034717,-0.016046,0.066142,-0.001156
-0.002961,-0.004431,0.000198,-0.002664,-0.001156,0.063754
