0.061782,0.002668,0.002911,-0.000335,0.002332,-0.005358
0.002668,0.085769,-0.002265,0.013751,-0.006552,-0.007392
0.002911,-0.002265,0.079043,0.014650,0.035035,-0.001829
-0.000335,0.013751,0.014650,0.032495,-0.011037,-0.004720
0.002332,-0.006552,0.035035,-0.011037,0.057077,0.002732
-0.005358,-0.007392,-0.001829,-0.004720,0.002732,0.069506
