0.017888,0.008861,-0.001730,0.002467,0.000445,0.000127,0.000347,-0.001832
0.008861,0.014582,-0.002561,0.002059,0.000388,0.000139,0.000460,-0.001275
-0.001730,-0.002561,0.007032,0.000610,-0.000070,0.000037,-0.000816,-0.000223
0.002467,0.002059,0.000610,0.017993,0.000086,-0.000070,-0.000835,-0.000756
0.000445,0.000388,-0.000070,0.000086,0.002171,-0.000031,0.000109,-0.000011
0.000127,0.000139,0.000037,-0.000070,-0.000031,0.005269,0.000085,-0.000279
0.000347,0.000460,-0.000816,-0.000835,0.000109,0.000085,0.002981,0.000499
-0.001832,-0.001275,-0.000223,-0.000756,-0.000011,-0.000279,0.000499,0.010723
