0.016978,0.008053,-0.001386,0.002163,0.000497,0.000078,0.000308,-0.001756
0.008053,0.013659,-0.002066,0.001758,0.000296,0.000075,0.000212,-0.001388
-0.001386,-0.002066,0.006453,0.000523,-0.000069,0.000069,-0.000638,-0.000155
0.002163,0.001758,0.000523,0.016910,-0.000011,0.000011,-0.000694,-0.000802
0.000497,0.000296,-0.000069,-0.000011,0.001673,-0.000026,0.000064,-0.000036
0.000078,0.000075,0.000069,0.000011,-0.000026,0.004810,0.000071,-0.000288
0.000308,0.000212,-0.000638,-0.000694,0.000064,0.000071,0.002753,0.000411
-0.001756,-0.001388,-0.000155,-0.000802,-0.000036,-0.000288,0.000411,0.010370
