0.013107,0.004790,-0.001091,0.001457,0.000481,0.000088,0.000247,-0.001242
0.004790,0.010732,-0.001246,0.001092,0.000381,0.000081,0.000210,-0.000635
-0.001091,-0.001246,0.005046,0.000311,-0.000011,0.000131,-0.000477,-0.000171
0.001457,0.001092,0.000311,0.012423,0.000012,0.000032,-0.000592,-0.000693
0.000481,0.000381,-0.000011,0.000012,0.001504,-0.000018,0.000069,-0.000067
0.000088,0.000081,0.000131,0.000032,-0.000018,0.003559,0.000074,-0.000123
0.000247,0.000210,-0.000477,-0.000592,0.000069,0.000074,0.002098,0.000285
-0.001242,-0.000635,-0.000171,-0.000693,-0.000067,-0.000123,0.000285,0.008560
