0.009293,0.002536,-0.000523,0.000680,0.000325,0.000088,0.000174,-0.000688
0.002536,0.008029,-0.000640,0.000658,0.000225,-0.000000,0.000059,-0.000329
-0.000523,-0.000640,0.003648,0.000111,0.000031,0.000075,-0.000089,-0.000011
0.000680,0.000658,0.000111,0.008370,0.000031,0.000065,-0.000264,-0.000495
0.000325,0.000225,0.000031,0.000031,0.001003,-0.000014,0.000036,-0.000011
0.000088,-0.000000,0.000075,0.000065,-0.000014,0.002765,0.000043,-0.000027
0.000174,0.000059,-0.000089,-0.000264,0.000036,0.000043,0.001250,0.000095
-0.000688,-0.000329,-0.000011,-0.000495,-0.000011,-0.000027,0.000095,0.005712
