0.018140,0.009885,-0.002009,0.002912,0.000450,0.000116,0.000503,-0.001689
0.009885,0.014950,-0.002926,0.002460,0.000370,0.000007,0.000567,-0.001466
-0.002009,-0.002926,0.007077,0.000667,-0.000034,0.000044,-0.000793,-0.000241
0.002912,0.002460,0.000667,0.018223,0.000006,-0.000070,-0.000933,-0.000698
0.000450,0.000370,-0.000034,0.000006,0.002337,-0.000032,0.000125,0.000011
0.000116,0.000007,0.000044,-0.000070,-0.000032,0.005269,0.000084,-0.000262
0.000503,0.000567,-0.000793,-0.000933,0.000125,0.000084,0.003166,0.000553
-0.001689,-0.001466,-0.000241,-0.000698,0.000011,-0.000262,0.000553,0.010777
