2.163116,-0.000948,-0.003984,0.005053,-0.008087,-0.000343
-0.000948,0.000509,-0.000337,0.003946,-0.000716,0.000012
-0.003984,-0.000337,0.062766,0.051262,0.038745,-0.000306
0.005053,0.003946,0.051262,0.283109,-0.049243,-0.001989
-0.008087,-0.000716,0.038745,-0.049243,0.059174,0.000599
-0.000343,0.000012,-0.000306,-0.001989,0.000599,0.009815
