1.572508,-0.001019,-0.000529,-0.010025,-0.008036,-0.003197
-0.001019,0.000387,0.000141,0.002515,-0.000333,-0.000045
-0.000529,0.000141,0.043785,0.037361,0.019170,0.001035
-0.010025,0.002515,0.037361,0.218214,-0.024094,-0.005116
-0.008036,-0.000333,0.019170,-0.024094,0.043806,0.000966
-0.003197,-0.000045,0.001035,-0.005116,0.000966,0.007025
