2.983296,-0.016991,-0.003715,0.539018,-0.194434,-0.014761
-0.016991,0.080996,-0.007054,0.021210,0.039524,-0.002269
-0.003715,-0.007054,5.765958,0.415653,0.348519,-0.017904
0.539018,0.021210,0.415653,4.007159,0.134571,0.058738
-0.194434,0.039524,0.348519,0.134571,2.583072,-0.016635
-0.014761,-0.002269,-0.017904,0.058738,-0.016635,0.027869
