2.438260,-0.004676,-0.211871,0.289056,-0.173499,-0.017670
-0.004676,0.081031,-0.003693,0.009940,0.027820,0.001436
-0.211871,-0.003693,5.798580,0.221607,0.020877,-0.011710
0.289056,0.009940,0.221607,4.096986,0.090073,0.033401
-0.173499,0.027820,0.020877,0.090073,2.639320,-0.010883
-0.017670,0.001436,-0.011710,0.033401,-0.010883,0.026411
