0.110157,0.002286,0.007724,-0.008230,0.001182,0.000472
0.002286,0.106029,-0.001738,0.009804,0.001554,0.002708
0.007724,-0.001738,0.128760,0.007685,0.020277,-0.005429
-0.008230,0.009804,0.007685,0.076768,-0.007118,0.010154
0.001182,0.001554,0.020277,-0.007118,0.103028,-0.007250
0.000472,0.002708,-0.005429,0.010154,-0.007250,0.116609
