10589.169935,-2425.363932,-2675.541918,-180.844076,54.824650,-806.438510,-1788.401647,650.789664
-2425.363932,7303.346634,-1777.190289,188.299773,23.516820,-1924.987670,-1898.472204,-276.232314
-2675.541918,-1777.190289,4073.937832,-357.751967,147.306681,-62.124809,407.747034,-638.384882
-180.844076,188.299773,-357.751967,455.720649,-83.834662,-289.636714,-785.669157,380.155762
54.824650,23.516820,147.306681,-83.834662,35.022841,-127.213509,106.178385,-72.373955
-806.438510,-1924.987670,-62.124809,-289.636714,-127.213509,6028.932208,-1141.617878,13.074687
-1788.401647,-1898.472204,407.747034,-785.669157,106.178385,-1141.617878,6375.734962,-853.373672
650.789664,-276.232314,-638.384882,380.155762,-72.373955,13.074687,-853.373672,3774.921149
