10542.301058,-2420.537984,-2724.801297,-169.744520,60.726630,-706.337665,-1817.406273,634.311390
-2420.537984,7171.739461,-1753.030267,204.682640,17.228336,-1868.071710,-1920.458501,-223.918267
-2724.801297,-1753.030267,4009.081905,-374.273176,143.926911,-52.119483,460.969418,-636.045038
-169.744520,204.682640,-374.273176,459.118503,-85.379646,-289.513812,-786.146435,385.669001
60.726630,17.228336,143.926911,-85.379646,34.383505,-125.442529,111.472493,-71.477550
-706.337665,-1868.071710,-52.119483,-289.513812,-125.442529,5911.312293,-1154.841398,-7.712082
-1817.406273,-1920.458501,460.969418,-786.146435,111.472493,-1154.841398,6230.007482,-848.936205
634.311390,-223.918267,-636.045038,385.669001,-71.477550,-7.712082,-848.936205,3649.364156
