6749.796911,-2605.361623,-2044.485294,-81.880026,-15.807641,-222.910255,-1699.916267,1454.167088
-2605.361623,5842.549141,-1076.393149,325.064525,-46.900259,-665.311240,-2168.912042,35.174011
-2044.485294,-1076.393149,2637.036637,-156.509540,83.264696,18.586838,692.721892,-632.348636
-81.880026,325.064525,-156.509540,344.283323,-59.634798,-110.439890,-604.382569,430.483653
-15.807641,-46.900259,83.264696,-59.634798,24.472312,-56.483819,96.590584,-56.016165
-222.910255,-665.311240,18.586838,-110.439890,-56.483819,3014.581195,-630.887422,127.651642
-1699.916267,-2168.912042,692.721892,-604.382569,96.590584,-630.887422,4339.738569,-1465.245068
1454.167088,35.174011,-632.348636,430.483653,-56.016165,127.651642,-1465.245068,3800.756959
