0.015298,0.010085,-0.002243,0.003639,-0.000018,0.000077,0.000410,-0.001901
0.010085,0.012828,-0.003337,0.002801,-0.000016,-0.000268,0.000661,-0.000978
-0.002243,-0.003337,0.005273,0.000045,0.000008,-0.000069,-0.000833,-0.000286
0.003639,0.002801,0.000045,0.015033,-0.000003,-0.000428,-0.001099,-0.000838
-0.000018,-0.000016,0.000008,-0.000003,0.000234,-0.000005,-0.000002,-0.000029
0.000077,-0.000268,-0.000069,-0.000428,-0.000005,0.005562,0.000154,-0.000113
0.000410,0.000661,-0.000833,-0.001099,-0.000002,0.000154,0.002456,0.000122
-0.001901,-0.000978,-0.000286,-0.000838,-0.000029,-0.000113,0.000122,0.008604
