0.070957,-0.006399,-0.006345,-0.000271,0.003616,-0.004611,-0.000300,0.000132
-0.006399,0.040987,-0.008366,-0.000728,-0.000050,-0.000090,-0.001147,0.000455
-0.006345,-0.008366,0.071412,-0.006089,0.006409,0.000054,0.000825,-0.001345
-0.000271,-0.000728,-0.006089,0.070187,-0.003711,-0.005190,-0.004404,0.001153
0.003616,-0.000050,0.006409,-0.003711,0.027298,-0.004576,0.002754,-0.000723
-0.004611,-0.000090,0.000054,-0.005190,-0.004576,0.089441,-0.004350,-0.001141
-0.000300,-0.001147,0.000825,-0.004404,0.002754,-0.004350,0.071076,-0.000893
0.000132,0.000455,-0.001345,0.001153,-0.000723,-0.001141,-0.000893,0.011941
