9935.628587,-2084.288837,-1996.895517,-218.126328,56.878415,-742.028752,-1659.688443,501.435735
-2084.288837,6981.005864,-1403.007724,186.877211,17.606880,-1747.133722,-1926.513109,-286.354372
-1996.895517,-1403.007724,3435.054603,-265.775426,104.855385,-14.500728,357.038604,-510.414530
-218.126328,186.877211,-265.775426,416.259727,-70.949684,-266.304479,-688.792234,310.355368
56.878415,17.606880,104.855385,-70.949684,32.847270,-114.494195,100.611243,-56.136960
-742.028752,-1747.133722,-14.500728,-266.304479,-114.494195,6045.656228,-1112.795163,15.922218
-1659.688443,-1926.513109,357.038604,-688.792234,100.611243,-1112.795163,6428.099159,-703.737481
501.435735,-286.354372,-510.414530,310.355368,-56.136960,15.922218,-703.737481,3822.136564
