7804.723233,-1609.986191,-1036.035228,-131.033271,46.319466,-455.791438,-1344.562096,235.116339
-1609.986191,5711.472168,-1039.816514,116.747806,-1.476484,-1262.385891,-1667.523934,-158.414204
-1036.035228,-1039.816514,2772.657119,-166.632502,63.452151,40.196349,339.448995,-385.138339
-131.033271,116.747806,-166.632502,336.194574,-44.342841,-196.131029,-539.551299,232.945838
46.319466,-1.476484,63.452151,-44.342841,25.511606,-92.745750,84.241063,-37.453751
-455.791438,-1262.385891,40.196349,-196.131029,-92.745750,6045.656228,-1112.795163,-47.266280
-1344.562096,-1667.523934,339.448995,-539.551299,84.241063,-1112.795163,6428.099159,-617.237562
235.116339,-158.414204,-385.138339,232.945838,-37.453751,-47.266280,-617.237562,3425.625464
