10854.861178,-2505.281078,-2666.330163,-513.130501,73.890983,-5399.379364,-6137.239544,185.591855
-2505.281078,7496.453475,-1918.864397,243.063255,28.262491,-6105.893399,-6447.343729,-129.365489
-2666.330163,-1918.864397,4197.312395,-379.410449,115.969691,-1277.445204,1848.781688,-481.530473
-513.130501,243.063255,-379.410449,1701.092099,-137.224279,502.817918,-3416.005523,330.817843
73.890983,28.262491,115.969691,-137.224279,38.844388,-702.751379,314.724655,-46.469983
-5399.379364,-6105.893399,-1277.445204,502.817918,-702.751379,144497.902255,-10570.387890,1518.851307
-6137.239544,-6447.343729,1848.781688,-3416.005523,314.724655,-10570.387890,88191.464983,-2497.678503
185.591855,-129.365489,-481.530473,330.817843,-46.469983,1518.851307,-2497.678503,3612.195288
