10975.006361,-2714.893790,-2677.762876,-443.771081,80.675947,-4668.902136,-5697.010819,565.418258
-2714.893790,7773.315029,-1890.298556,220.101661,24.265386,-5391.915059,-8763.828273,-101.891184
-2677.762876,-1890.298556,4131.375397,-389.560755,117.781505,-1968.920111,2344.545372,-603.551262
-443.771081,220.101661,-389.560755,1803.372108,-145.918676,530.861556,-4053.117978,472.142108
80.675947,24.265386,117.781505,-145.918676,40.706849,-644.078865,330.272701,-64.535863
-4668.902136,-5391.915059,-1968.920111,530.861556,-644.078865,141117.844380,-11456.307547,2366.191518
-5697.010819,-8763.828273,2344.545372,-4053.117978,330.272701,-11456.307547,102004.154601,-4731.915496
565.418258,-101.891184,-603.551262,472.142108,-64.535863,2366.191518,-4731.915496,4209.995142
