0.056582,-0.015915,-0.030422,-0.004330,0.005239,-0.008039,-0.010341,0.001184
-0.015915,0.058036,-0.026682,0.005008,0.002442,-0.018447,-0.015484,-0.001010
-0.030422,-0.026682,0.104828,-0.014344,0.017999,0.001330,0.003563,-0.006642
-0.004330,0.005008,-0.014344,0.032140,-0.022309,-0.006909,-0.017773,0.006240
0.005239,0.002442,0.017999,-0.022309,0.037464,-0.013753,0.009178,-0.003988
-0.008039,-0.018447,0.001330,-0.006909,-0.013753,0.070689,-0.009561,0.000050
-0.010341,-0.015484,0.003563,-0.017773,0.009178,-0.009561,0.052998,-0.003052
0.001184,-0.001010,-0.006642,0.006240,-0.003988,0.000050,-0.003052,0.027059
