0.056881,-0.016440,-0.031484,-0.006105,0.006336,-0.005362,-0.008563,0.003169
-0.016440,0.060581,-0.025816,0.005453,0.002881,-0.016844,-0.020961,-0.001844
-0.031484,-0.025816,0.101696,-0.011893,0.017109,-0.002507,0.006003,-0.007954
-0.006105,0.005453,-0.011893,0.031222,-0.023285,-0.007042,-0.018277,0.008460
0.006336,0.002881,0.017109,-0.023285,0.039546,-0.013422,0.008489,-0.005428
-0.005362,-0.016844,-0.002507,-0.007042,-0.013422,0.069640,-0.009788,0.000332
-0.008563,-0.020961,0.006003,-0.018277,0.008489,-0.009788,0.057414,-0.006238
0.003169,-0.001844,-0.007954,0.008460,-0.005428,0.000332,-0.006238,0.028743
