0.057909,-0.016308,-0.032565,-0.003746,0.005761,-0.007828,-0.010134,0.003961
-0.016308,0.060055,-0.026814,0.005414,0.002899,-0.017376,-0.019067,-0.000412
-0.032565,-0.026814,0.103470,-0.015963,0.017018,0.000367,0.008573,-0.009568
-0.003746,0.005414,-0.015963,0.034352,-0.024465,-0.006296,-0.020169,0.009313
0.005761,0.002899,0.017018,-0.024465,0.040099,-0.013997,0.010826,-0.005682
-0.007828,-0.017376,0.000367,-0.006296,-0.013997,0.069192,-0.009685,0.001033
-0.010134,-0.019067,0.008573,-0.020169,0.010826,-0.009685,0.055374,-0.008524
0.003961,-0.000412,-0.009568,0.009313,-0.005682,0.001033,-0.008524,0.032676
