0.243646,0.055207,0.070364,0.001042,0.144590,0.133068,0.301075,0.976716,0.114243,0.177303,0.177627,-0.020287,0.111657,-0.044641,0.265867,0.596724,0.003797,-0.002145,-0.004643,0.015305,0.014833,0.006223,0.336474,-0.002351,0.010547,0.005186,0.067236,0.000571,0.000922,0.976579,-0.018924,0.066120,0.124738,0.086036,0.008766,0.101629,0.017721,0.016515,0.177848,0.006025,0.134022
0.055207,0.461045,0.016611,-0.005468,-0.195207,0.083077,-0.236798,-1.160484,0.149022,0.163463,-0.115847,-0.006357,-0.009608,0.092347,0.037020,0.283363,0.006454,0.003589,-0.001502,0.021648,0.013388,-0.010536,-0.613684,-0.001666,-0.010334,-0.010660,-0.003227,-0.000236,-0.001559,0.265645,-0.055766,-0.072611,-0.056706,-0.139491,0.016298,0.012665,0.113725,-0.009904,0.044263,-0.004523,0.081900
0.070364,0.016611,1.137353,-0.001475,0.009396,-0.005870,0.577987,0.807418,-0.101359,-0.059645,-0.074648,-0.021557,0.173418,-0.073406,0.079026,-0.112456,0.010115,-0.006471,0.000345,-0.002766,0.013964,0.034186,0.314807,0.033496,0.108871,-0.002677,0.024404,0.004567,0.021668,-0.551199,-0.139804,-0.001252,0.509907,-0.140510,-0.081305,0.395742,0.025680,-0.011298,0.396539,-0.008047,0.650681
0.001042,-0.005468,-0.001475,0.043418,0.128583,0.005563,0.050272,0.008126,0.031970,-0.002596,0.166873,0.002463,0.006236,-0.008145,0.012906,-0.040273,0.000142,0.000507,0.002517,0.002507,-0.000574,-0.000234,0.016002,-0.000689,0.003221,0.004734,-0.000227,-0.000099,-0.000564,0.015245,0.002585,-0.002834,0.026068,0.124706,0.012669,-0.004949,-0.000091,0.068355,-0.000235,-0.000630,-0.001753
0.144590,-0.195207,0.009396,0.128583,3.231929,0.044572,1.426164,1.531741,0.241446,0.236019,2.342134,-0.057025,0.178161,-0.120422,0.342184,0.780699,-0.000192,-0.001218,0.007913,0.083704,-0.003196,0.010962,0.535619,-0.005817,0.019919,0.035742,0.068018,0.006549,-0.003384,4.483894,0.392078,-0.015652,0.523018,2.056549,0.349326,0.038943,-0.031914,0.860425,0.224847,-0.018880,-0.095137
0.133068,0.083077,-0.005870,0.005563,0.044572,0.654404,-0.022560,-0.248579,0.316369,0.058713,0.011768,-0.058361,0.068579,0.018326,0.142964,0.333922,0.006585,0.006832,-0.001014,-0.004825,0.030428,-0.003692,0.085812,-0.003108,0.001930,-0.002393,0.033981,-0.000185,-0.002380,-0.190980,0.052409,0.069351,-0.053593,-0.045125,0.008089,-0.002978,0.126136,-0.037292,0.053890,-0.003625,0.443570
0.301075,-0.236798,0.577987,0.050272,1.426164,-0.022560,3.601875,6.027836,0.058186,0.153144,1.167867,-0.078954,0.380826,-0.268986,0.505121,0.997614,0.002889,-0.014948,-0.005624,0.091472,-0.008469,0.055488,2.085919,0.014485,0.117858,0.054979,0.120299,0.002054,0.023293,3.018961,0.137100,-0.084241,1.279169,1.094316,0.061157,0.405984,-0.061348,0.316016,0.647081,0.012181,0.375059
0.976716,-1.160484,0.807418,0.008126,1.531741,-0.248579,6.027836,55.336680,-2.473285,-1.060211,0.446302,0.216482,0.959540,-1.420035,1.550578,0.899187,-0.021520,-0.079886,-0.033748,0.139154,-0.023232,0.266502,4.067477,0.063017,0.343466,0.050647,0.512746,-0.015475,0.090562,0.639887,-1.145658,0.159324,2.966046,0.811066,-1.517540,0.676213,-0.637522,-0.424287,1.540993,0.109005,0.935411
0.114243,0.149022,-0.101359,0.031970,0.241446,0.316369,0.058186,-2.473285,2.190986,0.285821,0.289486,0.131918,0.083324,0.196458,0.222440,1.370866,-0.008210,0.005304,-0.008473,-0.009982,0.003126,-0.016805,-0.450506,-0.009896,-0.030550,-0.004109,0.010848,0.000088,-0.006696,-0.186961,0.331635,-0.009545,-0.154055,-0.007035,-0.051312,-0.044869,-0.118879,-0.033613,0.021464,-0.003584,-0.095781
0.177303,0.163463,-0.059645,-0.002596,0.236019,0.058713,0.153144,-1.060211,0.285821,1.995915,0.263508,-0.278264,0.147148,0.186183,0.273315,3.082404,0.007977,0.001027,-0.004164,0.059413,-0.015175,-0.029783,-0.364109,-0.021866,-0.037425,-0.004315,0.048611,-0.000309,-0.006956,6.614782,0.508441,-0.026850,0.099414,0.196024,0.299317,-0.036639,0.200064,0.030031,0.137737,0.053880,-0.155990
0.177627,-0.115847,-0.074648,0.166873,2.342134,0.011768,1.167867,0.446302,0.289486,0.263508,5.967057,-0.060083,0.227724,-0.035511,0.335995,0.975017,0.001175,0.001485,0.007887,0.154867,-0.010553,0.009266,0.489458,-0.013387,0.053726,0.025035,0.081836,0.004471,-0.008044,5.700707,0.201136,-0.063627,0.512371,2.530243,0.391686,0.013845,0.010833,1.298401,0.268025,-0.025448,-0.189814
-0.020287,-0.006357,-0.021557,0.002463,-0.057025,-0.058361,-0.078954,0.216482,0.131918,-0.278264,-0.060083,0.460276,-0.032212,-0.026304,-0.022424,-0.530764,-0.004826,-0.001267,-0.001041,0.004418,-0.004337,0.008964,0.061442,-0.002497,0.000429,0.001537,-0.007977,0.001235,0.001130,-2.346955,-0.132819,0.021606,-0.000888,-0.056178,-0.097908,0.007573,-0.119778,0.000613,-0.030453,-0.023458,-0.158877
0.111657,-0.009608,0.173418,0.006236,0.178161,0.068579,0.380826,0.959540,0.083324,0.147148,0.227724,-0.032212,0.235112,0.033241,0.210580,0.569639,0.001911,-0.002471,-0.003419,0.010282,0.003000,0.011716,0.213684,0.016349,0.020476,0.003640,0.041458,0.002921,0.012623,1.023675,0.271275,0.032131,0.194574,0.136295,-0.014909,0.183042,-0.014087,0.022669,0.258746,0.010080,0.149094
-0.044641,0.092347,-0.073406,-0.008145,-0.120422,0.018326,-0.268986,-1.420035,0.196458,0.186183,-0.035511,-0.026304,0.033241,0.425161,-0.005728,0.319668,-0.003064,0.003145,0.001003,-0.004823,-0.002540,-0.011233,-0.521260,-0.003918,-0.013438,-0.012485,-0.018847,0.003159,-0.005077,0.642731,0.607183,-0.036628,-0.125059,-0.126230,0.006373,-0.049260,-0.017905,-0.048382,-0.019409,0.009973,-0.052527
0.265867,0.037020,0.079026,0.012906,0.342184,0.142964,0.505121,1.550578,0.222440,0.273315,0.335995,-0.022424,0.210580,-0.005728,0.545153,1.005899,0.002428,-0.002940,-0.002354,0.018582,0.014173,0.006875,0.416925,-0.005014,0.012018,0.008982,0.086635,-0.003254,0.004390,1.869708,0.199994,0.086771,0.251736,0.226324,0.046839,0.120962,-0.018018,0.056560,0.242557,0.007364,0.136566
0.596724,0.283363,-0.112456,-0.040273,0.780699,0.333922,0.997614,0.899187,1.370866,3.082404,0.975017,-0.530764,0.569639,0.319668,1.005899,13.608108,0.007948,-0.003381,-0.026516,0.167410,-0.042491,-0.039906,-0.088767,-0.024392,-0.079595,-0.007523,0.186824,0.007803,0.008068,17.788182,1.227486,0.034581,0.431061,0.454174,0.364295,0.002810,0.199638,-0.070689,0.571560,0.193257,-0.308799
0.003797,0.006454,0.010115,0.000142,-0.000192,0.006585,0.002889,-0.021520,-0.008210,0.007977,0.001175,-0.004826,0.001911,-0.003064,0.002428,0.007948,0.001359,0.000041,0.000120,0.001601,0.002448,-0.000166,-0.000850,0.000131,0.001974,-0.000228,0.000673,-0.000187,0.000065,0.064737,-0.009151,0.000975,0.005754,-0.001697,0.002524,0.003007,0.011749,0.002162,0.005498,0.000058,0.015997
-0.002145,0.003589,-0.006471,0.000507,-0.001218,0.006832,-0.014948,-0.079886,0.005304,0.001027,0.001485,-0.001267,-0.002471,0.003145,-0.002940,-0.003381,0.000041,0.000511,0.000300,0.000267,0.000594,-0.000890,-0.008966,-0.000338,-0.001264,-0.000032,-0.001128,-0.000147,-0.000258,0.002281,0.003753,-0.000807,-0.006592,0.001942,0.004942,-0.004143,0.003801,0.003230,-0.006195,-0.000269,0.004386
-0.004643,-0.001502,0.000345,0.002517,0.007913,-0.001014,-0.005624,-0.033748,-0.008473,-0.004164,0.007887,-0.001041,-0.003419,0.001003,-0.002354,-0.026516,0.000120,0.000300,0.011751,-0.000702,-0.000198,-0.000319,-0.001734,-0.000259,0.001523,-0.000144,-0.002057,0.000386,-0.000212,0.011539,-0.003560,-0.000841,0.000682,0.016158,0.006836,-0.003037,0.001222,0.013424,-0.005835,-0.000273,0.004534
0.015305,0.021648,-0.002766,0.002507,0.083704,-0.004825,0.091472,0.139154,-0.009982,0.059413,0.154867,0.004418,0.010282,-0.004823,0.018582,0.167410,0.001601,0.000267,-0.000702,0.080877,0.002823,-0.000264,-0.005546,-0.001456,0.006471,0.000298,0.005672,0.000202,-0.000494,1.023363,-0.027041,-0.005206,0.070488,0.117059,-0.012914,0.002633,0.032520,0.067921,0.015395,-0.001743,0.001727
0.014833,0.013388,0.013964,-0.000574,-0.003196,0.030428,-0.008469,-0.023232,0.003126,-0.015175,-0.010553,-0.004337,0.003000,-0.002540,0.014173,-0.042491,0.002448,0.000594,-0.000198,0.002823,0.028533,-0.001734,-0.016108,-0.000592,0.000709,-0.000318,0.002871,0.000072,-0.000318,0.000804,-0.009026,0.003050,-0.010146,-0.005697,-0.008775,0.001910,0.016022,-0.005520,0.006579,-0.000350,0.074036
0.006223,-0.010536,0.034186,-0.000234,0.010962,-0.003692,0.055488,0.266502,-0.016805,-0.029783,0.009266,0.008964,0.011716,-0.011233,0.006875,-0.039906,-0.000166,-0.000890,-0.000319,-0.000264,-0.001734,0.006613,0.059952,0.003174,0.004312,0.001043,0.003722,0.001096,0.002285,-0.104811,-0.017456,0.001086,0.034110,0.003222,-0.018581,0.034189,-0.010292,-0.001953,0.036762,-0.000355,0.014421
0.336474,-0.613684,0.314807,0.016002,0.535619,0.085812,2.085919,4.067477,-0.450506,-0.364109,0.489458,0.061442,0.213684,-0.521260,0.416925,-0.088767,-0.000850,-0.008966,-0.001734,-0.005546,-0.016108,0.059952,30.092883,-0.002265,0.230771,0.422754,0.185906,-0.001363,0.001650,-0.445610,-0.416787,0.344371,0.273569,0.443894,-0.209584,0.495094,-0.179700,0.090408,0.259343,0.004960,0.273800
-0.002351,-0.001666,0.033496,-0.000689,-0.005817,-0.003108,0.014485,0.063017,-0.009896,-0.021866,-0.013387,-0.002497,0.016349,-0.003918,-0.005014,-0.024392,0.000131,-0.000338,-0.000259,-0.001456,-0.000592,0.003174,-0.002265,0.022937,-0.001997,-0.000512,-0.000580,0.000827,0.007717,-0.053740,-0.008920,-0.001404,0.021565,-0.015445,-0.007904,0.059556,-0.000276,-0.011089,0.060363,-0.000803,0.026960
0.010547,-0.010334,0.108871,0.003221,0.019919,0.001930,0.117858,0.343466,-0.030550,-0.037425,0.053726,0.000429,0.020476,-0.013438,0.012018,-0.079595,0.001974,-0.001264,0.001523,0.006471,0.000709,0.004312,0.230771,-0.001997,0.087098,0.000403,0.004614,0.000910,-0.000846,-0.069240,-0.031562,0.018752,0.068277,0.006719,-0.027560,0.019611,0.008404,0.000630,0.043685,-0.004088,0.138078
0.005186,-0.010660,-0.002677,0.004734,0.035742,-0.002393,0.054979,0.050647,-0.004109,-0.004315,0.025035,0.001537,0.003640,-0.012485,0.008982,-0.007523,-0.000228,-0.000032,-0.000144,0.000298,-0.000318,0.001043,0.422754,-0.000512,0.000403,0.028537,0.002966,-0.000232,-0.000365,-0.071414,-0.000370,-0.000897,0.011881,0.083862,0.002756,0.007677,-0.006117,0.023154,0.006921,-0.000453,-0.004950
0.067236,-0.003227,0.024404,-0.000227,0.068018,0.033981,0.120299,0.512746,0.010848,0.048611,0.081836,-0.007977,0.041458,-0.018847,0.086635,0.186824,0.000673,-0.001128,-0.002057,0.005672,0.002871,0.003722,0.185906,-0.000580,0.004614,0.002966,0.034494,0.000816,0.000938,0.355248,0.004480,0.015062,0.058086,0.051517,-0.001131,0.036371,-0.004980,0.014770,0.066758,0.003037,0.033879
0.000571,-0.000236,0.004567,-0.000099,0.006549,-0.000185,0.002054,-0.015475,0.000088,-0.000309,0.004471,0.001235,0.002921,0.003159,-0.003254,0.007803,-0.000187,-0.000147,0.000386,0.000202,0.000072,0.001096,-0.001363,0.000827,0.000910,-0.000232,0.000816,0.017032,0.000047,0.005158,0.006616,0.001096,0.004052,0.000723,-0.004429,0.009364,-0.006192,-0.003457,0.007472,0.000206,0.006696
0.000922,-0.001559,0.021668,-0.000564,-0.003384,-0.002380,0.023293,0.090562,-0.006696,-0.006956,-0.008044,0.001130,0.012623,-0.005077,0.004390,0.008068,0.000065,-0.000258,-0.000212,-0.000494,-0.000318,0.002285,0.001650,0.007717,-0.000846,-0.000365,0.000938,0.000047,0.014208,-0.018151,-0.003510,-0.001458,0.033984,-0.006579,-0.004742,0.035683,-0.001768,-0.006116,0.034448,-0.000317,0.022172
0.976579,0.265645,-0.551199,0.015245,4.483894,-0.190980,3.018961,0.639887,-0.186961,6.614782,5.700707,-2.346955,1.023675,0.642731,1.869708,17.788182,0.064737,0.002281,0.011539,1.023363,0.000804,-0.104811,-0.445610,-0.053740,-0.069240,-0.071414,0.355248,0.005158,-0.018151,97.416742,2.849618,-0.159789,1.662806,4.563154,0.828512,0.245131,1.489281,2.100325,1.312729,0.265623,-0.646198
-0.018924,-0.055766,-0.139804,0.002585,0.392078,0.052409,0.137100,-1.145658,0.331635,0.508441,0.201136,-0.132819,0.271275,0.607183,0.199994,1.227486,-0.009151,0.003753,-0.003560,-0.027041,-0.009026,-0.017456,-0.416787,-0.008920,-0.031562,-0.000370,0.004480,0.006616,-0.003510,2.849618,2.792990,-0.075686,0.015883,0.520453,0.057219,-0.065989,-0.111939,0.047878,0.109486,0.028332,-0.089754
0.066120,-0.072611,-0.001252,-0.002834,-0.015652,0.069351,-0.084241,0.159324,-0.009545,-0.026850,-0.063627,0.021606,0.032131,-0.036628,0.086771,0.034581,0.000975,-0.000807,-0.000841,-0.005206,0.003050,0.001086,0.344371,-0.001404,0.018752,-0.000897,0.015062,0.001096,-0.001458,-0.159789,-0.075686,0.329247,-0.056844,-0.054634,-0.010853,0.002286,-0.027125,-0.022046,0.012163,-0.002493,0.118817
0.124738,-0.056706,0.509907,0.026068,0.523018,-0.053593,1.279169,2.966046,-0.154055,0.099414,0.512371,-0.000888,0.194574,-0.125059,0.251736,0.431061,0.005754,-0.006592,0.000682,0.070488,-0.010146,0.034110,0.273569,0.021565,0.068277,0.011881,0.058086,0.004052,0.033984,1.662806,0.015883,-0.056844,1.538453,0.390719,0.111670,0.275248,0.017699,0.174640,0.314178,-0.016244,0.369737
0.086036,-0.139491,-0.140510,0.124706,2.056549,-0.045125,1.094316,0.811066,-0.007035,0.196024,2.530243,-0.056178,0.136295,-0.126230,0.226324,0.454174,-0.001697,0.001942,0.016158,0.117059,-0.005697,0.003222,0.443894,-0.015445,0.006719,0.083862,0.051517,0.000723,-0.006579,4.563154,0.520453,-0.054634,0.390719,3.914233,0.315766,-0.041569,-0.002746,1.014989,0.148237,-0.018939,-0.166640
0.008766,0.016298,-0.081305,0.012669,0.349326,0.008089,0.061157,-1.517540,-0.051312,0.299317,0.391686,-0.097908,-0.014909,0.006373,0.046839,0.364295,0.002524,0.004942,0.006836,-0.012914,-0.008775,-0.018581,-0.209584,-0.007904,-0.027560,0.002756,-0.001131,-0.004429,-0.004742,0.828512,0.057219,-0.010853,0.111670,0.315766,1.039099,-0.066651,0.102524,0.289645,-0.063860,-0.014143,-0.101534
0.101629,0.012665,0.395742,-0.004949,0.038943,-0.002978,0.405984,0.676213,-0.044869,-0.036639,0.013845,0.007573,0.183042,-0.049260,0.120962,0.002810,0.003007,-0.004143,-0.003037,0.002633,0.001910,0.034189,0.495094,0.059556,0.019611,0.007677,0.036371,0.009364,0.035683,0.245131,-0.065989,0.002286,0.275248,-0.041569,-0.066651,0.773609,0.001786,-0.022455,0.643405,-0.004237,0.252910
0.017721,0.113725,0.025680,-0.000091,-0.031914,0.126136,-0.061348,-0.637522,-0.118879,0.200064,0.010833,-0.119778,-0.014087,-0.017905,-0.018018,0.199638,0.011749,0.003801,0.001222,0.032520,0.016022,-0.010292,-0.179700,-0.000276,0.008404,-0.006117,-0.004980,-0.006192,-0.001768,1.489281,-0.111939,-0.027125,0.017699,-0.002746,0.102524,0.001786,0.277566,0.046003,0.012329,0.000616,0.216744
0.016515,-0.009904,-0.011298,0.068355,0.860425,-0.037292,0.316016,-0.424287,-0.033613,0.030031,1.298401,0.000613,0.022669,-0.048382,0.056560,-0.070689,0.002162,0.003230,0.013424,0.067921,-0.005520,-0.001953,0.090408,-0.011089,0.000630,0.023154,0.014770,-0.003457,-0.006116,2.100325,0.047878,-0.022046,0.174640,1.014989,0.289645,-0.022455,0.046003,0.902610,0.016107,-0.009692,-0.120397
0.177848,0.044263,0.396539,-0.000235,0.224847,0.053890,0.647081,1.540993,0.021464,0.137737,0.268025,-0.030453,0.258746,-0.019409,0.242557,0.571560,0.005498,-0.006195,-0.005835,0.015395,0.006579,0.036762,0.259343,0.060363,0.043685,0.006921,0.066758,0.007472,0.034448,1.312729,0.109486,0.012163,0.314178,0.148237,-0.063860,0.643405,0.012329,0.016107,0.993795,0.005177,0.390927
0.006025,-0.004523,-0.008047,-0.000630,-0.018880,-0.003625,0.012181,0.109005,-0.003584,0.053880,-0.025448,-0.023458,0.010080,0.009973,0.007364,0.193257,0.000058,-0.000269,-0.000273,-0.001743,-0.000350,-0.000355,0.004960,-0.000803,-0.004088,-0.000453,0.003037,0.000206,-0.000317,0.265623,0.028332,-0.002493,-0.016244,-0.018939,-0.014143,-0.004237,0.000616,-0.009692,0.005177,0.055401,-0.009766
0.134022,0.081900,0.650681,-0.001753,-0.095137,0.443570,0.375059,0.935411,-0.095781,-0.155990,-0.189814,-0.158877,0.149094,-0.052527,0.136566,-0.308799,0.015997,0.004386,0.004534,0.001727,0.074036,0.014421,0.273800,0.026960,0.138078,-0.004950,0.033879,0.006696,0.022172,-0.646198,-0.089754,0.118817,0.369737,-0.166640,-0.101534,0.252910,0.216744,-0.120397,0.390927,-0.009766,2.139354
