0.159419,0.047808,0.037420,-0.000374,0.108892,0.087237,0.188552,0.479675,0.083406,0.117335,0.130073,-0.001800,0.070054,-0.027884,0.178059,0.398169,0.003151,-0.001406,-0.002226,0.010317,0.012528,0.002289,0.260774,-0.001852,0.009843,0.003895,0.040757,0.001115,0.001859,0.670960,-0.025499,0.053956,0.058768,0.055675,0.003027,0.068491,0.010892,0.015238,0.112849,0.004301,0.058984
0.047808,0.536084,0.032692,-0.002318,-0.178969,0.076114,-0.233969,-1.081818,0.126039,0.137884,-0.082994,-0.012916,-0.002374,0.104397,0.050604,0.235433,0.009502,0.005463,-0.001351,0.014915,0.036672,-0.007982,-0.632077,-0.003327,-0.007274,-0.011559,0.004259,0.006240,-0.001624,0.062337,-0.043100,-0.083953,-0.043016,-0.099095,-0.032193,0.012154,0.116375,-0.016322,0.062895,-0.003716,0.107788
0.037420,0.032692,1.068968,0.000568,0.004410,-0.000618,0.368325,0.304251,-0.132228,-0.099130,-0.097127,0.024787,0.156489,-0.050632,0.048354,-0.185435,0.011088,-0.004544,0.000916,0.003436,0.019129,0.030207,0.258133,0.041054,0.118980,-0.000299,0.013058,0.010224,0.022612,-0.498295,-0.100414,-0.026686,0.313367,-0.110887,-0.109655,0.338181,0.025970,0.002929,0.375165,-0.008775,0.600505
-0.000374,-0.002318,0.000568,0.025738,0.061025,0.005339,0.028484,0.002298,0.013576,0.002220,0.124211,0.000355,0.005431,-0.002920,0.007413,-0.005363,0.000183,0.000368,0.001245,0.003370,-0.000692,-0.000482,0.002730,-0.000567,0.005172,-0.000320,-0.000585,-0.001307,-0.000374,0.109920,0.004661,-0.001829,0.013312,0.059662,0.010099,-0.002421,0.002658,0.057738,-0.001269,-0.000382,-0.000173
0.108892,-0.178969,0.004410,0.061025,3.024423,0.061613,1.357353,1.824574,0.174196,0.308368,2.207361,-0.085872,0.180927,-0.087832,0.341956,0.992028,0.000791,-0.000595,0.009329,0.082481,0.004114,0.007307,0.494162,-0.005489,0.022295,0.022997,0.068952,0.000527,-0.002599,5.222677,0.388215,0.003298,0.399248,1.592497,0.308796,0.060317,-0.015246,0.870125,0.218552,-0.022987,-0.037418
0.087237,0.076114,-0.000618,0.005339,0.061613,0.594969,0.000604,-0.274901,0.577708,0.034449,0.031331,-0.006127,0.083580,0.001130,0.139458,0.274050,0.006417,0.003691,-0.000454,-0.008170,0.016985,-0.002921,0.094323,-0.003431,0.002189,-0.001975,0.027634,0.000045,-0.001877,0.267615,0.050198,0.056662,-0.005733,-0.020731,0.032117,0.002214,0.073620,-0.029975,0.060146,-0.004388,0.127652
0.188552,-0.233969,0.368325,0.028484,1.357353,0.000604,3.628360,5.813127,0.005447,0.192344,1.164051,-0.058054,0.378609,-0.275376,0.443465,1.114745,0.001609,-0.012628,-0.003106,0.081813,-0.005202,0.045165,2.164800,0.006627,0.136855,0.049440,0.119109,-0.002359,0.014100,3.353921,0.092070,-0.096772,1.068717,0.995449,0.083684,0.336550,-0.046233,0.331636,0.494527,0.010256,0.272995
0.479675,-1.081818,0.304251,0.002298,1.824574,-0.274901,5.813127,51.542766,-2.456327,-0.574371,0.853675,0.272247,0.863131,-1.387763,1.523650,1.120472,-0.009700,-0.075787,0.000169,0.169208,-0.043332,0.225753,3.897456,0.040449,0.446593,0.082556,0.488528,-0.050737,0.074439,4.140014,-1.222887,0.200143,2.904597,0.797009,-1.052526,0.552718,-0.475813,-0.210656,1.396827,0.106981,0.611317
0.083406,0.126039,-0.132228,0.013576,0.174196,0.577708,0.005447,-2.456327,2.744245,0.269301,0.187614,0.039209,0.108271,0.187451,0.189563,1.166283,-0.009090,0.005853,-0.004904,-0.027189,0.011856,-0.017462,-0.486505,-0.012690,-0.049580,-0.011944,0.012864,0.003206,-0.008695,1.141710,0.422952,-0.004036,-0.066090,0.024895,0.076493,-0.038471,-0.116943,-0.066189,0.046409,-0.000225,-0.143632
0.117335,0.137884,-0.099130,0.002220,0.308368,0.034449,0.192344,-0.574371,0.269301,2.015539,0.405280,-0.293253,0.162006,0.226436,0.264817,2.931562,0.005235,0.001484,-0.001712,0.067863,-0.021886,-0.029645,-0.327455,-0.019696,-0.037913,-0.002426,0.040952,-0.001310,-0.004878,7.104933,0.651776,-0.036759,0.102523,0.256061,0.256836,-0.020671,0.196935,0.040307,0.164240,0.056378,-0.203334
0.130073,-0.082994,-0.097127,0.124211,2.207361,0.031331,1.164051,0.853675,0.187614,0.405280,4.899432,-0.109442,0.205084,-0.035222,0.327683,1.131761,0.001472,0.002995,0.008391,0.168791,-0.002866,0.003416,0.440306,-0.020300,0.047572,0.036741,0.080702,0.000085,-0.009475,6.065628,0.271120,-0.050400,0.405637,2.182977,0.351835,0.015592,0.023647,1.306816,0.219503,-0.023741,-0.137434
-0.001800,-0.012916,0.024787,0.000355,-0.085872,-0.006127,-0.058054,0.272247,0.039209,-0.293253,-0.109442,0.429559,-0.034591,-0.047198,-0.019771,-0.623745,-0.004143,-0.000392,-0.000642,0.003091,0.002249,0.009380,0.077849,0.000538,0.006210,0.001117,-0.002473,0.001562,0.001188,-2.475615,-0.161856,0.044804,-0.004005,-0.076133,-0.121670,0.024173,-0.093204,-0.016111,-0.029685,-0.025991,0.024982
0.070054,-0.002374,0.156489,0.005431,0.180927,0.083580,0.378609,0.863131,0.108271,0.162006,0.205084,-0.034591,0.233257,0.033101,0.200835,0.591686,0.002039,-0.002007,-0.001493,0.007759,0.008778,0.010439,0.214894,0.015332,0.021479,0.003057,0.038301,0.002097,0.009484,1.116072,0.252253,0.027771,0.185804,0.115975,-0.006144,0.159213,-0.015180,0.031622,0.260310,0.008948,0.150504
-0.027884,0.104397,-0.050632,-0.002920,-0.087832,0.001130,-0.275376,-1.387763,0.187451,0.226436,-0.035222,-0.047198,0.033101,0.430286,0.013408,0.339690,-0.003504,0.002946,0.001399,-0.008274,-0.005971,-0.010199,-0.517036,-0.001901,-0.021609,-0.013023,-0.013823,0.004870,-0.003930,0.725766,0.588741,-0.035091,-0.134295,-0.088170,-0.006693,-0.030478,-0.020317,-0.031088,0.013610,0.009771,-0.068105
0.178059,0.050604,0.048354,0.007413,0.341956,0.139458,0.443465,1.523650,0.189563,0.264817,0.327683,-0.019771,0.200835,0.013408,0.580599,0.988255,0.002530,-0.002804,-0.002156,0.015246,0.017933,0.007569,0.410800,-0.002880,0.020410,0.009346,0.088452,0.003400,0.005973,2.029573,0.173836,0.089986,0.195698,0.192043,0.039601,0.112203,-0.021473,0.086714,0.251638,0.004591,0.141156
0.398169,0.235433,-0.185435,-0.005363,0.992028,0.274050,1.114745,1.120472,1.166283,2.931562,1.131761,-0.623745,0.591686,0.339690,0.988255,13.305335,0.004037,-0.003861,-0.019152,0.159945,-0.053614,-0.030957,-0.025907,-0.013389,-0.097129,-0.001628,0.171892,-0.001443,0.008056,17.426454,1.245578,0.032384,0.367208,0.627003,0.262437,0.020557,0.204054,0.053089,0.686357,0.179324,-0.282063
0.003151,0.009502,0.011088,0.000183,0.000791,0.006417,0.001609,-0.009700,-0.009090,0.005235,0.001472,-0.004143,0.002039,-0.003504,0.002530,0.004037,0.001592,0.000177,0.000061,0.001403,0.004309,-0.000149,-0.001811,0.000045,0.002250,-0.000205,0.000758,-0.000050,0.000049,0.041887,-0.010002,0.000680,0.003648,-0.001150,0.000870,0.002058,0.011624,0.001617,0.005528,0.000007,0.019830
-0.001406,0.005463,-0.004544,0.000368,-0.000595,0.003691,-0.012628,-0.075787,0.005853,0.001484,0.002995,-0.000392,-0.002007,0.002946,-0.002804,-0.003861,0.000177,0.000546,0.000169,0.000154,0.001573,-0.000912,-0.009041,-0.000355,-0.001525,-0.000083,-0.001022,-0.000266,-0.000217,-0.007164,0.003309,-0.000622,-0.005412,0.002353,0.003819,-0.003506,0.003017,0.003005,-0.005833,-0.000240,0.000243
-0.002226,-0.001351,0.000916,0.001245,0.009329,-0.000454,-0.003106,0.000169,-0.004904,-0.001712,0.008391,-0.000642,-0.001493,0.001399,-0.002156,-0.019152,0.000061,0.000169,0.009172,-0.000584,-0.000188,0.000033,0.000879,-0.000217,0.001617,-0.000082,-0.000907,-0.000763,-0.000140,-0.004195,0.000477,-0.000436,0.001061,0.014098,0.004051,-0.001107,0.000751,0.012030,-0.001710,-0.000128,0.004996
0.010317,0.014915,0.003436,0.003370,0.082481,-0.008170,0.081813,0.169208,-0.027189,0.067863,0.168791,0.003091,0.007759,-0.008274,0.015246,0.159945,0.001403,0.000154,-0.000584,0.076457,0.002182,-0.000160,-0.005794,-0.001937,0.010221,0.001489,0.004810,-0.000147,-0.000839,0.809285,-0.022655,-0.005577,0.071563,0.108098,-0.013562,0.003307,0.032813,0.065334,0.015423,-0.001811,0.008210
0.012528,0.036672,0.019129,-0.000692,0.004114,0.016985,-0.005202,-0.043332,0.011856,-0.021886,-0.002866,0.002249,0.008778,-0.005971,0.017933,-0.053614,0.004309,0.001573,-0.000188,0.002182,0.045277,-0.001829,-0.017039,-0.000861,0.000211,-0.000516,0.004545,-0.000231,-0.000360,-0.074533,-0.014469,0.002839,-0.008526,0.000776,-0.011749,0.003146,0.011736,-0.004993,0.012397,-0.000390,0.065606
0.002289,-0.007982,0.030207,-0.000482,0.007307,-0.002921,0.045165,0.225753,-0.017462,-0.029645,0.003416,0.009380,0.010439,-0.010199,0.007569,-0.030957,-0.000149,-0.000912,0.000033,-0.000160,-0.001829,0.006268,0.059525,0.003272,0.005145,0.000977,0.003793,0.002061,0.002041,-0.087305,-0.018573,0.000898,0.026814,-0.001259,-0.016305,0.029874,-0.010040,-0.000308,0.030886,-0.000422,0.011913
0.260774,-0.632077,0.258133,0.002730,0.494162,0.094323,2.164800,3.897456,-0.486505,-0.327455,0.440306,0.077849,0.214894,-0.517036,0.410800,-0.025907,-0.001811,-0.009041,0.000879,-0.005794,-0.017039,0.059525,30.119239,-0.005239,0.225722,0.420639,0.182961,0.000618,0.000339,0.050690,-0.405719,0.365287,0.290726,0.347633,-0.176148,0.523734,-0.174990,0.095854,0.272533,0.003309,0.269112
-0.001852,-0.003327,0.041054,-0.000567,-0.005489,-0.003431,0.006627,0.040449,-0.012690,-0.019696,-0.020300,0.000538,0.015332,-0.001901,-0.002880,-0.013389,0.000045,-0.000355,-0.000217,-0.001937,-0.000861,0.003272,-0.005239,0.025384,-0.000195,-0.000473,-0.001441,0.001912,0.007728,-0.079301,-0.008781,-0.002639,0.026125,-0.014287,-0.010043,0.055416,-0.003502,-0.012971,0.069791,-0.001000,0.028314
0.009843,-0.007274,0.118980,0.005172,0.022295,0.002189,0.136855,0.446593,-0.049580,-0.037913,0.047572,0.006210,0.021479,-0.021609,0.020410,-0.097129,0.002250,-0.001525,0.001617,0.010221,0.000211,0.005145,0.225722,-0.000195,0.092606,0.000414,0.006243,0.002017,-0.000070,-0.015828,-0.039746,0.016319,0.077802,0.016570,-0.028387,0.022117,0.006024,0.004309,0.052983,-0.003870,0.156822
0.003895,-0.011559,-0.000299,-0.000320,0.022997,-0.001975,0.049440,0.082556,-0.011944,-0.002426,0.036741,0.001117,0.003057,-0.013023,0.009346,-0.001628,-0.000205,-0.000083,-0.000082,0.001489,-0.000516,0.000977,0.420639,-0.000473,0.000414,0.029785,0.003058,-0.000229,-0.000292,-0.074141,0.003811,-0.000909,0.017404,0.074417,0.005220,0.008429,-0.005715,0.023548,0.007447,-0.000449,-0.005150
0.040757,0.004259,0.013058,-0.000585,0.068952,0.027634,0.119109,0.488528,0.012864,0.040952,0.080702,-0.002473,0.038301,-0.013823,0.088452,0.171892,0.000758,-0.001022,-0.000907,0.004810,0.004545,0.003793,0.182961,-0.001441,0.006243,0.003058,0.034765,0.002318,0.001003,0.346991,-0.000172,0.013328,0.048258,0.053267,0.004404,0.032668,-0.008608,0.018486,0.063300,0.003301,0.011093
0.001115,0.006240,0.010224,-0.001307,0.000527,0.000045,-0.002359,-0.050737,0.003206,-0.001310,0.000085,0.001562,0.002097,0.004870,0.003400,-0.001443,-0.000050,-0.000266,-0.000763,-0.000147,-0.000231,0.002061,0.000618,0.001912,0.002017,-0.000229,0.002318,0.018455,0.000216,-0.006641,0.003780,0.000228,0.001695,-0.001622,-0.010981,0.011534,-0.002237,-0.003822,0.018004,0.000184,0.007122
0.001859,-0.001624,0.022612,-0.000374,-0.002599,-0.001877,0.014100,0.074439,-0.008695,-0.004878,-0.009475,0.001188,0.009484,-0.003930,0.005973,0.008056,0.000049,-0.000217,-0.000140,-0.000839,-0.000360,0.002041,0.000339,0.007728,-0.000070,-0.000292,0.001003,0.000216,0.014208,-0.030822,-0.001027,-0.001549,0.033485,-0.004365,-0.004586,0.027867,-0.002950,-0.005833,0.034303,-0.000475,0.015245
0.670960,0.062337,-0.498295,0.109920,5.222677,0.267615,3.353921,4.140014,1.141710,7.104933,6.065628,-2.475615,1.116072,0.725766,2.029573,17.426454,0.041887,-0.007164,-0.004195,0.809285,-0.074533,-0.087305,0.050690,-0.079301,-0.015828,-0.074141,0.346991,-0.006641,-0.030822,98.884624,3.277125,-0.048734,1.557039,4.414716,0.942326,0.190206,1.426323,1.775674,1.509596,0.260112,-0.846370
-0.025499,-0.043100,-0.100414,0.004661,0.388215,0.050198,0.092070,-1.222887,0.422952,0.651776,0.271120,-0.161856,0.252253,0.588741,0.173836,1.245578,-0.010002,0.003309,0.000477,-0.022655,-0.014469,-0.018573,-0.405719,-0.008781,-0.039746,0.003811,-0.000172,0.003780,-0.001027,3.277125,2.710597,-0.075315,-0.027851,0.476416,0.029160,-0.052801,-0.094870,0.067859,0.157393,0.026356,-0.161529
0.053956,-0.083953,-0.026686,-0.001829,0.003298,0.056662,-0.096772,0.200143,-0.004036,-0.036759,-0.050400,0.044804,0.027771,-0.035091,0.089986,0.032384,0.000680,-0.000622,-0.000436,-0.005577,0.002839,0.000898,0.365287,-0.002639,0.016319,-0.000909,0.013328,0.000228,-0.001549,-0.048734,-0.075315,0.338587,-0.046782,-0.022492,-0.023821,-0.000771,-0.028904,-0.022489,0.012072,-0.002502,0.099962
0.058768,-0.043016,0.313367,0.013312,0.399248,-0.005733,1.068717,2.904597,-0.066090,0.102523,0.405637,-0.004005,0.185804,-0.134295,0.195698,0.367208,0.003648,-0.005412,0.001061,0.071563,-0.008526,0.026814,0.290726,0.026125,0.077802,0.017404,0.048258,0.001695,0.033485,1.557039,-0.027851,-0.046782,1.306911,0.198815,0.090368,0.223583,0.022357,0.161391,0.229137,-0.022002,0.246749
0.055675,-0.099095,-0.110887,0.059662,1.592497,-0.020731,0.995449,0.797009,0.024895,0.256061,2.182977,-0.076133,0.115975,-0.088170,0.192043,0.627003,-0.001150,0.002353,0.014098,0.108098,0.000776,-0.001259,0.347633,-0.014287,0.016570,0.074417,0.053267,-0.001622,-0.004365,4.414716,0.476416,-0.022492,0.198815,3.434065,0.272033,-0.023981,-0.000497,0.926806,0.124885,-0.019425,-0.125511
0.003027,-0.032193,-0.109655,0.010099,0.308796,0.032117,0.083684,-1.052526,0.076493,0.256836,0.351835,-0.121670,-0.006144,-0.006693,0.039601,0.262437,0.000870,0.003819,0.004051,-0.013562,-0.011749,-0.016305,-0.176148,-0.010043,-0.028387,0.005220,0.004404,-0.010981,-0.004586,0.942326,0.029160,-0.023821,0.090368,0.272033,1.017906,-0.068653,0.093731,0.250526,-0.086141,-0.013503,-0.140116
0.068491,0.012154,0.338181,-0.002421,0.060317,0.002214,0.336550,0.552718,-0.038471,-0.020671,0.015592,0.024173,0.159213,-0.030478,0.112203,0.020557,0.002058,-0.003506,-0.001107,0.003307,0.003146,0.029874,0.523734,0.055416,0.022117,0.008429,0.032668,0.011534,0.027867,0.190206,-0.052801,-0.000771,0.223583,-0.023981,-0.068653,0.736414,-0.002764,-0.013627,0.522634,-0.003940,0.204221
0.010892,0.116375,0.025970,0.002658,-0.015246,0.073620,-0.046233,-0.475813,-0.116943,0.196935,0.023647,-0.093204,-0.015180,-0.020317,-0.021473,0.204054,0.011624,0.003017,0.000751,0.032813,0.011736,-0.010040,-0.174990,-0.003502,0.006024,-0.005715,-0.008608,-0.002237,-0.002950,1.426323,-0.094870,-0.028904,0.022357,-0.000497,0.093731,-0.002764,0.271251,0.038034,0.002341,0.000292,0.134781
0.015238,-0.016322,0.002929,0.057738,0.870125,-0.029975,0.331636,-0.210656,-0.066189,0.040307,1.306816,-0.016111,0.031622,-0.031088,0.086714,0.053089,0.001617,0.003005,0.012030,0.065334,-0.004993,-0.000308,0.095854,-0.012971,0.004309,0.023548,0.018486,-0.003822,-0.005833,1.775674,0.067859,-0.022489,0.161391,0.926806,0.250526,-0.013627,0.038034,0.888106,0.015482,-0.010780,-0.081985
0.112849,0.062895,0.375165,-0.001269,0.218552,0.060146,0.494527,1.396827,0.046409,0.164240,0.219503,-0.029685,0.260310,0.013610,0.251638,0.686357,0.005528,-0.005833,-0.001710,0.015423,0.012397,0.030886,0.272533,0.069791,0.052983,0.007447,0.063300,0.018004,0.034303,1.509596,0.157393,0.012072,0.229137,0.124885,-0.086141,0.522634,0.002341,0.015482,0.985681,0.004636,0.322054
0.004301,-0.003716,-0.008775,-0.000382,-0.022987,-0.004388,0.010256,0.106981,-0.000225,0.056378,-0.023741,-0.025991,0.008948,0.009771,0.004591,0.179324,0.000007,-0.000240,-0.000128,-0.001811,-0.000390,-0.000422,0.003309,-0.001000,-0.003870,-0.000449,0.003301,0.000184,-0.000475,0.260112,0.026356,-0.002502,-0.022002,-0.019425,-0.013503,-0.003940,0.000292,-0.010780,0.004636,0.059281,-0.013823
0.058984,0.107788,0.600505,-0.000173,-0.037418,0.127652,0.272995,0.611317,-0.143632,-0.203334,-0.137434,0.024982,0.150504,-0.068105,0.141156,-0.282063,0.019830,0.000243,0.004996,0.008210,0.065606,0.011913,0.269112,0.028314,0.156822,-0.005150,0.011093,0.007122,0.015245,-0.846370,-0.161529,0.099962,0.246749,-0.125511,-0.140116,0.204221,0.134781,-0.081985,0.322054,-0.013823,1.577371
