0.008021,0.000751,0.001121,0.000401,0.000569,0.001537,0.002637,0.002640,0.000723,0.002255,0.000700,-0.000579,0.004081,-0.001679,0.004649,0.002177,0.001028,-0.000943,-0.000514,0.000698,0.000641,0.001321,0.000371,-0.000802,0.001499,0.000299,0.005495,-0.000499,0.000266,0.001915,-0.000228,0.000692,0.001997,0.000747,0.000638,0.001939,0.000736,0.000507,0.002722,0.000236,0.000772
0.000751,0.006168,0.000236,-0.000084,-0.000650,0.000272,-0.001478,-0.001890,0.000168,0.000789,-0.000175,-0.000120,-0.000344,0.002462,0.000444,0.000372,0.002447,0.001516,-0.000029,0.000562,0.001233,-0.001213,-0.000443,-0.000443,-0.000178,-0.000334,-0.000055,0.000051,-0.000165,0.000010,-0.000447,-0.000599,-0.000631,-0.000806,0.000508,0.000044,0.002953,0.000221,0.000519,-0.000046,0.000492
0.001121,0.000236,0.008577,-0.000102,-0.000121,0.000046,0.001935,0.000469,-0.000368,-0.000342,-0.000162,0.000069,0.003252,-0.000856,0.000909,-0.000016,0.002976,-0.001525,-0.000003,-0.000059,0.000495,0.003693,0.000161,0.003011,0.010581,-0.000006,0.001174,0.000203,0.002470,-0.000892,-0.000646,0.000140,0.002705,-0.000735,-0.001460,0.003700,0.000711,-0.000340,0.004252,-0.000204,0.002607
0.000401,-0.000084,-0.000102,0.004690,0.001217,0.000140,0.000923,-0.000030,0.000513,0.000034,0.001303,0.000121,0.000610,-0.000461,0.000607,-0.000120,0.000070,0.000328,0.000205,0.000337,-0.000080,0.000033,0.000040,-0.000286,0.000999,0.000536,0.000432,0.000166,-0.000194,0.000292,0.000111,-0.000096,0.000691,0.002410,0.000537,-0.000104,-0.000127,0.002927,0.000175,-0.000050,-0.000021
0.000569,-0.000650,-0.000121,0.001217,0.002346,0.000068,0.001786,0.000878,0.000314,0.000433,0.001453,-0.000051,0.001237,-0.000785,0.001032,0.000395,-0.000078,-0.000082,0.000114,0.000356,-0.000038,0.000371,0.000115,-0.000168,0.000401,0.000331,0.000988,0.000041,-0.000107,0.001167,0.000573,-0.000026,0.001177,0.002548,0.001094,0.000123,-0.000348,0.002547,0.000513,-0.000166,-0.000108
0.001537,0.000272,0.000046,0.000140,0.000068,0.003785,-0.000013,-0.000185,0.001825,0.000306,-0.000001,-0.000662,0.001335,0.000195,0.001018,0.000531,0.000798,0.000993,-0.000037,-0.000118,0.000744,-0.000268,0.000027,-0.000357,0.000210,-0.000073,0.001298,-0.000005,-0.000155,0.000515,0.000336,0.000433,-0.000045,-0.000076,0.000489,-0.000013,0.001622,-0.000285,0.000511,-0.000062,0.001277
0.002637,-0.001478,0.001935,0.000923,0.001786,-0.000013,0.010588,0.005192,0.000313,0.001270,0.001279,0.000071,0.004645,-0.003513,0.003180,0.001565,0.000058,-0.002289,-0.000246,0.001353,-0.000169,0.003683,0.000821,-0.000053,0.005711,0.000782,0.003927,-0.000029,0.001067,0.001738,0.000163,-0.000496,0.005869,0.002376,0.000712,0.002353,-0.000903,0.001297,0.003448,0.000097,0.000471
0.002640,-0.001890,0.000469,-0.000030,0.000878,-0.000185,0.005192,0.015047,-0.001440,-0.000684,0.000300,0.000394,0.003416,-0.005136,0.003317,0.000656,-0.000856,-0.003553,-0.000273,0.000757,-0.000210,0.005376,0.000458,0.000407,0.004692,0.000371,0.005187,-0.000258,0.001223,0.000133,-0.000977,0.000343,0.004468,0.000865,-0.002853,0.000774,-0.002498,-0.000758,0.002601,0.000401,0.000368
0.000723,0.000168,-0.000368,0.000513,0.000314,0.001825,0.000313,-0.001440,0.004589,0.000703,0.000242,0.000121,0.001345,0.001644,0.000948,0.000906,-0.000937,0.000647,-0.000128,-0.000013,0.000155,-0.000829,-0.000119,-0.000469,-0.000929,-0.000083,0.000413,-0.000014,-0.000309,0.000913,0.001121,-0.000082,-0.000110,0.000128,0.000476,-0.000261,-0.001050,-0.000145,0.000166,0.000034,-0.000124
0.002255,0.000789,-0.000342,0.000034,0.000433,0.000306,0.001270,-0.000684,0.000703,0.012762,0.000552,-0.002336,0.003286,0.003151,0.002439,0.005375,0.001828,0.000240,-0.000146,0.001649,-0.000463,-0.003199,-0.000155,-0.001522,-0.001404,-0.000057,0.001951,-0.000251,-0.000523,0.007296,0.002619,-0.000041,0.001060,0.000670,0.003008,0.000008,0.003896,0.000152,0.001330,0.001246,-0.000321
0.000700,-0.000175,-0.000162,0.001303,0.001453,-0.000001,0.001279,0.000300,0.000242,0.000552,0.003174,-0.000187,0.001399,-0.000200,0.000956,0.000588,0.000058,0.000115,0.000084,0.000822,-0.000101,0.000247,0.000073,-0.000370,0.001111,0.000214,0.001090,0.000001,-0.000199,0.001499,0.000385,-0.000171,0.000952,0.003052,0.001096,0.000059,-0.000045,0.003676,0.000603,-0.000177,-0.000187
-0.000579,-0.000120,0.000069,0.000121,-0.000051,-0.000662,0.000071,0.000394,0.000121,-0.002336,-0.000187,0.004336,-0.001141,-0.000982,-0.000438,-0.001692,-0.001359,-0.000384,-0.000049,0.000161,-0.000120,0.001290,0.000035,-0.000174,0.000513,0.000074,-0.000556,0.000105,0.000086,-0.003413,-0.000919,0.000065,0.000245,-0.000112,-0.001355,0.000195,-0.002743,0.000036,-0.000304,-0.000612,-0.000553
0.004081,-0.000344,0.003252,0.000610,0.001237,0.001335,0.004645,0.003416,0.001345,0.003286,0.001399,-0.001141,0.013598,0.002316,0.005557,0.003713,0.000939,-0.001513,-0.000465,0.000691,0.000489,0.003910,0.000301,0.003299,0.004980,0.000178,0.005776,0.000088,0.002944,0.003952,0.003858,0.000260,0.003950,0.001770,-0.000471,0.004896,-0.001384,0.001077,0.006947,0.000567,0.001245
-0.001679,0.002462,-0.000856,-0.000461,-0.000785,0.000195,-0.003513,-0.005136,0.001644,0.003151,-0.000200,-0.000982,0.002316,0.021713,0.000348,0.001594,-0.001544,0.001966,0.000123,-0.000443,-0.000246,-0.003278,-0.000746,-0.000274,-0.002685,-0.000971,-0.001839,0.000120,-0.001005,0.002146,0.007700,-0.000770,-0.002504,-0.001614,-0.000596,-0.001243,-0.001029,-0.001127,-0.000018,0.000725,-0.000336
0.004649,0.000444,0.000909,0.000607,0.001032,0.001018,0.003180,0.003317,0.000948,0.002439,0.000956,-0.000438,0.005557,0.000348,0.008066,0.002676,0.000121,-0.001170,-0.000146,0.000599,0.000381,0.001803,0.000285,-0.000669,0.002004,0.000354,0.006212,0.000126,0.000530,0.002787,0.001185,0.000719,0.002853,0.001131,0.000762,0.001779,-0.001091,0.001124,0.003252,0.000233,0.000585
0.002177,0.000372,-0.000016,-0.000120,0.000395,0.000531,0.001565,0.000656,0.000906,0.005375,0.000588,-0.001692,0.003713,0.001594,0.002676,0.007634,0.000394,-0.000307,-0.000246,0.001254,-0.000417,-0.000988,0.000000,-0.000293,-0.001589,-0.000119,0.002452,0.000009,0.000188,0.006003,0.001881,0.000051,0.001292,0.000374,0.001131,0.000212,0.001035,-0.000192,0.001500,0.001289,-0.000194
0.001028,0.002447,0.002976,0.000070,-0.000078,0.000798,0.000058,-0.000856,-0.000937,0.001828,0.000058,-0.001359,0.000939,-0.001544,0.000121,0.000394,0.010567,0.000949,0.000168,0.000916,0.003165,-0.000169,-0.000066,0.000527,0.005536,-0.000075,0.000611,-0.000234,0.000131,0.001830,-0.001362,-0.000166,0.001290,-0.000081,0.001014,0.001133,0.006935,0.000755,0.001690,0.000047,0.001862
-0.000943,0.001516,-0.001525,0.000328,-0.000082,0.000993,-0.002289,-0.003553,0.000647,0.000240,0.000115,-0.000384,-0.001513,0.001966,-0.001170,-0.000307,0.000949,0.004412,0.000448,0.000029,0.001630,-0.003406,-0.000159,-0.001183,-0.003192,-0.000016,-0.001560,-0.000031,-0.000748,-0.000101,0.000638,-0.000171,-0.001846,0.000350,0.001545,-0.001306,0.001996,0.000943,-0.001780,-0.000160,0.000603
-0.000514,-0.000029,-0.000003,0.000205,0.000114,-0.000037,-0.000246,-0.000273,-0.000128,-0.000146,0.000084,-0.000049,-0.000465,0.000123,-0.000146,-0.000246,0.000168,0.000448,0.002616,-0.000076,-0.000028,-0.000289,-0.000007,-0.000119,0.000192,-0.000024,-0.000520,0.000086,-0.000095,0.000180,-0.000081,-0.000033,0.000010,0.000302,0.000475,-0.000188,0.000177,0.000858,-0.000291,-0.000032,0.000050
0.000698,0.000562,-0.000059,0.000337,0.000356,-0.000118,0.001353,0.000757,-0.000013,0.001649,0.000822,0.000161,0.000691,-0.000443,0.000599,0.001254,0.000916,0.000029,-0.000076,0.006973,-0.000114,-0.000050,-0.000002,-0.000524,0.002316,0.000187,0.001090,0.000021,-0.000243,0.003521,-0.000156,-0.000101,0.001821,0.001704,-0.000427,0.000093,0.002129,0.002303,0.000416,-0.000109,-0.000036
0.000641,0.001233,0.000495,-0.000080,-0.000038,0.000744,-0.000169,-0.000210,0.000155,-0.000463,-0.000101,-0.000120,0.000489,-0.000246,0.000381,-0.000417,0.003165,0.001630,-0.000028,-0.000114,0.004326,-0.000325,-0.000041,-0.000233,-0.000065,-0.000039,0.000646,-0.000038,-0.000112,-0.000493,-0.000093,-0.000062,-0.000358,-0.000093,-0.000417,0.000115,0.001211,-0.000286,0.000366,-0.000022,0.001070
0.001321,-0.001213,0.003693,0.000033,0.000371,-0.000268,0.003683,0.005376,-0.000829,-0.003199,0.000247,0.001290,0.003910,-0.003278,0.001803,-0.000988,-0.000169,-0.003406,-0.000289,-0.000050,-0.000325,0.011148,0.000535,0.004535,0.005416,0.000420,0.003176,0.000629,0.003295,-0.001754,-0.001416,0.000260,0.003315,0.000202,-0.003083,0.005337,-0.003342,-0.000272,0.005476,-0.000141,0.000898
0.000371,-0.000443,0.000161,0.000040,0.000115,0.000027,0.000821,0.000458,-0.000119,-0.000155,0.000073,0.000035,0.000301,-0.000746,0.000285,0.000000,-0.000066,-0.000159,-0.000007,-0.000002,-0.000041,0.000535,0.001373,-0.000027,0.001291,0.000966,0.000694,-0.000006,-0.000004,-0.000012,-0.000142,0.000098,0.000202,0.000174,-0.000188,0.000413,-0.000276,0.000086,0.000178,-0.000003,0.000007
-0.000802,-0.000443,0.003011,-0.000286,-0.000168,-0.000357,-0.000053,0.000407,-0.000469,-0.001522,-0.000370,-0.000174,0.003299,-0.000274,-0.000669,-0.000293,0.000527,-0.001183,-0.000119,-0.000524,-0.000233,0.004535,-0.000027,0.026613,-0.000275,-0.000133,-0.000917,0.000814,0.011464,-0.000589,-0.000588,-0.000179,0.001118,-0.000815,-0.001693,0.006600,-0.000521,-0.001458,0.007586,-0.000236,0.001271
0.001499,-0.000178,0.010581,0.000999,0.000401,0.000210,0.005711,0.004692,-0.000929,-0.001404,0.001111,0.000513,0.004980,-0.002685,0.002004,-0.001589,0.005536,-0.003192,0.000192,0.002316,-0.000065,0.005416,0.001291,-0.000275,0.084837,0.000287,0.003272,0.000113,0.000049,-0.000234,-0.001664,0.000312,0.006826,0.000348,-0.004264,0.002005,0.002142,0.000026,0.004802,-0.000948,0.004979
0.000299,-0.000334,-0.000006,0.000536,0.000331,-0.000073,0.000782,0.000371,-0.000083,-0.000057,0.000214,0.000074,0.000178,-0.000971,0.000354,-0.000119,-0.000075,-0.000016,-0.000024,0.000187,-0.000039,0.000420,0.000966,-0.000133,0.000287,0.003171,0.000545,-0.000045,-0.000126,-0.000263,-0.000024,-0.000057,0.000432,0.001391,0.000191,0.000339,-0.000441,0.001092,0.000267,-0.000042,-0.000072
0.005495,-0.000055,0.001174,0.000432,0.000988,0.001298,0.003927,0.005187,0.000413,0.001951,0.001090,-0.000556,0.005776,-0.001839,0.006212,0.002452,0.000611,-0.001560,-0.000520,0.001090,0.000646,0.003176,0.000694,-0.000917,0.003272,0.000545,0.010673,-0.000278,0.000406,0.002564,0.000268,0.000797,0.003228,0.001773,0.000541,0.002228,-0.001213,0.001387,0.003871,0.000421,0.000641
-0.000499,0.000051,0.000203,0.000166,0.000041,-0.000005,-0.000029,-0.000258,-0.000014,-0.000251,0.000001,0.000105,0.000088,0.000120,0.000126,0.000009,-0.000234,-0.000031,0.000086,0.000021,-0.000038,0.000629,-0.000006,0.000814,0.000113,-0.000045,-0.000278,0.004522,0.000050,0.000017,-0.000043,0.000015,0.000175,-0.000001,-0.000225,0.000481,-0.000300,-0.000127,0.000272,0.000012,0.000084
0.000266,-0.000165,0.002470,-0.000194,-0.000107,-0.000155,0.001067,0.001223,-0.000309,-0.000523,-0.000199,0.000086,0.002944,-0.001005,0.000530,0.000188,0.000131,-0.000748,-0.000095,-0.000243,-0.000112,0.003295,-0.000004,0.011464,0.000049,-0.000126,0.000406,0.000050,0.016731,-0.000360,-0.000222,-0.000127,0.002773,-0.000292,-0.000842,0.004210,-0.000719,-0.000955,0.005029,-0.000118,0.000810
0.001915,0.000010,-0.000892,0.000292,0.001167,0.000515,0.001738,0.000133,0.000913,0.007296,0.001499,-0.003413,0.003952,0.002146,0.002787,0.006003,0.001830,-0.000101,0.000180,0.003521,-0.000493,-0.001754,-0.000012,-0.000589,-0.000234,-0.000263,0.002564,0.000017,-0.000360,0.017944,0.002655,0.000007,0.001946,0.002587,0.001459,0.000423,0.004357,0.002159,0.001701,0.001070,-0.000401
-0.000228,-0.000447,-0.000646,0.000111,0.000573,0.000336,0.000163,-0.000977,0.001121,0.002619,0.000385,-0.000919,0.003858,0.007700,0.001185,0.001881,-0.001362,0.000638,-0.000081,-0.000156,-0.000093,-0.001416,-0.000142,-0.000588,-0.001664,-0.000024,0.000268,-0.000043,-0.000222,0.002655,0.009141,-0.000360,0.000121,0.001248,-0.000482,-0.000407,-0.001500,0.000235,0.000893,0.000505,-0.000216
0.000692,-0.000599,0.000140,-0.000096,-0.000026,0.000433,-0.000496,0.000343,-0.000082,-0.000041,-0.000171,0.000065,0.000260,-0.000770,0.000719,0.000051,-0.000166,-0.000171,-0.000033,-0.000101,-0.000062,0.000260,0.000098,-0.000179,0.000312,-0.000057,0.000797,0.000015,-0.000127,0.000007,-0.000360,0.002890,-0.000308,-0.000201,-0.000287,-0.000030,-0.000645,-0.000213,-0.000105,-0.000077,0.000079
0.001997,-0.000631,0.002705,0.000691,0.001177,-0.000045,0.005869,0.004468,-0.000110,0.001060,0.000952,0.000245,0.003950,-0.002504,0.002853,0.001292,0.001290,-0.001846,0.000010,0.001821,-0.000358,0.003315,0.000202,0.001118,0.006826,0.000432,0.003228,0.000175,0.002773,0.001946,0.000121,-0.000308,0.010643,0.001568,0.001578,0.002542,0.000307,0.001774,0.003280,-0.000409,0.001105
0.000747,-0.000806,-0.000735,0.002410,0.002548,-0.000076,0.002376,0.000865,0.000128,0.000670,0.003052,-0.000112,0.001770,-0.001614,0.001131,0.000374,-0.000081,0.000350,0.000302,0.001704,-0.000093,0.000202,0.000174,-0.000815,0.000348,0.001391,0.001773,-0.000001,-0.000292,0.002587,0.001248,-0.000201,0.001568,0.010384,0.002254,-0.000206,-0.000208,0.005806,0.000619,-0.000230,-0.000391
0.000638,0.000508,-0.001460,0.000537,0.001094,0.000489,0.000712,-0.002853,0.000476,0.003008,0.001096,-0.001355,-0.000471,-0.000596,0.000762,0.001131,0.001014,0.001545,0.000475,-0.000427,-0.000417,-0.003083,-0.000188,-0.001693,-0.004264,0.000191,0.000541,-0.000225,-0.000842,0.001459,-0.000482,-0.000287,0.001578,0.002254,0.021553,-0.000847,0.003045,0.004719,-0.000857,-0.000537,-0.000836
0.001939,0.000044,0.003700,-0.000104,0.000123,-0.000013,0.002353,0.000774,-0.000261,0.000008,0.000059,0.000195,0.004896,-0.001243,0.001779,0.000212,0.001133,-0.001306,-0.000188,0.000093,0.000115,0.005337,0.000413,0.006600,0.002005,0.000339,0.002228,0.000481,0.004210,0.000423,-0.000407,-0.000030,0.002542,-0.000206,-0.000847,0.010701,-0.000018,-0.000208,0.006807,-0.000125,0.001247
0.000736,0.002953,0.000711,-0.000127,-0.000348,0.001622,-0.000903,-0.002498,-0.001050,0.003896,-0.000045,-0.002743,-0.001384,-0.001029,-0.001091,0.001035,0.006935,0.001996,0.000177,0.002129,0.001211,-0.003342,-0.000276,-0.000521,0.002142,-0.000441,-0.001213,-0.000300,-0.000719,0.004357,-0.001500,-0.000645,0.000307,-0.000208,0.003045,-0.000018,0.015018,0.000911,-0.000160,0.000028,0.002027
0.000507,0.000221,-0.000340,0.002927,0.002547,-0.000285,0.001297,-0.000758,-0.000145,0.000152,0.003676,0.000036,0.001077,-0.001127,0.001124,-0.000192,0.000755,0.000943,0.000858,0.002303,-0.000286,-0.000272,0.000086,-0.001458,0.000026,0.001092,0.001387,-0.000127,-0.000955,0.002159,0.000235,-0.000213,0.001774,0.005806,0.004719,-0.000208,0.000911,0.013347,0.000022,-0.000415,-0.000524
0.002722,0.000519,0.004252,0.000175,0.000513,0.000511,0.003448,0.002601,0.000166,0.001330,0.000603,-0.000304,0.006947,-0.000018,0.003252,0.001500,0.001690,-0.001780,-0.000291,0.000416,0.000366,0.005476,0.000178,0.007586,0.004802,0.000267,0.003871,0.000272,0.005029,0.001701,0.000893,-0.000105,0.003280,0.000619,-0.000857,0.006807,-0.000160,0.000022,0.011164,0.000087,0.001598
0.000236,-0.000046,-0.000204,-0.000050,-0.000166,-0.000062,0.000097,0.000401,0.000034,0.001246,-0.000177,-0.000612,0.000567,0.000725,0.000233,0.001289,0.000047,-0.000160,-0.000032,-0.000109,-0.000022,-0.000141,-0.000003,-0.000236,-0.000948,-0.000042,0.000421,0.000012,-0.000118,0.001070,0.000505,-0.000077,-0.000409,-0.000230,-0.000537,-0.000125,0.000028,-0.000415,0.000087,0.003704,-0.000119
0.000772,0.000492,0.002607,-0.000021,-0.000108,0.001277,0.000471,0.000368,-0.000124,-0.000321,-0.000187,-0.000553,0.001245,-0.000336,0.000585,-0.000194,0.001862,0.000603,0.000050,-0.000036,0.001070,0.000898,0.000007,0.001271,0.004979,-0.000072,0.000641,0.000084,0.000810,-0.000401,-0.000216,0.000079,0.001105,-0.000391,-0.000836,0.001247,0.002027,-0.000524,0.001598,-0.000119,0.002958
