0.078175,-0.000178,0.000223,-0.000932,0.000031,0.009883,-0.045222,0.000007,-0.000574,-0.000409,-0.001224
-0.000178,0.001040,-0.000022,0.000005,0.000002,-0.004604,-0.003251,-0.000001,0.000007,-0.000013,0.000051
0.000223,-0.000022,0.001658,-0.000444,0.000003,0.006142,0.010033,0.000001,-0.000004,0.000054,-0.000134
-0.000932,0.000005,-0.000444,1.744225,-0.000193,0.478577,0.274921,0.000077,-0.000755,-0.000606,-0.004476
0.000031,0.000002,0.000003,-0.000193,0.000048,0.000306,0.002272,0.000000,0.000001,-0.000005,-0.000131
0.009883,-0.004604,0.006142,0.478577,0.000306,30.167868,6.578042,0.000267,0.000692,-0.007427,-0.049325
-0.045222,-0.003251,0.010033,0.274921,0.002272,6.578042,190.542598,0.000602,-0.005254,0.035447,-0.206334
0.000007,-0.000001,0.000001,0.000077,0.000000,0.000267,0.000602,0.000001,0.000001,0.000001,-0.000025
-0.000574,0.000007,-0.000004,-0.000755,0.000001,0.000692,-0.005254,0.000001,0.001827,0.000017,-0.000249
-0.000409,-0.000013,0.000054,-0.000606,-0.000005,-0.007427,0.035447,0.000001,0.000017,0.001712,-0.000437
-0.001224,0.000051,-0.000134,-0.004476,-0.000131,-0.049325,-0.206334,-0.000025,-0.000249,-0.000437,0.153421
