0.014827,0.002910,0.003604,-0.000137,0.001458,0.004363,0.005974,0.007233,0.001941,0.004923,0.001559,-0.000782,0.010860,-0.002133,0.012425,0.005693,0.004218,-0.001461,-0.000889,0.001576,0.001897,0.003459,0.000728,-0.000329,0.005844,0.000402,0.013876,0.000349,0.000549,0.005431,-0.000457,0.002628,0.004408,0.001964,0.000384,0.003877,0.001586,0.000892,0.007224,0.000705,0.003069
0.002910,0.009613,0.000943,-0.000594,-0.000943,0.002442,-0.002806,-0.004289,0.001309,0.002981,-0.000699,-0.001546,0.000677,0.005466,0.001397,0.001471,0.005855,0.003332,-0.000314,0.001712,0.002402,-0.002761,-0.000737,-0.000134,0.000769,-0.000877,0.000437,0.000005,-0.000662,0.002366,-0.000556,-0.001624,-0.001069,-0.001826,0.000075,0.001093,0.007014,-0.000715,0.001241,-0.000342,0.002843
0.003604,0.000943,0.014009,0.000139,0.000005,0.000947,0.003171,0.001449,-0.001252,-0.001773,-0.000189,0.000406,0.007361,-0.002042,0.002692,-0.000706,0.005829,-0.002974,-0.000049,-0.000572,0.000978,0.006838,0.000442,0.006981,0.022569,-0.000303,0.003081,-0.000060,0.004725,-0.001150,-0.001237,0.002833,0.005759,-0.000821,-0.002343,0.005649,0.001370,-0.000813,0.007803,-0.000297,0.005402
-0.000137,-0.000594,0.000139,0.005010,0.001520,-0.000004,0.001038,-0.000639,0.000005,0.000024,0.001495,-0.000146,0.000364,-0.001060,0.000122,-0.000053,0.000255,0.000470,0.001276,0.000013,-0.000092,-0.000154,0.000046,-0.000391,0.001983,0.000920,-0.000072,-0.000043,-0.000246,0.001004,0.000286,-0.000181,0.001332,0.003404,0.001882,-0.000040,0.000322,0.003522,0.000157,0.000005,-0.000050
0.001458,-0.000943,0.000005,0.001520,0.003982,-0.000106,0.002302,0.001522,-0.000353,0.000446,0.003851,-0.000275,0.002328,-0.001327,0.001962,0.000407,0.000299,-0.000198,0.000006,0.001568,0.000013,0.000690,0.001424,-0.000566,0.001874,0.001640,0.002104,0.000059,-0.000220,0.002748,0.000269,-0.000138,0.002032,0.005713,0.002153,0.000487,-0.000062,0.006146,0.001234,-0.000085,-0.000074
0.004363,0.002442,0.000947,-0.000004,-0.000106,0.006343,0.000786,-0.000688,0.003074,0.000718,-0.000293,-0.000753,0.003015,-0.000161,0.003605,0.001469,0.003735,0.002942,-0.000087,-0.000355,0.003031,-0.001878,0.000126,-0.000475,0.000186,-0.000009,0.003419,0.000072,-0.000491,-0.000286,0.000254,0.001960,-0.000418,-0.000552,0.000105,0.000151,0.003052,-0.001069,0.001212,-0.000159,0.004022
0.005974,-0.002806,0.003171,0.001038,0.002302,0.000786,0.014393,0.011040,0.001321,0.001484,0.002228,-0.000310,0.008184,-0.006771,0.006519,0.003442,0.001064,-0.004572,-0.000201,0.002475,-0.000465,0.006344,0.001154,0.001782,0.010291,0.001349,0.007392,0.000241,0.002941,0.003157,-0.000629,-0.001100,0.011267,0.003987,0.001925,0.002722,-0.001333,0.002156,0.005569,0.000864,0.001025
0.007233,-0.004289,0.001449,-0.000639,0.001522,-0.000688,0.011040,0.023615,-0.002862,-0.003809,0.001156,0.000627,0.007606,-0.010055,0.007499,0.000645,-0.001900,-0.008801,-0.001136,0.000454,-0.000855,0.011821,0.001378,0.001353,0.013106,0.001249,0.010820,0.000617,0.003531,0.000070,-0.002343,0.000669,0.007646,0.001834,-0.006946,0.002385,-0.005800,-0.001860,0.005255,0.000892,0.000585
0.001941,0.001309,-0.001252,0.000005,-0.000353,0.003074,0.001321,-0.002862,0.006899,0.002505,-0.000567,0.000490,0.002002,0.003816,0.002264,0.003113,-0.002394,0.001157,-0.000229,-0.000688,0.000213,-0.001336,-0.000178,-0.000632,-0.004244,-0.000157,0.000903,-0.000019,-0.001023,-0.000046,0.002034,-0.000068,-0.001048,-0.000897,0.000018,-0.000278,-0.002259,-0.001867,0.000220,-0.000059,-0.000390
0.004923,0.002981,-0.001773,0.000024,0.000446,0.000718,0.001484,-0.003809,0.002505,0.021631,0.000752,-0.004839,0.006997,0.008702,0.006173,0.013814,0.004325,0.001304,-0.000475,0.004220,-0.000648,-0.006627,-0.000195,-0.002625,-0.006924,-0.000953,0.004316,0.000076,-0.001885,0.017853,0.006555,-0.000362,0.001650,0.000690,0.004718,-0.000284,0.007176,0.000446,0.002369,0.001692,-0.001447
0.001559,-0.000699,-0.000189,0.001495,0.003851,-0.000293,0.002228,0.001156,-0.000567,0.000752,0.004995,-0.000206,0.002435,-0.001469,0.002108,0.000521,0.000372,0.000030,0.000022,0.001887,-0.000069,0.000580,0.001412,-0.000758,0.001911,0.001807,0.002266,0.000075,-0.000393,0.002827,0.000162,-0.000280,0.002159,0.006390,0.002168,0.000452,-0.000064,0.007808,0.001272,-0.000091,-0.000210
-0.000782,-0.001546,0.000406,-0.000146,-0.000275,-0.000753,-0.000310,0.000627,0.000490,-0.004839,-0.000206,0.005349,-0.001514,-0.001680,-0.000980,-0.002606,-0.003175,-0.000976,0.000031,0.000094,-0.000258,0.002247,0.000089,-0.000019,0.000772,0.000118,-0.000542,0.000097,0.000187,-0.005111,-0.001131,0.000681,0.000118,-0.000144,-0.002771,-0.000011,-0.004279,-0.000468,-0.000627,-0.000793,-0.000652
0.010860,0.000677,0.007361,0.000364,0.002328,0.003015,0.008184,0.007606,0.002002,0.006997,0.002435,-0.001514,0.018747,0.004323,0.012372,0.007092,0.003197,-0.003129,-0.000843,0.001265,0.001211,0.006960,0.001070,0.007971,0.009008,0.000909,0.011596,0.000395,0.005539,0.007666,0.007177,0.001627,0.006872,0.003206,-0.001634,0.008110,-0.002066,0.001761,0.013435,0.001211,0.004019
-0.002133,0.005466,-0.002042,-0.001060,-0.001327,-0.000161,-0.006771,-0.010055,0.003816,0.008702,-0.001469,-0.001680,0.004323,0.028994,0.001037,0.004192,-0.002818,0.003808,-0.000564,-0.000651,-0.000109,-0.006590,-0.001142,-0.001979,-0.008466,-0.001455,-0.003469,0.000260,-0.001866,0.005511,0.014985,-0.001363,-0.004931,-0.003188,-0.000156,-0.001246,-0.001548,-0.002488,-0.000286,0.000908,-0.000999
0.012425,0.001397,0.002692,0.000122,0.001962,0.003605,0.006519,0.007499,0.002264,0.006173,0.002108,-0.000980,0.012372,0.001037,0.012432,0.006293,0.002250,-0.001728,-0.000928,0.001374,0.001291,0.003211,0.000905,-0.000696,0.003929,0.000756,0.012769,0.000459,0.000698,0.006469,0.003513,0.002101,0.004613,0.003039,0.000234,0.002949,-0.000878,0.001745,0.006999,0.000833,0.002290
0.005693,0.001471,-0.000706,-0.000053,0.000407,0.001469,0.003442,0.000645,0.003113,0.013814,0.000521,-0.002606,0.007092,0.004192,0.006293,0.012461,0.001565,-0.000408,-0.000323,0.002546,-0.000476,-0.001887,0.000079,-0.000990,-0.003887,-0.000462,0.005406,0.000129,-0.000563,0.012413,0.003864,0.000250,0.002337,0.000068,0.001438,0.000728,0.002339,-0.000205,0.003171,0.001887,-0.000857
0.004218,0.005855,0.005829,0.000255,0.000299,0.003735,0.001064,-0.001900,-0.002394,0.004325,0.000372,-0.003175,0.003197,-0.002818,0.002250,0.001565,0.015869,0.003596,0.000059,0.003889,0.004488,-0.002397,-0.000053,0.001236,0.011291,-0.000402,0.002740,0.000021,0.000468,0.006142,-0.002925,0.000478,0.003669,0.000481,0.001610,0.002195,0.015301,0.001419,0.003671,0.000110,0.006622
-0.001461,0.003332,-0.002974,0.000470,-0.000198,0.002942,-0.004572,-0.008801,0.001157,0.001304,0.000030,-0.000976,-0.003129,0.003808,-0.001728,-0.000408,0.003596,0.006754,0.000534,0.000436,0.002819,-0.007939,-0.000519,-0.003105,-0.007115,-0.000274,-0.002846,-0.000149,-0.002749,0.000316,0.001072,-0.000257,-0.003593,0.000244,0.003342,-0.002425,0.005566,0.001833,-0.003419,-0.000340,0.001909
-0.000889,-0.000314,-0.000049,0.001276,0.000006,-0.000087,-0.000201,-0.001136,-0.000229,-0.000475,0.000022,0.000031,-0.000843,-0.000564,-0.000928,-0.000323,0.000059,0.000534,0.001963,-0.000101,-0.000033,-0.000631,-0.000025,-0.000141,0.000107,-0.000038,-0.000996,-0.000096,-0.000089,-0.000288,-0.000237,-0.000065,-0.000053,0.000243,0.001152,-0.000303,0.000419,0.000737,-0.000576,-0.000038,-0.000045
0.001576,0.001712,-0.000572,0.000013,0.001568,-0.000355,0.002475,0.000454,-0.000688,0.004220,0.001887,0.000094,0.001265,-0.000651,0.001374,0.002546,0.003889,0.000436,-0.000101,0.012543,0.000227,-0.000526,-0.000038,-0.000907,0.003474,0.000047,0.001924,0.000064,-0.000571,0.009281,-0.001057,-0.000420,0.003888,0.004150,-0.000929,0.000309,0.004525,0.004052,0.001057,-0.000134,-0.000119
0.001897,0.002402,0.000978,-0.000092,0.000013,0.003031,-0.000465,-0.000855,0.000213,-0.000648,-0.000069,-0.000258,0.001211,-0.000109,0.001291,-0.000476,0.004488,0.002819,-0.000033,0.000227,0.004474,-0.001602,-0.000063,-0.000297,0.001032,-0.000081,0.001128,0.000026,-0.000187,-0.000424,-0.000093,0.000082,-0.000319,-0.000105,-0.000834,0.000232,0.003869,-0.000323,0.000659,-0.000080,0.003417
0.003459,-0.002761,0.006838,-0.000154,0.000690,-0.001878,0.006344,0.011821,-0.001336,-0.006627,0.000580,0.002247,0.006960,-0.006590,0.003211,-0.001887,-0.002397,-0.007939,-0.000631,-0.000526,-0.001602,0.014823,0.000782,0.007883,0.013120,0.000839,0.004755,0.000365,0.005220,-0.003037,-0.002566,0.000551,0.005209,0.000527,-0.006599,0.006939,-0.007338,-0.000743,0.008658,-0.000016,0.000534
0.000728,-0.000737,0.000442,0.000046,0.001424,0.000126,0.001154,0.001378,-0.000178,-0.000195,0.001412,0.000089,0.001070,-0.001142,0.000905,0.000079,-0.000053,-0.000519,-0.000025,-0.000038,-0.000063,0.000782,0.001427,-0.000031,0.001650,0.000977,0.001148,0.000026,0.000097,0.000006,-0.000221,0.000491,0.000345,0.001374,-0.000309,0.000458,-0.000476,0.001338,0.000697,0.000037,0.000112
-0.000329,-0.000134,0.006981,-0.000391,-0.000566,-0.000475,0.001782,0.001353,-0.000632,-0.002625,-0.000758,-0.000019,0.007971,-0.001979,-0.000696,-0.000990,0.001236,-0.003105,-0.000141,-0.000907,-0.000297,0.007883,-0.000031,0.034353,-0.001017,-0.000344,-0.000598,-0.000106,0.021630,-0.002094,-0.001502,-0.000422,0.002825,-0.001694,-0.002067,0.012873,-0.001851,-0.002191,0.013590,-0.000340,0.003061
0.005844,0.000769,0.022569,0.001983,0.001874,0.000186,0.010291,0.013106,-0.004244,-0.006924,0.001911,0.000772,0.009008,-0.008466,0.003929,-0.003887,0.011291,-0.007115,0.000107,0.003474,0.001032,0.013120,0.001650,-0.001017,0.120312,-0.000032,0.006842,-0.000209,-0.000494,-0.003256,-0.006300,0.003304,0.016758,0.001904,-0.005456,0.004796,0.004063,0.000860,0.008781,-0.000676,0.009618
0.000402,-0.000877,-0.000303,0.000920,0.001640,-0.000009,0.001349,0.001249,-0.000157,-0.000953,0.001807,0.000118,0.000909,-0.001455,0.000756,-0.000462,-0.000402,-0.000274,-0.000038,0.000047,-0.000081,0.000839,0.000977,-0.000344,-0.000032,0.003718,0.000854,0.000088,-0.000217,-0.000593,0.000168,-0.000104,0.000873,0.003005,0.000555,0.000199,-0.000887,0.002424,0.000474,0.000018,-0.000182
0.013876,0.000437,0.003081,-0.000072,0.002104,0.003419,0.007392,0.010820,0.000903,0.004316,0.002266,-0.000542,0.011596,-0.003469,0.012769,0.005406,0.002740,-0.002846,-0.000996,0.001924,0.001128,0.004755,0.001148,-0.000598,0.006842,0.000854,0.015197,0.000477,0.001109,0.005542,-0.000108,0.003279,0.005338,0.003276,-0.000330,0.003309,-0.001017,0.001951,0.007085,0.000895,0.002550
0.000349,0.000005,-0.000060,-0.000043,0.000059,0.000072,0.000241,0.000617,-0.000019,0.000076,0.000075,0.000097,0.000395,0.000260,0.000459,0.000129,0.000021,-0.000149,-0.000096,0.000064,0.000026,0.000365,0.000026,-0.000106,-0.000209,0.000088,0.000477,0.005677,-0.000022,0.000222,0.000127,0.000047,0.000189,0.000133,-0.000469,0.000218,-0.000410,-0.000056,0.000274,0.000025,0.000013
0.000549,-0.000662,0.004725,-0.000246,-0.000220,-0.000491,0.002941,0.003531,-0.001023,-0.001885,-0.000393,0.000187,0.005539,-0.001866,0.000698,-0.000563,0.000468,-0.002749,-0.000089,-0.000571,-0.000187,0.005220,0.000097,0.021630,-0.000494,-0.000217,0.001109,-0.000022,0.021925,-0.001300,-0.000777,-0.000204,0.003733,-0.000942,-0.001385,0.008079,-0.001775,-0.001404,0.008542,-0.000214,0.002104
0.005431,0.002366,-0.001150,0.001004,0.002748,-0.000286,0.003157,0.000070,-0.000046,0.017853,0.002827,-0.005111,0.007666,0.005511,0.006469,0.012413,0.006142,0.000316,-0.000288,0.009281,-0.000424,-0.003037,0.000006,-0.002094,-0.003256,-0.000593,0.005542,0.000222,-0.001300,0.027439,0.004607,0.000146,0.003647,0.005527,0.001568,0.001215,0.008936,0.005460,0.004173,0.002039,-0.001056
-0.000457,-0.000556,-0.001237,0.000286,0.000269,0.000254,-0.000629,-0.002343,0.002034,0.006555,0.000162,-0.001131,0.007177,0.014985,0.003513,0.003864,-0.002925,0.001072,-0.000237,-0.001057,-0.000093,-0.002566,-0.000221,-0.001502,-0.006300,0.000168,-0.000108,0.000127,-0.000777,0.004607,0.014363,-0.000693,-0.000760,0.000407,0.000059,-0.000936,-0.003708,-0.000379,0.001452,0.000680,-0.000581
0.002628,-0.001624,0.002833,-0.000181,-0.000138,0.001960,-0.001100,0.000669,-0.000068,-0.000362,-0.000280,0.000681,0.001627,-0.001363,0.002101,0.000250,0.000478,-0.000257,-0.000065,-0.000420,0.000082,0.000551,0.000491,-0.000422,0.003304,-0.000104,0.003279,0.000047,-0.000204,0.000146,-0.000693,0.006696,-0.000943,-0.000492,-0.001017,0.000158,-0.000539,-0.000839,0.000689,-0.000075,0.001446
0.004408,-0.001069,0.005759,0.001332,0.002032,-0.000418,0.011267,0.007646,-0.001048,0.001650,0.002159,0.000118,0.006872,-0.004931,0.004613,0.002337,0.003669,-0.003593,-0.000053,0.003888,-0.000319,0.005209,0.000345,0.002825,0.016758,0.000873,0.005338,0.000189,0.003733,0.003647,-0.000760,-0.000943,0.014173,0.004770,0.003093,0.003030,0.001185,0.003207,0.005463,-0.000054,0.002186
0.001964,-0.001826,-0.000821,0.003404,0.005713,-0.000552,0.003987,0.001834,-0.000897,0.000690,0.006390,-0.000144,0.003206,-0.003188,0.003039,0.000068,0.000481,0.000244,0.000243,0.004150,-0.000105,0.000527,0.001374,-0.001694,0.001904,0.003005,0.003276,0.000133,-0.000942,0.005527,0.000407,-0.000492,0.004770,0.014076,0.005461,0.000067,-0.000052,0.012419,0.001316,-0.000157,-0.000498
0.000384,0.000075,-0.002343,0.001882,0.002153,0.000105,0.001925,-0.006946,0.000018,0.004718,0.002168,-0.002771,-0.001634,-0.000156,0.000234,0.001438,0.001610,0.003342,0.001152,-0.000929,-0.000834,-0.006599,-0.000309,-0.002067,-0.005456,0.000555,-0.000330,-0.000469,-0.001385,0.001568,0.000059,-0.001017,0.003093,0.005461,0.032306,-0.001651,0.006339,0.009886,-0.002078,-0.001220,-0.001615
0.003877,0.001093,0.005649,-0.000040,0.000487,0.000151,0.002722,0.002385,-0.000278,-0.000284,0.000452,-0.000011,0.008110,-0.001246,0.002949,0.000728,0.002195,-0.002425,-0.000303,0.000309,0.000232,0.006939,0.000458,0.012873,0.004796,0.000199,0.003309,0.000218,0.008079,0.001215,-0.000936,0.000158,0.003030,0.000067,-0.001651,0.011298,-0.000192,-0.000121,0.011594,-0.000019,0.002092
0.001586,0.007014,0.001370,0.000322,-0.000062,0.003052,-0.001333,-0.005800,-0.002259,0.007176,-0.000064,-0.004279,-0.002066,-0.001548,-0.000878,0.002339,0.015301,0.005566,0.000419,0.004525,0.003869,-0.007338,-0.000476,-0.001851,0.004063,-0.000887,-0.001017,-0.000410,-0.001775,0.008936,-0.003708,-0.000539,0.001185,-0.000052,0.006339,-0.000192,0.020319,0.001581,-0.000248,-0.000060,0.004439
0.000892,-0.000715,-0.000813,0.003522,0.006146,-0.001069,0.002156,-0.001860,-0.001867,0.000446,0.007808,-0.000468,0.001761,-0.002488,0.001745,-0.000205,0.001419,0.001833,0.000737,0.004052,-0.000323,-0.000743,0.001338,-0.002191,0.000860,0.002424,0.001951,-0.000056,-0.001404,0.005460,-0.000379,-0.000839,0.003207,0.012419,0.009886,-0.000121,0.001581,0.017685,0.000663,-0.000397,-0.000846
0.007224,0.001241,0.007803,0.000157,0.001234,0.001212,0.005569,0.005255,0.000220,0.002369,0.001272,-0.000627,0.013435,-0.000286,0.006999,0.003171,0.003671,-0.003419,-0.000576,0.001057,0.000659,0.008658,0.000697,0.013590,0.008781,0.000474,0.007085,0.000274,0.008542,0.004173,0.001452,0.000689,0.005463,0.001316,-0.002078,0.011594,-0.000248,0.000663,0.014246,0.000397,0.003409
0.000705,-0.000342,-0.000297,0.000005,-0.000085,-0.000159,0.000864,0.000892,-0.000059,0.001692,-0.000091,-0.000793,0.001211,0.000908,0.000833,0.001887,0.000110,-0.000340,-0.000038,-0.000134,-0.000080,-0.000016,0.000037,-0.000340,-0.000676,0.000018,0.000895,0.000025,-0.000214,0.002039,0.000680,-0.000075,-0.000054,-0.000157,-0.001220,-0.000019,-0.000060,-0.000397,0.000397,0.004444,-0.000130
0.003069,0.002843,0.005402,-0.000050,-0.000074,0.004022,0.001025,0.000585,-0.000390,-0.001447,-0.000210,-0.000652,0.004019,-0.000999,0.002290,-0.000857,0.006622,0.001909,-0.000045,-0.000119,0.003417,0.000534,0.000112,0.003061,0.009618,-0.000182,0.002550,0.000013,0.002104,-0.001056,-0.000581,0.001446,0.002186,-0.000498,-0.001615,0.002092,0.004439,-0.000846,0.003409,-0.000130,0.006099
