4.845676,-0.205955,0.096131,0.012197,-0.073801,-0.035879,0.130342,-0.464832,0.082944,0.057663,0.010892,-0.095914,-0.204642,-0.014520,0.117234,-0.021153,0.032404,-0.052963,-0.005722,-0.002149,-0.003111,0.037688,0.076982,-0.004239,-0.000253,-0.004238,0.070711,-0.006252,-0.002629,-0.080085,-0.103032,-0.000788,0.140049,0.138973,-0.024591,0.018372,-0.154662,-0.071008,-0.053737,-0.015258,-0.090716
-0.205955,2.070477,-0.022533,-0.005198,0.030729,-0.026664,0.023380,-0.175401,0.032541,0.138719,-0.069772,0.025895,0.096660,0.062053,0.007278,0.059329,-0.005811,0.020610,-0.003493,0.023084,-0.006986,0.031407,-0.051447,-0.006140,-0.024480,-0.004021,-0.010476,0.005081,-0.001482,-0.007814,-0.081825,-0.006096,-0.026466,-0.007283,-0.034863,0.041628,-0.000599,0.000044,0.331115,-0.002656,0.099363
0.096131,-0.022533,0.712759,-0.001184,0.028242,0.016438,0.137963,0.099926,-0.027944,-0.015713,-0.044745,-0.026101,-0.017606,-0.018157,0.248271,0.013606,0.002385,-0.021126,-0.000834,-0.001811,-0.001669,0.003031,-0.018923,0.010690,0.031926,-0.001669,0.061909,0.001966,0.014441,-0.389921,-0.047819,0.026934,0.235864,-0.009118,-0.005211,0.032260,-0.006707,-0.005126,0.144196,-0.002225,0.114520
0.012197,-0.005198,-0.001184,0.017010,-0.003754,-0.000782,-0.006117,-0.131093,0.002279,0.010330,0.006330,0.000866,-0.005634,0.004640,-0.008800,-0.001444,0.004610,-0.000634,-0.000047,0.001069,-0.000094,0.002175,0.013917,-0.000141,0.000740,-0.000094,0.004059,-0.000080,-0.000078,0.011699,0.002023,-0.000266,0.009986,-0.002607,0.006122,-0.010728,0.007122,0.013391,-0.019384,-0.000125,-0.000699
-0.073801,0.030729,0.028242,-0.003754,1.717824,-0.010304,0.474095,0.391908,-0.008275,0.118911,0.808212,0.005442,-0.023123,-0.048338,-0.238482,-0.151095,0.018030,0.027922,0.002706,0.009157,-0.002503,0.042125,0.188633,0.000203,-0.004881,0.000136,0.054669,0.000058,0.001872,0.248288,0.176943,-0.001815,0.021343,0.178935,0.101682,-0.026091,0.026886,0.045741,-0.145927,-0.003337,-0.010278
-0.035879,-0.026664,0.016438,-0.000782,-0.010304,0.198821,-0.026065,0.125397,0.041976,-0.014145,-0.012911,-0.006797,-0.016923,0.022572,-0.025050,-0.004653,-0.000857,0.000940,-0.000261,-0.001391,0.004756,-0.009395,0.045950,0.000537,-0.000577,-0.000521,-0.013309,0.000182,-0.000435,-0.100662,-0.021500,0.019631,-0.017816,0.008529,-0.001464,0.025048,-0.013799,0.006231,0.003311,-0.000695,0.016493
0.130342,0.023380,0.137963,-0.006117,0.474095,-0.026065,2.118174,0.593903,-0.037179,0.128488,0.389062,0.009356,-0.003300,-0.093903,0.435446,0.042056,-0.025854,0.009252,-0.002039,0.006276,0.001199,0.087539,0.136004,0.007076,0.040817,0.003838,0.016884,-0.000384,0.017710,0.489442,0.146675,-0.011554,0.161470,0.185616,0.052091,-0.103295,0.037010,0.049652,0.537815,-0.005437,-0.004557
-0.464832,-0.175401,0.099926,-0.131093,0.391908,0.125397,0.593903,298.153372,0.688510,-0.011432,0.265220,0.336531,-0.662370,-0.459014,1.555620,-2.640010,-0.443754,-0.151839,-0.043698,0.020639,-0.087396,0.390861,-0.121799,-0.031225,-0.016248,-0.029480,-0.384082,0.029109,-0.072830,-2.178903,-0.248358,0.272960,0.052243,-0.178212,-0.335032,1.928587,0.143136,0.342754,-2.018401,-0.016000,-0.621221
0.082944,0.032541,-0.027944,0.002279,-0.008275,0.041976,-0.037179,0.688510,0.970497,0.013792,-0.041137,0.022638,0.024956,0.018819,-0.032764,0.043656,0.011995,0.007664,-0.001439,0.017390,-0.002878,-0.019590,-0.026145,-0.002998,-0.005877,0.001079,0.026615,0.000967,-0.001079,0.007261,0.039707,0.001079,-0.042936,-0.033341,-0.028184,-0.062097,0.050053,-0.006237,-0.099674,0.006716,-0.010434
0.057663,0.138719,-0.015713,0.010330,0.118911,-0.014145,0.128488,-0.011432,0.013792,1.664306,0.051321,-0.036083,0.203895,0.035945,0.205713,0.450402,-0.028280,-0.007261,0.003004,0.023495,-0.003228,0.003981,0.081580,-0.005501,0.003622,0.002049,0.059626,0.002640,-0.002470,1.915556,0.002113,-0.010245,-0.003641,0.060443,0.097212,0.097949,-0.013452,0.016342,0.092158,0.004491,-0.042352
0.010892,-0.069772,-0.044745,0.006330,0.808212,-0.012911,0.389062,0.265220,-0.041137,0.051321,3.076455,0.012543,0.032884,-0.038709,0.003536,0.275929,0.006972,0.021279,0.009146,0.012280,-0.002816,-0.001856,0.027021,0.002373,0.014298,-0.002816,-0.099037,-0.001086,0.004250,0.613366,0.192748,-0.002701,0.040996,0.106480,0.060962,0.108680,0.025197,0.099612,-0.253746,-0.003754,-0.018324
-0.095914,0.025895,-0.026101,0.000866,0.005442,-0.006797,0.009356,0.336531,0.022638,-0.036083,0.012543,0.189020,0.039456,-0.010522,-0.022362,-0.072205,0.005225,0.008261,0.000289,0.001539,-0.005514,0.014122,0.012496,0.000012,0.001231,0.000577,-0.008031,-0.000367,-0.000373,-0.377568,0.012919,-0.015157,0.017485,0.007191,-0.024263,0.019003,0.003444,0.000349,0.017675,0.000770,0.009637
-0.204642,0.096660,-0.017606,-0.005634,-0.023123,-0.016923,-0.003300,-0.662370,0.024956,0.203895,0.032884,0.039456,2.552985,0.010821,0.201428,0.044362,-0.007645,0.034409,0.004802,-0.012169,-0.002393,0.047050,-0.026641,0.003604,-0.016585,0.007105,-0.039707,0.007306,-0.000079,0.360360,-0.174443,0.006782,-0.042546,0.035177,-0.059756,0.034852,-0.035975,-0.003377,-0.389051,0.019714,0.046550
-0.014520,0.062053,-0.018157,0.004640,-0.048338,0.022572,-0.093903,-0.459014,0.018819,0.035945,-0.038709,-0.010522,0.010821,0.527064,0.301316,-0.002794,0.002746,0.017893,0.004431,0.001613,-0.003021,-0.010247,-0.050424,0.000612,-0.002034,-0.001691,-0.030125,0.000736,-0.001678,0.042716,0.041341,0.004916,-0.019814,-0.008445,-0.034554,0.055474,0.005773,-0.012871,-0.104321,-0.004028,0.047550
0.117234,0.007278,0.248271,-0.008800,-0.238482,-0.025050,0.435446,1.555620,-0.032764,0.205713,0.003536,-0.022362,0.201428,0.301316,21.239333,-0.144211,0.027307,0.008638,0.001383,-0.010239,0.003793,0.189918,0.308512,-0.011480,-0.001818,0.033993,0.104933,-0.012099,-0.019937,0.592245,-0.022368,0.045695,0.061780,0.018706,-0.121549,-0.205627,-0.212414,0.241404,0.310880,-0.031900,0.207063
-0.021153,0.059329,0.013606,-0.001444,-0.151095,-0.004653,0.042056,-2.640010,0.043656,0.450402,0.275929,-0.072205,0.044362,-0.002794,-0.144211,7.371920,0.033708,0.024092,-0.003999,0.020886,-0.005360,-0.098921,0.113368,-0.009360,0.011359,-0.007999,-0.043464,-0.000619,-0.001389,0.738210,0.166855,-0.017387,0.237255,-0.189506,0.118605,0.049175,0.141862,0.028174,0.365167,0.015720,-0.051926
0.032404,-0.005811,0.002385,0.004610,0.018030,-0.000857,-0.025854,-0.443754,0.011995,-0.028280,0.006972,0.005225,-0.007645,0.002746,0.027307,0.033708,0.213616,0.006194,0.000210,-0.003548,0.002179,-0.015045,0.036904,0.003102,-0.000793,-0.001052,0.037032,-0.001024,0.000756,-0.181014,0.001209,-0.006673,0.012084,-0.005641,-0.000915,-0.023566,0.011159,-0.022529,-0.052232,-0.003140,0.005192
-0.052963,0.020610,-0.021126,-0.000634,0.027922,0.000940,0.009252,-0.151839,0.007664,-0.007261,0.021279,0.008261,0.034409,0.017893,0.008638,0.024092,0.006194,0.262079,0.000214,0.003702,0.001835,-0.014442,-0.030473,0.000560,-0.002383,-0.001081,0.037986,0.002095,-0.002127,0.256963,0.016407,0.001653,-0.008867,-0.020278,0.020911,0.001143,0.008088,0.008191,0.022676,0.002530,0.008533
-0.005722,-0.003493,-0.000834,-0.000047,0.002706,-0.000261,-0.002039,-0.043698,-0.001439,0.003004,0.009146,0.000289,0.004802,0.004431,0.001383,-0.003999,0.000210,0.000214,0.006581,-0.000083,-0.000031,-0.001417,-0.000198,-0.000047,0.001126,-0.000031,0.005808,-0.000013,-0.000026,0.046181,-0.002963,-0.000089,-0.001069,-0.001309,-0.001038,-0.004756,-0.003013,-0.000813,-0.010041,-0.000042,-0.000673
-0.002149,0.023084,-0.001811,0.001069,0.009157,-0.001391,0.006276,0.020639,0.017390,0.023495,0.012280,0.001539,-0.012169,0.001613,-0.010239,0.020886,-0.003548,0.003702,-0.000083,0.033856,-0.000167,-0.002632,0.001142,-0.000250,0.001610,-0.000167,0.014355,-0.000013,-0.000139,0.278603,-0.015801,-0.000473,0.011449,-0.001703,-0.001577,-0.025367,0.000613,0.002258,-0.018961,-0.000222,0.001689
-0.003111,-0.006986,-0.001669,-0.000094,-0.002503,0.004756,0.001199,-0.087396,-0.002878,-0.003228,-0.002816,-0.005514,-0.002393,-0.003021,0.003793,-0.005360,0.002179,0.001835,-0.000031,-0.000167,0.013130,-0.000074,-0.000396,-0.000094,-0.000386,-0.000063,0.004300,-0.000232,-0.000052,-0.019137,-0.005925,-0.000177,0.000501,-0.002618,-0.000756,0.000537,0.014589,-0.001627,0.002803,-0.000083,0.005251
0.037688,0.031407,0.003031,0.002175,0.042125,-0.009395,0.087539,0.390861,-0.019590,0.003981,-0.001856,0.014122,0.047050,-0.010247,0.189918,-0.098921,-0.015045,-0.014442,-0.001417,-0.002632,-0.000074,0.318926,0.002191,0.001367,-0.000217,0.002315,-0.013400,-0.000602,0.005252,-0.057512,-0.009159,0.003625,0.001081,0.028158,0.008980,0.001045,-0.019448,0.014754,0.034075,-0.000573,-0.005187
0.076982,-0.051447,-0.018923,0.013917,0.188633,0.045950,0.136004,-0.121799,-0.026145,0.081580,0.027021,0.012496,-0.026641,-0.050424,0.308512,0.113368,0.036904,-0.030473,-0.000198,0.001142,-0.000396,0.002191,1.226162,-0.001914,0.010309,0.032585,-0.040684,-0.000378,0.002748,0.109694,0.002203,-0.005960,0.065176,0.082806,0.053699,0.055207,-0.082859,0.091279,-0.175757,0.001231,-0.012478
-0.004239,-0.006140,0.010690,-0.000141,0.000203,0.000537,0.007076,-0.031225,-0.002998,-0.005501,0.002373,0.000012,0.003604,0.000612,-0.011480,-0.009360,0.003102,0.000560,-0.000047,-0.000250,-0.000094,0.001367,-0.001914,0.011733,-0.000579,-0.000094,0.001075,-0.000063,0.003880,-0.015304,-0.004326,-0.000266,0.002070,0.001351,-0.001794,0.004187,-0.000321,-0.002440,0.036465,-0.000125,0.005898
-0.000253,-0.024480,0.031926,0.000740,-0.004881,-0.000577,0.040817,-0.016248,-0.005877,0.003622,0.014298,0.001231,-0.016585,-0.002034,-0.001818,0.011359,-0.000793,-0.002383,0.001126,0.001610,-0.000386,-0.000217,0.010309,-0.000579,0.046433,-0.000386,0.000238,0.000146,-0.000322,-0.006986,-0.017792,-0.001093,0.039587,-0.009546,-0.002244,-0.004919,0.000740,-0.004756,-0.036718,-0.000514,0.039197
-0.004238,-0.004021,-0.001669,-0.000094,0.000136,-0.000521,0.003838,-0.029480,0.001079,0.002049,-0.002816,0.000577,0.007105,-0.001691,0.033993,-0.007999,-0.001052,-0.001081,-0.000031,-0.000167,-0.000063,0.002315,0.032585,-0.000094,-0.000386,0.015769,-0.005326,-0.000005,-0.000052,-0.019137,0.009027,-0.000177,0.003139,0.015852,0.005840,-0.004175,-0.002461,0.018162,0.042266,-0.000083,-0.001345
0.070711,-0.010476,0.061909,0.004059,0.054669,-0.013309,0.016884,-0.384082,0.026615,0.059626,-0.099037,-0.008031,-0.039707,-0.030125,0.104933,-0.043464,0.037032,0.037986,0.005808,0.014355,0.004300,-0.013400,-0.040684,0.001075,0.000238,-0.005326,1.055299,0.003804,0.002112,0.391574,-0.105742,-0.012042,0.047712,0.043112,0.017658,-0.114587,-0.017297,-0.017070,-0.091650,-0.007101,-0.000704
-0.006252,0.005081,0.001966,-0.000080,0.000058,0.000182,-0.000384,0.029109,0.000967,0.002640,-0.001086,-0.000367,0.007306,0.000736,-0.012099,-0.000619,-0.001024,0.002095,-0.000013,-0.000013,-0.000232,-0.000602,-0.000378,-0.000063,0.000146,-0.000005,0.003804,0.007243,-0.000004,-0.006962,0.001338,-0.000020,-0.000263,0.000511,-0.003279,0.007728,-0.002727,-0.000555,0.011636,-0.000004,0.001524
-0.002629,-0.001482,0.014441,-0.000078,0.001872,-0.000435,0.017710,-0.072830,-0.001079,-0.002470,0.004250,-0.000373,-0.000079,-0.001678,-0.019937,-0.001389,0.000756,-0.002127,-0.000026,-0.000139,-0.000052,0.005252,0.002748,0.003880,-0.000322,-0.000052,0.002112,-0.000004,0.006553,-0.015947,-0.000376,-0.000148,0.000857,0.003096,-0.000410,-0.007927,-0.005022,-0.001356,0.016047,-0.000070,0.000198
-0.080085,-0.007814,-0.389921,0.011699,0.248288,-0.100662,0.489442,-2.178903,0.007261,1.915556,0.613366,-0.377568,0.360360,0.042716,0.592245,0.738210,-0.181014,0.256963,0.046181,0.278603,-0.019137,-0.057512,0.109694,-0.015304,-0.006986,-0.019137,0.391574,-0.006962,-0.015947,48.144980,0.503140,-0.054221,0.047984,0.177425,0.194612,0.033314,-0.124529,0.079115,-1.436809,0.101432,-0.236335
-0.103032,-0.081825,-0.047819,0.002023,0.176943,-0.021500,0.146675,-0.248358,0.039707,0.002113,0.192748,0.012919,-0.174443,0.041341,-0.022368,0.166855,0.001209,0.016407,-0.002963,-0.015801,-0.005925,-0.009159,0.002203,-0.004326,-0.017792,0.009027,-0.105742,0.001338,-0.000376,0.503140,2.230574,-0.008615,0.022265,0.050773,-0.032506,-0.021649,0.053866,0.077036,-0.152254,-0.007901,-0.077644
-0.000788,-0.006096,0.026934,-0.000266,-0.001815,0.019631,-0.011554,0.272960,0.001079,-0.010245,-0.002701,-0.015157,0.006782,0.004916,0.045695,-0.017387,-0.006673,0.001653,-0.000089,-0.000473,-0.000177,0.003625,-0.005960,-0.000266,-0.001093,-0.000177,-0.012042,-0.000020,-0.000148,-0.054221,-0.008615,0.064141,-0.006057,0.000499,0.004674,0.016926,0.013868,-0.004610,-0.003014,-0.000236,0.006742
0.140049,-0.026466,0.235864,0.009986,0.021343,-0.017816,0.161470,0.052243,-0.042936,-0.003641,0.040996,0.017485,-0.042546,-0.019814,0.061780,0.237255,0.012084,-0.008867,-0.001069,0.011449,0.000501,0.001081,0.065176,0.002070,0.039587,0.003139,0.047712,-0.000263,0.000857,0.047984,0.022265,-0.006057,0.825371,0.060959,0.059699,-0.034335,-0.024753,0.005100,0.076782,-0.002851,0.035829
0.138973,-0.007283,-0.009118,-0.002607,0.178935,0.008529,0.185616,-0.178212,-0.033341,0.060443,0.106480,0.007191,0.035177,-0.008445,0.018706,-0.189506,-0.005641,-0.020278,-0.001309,-0.001703,-0.002618,0.028158,0.082806,0.001351,-0.009546,0.015852,0.043112,0.000511,0.003096,0.177425,0.050773,0.000499,0.060959,1.263845,0.050384,0.134321,-0.021461,0.199751,0.235194,-0.003490,-0.010106
-0.024591,-0.034863,-0.005211,0.006122,0.101682,-0.001464,0.052091,-0.335032,-0.028184,0.097212,0.060962,-0.024263,-0.059756,-0.034554,-0.121549,0.118605,-0.000915,0.020911,-0.001038,-0.001577,-0.000756,0.008980,0.053699,-0.001794,-0.002244,0.005840,0.017658,-0.003279,-0.000410,0.194612,-0.032506,0.004674,0.059699,0.050384,0.584202,-0.024147,-0.013564,0.050262,0.179331,-0.002767,-0.030108
0.018372,0.041628,0.032260,-0.010728,-0.026091,0.025048,-0.103295,1.928587,-0.062097,0.097949,0.108680,0.019003,0.034852,0.055474,-0.205627,0.049175,-0.023566,0.001143,-0.004756,-0.025367,0.000537,0.001045,0.055207,0.004187,-0.004919,-0.004175,-0.114587,0.007728,-0.007927,0.033314,-0.021649,0.016926,-0.034335,0.134321,-0.024147,3.664876,0.028490,-0.053069,-0.020859,0.007340,-0.045185
-0.154662,-0.000599,-0.006707,0.007122,0.026886,-0.013799,0.037010,0.143136,0.050053,-0.013452,0.025197,0.003444,-0.035975,0.005773,-0.212414,0.141862,0.011159,0.008088,-0.003013,0.000613,0.014589,-0.019448,-0.082859,-0.000321,0.000740,-0.002461,-0.017297,-0.002727,-0.005022,-0.124529,0.053866,0.013868,-0.024753,-0.021461,-0.013564,0.028490,1.440404,0.038255,0.275046,0.005158,-0.052190
-0.071008,0.000044,-0.005126,0.013391,0.045741,0.006231,0.049652,0.342754,-0.006237,0.016342,0.099612,0.000349,-0.003377,-0.012871,0.241404,0.028174,-0.022529,0.008191,-0.000813,0.002258,-0.001627,0.014754,0.091279,-0.002440,-0.004756,0.018162,-0.017070,-0.000555,-0.001356,0.079115,0.077036,-0.004610,0.005100,0.199751,0.050262,-0.053069,0.038255,0.435273,0.121106,-0.002169,-0.011232
-0.053737,0.331115,0.144196,-0.019384,-0.145927,0.003311,0.537815,-2.018401,-0.099674,0.092158,-0.253746,0.017675,-0.389051,-0.104321,0.310880,0.365167,-0.052232,0.022676,-0.010041,-0.018961,0.002803,0.034075,-0.175757,0.036465,-0.036718,0.042266,-0.091650,0.011636,0.016047,-1.436809,-0.152254,-0.003014,0.076782,0.235194,0.179331,-0.020859,0.275046,0.121106,15.867182,-0.026775,0.129825
-0.015258,-0.002656,-0.002225,-0.000125,-0.003337,-0.000695,-0.005437,-0.016000,0.006716,0.004491,-0.003754,0.000770,0.019714,-0.004028,-0.031900,0.015720,-0.003140,0.002530,-0.000042,-0.000222,-0.000083,-0.000573,0.001231,-0.000125,-0.000514,-0.000083,-0.007101,-0.000004,-0.000070,0.101432,-0.007901,-0.000236,-0.002851,-0.003490,-0.002767,0.007340,0.005158,-0.002169,-0.026775,0.020997,-0.001794
-0.090716,0.099363,0.114520,-0.000699,-0.010278,0.016493,-0.004557,-0.621221,-0.010434,-0.042352,-0.018324,0.009637,0.046550,0.047550,0.207063,-0.051926,0.005192,0.008533,-0.000673,0.001689,0.005251,-0.005187,-0.012478,0.005898,0.039197,-0.001345,-0.000704,0.001524,0.000198,-0.236335,-0.077644,0.006742,0.035829,-0.010106,-0.030108,-0.045185,-0.052190,-0.011232,0.129825,-0.001794,0.613556
