0.053960,-0.002803,0.001178,0.000568,-0.000143,-0.000149,0.000099,0.001368,0.000194,0.000245,-0.000125,0.001940,-0.004471,0.000579,-0.000638,0.000292,-0.000250,-0.000490,-0.000201,0.000562,-0.000223,0.001568,0.000026,-0.000803,-0.001921,-0.000018,0.001143,-0.000063,-0.000535,0.000001,-0.000202,0.000118,0.001380,0.000618,-0.000054,-0.000028,-0.001471,-0.000616,-0.001152,-0.000167,-0.000338
-0.002803,0.018893,-0.000037,-0.000310,-0.000039,-0.000170,-0.000268,-0.000010,-0.000160,0.000715,0.000098,0.000369,0.000355,0.000153,0.002484,0.000257,0.000709,0.000938,-0.000164,0.000984,-0.000182,0.000969,-0.000038,0.000251,-0.001228,-0.000179,-0.000294,0.001400,-0.000045,0.000398,-0.000183,-0.000232,-0.000090,0.000354,-0.000407,0.000722,0.000560,0.000221,-0.000321,0.000047,0.000415
0.001178,-0.000037,0.004041,-0.000057,0.000059,0.000107,0.000113,0.000048,-0.000048,-0.000180,-0.000071,0.000017,-0.000160,-0.000038,0.001641,0.000070,0.000335,-0.000389,-0.000029,-0.000072,-0.000032,0.000099,-0.000000,-0.000005,0.001769,-0.000051,0.001700,0.000639,0.000583,-0.000322,-0.000161,0.000263,0.001238,-0.000158,-0.000145,0.000552,0.000158,-0.000035,0.000784,-0.000024,0.000300
0.000568,-0.000310,-0.000057,0.001890,-0.000037,-0.000019,-0.000117,-0.000731,0.000031,0.000043,0.000048,0.000077,-0.000348,0.000000,-0.000188,-0.000011,0.000311,0.000365,-0.000008,-0.000030,-0.000009,0.000186,0.000032,-0.000031,-0.000177,-0.000014,0.000288,-0.000148,-0.000021,0.000052,0.000020,-0.000018,0.000067,-0.000031,0.000235,-0.000216,0.000337,0.000538,-0.000277,-0.000007,-0.000024
-0.000143,-0.000039,0.000059,-0.000037,0.001598,0.000016,0.000702,-0.000032,-0.000030,0.000380,0.000545,-0.000468,-0.000128,-0.000226,-0.000025,-0.000162,0.000016,0.000421,0.000036,0.000003,-0.000021,0.000504,0.000036,-0.000074,-0.000129,-0.000009,0.001212,0.000155,-0.000050,0.000187,0.000592,-0.000025,0.000012,0.000647,0.000211,0.000165,0.000189,0.000851,0.000285,-0.000016,-0.000014
-0.000149,-0.000170,0.000107,-0.000019,0.000016,0.001163,-0.000111,0.000260,0.000056,-0.000158,-0.000034,0.000192,-0.000146,0.000437,-0.000026,-0.000043,-0.000038,0.000046,-0.000010,-0.000036,0.000125,-0.000130,-0.000007,-0.000039,-0.000015,-0.000017,-0.000344,-0.000114,-0.000026,-0.000087,-0.000059,0.000206,-0.000098,0.000043,0.000013,-0.000025,-0.000100,0.000040,0.000083,-0.000008,0.000050
0.000099,-0.000268,0.000113,-0.000117,0.000702,-0.000111,0.007170,0.001366,-0.000088,0.000094,0.000470,0.000735,0.000168,-0.000914,0.000785,0.000103,0.000241,-0.000159,-0.000059,0.000340,0.000033,0.001248,0.000057,0.000645,0.001602,0.000042,-0.000047,-0.000152,0.000283,0.000259,0.000267,-0.000137,0.000985,0.000539,0.000043,-0.000235,0.000308,0.000442,0.000659,-0.000049,0.000024
0.001368,-0.000010,0.000048,-0.000731,-0.000032,0.000260,0.001366,0.082021,0.000368,-0.000078,-0.000159,0.001581,0.000253,-0.001331,0.000890,-0.000359,-0.000558,-0.000675,-0.000365,0.000471,-0.000406,0.000134,0.000011,-0.000903,0.000511,0.000305,-0.003662,-0.001913,-0.000974,-0.001199,-0.000395,0.000430,-0.000563,0.000211,-0.000616,0.000378,0.000518,-0.000002,-0.001305,0.000110,-0.000240
0.000194,-0.000160,-0.000048,0.000031,-0.000030,0.000056,-0.000088,0.000368,0.001737,0.000310,-0.000061,-0.000352,0.000116,0.000278,0.000002,0.000235,-0.000186,0.000063,-0.000030,0.000160,-0.000034,-0.000199,-0.000002,-0.000121,-0.000137,0.000056,0.000232,0.000051,-0.000081,-0.000118,0.000087,0.000060,-0.000157,0.000024,-0.000261,0.000084,-0.000070,-0.000170,-0.000072,0.000085,-0.000014
0.000245,0.000715,-0.000180,0.000043,0.000380,-0.000158,0.000094,-0.000078,0.000310,0.010177,0.000179,-0.002264,0.001544,0.001022,0.001259,0.001144,-0.000366,-0.000554,0.000132,0.000033,-0.000061,-0.000768,0.000044,-0.000243,-0.000350,0.000026,0.002268,0.000015,-0.000125,0.001983,0.000083,-0.000165,-0.000201,-0.000208,0.000924,0.000104,0.000543,0.000384,0.000194,0.000146,-0.000107
-0.000125,0.000098,-0.000071,0.000048,0.000545,-0.000034,0.000470,-0.000159,-0.000061,0.000179,0.001158,-0.000122,0.000170,-0.000089,-0.000136,0.000057,0.000154,0.000264,0.000104,0.000030,-0.000018,0.000123,0.000013,-0.000064,0.000420,-0.000028,-0.000209,0.000382,-0.000042,0.000133,0.000297,-0.000022,0.000138,0.000105,0.000221,0.000028,0.000247,0.000438,-0.000190,-0.000013,-0.000012
0.001940,0.000369,0.000017,0.000077,-0.000468,0.000192,0.000735,0.001581,-0.000352,-0.002264,-0.000122,0.057514,-0.000562,-0.001337,-0.001068,-0.000678,0.000053,-0.000103,-0.000309,0.000222,0.000120,-0.003508,-0.000000,-0.001237,0.003182,-0.000550,0.001091,-0.003026,-0.000825,-0.000051,-0.001793,0.000255,-0.000907,0.000287,-0.000688,0.000444,-0.000989,-0.000093,0.000590,-0.000258,0.000774
-0.004471,0.000355,-0.000160,-0.000348,-0.000128,-0.000146,0.000168,0.000253,0.000116,0.001544,0.000170,-0.000562,0.048969,-0.000046,0.001799,0.000440,0.000213,0.000629,0.000303,-0.000362,-0.000009,0.002310,0.000059,0.000495,-0.001200,0.000822,-0.001874,0.001961,0.001117,0.001808,-0.000719,-0.000104,-0.000523,-0.000063,-0.001332,0.001194,-0.001340,-0.000481,-0.002476,0.000191,0.000450
0.000579,0.000153,-0.000038,0.000000,-0.000226,0.000437,-0.000914,-0.001331,0.000278,0.001022,-0.000089,-0.001337,-0.000046,0.026331,0.005595,0.000183,-0.000072,-0.000289,0.000491,-0.000424,-0.000189,0.000199,-0.000066,0.000640,-0.001477,-0.000204,-0.000119,0.001511,-0.000455,-0.000033,0.000170,0.000085,-0.000493,-0.000331,-0.001355,0.002248,-0.000095,-0.000589,-0.002037,-0.000142,0.000336
-0.000638,0.002484,0.001641,-0.000188,-0.000025,-0.000026,0.000785,0.000890,0.000002,0.001259,-0.000136,-0.001068,0.001799,0.005595,0.102936,0.000369,0.000182,-0.001480,0.000053,-0.000308,0.000203,0.003660,0.000158,-0.000874,0.000613,0.000687,0.007374,0.000961,-0.000242,0.000807,0.000495,0.000488,0.000254,0.000732,-0.001755,0.000667,-0.001476,0.003254,0.000983,-0.000343,0.000513
0.000292,0.000257,0.000070,-0.000011,-0.000162,-0.000043,0.000103,-0.000359,0.000235,0.001144,0.000057,-0.000678,0.000440,0.000183,0.000369,0.005147,0.000483,-0.000188,-0.000049,0.000275,-0.000055,-0.000950,0.000013,-0.000131,0.000069,0.000066,0.000473,0.000872,0.000000,0.000730,0.000150,-0.000045,0.000279,-0.000070,0.000101,-0.000273,0.000563,0.000225,0.000043,0.000033,-0.000017
-0.000250,0.000709,0.000335,0.000311,0.000016,-0.000038,0.000241,-0.000558,-0.000186,-0.000366,0.000154,0.000053,0.000213,-0.000072,0.000182,0.000483,0.011313,0.000504,0.000075,0.000218,0.000590,-0.000901,0.000030,-0.000125,0.001187,-0.000143,0.001925,0.000382,-0.000052,0.000357,-0.000323,0.000101,0.000028,-0.000107,0.000277,0.000022,0.001646,0.000052,0.000351,-0.000085,0.000237
-0.000490,0.000938,-0.000389,0.000365,0.000421,0.000046,-0.000159,-0.000675,0.000063,-0.000554,0.000264,-0.000103,0.000629,-0.000289,-0.001480,-0.000188,0.000504,0.022062,0.000017,0.000015,0.000118,-0.001337,-0.000038,-0.000032,-0.000697,-0.000079,0.002525,-0.001016,-0.000222,0.000408,0.000067,0.000165,-0.000186,0.000025,0.000362,0.000665,0.000791,0.000417,0.000374,0.000051,0.000194
-0.000201,-0.000164,-0.000029,-0.000008,0.000036,-0.000010,-0.000059,-0.000365,-0.000030,0.000132,0.000104,-0.000309,0.000303,0.000491,0.000053,-0.000049,0.000075,0.000017,0.001645,-0.000015,-0.000004,-0.000301,-0.000000,-0.000016,0.000571,-0.000007,0.000814,0.000032,-0.000010,0.000323,-0.000068,-0.000009,-0.000040,-0.000040,-0.000071,-0.000119,-0.000152,-0.000061,-0.000211,-0.000003,-0.000012
0.000562,0.000984,-0.000072,-0.000030,0.000003,-0.000036,0.000340,0.000471,0.000160,0.000033,0.000030,0.000222,-0.000362,-0.000424,-0.000308,0.000275,0.000218,0.000015,-0.000015,0.003902,-0.000016,-0.000467,-0.000001,-0.000059,0.000105,-0.000026,0.000810,-0.000242,-0.000039,0.000798,-0.000115,-0.000034,0.000143,0.000338,-0.000143,-0.000175,0.000090,0.000210,-0.000106,-0.000012,0.000167
-0.000223,-0.000182,-0.000032,-0.000009,-0.000021,0.000125,0.000033,-0.000406,-0.000034,-0.000061,-0.000018,0.000120,-0.000009,-0.000189,0.000203,-0.000055,0.000590,0.000118,-0.000004,-0.000016,0.001314,-0.000128,0.000001,-0.000017,-0.000098,-0.000008,0.000172,0.000078,-0.000012,-0.000076,-0.000076,-0.000010,0.000029,-0.000044,-0.000079,0.000029,0.000816,-0.000068,0.000103,-0.000004,0.000068
0.001568,0.000969,0.000099,0.000186,0.000504,-0.000130,0.001248,0.000134,-0.000199,-0.000768,0.000123,-0.003508,0.002310,0.000199,0.003660,-0.000950,-0.000901,-0.001337,-0.000301,-0.000467,-0.000128,0.054571,0.000077,0.000902,-0.000040,0.000447,-0.000619,0.001859,0.001127,-0.000553,0.000310,0.000426,0.000402,0.000827,-0.000517,0.000923,-0.000193,0.000236,-0.000216,0.000048,-0.000041
0.000026,-0.000038,-0.000000,0.000032,0.000036,-0.000007,0.000057,0.000011,-0.000002,0.000044,0.000013,-0.000000,0.000059,-0.000066,0.000158,0.000013,0.000030,-0.000038,-0.000000,-0.000001,0.000001,0.000077,0.000039,-0.000002,0.000005,0.000078,0.000073,-0.000005,0.000032,0.000056,0.000019,-0.000006,0.000028,0.000029,0.000044,-0.000016,-0.000038,0.000089,-0.000005,0.000005,-0.000003
-0.000803,0.000251,-0.000005,-0.000031,-0.000074,-0.000039,0.000645,-0.000903,-0.000121,-0.000243,-0.000064,-0.001237,0.000495,0.000640,-0.000874,-0.000131,-0.000125,-0.000032,-0.000016,-0.000059,-0.000017,0.000902,-0.000002,0.007853,-0.000355,-0.000028,-0.000770,0.000165,0.001278,-0.000274,-0.000272,-0.000037,0.001160,-0.000159,-0.000285,0.000973,0.000449,-0.000244,0.001286,-0.000013,0.000099
-0.001921,-0.001228,0.001769,-0.000177,-0.000129,-0.000015,0.001602,0.000511,-0.000137,-0.000350,0.000420,0.003182,-0.001200,-0.001477,0.000613,0.000069,0.001187,-0.000697,0.000571,0.000105,-0.000098,-0.000040,0.000005,-0.000355,0.042846,-0.000158,-0.001577,0.000223,-0.000236,-0.000373,-0.001008,-0.000207,0.001847,-0.000243,-0.000670,0.000326,0.000331,-0.000227,-0.000598,-0.000074,0.001248
-0.000018,-0.000179,-0.000051,-0.000014,-0.000009,-0.000017,0.000042,0.000305,0.000056,0.000026,-0.000028,-0.000550,0.000822,-0.000204,0.000687,0.000066,-0.000143,-0.000079,-0.000007,-0.000026,-0.000008,0.000447,0.000078,-0.000028,-0.000158,0.002040,-0.000711,0.000581,-0.000019,-0.000122,0.000317,-0.000016,0.000076,0.000467,0.000313,-0.000119,-0.000146,0.000826,0.000818,-0.000006,-0.000021
0.001143,-0.000294,0.001700,0.000288,0.001212,-0.000344,-0.000047,-0.003662,0.000232,0.002268,-0.000209,0.001091,-0.001874,-0.000119,0.007374,0.000473,0.001925,0.002525,0.000814,0.000810,0.000172,-0.000619,0.000073,-0.000770,-0.001577,-0.000711,0.095023,0.001608,0.000784,0.002173,-0.001232,-0.000386,0.000661,0.001137,0.000275,0.000349,0.000480,0.000743,0.004197,-0.000333,-0.000073
-0.000063,0.001400,0.000639,-0.000148,0.000155,-0.000114,-0.000152,-0.001913,0.000051,0.000015,0.000382,-0.003026,0.001961,0.001511,0.000961,0.000872,0.000382,-0.001016,0.000032,-0.000242,0.000078,0.001859,-0.000005,0.000165,0.000223,0.000581,0.001608,0.055406,-0.000798,-0.000568,-0.000560,-0.000198,0.000795,-0.000528,0.000382,0.001016,-0.000388,0.001236,-0.001564,-0.000082,-0.000136
-0.000535,-0.000045,0.000583,-0.000021,-0.000050,-0.000026,0.000283,-0.000974,-0.000081,-0.000125,-0.000042,-0.000825,0.001117,-0.000455,-0.000242,0.000000,-0.000052,-0.000222,-0.000010,-0.000039,-0.000012,0.001127,0.000032,0.001278,-0.000236,-0.000019,0.000784,-0.000798,0.005249,-0.000183,-0.000182,-0.000024,0.000114,-0.000106,-0.000190,-0.000317,-0.000208,-0.000163,-0.000562,-0.000009,0.000066
0.000001,0.000398,-0.000322,0.000052,0.000187,-0.000087,0.000259,-0.001199,-0.000118,0.001983,0.000133,-0.000051,0.001808,-0.000033,0.000807,0.000730,0.000357,0.000408,0.000323,0.000798,-0.000076,-0.000553,0.000056,-0.000274,-0.000373,-0.000122,0.002173,-0.000568,-0.000183,0.009847,0.000500,0.000193,0.000113,0.000548,0.000803,0.000001,-0.000158,0.001011,-0.001217,0.000233,-0.000037
-0.000202,-0.000183,-0.000161,0.000020,0.000592,-0.000059,0.000267,-0.000395,0.000087,0.000083,0.000297,-0.001793,-0.000719,0.000170,0.000495,0.000150,-0.000323,0.000067,-0.000068,-0.000115,-0.000076,0.000310,0.000019,-0.000272,-0.001008,0.000317,-0.001232,-0.000560,-0.000182,0.000500,0.006275,-0.000125,-0.000010,0.000776,-0.000200,-0.000113,-0.000192,0.000893,-0.000127,-0.000057,-0.000131
0.000118,-0.000232,0.000263,-0.000018,-0.000025,0.000206,-0.000137,0.000430,0.000060,-0.000165,-0.000022,0.000255,-0.000104,0.000085,0.000488,-0.000045,0.000101,0.000165,-0.000009,-0.000034,-0.000010,0.000426,-0.000006,-0.000037,-0.000207,-0.000016,-0.000386,-0.000198,-0.000024,0.000193,-0.000125,0.001545,-0.000093,0.000072,0.000070,0.000130,0.000019,0.000002,0.000171,0.000034,0.000021
0.001380,-0.000090,0.001238,0.000067,0.000012,-0.000098,0.000985,-0.000563,-0.000157,-0.000201,0.000138,-0.000907,-0.000523,-0.000493,0.000254,0.000279,0.000028,-0.000186,-0.000040,0.000143,0.000029,0.000402,0.000028,0.001160,0.001847,0.000076,0.000661,0.000795,0.000114,0.000113,-0.000010,-0.000093,0.005597,-0.000093,0.000156,-0.000277,0.000149,0.000095,0.000518,-0.000033,0.000055
0.000618,0.000354,-0.000158,-0.000031,0.000647,0.000043,0.000539,0.000211,0.000024,-0.000208,0.000105,0.000287,-0.000063,-0.000331,0.000732,-0.000070,-0.000107,0.000025,-0.000040,0.000338,-0.000044,0.000827,0.000029,-0.000159,-0.000243,0.000467,0.001137,-0.000528,-0.000106,0.000548,0.000776,0.000072,-0.000093,0.005625,0.000322,0.000673,-0.000566,0.002567,0.000803,-0.000033,0.000010
-0.000054,-0.000407,-0.000145,0.000235,0.000211,0.000013,0.000043,-0.000616,-0.000261,0.000924,0.000221,-0.000688,-0.001332,-0.001355,-0.001755,0.000101,0.000277,0.000362,-0.000071,-0.000143,-0.000079,-0.000517,0.000044,-0.000285,-0.000670,0.000313,0.000275,0.000382,-0.000190,0.000803,-0.000200,0.000070,0.000156,0.000322,0.011118,-0.000070,0.000435,0.000729,0.000691,-0.000059,-0.000144
-0.000028,0.000722,0.000552,-0.000216,0.000165,-0.000025,-0.000235,0.000378,0.000084,0.000104,0.000028,0.000444,0.001194,0.002248,0.000667,-0.000273,0.000022,0.000665,-0.000119,-0.000175,0.000029,0.000923,-0.000016,0.000973,0.000326,-0.000119,0.000349,0.001016,-0.000317,0.000001,-0.000113,0.000130,-0.000277,0.000673,-0.000070,0.013763,0.000433,0.000005,0.000636,0.000020,-0.000022
-0.001471,0.000560,0.000158,0.000337,0.000189,-0.000100,0.000308,0.000518,-0.000070,0.000543,0.000247,-0.000989,-0.001340,-0.000095,-0.001476,0.000563,0.001646,0.000791,-0.000152,0.000090,0.000816,-0.000193,-0.000038,0.000449,0.000331,-0.000146,0.000480,-0.000388,-0.000208,-0.000158,-0.000192,0.000019,0.000149,-0.000566,0.000435,0.000433,0.017765,0.000635,0.001391,-0.000021,-0.000126
-0.000616,0.000221,-0.000035,0.000538,0.000851,0.000040,0.000442,-0.000002,-0.000170,0.000384,0.000438,-0.000093,-0.000481,-0.000589,0.003254,0.000225,0.000052,0.000417,-0.000061,0.000210,-0.000068,0.000236,0.000089,-0.000244,-0.000227,0.000826,0.000743,0.001236,-0.000163,0.001011,0.000893,0.000002,0.000095,0.002567,0.000729,0.000005,0.000635,0.008800,0.000907,0.000073,0.000061
-0.001152,-0.000321,0.000784,-0.000277,0.000285,0.000083,0.000659,-0.001305,-0.000072,0.000194,-0.000190,0.000590,-0.002476,-0.002037,0.000983,0.000043,0.000351,0.000374,-0.000211,-0.000106,0.000103,-0.000216,-0.000005,0.001286,-0.000598,0.000818,0.004197,-0.001564,-0.000562,-0.001217,-0.000127,0.000171,0.000518,0.000803,0.000691,0.000636,0.001391,0.000907,0.032805,-0.000176,0.000084
-0.000167,0.000047,-0.000024,-0.000007,-0.000016,-0.000008,-0.000049,0.000110,0.000085,0.000146,-0.000013,-0.000258,0.000191,-0.000142,-0.000343,0.000033,-0.000085,0.000051,-0.000003,-0.000012,-0.000004,0.000048,0.000005,-0.000013,-0.000074,-0.000006,-0.000333,-0.000082,-0.000009,0.000233,-0.000057,0.000034,-0.000033,-0.000033,-0.000059,0.000020,-0.000021,0.000073,-0.000176,0.000739,-0.000010
-0.000338,0.000415,0.000300,-0.000024,-0.000014,0.000050,0.000024,-0.000240,-0.000014,-0.000107,-0.000012,0.000774,0.000450,0.000336,0.000513,-0.000017,0.000237,0.000194,-0.000012,0.000167,0.000068,-0.000041,-0.000003,0.000099,0.001248,-0.000021,-0.000073,-0.000136,0.000066,-0.000037,-0.000131,0.000021,0.000055,0.000010,-0.000144,-0.000022,-0.000126,0.000061,0.000084,-0.000010,0.000855
