0.018114,0.009699,-0.001869,0.003017,0.000457,0.000061,0.000752,-0.001816
0.009699,0.014811,-0.002936,0.002398,0.000368,-0.000030,0.000657,-0.001446
-0.001869,-0.002936,0.007254,0.000786,-0.000038,0.000090,-0.000891,-0.000181
0.003017,0.002398,0.000786,0.017016,0.000020,-0.000035,-0.000698,-0.000960
0.000457,0.000368,-0.000038,0.000020,0.002337,-0.000039,0.000136,0.000008
0.000061,-0.000030,0.000090,-0.000035,-0.000039,0.005725,0.000076,-0.000281
0.000752,0.000657,-0.000891,-0.000698,0.000136,0.000076,0.003039,0.000548
-0.001816,-0.001446,-0.000181,-0.000960,0.000008,-0.000281,0.000548,0.011140
