0.014304,0.008525,0.000671,0.003413,-0.000695,-0.000836,0.001272,-0.000397
0.008525,0.012731,-0.002019,0.001986,0.000806,-0.000448,0.000200,-0.004676
0.000671,-0.002019,0.006307,-0.000552,0.000531,-0.000054,-0.000664,-0.002403
0.003413,0.001986,-0.000552,0.006739,0.000219,0.000015,-0.000190,-0.001110
-0.000695,0.000806,0.000531,0.000219,0.002627,-0.000065,0.000138,0.000871
-0.000836,-0.000448,-0.000054,0.000015,-0.000065,0.005707,0.000027,-0.000832
0.001272,0.000200,-0.000664,-0.000190,0.000138,0.000027,0.001478,-0.000041
-0.000397,-0.004676,-0.002403,-0.001110,0.000871,-0.000832,-0.000041,0.012823
