0.000026,-0.000001,0.000042,0.000010,-0.000062,-0.000002,0.000047,-0.000187,0.000009,-0.000071,0.000116,0.000083,0.000017,0.000026,-0.000026,-0.000107,0.000227,0.000231,-0.000086,-0.000127,-0.000109,0.000252,-0.000042,0.000270,0.000123,-0.000022,-0.000132,0.000082,-0.000069,-0.000260,-0.000101,-0.000206,-0.000071,-0.000285,0.000016,0.000029,0.000071,-0.000047,0.000103,-0.000166,-0.000146,0.000037,-0.000192,-0.000073,-0.000077,0.000022,-0.000068,-0.000010,-0.000008,-0.000001,0.000000,-0.000004,0.000003,-0.000001,-0.000000,-0.000000,-0.000000,-0.000003,-0.000002,0.000002
-0.000001,0.000203,-0.000242,0.000009,0.000067,-0.000013,0.000043,0.000013,0.000007,0.000149,-0.000006,-0.000004,0.000463,-0.000079,0.000180,-0.000255,0.000321,0.000219,-0.000339,0.000281,0.000252,0.000059,0.000448,0.000166,0.000101,-0.000087,0.000260,0.000030,0.000131,-0.000129,0.000244,-0.000266,-0.000101,0.000011,-0.000148,-0.000269,-0.000089,-0.000478,-0.000095,0.000099,-0.000171,-0.000045,0.000173,0.000012,0.000102,-0.000261,0.000068,-0.000006,0.000084,-0.000003,0.000000,0.000005,-0.000000,-0.000004,0.000005,-0.000001,-0.000003,0.000006,-0.000008,0.000002
0.000042,-0.000242,0.003813,0.000089,0.000290,0.000121,0.000704,-0.000011,-0.000555,-0.006088,0.000711,-0.002462,-0.006980,-0.001611,-0.000950,0.001968,-0.003608,-0.001727,0.000155,-0.005353,-0.002454,0.001242,-0.007511,-0.004379,-0.001495,0.002053,-0.001663,-0.000758,0.001702,0.006250,-0.001718,0.001330,0.004006,-0.002513,0.004728,0.004568,-0.000358,0.006042,0.001640,0.001585,0.000540,0.000474,-0.003527,0.000426,0.002769,0.003569,0.000675,0.000582,-0.000633,0.000029,0.000016,-0.000057,-0.000020,-0.000044,-0.000020,0.000014,-0.000012,-0.000093,-0.000096,-0.000008
0.000010,0.000009,0.000089,0.000201,0.000057,0.000027,0.000251,-0.000238,-0.000038,-0.000475,0.000580,-0.000135,0.000027,-0.000145,0.000227,-0.000365,0.000197,0.000199,-0.000956,-0.000331,-0.000166,0.000683,-0.000168,-0.000115,0.000270,0.000011,0.000183,0.000025,0.000053,-0.000263,-0.000325,-0.000529,0.000132,-0.000879,0.000103,-0.000007,0.000034,-0.000354,0.000004,-0.000035,-0.000196,0.000282,-0.000256,-0.000145,0.000010,-0.000225,0.000074,0.000033,-0.000009,0.000002,0.000008,0.000004,-0.000001,-0.000018,0.000004,-0.000001,-0.000001,-0.000002,-0.000021,0.000003
-0.000062,0.000067,0.000290,0.000057,0.002690,0.001032,0.000747,0.000917,-0.000153,-0.003255,0.000268,-0.002992,-0.001204,-0.001741,0.003319,0.000847,-0.001090,-0.000547,-0.000785,0.000508,0.003979,0.001605,-0.000849,-0.003711,-0.003402,0.000074,0.003566,-0.003251,0.001864,0.007056,0.001827,0.003234,0.002385,0.001210,0.000466,0.001952,-0.003066,-0.001494,-0.002351,0.001855,-0.001470,0.001917,0.003136,0.000991,0.001856,-0.000131,0.002288,0.000454,0.000621,0.000026,-0.000049,0.000071,-0.000064,0.000006,0.000017,0.000006,-0.000006,0.000036,0.000011,-0.000005
-0.000002,-0.000013,0.000121,0.000027,0.001032,0.002828,0.001811,-0.002185,0.000840,-0.003227,-0.000325,-0.000760,-0.000586,0.002943,0.005446,0.003737,0.002432,0.002529,0.002022,0.001910,0.000794,-0.000283,0.001868,0.002099,0.000094,0.002599,0.000476,0.001080,0.000036,0.001369,-0.000267,0.002393,-0.004264,-0.000607,-0.003555,-0.003712,-0.004066,-0.001141,-0.001308,-0.003054,-0.002685,-0.001552,-0.000915,0.000288,-0.002043,0.000842,-0.000605,-0.000109,0.000013,0.000009,-0.000127,-0.000029,0.000044,0.000145,0.000010,0.000001,0.000003,0.000024,0.000040,-0.000001
0.000047,0.000043,0.000704,0.000251,0.000747,0.001811,0.006085,-0.001362,0.000224,-0.003637,0.005590,-0.000481,0.001669,0.001648,0.003380,-0.002539,0.000196,-0.000505,-0.005565,0.001505,0.000337,0.003349,-0.000169,-0.001816,-0.000277,0.000189,0.002489,0.000813,-0.000637,-0.002575,0.000284,-0.003181,-0.001236,-0.004561,-0.000017,-0.002697,-0.002010,-0.002997,0.000691,-0.001635,-0.003017,-0.000638,-0.002113,0.000354,0.000469,-0.000005,0.000609,0.000265,-0.001327,0.000025,0.000008,0.000003,0.000003,-0.000189,0.000022,-0.000008,-0.000004,0.000030,0.000029,0.000017
-0.000187,0.000013,-0.000011,-0.000238,0.000917,-0.002185,-0.001362,0.011037,-0.002380,-0.000712,-0.006247,-0.003953,-0.001119,-0.008513,-0.005800,-0.004195,-0.013622,-0.014184,0.000299,0.001449,0.002744,-0.007962,-0.003860,-0.014784,-0.008505,-0.005924,0.003540,-0.004241,-0.000451,0.008410,0.005957,0.005035,0.012848,0.005812,0.013604,0.004608,0.001026,0.005422,-0.003841,0.009984,0.003476,-0.005084,0.005991,0.002177,0.006768,0.002969,0.003147,0.000910,0.000215,0.000035,0.000081,0.000149,-0.000189,-0.000327,-0.000000,0.000008,0.000010,0.000095,0.000229,-0.000018
0.000009,0.000007,-0.000555,-0.000038,-0.000153,0.000840,0.000224,-0.002380,0.000835,0.001446,0.000923,0.001337,0.000907,0.003139,0.002045,0.002066,0.003184,0.003089,0.001148,0.001068,-0.000269,0.000465,0.002301,0.003832,0.001920,0.001969,-0.000603,0.001328,0.000078,-0.002193,-0.001038,-0.000256,-0.004558,0.000407,-0.004928,-0.002411,-0.000889,-0.001551,0.000475,-0.002836,-0.000270,0.000864,-0.000787,-0.000192,-0.002185,-0.000926,-0.000917,-0.000383,-0.000054,-0.000009,-0.000032,-0.000034,0.000054,0.000123,0.000002,-0.000002,-0.000000,-0.000003,-0.000028,-0.000001
-0.000071,0.000149,-0.006088,-0.000475,-0.003255,-0.003227,-0.003637,-0.000712,0.001446,0.021550,0.001046,0.009739,0.010399,0.006664,-0.005642,-0.004897,0.008020,0.003238,0.002437,0.005385,-0.003200,-0.000711,0.011840,0.013131,0.006472,-0.004521,-0.000407,0.001542,-0.004407,-0.020835,-0.002041,-0.002767,-0.009310,0.009402,-0.013046,-0.001870,0.004277,-0.004064,0.001407,-0.003596,0.007943,0.003959,0.005941,0.000376,-0.007675,-0.006699,-0.002501,-0.001888,-0.000365,-0.000058,0.000090,-0.000010,0.000110,0.000214,-0.000026,-0.000015,0.000021,0.000026,0.000068,0.000002
0.000116,-0.000006,0.000711,0.000580,0.000268,-0.000325,0.005590,-0.006247,0.000923,0.001046,0.018920,0.002487,0.001692,0.004260,0.002110,-0.002528,0.003110,0.002140,-0.014584,-0.003305,-0.002998,0.009288,-0.001278,-0.001475,0.006099,0.003140,0.003602,0.000124,0.000315,-0.009677,-0.008897,-0.008936,-0.004323,-0.008680,-0.011237,0.000692,0.005298,-0.007729,0.003537,-0.004533,0.001874,0.011423,-0.000265,-0.002293,-0.003792,-0.008747,0.000896,0.000225,-0.001102,0.000032,0.000182,-0.000046,-0.000042,-0.000188,0.000037,-0.000025,-0.000024,-0.000040,-0.000290,0.000005
0.000083,-0.000004,-0.002462,-0.000135,-0.002992,-0.000760,-0.000481,-0.003953,0.001337,0.009739,0.002487,0.008390,0.007912,0.004427,-0.002782,-0.003149,0.007091,0.006101,0.002324,0.003599,-0.003965,0.003166,0.007343,0.011507,0.003953,-0.001872,-0.004220,0.003472,-0.005479,-0.018412,-0.003029,-0.004178,-0.009575,0.001890,-0.007438,-0.005277,0.003726,-0.004761,0.001503,-0.009092,0.000636,0.003222,-0.001623,-0.001010,-0.008162,-0.002421,-0.003473,-0.001546,-0.000861,-0.000048,-0.000000,-0.000062,0.000136,0.000115,-0.000000,-0.000006,0.000015,0.000002,0.000199,0.000020
0.000017,0.000463,-0.006980,0.000027,-0.001204,-0.000586,0.001669,-0.001119,0.000907,0.010399,0.001692,0.007912,0.021200,0.000309,0.000280,-0.010796,0.007050,0.006803,-0.003387,0.014505,0.005848,0.006319,0.016041,0.009032,-0.000006,-0.007113,0.000833,0.002056,-0.006533,-0.020070,0.005429,-0.008605,-0.009144,0.004028,-0.003441,-0.015189,0.002603,-0.019412,-0.002554,-0.008988,-0.005368,0.003358,0.000994,-0.001086,-0.006055,-0.005227,-0.001229,-0.001625,-0.000523,-0.000075,0.000022,0.000177,0.000075,-0.000208,0.000070,-0.000022,0.000018,0.000237,0.000466,0.000059
0.000026,-0.000079,-0.001611,-0.000145,-0.001741,0.002943,0.001648,-0.008513,0.003139,0.006664,0.004260,0.004427,0.000309,0.016784,0.008696,0.009177,0.009775,0.006536,0.000544,0.001360,-0.002217,-0.000803,0.006097,0.013059,0.009783,0.010571,-0.002099,0.008481,0.002163,-0.006054,-0.004354,-0.003615,-0.017109,-0.003017,-0.018673,-0.008830,-0.004633,-0.001834,0.003177,-0.007949,0.002040,-0.000392,-0.006655,-0.001274,-0.004729,-0.002372,-0.003784,-0.001228,-0.000289,-0.000025,-0.000034,-0.000188,0.000239,0.000344,-0.000031,-0.000022,-0.000007,-0.000051,-0.000371,-0.000002
-0.000026,0.000180,-0.000950,0.000227,0.003319,0.005446,0.003380,-0.005800,0.002045,-0.005642,0.002110,-0.002782,0.000280,0.008696,0.015515,0.008554,0.006221,0.005750,-0.002433,0.003819,0.006690,0.002758,0.004614,0.003699,0.001391,0.009098,0.003593,0.003201,0.004476,0.008279,0.001120,0.000749,-0.010015,-0.004088,-0.010551,-0.009303,-0.010032,-0.007532,-0.003263,-0.005044,-0.005560,0.000329,-0.003353,-0.000511,-0.000286,-0.000861,0.000367,-0.000104,0.001373,0.000011,-0.000166,-0.000011,0.000095,0.000192,0.000029,-0.000013,-0.000015,0.000075,-0.000224,0.000010
-0.000107,-0.000255,0.001968,-0.000365,0.000847,0.003737,-0.002539,-0.004195,0.002066,-0.004897,-0.002528,-0.003149,-0.010796,0.009177,0.008554,0.021016,-0.001487,0.000895,0.009440,-0.002522,0.000622,-0.012023,-0.002267,-0.000521,0.002730,0.016193,-0.003278,0.004998,0.006986,0.016207,-0.002773,0.006870,-0.009372,0.000900,-0.013079,-0.004126,-0.004261,0.005884,0.000538,-0.002702,0.001061,-0.002778,-0.003253,-0.000966,-0.000659,0.000430,-0.002350,-0.000066,0.001581,0.000019,-0.000110,-0.000174,0.000076,0.000519,-0.000005,-0.000000,-0.000015,-0.000060,-0.000344,-0.000070
0.000227,0.000321,-0.003608,0.000197,-0.001090,0.002432,0.000196,-0.013622,0.003184,0.008020,0.003110,0.007091,0.007050,0.009775,0.006221,-0.001487,0.026969,0.024358,0.002778,0.002476,-0.003912,0.013047,0.012627,0.029212,0.013177,-0.000884,-0.002008,0.002225,-0.002232,-0.019313,-0.006024,-0.004001,-0.016913,-0.000735,-0.018845,-0.004370,-0.003655,-0.008334,0.004141,-0.011197,-0.003874,0.005062,-0.001411,-0.000705,-0.011845,-0.004697,-0.003957,-0.001601,-0.000303,-0.000083,-0.000222,-0.000135,0.000288,0.000631,-0.000018,-0.000004,0.000012,-0.000095,-0.000143,0.000049
0.000231,0.000219,-0.001727,0.000199,-0.000547,0.002529,-0.000505,-0.014184,0.003089,0.003238,0.002140,0.006101,0.006803,0.006536,0.005750,0.000895,0.024358,0.027405,0.005691,0.003082,-0.002548,0.015086,0.010612,0.026314,0.010477,0.001283,-0.004929,0.001443,-0.000874,-0.014745,-0.004920,-0.003645,-0.016905,0.001740,-0.015597,-0.007313,-0.002968,-0.010365,0.004714,-0.013420,-0.006006,0.008599,-0.005123,-0.000602,-0.011041,-0.002869,-0.003586,-0.001653,-0.000941,-0.000086,-0.000218,-0.000109,0.000281,0.000629,0.000003,0.000010,-0.000001,-0.000091,-0.000061,0.000045
-0.000086,-0.000339,0.000155,-0.000956,-0.000785,0.002022,-0.005565,0.000299,0.001148,0.002437,-0.014584,0.002324,-0.003387,0.000544,-0.002433,0.009440,0.002778,0.005691,0.025222,0.004684,-0.001469,-0.009768,0.003428,0.009650,-0.003679,-0.000968,-0.007179,-0.001456,-0.003318,0.002207,0.002351,0.014660,-0.005012,0.015562,-0.002010,0.000026,-0.002625,0.008853,-0.000290,-0.004323,-0.000598,-0.005940,0.003313,0.002756,-0.006366,0.006924,-0.003499,-0.001009,-0.000315,-0.000041,-0.000318,-0.000073,0.000095,0.000693,-0.000031,0.000044,0.000033,-0.000027,0.000543,-0.000044
-0.000127,0.000281,-0.005353,-0.000331,0.000508,0.001910,0.001505,0.001449,0.001068,0.005385,-0.003305,0.003599,0.014505,0.001360,0.003819,-0.002522,0.002476,0.003082,0.004684,0.017623,0.008183,-0.001650,0.013015,0.003568,-0.003261,-0.004293,0.001897,-0.000160,-0.003557,-0.005390,0.007539,0.000914,-0.007227,0.011710,-0.002548,-0.015415,-0.001408,-0.012438,-0.002500,-0.005189,-0.003399,-0.001484,0.002535,0.001167,-0.003004,-0.000307,0.000087,-0.000730,-0.001016,-0.000068,-0.000088,0.000183,0.000020,-0.000007,0.000058,0.000000,0.000021,0.000260,0.000568,0.000024
-0.000109,0.000252,-0.002454,-0.000166,0.003979,0.000794,0.000337,0.002744,-0.000269,-0.003200,-0.002998,-0.003965,0.005848,-0.002217,0.006690,0.000622,-0.003912,-0.002548,-0.001469,0.008183,0.017700,0.000876,0.002161,-0.006059,-0.009715,0.000507,0.004823,-0.002669,0.004361,0.017666,0.013059,-0.000168,0.003315,0.001613,0.004763,-0.004142,-0.003782,-0.010696,-0.004251,0.002537,-0.008005,0.000189,0.002225,-0.000502,0.008957,0.000981,0.004029,0.000667,0.002301,-0.000019,0.000010,0.000263,-0.000101,-0.000269,0.000061,-0.000005,-0.000018,0.000195,0.000179,0.000014
0.000252,0.000059,0.001242,0.000683,0.001605,-0.000283,0.003349,-0.007962,0.000465,-0.000711,0.009288,0.003166,0.006319,-0.000803,0.002758,-0.012023,0.013047,0.015086,-0.009768,-0.001650,0.000876,0.027701,0.000582,0.011018,0.001166,-0.005430,0.000578,-0.003838,-0.001356,-0.010630,-0.002561,-0.007972,-0.002008,-0.004585,0.000970,0.001956,-0.002690,-0.011156,0.001405,-0.007369,-0.004452,0.015614,-0.006224,0.000135,-0.001749,0.000244,0.002394,-0.000488,-0.001304,-0.000032,-0.000006,0.000052,0.000096,-0.000145,-0.000003,0.000013,-0.000026,-0.000073,-0.000046,0.000090
-0.000042,0.000448,-0.007511,-0.000168,-0.000849,0.001868,-0.000169,-0.003860,0.002301,0.011840,-0.001278,0.007343,0.016041,0.006097,0.004614,-0.002267,0.012627,0.010612,0.003428,0.013015,0.002161,0.000582,0.018902,0.015434,0.004957,-0.002690,0.000956,0.003187,-0.005351,-0.019394,0.001123,-0.001877,-0.015542,0.006700,-0.014267,-0.014704,-0.001746,-0.014479,-0.003119,-0.009909,-0.002895,0.000600,0.004075,-0.000258,-0.011100,-0.006599,-0.003229,-0.002001,0.000179,-0.000062,-0.000152,0.000050,0.000151,0.000302,0.000044,-0.000020,0.000029,0.000181,0.000296,0.000025
0.000270,0.000166,-0.004379,-0.000115,-0.003711,0.002099,-0.001816,-0.014784,0.003832,0.013131,-0.001475,0.011507,0.009032,0.013059,0.003699,-0.000521,0.029212,0.026314,0.009650,0.003568,-0.006059,0.011018,0.015434,0.037004,0.013973,-0.000885,-0.007513,0.006069,-0.005274,-0.026272,-0.005321,-0.004382,-0.021979,0.000779,-0.019722,-0.007010,-0.003158,-0.006533,0.004850,-0.015837,-0.004177,0.002121,-0.004794,-0.001174,-0.014849,-0.002128,-0.007196,-0.002685,-0.000456,-0.000122,-0.000266,-0.000208,0.000410,0.000757,-0.000043,-0.000001,0.000024,-0.000120,0.000009,0.000055
0.000123,0.000101,-0.001495,0.000270,-0.003402,0.000094,-0.000277,-0.008505,0.001920,0.006472,0.006099,0.003953,-0.000006,0.009783,0.001391,0.002730,0.013177,0.010477,-0.003679,-0.003261,-0.009715,0.001166,0.004957,0.013973,0.016543,0.004843,-0.002248,0.005765,0.001011,-0.014032,-0.010248,-0.006890,-0.011431,-0.004590,-0.015975,-0.003936,0.002122,-0.000317,0.006583,-0.003566,0.004909,0.001018,-0.003900,-0.001991,-0.007067,-0.006524,-0.004026,-0.000637,-0.000975,-0.000039,0.000043,-0.000214,0.000174,0.000348,-0.000035,-0.000024,-0.000000,-0.000131,-0.000533,0.000003
-0.000022,-0.000087,0.002053,0.000011,0.000074,0.002599,0.000189,-0.005924,0.001969,-0.004521,0.003140,-0.001872,-0.007113,0.010571,0.009098,0.016193,-0.000884,0.001283,-0.000968,-0.004293,0.000507,-0.005430,-0.002690,-0.000885,0.004843,0.018186,-0.003183,0.008576,0.008438,0.011708,-0.002579,-0.002976,-0.010786,-0.006524,-0.012004,-0.007366,-0.003670,0.000924,0.001979,-0.003977,0.000109,0.000250,-0.009795,-0.002192,0.002279,-0.001164,-0.002027,-0.000322,0.001221,0.000021,0.000064,-0.000176,0.000138,0.000187,0.000002,-0.000020,-0.000034,-0.000071,-0.000603,-0.000034
-0.000132,0.000260,-0.001663,0.000183,0.003566,0.000476,0.002489,0.003540,-0.000603,-0.000407,0.003602,-0.004220,0.000833,-0.002099,0.003593,-0.003278,-0.002008,-0.004929,-0.007179,0.001897,0.004823,0.000578,0.000956,-0.007513,-0.002248,-0.003183,0.009596,-0.005474,0.001820,0.005301,0.001691,0.002602,0.005433,0.001180,-0.000934,0.003770,-0.002815,-0.003245,-0.003367,0.006661,0.001229,0.001495,0.009089,0.001567,0.002747,-0.004084,0.004168,0.000976,0.000618,0.000050,0.000011,0.000141,-0.000154,-0.000127,0.000026,-0.000008,-0.000002,0.000095,-0.000058,-0.000007
0.000082,0.000030,-0.000758,0.000025,-0.003251,0.001080,0.000813,-0.004241,0.001328,0.001542,0.000124,0.003472,0.002056,0.008481,0.003201,0.004998,0.002225,0.001443,-0.001456,-0.000160,-0.002669,-0.003838,0.003187,0.006069,0.005765,0.008576,-0.005474,0.010763,0.000510,-0.005991,-0.000960,-0.007813,-0.010672,-0.007801,-0.005701,-0.010703,-0.000498,-0.001566,0.001588,-0.006486,-0.001769,-0.004948,-0.010410,-0.002753,-0.001382,-0.000075,-0.004472,-0.001113,0.000308,-0.000028,0.000052,-0.000153,0.000196,-0.000015,-0.000006,-0.000028,-0.000003,-0.000016,-0.000245,0.000012
-0.000069,0.000131,0.001702,0.000053,0.001864,0.000036,-0.000637,-0.000451,0.000078,-0.004407,0.000315,-0.005479,-0.006533,0.002163,0.004476,0.006986,-0.002232,-0.000874,-0.003318,-0.003557,0.004361,-0.001356,-0.005351,-0.005274,0.001011,0.008438,0.001820,0.000510,0.009581,0.017929,0.002426,-0.001083,0.001811,-0.001210,-0.001246,0.001416,-0.003365,0.002376,0.002415,0.006155,0.001547,0.000809,-0.003560,0.000193,0.008992,0.000436,0.002442,0.000899,0.000904,0.000012,0.000122,-0.000002,-0.000007,-0.000010,-0.000009,-0.000003,-0.000034,-0.000054,-0.000520,-0.000017
-0.000260,-0.000129,0.006250,-0.000263,0.007056,0.001369,-0.002575,0.008410,-0.002193,-0.020835,-0.009677,-0.018412,-0.020070,-0.006054,0.008279,0.016207,-0.019313,-0.014745,0.002207,-0.005390,0.017666,-0.010630,-0.019394,-0.026272,-0.014032,0.011708,0.005301,-0.005991,0.017929,0.058003,0.013568,0.010815,0.019229,0.001081,0.016135,0.009842,-0.008715,0.011957,-0.001522,0.019341,-0.001913,-0.006104,-0.001275,0.001672,0.025170,0.010275,0.008359,0.003559,0.003225,0.000063,0.000072,0.000173,-0.000259,-0.000206,-0.000004,0.000026,-0.000056,-0.000005,-0.000448,-0.000061
-0.000101,0.000244,-0.001718,-0.000325,0.001827,-0.000267,0.000284,0.005957,-0.001038,-0.002041,-0.008897,-0.003029,0.005429,-0.004354,0.001120,-0.002773,-0.006024,-0.004920,0.002351,0.007539,0.013059,-0.002561,0.001123,-0.005321,-0.010248,-0.002579,0.001691,-0.000960,0.002426,0.013568,0.015101,-0.000190,0.005797,0.003620,0.012153,-0.003540,-0.003870,-0.004050,-0.002686,0.004738,-0.006754,-0.006162,-0.000538,0.001153,0.010410,0.005403,0.002661,0.000364,0.000981,-0.000024,0.000029,0.000218,-0.000041,-0.000332,0.000028,0.000004,-0.000004,0.000155,0.000277,0.000021
-0.000206,-0.000266,0.001330,-0.000529,0.003234,0.002393,-0.003181,0.005035,-0.000256,-0.002767,-0.008936,-0.004178,-0.008605,-0.003615,0.000749,0.006870,-0.004001,-0.003645,0.014660,0.000914,-0.000168,-0.007972,-0.001877,-0.004382,-0.006890,-0.002976,0.002602,-0.007813,-0.001083,0.010815,-0.000190,0.018883,0.004957,0.013222,0.000792,0.008055,-0.005236,0.010349,-0.004962,0.004041,0.003303,-0.002601,0.011119,0.004189,-0.002720,0.004175,0.001633,0.000502,0.000438,0.000048,-0.000290,0.000022,-0.000119,0.000477,-0.000022,0.000041,0.000023,0.000010,0.000359,-0.000057
-0.000071,-0.000101,0.004006,0.000132,0.002385,-0.004264,-0.001236,0.012848,-0.004558,-0.009310,-0.004323,-0.009575,-0.009144,-0.017109,-0.010015,-0.009372,-0.016913,-0.016905,-0.005012,-0.007227,0.003315,-0.002008,-0.015542,-0.021979,-0.011431,-0.010786,0.005433,-0.010672,0.001811,0.019229,0.005797,0.004957,0.027773,-0.000434,0.026007,0.018773,0.003624,0.011301,-0.001597,0.018576,0.002338,-0.003598,0.007321,0.001918,0.014005,0.005675,0.006715,0.002770,0.000472,0.000057,0.000150,0.000201,-0.000350,-0.000576,-0.000018,0.000023,-0.000006,-0.000021,0.000104,-0.000010
-0.000285,0.000011,-0.002513,-0.000879,0.001210,-0.000607,-0.004561,0.005812,0.000407,0.009402,-0.008680,0.001890,0.004028,-0.003017,-0.004088,0.000900,-0.000735,0.001740,0.015562,0.011710,0.001613,-0.004585,0.006700,0.000779,-0.004590,-0.006524,0.001180,-0.007801,-0.001210,0.001081,0.003620,0.013222,-0.000434,0.027292,-0.001805,-0.001351,-0.001213,0.002116,-0.000803,0.002053,0.008127,0.003243,0.009425,0.005767,-0.002703,0.002335,0.002002,-0.000455,-0.001828,-0.000045,-0.000099,0.000125,-0.000052,0.000406,-0.000009,0.000043,0.000021,0.000104,0.000508,-0.000030
0.000016,-0.000148,0.004728,0.000103,0.000466,-0.003555,-0.000017,0.013604,-0.004928,-0.013046,-0.011237,-0.007438,-0.003441,-0.018673,-0.010551,-0.013079,-0.018845,-0.015597,-0.002010,-0.002548,0.004763,0.000970,-0.014267,-0.019722,-0.015975,-0.012004,-0.000934,-0.005701,-0.001246,0.016135,0.012153,0.000792,0.026007,-0.001805,0.037869,0.008585,0.001367,0.008748,-0.002437,0.013174,-0.003936,-0.008462,-0.004089,0.001794,0.016140,0.013792,0.004872,0.001991,-0.000666,0.000014,0.000116,0.000221,-0.000220,-0.000838,-0.000018,0.000032,-0.000001,0.000038,0.000421,0.000040
0.000029,-0.000269,0.004568,-0.000007,0.001952,-0.003712,-0.002697,0.004608,-0.002411,-0.001870,0.000692,-0.005277,-0.015189,-0.008830,-0.009303,-0.004126,-0.004370,-0.007313,0.000026,-0.015415,-0.004142,0.001956,-0.014704,-0.007010,-0.003936,-0.007366,0.003770,-0.010703,0.001416,0.009842,-0.003540,0.008055,0.018773,-0.001351,0.008585,0.028790,0.002555,0.016415,0.001273,0.013072,0.005592,0.002517,0.011055,0.002049,0.005121,0.001453,0.003951,0.001648,0.001044,0.000069,0.000033,-0.000016,-0.000213,0.000026,-0.000064,0.000027,-0.000006,-0.000230,-0.000166,-0.000037
0.000071,-0.000089,-0.000358,0.000034,-0.003066,-0.004066,-0.002010,0.001026,-0.000889,0.004277,0.005298,0.003726,0.002603,-0.004633,-0.010032,-0.004261,-0.003655,-0.002968,-0.002625,-0.001408,-0.003782,-0.002690,-0.001746,-0.003158,0.002122,-0.003670,-0.002815,-0.000498,-0.003365,-0.008715,-0.003870,-0.005236,0.003624,-0.001213,0.001367,0.002555,0.012907,-0.000813,0.003674,0.000031,0.002872,0.002852,0.002462,-0.002744,-0.002511,-0.004564,-0.001136,0.000180,-0.000476,-0.000025,0.000196,0.000009,-0.000102,-0.000194,0.000022,-0.000009,0.000005,-0.000016,0.000119,-0.000014
-0.000047,-0.000478,0.006042,-0.000354,-0.001494,-0.001141,-0.002997,0.005422,-0.001551,-0.004064,-0.007729,-0.004761,-0.019412,-0.001834,-0.007532,0.005884,-0.008334,-0.010365,0.008853,-0.012438,-0.010696,-0.011156,-0.014479,-0.006533,-0.000317,0.000924,-0.003245,-0.001566,0.002376,0.011957,-0.004050,0.010349,0.011301,0.002116,0.008748,0.016415,-0.000813,0.026033,0.003667,0.011072,0.009325,-0.009305,0.000076,0.002943,0.005263,0.008650,-0.000243,0.001182,-0.000751,0.000049,-0.000011,-0.000200,-0.000039,0.000199,-0.000107,0.000032,0.000008,-0.000247,-0.000223,-0.000055
0.000103,-0.000095,0.001640,0.000004,-0.002351,-0.001308,0.000691,-0.003841,0.000475,0.001407,0.003537,0.001503,-0.002554,0.003177,-0.003263,0.000538,0.004141,0.004714,-0.000290,-0.002500,-0.004251,0.001405,-0.003119,0.004850,0.006583,0.001979,-0.003367,0.001588,0.002415,-0.001522,-0.002686,-0.004962,-0.001597,-0.000803,-0.002437,0.001273,0.003674,0.003667,0.008503,0.000752,0.002678,0.000474,-0.005257,-0.000379,0.001511,0.000418,-0.001062,0.000281,-0.001985,-0.000035,0.000129,-0.000097,0.000072,0.000048,-0.000030,0.000003,-0.000011,-0.000129,-0.000238,0.000001
-0.000166,0.000099,0.001585,-0.000035,0.001855,-0.003054,-0.001635,0.009984,-0.002836,-0.003596,-0.004533,-0.009092,-0.008988,-0.007949,-0.005044,-0.002702,-0.011197,-0.013420,-0.004323,-0.005189,0.002537,-0.007369,-0.009909,-0.015837,-0.003566,-0.003977,0.006661,-0.006486,0.006155,0.019341,0.004738,0.004041,0.018576,0.002053,0.013174,0.013072,0.000031,0.011072,0.000752,0.019030,0.006162,-0.005933,0.006632,0.002340,0.013202,0.002076,0.005268,0.002278,0.000480,0.000047,0.000167,0.000120,-0.000230,-0.000284,-0.000036,0.000006,-0.000009,-0.000029,-0.000282,-0.000028
-0.000146,-0.000171,0.000540,-0.000196,-0.001470,-0.002685,-0.003017,0.003476,-0.000270,0.007943,0.001874,0.000636,-0.005368,0.002040,-0.005560,0.001061,-0.003874,-0.006006,-0.000598,-0.003399,-0.008005,-0.004452,-0.002895,-0.004177,0.004909,0.000109,0.001229,-0.001769,0.001547,-0.001913,-0.006754,0.003303,0.002338,0.008127,-0.003936,0.005592,0.002872,0.009325,0.002678,0.006162,0.014298,0.002962,0.003233,0.002050,-0.000197,-0.001792,0.000875,0.000214,-0.001344,0.000015,0.000151,-0.000075,-0.000047,0.000111,-0.000060,0.000006,-0.000001,-0.000085,-0.000277,-0.000035
0.000037,-0.000045,0.000474,0.000282,0.001917,-0.001552,-0.000638,-0.005084,0.000864,0.003959,0.011423,0.003222,0.003358,-0.000392,0.000329,-0.002778,0.005062,0.008599,-0.005940,-0.001484,0.000189,0.015614,0.000600,0.002121,0.001018,0.000250,0.001495,-0.004948,0.000809,-0.006104,-0.006162,-0.002601,-0.003598,0.003243,-0.008462,0.002517,0.002852,-0.009305,0.000474,-0.005933,0.002962,0.019408,0.001383,-0.000091,-0.004458,-0.005967,0.002463,-0.000549,-0.000428,0.000005,0.000089,0.000047,-0.000022,0.000056,0.000023,0.000008,-0.000028,-0.000036,-0.000103,0.000012
-0.000192,0.000173,-0.003527,-0.000256,0.003136,-0.000915,-0.002113,0.005991,-0.000787,0.005941,-0.000265,-0.001623,0.000994,-0.006655,-0.003353,-0.003253,-0.001411,-0.005123,0.003313,0.002535,0.002225,-0.006224,0.004075,-0.004794,-0.003900,-0.009795,0.009089,-0.010410,-0.003560,-0.001275,-0.000538,0.011119,0.007321,0.009425,-0.004089,0.011055,0.002462,0.000076,-0.005257,0.006632,0.003233,0.001383,0.021499,0.002121,-0.004908,-0.007151,0.002809,0.000575,0.001453,0.000048,-0.000116,0.000155,-0.000246,0.000215,0.000032,0.000005,0.000029,0.000100,0.000341,-0.000050
-0.000073,0.000012,0.000426,-0.000145,0.000991,0.000288,0.000354,0.002177,-0.000192,0.000376,-0.002293,-0.001010,-0.001086,-0.001274,-0.000511,-0.000966,-0.000705,-0.000602,0.002756,0.001167,-0.000502,0.000135,-0.000258,-0.001174,-0.001991,-0.002192,0.001567,-0.002753,0.000193,0.001672,0.001153,0.004189,0.001918,0.005767,0.001794,0.002049,-0.002744,0.002943,-0.000379,0.002340,0.002050,-0.000091,0.002121,0.002578,0.000820,0.002010,0.001287,0.000090,-0.000857,0.000014,-0.000040,0.000024,-0.000013,0.000066,-0.000014,0.000015,0.000004,-0.000000,0.000080,-0.000004
-0.000077,0.000102,0.002769,0.000010,0.001856,-0.002043,0.000469,0.006768,-0.002185,-0.007675,-0.003792,-0.008162,-0.006055,-0.004729,-0.000286,-0.000659,-0.011845,-0.011041,-0.006366,-0.003004,0.008957,-0.001749,-0.011100,-0.014849,-0.007067,0.002279,0.002747,-0.001382,0.008992,0.025170,0.010410,-0.002720,0.014005,-0.002703,0.016140,0.005121,-0.002511,0.005263,0.001511,0.013202,-0.000197,-0.004458,-0.004908,0.000820,0.018421,0.006486,0.005072,0.001852,0.000717,0.000010,0.000234,0.000132,-0.000116,-0.000528,-0.000016,0.000002,-0.000035,-0.000004,-0.000311,0.000008
0.000022,-0.000261,0.003569,-0.000225,-0.000131,0.000842,-0.000005,0.002969,-0.000926,-0.006699,-0.008747,-0.002421,-0.005227,-0.002372,-0.000861,0.000430,-0.004697,-0.002869,0.006924,-0.000307,0.000981,0.000244,-0.006599,-0.002128,-0.006524,-0.001164,-0.004084,-0.000075,0.000436,0.010275,0.005403,0.004175,0.005675,0.002335,0.013792,0.001453,-0.004564,0.008650,0.000418,0.002076,-0.001792,-0.005967,-0.007151,0.002010,0.006486,0.011656,0.000592,0.000446,-0.000923,-0.000018,-0.000075,-0.000008,0.000038,-0.000094,-0.000044,0.000031,-0.000000,-0.000044,0.000197,0.000018
-0.000068,0.000068,0.000675,0.000074,0.002288,-0.000605,0.000609,0.003147,-0.000917,-0.002501,0.000896,-0.003473,-0.001229,-0.003784,0.000367,-0.002350,-0.003957,-0.003586,-0.003499,0.000087,0.004029,0.002394,-0.003229,-0.007196,-0.004026,-0.002027,0.004168,-0.004472,0.002442,0.008359,0.002661,0.001633,0.006715,0.002002,0.004872,0.003951,-0.001136,-0.000243,-0.001062,0.005268,0.000875,0.002463,0.002809,0.001287,0.005072,0.000592,0.003587,0.000870,0.000091,0.000024,0.000053,0.000110,-0.000109,-0.000169,0.000007,0.000007,-0.000011,0.000031,-0.000018,0.000001
-0.000010,-0.000006,0.000582,0.000033,0.000454,-0.000109,0.000265,0.000910,-0.000383,-0.001888,0.000225,-0.001546,-0.001625,-0.001228,-0.000104,-0.000066,-0.001601,-0.001653,-0.001009,-0.000730,0.000667,-0.000488,-0.002001,-0.002685,-0.000637,-0.000322,0.000976,-0.001113,0.000899,0.003559,0.000364,0.000502,0.002770,-0.000455,0.001991,0.001648,0.000180,0.001182,0.000281,0.002278,0.000214,-0.000549,0.000575,0.000090,0.001852,0.000446,0.000870,0.000644,0.000004,0.000011,0.000018,0.000017,-0.000045,-0.000052,0.000000,0.000001,-0.000003,-0.000004,-0.000027,-0.000003
-0.000008,0.000084,-0.000633,-0.000009,0.000621,0.000013,-0.001327,0.000215,-0.000054,-0.000365,-0.001102,-0.000861,-0.000523,-0.000289,0.001373,0.001581,-0.000303,-0.000941,-0.000315,-0.001016,0.002301,-0.001304,0.000179,-0.000456,-0.000975,0.001221,0.000618,0.000308,0.000904,0.003225,0.000981,0.000438,0.000472,-0.001828,-0.000666,0.001044,-0.000476,-0.000751,-0.001985,0.000480,-0.001344,-0.000428,0.001453,-0.000857,0.000717,-0.000923,0.000091,0.000004,0.001566,0.000001,-0.000017,0.000012,-0.000016,0.000014,0.000009,-0.000006,-0.000002,0.000013,-0.000054,-0.000004
-0.000001,-0.000003,0.000029,0.000002,0.000026,0.000009,0.000025,0.000035,-0.000009,-0.000058,0.000032,-0.000048,-0.000075,-0.000025,0.000011,0.000019,-0.000083,-0.000086,-0.000041,-0.000068,-0.000019,-0.000032,-0.000062,-0.000122,-0.000039,0.000021,0.000050,-0.000028,0.000012,0.000063,-0.000024,0.000048,0.000057,-0.000045,0.000014,0.000069,-0.000025,0.000049,-0.000035,0.000047,0.000015,0.000005,0.000048,0.000014,0.000010,-0.000018,0.000024,0.000011,0.000001,0.000016,0.000000,-0.000000,-0.000001,-0.000001,0.000000,0.000000,0.000000,-0.000000,-0.000001,-0.000000
0.000000,0.000000,0.000016,0.000008,-0.000049,-0.000127,0.000008,0.000081,-0.000032,0.000090,0.000182,-0.000000,0.000022,-0.000034,-0.000166,-0.000110,-0.000222,-0.000218,-0.000318,-0.000088,0.000010,-0.000006,-0.000152,-0.000266,0.000043,0.000064,0.000011,0.000052,0.000122,0.000072,0.000029,-0.000290,0.000150,-0.000099,0.000116,0.000033,0.000196,-0.000011,0.000129,0.000167,0.000151,0.000089,-0.000116,-0.000040,0.000234,-0.000075,0.000053,0.000018,-0.000017,0.000000,0.000015,0.000001,-0.000002,-0.000014,0.000000,-0.000001,-0.000001,-0.000001,-0.000010,0.000000
-0.000004,0.000005,-0.000057,0.000004,0.000071,-0.000029,0.000003,0.000149,-0.000034,-0.000010,-0.000046,-0.000062,0.000177,-0.000188,-0.000011,-0.000174,-0.000135,-0.000109,-0.000073,0.000183,0.000263,0.000052,0.000050,-0.000208,-0.000214,-0.000176,0.000141,-0.000153,-0.000002,0.000173,0.000218,0.000022,0.000201,0.000125,0.000221,-0.000016,0.000009,-0.000200,-0.000097,0.000120,-0.000075,0.000047,0.000155,0.000024,0.000132,-0.000008,0.000110,0.000017,0.000012,-0.000000,0.000001,0.000012,-0.000004,-0.000008,0.000002,0.000000,-0.000000,0.000004,0.000008,0.000000
0.000003,-0.000000,-0.000020,-0.000001,-0.000064,0.000044,0.000003,-0.000189,0.000054,0.000110,-0.000042,0.000136,0.000075,0.000239,0.000095,0.000076,0.000288,0.000281,0.000095,0.000020,-0.000101,0.000096,0.000151,0.000410,0.000174,0.000138,-0.000154,0.000196,-0.000007,-0.000259,-0.000041,-0.000119,-0.000350,-0.000052,-0.000220,-0.000213,-0.000102,-0.000039,0.000072,-0.000230,-0.000047,-0.000022,-0.000246,-0.000013,-0.000116,0.000038,-0.000109,-0.000045,-0.000016,-0.000001,-0.000002,-0.000004,0.000009,0.000007,-0.000001,-0.000000,0.000000,-0.000002,-0.000004,0.000001
-0.000001,-0.000004,-0.000044,-0.000018,0.000006,0.000145,-0.000189,-0.000327,0.000123,0.000214,-0.000188,0.000115,-0.000208,0.000344,0.000192,0.000519,0.000631,0.000629,0.000693,-0.000007,-0.000269,-0.000145,0.000302,0.000757,0.000348,0.000187,-0.000127,-0.000015,-0.000010,-0.000206,-0.000332,0.000477,-0.000576,0.000406,-0.000838,0.000026,-0.000194,0.000199,0.000048,-0.000284,0.000111,0.000056,0.000215,0.000066,-0.000528,-0.000094,-0.000169,-0.000052,0.000014,-0.000001,-0.000014,-0.000008,0.000007,0.000043,-0.000001,0.000001,0.000001,-0.000005,-0.000002,-0.000002
-0.000000,0.000005,-0.000020,0.000004,0.000017,0.000010,0.000022,-0.000000,0.000002,-0.000026,0.000037,-0.000000,0.000070,-0.000031,0.000029,-0.000005,-0.000018,0.000003,-0.000031,0.000058,0.000061,-0.000003,0.000044,-0.000043,-0.000035,0.000002,0.000026,-0.000006,-0.000009,-0.000004,0.000028,-0.000022,-0.000018,-0.000009,-0.000018,-0.000064,0.000022,-0.000107,-0.000030,-0.000036,-0.000060,0.000023,0.000032,-0.000014,-0.000016,-0.000044,0.000007,0.000000,0.000009,0.000000,0.000000,0.000002,-0.000001,-0.000001,0.000003,-0.000000,-0.000000,0.000002,0.000002,0.000000
-0.000000,-0.000001,0.000014,-0.000001,0.000006,0.000001,-0.000008,0.000008,-0.000002,-0.000015,-0.000025,-0.000006,-0.000022,-0.000022,-0.000013,-0.000000,-0.000004,0.000010,0.000044,0.000000,-0.000005,0.000013,-0.000020,-0.000001,-0.000024,-0.000020,-0.000008,-0.000028,-0.000003,0.000026,0.000004,0.000041,0.000023,0.000043,0.000032,0.000027,-0.000009,0.000032,0.000003,0.000006,0.000006,0.000008,0.000005,0.000015,0.000002,0.000031,0.000007,0.000001,-0.000006,0.000000,-0.000001,0.000000,-0.000000,0.000001,-0.000000,0.000001,-0.000000,-0.000000,0.000001,0.000000
-0.000000,-0.000003,-0.000012,-0.000001,-0.000006,0.000003,-0.000004,0.000010,-0.000000,0.000021,-0.000024,0.000015,0.000018,-0.000007,-0.000015,-0.000015,0.000012,-0.000001,0.000033,0.000021,-0.000018,-0.000026,0.000029,0.000024,-0.000000,-0.000034,-0.000002,-0.000003,-0.000034,-0.000056,-0.000004,0.000023,-0.000006,0.000021,-0.000001,-0.000006,0.000005,0.000008,-0.000011,-0.000009,-0.000001,-0.000028,0.000029,0.000004,-0.000035,-0.000000,-0.000011,-0.000003,-0.000002,0.000000,-0.000001,-0.000000,0.000000,0.000001,-0.000000,-0.000000,0.000001,0.000000,0.000002,-0.000000
-0.000003,0.000006,-0.000093,-0.000002,0.000036,0.000024,0.000030,0.000095,-0.000003,0.000026,-0.000040,0.000002,0.000237,-0.000051,0.000075,-0.000060,-0.000095,-0.000091,-0.000027,0.000260,0.000195,-0.000073,0.000181,-0.000120,-0.000131,-0.000071,0.000095,-0.000016,-0.000054,-0.000005,0.000155,0.000010,-0.000021,0.000104,0.000038,-0.000230,-0.000016,-0.000247,-0.000129,-0.000029,-0.000085,-0.000036,0.000100,-0.000000,-0.000004,-0.000044,0.000031,-0.000004,0.000013,-0.000000,-0.000001,0.000004,-0.000002,-0.000005,0.000002,-0.000000,0.000000,0.000006,0.000009,0.000000
-0.000002,-0.000008,-0.000096,-0.000021,0.000011,0.000040,0.000029,0.000229,-0.000028,0.000068,-0.000290,0.000199,0.000466,-0.000371,-0.000224,-0.000344,-0.000143,-0.000061,0.000543,0.000568,0.000179,-0.000046,0.000296,0.000009,-0.000533,-0.000603,-0.000058,-0.000245,-0.000520,-0.000448,0.000277,0.000359,0.000104,0.000508,0.000421,-0.000166,0.000119,-0.000223,-0.000238,-0.000282,-0.000277,-0.000103,0.000341,0.000080,-0.000311,0.000197,-0.000018,-0.000027,-0.000054,-0.000001,-0.000010,0.000008,-0.000004,-0.000002,0.000002,0.000001,0.000002,0.000009,0.000052,0.000001
0.000002,0.000002,-0.000008,0.000003,-0.000005,-0.000001,0.000017,-0.000018,-0.000001,0.000002,0.000005,0.000020,0.000059,-0.000002,0.000010,-0.000070,0.000049,0.000045,-0.000044,0.000024,0.000014,0.000090,0.000025,0.000055,0.000003,-0.000034,-0.000007,0.000012,-0.000017,-0.000061,0.000021,-0.000057,-0.000010,-0.000030,0.000040,-0.000037,-0.000014,-0.000055,0.000001,-0.000028,-0.000035,0.000012,-0.000050,-0.000004,0.000008,0.000018,0.000001,-0.000003,-0.000004,-0.000000,0.000000,0.000000,0.000001,-0.000002,0.000000,0.000000,-0.000000,0.000000,0.000001,0.000002
