0.010425,0.000872,0.000197,0.000328,-0.002097,-0.003438,0.000554,0.001924,0.000579,0.006336,-0.005252,-0.000176,-0.006479,-0.002511,-0.005353,0.004611,0.003001,0.000900,0.000348,-0.001014,0.001117,0.004109,0.000460,-0.000936,0.000439,-0.002053,-0.005984,-0.004678,0.007447,-0.006646,-0.002565,-0.002010,0.002773,0.003296,0.004514,0.004062,0.000837,0.001290,0.002911,0.001669,-0.003421,0.001337,0.007691,-0.005374,-0.002369,-0.006675,-0.000509,-0.003810,0.002697,0.001541,-0.001156,0.001723,0.008037,0.000195,-0.000518,-0.001137,-0.000028,0.001649,-0.002337,0.002652
0.000872,0.018473,-0.008988,0.000776,0.002361,-0.001091,-0.009735,0.006976,0.001812,0.001841,0.006984,0.005320,0.000955,0.001511,-0.001090,-0.000202,0.001695,-0.003100,-0.000162,0.003576,0.011185,-0.006159,0.004199,-0.005093,-0.004937,-0.011491,0.005844,-0.001036,-0.004857,-0.002164,0.009214,-0.019274,0.000517,-0.002756,0.000823,-0.010383,0.007849,0.001596,0.000276,-0.001070,-0.010623,0.001331,0.003422,-0.000266,0.007280,0.000347,0.001652,0.009831,0.006454,0.002773,0.004219,0.008769,0.006595,-0.000221,0.005046,0.003161,-0.003027,0.003719,-0.005888,-0.002021
0.000197,-0.008988,0.016690,0.002468,-0.000849,-0.004288,-0.000512,-0.005051,-0.002322,0.005249,0.001792,-0.001016,-0.002591,0.005272,-0.000370,-0.003989,-0.002144,0.001156,-0.008987,-0.012533,-0.006528,-0.000132,-0.001998,0.002727,0.001547,0.017711,-0.005184,-0.000445,0.004568,0.003807,-0.004784,0.006223,0.006829,0.003735,-0.002667,0.013144,-0.001773,0.000274,-0.002361,0.008364,0.012852,0.006898,0.010322,-0.004261,-0.001885,-0.000752,-0.003613,-0.007443,-0.002785,0.001900,0.002899,-0.004918,0.000901,0.002549,-0.000542,-0.002532,-0.006689,-0.004325,-0.002852,-0.000418
0.000328,0.000776,0.002468,0.006274,0.001001,0.007361,-0.003893,-0.004892,0.000315,-0.000869,0.001571,-0.002883,0.000429,0.001664,0.006498,0.005812,0.004300,0.004684,-0.003051,-0.003947,0.000113,0.000649,-0.000360,0.001906,-0.003721,0.006211,0.000374,0.003349,0.002516,0.006059,0.000737,-0.003798,0.001054,-0.001969,-0.000441,-0.004913,0.002241,0.000742,-0.006044,0.003289,-0.002262,-0.003359,-0.000286,-0.001950,-0.003536,-0.001339,-0.002648,0.000988,0.001823,0.005886,-0.002266,0.001112,0.000005,0.006453,-0.000298,-0.000728,0.000984,-0.003202,-0.005870,-0.003143
-0.002097,0.002361,-0.000849,0.001001,0.005859,0.002594,0.002529,-0.003651,-0.000207,-0.003942,0.005897,-0.001213,0.007984,0.000462,0.000021,-0.005901,0.003176,0.002560,-0.001140,0.005188,0.008830,-0.003307,0.002660,-0.002887,-0.014518,-0.000429,0.001758,0.001160,-0.005693,-0.001579,0.000476,-0.003428,-0.005566,-0.007237,-0.008296,-0.017544,-0.001022,-0.003130,0.002914,0.001831,0.000557,-0.000669,-0.001920,-0.000529,0.003688,0.004194,-0.001584,0.000989,0.000669,0.001055,0.004394,-0.004395,-0.008991,0.002563,0.001858,-0.003967,0.004840,0.003608,-0.002214,-0.001617
-0.003438,-0.001091,-0.004288,0.007361,0.002594,0.018881,-0.000714,-0.010469,0.001926,-0.004915,0.001642,-0.005613,-0.000127,0.000400,0.013614,0.010781,0.011425,0.009337,0.001257,0.005046,0.001690,0.003362,0.004929,0.007270,-0.004313,0.000857,0.002105,0.009362,0.002015,0.003815,0.000351,-0.000798,-0.010880,-0.008445,-0.008198,-0.023981,0.004501,-0.006079,-0.006632,-0.005824,-0.008439,-0.014352,-0.015593,0.000060,-0.008196,0.001551,-0.003286,0.003293,0.004846,0.003318,-0.007098,-0.004599,-0.006661,0.004896,-0.003628,-0.003445,0.007599,-0.002189,-0.003526,-0.003820
0.000554,-0.009735,-0.000512,-0.003893,0.002529,-0.000714,0.023098,-0.004792,0.000184,-0.002624,0.000752,-0.002971,0.008411,-0.003862,-0.004642,-0.009761,0.004755,0.004202,-0.000431,0.015353,0.002584,0.008512,-0.001734,-0.001837,-0.005631,-0.004327,-0.002607,-0.002008,-0.006108,-0.010277,-0.011183,0.005876,-0.007611,-0.004263,-0.001767,-0.012859,-0.006438,-0.010552,0.003154,-0.010364,0.003393,-0.000037,-0.012361,0.004808,-0.008832,0.004428,0.007947,-0.007383,-0.005031,-0.000351,-0.001753,-0.011137,-0.012985,-0.002671,-0.004224,-0.012733,0.007394,0.005539,0.007282,0.003659
0.001924,0.006976,-0.005051,-0.004892,-0.003651,-0.010469,-0.004792,0.017600,-0.001135,0.000939,-0.005301,-0.000013,-0.003121,-0.002742,-0.007060,-0.003769,-0.015829,-0.016106,-0.002034,-0.004194,-0.000257,-0.009403,-0.003255,-0.010813,0.011264,-0.005985,0.003798,-0.008160,0.000441,0.003093,0.006361,-0.003892,0.010988,0.012153,0.008498,0.021850,-0.003658,0.010033,0.000744,0.002545,0.001316,0.009080,0.013917,0.003926,0.011609,-0.000473,0.006590,0.006335,-0.001363,-0.001558,0.001955,0.013963,0.009191,-0.005769,0.004764,0.008750,-0.007566,0.001883,0.005070,0.001224
0.000579,0.001812,-0.002322,0.000315,-0.000207,0.001926,0.000184,-0.001135,0.001280,0.001719,0.001100,0.002146,-0.002341,0.000672,0.001533,0.002524,0.004342,0.002831,0.001287,0.003924,0.001322,0.003269,0.002207,0.003074,0.001644,-0.004174,0.000225,0.002087,0.000447,-0.003543,-0.000243,-0.002806,-0.003127,-0.002288,-0.000828,-0.006613,0.003078,-0.003208,-0.000177,-0.005141,-0.004954,-0.002703,-0.005409,-0.000168,-0.002585,-0.000746,0.000287,0.000210,0.002019,-0.001622,-0.001655,-0.000970,0.001479,-0.001752,-0.001088,-0.001477,-0.000301,0.000738,-0.001413,0.001015
0.006336,0.001841,0.005249,-0.000869,-0.003942,-0.004915,-0.002624,0.000939,0.001719,0.021924,0.002192,0.005176,-0.014639,0.004546,-0.006338,0.003512,0.000132,-0.003238,-0.006153,-0.003296,-0.000526,-0.001379,0.006064,0.003254,0.009662,-0.004378,-0.005753,0.003098,0.006361,-0.017349,-0.005036,-0.008453,0.001024,0.001565,-0.003236,0.000543,0.011538,-0.004607,0.005916,-0.005261,-0.001563,-0.000196,0.004067,-0.004519,-0.001461,-0.004653,-0.003020,-0.007108,0.006269,-0.005708,0.002997,-0.000932,0.015136,-0.007976,-0.000606,-0.002707,-0.011573,-0.001611,0.001893,0.004013
-0.005252,0.006984,0.001792,0.001571,0.005897,0.001642,0.000752,-0.005301,0.001100,0.002192,0.017422,0.002934,0.005121,0.005773,0.002271,-0.010907,0.001948,0.001325,-0.006018,0.007900,0.012073,-0.004562,0.003244,-0.002551,-0.011676,-0.003033,0.004614,0.004775,-0.007382,-0.002562,0.000595,-0.016157,-0.006782,-0.014550,-0.007388,-0.025865,0.007541,-0.009436,-0.002925,-0.006021,0.002756,0.003177,-0.008387,0.000249,-0.000255,0.008015,0.000500,0.003810,0.003601,0.001678,0.004958,-0.006408,-0.005800,-0.003692,-0.000136,-0.009103,-0.002932,0.003981,-0.002921,-0.002786
-0.000176,0.005320,-0.001016,-0.002883,-0.001213,-0.005613,-0.002971,-0.000013,0.002146,0.005176,0.002934,0.017745,-0.005069,0.001642,-0.001402,-0.002652,0.008806,0.006489,0.002835,0.002225,-0.001212,0.006640,0.006690,0.012998,0.011645,-0.008320,0.003330,0.004744,-0.004569,-0.014144,0.001304,-0.002137,-0.002715,0.002469,-0.001854,-0.001848,0.007302,-0.005204,0.006593,-0.008769,-0.011762,-0.003342,-0.006554,-0.001116,0.002818,-0.003828,-0.000574,-0.003191,-0.000903,-0.010714,0.002405,-0.002576,0.005745,-0.007931,0.000142,0.004300,-0.008738,-0.001376,-0.008123,0.006692
-0.006479,0.000955,-0.002591,0.000429,0.007984,-0.000127,0.008411,-0.003121,-0.002341,-0.014639,0.005121,-0.005069,0.031588,-0.008717,-0.007399,-0.010375,-0.008474,-0.001017,0.003703,0.000670,0.004416,-0.011390,-0.012943,-0.015917,-0.030315,0.005784,0.004636,-0.001518,-0.017840,0.008193,-0.004202,-0.005076,0.004907,-0.007238,0.009064,-0.002120,-0.008906,0.007879,0.000551,0.016209,0.007380,0.001007,0.003642,0.005540,0.004065,0.007510,-0.001312,0.001524,-0.011486,0.013768,0.007984,0.002200,-0.018942,0.018208,0.006238,0.000659,0.014193,-0.001622,0.004234,-0.007290
-0.002511,0.001511,0.005272,0.001664,0.000462,0.000400,-0.003862,-0.002742,0.000672,0.004546,0.005773,0.001642,-0.008717,0.015776,0.008956,0.002531,0.011282,0.007347,-0.006601,0.004682,0.004609,0.010119,0.006498,0.008198,0.003202,-0.000421,-0.001134,0.002465,0.002602,0.003869,0.005959,0.000937,-0.004145,-0.003189,-0.014293,-0.011701,0.001778,-0.007010,-0.001546,-0.006647,-0.001195,0.005634,-0.005844,-0.001224,-0.000928,-0.000330,0.001549,-0.001227,0.007400,-0.007122,-0.000681,-0.002679,0.003374,-0.004935,-0.000812,-0.007867,-0.005845,0.004682,-0.006899,0.001200
-0.005353,-0.001090,-0.000370,0.006498,0.000021,0.013614,-0.004642,-0.007060,0.001533,-0.006338,0.002271,-0.001402,-0.007399,0.008956,0.020233,0.007646,0.012887,0.010854,-0.002629,0.003871,-0.000224,0.011499,0.004964,0.012821,0.009060,0.001133,0.004921,0.007372,0.003245,0.011585,0.007826,0.004118,-0.008019,-0.003628,-0.009317,-0.015499,0.002017,-0.006253,-0.010340,-0.010537,-0.007023,-0.005724,-0.017398,0.001968,-0.006316,0.000308,0.002281,0.004377,0.005248,-0.002591,-0.009100,-0.002576,-0.002430,-0.002784,-0.005413,-0.003255,-0.000544,-0.000727,-0.009035,-0.000808
0.004611,-0.000202,-0.003989,0.005812,-0.005901,0.010781,-0.009761,-0.003769,0.002524,0.003512,-0.010907,-0.002652,-0.010375,0.002531,0.007646,0.032712,0.014350,0.011851,0.010047,-0.001646,-0.009702,0.014122,0.000275,0.011648,0.004792,0.002077,-0.008613,0.004993,0.015307,0.006236,-0.001859,0.001987,0.001793,0.001058,0.005288,0.005081,0.003845,0.003013,-0.007277,0.000105,-0.016171,-0.011053,-0.003437,-0.005257,-0.014076,-0.011058,-0.007598,-0.000890,0.006620,0.001521,-0.012053,0.006751,0.013179,0.012374,0.000166,0.002922,0.004535,-0.004518,-0.004909,-0.001918
0.003001,0.001695,-0.002144,0.004300,0.003176,0.011425,0.004755,-0.015829,0.004342,0.000132,0.001948,0.008806,-0.008474,0.011282,0.012887,0.014350,0.045750,0.032039,0.005598,0.019053,0.005494,0.032537,0.018574,0.026962,-0.002452,-0.006176,-0.007128,0.004953,0.002898,-0.013707,-0.000156,0.006606,-0.020184,-0.007516,-0.021439,-0.036631,0.005453,-0.020866,0.002675,-0.018372,-0.024462,-0.011764,-0.021367,-0.006186,-0.016264,-0.006300,-0.000076,-0.005225,0.011651,-0.006707,-0.006688,-0.016080,-0.002087,0.003142,-0.003755,-0.012986,0.006994,0.007636,-0.018744,0.005735
0.000900,-0.003100,0.001156,0.004684,0.002560,0.009337,0.004202,-0.016106,0.002831,-0.003238,0.001325,0.006489,-0.001017,0.007347,0.010854,0.011851,0.032039,0.027815,0.006886,0.011804,0.000972,0.025860,0.007529,0.020879,-0.005865,0.000511,-0.005270,0.006600,0.001214,-0.005344,-0.003123,0.006795,-0.013118,-0.008930,-0.010665,-0.024245,0.001861,-0.013146,0.000026,-0.009658,-0.015764,-0.009531,-0.019204,-0.004631,-0.014776,-0.005153,-0.003493,-0.006802,0.003839,-0.003857,-0.005821,-0.012479,-0.005176,0.006670,-0.004206,-0.009534,0.007697,0.002332,-0.014956,0.003353
0.000348,-0.000162,-0.008987,-0.003051,-0.001140,0.001257,-0.000431,-0.002034,0.001287,-0.006153,-0.006018,0.002835,0.003703,-0.006601,-0.002629,0.010047,0.005598,0.006886,0.017785,0.005641,-0.004068,0.006920,-0.002106,0.004058,-0.004447,-0.005341,-0.003353,0.000071,0.000379,-0.002658,-0.002921,0.004521,-0.004654,-0.004800,0.008076,0.001372,-0.000884,0.001110,0.002736,-0.000975,-0.008431,-0.007390,-0.007016,-0.000955,-0.006029,-0.002556,-0.004789,0.001072,-0.001509,-0.001434,-0.003210,-0.001154,-0.001343,0.005738,-0.000542,0.003981,0.010222,0.000283,0.001844,0.000581
-0.001014,0.003576,-0.012533,-0.003947,0.005188,0.005046,0.015353,-0.004194,0.003924,-0.003296,0.007900,0.002225,0.000670,0.004682,0.003871,-0.001646,0.019053,0.011804,0.005641,0.033733,0.016759,0.016889,0.008942,0.004995,-0.008611,-0.021993,0.000455,0.002767,-0.004090,-0.012174,-0.001887,-0.005398,-0.021262,-0.017367,-0.013520,-0.045194,0.000726,-0.019742,0.002662,-0.025364,-0.012898,-0.002831,-0.028524,0.002939,-0.008550,0.005165,0.007860,0.001249,0.007045,-0.009929,-0.005338,-0.011451,-0.009729,-0.010198,-0.004019,-0.017768,0.008078,0.015753,-0.000226,0.004521
0.001117,0.011185,-0.006528,0.000113,0.008830,0.001690,0.002584,-0.000257,0.001322,-0.000526,0.012073,-0.001212,0.004416,0.004609,-0.000224,-0.009702,0.005494,0.000972,-0.004068,0.016759,0.023637,-0.003667,0.007784,-0.007555,-0.020538,-0.013241,0.003568,0.000015,-0.005888,-0.006514,0.005333,-0.014885,-0.011931,-0.014810,-0.015436,-0.039133,0.002143,-0.008184,0.005883,-0.005347,-0.003346,0.003342,-0.005692,-0.001669,0.007994,0.005849,0.001576,0.004464,0.008016,-0.002636,0.006002,-0.003935,-0.007429,-0.005601,0.001929,-0.010910,0.004007,0.012690,-0.004014,-0.000442
0.004109,-0.006159,-0.000132,0.000649,-0.003307,0.003362,0.008512,-0.009403,0.003269,-0.001379,-0.004562,0.006640,-0.011390,0.010119,0.011499,0.014122,0.032537,0.025860,0.006920,0.016889,-0.003667,0.037446,0.005924,0.023095,0.011059,-0.005479,-0.007652,0.000785,0.007550,-0.003478,-0.002216,0.012814,-0.010321,-0.001968,-0.004856,-0.011830,-0.001768,-0.014662,-0.003643,-0.019820,-0.016165,-0.002480,-0.021850,-0.001826,-0.020321,-0.008309,0.005869,-0.007353,0.004923,-0.008405,-0.013100,-0.009826,0.002622,-0.002168,-0.007343,-0.011965,0.003146,0.006058,-0.011825,0.007834
0.000460,0.004199,-0.001998,-0.000360,0.002660,0.004929,-0.001734,-0.003255,0.002207,0.006064,0.003244,0.006690,-0.012943,0.006498,0.004964,0.000275,0.018574,0.007529,-0.002106,0.008942,0.007784,0.005924,0.020195,0.013876,0.005670,-0.008027,-0.000763,0.003874,0.001876,-0.017186,0.003847,0.002358,-0.015911,-0.001492,-0.024579,-0.026261,0.007239,-0.013881,0.008675,-0.013541,-0.011759,-0.007557,-0.007655,-0.004051,0.003049,-0.000014,-0.001020,-0.000148,0.010484,-0.012071,0.001744,-0.010751,0.000821,-0.010037,-0.000713,-0.003768,-0.003483,0.006192,-0.007366,0.005384
-0.000936,-0.005093,0.002727,0.001906,-0.002887,0.007270,-0.001837,-0.010813,0.003074,0.003254,-0.002551,0.012998,-0.015917,0.008198,0.012821,0.011648,0.026962,0.020879,0.004058,0.004995,-0.007555,0.023095,0.013876,0.029518,0.019178,-0.001221,-0.002540,0.009693,0.005868,-0.010296,-0.000091,0.013491,-0.012473,0.001651,-0.014307,-0.011426,0.006459,-0.013687,0.001700,-0.016569,-0.016779,-0.012169,-0.018968,-0.003866,-0.009785,-0.006880,-0.002811,-0.006859,0.004432,-0.014416,-0.007597,-0.011791,0.003765,-0.006352,-0.005873,-0.001479,-0.004589,-0.001949,-0.012987,0.007667
0.000439,-0.004937,0.001547,-0.003721,-0.014518,-0.004313,-0.005631,0.011264,0.001644,0.009662,-0.011676,0.011645,-0.030315,0.003202,0.009060,0.004792,-0.002452,-0.005865,-0.004447,-0.008611,-0.020538,0.011059,0.005670,0.019178,0.057878,-0.005199,0.004544,0.001596,0.010620,-0.004209,0.005530,0.013222,0.004945,0.024028,0.005772,0.033346,0.005919,-0.001877,-0.005408,-0.021337,-0.007746,-0.001816,-0.007051,0.005612,-0.002918,-0.007419,0.011054,-0.000181,-0.000107,-0.015240,-0.011788,0.005506,0.020761,-0.023438,-0.008277,0.010979,-0.022954,-0.007634,0.000073,0.010511
-0.002053,-0.011491,0.017711,0.006211,-0.000429,0.000857,-0.004327,-0.005985,-0.004174,-0.004378,-0.003033,-0.008320,0.005784,-0.000421,0.001133,0.002077,-0.006176,0.000511,-0.005341,-0.021993,-0.013241,-0.005479,-0.008027,-0.001221,-0.005199,0.031247,-0.006106,-0.002417,0.006327,0.017008,-0.005885,0.009909,0.013119,0.006674,0.004496,0.026439,-0.006861,0.008663,-0.009398,0.021041,0.015964,0.004316,0.019050,-0.004653,-0.003864,0.000020,-0.007588,-0.003159,-0.006839,0.012777,0.001312,-0.000857,-0.003492,0.016984,0.002077,0.003612,-0.000029,-0.009331,-0.002825,-0.006593
-0.005984,0.005844,-0.005184,0.000374,0.001758,0.002105,-0.002607,0.003798,0.000225,-0.005753,0.004614,0.003330,0.004636,-0.001134,0.004921,-0.008613,-0.007128,-0.005270,-0.003353,0.000455,0.003568,-0.007652,-0.000763,-0.002540,0.004544,-0.006106,0.011974,0.003760,-0.009310,0.003947,0.007678,-0.005588,-0.000187,0.000519,0.000434,-0.004666,0.001325,0.002207,-0.001682,-0.003116,-0.001941,-0.001334,-0.006220,0.006426,0.008870,0.004211,0.004314,0.006295,-0.002794,-0.001467,0.001394,0.004858,-0.003966,-0.005744,0.000300,0.005078,-0.003545,-0.001836,-0.000984,-0.000562
-0.004678,-0.001036,-0.000445,0.003349,0.001160,0.009362,-0.002008,-0.008160,0.002087,0.003098,0.004775,0.004744,-0.001518,0.002465,0.007372,0.004993,0.004953,0.006600,0.000071,0.002767,0.000015,0.000785,0.003874,0.009693,0.001596,-0.002417,0.003760,0.013464,-0.001631,-0.004478,-0.001848,-0.003112,-0.007360,-0.007384,-0.007312,-0.017714,0.007367,-0.005672,-0.000001,-0.006689,-0.006971,-0.011227,-0.015525,0.000194,-0.001825,0.000388,-0.005819,-0.002755,0.000660,-0.006517,-0.001918,-0.004187,-0.002103,-0.002330,-0.002137,-0.000695,-0.001791,-0.004525,-0.002867,0.000444
0.007447,-0.004857,0.004568,0.002516,-0.005693,0.002015,-0.006108,0.000441,0.000447,0.006361,-0.007382,-0.004569,-0.017840,0.002602,0.003245,0.015307,0.002898,0.001214,0.000379,-0.004090,-0.005888,0.007550,0.001876,0.005868,0.010620,0.006327,-0.009310,-0.001631,0.020322,0.004635,-0.002497,0.003811,0.002515,0.003020,0.001411,0.008748,0.001219,-0.000229,-0.007053,-0.001164,-0.000578,0.001224,0.005406,-0.008012,-0.008821,-0.006707,-0.003610,-0.001249,0.006317,-0.001201,-0.009122,0.000667,0.012469,-0.001400,-0.002752,-0.001486,-0.003785,0.000371,-0.002169,0.000485
-0.006646,-0.002164,0.003807,0.006059,-0.001579,0.003815,-0.010277,0.003093,-0.003543,-0.017349,-0.002562,-0.014144,0.008193,0.003869,0.011585,0.006236,-0.013707,-0.005344,-0.002658,-0.012174,-0.006514,-0.003478,-0.017186,-0.010296,-0.004209,0.017008,0.003947,-0.004478,0.004635,0.042867,0.009819,0.003632,0.016009,0.002551,0.014570,0.023723,-0.011428,0.016356,-0.020819,0.017304,0.013624,0.011819,0.009282,0.003000,-0.000927,0.001829,0.002032,0.010030,-0.004292,0.014535,-0.007602,0.014649,-0.002104,0.012922,0.001615,0.004470,0.003625,-0.004028,-0.000541,-0.011629
-0.002565,0.009214,-0.004784,0.000737,0.000476,0.000351,-0.011183,0.006361,-0.000243,-0.005036,0.000595,0.001304,-0.004202,0.005959,0.007826,-0.001859,-0.000156,-0.003123,-0.002921,-0.001887,0.005333,-0.002216,0.003847,-0.000091,0.005530,-0.005885,0.007678,-0.001848,-0.002497,0.009819,0.016088,-0.000156,0.000200,0.004075,-0.005497,-0.000803,-0.000140,0.004677,-0.000095,0.000675,-0.003286,0.003599,0.002002,0.001948,0.011434,-0.000173,0.003648,0.008254,0.004642,-0.002962,0.001029,0.007673,0.003088,-0.005313,0.001547,0.005729,-0.003247,0.002253,-0.005599,-0.000717
-0.002010,-0.019274,0.006223,-0.003798,-0.003428,-0.000798,0.005876,-0.003892,-0.002806,-0.008453,-0.016157,-0.002137,-0.005076,0.000937,0.004118,0.001987,0.006606,0.006795,0.004521,-0.005398,-0.014885,0.012814,0.002358,0.013491,0.013222,0.009909,-0.005588,-0.003112,0.003811,0.003632,-0.000156,0.037502,-0.003089,0.013409,-0.009692,0.019185,-0.013969,0.001077,0.007605,0.002648,0.005792,-0.002542,-0.000406,0.000608,0.000385,-0.003918,-0.000395,-0.009807,-0.005760,-0.010542,-0.003723,-0.008494,-0.006877,-0.001366,-0.003792,0.003971,0.005220,-0.002109,0.002395,0.005526
0.002773,0.000517,0.006829,0.001054,-0.005566,-0.010880,-0.007611,0.010988,-0.003127,0.001024,-0.006782,-0.002715,0.004907,-0.004145,-0.008019,0.001793,-0.020184,-0.013118,-0.004654,-0.021262,-0.011931,-0.010321,-0.015911,-0.012473,0.004945,0.013119,-0.000187,-0.007360,0.002515,0.016009,0.000200,-0.003089,0.026111,0.015522,0.023211,0.044571,-0.005574,0.019778,-0.007515,0.020057,0.009878,0.011408,0.025592,0.001067,0.004705,-0.004928,0.000730,0.000389,-0.008601,0.011625,0.001548,0.018040,0.011129,0.010530,0.006376,0.011929,-0.007102,-0.009149,0.002364,-0.004121
0.003296,-0.002756,0.003735,-0.001969,-0.007237,-0.008445,-0.004263,0.012153,-0.002288,0.001565,-0.014550,0.002469,-0.007238,-0.003189,-0.003628,0.001058,-0.007516,-0.008930,-0.004800,-0.017367,-0.014810,-0.001968,-0.001492,0.001651,0.024028,0.006674,0.000519,-0.007384,0.003020,0.002551,0.004075,0.013409,0.015522,0.026449,0.007284,0.040784,-0.005810,0.012067,0.001873,0.007695,0.000332,0.003227,0.019118,0.002392,0.008128,-0.007216,0.005107,-0.002069,-0.005535,-0.000754,-0.000222,0.011186,0.010978,-0.000432,0.003222,0.014437,-0.009429,-0.007113,0.000174,0.003723
0.004514,0.000823,-0.002667,-0.000441,-0.008296,-0.008198,-0.001767,0.008498,-0.000828,-0.003236,-0.007388,-0.001854,0.009064,-0.014293,-0.009317,0.005288,-0.021439,-0.010665,0.008076,-0.013520,-0.015436,-0.004856,-0.024579,-0.014307,0.005772,0.004496,0.000434,-0.007312,0.001411,0.014570,-0.005497,-0.009692,0.023211,0.007284,0.044149,0.044672,-0.001584,0.018139,-0.013850,0.011592,0.005390,0.006063,0.011450,0.003969,-0.009740,-0.004742,0.003442,0.003919,-0.011587,0.018544,-0.005848,0.017712,0.010406,0.011082,-0.000254,0.010766,0.000353,-0.010602,0.007912,-0.004958
0.004062,-0.010383,0.013144,-0.004913,-0.017544,-0.023981,-0.012859,0.021850,-0.006613,0.000543,-0.025865,-0.001848,-0.002120,-0.011701,-0.015499,0.005081,-0.036631,-0.024245,0.001372,-0.045194,-0.039133,-0.011830,-0.026261,-0.011426,0.033346,0.026439,-0.004666,-0.017714,0.008748,0.023723,-0.000803,0.019185,0.044571,0.040784,0.044672,0.108129,-0.013094,0.035888,-0.008008,0.031479,0.020275,0.016585,0.045386,0.003559,0.004976,-0.011521,0.002231,-0.002083,-0.019069,0.013042,-0.000441,0.027232,0.022910,0.012074,0.005439,0.029837,-0.013531,-0.020420,0.011469,-0.001843
0.000837,0.007849,-0.001773,0.002241,-0.001022,0.004501,-0.006438,-0.003658,0.003078,0.011538,0.007541,0.007302,-0.008906,0.001778,0.002017,0.003845,0.005453,0.001861,-0.000884,0.000726,0.002143,-0.001768,0.007239,0.006459,0.005919,-0.006861,0.001325,0.007367,0.001219,-0.011428,-0.000140,-0.013969,-0.005574,-0.005810,-0.001584,-0.013094,0.015937,-0.007072,-0.000481,-0.008955,-0.008390,-0.007424,-0.007173,-0.002969,-0.004302,-0.000919,-0.003231,0.001813,0.006940,-0.000809,0.000093,-0.002186,0.008575,-0.005363,-0.002495,-0.000705,-0.006554,-0.002641,-0.002918,0.000037
0.001290,0.001596,0.000274,0.000742,-0.003130,-0.006079,-0.010552,0.010033,-0.003208,-0.004607,-0.009436,-0.005204,0.007879,-0.007010,-0.006253,0.003013,-0.020866,-0.013146,0.001110,-0.019742,-0.008184,-0.014662,-0.013881,-0.013687,-0.001877,0.008663,0.002207,-0.005672,-0.000229,0.016356,0.004677,0.001077,0.019778,0.012067,0.018139,0.035888,-0.007072,0.022445,-0.001518,0.023049,0.007717,0.005263,0.022524,0.001314,0.011126,-0.003962,-0.003285,0.002728,-0.007633,0.008898,0.003199,0.017859,0.005647,0.011040,0.006462,0.015597,0.000411,-0.008377,0.003945,-0.004942
0.002911,0.000276,-0.002361,-0.006044,0.002914,-0.006632,0.003154,0.000744,-0.000177,0.005916,-0.002925,0.006593,0.000551,-0.001546,-0.010340,-0.007277,0.002675,0.000026,0.002736,0.002662,0.005883,-0.003643,0.008675,0.001700,-0.005408,-0.009398,-0.001682,-0.000001,-0.007053,-0.020819,-0.000095,0.007605,-0.007515,0.001873,-0.013850,-0.008008,-0.000481,-0.001518,0.022348,0.002042,-0.002711,-0.003952,0.003126,-0.002169,0.013598,-0.001790,-0.004706,-0.008424,-0.000089,-0.012577,0.010706,-0.005564,-0.002686,-0.005787,0.002493,0.002228,0.002145,0.003210,0.002152,0.006499
0.001669,-0.001070,0.008364,0.003289,0.001831,-0.005824,-0.010364,0.002545,-0.005141,-0.005261,-0.006021,-0.008769,0.016209,-0.006647,-0.010537,0.000105,-0.018372,-0.009658,-0.000975,-0.025364,-0.005347,-0.019820,-0.013541,-0.016569,-0.021337,0.021041,-0.003116,-0.006689,-0.001164,0.017304,0.000675,0.002648,0.020057,0.007695,0.011592,0.031479,-0.008955,0.023049,0.002042,0.036992,0.015649,0.006623,0.033227,-0.004987,0.012516,-0.002548,-0.011196,-0.001381,-0.008297,0.015195,0.009955,0.011810,-0.001195,0.021781,0.009586,0.012541,0.005987,-0.008586,0.001534,-0.009049
-0.003421,-0.010623,0.012852,-0.002262,0.000557,-0.008439,0.003393,0.001316,-0.004954,-0.001563,0.002756,-0.011762,0.007380,-0.001195,-0.007023,-0.016171,-0.024462,-0.015764,-0.008431,-0.012898,-0.003346,-0.016165,-0.011759,-0.016779,-0.007746,0.015964,-0.001941,-0.006971,-0.000578,0.013624,-0.003286,0.005792,0.009878,0.000332,0.005390,0.020275,-0.008390,0.007717,-0.002711,0.015649,0.030189,0.014877,0.016091,0.001070,0.004738,0.007616,-0.000212,-0.001514,-0.006881,0.007786,0.006252,-0.001325,-0.006805,0.000346,-0.000260,-0.001830,-0.000835,-0.001901,0.012722,-0.005508
0.001337,0.001331,0.006898,-0.003359,-0.000669,-0.014352,-0.000037,0.009080,-0.002703,-0.000196,0.003177,-0.003342,0.001007,0.005634,-0.005724,-0.011053,-0.011764,-0.009531,-0.007390,-0.002831,0.003342,-0.002480,-0.007557,-0.012169,-0.001816,0.004316,-0.001334,-0.011227,0.001224,0.011819,0.003599,-0.002542,0.011408,0.003227,0.006063,0.016585,-0.007424,0.005263,-0.003952,0.006623,0.014877,0.021227,0.014880,0.000333,0.004788,0.002221,0.006719,0.001960,-0.001347,0.003177,0.003525,0.005599,0.003387,-0.002916,0.002585,-0.003595,-0.006091,0.005822,0.001826,-0.001214
0.007691,0.003422,0.010322,-0.000286,-0.001920,-0.015593,-0.012361,0.013917,-0.005409,0.004067,-0.008387,-0.006554,0.003642,-0.005844,-0.017398,-0.003437,-0.021367,-0.019204,-0.007016,-0.028524,-0.005692,-0.021850,-0.007655,-0.018968,-0.007051,0.019050,-0.006220,-0.015525,0.005406,0.009282,0.002002,-0.000406,0.025592,0.019118,0.011450,0.045386,-0.007173,0.022524,0.003126,0.033227,0.016091,0.014880,0.047697,-0.006773,0.015937,-0.004445,-0.005165,0.000880,-0.003847,0.013543,0.011686,0.015087,0.011099,0.013689,0.011898,0.014263,-0.004992,-0.004812,0.002145,-0.005269
-0.005374,-0.000266,-0.004261,-0.001950,-0.000529,0.000060,0.004808,0.003926,-0.000168,-0.004519,0.000249,-0.001116,0.005540,-0.001224,0.001968,-0.005257,-0.006186,-0.004631,-0.000955,0.002939,-0.001669,-0.001826,-0.004051,-0.003866,0.005612,-0.004653,0.006426,0.000194,-0.008012,0.003000,0.001948,0.000608,0.001067,0.002392,0.003969,0.003559,-0.002969,0.001314,-0.002169,-0.004987,0.001070,0.000333,-0.006773,0.009042,0.001484,0.004018,0.007276,0.003005,-0.004046,0.000004,-0.000767,0.003530,-0.004261,-0.002703,-0.000520,0.001440,-0.000198,-0.001006,0.005577,0.000261
-0.002369,0.007280,-0.001885,-0.003536,0.003688,-0.008196,-0.008832,0.011609,-0.002585,-0.001461,-0.000255,0.002818,0.004065,-0.000928,-0.006316,-0.014076,-0.016264,-0.014776,-0.006029,-0.008550,0.007994,-0.020321,0.003049,-0.009785,-0.002918,-0.003864,0.008870,-0.001825,-0.008821,-0.000927,0.011434,0.000385,0.004705,0.008128,-0.009740,0.004976,-0.004302,0.011126,0.013598,0.012516,0.004738,0.004788,0.015937,0.001484,0.028515,0.002241,-0.002136,0.002539,-0.002649,-0.008278,0.012935,0.008296,-0.001526,-0.006242,0.008046,0.011902,-0.005440,0.000708,0.000587,0.001186
-0.006675,0.000347,-0.000752,-0.001339,0.004194,0.001551,0.004428,-0.000473,-0.000746,-0.004653,0.008015,-0.003828,0.007510,-0.000330,0.000308,-0.011058,-0.006300,-0.005153,-0.002556,0.005165,0.005849,-0.008309,-0.000014,-0.006880,-0.007419,0.000020,0.004211,0.000388,-0.006707,0.001829,-0.000173,-0.003918,-0.004928,-0.007216,-0.004742,-0.011521,-0.000919,-0.003962,-0.001790,-0.002548,0.007616,0.002221,-0.004445,0.004018,0.002241,0.009580,0.002452,0.004985,-0.000925,0.001827,0.003284,-0.004339,-0.010205,-0.002461,-0.000146,-0.004224,0.001761,0.003191,0.005278,-0.002947
-0.000509,0.001652,-0.003613,-0.002648,-0.001584,-0.003286,0.007947,0.006590,0.000287,-0.003020,0.000500,-0.000574,-0.001312,0.001549,0.002281,-0.007598,-0.000076,-0.003493,-0.004789,0.007860,0.001576,0.005869,-0.001020,-0.002811,0.011054,-0.007588,0.004314,-0.005819,-0.003610,0.002032,0.003648,-0.000395,0.000730,0.005107,0.003442,0.002231,-0.003231,-0.003285,-0.004706,-0.011196,-0.000212,0.006719,-0.005165,0.007276,-0.002136,0.002452,0.014117,0.003864,-0.000200,0.000761,-0.003754,0.002420,-0.000152,-0.007917,-0.002381,-0.003975,-0.003130,0.004633,0.002141,0.002394
-0.003810,0.009831,-0.007443,0.000988,0.000989,0.003293,-0.007383,0.006335,0.000210,-0.007108,0.003810,-0.003191,0.001524,-0.001227,0.004377,-0.000890,-0.005225,-0.006802,0.001072,0.001249,0.004464,-0.007353,-0.000148,-0.006859,-0.000181,-0.003159,0.006295,-0.002755,-0.001249,0.010030,0.008254,-0.009807,0.000389,-0.002069,0.003919,-0.002083,0.001813,0.002728,-0.008424,-0.001381,-0.001514,0.001960,0.000880,0.003005,0.002539,0.004985,0.003864,0.013992,0.003479,0.006181,-0.001311,0.006597,0.000188,0.000036,0.001626,0.003556,0.000124,0.002316,-0.000002,-0.004817
0.002697,0.006454,-0.002785,0.001823,0.000669,0.004846,-0.005031,-0.001363,0.002019,0.006269,0.003601,-0.000903,-0.011486,0.007400,0.005248,0.006620,0.011651,0.003839,-0.001509,0.007045,0.008016,0.004923,0.010484,0.004432,-0.000107,-0.006839,-0.002794,0.000660,0.006317,-0.004292,0.004642,-0.005760,-0.008601,-0.005535,-0.011587,-0.019069,0.006940,-0.007633,-0.000089,-0.008297,-0.006881,-0.001347,-0.003847,-0.004046,-0.002649,-0.000925,-0.000200,0.003479,0.012180,-0.002693,-0.001765,-0.002745,0.005924,-0.004543,-0.001015,-0.005962,-0.001018,0.006053,-0.004084,0.000217
0.001541,0.002773,0.001900,0.005886,0.001055,0.003318,-0.000351,-0.001558,-0.001622,-0.005708,0.001678,-0.010714,0.013768,-0.007122,-0.002591,0.001521,-0.006707,-0.003857,-0.001434,-0.009929,-0.002636,-0.008405,-0.012071,-0.014416,-0.015240,0.012777,-0.001467,-0.006517,-0.001201,0.014535,-0.002962,-0.010542,0.011625,-0.000754,0.018544,0.013042,-0.000809,0.008898,-0.012577,0.015195,0.007786,0.003177,0.013543,0.000004,-0.008278,0.001827,0.000761,0.006181,-0.002693,0.024965,-0.000250,0.006832,-0.002033,0.018652,0.002038,0.000510,0.007546,-0.004905,0.001826,-0.010267
-0.001156,0.004219,0.002899,-0.002266,0.004394,-0.007098,-0.001753,0.001955,-0.001655,0.002997,0.004958,0.002405,0.007984,-0.000681,-0.009100,-0.012053,-0.006688,-0.005821,-0.003210,-0.005338,0.006002,-0.013100,0.001744,-0.007597,-0.011788,0.001312,0.001394,-0.001918,-0.009122,-0.007602,0.001029,-0.003723,0.001548,-0.000222,-0.005848,-0.000441,0.000093,0.003199,0.010706,0.009955,0.006252,0.003525,0.011686,-0.000767,0.012935,0.003284,-0.003754,-0.001311,-0.001765,-0.000250,0.013009,-0.000725,-0.003652,0.001426,0.005296,0.002780,-0.001073,0.000416,0.001120,-0.000309
0.001723,0.008769,-0.004918,0.001112,-0.004395,-0.004599,-0.011137,0.013963,-0.000970,-0.000932,-0.006408,-0.002576,0.002200,-0.002679,-0.002576,0.006751,-0.016080,-0.012479,-0.001154,-0.011451,-0.003935,-0.009826,-0.010751,-0.011791,0.005506,-0.000857,0.004858,-0.004187,0.000667,0.014649,0.007673,-0.008494,0.018040,0.011186,0.017712,0.027232,-0.002186,0.017859,-0.005564,0.011810,-0.001325,0.005599,0.015087,0.003530,0.008296,-0.004339,0.002420,0.006597,-0.002745,0.006832,-0.000725,0.021885,0.011711,0.005822,0.005934,0.012253,-0.004352,-0.004991,0.001656,-0.003861
0.008037,0.006595,0.000901,0.000005,-0.008991,-0.006661,-0.012985,0.009191,0.001479,0.015136,-0.005800,0.005745,-0.018942,0.003374,-0.002430,0.013179,-0.002087,-0.005176,-0.001343,-0.009729,-0.007429,0.002622,0.000821,0.003765,0.020761,-0.003492,-0.003966,-0.002103,0.012469,-0.002104,0.003088,-0.006877,0.011129,0.010978,0.010406,0.022910,0.008575,0.005647,-0.002686,-0.001195,-0.006805,0.003387,0.011099,-0.004261,-0.001526,-0.010205,-0.000152,0.000188,0.005924,-0.002033,-0.003652,0.011711,0.024694,-0.004619,0.000952,0.006982,-0.013369,-0.003719,-0.002425,0.002497
0.000195,-0.000221,0.002549,0.006453,0.002563,0.004896,-0.002671,-0.005769,-0.001752,-0.007976,-0.003692,-0.007931,0.018208,-0.004935,-0.002784,0.012374,0.003142,0.006670,0.005738,-0.010198,-0.005601,-0.002168,-0.010037,-0.006352,-0.023438,0.016984,-0.005744,-0.002330,-0.001400,0.012922,-0.005313,-0.001366,0.010530,-0.000432,0.011082,0.012074,-0.005363,0.011040,-0.005787,0.021781,0.000346,-0.002916,0.013689,-0.002703,-0.006242,-0.002461,-0.007917,0.000036,-0.004543,0.018652,0.001426,0.005822,-0.004619,0.028897,0.006862,0.003675,0.012969,-0.006253,-0.003038,-0.008901
-0.000518,0.005046,-0.000542,-0.000298,0.001858,-0.003628,-0.004224,0.004764,-0.001088,-0.000606,-0.000136,0.000142,0.006238,-0.000812,-0.005413,0.000166,-0.003755,-0.004206,-0.000542,-0.004019,0.001929,-0.007343,-0.000713,-0.005873,-0.008277,0.002077,0.000300,-0.002137,-0.002752,0.001615,0.001547,-0.003792,0.006376,0.003222,-0.000254,0.005439,-0.002495,0.006462,0.002493,0.009586,-0.000260,0.002585,0.011898,-0.000520,0.008046,-0.000146,-0.002381,0.001626,-0.001015,0.002038,0.005296,0.005934,0.000952,0.006862,0.007608,0.004978,-0.000044,-0.000038,-0.000775,-0.001922
-0.001137,0.003161,-0.002532,-0.000728,-0.003967,-0.003445,-0.012733,0.008750,-0.001477,-0.002707,-0.009103,0.004300,0.000659,-0.007867,-0.003255,0.002922,-0.012986,-0.009534,0.003981,-0.017768,-0.010910,-0.011965,-0.003768,-0.001479,0.010979,0.003612,0.005078,-0.000695,-0.001486,0.004470,0.005729,0.003971,0.011929,0.014437,0.010766,0.029837,-0.000705,0.015597,0.002228,0.012541,-0.001830,-0.003595,0.014263,0.001440,0.011902,-0.004224,-0.003975,0.003556,-0.005962,0.000510,0.002780,0.012253,0.006982,0.003675,0.004978,0.019879,-0.004207,-0.009910,0.000541,-0.000545
-0.000028,-0.003027,-0.006689,0.000984,0.004840,0.007599,0.007394,-0.007566,-0.000301,-0.011573,-0.002932,-0.008738,0.014193,-0.005845,-0.000544,0.004535,0.006994,0.007697,0.010222,0.008078,0.004007,0.003146,-0.003483,-0.004589,-0.022954,-0.000029,-0.003545,-0.001791,-0.003785,0.003625,-0.003247,0.005220,-0.007102,-0.009429,0.000353,-0.013531,-0.006554,0.000411,0.002145,0.005987,-0.000835,-0.006091,-0.004992,-0.000198,-0.005440,0.001761,-0.003130,0.000124,-0.001018,0.007546,-0.001073,-0.004352,-0.013369,0.012969,-0.000044,-0.004207,0.019439,0.003138,0.003047,-0.004103
0.001649,0.003719,-0.004325,-0.003202,0.003608,-0.002189,0.005539,0.001883,0.000738,-0.001611,0.003981,-0.001376,-0.001622,0.004682,-0.000727,-0.004518,0.007636,0.002332,0.000283,0.015753,0.012690,0.006058,0.006192,-0.001949,-0.007634,-0.009331,-0.001836,-0.004525,0.000371,-0.004028,0.002253,-0.002109,-0.009149,-0.007113,-0.010602,-0.020420,-0.002641,-0.008377,0.003210,-0.008586,-0.001901,0.005822,-0.004812,-0.001006,0.000708,0.003191,0.004633,0.002316,0.006053,-0.004905,0.000416,-0.004991,-0.003719,-0.006253,-0.000038,-0.009910,0.003138,0.012441,-0.000874,0.002023
-0.002337,-0.005888,-0.002852,-0.005870,-0.002214,-0.003526,0.007282,0.005070,-0.001413,0.001893,-0.002921,-0.008123,0.004234,-0.006899,-0.009035,-0.004909,-0.018744,-0.014956,0.001844,-0.000226,-0.004014,-0.011825,-0.007366,-0.012987,0.000073,-0.002825,-0.000984,-0.002867,-0.002169,-0.000541,-0.005599,0.002395,0.002364,0.000174,0.007912,0.011469,-0.002918,0.003945,0.002152,0.001534,0.012722,0.001826,0.002145,0.005577,0.000587,0.005278,0.002141,-0.000002,-0.004084,0.001826,0.001120,0.001656,-0.002425,-0.003038,-0.000775,0.000541,0.003047,-0.000874,0.019132,-0.002052
0.002652,-0.002021,-0.000418,-0.003143,-0.001617,-0.003820,0.003659,0.001224,0.001015,0.004013,-0.002786,0.006692,-0.007290,0.001200,-0.000808,-0.001918,0.005735,0.003353,0.000581,0.004521,-0.000442,0.007834,0.005384,0.007667,0.010511,-0.006593,-0.000562,0.000444,0.000485,-0.011629,-0.000717,0.005526,-0.004121,0.003723,-0.004958,-0.001843,0.000037,-0.004942,0.006499,-0.009049,-0.005508,-0.001214,-0.005269,0.000261,0.001186,-0.002947,0.002394,-0.004817,0.000217,-0.010267,-0.000309,-0.003861,0.002497,-0.008901,-0.001922,-0.000545,-0.004103,0.002023,-0.002052,0.007252
