0.022919,0.010652,-0.002017,0.004106,0.000765,0.000203,0.000704,-0.002192
0.010652,0.015810,-0.003534,0.002720,0.000836,-0.000034,0.000614,-0.001530
-0.002017,-0.003534,0.016206,0.000552,0.000178,0.000061,-0.000858,0.000226
0.004106,0.002720,0.000552,0.019200,0.000240,-0.000204,-0.000558,-0.001021
0.000765,0.000836,0.000178,0.000240,0.007441,-0.000059,0.000198,-0.000248
0.000203,-0.000034,0.000061,-0.000204,-0.000059,0.006216,0.000145,-0.000299
0.000704,0.000614,-0.000858,-0.000558,0.000198,0.000145,0.003483,0.000462
-0.002192,-0.001530,0.000226,-0.001021,-0.000248,-0.000299,0.000462,0.012007
