38400.812027,-3136.580953,-4222.495019,-730.524205,293.699427,-14709.470566,-9072.408957,939.927500
-3136.580953,8315.712875,-1319.748795,532.082921,-11.901773,-3162.054532,-8673.111794,-204.567123
-4222.495019,-1319.748795,4229.823190,-403.364898,45.787208,-1674.843463,1797.436171,-553.453766
-730.524205,532.082921,-403.364898,1810.647352,-153.114121,1101.657352,-4015.973006,477.820096
293.699427,-11.901773,45.787208,-153.114121,43.845417,-636.817156,320.704677,-47.756053
-14709.470566,-3162.054532,-1674.843463,1101.657352,-636.817156,139471.691363,-12481.554986,2241.584714
-9072.408957,-8673.111794,1797.436171,-4015.973006,320.704677,-12481.554986,96933.665880,-5032.084821
939.927500,-204.567123,-553.453766,477.820096,-47.756053,2241.584714,-5032.084821,4357.472043
