37061.773242,-2790.176270,-3889.533434,-866.668121,266.819631,-13902.007819,-9188.948465,-55.869071
-2790.176270,7988.415877,-1328.330760,459.404324,-28.960197,-2535.361459,-6517.053699,-202.189269
-3889.533434,-1328.330760,4282.428967,-338.453988,48.510582,-1466.507728,920.461171,-375.022971
-866.668121,459.404324,-338.453988,1701.092099,-135.696264,502.817918,-3416.005523,330.817843
266.819631,-28.960197,48.510582,-135.696264,40.362155,-546.192558,319.066301,-33.833936
-13902.007819,-2535.361459,-1466.507728,502.817918,-546.192558,144497.902255,-10570.387890,1518.851307
-9188.948465,-6517.053699,920.461171,-3416.005523,319.066301,-10570.387890,88191.464983,-2497.678503
-55.869071,-202.189269,-375.022971,330.817843,-33.833936,1518.851307,-2497.678503,3612.195288
