0.110602,-0.015703,-0.035286,-0.007786,0.017279,-0.012306,-0.011811,0.004766
-0.015703,0.065429,-0.015172,0.007137,-0.000736,-0.011913,-0.021965,-0.002668
-0.035286,-0.015172,0.103995,-0.009051,0.005525,0.000070,-0.000821,-0.006203
-0.007786,0.007137,-0.009051,0.031222,-0.021790,-0.007042,-0.018277,0.008460
0.017279,-0.000736,0.005525,-0.021790,0.042227,-0.012207,0.008783,-0.003881
-0.012306,-0.011913,0.000070,-0.007042,-0.012207,0.069640,-0.009788,0.000332
-0.011811,-0.021965,-0.000821,-0.018277,0.008783,-0.009788,0.057414,-0.006238
0.004766,-0.002668,-0.006203,0.008460,-0.003881,0.000332,-0.006238,0.028743
