0.170591,-0.007761,0.164141,0.005699,0.121950,0.141980,0.305627,0.713602,0.098244,0.104503,0.100363,-0.003307,0.110677,-0.041154,0.131832,0.333204,0.003734,-0.001199,-0.005228,0.019924,0.020385,0.005198,0.324024,0.001559,0.021497,-0.001104,0.057913,-0.004433,0.001643,1.644362,-0.049462,0.095776,0.147728,0.167947,0.023640,0.083328,0.023992,0.030904,0.200622,0.001990,0.176856
-0.007761,0.161270,0.034349,-0.007569,-0.050005,-0.004998,-0.044980,-0.072223,0.014333,0.048044,0.009966,-0.001367,-0.014496,0.055225,0.028592,-0.024732,0.002558,0.000285,0.002123,0.016474,0.006190,0.001249,-0.152903,-0.005827,0.002522,0.000989,-0.008203,-0.003081,0.000625,0.155769,-0.005564,-0.007494,0.047807,0.014317,0.037609,-0.012465,0.044089,0.026040,-0.018622,-0.005495,0.011209
0.164141,0.034349,1.129372,0.098064,0.109835,0.384868,0.247415,0.120900,0.032525,-0.087597,0.126415,0.018841,0.234428,-0.179287,0.118483,-0.312210,0.014208,-0.002083,0.026245,-0.023332,0.039916,0.013363,0.720749,0.057258,0.113847,-0.015549,0.051231,-0.000573,0.012864,-0.421903,-0.015127,0.288077,0.271582,0.218167,-0.087815,0.270341,0.087496,0.050452,0.648217,-0.020772,0.881095
0.005699,-0.007569,0.098064,0.056412,0.179917,-0.001280,0.132898,-0.066606,-0.010819,-0.010799,0.209252,-0.008886,0.030108,-0.006313,0.009264,0.006917,0.002038,0.000203,0.006507,0.002706,0.001059,0.000152,0.060111,-0.000310,0.000092,-0.000526,0.005800,0.001036,-0.000722,0.547496,0.015728,-0.003033,0.088130,0.234092,0.018572,0.019458,-0.000404,0.091817,0.067676,-0.002495,0.068867
0.121950,-0.050005,0.109835,0.179917,2.017805,0.091943,0.831949,0.021210,-0.062248,0.200659,0.386671,0.012010,0.167196,0.095627,0.131817,0.495586,0.003445,0.000031,-0.018024,0.120205,0.024857,0.003830,0.395443,-0.016636,0.005684,0.020374,0.048136,0.002305,-0.002721,4.757598,0.117039,0.035882,0.353562,1.191732,0.166932,0.061951,0.005024,0.481806,0.297193,0.005647,0.098668
0.141980,-0.004998,0.384868,-0.001280,0.091943,0.509286,-0.040762,-0.203949,0.235405,0.062981,-0.094219,0.000177,0.063562,-0.002768,0.078299,0.227915,0.003161,0.000185,0.001172,0.016825,0.036235,-0.004146,0.233456,-0.005469,0.009442,-0.005143,0.023258,-0.000186,-0.000210,0.067980,0.054017,0.259286,-0.148120,0.016383,-0.011649,0.065315,0.051227,-0.062031,0.078925,0.000747,0.147826
0.305627,-0.044980,0.247415,0.132898,0.831949,-0.040762,3.206019,3.578033,0.050823,0.209097,1.039348,-0.190049,0.411072,-0.356759,0.315235,1.045961,0.010695,-0.006308,-0.029098,0.188743,-0.048622,0.034513,0.964778,-0.011630,0.077022,0.030019,0.156036,-0.004978,0.001457,8.527018,-0.033794,-0.068614,1.812318,1.778914,0.269679,0.204969,-0.004313,0.342220,0.658453,0.017671,0.362761
0.713602,-0.072223,0.120900,-0.066606,0.021210,-0.203949,3.578033,27.418283,-0.458147,-0.268235,-0.086820,-0.093282,0.509076,-0.896492,0.452727,0.470887,-0.001104,-0.026499,-0.034768,0.036707,-0.125020,0.096840,2.898519,-0.055235,0.221384,0.003529,0.376420,-0.043263,0.012428,5.456423,-0.303215,0.057494,1.554029,0.627614,-0.042372,0.154880,-0.172413,0.012656,0.757612,-0.022820,0.555978
0.098244,0.014333,0.032525,-0.010819,-0.062248,0.235405,0.050823,-0.458147,1.327380,0.025422,-0.108888,0.013514,0.026618,0.155594,0.086855,0.031515,-0.004583,0.000919,-0.018436,-0.003051,-0.003422,-0.003067,-0.045276,-0.002400,0.000655,-0.011661,-0.012014,-0.004307,0.000028,-1.042011,0.014487,0.019637,-0.110686,-0.178158,-0.108032,-0.038550,-0.015749,-0.158998,-0.086828,-0.002699,-0.086258
0.104503,0.048044,-0.087597,-0.010799,0.200659,0.062981,0.209097,-0.268235,0.025422,1.286472,-0.082905,-0.075694,0.161087,0.322346,0.122920,0.951529,0.011441,0.001049,-0.019278,0.056250,0.013618,-0.008438,-0.142343,0.014232,-0.020111,-0.003516,0.043488,0.004757,0.016764,6.341477,0.159322,-0.113894,0.032123,-0.070293,0.153871,0.057795,0.161428,-0.000686,0.190231,0.025745,-0.138073
0.100363,0.009966,0.126415,0.209252,0.386671,-0.094219,1.039348,-0.086820,-0.108888,-0.082905,5.147664,0.001371,0.206461,0.010155,0.218198,-0.278235,0.010297,-0.000386,0.000671,0.085386,0.023939,0.010277,0.451156,0.002953,-0.031682,-0.001388,0.096564,-0.006624,-0.003813,2.086908,0.140461,-0.029419,1.036459,3.023618,0.343811,0.070669,-0.024276,0.842380,0.381326,0.002481,-0.002754
-0.003307,-0.001367,0.018841,-0.008886,0.012010,0.000177,-0.190049,-0.093282,0.013514,-0.075694,0.001371,0.151277,-0.022055,-0.024179,-0.007636,-0.223915,-0.002373,0.000179,0.001054,0.000090,-0.000164,0.002874,0.014385,0.001171,0.008559,-0.006309,-0.002611,-0.000332,0.002147,-1.270817,-0.033608,0.026109,-0.054319,0.001537,-0.062034,-0.006071,-0.028220,0.006165,0.003211,0.000781,-0.001641
0.110677,-0.014496,0.234428,0.030108,0.167196,0.063562,0.411072,0.509076,0.026618,0.161087,0.206461,-0.022055,0.209269,0.061670,0.120268,0.249212,0.003879,-0.001422,-0.002377,0.012902,0.013767,0.006578,0.283019,0.027354,0.021679,-0.002594,0.050846,-0.001443,0.007921,2.256072,0.155366,0.027934,0.250807,0.201120,-0.014323,0.151003,0.009169,0.036304,0.403273,-0.002029,0.197774
-0.041154,0.055225,-0.179287,-0.006313,0.095627,-0.002768,-0.356759,-0.896492,0.155594,0.322346,0.010155,-0.024179,0.061670,0.492021,0.039244,0.286703,-0.001233,0.001730,-0.002031,-0.009113,0.014331,-0.014657,-0.404146,-0.002041,-0.023896,-0.008319,-0.027016,0.000183,-0.001601,1.386277,0.362910,-0.103802,-0.247913,-0.095055,0.090770,-0.052516,0.006999,0.019851,-0.051211,-0.002106,-0.259677
0.131832,0.028592,0.118483,0.009264,0.131817,0.078299,0.315235,0.452727,0.086855,0.122920,0.218198,-0.007636,0.120268,0.039244,0.329387,0.232830,0.003135,-0.001568,-0.006641,0.014327,0.024437,0.004693,0.210615,-0.006069,0.008838,-0.008569,0.050494,-0.006011,0.000268,1.435576,0.037352,0.048878,0.170591,0.241430,0.031197,0.036997,0.033399,0.009490,0.143498,0.007448,0.146313
0.333204,-0.024732,-0.312210,0.006917,0.495586,0.227915,1.045961,0.470887,0.031515,0.951529,-0.278235,-0.223915,0.249212,0.286703,0.232830,5.308779,0.010916,0.000887,-0.015894,0.081514,0.003108,-0.002998,0.628430,-0.027420,-0.045719,0.039977,0.126322,-0.006631,-0.005199,12.171193,0.136623,0.046307,0.136355,-0.063728,0.203603,-0.014289,0.104471,0.025451,0.102238,0.016302,-0.105616
0.003734,0.002558,0.014208,0.002038,0.003445,0.003161,0.010695,-0.001104,-0.004583,0.011441,0.010297,-0.002373,0.003879,-0.001233,0.003135,0.010916,0.001264,0.000053,0.000359,0.002395,0.003433,-0.000062,0.000800,0.000133,0.001027,-0.000140,0.000980,-0.000003,0.000144,0.125955,-0.005461,0.001723,0.012379,0.008545,0.001961,0.001482,0.010092,0.004168,0.008424,0.000485,0.030278
-0.001199,0.000285,-0.002083,0.000203,0.000031,0.000185,-0.006308,-0.026499,0.000919,0.001049,-0.000386,0.000179,-0.001422,0.001730,-0.001568,0.000887,0.000053,0.000261,0.000023,0.000256,0.000321,-0.000341,-0.005577,-0.000106,-0.000775,0.000117,-0.000575,0.000138,-0.000018,-0.006257,0.000100,-0.000426,-0.003757,-0.000661,0.001318,-0.000904,0.000424,0.000947,-0.002849,0.000164,-0.002059
-0.005228,0.002123,0.026245,0.006507,-0.018024,0.001172,-0.029098,-0.034768,-0.018436,-0.019278,0.000671,0.001054,-0.002377,-0.002031,-0.006641,-0.015894,0.000359,0.000023,0.010976,-0.004153,0.000226,-0.000914,-0.001483,-0.000835,-0.001383,-0.004638,-0.002335,0.004139,-0.000087,-0.044308,0.009410,0.004453,-0.012960,0.002388,0.009788,-0.004303,0.001816,0.009403,0.003926,-0.003925,0.014301
0.019924,0.016474,-0.023332,0.002706,0.120205,0.016825,0.188743,0.036707,-0.003051,0.056250,0.085386,0.000090,0.012902,-0.009113,0.014327,0.081514,0.002395,0.000256,-0.004153,0.077165,0.007610,0.000585,0.011366,-0.006161,-0.005814,0.003891,0.005161,-0.000360,-0.000132,1.363896,-0.021146,0.000621,0.107686,0.187896,-0.005306,-0.009751,0.031138,0.048924,0.004409,0.008000,0.010629
0.020385,0.006190,0.039916,0.001059,0.024857,0.036235,-0.048622,-0.125020,-0.003422,0.013618,0.023939,-0.000164,0.013767,0.014331,0.024437,0.003108,0.003433,0.000321,0.000226,0.007610,0.039293,-0.002599,-0.027522,0.002345,0.001349,-0.000339,0.004038,-0.000936,0.001367,0.225858,0.045473,0.011043,-0.003648,0.000267,-0.020103,0.012815,0.042548,0.001612,0.024001,0.002354,0.135198
0.005198,0.001249,0.013363,0.000152,0.003830,-0.004146,0.034513,0.096840,-0.003067,-0.008438,0.010277,0.002874,0.006578,-0.014657,0.004693,-0.002998,-0.000062,-0.000341,-0.000914,0.000585,-0.002599,0.003241,0.030052,0.001500,0.003751,0.000143,0.003262,-0.001129,0.000136,0.015122,-0.015271,0.002460,0.025023,0.010305,-0.008747,0.009033,-0.003222,-0.000920,0.020624,-0.000552,0.015180
0.324024,-0.152903,0.720749,0.060111,0.395443,0.233456,0.964778,2.898519,-0.045276,-0.142343,0.451156,0.014385,0.283019,-0.404146,0.210615,0.628430,0.000800,-0.005577,-0.001483,0.011366,-0.027522,0.030052,2.257968,0.027316,0.106570,0.019310,0.165033,-0.025473,0.001110,3.527535,-0.073391,0.479120,0.382097,1.000219,0.034376,0.118963,-0.077249,0.267854,0.439171,0.000190,0.672015
0.001559,-0.005827,0.057258,-0.000310,-0.016636,-0.005469,-0.011630,-0.055235,-0.002400,0.014232,0.002953,0.001171,0.027354,-0.002041,-0.006069,-0.027420,0.000133,-0.000106,-0.000835,-0.006161,0.002345,0.001500,0.027316,0.024986,0.004217,-0.002200,0.001986,-0.000070,0.009609,-0.088123,0.006359,-0.002186,0.011903,-0.049051,-0.029653,0.044767,-0.000867,-0.018260,0.101556,-0.000595,0.034778
0.021497,0.002522,0.113847,0.000092,0.005684,0.009442,0.077022,0.221384,0.000655,-0.020111,-0.031682,0.008559,0.021679,-0.023896,0.008838,-0.045719,0.001027,-0.000775,-0.001383,-0.005814,0.001349,0.003751,0.106570,0.004217,0.058038,-0.001452,0.008789,-0.001304,-0.001437,-0.120159,-0.018050,0.015208,0.075616,0.014975,-0.016679,0.002219,0.005404,0.002013,0.043522,-0.003568,0.124816
-0.001104,0.000989,-0.015549,-0.000526,0.020374,-0.005143,0.030019,0.003529,-0.011661,-0.003516,-0.001388,-0.006309,-0.002594,-0.008319,-0.008569,0.039977,-0.000140,0.000117,-0.004638,0.003891,-0.000339,0.000143,0.019310,-0.002200,-0.001452,0.012740,0.001720,0.001010,-0.003039,0.138781,0.000857,-0.001958,0.009613,0.028841,0.011343,0.000781,0.000275,0.015527,-0.007379,-0.003019,-0.016393
0.057913,-0.008203,0.051231,0.005800,0.048136,0.023258,0.156036,0.376420,-0.012014,0.043488,0.096564,-0.002611,0.050846,-0.027016,0.050494,0.126322,0.000980,-0.000575,-0.002335,0.005161,0.004038,0.003262,0.165033,0.001986,0.008789,0.001720,0.031517,0.001712,0.000770,0.715351,-0.006601,0.024949,0.089569,0.106454,0.006543,0.031665,-0.001197,0.020502,0.088829,0.001877,0.064313
-0.004433,-0.003081,-0.000573,0.001036,0.002305,-0.000186,-0.004978,-0.043263,-0.004307,0.004757,-0.006624,-0.000332,-0.001443,0.000183,-0.006011,-0.006631,-0.000003,0.000138,0.004139,-0.000360,-0.000936,-0.001129,-0.025473,-0.000070,-0.001304,0.001010,0.001712,0.011293,-0.000754,0.033704,0.001854,-0.002749,-0.006147,-0.012009,0.006004,-0.002884,0.008535,-0.003277,0.007481,0.000017,-0.014739
0.001643,0.000625,0.012864,-0.000722,-0.002721,-0.000210,0.001457,0.012428,0.000028,0.016764,-0.003813,0.002147,0.007921,-0.001601,0.000268,-0.005199,0.000144,-0.000018,-0.000087,-0.000132,0.001367,0.000136,0.001110,0.009609,-0.001437,-0.003039,0.000770,-0.000754,0.011454,-0.024080,-0.000710,-0.001674,0.008552,-0.009398,-0.006412,0.016911,0.001557,-0.002237,0.032386,0.002220,0.007284
1.644362,0.155769,-0.421903,0.547496,4.757598,0.067980,8.527018,5.456423,-1.042011,6.341477,2.086908,-1.270817,2.256072,1.386277,1.435576,12.171193,0.125955,-0.006257,-0.044308,1.363896,0.225858,0.015122,3.527535,-0.088123,-0.120159,0.138781,0.715351,0.033704,-0.024080,100.121891,1.103836,-0.286510,3.632190,5.773258,-0.389706,0.590680,1.722555,1.962881,3.114434,0.070028,1.055148
-0.049462,-0.005564,-0.015127,0.015728,0.117039,0.054017,-0.033794,-0.303215,0.014487,0.159322,0.140461,-0.033608,0.155366,0.362910,0.037352,0.136623,-0.005461,0.000100,0.009410,-0.021146,0.045473,-0.015271,-0.073391,0.006359,-0.018050,0.000857,-0.006601,0.001854,-0.000710,1.103836,1.459914,-0.079092,-0.116550,0.088512,-0.008554,0.008102,-0.068269,0.054632,0.127924,-0.005789,-0.147727
0.095776,-0.007494,0.288077,-0.003033,0.035882,0.259286,-0.068614,0.057494,0.019637,-0.113894,-0.029419,0.026109,0.027934,-0.103802,0.048878,0.046307,0.001723,-0.000426,0.004453,0.000621,0.011043,0.002460,0.479120,-0.002186,0.015208,-0.001958,0.024949,-0.002749,-0.001674,-0.286510,-0.079092,0.297772,-0.079068,0.073342,0.049360,0.009956,0.012023,-0.013177,0.050013,-0.000605,0.284920
0.147728,0.047807,0.271582,0.088130,0.353562,-0.148120,1.812318,1.554029,-0.110686,0.032123,1.036459,-0.054319,0.250807,-0.247913,0.170591,0.136355,0.012379,-0.003757,-0.012960,0.107686,-0.003648,0.025023,0.382097,0.011903,0.075616,0.009613,0.089569,-0.006147,0.008552,3.632190,-0.116550,-0.079068,1.412730,1.174948,0.189378,0.174383,0.031149,0.255976,0.524393,0.005661,0.531207
0.167947,0.014317,0.218167,0.234092,1.191732,0.016383,1.778914,0.627614,-0.178158,-0.070293,3.023618,0.001537,0.201120,-0.095055,0.241430,-0.063728,0.008545,-0.000661,0.002388,0.187896,0.000267,0.010305,1.000219,-0.049051,0.014975,0.028841,0.106454,-0.012009,-0.009398,5.773258,0.088512,0.073342,1.174948,3.363001,0.599132,0.026751,-0.025201,1.202014,0.224793,0.010211,0.107044
0.023640,0.037609,-0.087815,0.018572,0.166932,-0.011649,0.269679,-0.042372,-0.108032,0.153871,0.343811,-0.062034,-0.014323,0.090770,0.031197,0.203603,0.001961,0.001318,0.009788,-0.005306,-0.020103,-0.008747,0.034376,-0.029653,-0.016679,0.011343,0.006543,0.006004,-0.006412,-0.389706,-0.008554,0.049360,0.189378,0.599132,0.791482,-0.034621,0.007915,0.302633,-0.137991,-0.002216,-0.126853
0.083328,-0.012465,0.270341,0.019458,0.061951,0.065315,0.204969,0.154880,-0.038550,0.057795,0.070669,-0.006071,0.151003,-0.052516,0.036997,-0.014289,0.001482,-0.000904,-0.004303,-0.009751,0.012815,0.009033,0.118963,0.044767,0.002219,0.000781,0.031665,-0.002884,0.016911,0.590680,0.008102,0.009956,0.174383,0.026751,-0.034621,0.467189,-0.010542,0.021025,0.528270,-0.001278,0.150548
0.023992,0.044089,0.087496,-0.000404,0.005024,0.051227,-0.004313,-0.172413,-0.015749,0.161428,-0.024276,-0.028220,0.009169,0.006999,0.033399,0.104471,0.010092,0.000424,0.001816,0.031138,0.042548,-0.003222,-0.077249,-0.000867,0.005404,0.000275,-0.001197,0.008535,0.001557,1.722555,-0.068269,0.012023,0.031149,-0.025201,0.007915,-0.010542,0.179912,0.003690,-0.000141,0.006740,0.228176
0.030904,0.026040,0.050452,0.091817,0.481806,-0.062031,0.342220,0.012656,-0.158998,-0.000686,0.842380,0.006165,0.036304,0.019851,0.009490,0.025451,0.004168,0.000947,0.009403,0.048924,0.001612,-0.000920,0.267854,-0.018260,0.002013,0.015527,0.020502,-0.003277,-0.002237,1.962881,0.054632,-0.013177,0.255976,1.202014,0.302633,0.021025,0.003690,0.638671,0.058783,-0.003517,0.034074
0.200622,-0.018622,0.648217,0.067676,0.297193,0.078925,0.658453,0.757612,-0.086828,0.190231,0.381326,0.003211,0.403273,-0.051211,0.143498,0.102238,0.008424,-0.002849,0.003926,0.004409,0.024001,0.020624,0.439171,0.101556,0.043522,-0.007379,0.088829,0.007481,0.032386,3.114434,0.127924,0.050013,0.524393,0.224793,-0.137991,0.528270,-0.000141,0.058783,1.153274,-0.016202,0.490006
0.001990,-0.005495,-0.020772,-0.002495,0.005647,0.000747,0.017671,-0.022820,-0.002699,0.025745,0.002481,0.000781,-0.002029,-0.002106,0.007448,0.016302,0.000485,0.000164,-0.003925,0.008000,0.002354,-0.000552,0.000190,-0.000595,-0.003568,-0.003019,0.001877,0.000017,0.002220,0.070028,-0.005789,-0.000605,0.005661,0.010211,-0.002216,-0.001278,0.006740,-0.003517,-0.016202,0.015680,-0.001234
0.176856,0.011209,0.881095,0.068867,0.098668,0.147826,0.362761,0.555978,-0.086258,-0.138073,-0.002754,-0.001641,0.197774,-0.259677,0.146313,-0.105616,0.030278,-0.002059,0.014301,0.010629,0.135198,0.015180,0.672015,0.034778,0.124816,-0.016393,0.064313,-0.014739,0.007284,1.055148,-0.147727,0.284920,0.531207,0.107044,-0.126853,0.150548,0.228176,0.034074,0.490006,-0.001234,1.742036
