0.008477,-0.000212,0.000746,-0.002205,0.000496,0.002349,0.002456,0.002824,0.000646,0.001351,-0.000251,0.000062,0.003968,-0.000988,0.002397,0.001799,-0.000424,-0.001042,-0.001111,0.001464,0.000960,0.000859,0.000594,-0.000798,0.004068,-0.000341,0.002443,-0.000376,-0.000050,0.003326,-0.000497,0.002230,0.000583,0.000249,0.000100,0.001068,0.000705,0.000328,0.003077,0.000174,0.000757
-0.000212,0.002178,0.000230,-0.000354,-0.000145,0.000005,-0.000505,-0.000302,0.000058,0.000367,-0.000077,-0.000023,-0.000535,0.001735,0.000449,-0.000114,0.000419,0.000099,0.000109,0.000540,0.000223,0.000136,-0.000171,-0.000655,-0.000008,-0.000020,-0.000248,-0.000229,0.000020,0.000357,-0.000274,-0.000141,0.000047,0.000218,0.000279,-0.000139,0.001276,0.000454,-0.000328,-0.000035,-0.000032
0.000746,0.000230,0.007933,0.003334,0.000260,0.001951,0.001494,-0.000094,0.000181,-0.000689,0.000066,0.000151,0.004146,-0.003180,0.001000,-0.000652,0.002048,-0.000621,0.000555,-0.000699,-0.000157,0.001191,0.000350,0.005242,0.007039,0.000042,0.000097,-0.000225,0.000439,-0.001107,-0.001074,0.001992,0.000777,0.000188,-0.001121,0.001434,0.001194,0.000154,0.005304,-0.000359,0.002531
-0.002205,-0.000354,0.003334,0.006566,0.001497,0.000091,0.002350,-0.001466,-0.000063,0.000080,0.001217,-0.000314,0.002369,-0.001816,0.000472,0.000173,0.000691,0.000613,0.001212,-0.000317,-0.000039,-0.000230,0.000187,0.000357,-0.000712,0.000700,0.000758,0.000452,-0.000318,0.002596,0.000872,-0.000171,0.000219,0.004022,0.001150,0.000598,-0.000150,0.003727,0.001957,-0.000241,0.001103
0.000496,-0.000145,0.000260,0.001497,0.001555,0.000211,0.001256,-0.000179,-0.000036,0.000377,0.000512,0.000023,0.001029,0.000053,0.000434,0.000382,-0.000013,0.000016,-0.000066,0.000810,0.000141,0.000067,0.000129,-0.000297,-0.000338,0.000308,0.000378,0.000060,-0.000106,0.001955,0.000622,0.000039,0.000171,0.001719,0.000738,0.000113,-0.000018,0.001700,0.000664,0.000025,0.000082
0.002349,0.000005,0.001951,0.000091,0.000211,0.003144,-0.000077,-0.000438,0.000838,0.000230,-0.000120,0.000064,0.001371,-0.000012,0.000864,0.000768,-0.000225,0.000089,-0.000163,0.000389,0.000393,-0.000387,0.000221,-0.000546,-0.000604,-0.000175,0.000441,0.000028,-0.000089,0.000072,0.000115,0.002259,-0.000254,0.000051,-0.000072,0.000499,0.000657,-0.000721,0.000796,-0.000025,0.000185
0.002456,-0.000505,0.001494,0.002350,0.001256,-0.000077,0.009785,0.004744,0.000142,0.000480,0.002039,-0.000976,0.005782,-0.005722,0.002309,0.001782,0.000229,-0.001201,-0.000413,0.003099,-0.000747,0.002196,0.000515,0.001260,0.003719,0.000715,0.001935,0.000552,0.000360,0.007042,0.000172,-0.000612,0.002748,0.004448,0.001832,0.001252,0.000223,0.002385,0.004310,0.000351,0.000959
0.002824,-0.000302,-0.000094,-0.001466,-0.000179,-0.000438,0.004744,0.010987,-0.000165,-0.000594,0.000054,-0.000120,0.002618,-0.004883,0.001101,0.000216,-0.000863,-0.001711,-0.000312,0.000648,-0.000681,0.002704,0.000537,0.000436,0.003821,-0.000535,0.001147,-0.000250,0.001171,0.001695,0.000124,-0.000350,0.001145,-0.000127,-0.002524,-0.000089,-0.000881,-0.001230,0.001856,0.000640,-0.000025
0.000646,0.000058,0.000181,-0.000063,-0.000036,0.000838,0.000142,-0.000165,0.002284,0.000071,-0.000141,0.000032,0.000430,0.001218,0.000477,0.000007,-0.000270,0.000084,-0.000404,-0.000103,0.000069,-0.000095,-0.000018,0.000002,0.000289,-0.000344,-0.000024,-0.000118,-0.000098,-0.000514,0.000185,0.000098,0.000001,-0.000259,-0.000412,-0.000140,-0.000437,-0.000793,-0.000007,0.000026,-0.000045
0.001351,0.000367,-0.000689,0.000080,0.000377,0.000230,0.000480,-0.000594,0.000071,0.007900,-0.000006,-0.000399,0.002123,0.004009,0.000783,0.002359,0.000463,0.000191,-0.000055,0.000907,0.000319,-0.000805,-0.000073,0.000460,-0.001570,-0.000417,0.000763,0.000283,0.000322,0.006475,0.001765,-0.001135,-0.000157,-0.000199,0.001286,0.000224,0.002602,0.000161,0.000983,0.000010,-0.000465
-0.000251,-0.000077,0.000066,0.001217,0.000512,-0.000120,0.002039,0.000054,-0.000141,-0.000006,0.003883,-0.000055,0.001010,-0.000498,0.000509,0.000058,-0.000017,0.000097,-0.001061,0.000086,-0.000621,0.000252,0.000059,-0.000251,-0.000099,0.000352,0.000394,-0.000056,-0.000095,0.001236,0.000508,-0.000082,0.000135,0.003478,0.001213,0.000138,-0.000720,0.002809,0.000755,0.000042,-0.000530
0.000062,-0.000023,0.000151,-0.000314,0.000023,0.000064,-0.000976,-0.000120,0.000032,-0.000399,-0.000055,0.001473,-0.000466,-0.000219,-0.000112,-0.000571,-0.000065,0.000043,0.000090,0.000172,-0.000025,0.000306,0.000008,0.000092,0.000314,-0.000178,-0.000001,-0.000139,0.000222,-0.001766,-0.000375,0.000278,-0.000116,-0.000030,-0.000455,0.000045,-0.000502,0.000036,0.000009,0.000014,-0.000021
0.003968,-0.000535,0.004146,0.002369,0.001029,0.001371,0.005782,0.002618,0.000430,0.002123,0.001010,-0.000466,0.011492,0.002298,0.003472,0.002169,0.000546,-0.000968,-0.000261,0.000833,0.000502,0.001385,0.000631,0.006446,0.002839,0.000003,0.002621,-0.000369,0.001618,0.007083,0.004424,0.000723,0.001312,0.001752,-0.000966,0.003095,0.000596,0.000640,0.009894,0.000086,0.001802
-0.000988,0.001735,-0.003180,-0.001816,0.000053,-0.000012,-0.005722,-0.004883,0.001218,0.004009,-0.000498,-0.000219,0.002298,0.024031,0.000948,0.001717,-0.000184,0.001143,-0.000140,-0.001137,0.001225,-0.003109,-0.000644,-0.001399,-0.001049,-0.000500,-0.001584,-0.000476,0.000069,0.003061,0.010406,-0.002340,-0.001216,-0.001113,0.001436,-0.000772,0.000193,0.000610,-0.001403,-0.000205,-0.002243
0.002397,0.000449,0.001000,0.000472,0.000434,0.000864,0.002309,0.001101,0.000477,0.000783,0.000509,-0.000112,0.003472,0.000948,0.004725,0.000883,0.000238,-0.000502,0.000227,0.000594,0.000709,0.000486,0.000260,-0.000415,0.001014,-0.000039,0.001009,-0.000266,0.000055,0.002587,0.001330,0.000637,0.000354,0.001298,0.000059,0.000589,0.000840,0.000139,0.002045,0.000164,0.000466
0.001799,-0.000114,-0.000652,0.000173,0.000382,0.000768,0.001782,0.000216,0.000007,0.002359,0.000058,-0.000571,0.002169,0.001717,0.000883,0.003799,-0.000145,0.000052,-0.000260,0.000698,0.000095,-0.000252,0.000212,-0.000423,-0.001289,0.000470,0.000829,0.000124,-0.000157,0.005407,0.001437,-0.000015,0.000282,0.000154,-0.000001,-0.000006,0.000946,-0.000031,0.000750,-0.000046,-0.000365
-0.000424,0.000419,0.002048,0.000691,-0.000013,-0.000225,0.000229,-0.000863,-0.000270,0.000463,-0.000017,-0.000065,0.000546,-0.000184,0.000238,-0.000145,0.006060,0.000539,-0.000117,0.001118,0.001143,-0.000032,-0.000111,0.000514,0.000745,0.000142,0.000035,-0.000634,0.000047,0.001610,-0.000145,-0.000207,0.000260,0.000108,0.001397,0.000126,0.002549,0.000389,0.000775,0.000051,0.002000
-0.001042,0.000099,-0.000621,0.000613,0.000016,0.000089,-0.001201,-0.001711,0.000084,0.000191,0.000097,0.000043,-0.000968,0.001143,-0.000502,0.000052,0.000539,0.002072,-0.000091,0.000201,0.000363,-0.000775,-0.000157,-0.000337,-0.001909,-0.000010,-0.000156,-0.000165,-0.000045,-0.000150,0.000328,-0.000165,-0.000612,0.000341,0.001181,-0.000278,0.000378,0.000307,-0.000943,-0.000011,-0.000259
-0.001111,0.000109,0.000555,0.001212,-0.000066,-0.000163,-0.000413,-0.000312,-0.000404,-0.000055,-0.001061,0.000090,-0.000261,-0.000140,0.000227,-0.000260,-0.000117,-0.000091,0.002053,0.000723,-0.000131,-0.000100,0.000024,-0.000329,0.000450,0.000183,-0.000556,0.000521,-0.000012,-0.000321,-0.000001,0.000141,-0.000067,0.000430,0.001500,-0.000064,0.000071,0.000713,0.000075,-0.000194,0.000096
0.001464,0.000540,-0.000699,-0.000317,0.000810,0.000389,0.003099,0.000648,-0.000103,0.000907,0.000086,0.000172,0.000833,-0.001137,0.000594,0.000698,0.001118,0.000201,0.000723,0.009506,0.000487,0.000256,0.000036,-0.000994,0.000046,0.000288,0.000346,0.000190,0.000096,0.007112,-0.000565,-0.000282,0.000939,0.002935,0.000221,-0.000085,0.001633,0.001276,0.000649,-0.000021,0.000162
0.000960,0.000223,-0.000157,-0.000039,0.000141,0.000393,-0.000747,-0.000681,0.000069,0.000319,-0.000621,-0.000025,0.000502,0.001225,0.000709,0.000095,0.001143,0.000363,-0.000131,0.000487,0.004193,-0.001090,-0.000115,0.000725,0.000513,0.000044,0.000153,-0.000565,0.000147,0.000834,0.000532,-0.000672,-0.000134,0.000065,-0.001013,-0.000409,0.002120,0.000033,-0.000113,0.000074,0.001036
0.000859,0.000136,0.001191,-0.000230,0.000067,-0.000387,0.002196,0.002704,-0.000095,-0.000805,0.000252,0.000306,0.001385,-0.003109,0.000486,-0.000252,-0.000032,-0.000775,-0.000100,0.000256,-0.001090,0.004589,0.000254,0.000498,0.003321,0.000130,0.000487,-0.000431,0.000105,-0.000307,-0.001193,0.000432,0.000630,-0.000137,-0.001917,0.000543,-0.000990,-0.000350,0.001854,-0.000023,0.000734
0.000594,-0.000171,0.000350,0.000187,0.000129,0.000221,0.000515,0.000537,-0.000018,-0.000073,0.000059,0.000008,0.000631,-0.000644,0.000260,0.000212,-0.000111,-0.000157,0.000024,0.000036,-0.000115,0.000254,0.000144,0.000033,0.000524,0.000094,0.000312,-0.000045,-0.000041,0.000310,0.000023,0.000388,0.000089,0.000288,0.000032,0.000072,-0.000234,0.000218,0.000463,0.000020,0.000156
-0.000798,-0.000655,0.005242,0.000357,-0.000297,-0.000546,0.001260,0.000436,0.000002,0.000460,-0.000251,0.000092,0.006446,-0.001399,-0.000415,-0.000423,0.000514,-0.000337,-0.000329,-0.000994,0.000725,0.000498,0.000033,0.025752,0.003069,-0.001061,0.000108,-0.000209,0.011402,-0.001436,-0.000859,-0.000394,0.000656,-0.003084,-0.004464,0.004006,0.002651,-0.003044,0.011720,0.000389,0.001618
0.004068,-0.000008,0.007039,-0.000712,-0.000338,-0.000604,0.003719,0.003821,0.000289,-0.001570,-0.000099,0.000314,0.002839,-0.001049,0.001014,-0.001289,0.000745,-0.001909,0.000450,0.000046,0.000513,0.003321,0.000524,0.003069,0.049675,-0.000477,-0.000185,0.000188,-0.000684,-0.004596,-0.000923,-0.000047,0.002891,-0.001402,-0.001836,0.000375,-0.000705,0.000276,0.001941,-0.000292,0.003630
-0.000341,-0.000020,0.000042,0.000700,0.000308,-0.000175,0.000715,-0.000535,-0.000344,-0.000417,0.000352,-0.000178,0.000003,-0.000500,-0.000039,0.000470,0.000142,-0.000010,0.000183,0.000288,0.000044,0.000130,0.000094,-0.001061,-0.000477,0.001749,-0.000038,0.000765,-0.001334,0.000860,0.001459,-0.000041,0.000168,0.001261,0.000996,-0.000067,-0.000286,0.001382,0.000045,0.000030,0.000040
0.002443,-0.000248,0.000097,0.000758,0.000378,0.000441,0.001935,0.001147,-0.000024,0.000763,0.000394,-0.000001,0.002621,-0.001584,0.001009,0.000829,0.000035,-0.000156,-0.000556,0.000346,0.000153,0.000487,0.000312,0.000108,-0.000185,-0.000038,0.004261,0.000193,0.000279,0.002111,0.000174,0.000320,0.000485,0.001203,-0.000279,0.000640,0.000151,0.000287,0.001505,0.000155,0.000613
-0.000376,-0.000229,-0.000225,0.000452,0.000060,0.000028,0.000552,-0.000250,-0.000118,0.000283,-0.000056,-0.000139,-0.000369,-0.000476,-0.000266,0.000124,-0.000634,-0.000165,0.000521,0.000190,-0.000565,-0.000431,-0.000045,-0.000209,0.000188,0.000765,0.000193,0.002575,-0.000351,0.000820,0.001506,-0.000061,-0.000069,0.000162,0.000710,-0.000126,0.000978,0.000028,0.000335,-0.000071,-0.000342
-0.000050,0.000020,0.000439,-0.000318,-0.000106,-0.000089,0.000360,0.001171,-0.000098,0.000322,-0.000095,0.000222,0.001618,0.000069,0.000055,-0.000157,0.000047,-0.000045,-0.000012,0.000096,0.000147,0.000105,-0.000041,0.011402,-0.000684,-0.001334,0.000279,-0.000351,0.011468,-0.001317,-0.000928,-0.000173,0.000557,-0.000731,-0.000932,0.001624,0.002360,-0.000795,0.003458,0.001105,0.000329
0.003326,0.000357,-0.001107,0.002596,0.001955,0.000072,0.007042,0.001695,-0.000514,0.006475,0.001236,-0.001766,0.007083,0.003061,0.002587,0.005407,0.001610,-0.000150,-0.000321,0.007112,0.000834,-0.000307,0.000310,-0.001436,-0.004596,0.000860,0.002111,0.000820,-0.001317,0.021294,0.003086,-0.001347,0.001315,0.004812,-0.000411,0.000540,0.005955,0.003623,0.003871,0.000014,0.000085
-0.000497,-0.000274,-0.001074,0.000872,0.000622,0.000115,0.000172,0.000124,0.000185,0.001765,0.000508,-0.000375,0.004424,0.010406,0.001330,0.001437,-0.000145,0.000328,-0.000001,-0.000565,0.000532,-0.001193,0.000023,-0.000859,-0.000923,0.001459,0.000174,0.001506,-0.000928,0.003086,0.011444,-0.001321,-0.000491,0.000885,-0.000020,-0.000498,-0.002170,0.000825,0.001496,-0.000326,-0.000699
0.002230,-0.000141,0.001992,-0.000171,0.000039,0.002259,-0.000612,-0.000350,0.000098,-0.001135,-0.000082,0.000278,0.000723,-0.002340,0.000637,-0.000015,-0.000207,-0.000165,0.000141,-0.000282,-0.000672,0.000432,0.000388,-0.000394,-0.000047,-0.000041,0.000320,-0.000061,-0.000173,-0.001347,-0.001321,0.003982,-0.000214,-0.000060,0.000939,0.000140,0.000016,-0.000477,0.000825,-0.000068,0.000789
0.000583,0.000047,0.000777,0.000219,0.000171,-0.000254,0.002748,0.001145,0.000001,-0.000157,0.000135,-0.000116,0.001312,-0.001216,0.000354,0.000282,0.000260,-0.000612,-0.000067,0.000939,-0.000134,0.000630,0.000089,0.000656,0.002891,0.000168,0.000485,-0.000069,0.000557,0.001315,-0.000491,-0.000214,0.003873,0.001288,0.000818,0.000371,0.000392,0.000579,0.000943,-0.000017,0.000668
0.000249,0.000218,0.000188,0.004022,0.001719,0.000051,0.004448,-0.000127,-0.000259,-0.000199,0.003478,-0.000030,0.001752,-0.001113,0.001298,0.000154,0.000108,0.000341,0.000430,0.002935,0.000065,-0.000137,0.000288,-0.003084,-0.001402,0.001261,0.001203,0.000162,-0.000731,0.004812,0.000885,-0.000060,0.001288,0.008656,0.004689,0.000044,-0.000461,0.008141,0.000486,0.000044,-0.000160
0.000100,0.000279,-0.001121,0.001150,0.000738,-0.000072,0.001832,-0.002524,-0.000412,0.001286,0.001213,-0.000455,-0.000966,0.001436,0.000059,-0.000001,0.001397,0.001181,0.001500,0.000221,-0.001013,-0.001917,0.000032,-0.004464,-0.001836,0.000996,-0.000279,0.000710,-0.000932,-0.000411,-0.000020,0.000939,0.000818,0.004689,0.015953,-0.000331,0.000828,0.005328,-0.002480,-0.000267,-0.000820
0.001068,-0.000139,0.001434,0.000598,0.000113,0.000499,0.001252,-0.000089,-0.000140,0.000224,0.000138,0.000045,0.003095,-0.000772,0.000589,-0.000006,0.000126,-0.000278,-0.000064,-0.000085,-0.000409,0.000543,0.000072,0.004006,0.000375,-0.000067,0.000640,-0.000126,0.001624,0.000540,-0.000498,0.000140,0.000371,0.000044,-0.000331,0.005913,0.000167,0.000146,0.005249,-0.000010,0.000570
0.000705,0.001276,0.001194,-0.000150,-0.000018,0.000657,0.000223,-0.000881,-0.000437,0.002602,-0.000720,-0.000502,0.000596,0.000193,0.000840,0.000946,0.002549,0.000378,0.000071,0.001633,0.002120,-0.000990,-0.000234,0.002651,-0.000705,-0.000286,0.000151,0.000978,0.002360,0.005955,-0.002170,0.000016,0.000392,-0.000461,0.000828,0.000167,0.009869,0.000172,0.000708,0.000344,0.001214
0.000328,0.000454,0.000154,0.003727,0.001700,-0.000721,0.002385,-0.001230,-0.000793,0.000161,0.002809,0.000036,0.000640,0.000610,0.000139,-0.000031,0.000389,0.000307,0.000713,0.001276,0.000033,-0.000350,0.000218,-0.003044,0.000276,0.001382,0.000287,0.000028,-0.000795,0.003623,0.000825,-0.000477,0.000579,0.008141,0.005328,0.000146,0.000172,0.010234,0.000076,-0.000116,-0.000205
0.003077,-0.000328,0.005304,0.001957,0.000664,0.000796,0.004310,0.001856,-0.000007,0.000983,0.000755,0.000009,0.009894,-0.001403,0.002045,0.000750,0.000775,-0.000943,0.000075,0.000649,-0.000113,0.001854,0.000463,0.011720,0.001941,0.000045,0.001505,0.000335,0.003458,0.003871,0.001496,0.000825,0.000943,0.000486,-0.002480,0.005249,0.000708,0.000076,0.013161,-0.000026,0.002168
0.000174,-0.000035,-0.000359,-0.000241,0.000025,-0.000025,0.000351,0.000640,0.000026,0.000010,0.000042,0.000014,0.000086,-0.000205,0.000164,-0.000046,0.000051,-0.000011,-0.000194,-0.000021,0.000074,-0.000023,0.000020,0.000389,-0.000292,0.000030,0.000155,-0.000071,0.001105,0.000014,-0.000326,-0.000068,-0.000017,0.000044,-0.000267,-0.000010,0.000344,-0.000116,-0.000026,0.000791,-0.000010
0.000757,-0.000032,0.002531,0.001103,0.000082,0.000185,0.000959,-0.000025,-0.000045,-0.000465,-0.000530,-0.000021,0.001802,-0.002243,0.000466,-0.000365,0.002000,-0.000259,0.000096,0.000162,0.001036,0.000734,0.000156,0.001618,0.003630,0.000040,0.000613,-0.000342,0.000329,0.000085,-0.000699,0.000789,0.000668,-0.000160,-0.000820,0.000570,0.001214,-0.000205,0.002168,-0.000010,0.002343
