0.147528,0.003804,0.004015,-0.000085,0.008577,0.001910,-0.003784,-0.006288,0.006750,-0.000153,-0.001670,-0.001523,0.006890,0.004048,-0.002159,0.006690,-0.007354,0.000836
0.003804,0.082675,0.000398,-0.000600,0.002113,0.001259,0.002101,0.002109,0.000826,-0.002182,-0.001167,0.002229,0.002697,-0.002437,-0.000492,0.003670,0.000219,0.003880
0.004015,0.000398,0.149330,-0.004293,0.005914,0.000829,0.009280,0.000043,-0.002824,0.010062,0.000704,0.000366,-0.005871,0.000164,-0.004544,-0.008747,-0.001215,0.000577
-0.000085,-0.000600,-0.004293,0.153098,0.006308,0.003362,0.004050,-0.005725,0.001840,-0.002644,0.009915,0.000863,-0.004833,-0.007501,0.002496,-0.006765,-0.002063,-0.001034
0.008577,0.002113,0.005914,0.006308,0.120946,-0.002462,0.002216,0.000414,0.007040,0.002318,0.003332,-0.004149,0.007321,0.001915,-0.001592,-0.003404,0.003588,0.001781
0.001910,0.001259,0.000829,0.003362,-0.002462,0.085477,0.001306,-0.006912,0.001775,0.000628,-0.007749,0.001769,-0.000675,-0.005560,-0.003586,-0.005239,0.000283,0.004671
-0.003784,0.002101,0.009280,0.004050,0.002216,0.001306,0.081393,-0.007171,-0.002484,0.000412,-0.001160,0.003849,0.000736,0.002890,-0.002552,-0.000738,0.002425,0.003088
-0.006288,0.002109,0.000043,-0.005725,0.000414,-0.006912,-0.007171,0.149078,0.004872,0.000577,0.004811,-0.013177,-0.006743,-0.000411,0.010926,0.003945,0.002009,0.003362
0.006750,0.000826,-0.002824,0.001840,0.007040,0.001775,-0.002484,0.004872,0.150431,-0.002268,0.002821,-0.002021,-0.002269,0.005021,0.009355,0.004918,-0.000664,0.000922
-0.000153,-0.002182,0.010062,-0.002644,0.002318,0.000628,0.000412,0.000577,-0.002268,0.082472,-0.004970,0.006391,-0.005521,-0.003602,0.000492,-0.004004,0.002266,-0.001405
-0.001670,-0.001167,0.000704,0.009915,0.003332,-0.007749,-0.001160,0.004811,0.002821,-0.004970,0.151718,0.003163,0.002801,-0.006241,0.010544,0.000798,-0.001999,0.000403
-0.001523,0.002229,0.000366,0.000863,-0.004149,0.001769,0.003849,-0.013177,-0.002021,0.006391,0.003163,0.150986,0.006324,0.006129,-0.005120,-0.003069,-0.001093,0.003745
0.006890,0.002697,-0.005871,-0.004833,0.007321,-0.000675,0.000736,-0.006743,-0.002269,-0.005521,0.002801,0.006324,0.149265,0.001069,0.000199,0.001416,0.001634,0.000406
0.004048,-0.002437,0.000164,-0.007501,0.001915,-0.005560,0.002890,-0.000411,0.005021,-0.003602,-0.006241,0.006129,0.001069,0.117638,-0.006089,0.005175,-0.001239,-0.000009
-0.002159,-0.000492,-0.004544,0.002496,-0.001592,-0.003586,-0.002552,0.010926,0.009355,0.000492,0.010544,-0.005120,0.000199,-0.006089,0.117452,-0.002069,0.002430,-0.000626
0.006690,0.003670,-0.008747,-0.006765,-0.003404,-0.005239,-0.000738,0.003945,0.004918,-0.004004,0.000798,-0.003069,0.001416,0.005175,-0.002069,0.148220,-0.000489,-0.000681
-0.007354,0.000219,-0.001215,-0.002063,0.003588,0.000283,0.002425,0.002009,-0.000664,0.002266,-0.001999,-0.001093,0.001634,-0.001239,0.002430,-0.000489,0.115982,0.002643
0.000836,0.003880,0.000577,-0.001034,0.001781,0.004671,0.003088,0.003362,0.000922,-0.001405,0.000403,0.003745,0.000406,-0.000009,-0.000626,-0.000681,0.002643,0.083483
