0.150397,0.006000,-0.006066,-0.002430,0.007508,-0.004278,-0.002220,-0.005283,0.003753,-0.001748,-0.002710,0.003462,0.004473,0.000356,0.000685,0.001961,-0.005746,0.000318
0.006000,0.083536,0.001130,0.001715,-0.001963,-0.000106,-0.003093,0.002864,0.001147,-0.001289,0.008936,-0.001063,0.001852,-0.003850,0.000119,0.000549,0.003272,0.004082
-0.006066,0.001130,0.153710,0.006824,-0.008204,0.001158,0.006418,0.002009,-0.003881,0.001155,-0.000749,0.004018,-0.009642,-0.000673,0.001749,-0.005719,-0.000037,-0.001657
-0.002430,0.001715,0.006824,0.149940,0.002729,0.002453,0.008704,0.000188,-0.004354,-0.007149,0.010279,-0.007312,-0.001989,0.003922,-0.005875,-0.004732,-0.004961,0.001452
0.007508,-0.001963,-0.008204,0.002729,0.114363,-0.000992,-0.001167,-0.003709,0.000202,0.003606,0.005669,-0.002022,0.004447,0.003659,-0.005818,0.005866,-0.002875,0.002545
-0.004278,-0.000106,0.001158,0.002453,-0.000992,0.084627,-0.003267,-0.010631,-0.004072,0.002214,0.004493,-0.000171,0.003126,-0.003938,0.004003,0.001220,-0.001901,-0.000189
-0.002220,-0.003093,0.006418,0.008704,-0.001167,-0.003267,0.084022,-0.008573,0.001914,0.000657,-0.005743,0.003574,0.001082,0.004957,-0.005776,-0.001606,0.002678,-0.000767
-0.005283,0.002864,0.002009,0.000188,-0.003709,-0.010631,-0.008573,0.154210,0.002555,0.001808,0.004891,-0.001430,-0.002675,0.000036,0.005102,0.009060,0.003392,0.004244
0.003753,0.001147,-0.003881,-0.004354,0.000202,-0.004072,0.001914,0.002555,0.147879,-0.000404,0.003505,0.000138,-0.009901,0.001212,0.003655,-0.000742,-0.002402,0.002241
-0.001748,-0.001289,0.001155,-0.007149,0.003606,0.002214,0.000657,0.001808,-0.000404,0.082704,-0.008490,-0.004161,-0.005516,-0.001687,0.001024,0.001249,-0.000251,0.002781
-0.002710,0.008936,-0.000749,0.010279,0.005669,0.004493,-0.005743,0.004891,0.003505,-0.008490,0.146508,-0.001667,-0.000134,-0.007871,0.008278,-0.000997,0.000135,0.003986
0.003462,-0.001063,0.004018,-0.007312,-0.002022,-0.000171,0.003574,-0.001430,0.000138,-0.004161,-0.001667,0.152613,0.006624,0.003377,-0.001947,-0.001096,-0.001092,0.004076
0.004473,0.001852,-0.009642,-0.001989,0.004447,0.003126,0.001082,-0.002675,-0.009901,-0.005516,-0.000134,0.006624,0.151516,-0.000145,-0.004972,0.004522,0.002690,0.003047
0.000356,-0.003850,-0.000673,0.003922,0.003659,-0.003938,0.004957,0.000036,0.001212,-0.001687,-0.007871,0.003377,-0.000145,0.114885,0.002370,0.010247,-0.002609,0.002835
0.000685,0.000119,0.001749,-0.005875,-0.005818,0.004003,-0.005776,0.005102,0.003655,0.001024,0.008278,-0.001947,-0.004972,0.002370,0.117034,0.002995,0.000402,0.001491
0.001961,0.000549,-0.005719,-0.004732,0.005866,0.001220,-0.001606,0.009060,-0.000742,0.001249,-0.000997,-0.001096,0.004522,0.010247,0.002995,0.152369,0.003514,0.000421
-0.005746,0.003272,-0.000037,-0.004961,-0.002875,-0.001901,0.002678,0.003392,-0.002402,-0.000251,0.000135,-0.001092,0.002690,-0.002609,0.000402,0.003514,0.117217,-0.005223
0.000318,0.004082,-0.001657,0.001452,0.002545,-0.000189,-0.000767,0.004244,0.002241,0.002781,0.003986,0.004076,0.003047,0.002835,0.001491,0.000421,-0.005223,0.081717
