1.659225,-0.000187,-0.006881,0.000768,-0.015602,-0.007132
-0.000187,0.000378,0.000318,0.002317,-0.000164,0.000093
-0.006881,0.000318,0.042637,0.024211,0.018743,0.001277
0.000768,0.002317,0.024211,0.174855,-0.021689,-0.003008
-0.015602,-0.000164,0.018743,-0.021689,0.039309,-0.000026
-0.007132,0.000093,0.001277,-0.003008,-0.000026,0.007901
