0.623702,-0.789096,0.718810,0.003542,19.824136,-0.005285,0.084470,-0.158374
-0.789096,70.722498,0.902071,-0.001460,-1.777660,-0.246059,-0.179538,0.490930
0.718810,0.902071,0.997975,0.006556,2.198347,0.008750,0.102326,-0.027459
0.003542,-0.001460,0.006556,0.008090,0.078684,-0.000247,-0.003770,-0.000620
19.824136,-1.777660,2.198347,0.078684,119143.529088,18.000864,-28.777559,2.303031
-0.005285,-0.246059,0.008750,-0.000247,18.000864,0.065072,-0.205443,0.013426
0.084470,-0.179538,0.102326,-0.003770,-28.777559,-0.205443,1.065897,-0.215884
-0.158374,0.490930,-0.027459,-0.000620,2.303031,0.013426,-0.215884,0.449868
