0.866633,-0.341050,0.568736,-0.000141,11.821034,-0.052438,-0.221231,-0.192179
-0.341050,18.618721,-0.082910,-0.012990,-39.766246,-0.156967,-0.029021,0.026975
0.568736,-0.082910,0.500861,0.002373,1.333259,-0.007666,-0.057718,-0.010409
-0.000141,-0.012990,0.002373,0.006749,-0.031402,0.000017,0.003601,-0.000087
11.821034,-39.766246,1.333259,-0.031402,126270.198752,21.303822,-33.261783,-0.630541
-0.052438,-0.156967,-0.007666,0.000017,21.303822,0.075321,-0.176928,0.030788
-0.221231,-0.029021,-0.057718,0.003601,-33.261783,-0.176928,1.190044,-0.202769
-0.192179,0.026975,-0.010409,-0.000087,-0.630541,0.030788,-0.202769,0.517577
