0.004339,-0.003698,0.000420,0.000005,0.000058,0.000001,0.001030,-0.001226
-0.003698,0.011625,-0.000342,-0.000018,-0.001197,-0.000001,-0.002580,0.000131
0.000420,-0.000342,0.000044,0.000001,0.000005,0.000000,0.000059,-0.000009
0.000005,-0.000018,0.000001,0.000015,-0.000002,-0.000000,0.000005,0.000000
0.000058,-0.001197,0.000005,-0.000002,0.000359,0.000001,-0.000464,0.000098
0.000001,-0.000001,0.000000,-0.000000,0.000001,0.000000,-0.000004,0.000001
0.001030,-0.002580,0.000059,0.000005,-0.000464,-0.000004,0.006112,-0.002641
-0.001226,0.000131,-0.000009,0.000000,0.000098,0.000001,-0.002641,0.005011
