0.002921,-0.000597,0.000315,-0.000006,0.000011,0.000001,-0.001337,-0.000854
-0.000597,0.014056,0.000102,-0.000005,-0.000011,-0.000003,0.000230,0.000213
0.000315,0.000102,0.000050,0.000003,0.000001,0.000000,0.000009,-0.000012
-0.000006,-0.000005,0.000003,0.000005,-0.000000,-0.000000,0.000007,0.000000
0.000011,-0.000011,0.000001,-0.000000,0.000096,0.000001,-0.000137,0.000011
0.000001,-0.000003,0.000000,-0.000000,0.000001,0.000000,-0.000018,0.000002
-0.001337,0.000230,0.000009,0.000007,-0.000137,-0.000018,0.013346,-0.001964
-0.000854,0.000213,-0.000012,0.000000,0.000011,0.000002,-0.001964,0.004254
