0.004116,-0.000514,0.000328,-0.000001,0.000023,0.000001,-0.001419,-0.001411
-0.000514,0.007321,-0.000017,-0.000008,-0.000023,-0.000003,-0.000072,0.000058
0.000328,-0.000017,0.000031,0.000001,0.000000,0.000000,-0.000054,-0.000007
-0.000001,-0.000008,0.000001,0.000006,-0.000000,0.000000,0.000012,-0.000001
0.000023,-0.000023,0.000000,-0.000000,0.000100,0.000000,-0.000097,0.000009
0.000001,-0.000003,0.000000,0.000000,0.000000,0.000000,-0.000019,0.000002
-0.001419,-0.000072,-0.000054,0.000012,-0.000097,-0.000019,0.013015,-0.002045
-0.001411,0.000058,-0.000007,-0.000001,0.000009,0.000002,-0.002045,0.005470
