0.053027,0.000840,-0.002788,-0.001565,0.000448,-0.000892,-0.000526,0.000684,-0.000543,-0.000347,0.001689,-0.001808,0.001303,-0.001026,-0.001336,0.000534,-0.000212,0.002059
0.000840,0.042979,0.001820,0.000081,-0.000986,-0.001546,-0.001355,-0.003601,-0.000235,-0.001417,-0.001705,-0.000115,0.000870,0.002162,-0.002255,0.000569,0.001437,0.003047
-0.002788,0.001820,0.039412,0.000361,0.000843,0.000423,0.001610,-0.003078,0.000060,0.001985,-0.002380,-0.002593,-0.001413,0.004221,-0.004831,0.002224,0.000036,-0.002375
-0.001565,0.000081,0.000361,0.036212,-0.000756,-0.000097,-0.000464,0.000503,-0.001301,-0.004915,0.001461,-0.000368,-0.001597,0.001068,0.001380,-0.000228,0.000012,0.000242
0.000448,-0.000986,0.000843,-0.000756,0.036248,-0.001516,0.001607,0.001796,0.001819,0.001124,0.000719,-0.001270,0.000821,-0.001615,-0.003401,-0.001490,0.000905,0.001403
-0.000892,-0.001546,0.000423,-0.000097,-0.001516,0.043177,0.000182,0.002135,-0.002100,-0.002189,0.002451,-0.001622,-0.003552,-0.001198,-0.001046,0.000559,-0.001840,0.002077
-0.000526,-0.001355,0.001610,-0.000464,0.001607,0.000182,0.045038,-0.003438,-0.002105,0.000740,-0.001094,-0.000068,0.000645,0.001286,0.000718,0.000938,0.000617,-0.003808
0.000684,-0.003601,-0.003078,0.000503,0.001796,0.002135,-0.003438,0.043715,0.000815,-0.001689,0.003480,-0.001681,-0.001269,-0.002784,-0.000114,0.001326,0.001318,0.001484
-0.000543,-0.000235,0.000060,-0.001301,0.001819,-0.002100,-0.002105,0.000815,0.039471,-0.000581,0.002768,0.000446,0.000313,-0.003629,0.000212,0.000886,-0.000096,-0.001958
-0.000347,-0.001417,0.001985,-0.004915,0.001124,-0.002189,0.000740,-0.001689,-0.000581,0.042364,-0.003902,-0.000557,0.002307,-0.002960,-0.001470,-0.001274,0.002748,-0.001172
0.001689,-0.001705,-0.002380,0.001461,0.000719,0.002451,-0.001094,0.003480,0.002768,-0.003902,0.037674,-0.001696,-0.000986,0.001420,0.001275,0.004153,0.001465,-0.000500
-0.001808,-0.000115,-0.002593,-0.000368,-0.001270,-0.001622,-0.000068,-0.001681,0.000446,-0.000557,-0.001696,0.043976,-0.000507,0.001597,-0.001065,-0.000139,0.001971,0.003165
0.001303,0.000870,-0.001413,-0.001597,0.000821,-0.003552,0.000645,-0.001269,0.000313,0.002307,-0.000986,-0.000507,0.042101,0.002236,0.000442,-0.000839,-0.000195,-0.003583
-0.001026,0.002162,0.004221,0.001068,-0.001615,-0.001198,0.001286,-0.002784,-0.003629,-0.002960,0.001420,0.001597,0.002236,0.041183,-0.002692,-0.000498,0.000222,0.000204
-0.001336,-0.002255,-0.004831,0.001380,-0.003401,-0.001046,0.000718,-0.000114,0.000212,-0.001470,0.001275,-0.001065,0.000442,-0.002692,0.041879,-0.001735,0.002293,-0.001498
0.000534,0.000569,0.002224,-0.000228,-0.001490,0.000559,0.000938,0.001326,0.000886,-0.001274,0.004153,-0.000139,-0.000839,-0.000498,-0.001735,0.046693,0.002294,-0.000337
-0.000212,0.001437,0.000036,0.000012,0.000905,-0.001840,0.000617,0.001318,-0.000096,0.002748,0.001465,0.001971,-0.000195,0.000222,0.002293,0.002294,0.038344,-0.000275
0.002059,0.003047,-0.002375,0.000242,0.001403,0.002077,-0.003808,0.001484,-0.001958,-0.001172,-0.000500,0.003165,-0.003583,0.000204,-0.001498,-0.000337,-0.000275,0.037623
