1.968724,1.709031,0.384319,-0.097848,-53.475092,0.683591,-0.851605,0.584634
1.709031,157.723099,-4.585213,-0.287653,-4513.726172,-5.307877,-0.330685,-2.810158
0.384319,-4.585213,4.506157,0.758382,-725.462426,-10.734163,0.266950,-0.087720
-0.097848,-0.287653,0.758382,0.165675,-212.699824,-1.994096,0.017044,0.074893
-53.475092,-4513.726172,-725.462426,-212.699824,1280704.617898,2287.653696,-320.998061,303.574423
0.683591,-5.307877,-10.734163,-1.994096,2287.653696,165.990234,3.519933,-6.092297
-0.851605,-0.330685,0.266950,0.017044,-320.998061,3.519933,1.614996,-2.152952
0.584634,-2.810158,-0.087720,0.074893,303.574423,-6.092297,-2.152952,4.091172
