2.235434,0.653282,0.822295,-0.138961,-18.775741,-2.802760,-0.735296,0.413322
0.653282,157.676062,-4.502577,-0.153691,-4408.915745,-10.553876,-0.410731,-2.713908
0.822295,-4.502577,5.754242,0.902617,-1037.118484,17.174636,0.282523,-0.108428
-0.138961,-0.153691,0.902617,0.201344,-259.326554,3.476845,0.031274,0.061345
-18.775741,-4408.915745,-1037.118484,-259.326554,1305045.193493,-3931.256469,-294.062083,282.002220
-2.802760,-10.553876,17.174636,3.476845,-3931.256469,339.244322,7.808026,-8.563052
-0.735296,-0.410731,0.282523,0.031274,-294.062083,7.808026,1.412868,-1.981537
0.413322,-2.713908,-0.108428,0.061345,282.002220,-8.563052,-1.981537,4.039202
