0.010560,0.001081,0.000512,-0.000185,-0.000279,-0.000018,-0.005120,0.002586
0.001081,0.061077,-0.000597,-0.000072,-0.002382,-0.000012,-0.000510,-0.005320
0.000512,-0.000597,0.000264,0.000173,-0.000252,0.000017,0.000179,-0.000074
-0.000185,-0.000072,0.000173,0.000164,-0.000263,0.000008,0.000079,0.000178
-0.000279,-0.002382,-0.000252,-0.000263,0.001185,-0.000009,-0.000913,0.000751
-0.000018,-0.000012,0.000017,0.000008,-0.000009,0.000063,0.000335,-0.000310
-0.005120,-0.000510,0.000179,0.000079,-0.000913,0.000335,0.016646,-0.021546
0.002586,-0.005320,-0.000074,0.000178,0.000751,-0.000310,-0.021546,0.040245
