0.000290,0.000051,0.000003,-0.000024,-0.000121,0.000119,0.000033,0.000310,-0.000052,0.000421,0.000506,0.000116,-0.000013,0.000240,-0.000256,-0.000112,-0.000183,-0.000131,-0.000528,0.000710,0.000830,-0.001023,-0.000453,0.000349,0.000447,-0.000269,-0.000382,0.000358,-0.000264,0.000027,0.000100,-0.000062,0.000503,-0.000615,0.000300,-0.000297,-0.000292,0.000616,0.000068,-0.000317,-0.000014,-0.000070,-0.000003,-0.000196,-0.000245,0.000265,0.000074,0.000083,0.000013,0.000010,0.000012,0.000011,0.000001,-0.000005,0.000005,0.000007,-0.000015,0.000009,-0.000013,0.000008
0.000051,0.000944,-0.000046,0.000237,-0.000078,0.000207,-0.000150,0.000382,-0.000277,0.000905,0.000161,0.000253,-0.000113,-0.000040,0.000195,0.001303,-0.000146,0.000249,-0.000051,0.000351,0.000820,-0.001647,-0.000156,0.000819,0.001221,-0.000947,0.000094,-0.001409,-0.001439,-0.000692,-0.000801,-0.000313,0.000003,-0.000116,0.001747,-0.000407,-0.001009,0.001834,-0.000595,0.000318,0.000385,0.000369,0.000451,-0.000185,0.000105,0.000556,0.000517,0.000161,0.000171,-0.000012,0.000049,-0.000018,0.000033,0.000005,0.000004,-0.000013,-0.000007,0.000031,-0.000022,-0.000005
0.000003,-0.000046,0.001295,0.000048,0.000793,0.000486,0.000080,-0.000251,-0.000108,-0.000314,-0.000287,-0.000013,0.001175,0.001087,0.000509,0.000923,0.001071,0.001250,-0.000854,0.000108,0.000730,0.000898,0.002324,0.001285,0.001342,-0.000371,-0.000627,-0.001220,-0.001635,-0.000546,-0.001502,-0.000674,-0.000104,-0.000485,-0.000279,-0.000160,-0.000637,0.000290,-0.000237,-0.000062,0.001167,-0.000019,-0.000663,0.000046,0.000228,0.000302,-0.000006,0.000236,-0.000058,0.000042,-0.000007,-0.000010,-0.000017,0.000084,0.000052,-0.000010,0.000002,-0.000011,0.000046,-0.000003
-0.000024,0.000237,0.000048,0.001069,0.000187,0.000498,-0.000065,0.000205,-0.000153,0.000898,0.000751,-0.000689,0.000583,-0.000401,-0.000079,0.000088,-0.000131,-0.000255,0.000062,0.001027,-0.001282,-0.001577,-0.000073,-0.001595,-0.000872,-0.001084,-0.000053,-0.000066,-0.000691,-0.000158,0.000742,-0.000603,0.000114,-0.000479,0.000519,0.000531,-0.000717,-0.000141,-0.000749,0.000669,-0.000032,0.000309,0.000066,0.000264,-0.000146,0.000305,0.000130,0.000162,0.000181,0.000000,0.000020,0.000018,-0.000005,0.000028,0.000018,-0.000009,0.000034,0.000010,-0.000002,-0.000011
-0.000121,-0.000078,0.000793,0.000187,0.003341,0.000395,0.000257,-0.000173,-0.000053,-0.000452,0.000456,-0.000650,0.001125,0.000415,0.000786,0.001264,0.001555,0.002328,0.001317,-0.000845,-0.000759,-0.001072,-0.000140,0.001207,-0.000870,-0.000440,-0.001507,-0.001253,-0.002861,-0.001749,-0.002269,0.000342,-0.000266,-0.000027,-0.000393,-0.000969,0.000228,0.001477,-0.000279,-0.000699,0.001495,0.000709,0.000057,-0.000200,-0.000354,-0.000211,-0.000166,0.000520,-0.000028,-0.000050,0.000057,0.000016,-0.000019,0.000026,0.000041,0.000012,-0.000004,-0.000017,0.000021,0.000004
0.000119,0.000207,0.000486,0.000498,0.000395,0.003412,-0.000124,0.000691,-0.000068,0.000323,-0.000968,-0.001193,0.001851,-0.000186,0.000025,0.001605,-0.000301,-0.000286,-0.002934,0.003310,-0.000597,-0.001904,-0.000960,-0.001724,-0.000955,-0.001217,-0.001744,-0.003311,0.000268,0.000205,0.000809,-0.000701,-0.000148,-0.001152,0.001968,0.001022,-0.000145,0.000742,0.000418,0.000173,0.000603,-0.000165,0.000203,0.000863,0.000456,0.000416,-0.000295,0.000135,-0.000030,-0.000078,0.000017,0.000043,0.000042,0.000024,0.000049,0.000005,0.000014,0.000012,0.000057,-0.000013
0.000033,-0.000150,0.000080,-0.000065,0.000257,-0.000124,0.004947,-0.000395,0.000648,-0.000617,0.001080,0.000796,0.001541,0.000809,0.000991,0.002506,0.002922,0.002406,0.000814,-0.001286,-0.000103,0.003476,0.000201,0.000790,0.001680,0.001679,-0.003088,0.000933,0.000162,-0.000242,-0.000101,0.001534,-0.000313,-0.001036,-0.000105,-0.002228,-0.000276,-0.000563,-0.000820,-0.000868,-0.001539,-0.001570,0.000350,0.000474,-0.001032,-0.000592,-0.000387,0.000802,-0.000321,-0.000022,-0.000057,0.000012,-0.000004,-0.000044,-0.000071,-0.000033,-0.000022,0.000031,-0.000039,-0.000016
0.000310,0.000382,-0.000251,0.000205,-0.000173,0.000691,-0.000395,0.004599,0.000123,0.002007,0.001469,-0.000672,0.000942,-0.000983,0.000341,0.000572,-0.002290,-0.002531,-0.002684,0.006220,0.001089,-0.001281,0.000125,-0.001760,-0.000575,0.004464,0.001141,-0.001047,-0.001052,0.000359,-0.002383,0.000136,0.002520,-0.000261,0.000289,-0.000537,-0.000959,-0.000079,-0.001442,0.000208,0.001136,-0.000063,-0.000554,-0.000360,0.001382,0.001082,0.000620,-0.000117,0.000040,0.000022,0.000015,0.000020,0.000047,-0.000013,-0.000024,-0.000005,-0.000021,0.000018,-0.000035,-0.000001
-0.000052,-0.000277,-0.000108,-0.000153,-0.000053,-0.000068,0.000648,0.000123,0.007726,0.000382,0.000814,0.001097,-0.001369,0.002589,0.001235,0.000961,-0.004511,-0.000753,-0.000080,-0.002200,0.002403,-0.001825,0.000108,0.000272,0.005100,-0.004327,0.002526,0.000521,-0.000337,-0.001416,-0.001023,0.003340,-0.000899,-0.001629,-0.003291,-0.000531,0.000793,-0.002337,-0.000845,-0.001284,0.000060,-0.000454,-0.000267,0.000363,-0.000477,-0.000516,-0.000279,-0.000102,-0.000376,0.000125,-0.000012,0.000016,0.000004,-0.000070,-0.000022,0.000003,0.000026,-0.000027,0.000005,0.000022
0.000421,0.000905,-0.000314,0.000898,-0.000452,0.000323,-0.000617,0.002007,0.000382,0.020277,0.007599,0.001221,-0.000707,-0.000457,-0.003844,0.005017,-0.003682,0.003926,-0.003906,0.007590,0.011328,-0.008690,0.002922,-0.003961,0.003116,-0.005237,-0.001769,-0.000794,-0.004224,-0.005777,0.000440,0.000516,-0.000542,-0.001249,0.007825,-0.000467,0.000167,0.002400,-0.000878,0.003882,-0.001192,-0.000590,0.000068,0.000079,0.002811,0.000682,0.001633,0.000340,0.000583,-0.000058,0.000127,0.000197,0.000091,-0.000149,0.000126,-0.000084,0.000166,0.000094,-0.000031,-0.000048
0.000506,0.000161,-0.000287,0.000751,0.000456,-0.000968,0.001080,0.001469,0.000814,0.007599,0.021590,-0.000988,-0.001164,0.000601,-0.001617,0.000363,0.002603,-0.003344,0.000040,0.009046,0.011655,-0.006100,0.001236,0.004719,-0.003144,0.005678,0.000753,-0.001927,-0.007634,-0.005775,0.000183,0.002645,0.001281,-0.002732,0.000859,-0.004763,-0.000735,-0.002813,-0.002546,-0.000361,-0.004018,0.001025,-0.002031,-0.000345,-0.002145,-0.000238,-0.000362,0.001525,0.000157,0.000042,0.000097,0.000095,-0.000005,-0.000178,0.000108,-0.000026,0.000088,0.000036,-0.000091,-0.000036
0.000116,0.000253,-0.000013,-0.000689,-0.000650,-0.001193,0.000796,-0.000672,0.001097,0.001221,-0.000988,0.024240,0.002676,0.001476,0.000721,-0.001933,-0.000119,0.004309,0.013985,0.000860,0.010761,-0.002854,0.000285,-0.002671,0.008489,-0.007542,-0.001872,-0.003843,-0.002777,-0.003794,-0.005641,0.003121,-0.002925,-0.002197,-0.001820,-0.009275,-0.001949,-0.002087,0.004403,-0.002972,-0.000736,0.001710,0.002710,0.000114,0.000569,-0.001592,-0.000441,-0.001154,-0.000393,-0.000240,0.000273,0.000054,-0.000086,0.000056,-0.000064,-0.000089,-0.000106,-0.000054,-0.000087,0.000093
-0.000013,-0.000113,0.001175,0.000583,0.001125,0.001851,0.001541,0.000942,-0.001369,-0.000707,-0.001164,0.002676,0.023909,0.003308,0.000014,0.002559,0.002079,-0.000117,0.002328,0.013007,0.002781,0.005518,0.009219,0.002080,-0.005494,0.000954,-0.002474,-0.007684,-0.007239,-0.001678,0.001954,0.006951,0.000278,-0.005523,-0.002950,-0.001411,-0.003066,-0.000579,0.002567,0.000782,0.005240,-0.000021,0.003477,0.003856,0.003237,0.001504,0.001167,0.000742,0.000352,-0.000121,0.000030,0.000197,-0.000060,0.000194,0.000189,-0.000043,0.000106,-0.000002,0.000134,-0.000012
0.000240,-0.000040,0.001087,-0.000401,0.000415,-0.000186,0.000809,-0.000983,0.002589,-0.000457,0.000601,0.001476,0.003308,0.031865,0.000222,0.001053,0.008754,0.000422,0.009385,0.000778,0.013126,0.002021,-0.001193,0.010213,-0.001373,0.002009,-0.000462,-0.002410,-0.001523,0.002336,-0.003612,0.005470,-0.000555,-0.007058,-0.004788,-0.002041,-0.001746,-0.005004,0.000005,-0.005872,-0.001873,-0.004811,0.001154,0.000918,-0.005176,-0.001696,0.000521,-0.000022,-0.000287,0.000050,0.000110,-0.000130,0.000004,-0.000042,-0.000033,-0.000038,-0.000076,-0.000020,0.000004,0.000114
-0.000256,0.000195,0.000509,-0.000079,0.000786,0.000025,0.000991,0.000341,0.001235,-0.003844,-0.001617,0.000721,0.000014,0.000222,0.037486,-0.002592,0.004597,0.005470,-0.007424,-0.001776,0.000578,0.010224,0.005569,-0.006746,0.007147,-0.003358,-0.007270,-0.009102,-0.009058,-0.002121,-0.002740,-0.000260,-0.000124,-0.006578,-0.000930,0.000488,-0.000455,-0.001579,-0.001968,-0.005986,-0.001276,-0.001193,-0.001065,0.001208,0.000016,0.001915,0.000479,0.001504,-0.000507,0.000232,0.000324,-0.000103,0.000014,0.000371,-0.000180,0.000001,0.000124,-0.000012,-0.000073,0.000044
-0.000112,0.001303,0.000923,0.000088,0.001264,0.001605,0.002506,0.000572,0.000961,0.005017,0.000363,-0.001933,0.002559,0.001053,-0.002592,0.053551,0.011560,0.011289,-0.001075,0.004418,0.007717,0.009942,0.016260,0.008554,0.006438,0.016680,-0.002431,-0.005215,-0.011402,0.002347,-0.012155,-0.001494,-0.001445,-0.000358,0.000910,-0.005004,0.004471,0.008024,-0.006606,-0.004543,-0.001909,-0.000768,0.001424,0.000548,-0.003927,0.001128,0.002325,0.001456,0.000080,-0.000182,0.000139,0.000142,0.000331,-0.000113,0.000052,-0.000079,0.000043,0.000172,0.000038,0.000028
-0.000183,-0.000146,0.001071,-0.000131,0.001555,-0.000301,0.002922,-0.002290,-0.004511,-0.003682,0.002603,-0.000119,0.002079,0.008754,0.004597,0.011560,0.077383,0.013487,0.024901,-0.001728,0.013406,0.017956,0.009763,-0.000452,0.003822,0.010196,-0.006095,-0.004523,-0.003675,0.004939,-0.006240,0.004602,-0.001594,-0.002292,-0.008910,-0.008226,-0.008450,-0.005761,-0.005804,0.000275,-0.002522,-0.004088,0.001306,0.005848,-0.005067,-0.002000,0.000705,0.000274,0.000781,-0.000137,0.000446,0.000089,-0.000088,0.000416,0.000026,0.000051,0.000025,-0.000041,0.000015,0.000165
-0.000131,0.000249,0.001250,-0.000255,0.002328,-0.000286,0.002406,-0.002531,-0.000753,0.003926,-0.003344,0.004309,-0.000117,0.000422,0.005470,0.011289,0.013487,0.059402,-0.004897,-0.009651,0.004266,0.008280,0.012870,0.011674,0.018062,-0.003579,-0.005314,-0.002038,-0.010297,-0.005024,-0.003044,0.005677,0.004193,-0.003062,-0.004213,-0.004284,-0.002048,-0.001811,-0.003664,0.000822,-0.003527,-0.003037,0.000921,0.001405,-0.001412,-0.001122,-0.000231,0.000900,-0.000444,0.000039,0.000212,0.000100,0.000047,-0.000006,-0.000006,0.000060,0.000284,-0.000042,0.000052,0.000088
-0.000528,-0.000051,-0.000854,0.000062,0.001317,-0.002934,0.000814,-0.002684,-0.000080,-0.003906,0.000040,0.013985,0.002328,0.009385,-0.007424,-0.001075,0.024901,-0.004897,0.094649,-0.005395,0.012173,0.007372,0.006105,0.004946,-0.018191,-0.000178,0.000388,-0.000985,-0.006191,0.003367,-0.008352,-0.000024,0.000005,-0.007742,-0.008441,-0.016046,-0.008648,-0.010700,0.000123,-0.007641,-0.001843,-0.001697,0.002985,-0.001435,-0.007223,-0.001906,0.000131,0.000745,-0.000359,-0.000112,0.000479,-0.000265,-0.000237,0.000084,-0.000180,0.000032,-0.000191,-0.000106,-0.000390,0.000275
0.000710,0.000351,0.000108,0.001027,-0.000845,0.003310,-0.001286,0.006220,-0.002200,0.007590,0.009046,0.000860,0.013007,0.000778,-0.001776,0.004418,-0.001728,-0.009651,-0.005395,0.097416,0.028004,0.007440,0.016649,0.003082,-0.018061,0.000639,0.002444,-0.004265,-0.008708,0.002747,-0.001522,0.007861,0.000051,-0.018258,0.011512,-0.008489,0.006336,-0.003670,-0.007511,-0.001303,-0.001127,0.003678,0.001507,-0.002596,0.002143,0.005768,-0.002205,0.000831,0.000317,-0.000081,-0.000046,0.000321,0.000092,-0.000348,0.000062,-0.000024,-0.000047,0.000084,-0.000248,0.000054
0.000830,0.000820,0.000730,-0.001282,-0.000759,-0.000597,-0.000103,0.001089,0.002403,0.011328,0.011655,0.010761,0.002781,0.013126,0.000578,0.007717,0.013406,0.004266,0.012173,0.028004,0.130328,-0.007671,0.024469,0.012722,-0.002789,0.011428,-0.000787,-0.025561,-0.020957,-0.015210,-0.018859,0.007931,-0.003443,-0.013224,-0.003791,-0.024426,-0.007699,-0.000002,0.001247,-0.004368,-0.010966,-0.008988,0.003279,0.001363,-0.009395,-0.003209,-0.001292,-0.001405,-0.000039,-0.000333,0.000324,-0.000031,0.000163,-0.000138,-0.000231,0.000047,-0.000014,0.000160,-0.000281,0.000152
-0.001023,-0.001647,0.000898,-0.001577,-0.001072,-0.001904,0.003476,-0.001281,-0.001825,-0.008690,-0.006100,-0.002854,0.005518,0.002021,0.010224,0.009942,0.017956,0.008280,0.007372,0.007440,-0.007671,0.119262,0.026401,0.010017,-0.004906,-0.006553,-0.003269,-0.017614,-0.013293,0.000947,-0.015666,-0.002914,0.003792,-0.005670,-0.002477,0.006246,0.000876,-0.012651,-0.003268,0.000735,-0.000620,-0.008232,0.000640,0.001300,-0.002790,0.001499,-0.000645,0.001072,-0.000032,0.000181,-0.000519,-0.000252,0.000002,0.000172,-0.000270,-0.000006,0.000021,0.000096,0.000113,0.000016
-0.000453,-0.000156,0.002324,-0.000073,-0.000140,-0.000960,0.000201,0.000125,0.000108,0.002922,0.001236,0.000285,0.009219,-0.001193,0.005569,0.016260,0.009763,0.012870,0.006105,0.016649,0.024469,0.026401,0.118917,0.018497,0.008493,0.008011,0.004070,-0.020890,-0.021360,0.010282,-0.016076,-0.004407,-0.001275,-0.015195,-0.000442,-0.000402,-0.000805,-0.001429,0.002442,0.002120,-0.002077,0.001840,0.002817,0.002279,-0.004660,0.000326,0.000318,0.000727,0.000468,-0.000230,-0.000099,-0.000165,0.000056,0.000131,0.000023,-0.000146,0.000056,-0.000139,-0.000020,-0.000016
0.000349,0.000819,0.001285,-0.001595,0.001207,-0.001724,0.000790,-0.001760,0.000272,-0.003961,0.004719,-0.002671,0.002080,0.010213,-0.006746,0.008554,-0.000452,0.011674,0.004946,0.003082,0.012722,0.010017,0.018497,0.135276,0.007317,0.004393,0.012144,-0.016898,-0.024679,0.000477,-0.009440,0.005124,-0.001035,-0.010753,-0.004483,-0.003938,0.001984,-0.009319,-0.006576,-0.005190,0.000585,-0.000698,-0.000026,-0.001954,-0.002768,-0.004297,0.000388,0.003379,-0.000015,-0.000204,-0.000124,-0.000462,-0.000357,-0.000021,0.000151,0.000187,-0.000249,-0.000183,-0.000082,-0.000034
0.000447,0.001221,0.001342,-0.000872,-0.000870,-0.000955,0.001680,-0.000575,0.005100,0.003116,-0.003144,0.008489,-0.005494,-0.001373,0.007147,0.006438,0.003822,0.018062,-0.018191,-0.018061,-0.002789,-0.004906,0.008493,0.007317,0.124622,-0.016673,0.007825,0.010106,-0.005410,-0.010072,-0.013579,0.001670,-0.001066,0.009889,-0.004286,0.005503,0.006804,0.003196,-0.007854,-0.004899,-0.002295,-0.006490,-0.000385,0.003213,0.000375,-0.001036,-0.000075,0.001671,0.000805,0.000403,0.000238,-0.000133,0.000056,0.000162,-0.000256,-0.000106,-0.000055,-0.000036,-0.000134,-0.000050
-0.000269,-0.000947,-0.000371,-0.001084,-0.000440,-0.001217,0.001679,0.004464,-0.004327,-0.005237,0.005678,-0.007542,0.000954,0.002009,-0.003358,0.016680,0.010196,-0.003579,-0.000178,0.000639,0.011428,-0.006553,0.008011,0.004393,-0.016673,0.131053,-0.001024,0.009509,0.003154,0.009021,-0.005180,0.007650,0.010375,0.008023,0.000676,-0.011050,0.003870,0.005969,-0.008070,-0.004480,-0.005525,0.004587,-0.002587,-0.002048,-0.000028,0.004168,0.002822,0.001284,-0.000574,0.000243,0.000060,0.000141,0.000077,-0.000169,-0.000007,0.000192,-0.000135,0.000160,0.000036,0.000016
-0.000382,0.000094,-0.000627,-0.000053,-0.001507,-0.001744,-0.003088,0.001141,0.002526,-0.001769,0.000753,-0.001872,-0.002474,-0.000462,-0.007270,-0.002431,-0.006095,-0.005314,0.000388,0.002444,-0.000787,-0.003269,0.004070,0.012144,0.007825,-0.001024,0.123347,0.015632,0.008954,0.000690,-0.010269,0.005997,-0.004075,0.008531,-0.017275,0.001742,-0.016735,-0.013025,-0.003518,-0.001156,-0.000988,0.001485,-0.001046,-0.005498,-0.004975,-0.000234,0.001507,-0.000112,-0.000172,0.000126,-0.000139,-0.000260,-0.000049,-0.000060,0.000011,0.000065,-0.000002,0.000081,0.000045,0.000064
0.000358,-0.001409,-0.001220,-0.000066,-0.001253,-0.003311,0.000933,-0.001047,0.000521,-0.000794,-0.001927,-0.003843,-0.007684,-0.002410,-0.009102,-0.005215,-0.004523,-0.002038,-0.000985,-0.004265,-0.025561,-0.017614,-0.020890,-0.016898,0.010106,0.009509,0.015632,0.122860,0.018394,0.005425,0.023989,-0.003675,-0.002405,-0.003710,0.004581,-0.001766,-0.003870,-0.001715,0.001544,-0.001427,-0.003963,-0.002797,0.005429,-0.004756,0.000587,0.001418,0.006331,0.000054,0.000490,0.000140,0.000003,0.000103,0.000161,-0.000085,-0.000054,0.000236,0.000047,0.000068,-0.000291,0.000026
-0.000264,-0.001439,-0.001635,-0.000691,-0.002861,0.000268,0.000162,-0.001052,-0.000337,-0.004224,-0.007634,-0.002777,-0.007239,-0.001523,-0.009058,-0.011402,-0.003675,-0.010297,-0.006191,-0.008708,-0.020957,-0.013293,-0.021360,-0.024679,-0.005410,0.003154,0.008954,0.018394,0.129700,0.015252,0.012802,-0.010037,0.001083,0.010630,-0.001562,0.013430,0.009476,0.004100,-0.002947,0.010078,-0.004236,-0.012672,-0.002264,-0.004892,0.003279,-0.003980,-0.003701,-0.003250,-0.000399,-0.000384,-0.000496,-0.000199,-0.000070,-0.000148,-0.000281,0.000025,-0.000042,-0.000007,0.000224,-0.000031
0.000027,-0.000692,-0.000546,-0.000158,-0.001749,0.000205,-0.000242,0.000359,-0.001416,-0.005777,-0.005775,-0.003794,-0.001678,0.002336,-0.002121,0.002347,0.004939,-0.005024,0.003367,0.002747,-0.015210,0.000947,0.010282,0.000477,-0.010072,0.009021,0.000690,0.005425,0.015252,0.087158,0.001717,-0.009507,0.000068,-0.004219,-0.008575,0.003213,-0.001594,-0.014297,0.002861,-0.007511,-0.013668,-0.003837,-0.003688,-0.004318,-0.006056,-0.001464,0.000344,-0.000641,-0.000454,-0.000051,-0.000034,-0.000194,-0.000044,-0.000046,-0.000151,0.000053,-0.000162,0.000004,0.000054,0.000131
0.000100,-0.000801,-0.001502,0.000742,-0.002269,0.000809,-0.000101,-0.002383,-0.001023,0.000440,0.000183,-0.005641,0.001954,-0.003612,-0.002740,-0.012155,-0.006240,-0.003044,-0.008352,-0.001522,-0.018859,-0.015666,-0.016076,-0.009440,-0.013579,-0.005180,-0.010269,0.023989,0.012802,0.001717,0.094059,0.009386,-0.003358,0.013825,0.010412,0.003435,-0.001365,0.003617,0.007982,0.008487,0.003878,0.004182,0.003234,0.004778,0.007294,0.003028,0.001793,-0.000226,-0.000251,-0.000025,-0.000038,0.000330,-0.000103,-0.000189,0.000167,0.000029,0.000355,-0.000002,0.000049,-0.000116
-0.000062,-0.000313,-0.000674,-0.000603,0.000342,-0.000701,0.001534,0.000136,0.003340,0.000516,0.002645,0.003121,0.006951,0.005470,-0.000260,-0.001494,0.004602,0.005677,-0.000024,0.007861,0.007931,-0.002914,-0.004407,0.005124,0.001670,0.007650,0.005997,-0.003675,-0.010037,-0.009507,0.009386,0.042404,-0.001744,-0.004869,-0.008305,-0.008625,-0.005309,-0.006148,-0.003437,-0.001160,0.006615,0.003042,0.004658,0.004113,0.002981,-0.000963,-0.002142,0.000281,-0.000148,0.000099,0.000169,0.000351,0.000173,-0.000055,0.000087,0.000210,0.000091,-0.000024,0.000099,0.000043
0.000503,0.000003,-0.000104,0.000114,-0.000266,-0.000148,-0.000313,0.002520,-0.000899,-0.000542,0.001281,-0.002925,0.000278,-0.000555,-0.000124,-0.001445,-0.001594,0.004193,0.000005,0.000051,-0.003443,0.003792,-0.001275,-0.001035,-0.001066,0.010375,-0.004075,-0.002405,0.001083,0.000068,-0.003358,-0.001744,0.026858,-0.000704,-0.006668,-0.002050,0.001196,0.000038,0.001695,0.000049,-0.004122,-0.000142,-0.000463,0.001151,-0.001876,0.000815,-0.000921,-0.000124,0.000408,0.000025,0.000082,-0.000019,0.000120,-0.000030,-0.000034,0.000007,0.000020,0.000080,0.000006,0.000050
-0.000615,-0.000116,-0.000485,-0.000479,-0.000027,-0.001152,-0.001036,-0.000261,-0.001629,-0.001249,-0.002732,-0.002197,-0.005523,-0.007058,-0.006578,-0.000358,-0.002292,-0.003062,-0.007742,-0.018258,-0.013224,-0.005670,-0.015195,-0.010753,0.009889,0.008023,0.008531,-0.003710,0.010630,-0.004219,0.013825,-0.004869,-0.000704,0.061949,-0.000690,0.013865,0.001178,0.001924,-0.001102,0.005964,0.003225,0.003871,-0.005401,0.002872,0.004272,-0.000408,-0.000454,-0.000881,-0.000532,0.000011,-0.000130,-0.000264,-0.000035,-0.000039,-0.000254,-0.000082,0.000011,-0.000093,0.000033,-0.000076
0.000300,0.001747,-0.000279,0.000519,-0.000393,0.001968,-0.000105,0.000289,-0.003291,0.007825,0.000859,-0.001820,-0.002950,-0.004788,-0.000930,0.000910,-0.008910,-0.004213,-0.008441,0.011512,-0.003791,-0.002477,-0.000442,-0.004483,-0.004286,0.000676,-0.017275,0.004581,-0.001562,-0.008575,0.010412,-0.008305,-0.006668,-0.000690,0.073159,0.000071,0.011100,0.012889,0.005019,0.003948,0.001859,0.008299,-0.004902,-0.004425,0.008420,0.011818,0.003435,-0.000594,0.000040,0.000154,-0.000155,0.000059,0.000128,-0.000206,0.000008,-0.000112,0.000111,0.000215,-0.000045,-0.000035
-0.000297,-0.000407,-0.000160,0.000531,-0.000969,0.001022,-0.002228,-0.000537,-0.000531,-0.000467,-0.004763,-0.009275,-0.001411,-0.002041,0.000488,-0.005004,-0.008226,-0.004284,-0.016046,-0.008489,-0.024426,0.006246,-0.000402,-0.003938,0.005503,-0.011050,0.001742,-0.001766,0.013430,0.003213,0.003435,-0.008625,-0.002050,0.013865,0.000071,0.059313,0.007038,0.001055,-0.001541,0.007006,0.006240,-0.002431,-0.003061,-0.004105,0.003826,0.002650,0.000040,0.001161,-0.000526,0.000169,-0.000128,-0.000254,-0.000142,-0.000071,0.000155,0.000035,0.000149,-0.000112,0.000222,-0.000036
-0.000292,-0.001009,-0.000637,-0.000717,0.000228,-0.000145,-0.000276,-0.000959,0.000793,0.000167,-0.000735,-0.001949,-0.003066,-0.001746,-0.000455,0.004471,-0.008450,-0.002048,-0.008648,0.006336,-0.007699,0.000876,-0.000805,0.001984,0.006804,0.003870,-0.016735,-0.003870,0.009476,-0.001594,-0.001365,-0.005309,0.001196,0.001178,0.011100,0.007038,0.052565,0.006574,-0.004653,-0.003444,0.005985,-0.000781,-0.002059,0.001032,-0.001195,-0.000787,-0.000553,-0.000052,-0.000492,-0.000149,-0.000159,0.000070,0.000186,-0.000177,-0.000121,0.000030,-0.000104,0.000007,-0.000094,0.000014
0.000616,0.001834,0.000290,-0.000141,0.001477,0.000742,-0.000563,-0.000079,-0.002337,0.002400,-0.002813,-0.002087,-0.000579,-0.005004,-0.001579,0.008024,-0.005761,-0.001811,-0.010700,-0.003670,-0.000002,-0.012651,-0.001429,-0.009319,0.003196,0.005969,-0.013025,-0.001715,0.004100,-0.014297,0.003617,-0.006148,0.000038,0.001924,0.012889,0.001055,0.006574,0.053723,0.005429,0.009587,0.003809,0.003889,0.002490,-0.000338,0.001838,0.004787,0.002613,-0.000877,-0.000073,-0.000239,0.000426,0.000024,0.000081,-0.000010,-0.000070,0.000117,-0.000134,0.000321,-0.000030,-0.000026
0.000068,-0.000595,-0.000237,-0.000749,-0.000279,0.000418,-0.000820,-0.001442,-0.000845,-0.000878,-0.002546,0.004403,0.002567,0.000005,-0.001968,-0.006606,-0.005804,-0.003664,0.000123,-0.007511,0.001247,-0.003268,0.002442,-0.006576,-0.007854,-0.008070,-0.003518,0.001544,-0.002947,0.002861,0.007982,-0.003437,0.001695,-0.001102,0.005019,-0.001541,-0.004653,0.005429,0.043355,0.005205,0.001613,0.008103,0.003419,-0.000046,-0.002809,-0.000202,-0.002013,-0.002154,-0.000248,-0.000000,0.000141,0.000158,-0.000002,-0.000038,0.000044,-0.000028,0.000029,0.000064,0.000178,0.000070
-0.000317,0.000318,-0.000062,0.000669,-0.000699,0.000173,-0.000868,0.000208,-0.001284,0.003882,-0.000361,-0.002972,0.000782,-0.005872,-0.005986,-0.004543,0.000275,0.000822,-0.007641,-0.001303,-0.004368,0.000735,0.002120,-0.005190,-0.004899,-0.004480,-0.001156,-0.001427,0.010078,-0.007511,0.008487,-0.001160,0.000049,0.005964,0.003948,0.007006,-0.003444,0.009587,0.005205,0.037566,0.000020,0.000558,-0.002075,-0.000158,0.005004,-0.001012,0.000102,-0.000554,0.000217,0.000112,0.000145,0.000146,-0.000024,-0.000148,0.000097,-0.000002,0.000253,0.000046,0.000269,-0.000123
-0.000014,0.000385,0.001167,-0.000032,0.001495,0.000603,-0.001539,0.001136,0.000060,-0.001192,-0.004018,-0.000736,0.005240,-0.001873,-0.001276,-0.001909,-0.002522,-0.003527,-0.001843,-0.001127,-0.010966,-0.000620,-0.002077,0.000585,-0.002295,-0.005525,-0.000988,-0.003963,-0.004236,-0.013668,0.003878,0.006615,-0.004122,0.003225,0.001859,0.006240,0.005985,0.003809,0.001613,0.000020,0.038101,0.009583,0.002120,0.002069,0.007268,0.004328,0.000841,-0.000717,-0.000433,-0.000005,0.000013,0.000162,-0.000223,0.000078,0.000215,0.000054,-0.000068,-0.000021,0.000154,0.000031
-0.000070,0.000369,-0.000019,0.000309,0.000709,-0.000165,-0.001570,-0.000063,-0.000454,-0.000590,0.001025,0.001710,-0.000021,-0.004811,-0.001193,-0.000768,-0.004088,-0.003037,-0.001697,0.003678,-0.008988,-0.008232,0.001840,-0.000698,-0.006490,0.004587,0.001485,-0.002797,-0.012672,-0.003837,0.004182,0.003042,-0.000142,0.003871,0.008299,-0.002431,-0.000781,0.003889,0.008103,0.000558,0.009583,0.033785,-0.001859,0.000697,0.008252,0.006645,0.002136,0.000463,-0.000015,0.000625,0.000303,0.000255,-0.000182,-0.000143,0.000176,-0.000015,0.000007,-0.000015,-0.000024,-0.000020
-0.000003,0.000451,-0.000663,0.000066,0.000057,0.000203,0.000350,-0.000554,-0.000267,0.000068,-0.002031,0.002710,0.003477,0.001154,-0.001065,0.001424,0.001306,0.000921,0.002985,0.001507,0.003279,0.000640,0.002817,-0.000026,-0.000385,-0.002587,-0.001046,0.005429,-0.002264,-0.003688,0.003234,0.004658,-0.000463,-0.005401,-0.004902,-0.003061,-0.002059,0.002490,0.003419,-0.002075,0.002120,-0.001859,0.013782,0.003423,0.000531,-0.001233,0.000313,-0.000339,0.000215,-0.000159,0.000152,0.000101,0.000093,-0.000092,0.000019,0.000078,-0.000073,0.000056,0.000033,0.000021
-0.000196,-0.000185,0.000046,0.000264,-0.000200,0.000863,0.000474,-0.000360,0.000363,0.000079,-0.000345,0.000114,0.003856,0.000918,0.001208,0.000548,0.005848,0.001405,-0.001435,-0.002596,0.001363,0.001300,0.002279,-0.001954,0.003213,-0.002048,-0.005498,-0.004756,-0.004892,-0.004318,0.004778,0.004113,0.001151,0.002872,-0.004425,-0.004105,0.001032,-0.000338,-0.000046,-0.000158,0.002069,0.000697,0.003423,0.013207,0.003031,-0.002015,-0.000452,-0.000373,0.000403,-0.000219,0.000033,0.000016,-0.000016,0.000006,0.000023,-0.000042,0.000054,0.000075,0.000151,-0.000046
-0.000245,0.000105,0.000228,-0.000146,-0.000354,0.000456,-0.001032,0.001382,-0.000477,0.002811,-0.002145,0.000569,0.003237,-0.005176,0.000016,-0.003927,-0.005067,-0.001412,-0.007223,0.002143,-0.009395,-0.002790,-0.004660,-0.002768,0.000375,-0.000028,-0.004975,0.000587,0.003279,-0.006056,0.007294,0.002981,-0.001876,0.004272,0.008420,0.003826,-0.001195,0.001838,-0.002809,0.005004,0.007268,0.008252,0.000531,0.003031,0.022093,0.004693,0.001608,-0.000031,0.000287,0.000170,0.000108,0.000192,-0.000106,0.000013,0.000157,-0.000007,0.000039,-0.000051,0.000133,-0.000098
0.000265,0.000556,0.000302,0.000305,-0.000211,0.000416,-0.000592,0.001082,-0.000516,0.000682,-0.000238,-0.001592,0.001504,-0.001696,0.001915,0.001128,-0.002000,-0.001122,-0.001906,0.005768,-0.003209,0.001499,0.000326,-0.004297,-0.001036,0.004168,-0.000234,0.001418,-0.003980,-0.001464,0.003028,-0.000963,0.000815,-0.000408,0.011818,0.002650,-0.000787,0.004787,-0.000202,-0.001012,0.004328,0.006645,-0.001233,-0.002015,0.004693,0.012671,0.001540,0.000312,-0.000061,0.000550,0.000039,0.000058,-0.000036,-0.000003,0.000023,0.000040,0.000032,0.000062,-0.000108,-0.000013
0.000074,0.000517,-0.000006,0.000130,-0.000166,-0.000295,-0.000387,0.000620,-0.000279,0.001633,-0.000362,-0.000441,0.001167,0.000521,0.000479,0.002325,0.000705,-0.000231,0.000131,-0.002205,-0.001292,-0.000645,0.000318,0.000388,-0.000075,0.002822,0.001507,0.006331,-0.003701,0.000344,0.001793,-0.002142,-0.000921,-0.000454,0.003435,0.000040,-0.000553,0.002613,-0.002013,0.000102,0.000841,0.002136,0.000313,-0.000452,0.001608,0.001540,0.004960,0.000415,0.000184,0.000101,0.000084,-0.000009,-0.000016,0.000003,0.000072,-0.000002,0.000022,-0.000002,-0.000067,0.000007
0.000083,0.000161,0.000236,0.000162,0.000520,0.000135,0.000802,-0.000117,-0.000102,0.000340,0.001525,-0.001154,0.000742,-0.000022,0.001504,0.001456,0.000274,0.000900,0.000745,0.000831,-0.001405,0.001072,0.000727,0.003379,0.001671,0.001284,-0.000112,0.000054,-0.003250,-0.000641,-0.000226,0.000281,-0.000124,-0.000881,-0.000594,0.001161,-0.000052,-0.000877,-0.002154,-0.000554,-0.000717,0.000463,-0.000339,-0.000373,-0.000031,0.000312,0.000415,0.002876,0.000087,0.000061,0.000112,0.000015,0.000010,-0.000015,0.000007,-0.000005,0.000001,0.000017,-0.000014,-0.000028
0.000013,0.000171,-0.000058,0.000181,-0.000028,-0.000030,-0.000321,0.000040,-0.000376,0.000583,0.000157,-0.000393,0.000352,-0.000287,-0.000507,0.000080,0.000781,-0.000444,-0.000359,0.000317,-0.000039,-0.000032,0.000468,-0.000015,0.000805,-0.000574,-0.000172,0.000490,-0.000399,-0.000454,-0.000251,-0.000148,0.000408,-0.000532,0.000040,-0.000526,-0.000492,-0.000073,-0.000248,0.000217,-0.000433,-0.000015,0.000215,0.000403,0.000287,-0.000061,0.000184,0.000087,0.000836,-0.000030,-0.000002,-0.000011,-0.000005,0.000000,-0.000005,-0.000009,0.000000,0.000009,-0.000001,-0.000017
0.000010,-0.000012,0.000042,0.000000,-0.000050,-0.000078,-0.000022,0.000022,0.000125,-0.000058,0.000042,-0.000240,-0.000121,0.000050,0.000232,-0.000182,-0.000137,0.000039,-0.000112,-0.000081,-0.000333,0.000181,-0.000230,-0.000204,0.000403,0.000243,0.000126,0.000140,-0.000384,-0.000051,-0.000025,0.000099,0.000025,0.000011,0.000154,0.000169,-0.000149,-0.000239,-0.000000,0.000112,-0.000005,0.000625,-0.000159,-0.000219,0.000170,0.000550,0.000101,0.000061,-0.000030,0.000145,-0.000005,0.000006,-0.000001,-0.000003,0.000010,0.000007,0.000010,-0.000003,-0.000004,0.000002
0.000012,0.000049,-0.000007,0.000020,0.000057,0.000017,-0.000057,0.000015,-0.000012,0.000127,0.000097,0.000273,0.000030,0.000110,0.000324,0.000139,0.000446,0.000212,0.000479,-0.000046,0.000324,-0.000519,-0.000099,-0.000124,0.000238,0.000060,-0.000139,0.000003,-0.000496,-0.000034,-0.000038,0.000169,0.000082,-0.000130,-0.000155,-0.000128,-0.000159,0.000426,0.000141,0.000145,0.000013,0.000303,0.000152,0.000033,0.000108,0.000039,0.000084,0.000112,-0.000002,-0.000005,0.000095,0.000007,0.000001,0.000000,0.000010,0.000006,0.000001,-0.000000,0.000001,0.000004
0.000011,-0.000018,-0.000010,0.000018,0.000016,0.000043,0.000012,0.000020,0.000016,0.000197,0.000095,0.000054,0.000197,-0.000130,-0.000103,0.000142,0.000089,0.000100,-0.000265,0.000321,-0.000031,-0.000252,-0.000165,-0.000462,-0.000133,0.000141,-0.000260,0.000103,-0.000199,-0.000194,0.000330,0.000351,-0.000019,-0.000264,0.000059,-0.000254,0.000070,0.000024,0.000158,0.000146,0.000162,0.000255,0.000101,0.000016,0.000192,0.000058,-0.000009,0.000015,-0.000011,0.000006,0.000007,0.000055,0.000004,-0.000002,0.000012,0.000001,0.000004,-0.000001,0.000005,0.000001
0.000001,0.000033,-0.000017,-0.000005,-0.000019,0.000042,-0.000004,0.000047,0.000004,0.000091,-0.000005,-0.000086,-0.000060,0.000004,0.000014,0.000331,-0.000088,0.000047,-0.000237,0.000092,0.000163,0.000002,0.000056,-0.000357,0.000056,0.000077,-0.000049,0.000161,-0.000070,-0.000044,-0.000103,0.000173,0.000120,-0.000035,0.000128,-0.000142,0.000186,0.000081,-0.000002,-0.000024,-0.000223,-0.000182,0.000093,-0.000016,-0.000106,-0.000036,-0.000016,0.000010,-0.000005,-0.000001,0.000001,0.000004,0.000040,-0.000002,-0.000001,0.000001,-0.000001,0.000005,0.000005,0.000001
-0.000005,0.000005,0.000084,0.000028,0.000026,0.000024,-0.000044,-0.000013,-0.000070,-0.000149,-0.000178,0.000056,0.000194,-0.000042,0.000371,-0.000113,0.000416,-0.000006,0.000084,-0.000348,-0.000138,0.000172,0.000131,-0.000021,0.000162,-0.000169,-0.000060,-0.000085,-0.000148,-0.000046,-0.000189,-0.000055,-0.000030,-0.000039,-0.000206,-0.000071,-0.000177,-0.000010,-0.000038,-0.000148,0.000078,-0.000143,-0.000092,0.000006,0.000013,-0.000003,0.000003,-0.000015,0.000000,-0.000003,0.000000,-0.000002,-0.000002,0.000040,0.000001,-0.000001,-0.000000,-0.000002,0.000001,-0.000000
0.000005,0.000004,0.000052,0.000018,0.000041,0.000049,-0.000071,-0.000024,-0.000022,0.000126,0.000108,-0.000064,0.000189,-0.000033,-0.000180,0.000052,0.000026,-0.000006,-0.000180,0.000062,-0.000231,-0.000270,0.000023,0.000151,-0.000256,-0.000007,0.000011,-0.000054,-0.000281,-0.000151,0.000167,0.000087,-0.000034,-0.000254,0.000008,0.000155,-0.000121,-0.000070,0.000044,0.000097,0.000215,0.000176,0.000019,0.000023,0.000157,0.000023,0.000072,0.000007,-0.000005,0.000010,0.000010,0.000012,-0.000001,0.000001,0.000036,-0.000000,0.000007,-0.000005,0.000011,0.000001
0.000007,-0.000013,-0.000010,-0.000009,0.000012,0.000005,-0.000033,-0.000005,0.000003,-0.000084,-0.000026,-0.000089,-0.000043,-0.000038,0.000001,-0.000079,0.000051,0.000060,0.000032,-0.000024,0.000047,-0.000006,-0.000146,0.000187,-0.000106,0.000192,0.000065,0.000236,0.000025,0.000053,0.000029,0.000210,0.000007,-0.000082,-0.000112,0.000035,0.000030,0.000117,-0.000028,-0.000002,0.000054,-0.000015,0.000078,-0.000042,-0.000007,0.000040,-0.000002,-0.000005,-0.000009,0.000007,0.000006,0.000001,0.000001,-0.000001,-0.000000,0.000017,-0.000001,-0.000003,-0.000002,0.000003
-0.000015,-0.000007,0.000002,0.000034,-0.000004,0.000014,-0.000022,-0.000021,0.000026,0.000166,0.000088,-0.000106,0.000106,-0.000076,0.000124,0.000043,0.000025,0.000284,-0.000191,-0.000047,-0.000014,0.000021,0.000056,-0.000249,-0.000055,-0.000135,-0.000002,0.000047,-0.000042,-0.000162,0.000355,0.000091,0.000020,0.000011,0.000111,0.000149,-0.000104,-0.000134,0.000029,0.000253,-0.000068,0.000007,-0.000073,0.000054,0.000039,0.000032,0.000022,0.000001,0.000000,0.000010,0.000001,0.000004,-0.000001,-0.000000,0.000007,-0.000001,0.000030,-0.000001,0.000009,-0.000002
0.000009,0.000031,-0.000011,0.000010,-0.000017,0.000012,0.000031,0.000018,-0.000027,0.000094,0.000036,-0.000054,-0.000002,-0.000020,-0.000012,0.000172,-0.000041,-0.000042,-0.000106,0.000084,0.000160,0.000096,-0.000139,-0.000183,-0.000036,0.000160,0.000081,0.000068,-0.000007,0.000004,-0.000002,-0.000024,0.000080,-0.000093,0.000215,-0.000112,0.000007,0.000321,0.000064,0.000046,-0.000021,-0.000015,0.000056,0.000075,-0.000051,0.000062,-0.000002,0.000017,0.000009,-0.000003,-0.000000,-0.000001,0.000005,-0.000002,-0.000005,-0.000003,-0.000001,0.000019,0.000003,-0.000002
-0.000013,-0.000022,0.000046,-0.000002,0.000021,0.000057,-0.000039,-0.000035,0.000005,-0.000031,-0.000091,-0.000087,0.000134,0.000004,-0.000073,0.000038,0.000015,0.000052,-0.000390,-0.000248,-0.000281,0.000113,-0.000020,-0.000082,-0.000134,0.000036,0.000045,-0.000291,0.000224,0.000054,0.000049,0.000099,0.000006,0.000033,-0.000045,0.000222,-0.000094,-0.000030,0.000178,0.000269,0.000154,-0.000024,0.000033,0.000151,0.000133,-0.000108,-0.000067,-0.000014,-0.000001,-0.000004,0.000001,0.000005,0.000005,0.000001,0.000011,-0.000002,0.000009,0.000003,0.000034,-0.000001
0.000008,-0.000005,-0.000003,-0.000011,0.000004,-0.000013,-0.000016,-0.000001,0.000022,-0.000048,-0.000036,0.000093,-0.000012,0.000114,0.000044,0.000028,0.000165,0.000088,0.000275,0.000054,0.000152,0.000016,-0.000016,-0.000034,-0.000050,0.000016,0.000064,0.000026,-0.000031,0.000131,-0.000116,0.000043,0.000050,-0.000076,-0.000035,-0.000036,0.000014,-0.000026,0.000070,-0.000123,0.000031,-0.000020,0.000021,-0.000046,-0.000098,-0.000013,0.000007,-0.000028,-0.000017,0.000002,0.000004,0.000001,0.000001,-0.000000,0.000001,0.000003,-0.000002,-0.000002,-0.000001,0.000011
