0.000291,0.000247,0.000210,0.000140,0.000293,0.000172,0.000383,0.000553,0.000804,0.000724,0.000666,0.000474,0.000689,0.000993,0.001185,0.001426,0.000863,0.000890,0.000608,0.000880,0.000526,-0.000048,-0.000414,-0.000438,-0.000618,-0.000977,-0.001280,-0.001144,-0.000953,-0.000138,-0.000229,-0.000486,-0.000486,-0.000320,-0.000252,-0.000164,-0.000117,-0.000002,-0.000353,-0.000107,0.000482,0.000271,0.000373,0.000368,0.000576,0.000426,0.000188,0.000126,0.000117,0.000025,0.000038,0.000033,0.000016,0.000009,0.000020,0.000006,0.000033,0.000031,0.000029,0.000015
0.000247,0.000776,0.000392,0.000275,0.000973,0.000688,0.000708,0.000764,0.001336,0.001223,0.001267,0.001491,0.001495,0.001821,0.002003,0.002531,0.001928,0.001276,0.001338,0.001443,0.000180,-0.001350,-0.001678,-0.001563,-0.001335,-0.002199,-0.002644,-0.001906,-0.001396,-0.000570,-0.000436,-0.001018,-0.001288,-0.000458,-0.000112,0.000204,0.000413,0.000626,0.000239,0.000155,0.001114,0.000333,0.000303,0.000536,0.000743,0.000771,0.000444,0.000399,0.000218,0.000051,0.000065,0.000037,0.000052,0.000036,0.000053,0.000033,0.000055,0.000052,0.000068,0.000047
0.000210,0.000392,0.000630,0.000374,0.000499,0.000419,0.000442,0.000826,0.001415,0.001277,0.001295,0.001100,0.001323,0.001497,0.001317,0.001648,0.000980,0.000281,0.000356,0.000766,0.000259,-0.001230,-0.001567,-0.001508,-0.001616,-0.001570,-0.001814,-0.001666,-0.001327,-0.000178,0.000040,-0.000395,-0.000658,-0.000118,-0.000132,-0.000107,0.000130,0.000586,0.000137,0.000519,0.001225,0.000955,0.001003,0.000874,0.001107,0.000982,0.000594,0.000486,0.000281,0.000042,0.000083,0.000047,0.000029,0.000036,0.000039,0.000040,0.000053,0.000041,0.000055,0.000045
0.000140,0.000275,0.000374,0.000600,0.000572,0.000485,0.000426,0.000811,0.001096,0.001096,0.001182,0.001481,0.001639,0.001890,0.001601,0.002045,0.001272,0.001028,0.001108,0.001662,0.001223,0.000145,-0.000773,-0.001021,-0.001049,-0.001126,-0.001332,-0.000856,-0.000583,0.000133,-0.000323,-0.000545,-0.001034,-0.000686,-0.000523,-0.000422,-0.000112,0.000140,0.000162,0.000407,0.001077,0.000482,0.000814,0.000691,0.000975,0.000747,0.000359,0.000311,0.000224,0.000051,0.000070,0.000047,0.000035,0.000030,0.000036,0.000038,0.000031,0.000048,0.000054,0.000036
0.000293,0.000973,0.000499,0.000572,0.003169,0.001686,0.001803,0.001054,0.001380,0.001493,0.002215,0.002495,0.002617,0.003953,0.004822,0.005899,0.004812,0.004256,0.005208,0.005255,0.002653,0.002298,0.002463,0.002109,0.001713,-0.000959,-0.001768,-0.002223,-0.003826,-0.003887,-0.003756,-0.004524,-0.005380,-0.004387,-0.003135,-0.001936,-0.001257,-0.001300,-0.000640,-0.001792,0.000377,-0.000401,-0.000083,0.000109,-0.000044,-0.000171,-0.000061,0.000107,0.000193,0.000038,0.000087,0.000047,0.000103,0.000032,0.000016,0.000039,0.000064,0.000080,0.000095,0.000066
0.000172,0.000688,0.000419,0.000485,0.001686,0.002586,0.001634,0.001842,0.002405,0.002535,0.002552,0.002919,0.003177,0.003747,0.002853,0.003997,0.002818,0.001819,0.002850,0.003795,0.002458,0.000677,-0.000621,0.000619,0.000821,-0.000751,-0.001404,-0.000266,0.000129,0.000428,-0.000731,-0.002400,-0.002788,-0.000800,0.000216,0.000161,0.000363,0.001138,0.001293,0.000805,0.001982,-0.000364,0.000775,0.001014,0.001231,0.001150,0.000162,0.000372,0.000173,0.000011,0.000094,0.000083,0.000062,0.000054,0.000043,0.000081,0.000040,0.000089,0.000086,0.000033
0.000383,0.000708,0.000442,0.000426,0.001803,0.001634,0.003129,0.001916,0.002719,0.003312,0.003224,0.002060,0.002951,0.003976,0.005912,0.006456,0.005695,0.006865,0.005001,0.004970,0.002431,0.001432,0.000440,0.000324,0.000603,-0.001233,-0.003013,-0.002690,-0.003240,-0.002383,-0.002717,-0.004998,-0.002804,-0.002170,0.000028,-0.000363,-0.000208,-0.000967,-0.000650,-0.000997,0.001342,-0.000820,0.000331,0.000392,-0.000285,-0.000108,-0.000454,0.000411,0.000225,0.000097,0.000042,0.000028,0.000081,0.000036,-0.000001,0.000054,0.000063,0.000085,0.000104,0.000026
0.000553,0.000764,0.000826,0.000811,0.001054,0.001842,0.001916,0.004725,0.005927,0.005133,0.003503,0.002164,0.002810,0.003462,0.003233,0.003782,0.000482,-0.000951,-0.000124,0.002558,0.001500,-0.001789,-0.003269,-0.001785,-0.002049,-0.004315,-0.003336,-0.000058,0.000523,0.003022,0.001065,-0.000537,-0.000689,0.000407,0.001265,0.001174,0.002606,0.003484,0.000788,0.002900,0.004500,0.002517,0.003388,0.003047,0.004015,0.004228,0.001254,0.001928,0.000999,0.000118,0.000208,0.000216,0.000094,0.000104,0.000106,0.000119,0.000107,0.000130,0.000144,0.000057
0.000804,0.001336,0.001415,0.001096,0.001380,0.002405,0.002719,0.005927,0.011422,0.009466,0.006400,0.005094,0.005426,0.005220,0.004280,0.005365,0.003001,-0.000109,-0.000796,0.004769,0.000469,-0.005887,-0.006624,-0.003636,-0.003022,-0.005424,-0.002567,0.001279,0.000403,0.002626,0.000286,-0.000709,-0.000714,-0.000490,0.000319,0.001355,0.003008,0.003941,-0.000196,0.000282,0.002956,-0.000159,0.002233,0.003371,0.004054,0.004273,0.000857,0.002703,0.001270,0.000150,0.000226,0.000310,0.000094,0.000114,0.000136,0.000158,0.000174,0.000149,0.000164,0.000057
0.000724,0.001223,0.001277,0.001096,0.001493,0.002535,0.003312,0.005133,0.009466,0.011449,0.009941,0.007203,0.006293,0.005041,0.004290,0.005501,0.002778,0.001415,0.000182,0.004526,0.001791,-0.000361,-0.002469,-0.002009,-0.000299,-0.002824,-0.001637,-0.000056,-0.001360,0.000624,-0.000828,-0.001547,-0.001392,-0.001366,-0.000501,-0.000016,0.003043,0.003482,0.001853,0.003002,0.003587,-0.000524,0.004453,0.004849,0.005881,0.005219,0.001533,0.002936,0.001480,0.000229,0.000201,0.000265,0.000118,0.000118,0.000108,0.000148,0.000134,0.000195,0.000151,0.000062
0.000666,0.001267,0.001295,0.001182,0.002215,0.002552,0.003224,0.003503,0.006400,0.009941,0.012854,0.010071,0.008895,0.006956,0.004979,0.006015,0.005008,0.003259,0.003982,0.005817,0.004254,0.002615,0.000131,-0.001392,0.001150,0.000773,-0.000185,-0.000848,-0.003661,-0.002112,-0.001406,-0.001207,-0.003911,-0.004629,-0.005559,-0.004161,0.000038,0.002321,0.003291,0.003129,0.003156,-0.000604,0.004928,0.005169,0.005262,0.005036,0.001720,0.002270,0.001066,0.000178,0.000247,0.000172,0.000155,0.000149,0.000158,0.000143,0.000131,0.000232,0.000126,0.000058
0.000474,0.001491,0.001100,0.001481,0.002495,0.002919,0.002060,0.002164,0.005094,0.007203,0.010071,0.017947,0.013238,0.010940,0.006693,0.009892,0.008237,0.007938,0.005592,0.009616,0.003367,0.001468,-0.002233,-0.003473,-0.000384,-0.002823,-0.003756,-0.001486,-0.001441,-0.000672,-0.000522,-0.001907,-0.006935,-0.009413,-0.012589,-0.010243,-0.007989,-0.001099,0.004759,-0.000060,0.000364,-0.002929,0.001482,0.003165,0.003984,0.002998,0.001646,0.001926,0.000996,0.000209,0.000224,0.000140,0.000135,0.000091,0.000233,0.000093,0.000058,0.000138,0.000074,0.000069
0.000689,0.001495,0.001323,0.001639,0.002617,0.003177,0.002951,0.002810,0.005426,0.006293,0.008895,0.013238,0.014662,0.013151,0.010489,0.012192,0.012657,0.010589,0.008105,0.011021,0.007638,0.002767,-0.001724,-0.004785,-0.003390,-0.002094,-0.003854,-0.002719,-0.002307,-0.000547,-0.003993,-0.004864,-0.007326,-0.008893,-0.009776,-0.007553,-0.006903,-0.002961,0.000454,-0.003139,0.001048,-0.002003,0.001411,0.002023,0.003299,0.001364,0.000600,0.001178,0.000512,0.000118,0.000281,0.000144,0.000155,0.000113,0.000180,0.000118,0.000159,0.000187,0.000143,0.000074
0.000993,0.001821,0.001497,0.001890,0.003953,0.003747,0.003976,0.003462,0.005220,0.005041,0.006956,0.010940,0.013151,0.021138,0.021813,0.024288,0.023499,0.020751,0.016954,0.019533,0.014781,0.009954,0.004470,0.000976,-0.002173,-0.003843,-0.008414,-0.009428,-0.009755,-0.007399,-0.011451,-0.011945,-0.014699,-0.012769,-0.012999,-0.008619,-0.008455,-0.004759,-0.002294,-0.005408,0.000924,-0.003756,0.000949,0.000340,0.001209,-0.000267,0.000237,0.000233,0.000728,0.000139,0.000349,0.000117,0.000201,0.000196,0.000222,0.000168,0.000290,0.000290,0.000202,0.000130
0.001185,0.002003,0.001317,0.001601,0.004822,0.002853,0.005912,0.003233,0.004280,0.004290,0.004979,0.006693,0.010489,0.021813,0.034507,0.035752,0.036652,0.035550,0.024150,0.021390,0.015124,0.012993,0.006852,0.000401,-0.005006,-0.008154,-0.014866,-0.016749,-0.016831,-0.012404,-0.017453,-0.018343,-0.019410,-0.016239,-0.014526,-0.011814,-0.008091,-0.008503,-0.006367,-0.009918,-0.002835,-0.008908,-0.002988,-0.003032,-0.003561,-0.003801,-0.001545,-0.000648,0.000593,0.000194,0.000113,-0.000062,0.000196,0.000154,0.000131,0.000123,0.000295,0.000225,0.000272,0.000149
0.001426,0.002531,0.001648,0.002045,0.005899,0.003997,0.006456,0.003782,0.005365,0.005501,0.006015,0.009892,0.012192,0.024288,0.035752,0.044605,0.045439,0.044370,0.029849,0.028384,0.020286,0.017965,0.006772,-0.000300,-0.004729,-0.009170,-0.019848,-0.023079,-0.024447,-0.017149,-0.016787,-0.018590,-0.020641,-0.014851,-0.013273,-0.009590,-0.006795,-0.006680,-0.005270,-0.006384,0.000759,-0.008703,-0.003519,-0.003700,-0.001099,-0.003149,-0.001177,-0.000290,0.000789,0.000295,0.000194,-0.000031,0.000223,0.000178,0.000230,0.000197,0.000368,0.000324,0.000339,0.000192
0.000863,0.001928,0.000980,0.001272,0.004812,0.002818,0.005695,0.000482,0.003001,0.002778,0.005008,0.008237,0.012657,0.023499,0.036652,0.045439,0.061434,0.055533,0.035362,0.028041,0.022810,0.021716,0.012609,0.004735,0.000914,0.000145,-0.014944,-0.020635,-0.023829,-0.021743,-0.022524,-0.017126,-0.020601,-0.013234,-0.013305,-0.007728,-0.005835,-0.010083,-0.008651,-0.014259,-0.005717,-0.016207,-0.011538,-0.008181,-0.006167,-0.008025,-0.003725,-0.002118,-0.000824,0.000014,-0.000051,-0.000248,0.000118,0.000030,0.000156,0.000165,0.000384,0.000217,0.000244,0.000077
0.000890,0.001276,0.000281,0.001028,0.004256,0.001819,0.006865,-0.000951,-0.000109,0.001415,0.003259,0.007938,0.010589,0.020751,0.035550,0.044370,0.055533,0.064899,0.042614,0.037394,0.031219,0.032290,0.019286,0.009553,0.003424,-0.000419,-0.017952,-0.026849,-0.027517,-0.021640,-0.022489,-0.020068,-0.018009,-0.016527,-0.012986,-0.013376,-0.013534,-0.015991,-0.007842,-0.014934,-0.008760,-0.015645,-0.012073,-0.010172,-0.009370,-0.010392,-0.004935,-0.002810,-0.001047,0.000174,-0.000169,-0.000321,0.000107,-0.000054,0.000012,0.000075,0.000231,0.000214,0.000132,0.000035
0.000608,0.001338,0.000356,0.001108,0.005208,0.002850,0.005001,-0.000124,-0.000796,0.000182,0.003982,0.005592,0.008105,0.016954,0.024150,0.029849,0.035362,0.042614,0.044140,0.041441,0.032457,0.026311,0.017519,0.012239,0.005432,0.000672,-0.009566,-0.017221,-0.018314,-0.016415,-0.021286,-0.015990,-0.013412,-0.010237,-0.011399,-0.012284,-0.011975,-0.010327,-0.002390,-0.008247,-0.005304,-0.006856,-0.006421,-0.005735,-0.005581,-0.004638,-0.002490,-0.001420,-0.000638,0.000069,0.000249,-0.000090,0.000244,0.000078,0.000138,0.000135,0.000176,0.000307,0.000114,0.000029
0.000880,0.001443,0.000766,0.001662,0.005255,0.003795,0.004970,0.002558,0.004769,0.004526,0.005817,0.009616,0.011021,0.019533,0.021390,0.028384,0.028041,0.037394,0.041441,0.058740,0.044920,0.036807,0.021469,0.015006,0.006345,-0.003352,-0.006695,-0.017622,-0.021997,-0.023733,-0.030911,-0.025919,-0.019105,-0.016560,-0.014574,-0.017217,-0.015690,-0.008547,0.000377,-0.007294,-0.010029,-0.008492,-0.006010,-0.008404,-0.004801,-0.006184,-0.004832,-0.001433,-0.000438,0.000171,0.000446,0.000203,0.000272,0.000190,0.000148,0.000228,0.000210,0.000328,0.000047,0.000078
0.000526,0.000180,0.000259,0.001223,0.002653,0.002458,0.002431,0.001500,0.000469,0.001791,0.004254,0.003367,0.007638,0.014781,0.015124,0.020286,0.022810,0.031219,0.032457,0.044920,0.047587,0.042159,0.025824,0.016493,0.005454,0.003445,-0.002321,-0.015060,-0.018508,-0.018084,-0.024351,-0.014670,-0.013698,-0.011605,-0.009323,-0.011482,-0.011734,-0.007743,0.000773,-0.004320,-0.007531,-0.005197,-0.002519,-0.006235,-0.001906,-0.004642,-0.003852,-0.001917,-0.000791,0.000031,0.000486,0.000171,0.000183,0.000169,0.000056,0.000199,0.000179,0.000339,-0.000047,0.000031
-0.000048,-0.001350,-0.001230,0.000145,0.002298,0.000677,0.001432,-0.001789,-0.005887,-0.000361,0.002615,0.001468,0.002767,0.009954,0.012993,0.017965,0.021716,0.032290,0.026311,0.036807,0.042159,0.061117,0.047449,0.033741,0.022805,0.017644,0.012949,-0.007074,-0.016980,-0.018937,-0.023240,-0.017681,-0.019222,-0.023468,-0.019987,-0.020410,-0.015926,-0.013414,-0.003516,-0.007952,-0.012060,-0.010114,-0.004727,-0.007888,-0.004936,-0.007320,-0.003960,-0.003436,-0.001047,-0.000001,0.000008,-0.000143,0.000086,-0.000037,-0.000225,-0.000038,-0.000072,0.000169,-0.000320,-0.000058
-0.000414,-0.001678,-0.001567,-0.000773,0.002463,-0.000621,0.000440,-0.003269,-0.006624,-0.002469,0.000131,-0.002233,-0.001724,0.004470,0.006852,0.006772,0.012609,0.019286,0.017519,0.021469,0.025824,0.047449,0.048974,0.039642,0.030093,0.023450,0.022337,0.004089,-0.008428,-0.015536,-0.020480,-0.013672,-0.015067,-0.023404,-0.022811,-0.019790,-0.017452,-0.018308,-0.007971,-0.015037,-0.014236,-0.009424,-0.007461,-0.006416,-0.007076,-0.007966,-0.003946,-0.003893,-0.001463,-0.000292,-0.000187,-0.000221,0.000021,-0.000126,-0.000342,-0.000212,-0.000151,-0.000012,-0.000447,-0.000158
-0.000438,-0.001563,-0.001508,-0.001021,0.002109,0.000619,0.000324,-0.001785,-0.003636,-0.002009,-0.001392,-0.003473,-0.004785,0.000976,0.000401,-0.000300,0.004735,0.009553,0.012239,0.015006,0.016493,0.033741,0.039642,0.044650,0.037936,0.025673,0.024753,0.014322,0.003208,-0.005523,-0.012509,-0.007150,-0.008499,-0.014251,-0.016652,-0.014814,-0.012978,-0.014782,-0.007277,-0.012834,-0.012225,-0.007380,-0.005937,-0.003104,-0.004523,-0.003937,-0.003172,-0.002745,-0.000752,-0.000408,-0.000170,-0.000172,-0.000054,-0.000206,-0.000374,-0.000232,-0.000200,-0.000042,-0.000442,-0.000241
-0.000618,-0.001335,-0.001616,-0.001049,0.001713,0.000821,0.000603,-0.002049,-0.003022,-0.000299,0.001150,-0.000384,-0.003390,-0.002173,-0.005006,-0.004729,0.000914,0.003424,0.005432,0.006345,0.005454,0.022805,0.030093,0.037936,0.040921,0.029094,0.026036,0.019923,0.007091,-0.004177,-0.007032,-0.004228,-0.005904,-0.010439,-0.013020,-0.008293,-0.007898,-0.010639,-0.003121,-0.009469,-0.010611,-0.007364,-0.004828,-0.001975,-0.001985,-0.001972,-0.002556,-0.001667,-0.000315,-0.000351,-0.000311,-0.000214,-0.000077,-0.000248,-0.000367,-0.000259,-0.000206,-0.000076,-0.000398,-0.000256
-0.000977,-0.002199,-0.001570,-0.001126,-0.000959,-0.000751,-0.001233,-0.004315,-0.005424,-0.002824,0.000773,-0.002823,-0.002094,-0.003843,-0.008154,-0.009170,0.000145,-0.000419,0.000672,-0.003352,0.003445,0.017644,0.023450,0.025673,0.029094,0.040509,0.037624,0.024229,0.009246,0.003070,-0.000471,0.003388,-0.000981,-0.010095,-0.012161,-0.012512,-0.011141,-0.011416,-0.002781,-0.007368,-0.007791,-0.006542,-0.004247,-0.002296,-0.001843,-0.001188,-0.002232,-0.002456,-0.001015,-0.000333,-0.000429,-0.000245,-0.000154,-0.000360,-0.000366,-0.000303,-0.000223,-0.000108,-0.000553,-0.000333
-0.001280,-0.002644,-0.001814,-0.001332,-0.001768,-0.001404,-0.003013,-0.003336,-0.002567,-0.001637,-0.000185,-0.003756,-0.003854,-0.008414,-0.014866,-0.019848,-0.014944,-0.017952,-0.009566,-0.006695,-0.002321,0.012949,0.022337,0.024753,0.026036,0.037624,0.050598,0.039446,0.021451,0.011766,0.000768,0.004316,0.001902,-0.013356,-0.017161,-0.017223,-0.010708,-0.008178,-0.002838,-0.007534,-0.009890,-0.006643,-0.003656,-0.000641,-0.001982,-0.000692,-0.002647,-0.001571,-0.000663,-0.000408,-0.000353,-0.000111,-0.000167,-0.000327,-0.000380,-0.000339,-0.000353,-0.000266,-0.000662,-0.000370
-0.001144,-0.001906,-0.001666,-0.000856,-0.002223,-0.000266,-0.002690,-0.000058,0.001279,-0.000056,-0.000848,-0.001486,-0.002719,-0.009428,-0.016749,-0.023079,-0.020635,-0.026849,-0.017221,-0.017622,-0.015060,-0.007074,0.004089,0.014322,0.019923,0.024229,0.039446,0.047919,0.037250,0.025348,0.010325,0.012186,0.008958,-0.001151,-0.007776,-0.004143,-0.000055,-0.001176,0.000441,-0.003617,-0.002985,-0.002469,-0.001102,0.004716,0.001995,0.004019,-0.000264,0.001129,0.000235,-0.000399,-0.000167,0.000020,-0.000105,-0.000279,-0.000257,-0.000264,-0.000387,-0.000272,-0.000378,-0.000323
-0.000953,-0.001396,-0.001327,-0.000583,-0.003826,0.000129,-0.003240,0.000523,0.000403,-0.001360,-0.003661,-0.001441,-0.002307,-0.009755,-0.016831,-0.024447,-0.023829,-0.027517,-0.018314,-0.021997,-0.018508,-0.016980,-0.008428,0.003208,0.007091,0.009246,0.021451,0.037250,0.042631,0.034535,0.017264,0.015526,0.013288,0.008824,0.002842,0.002984,0.003150,0.001721,0.001992,-0.001218,0.000886,0.002060,0.000714,0.006242,0.002808,0.006087,0.001587,0.001543,-0.000127,-0.000307,-0.000102,0.000072,-0.000111,-0.000224,-0.000128,-0.000164,-0.000360,-0.000217,-0.000165,-0.000210
-0.000138,-0.000570,-0.000178,0.000133,-0.003887,0.000428,-0.002383,0.003022,0.002626,0.000624,-0.002112,-0.000672,-0.000547,-0.007399,-0.012404,-0.017149,-0.021743,-0.021640,-0.016415,-0.023733,-0.018084,-0.018937,-0.015536,-0.005523,-0.004177,0.003070,0.011766,0.025348,0.034535,0.043750,0.029698,0.022402,0.017259,0.008974,0.004530,-0.000123,0.004294,0.005634,0.000467,0.005894,0.011291,0.010470,0.006614,0.011227,0.008661,0.012929,0.006095,0.003809,0.001247,-0.000021,0.000032,0.000146,-0.000045,-0.000176,0.000021,-0.000084,-0.000267,-0.000047,-0.000039,-0.000129
-0.000229,-0.000436,0.000040,-0.000323,-0.003756,-0.000731,-0.002717,0.001065,0.000286,-0.000828,-0.001406,-0.000522,-0.003993,-0.011451,-0.017453,-0.016787,-0.022524,-0.022489,-0.021286,-0.030911,-0.024351,-0.023240,-0.020480,-0.012509,-0.007032,-0.000471,0.000768,0.010325,0.017264,0.029698,0.039010,0.028263,0.019656,0.014379,0.012688,0.011099,0.012257,0.013266,0.004879,0.013832,0.015845,0.014846,0.007470,0.009027,0.006050,0.011199,0.007255,0.004138,0.001292,0.000125,-0.000031,-0.000033,-0.000069,-0.000063,0.000108,-0.000036,-0.000165,-0.000016,-0.000003,-0.000049
-0.000486,-0.001018,-0.000395,-0.000545,-0.004524,-0.002400,-0.004998,-0.000537,-0.000709,-0.001547,-0.001207,-0.001907,-0.004864,-0.011945,-0.018343,-0.018590,-0.017126,-0.020068,-0.015990,-0.025919,-0.014670,-0.017681,-0.013672,-0.007150,-0.004228,0.003388,0.004316,0.012186,0.015526,0.022402,0.028263,0.033811,0.023212,0.019925,0.012799,0.013622,0.012704,0.010938,0.005926,0.009512,0.008766,0.010485,0.004754,0.009044,0.008101,0.010503,0.005903,0.003032,0.000944,-0.000025,0.000152,0.000047,-0.000089,-0.000082,0.000143,-0.000047,-0.000114,-0.000016,-0.000106,-0.000134
-0.000486,-0.001288,-0.000658,-0.001034,-0.005380,-0.002788,-0.002804,-0.000689,-0.000714,-0.001392,-0.003911,-0.006935,-0.007326,-0.014699,-0.019410,-0.020641,-0.020601,-0.018009,-0.013412,-0.019105,-0.013698,-0.019222,-0.015067,-0.008499,-0.005904,-0.000981,0.001902,0.008958,0.013288,0.017259,0.019656,0.023212,0.030954,0.027041,0.024569,0.019507,0.014148,0.010367,0.005076,0.009401,0.007569,0.009575,0.001943,0.005684,0.004754,0.005208,0.001879,0.001390,0.000156,-0.000073,0.000026,0.000015,-0.000138,-0.000084,-0.000004,-0.000039,-0.000116,-0.000103,-0.000058,-0.000145
-0.000320,-0.000458,-0.000118,-0.000686,-0.004387,-0.000800,-0.002170,0.000407,-0.000490,-0.001366,-0.004629,-0.009413,-0.008893,-0.012769,-0.016239,-0.014851,-0.013234,-0.016527,-0.010237,-0.016560,-0.011605,-0.023468,-0.023404,-0.014251,-0.010439,-0.010095,-0.013356,-0.001151,0.008824,0.008974,0.014379,0.019925,0.027041,0.039399,0.037692,0.034131,0.025211,0.017455,0.009154,0.014397,0.010849,0.009857,0.003245,0.005370,0.006428,0.006110,0.002390,0.001300,0.000032,-0.000012,0.000178,0.000095,-0.000091,0.000026,0.000116,0.000158,0.000040,0.000025,0.000237,-0.000005
-0.000252,-0.000112,-0.000132,-0.000523,-0.003135,0.000216,0.000028,0.001265,0.000319,-0.000501,-0.005559,-0.012589,-0.009776,-0.012999,-0.014526,-0.013273,-0.013305,-0.012986,-0.011399,-0.014574,-0.009323,-0.019987,-0.022811,-0.016652,-0.013020,-0.012161,-0.017161,-0.007776,0.002842,0.004530,0.012688,0.012799,0.024569,0.037692,0.051146,0.044414,0.035768,0.022691,0.010336,0.018290,0.015306,0.012660,0.003282,0.002461,0.002393,0.004603,0.001550,0.000725,-0.000296,0.000147,-0.000136,0.000079,-0.000050,0.000044,0.000021,0.000235,0.000173,0.000073,0.000371,0.000088
-0.000164,0.000204,-0.000107,-0.000422,-0.001936,0.000161,-0.000363,0.001174,0.001355,-0.000016,-0.004161,-0.010243,-0.007553,-0.008619,-0.011814,-0.009590,-0.007728,-0.013376,-0.012284,-0.017217,-0.011482,-0.020410,-0.019790,-0.014814,-0.008293,-0.012512,-0.017223,-0.004143,0.002984,-0.000123,0.011099,0.013622,0.019507,0.034131,0.044414,0.053219,0.040214,0.025103,0.009477,0.014744,0.014726,0.013723,0.005566,0.005041,0.003995,0.003812,0.002337,0.001657,0.000250,0.000001,0.000026,0.000033,-0.000001,0.000150,0.000059,0.000258,0.000296,0.000088,0.000463,0.000125
-0.000117,0.000413,0.000130,-0.000112,-0.001257,0.000363,-0.000208,0.002606,0.003008,0.003043,0.000038,-0.007989,-0.006903,-0.008455,-0.008091,-0.006795,-0.005835,-0.013534,-0.011975,-0.015690,-0.011734,-0.015926,-0.017452,-0.012978,-0.007898,-0.011141,-0.010708,-0.000055,0.003150,0.004294,0.012257,0.012704,0.014148,0.025211,0.035768,0.040214,0.042243,0.027939,0.008577,0.019972,0.016967,0.012553,0.006877,0.006233,0.004907,0.007418,0.003820,0.003148,0.001088,0.000103,-0.000060,0.000039,0.000068,0.000155,0.000088,0.000287,0.000226,0.000080,0.000448,0.000126
-0.000002,0.000626,0.000586,0.000140,-0.001300,0.001138,-0.000967,0.003484,0.003941,0.003482,0.002321,-0.001099,-0.002961,-0.004759,-0.008503,-0.006680,-0.010083,-0.015991,-0.010327,-0.008547,-0.007743,-0.013414,-0.018308,-0.014782,-0.010639,-0.011416,-0.008178,-0.001176,0.001721,0.005634,0.013266,0.010938,0.010367,0.017455,0.022691,0.025103,0.027939,0.028666,0.012829,0.021479,0.014159,0.011410,0.010007,0.007200,0.006501,0.009333,0.005019,0.004069,0.001955,0.000232,0.000215,0.000132,0.000062,0.000214,0.000261,0.000306,0.000196,0.000129,0.000330,0.000135
-0.000353,0.000239,0.000137,0.000162,-0.000640,0.001293,-0.000650,0.000788,-0.000196,0.001853,0.003291,0.004759,0.000454,-0.002294,-0.006367,-0.005270,-0.008651,-0.007842,-0.002390,0.000377,0.000773,-0.003516,-0.007971,-0.007277,-0.003121,-0.002781,-0.002838,0.000441,0.001992,0.000467,0.004879,0.005926,0.005076,0.009154,0.010336,0.009477,0.008577,0.012829,0.015022,0.012745,0.004299,0.003841,0.004463,0.003433,0.003872,0.005543,0.002544,0.002083,0.001049,0.000181,0.000144,0.000087,0.000042,0.000108,0.000178,0.000138,0.000022,0.000081,0.000072,0.000052
-0.000107,0.000155,0.000519,0.000407,-0.001792,0.000805,-0.000997,0.002900,0.000282,0.003002,0.003129,-0.000060,-0.003139,-0.005408,-0.009918,-0.006384,-0.014259,-0.014934,-0.008247,-0.007294,-0.004320,-0.007952,-0.015037,-0.012834,-0.009469,-0.007368,-0.007534,-0.003617,-0.001218,0.005894,0.013832,0.009512,0.009401,0.014397,0.018290,0.014744,0.019972,0.021479,0.012745,0.028429,0.020121,0.015018,0.013708,0.008809,0.010187,0.011659,0.006713,0.004793,0.002331,0.000311,0.000264,0.000116,0.000091,0.000213,0.000226,0.000242,0.000055,0.000172,0.000257,0.000121
0.000482,0.001114,0.001225,0.001077,0.000377,0.001982,0.001342,0.004500,0.002956,0.003587,0.003156,0.000364,0.001048,0.000924,-0.002835,0.000759,-0.005717,-0.008760,-0.005304,-0.010029,-0.007531,-0.012060,-0.014236,-0.012225,-0.010611,-0.007791,-0.009890,-0.002985,0.000886,0.011291,0.015845,0.008766,0.007569,0.010849,0.015306,0.014726,0.016967,0.014159,0.004299,0.020121,0.025308,0.017671,0.011974,0.011364,0.010703,0.012668,0.008058,0.004881,0.001951,0.000286,0.000344,0.000144,0.000193,0.000212,0.000258,0.000215,0.000141,0.000252,0.000379,0.000145
0.000271,0.000333,0.000955,0.000482,-0.000401,-0.000364,-0.000820,0.002517,-0.000159,-0.000524,-0.000604,-0.002929,-0.002003,-0.003756,-0.008908,-0.008703,-0.016207,-0.015645,-0.006856,-0.008492,-0.005197,-0.010114,-0.009424,-0.007380,-0.007364,-0.006542,-0.006643,-0.002469,0.002060,0.010470,0.014846,0.010485,0.009575,0.009857,0.012660,0.013723,0.012553,0.011410,0.003841,0.015018,0.017671,0.022135,0.012677,0.009948,0.009320,0.010605,0.006950,0.004042,0.001630,0.000163,0.000367,0.000103,0.000142,0.000156,0.000132,0.000110,0.000092,0.000165,0.000221,0.000113
0.000373,0.000303,0.001003,0.000814,-0.000083,0.000775,0.000331,0.003388,0.002233,0.004453,0.004928,0.001482,0.001411,0.000949,-0.002988,-0.003519,-0.011538,-0.012073,-0.006421,-0.006010,-0.002519,-0.004727,-0.007461,-0.005937,-0.004828,-0.004247,-0.003656,-0.001102,0.000714,0.006614,0.007470,0.004754,0.001943,0.003245,0.003282,0.005566,0.006877,0.010007,0.004463,0.013708,0.011974,0.012677,0.016354,0.011133,0.011499,0.010430,0.005938,0.004118,0.002583,0.000263,0.000399,0.000148,0.000104,0.000166,0.000132,0.000133,0.000113,0.000223,0.000197,0.000103
0.000368,0.000536,0.000874,0.000691,0.000109,0.001014,0.000392,0.003047,0.003371,0.004849,0.005169,0.003165,0.002023,0.000340,-0.003032,-0.003700,-0.008181,-0.010172,-0.005735,-0.008404,-0.006235,-0.007888,-0.006416,-0.003104,-0.001975,-0.002296,-0.000641,0.004716,0.006242,0.011227,0.009027,0.009044,0.005684,0.005370,0.002461,0.005041,0.006233,0.007200,0.003433,0.008809,0.011364,0.009948,0.011133,0.013335,0.011506,0.011558,0.006126,0.003671,0.001874,0.000132,0.000363,0.000144,0.000103,0.000106,0.000158,0.000085,0.000039,0.000152,0.000169,0.000036
0.000576,0.000743,0.001107,0.000975,-0.000044,0.001231,-0.000285,0.004015,0.004054,0.005881,0.005262,0.003984,0.003299,0.001209,-0.003561,-0.001099,-0.006167,-0.009370,-0.005581,-0.004801,-0.001906,-0.004936,-0.007076,-0.004523,-0.001985,-0.001843,-0.001982,0.001995,0.002808,0.008661,0.006050,0.008101,0.004754,0.006428,0.002393,0.003995,0.004907,0.006501,0.003872,0.010187,0.010703,0.009320,0.011499,0.011506,0.015928,0.012490,0.005840,0.003887,0.002357,0.000226,0.000436,0.000270,0.000091,0.000099,0.000206,0.000089,0.000115,0.000210,0.000154,0.000062
0.000426,0.000771,0.000982,0.000747,-0.000171,0.001150,-0.000108,0.004228,0.004273,0.005219,0.005036,0.002998,0.001364,-0.000267,-0.003801,-0.003149,-0.008025,-0.010392,-0.004638,-0.006184,-0.004642,-0.007320,-0.007966,-0.003937,-0.001972,-0.001188,-0.000692,0.004019,0.006087,0.012929,0.011199,0.010503,0.005208,0.006110,0.004603,0.003812,0.007418,0.009333,0.005543,0.011659,0.012668,0.010605,0.010430,0.011558,0.012490,0.014810,0.007377,0.004592,0.002346,0.000286,0.000315,0.000214,0.000114,0.000101,0.000272,0.000088,0.000100,0.000227,0.000139,0.000048
0.000188,0.000444,0.000594,0.000359,-0.000061,0.000162,-0.000454,0.001254,0.000857,0.001533,0.001720,0.001646,0.000600,0.000237,-0.001545,-0.001177,-0.003725,-0.004935,-0.002490,-0.004832,-0.003852,-0.003960,-0.003946,-0.003172,-0.002556,-0.002232,-0.002647,-0.000264,0.001587,0.006095,0.007255,0.005903,0.001879,0.002390,0.001550,0.002337,0.003820,0.005019,0.002544,0.006713,0.008058,0.006950,0.005938,0.006126,0.005840,0.007377,0.005335,0.003018,0.001518,0.000207,0.000189,0.000043,0.000076,0.000057,0.000148,0.000038,0.000049,0.000119,0.000094,0.000055
0.000126,0.000399,0.000486,0.000311,0.000107,0.000372,0.000411,0.001928,0.002703,0.002936,0.002270,0.001926,0.001178,0.000233,-0.000648,-0.000290,-0.002118,-0.002810,-0.001420,-0.001433,-0.001917,-0.003436,-0.003893,-0.002745,-0.001667,-0.002456,-0.001571,0.001129,0.001543,0.003809,0.004138,0.003032,0.001390,0.001300,0.000725,0.001657,0.003148,0.004069,0.002083,0.004793,0.004881,0.004042,0.004118,0.003671,0.003887,0.004592,0.003018,0.002930,0.001383,0.000165,0.000165,0.000065,0.000067,0.000052,0.000091,0.000053,0.000048,0.000083,0.000081,0.000030
0.000117,0.000218,0.000281,0.000224,0.000193,0.000173,0.000225,0.000999,0.001270,0.001480,0.001066,0.000996,0.000512,0.000728,0.000593,0.000789,-0.000824,-0.001047,-0.000638,-0.000438,-0.000791,-0.001047,-0.001463,-0.000752,-0.000315,-0.001015,-0.000663,0.000235,-0.000127,0.001247,0.001292,0.000944,0.000156,0.000032,-0.000296,0.000250,0.001088,0.001955,0.001049,0.002331,0.001951,0.001630,0.002583,0.001874,0.002357,0.002346,0.001518,0.001383,0.001011,0.000120,0.000081,0.000033,0.000027,0.000023,0.000039,0.000016,0.000032,0.000049,0.000036,0.000016
0.000025,0.000051,0.000042,0.000051,0.000038,0.000011,0.000097,0.000118,0.000150,0.000229,0.000178,0.000209,0.000118,0.000139,0.000194,0.000295,0.000014,0.000174,0.000069,0.000171,0.000031,-0.000001,-0.000292,-0.000408,-0.000351,-0.000333,-0.000408,-0.000399,-0.000307,-0.000021,0.000125,-0.000025,-0.000073,-0.000012,0.000147,0.000001,0.000103,0.000232,0.000181,0.000311,0.000286,0.000163,0.000263,0.000132,0.000226,0.000286,0.000207,0.000165,0.000120,0.000069,0.000012,0.000007,0.000009,0.000003,0.000008,0.000003,0.000005,0.000008,0.000008,0.000004
0.000038,0.000065,0.000083,0.000070,0.000087,0.000094,0.000042,0.000208,0.000226,0.000201,0.000247,0.000224,0.000281,0.000349,0.000113,0.000194,-0.000051,-0.000169,0.000249,0.000446,0.000486,0.000008,-0.000187,-0.000170,-0.000311,-0.000429,-0.000353,-0.000167,-0.000102,0.000032,-0.000031,0.000152,0.000026,0.000178,-0.000136,0.000026,-0.000060,0.000215,0.000144,0.000264,0.000344,0.000367,0.000399,0.000363,0.000436,0.000315,0.000189,0.000165,0.000081,0.000012,0.000064,0.000019,0.000013,0.000016,0.000017,0.000008,0.000008,0.000013,0.000011,0.000006
0.000033,0.000037,0.000047,0.000047,0.000047,0.000083,0.000028,0.000216,0.000310,0.000265,0.000172,0.000140,0.000144,0.000117,-0.000062,-0.000031,-0.000248,-0.000321,-0.000090,0.000203,0.000171,-0.000143,-0.000221,-0.000172,-0.000214,-0.000245,-0.000111,0.000020,0.000072,0.000146,-0.000033,0.000047,0.000015,0.000095,0.000079,0.000033,0.000039,0.000132,0.000087,0.000116,0.000144,0.000103,0.000148,0.000144,0.000270,0.000214,0.000043,0.000065,0.000033,0.000007,0.000019,0.000032,0.000006,0.000005,0.000009,0.000007,0.000006,0.000007,0.000004,0.000003
0.000016,0.000052,0.000029,0.000035,0.000103,0.000062,0.000081,0.000094,0.000094,0.000118,0.000155,0.000135,0.000155,0.000201,0.000196,0.000223,0.000118,0.000107,0.000244,0.000272,0.000183,0.000086,0.000021,-0.000054,-0.000077,-0.000154,-0.000167,-0.000105,-0.000111,-0.000045,-0.000069,-0.000089,-0.000138,-0.000091,-0.000050,-0.000001,0.000068,0.000062,0.000042,0.000091,0.000193,0.000142,0.000104,0.000103,0.000091,0.000114,0.000076,0.000067,0.000027,0.000009,0.000013,0.000006,0.000020,0.000007,0.000006,0.000007,0.000004,0.000006,0.000007,0.000004
0.000009,0.000036,0.000036,0.000030,0.000032,0.000054,0.000036,0.000104,0.000114,0.000118,0.000149,0.000091,0.000113,0.000196,0.000154,0.000178,0.000030,-0.000054,0.000078,0.000190,0.000169,-0.000037,-0.000126,-0.000206,-0.000248,-0.000360,-0.000327,-0.000279,-0.000224,-0.000176,-0.000063,-0.000082,-0.000084,0.000026,0.000044,0.000150,0.000155,0.000214,0.000108,0.000213,0.000212,0.000156,0.000166,0.000106,0.000099,0.000101,0.000057,0.000052,0.000023,0.000003,0.000016,0.000005,0.000007,0.000027,0.000014,0.000010,0.000008,0.000007,0.000007,0.000007
0.000020,0.000053,0.000039,0.000036,0.000016,0.000043,-0.000001,0.000106,0.000136,0.000108,0.000158,0.000233,0.000180,0.000222,0.000131,0.000230,0.000156,0.000012,0.000138,0.000148,0.000056,-0.000225,-0.000342,-0.000374,-0.000367,-0.000366,-0.000380,-0.000257,-0.000128,0.000021,0.000108,0.000143,-0.000004,0.000116,0.000021,0.000059,0.000088,0.000261,0.000178,0.000226,0.000258,0.000132,0.000132,0.000158,0.000206,0.000272,0.000148,0.000091,0.000039,0.000008,0.000017,0.000009,0.000006,0.000014,0.000032,0.000008,0.000013,0.000013,0.000006,0.000005
0.000006,0.000033,0.000040,0.000038,0.000039,0.000081,0.000054,0.000119,0.000158,0.000148,0.000143,0.000093,0.000118,0.000168,0.000123,0.000197,0.000165,0.000075,0.000135,0.000228,0.000199,-0.000038,-0.000212,-0.000232,-0.000259,-0.000303,-0.000339,-0.000264,-0.000164,-0.000084,-0.000036,-0.000047,-0.000039,0.000158,0.000235,0.000258,0.000287,0.000306,0.000138,0.000242,0.000215,0.000110,0.000133,0.000085,0.000089,0.000088,0.000038,0.000053,0.000016,0.000003,0.000008,0.000007,0.000007,0.000010,0.000008,0.000019,0.000006,0.000007,0.000010,0.000006
0.000033,0.000055,0.000053,0.000031,0.000064,0.000040,0.000063,0.000107,0.000174,0.000134,0.000131,0.000058,0.000159,0.000290,0.000295,0.000368,0.000384,0.000231,0.000176,0.000210,0.000179,-0.000072,-0.000151,-0.000200,-0.000206,-0.000223,-0.000353,-0.000387,-0.000360,-0.000267,-0.000165,-0.000114,-0.000116,0.000040,0.000173,0.000296,0.000226,0.000196,0.000022,0.000055,0.000141,0.000092,0.000113,0.000039,0.000115,0.000100,0.000049,0.000048,0.000032,0.000005,0.000008,0.000006,0.000004,0.000008,0.000013,0.000006,0.000023,0.000013,0.000009,0.000006
0.000031,0.000052,0.000041,0.000048,0.000080,0.000089,0.000085,0.000130,0.000149,0.000195,0.000232,0.000138,0.000187,0.000290,0.000225,0.000324,0.000217,0.000214,0.000307,0.000328,0.000339,0.000169,-0.000012,-0.000042,-0.000076,-0.000108,-0.000266,-0.000272,-0.000217,-0.000047,-0.000016,-0.000016,-0.000103,0.000025,0.000073,0.000088,0.000080,0.000129,0.000081,0.000172,0.000252,0.000165,0.000223,0.000152,0.000210,0.000227,0.000119,0.000083,0.000049,0.000008,0.000013,0.000007,0.000006,0.000007,0.000013,0.000007,0.000013,0.000026,0.000009,0.000005
0.000029,0.000068,0.000055,0.000054,0.000095,0.000086,0.000104,0.000144,0.000164,0.000151,0.000126,0.000074,0.000143,0.000202,0.000272,0.000339,0.000244,0.000132,0.000114,0.000047,-0.000047,-0.000320,-0.000447,-0.000442,-0.000398,-0.000553,-0.000662,-0.000378,-0.000165,-0.000039,-0.000003,-0.000106,-0.000058,0.000237,0.000371,0.000463,0.000448,0.000330,0.000072,0.000257,0.000379,0.000221,0.000197,0.000169,0.000154,0.000139,0.000094,0.000081,0.000036,0.000008,0.000011,0.000004,0.000007,0.000007,0.000006,0.000010,0.000009,0.000009,0.000023,0.000008
0.000015,0.000047,0.000045,0.000036,0.000066,0.000033,0.000026,0.000057,0.000057,0.000062,0.000058,0.000069,0.000074,0.000130,0.000149,0.000192,0.000077,0.000035,0.000029,0.000078,0.000031,-0.000058,-0.000158,-0.000241,-0.000256,-0.000333,-0.000370,-0.000323,-0.000210,-0.000129,-0.000049,-0.000134,-0.000145,-0.000005,0.000088,0.000125,0.000126,0.000135,0.000052,0.000121,0.000145,0.000113,0.000103,0.000036,0.000062,0.000048,0.000055,0.000030,0.000016,0.000004,0.000006,0.000003,0.000004,0.000007,0.000005,0.000006,0.000006,0.000005,0.000008,0.000011
