0.021615,0.015652,0.008304,0.004133,0.009485,0.002928,0.008434,0.008077,0.009064,0.007116,0.009769,0.007055,0.011829,0.007585,0.008411,0.010534,0.006492,0.007300,0.003147,0.005625,0.005513,-0.000350,-0.002947,-0.003328,-0.008533,-0.011929,-0.010123,-0.008297,-0.007775,-0.003064,-0.000185,-0.002268,-0.003956,-0.001759,-0.001499,0.000020,0.000332,-0.003119,0.000201,0.001564,0.002207,0.000543,0.000223,-0.000659,0.007490,0.003507,0.001727,-0.000268,0.008050,0.006518,0.003352,0.005442,0.006524,0.000187,0.005302,-0.001076,0.010098,0.007682,0.008669,0.002032
0.015652,0.022331,0.009489,0.006246,0.012988,0.007386,0.008827,0.007968,0.009322,0.008468,0.008637,0.008826,0.007785,0.004662,0.002198,0.004813,-0.000870,0.000140,-0.000415,0.003501,0.001256,-0.005880,-0.007783,-0.003257,-0.009943,-0.012402,-0.008709,-0.004034,-0.002006,0.000467,0.000362,-0.002122,-0.003649,0.003099,0.003748,0.002724,0.001088,-0.002137,0.001928,-0.000028,0.003792,0.002463,0.000992,-0.000897,0.007734,0.005010,0.003322,0.001644,0.009152,0.005654,0.004605,0.006739,0.009521,0.001433,0.007859,0.002746,0.006510,0.006054,0.008868,0.006970
0.008304,0.009489,0.009424,0.004501,0.007081,0.002710,0.005109,0.004588,0.004043,0.004453,0.004291,0.003521,0.004212,0.003516,0.003099,0.003756,-0.000363,-0.000496,-0.001727,0.002826,0.002638,-0.001847,-0.003046,-0.002834,-0.008002,-0.006416,-0.005254,-0.006482,-0.007612,-0.004078,-0.001000,-0.003077,-0.001954,0.000675,0.000277,-0.000632,-0.001565,-0.000882,0.000034,0.000380,0.002501,0.002846,0.002193,0.000768,0.004407,0.000935,0.001827,0.002635,0.006211,0.004202,0.003690,0.003311,0.005652,0.002631,0.001882,0.000391,0.007486,0.002511,0.005863,0.004767
0.004133,0.006246,0.004501,0.004470,0.006030,0.003542,0.004307,0.003275,0.003348,0.004907,0.004471,0.004146,0.004272,0.003812,0.003289,0.004277,0.000932,0.000641,0.000289,0.002298,0.001693,-0.002478,-0.003083,-0.001510,-0.004303,-0.004933,-0.004063,-0.002872,-0.002669,-0.002582,-0.002585,-0.002211,-0.001178,0.001157,0.002568,0.002287,0.001671,-0.000707,0.001043,0.000635,0.002516,0.001915,0.001123,0.001507,0.003734,0.001097,0.000792,0.001311,0.003902,0.002016,0.002106,0.002256,0.003996,0.001959,0.002156,0.001126,0.003409,0.001868,0.006319,0.004344
0.009485,0.012988,0.007081,0.006030,0.025023,0.013970,0.013872,0.001810,0.004664,0.006090,0.010982,0.014387,0.015125,0.014058,0.014458,0.015863,0.012763,0.012777,0.016165,0.016406,0.011193,0.005642,0.007430,0.003880,-0.000807,-0.005053,-0.007781,-0.012170,-0.014440,-0.015847,-0.016177,-0.015641,-0.014072,-0.008622,-0.007432,-0.003433,-0.006008,-0.010195,-0.001826,-0.004337,-0.000071,0.001557,-0.001006,-0.004334,-0.001120,-0.003447,0.000389,-0.001130,0.004986,0.001158,0.003634,0.004221,0.011357,0.002503,0.003661,-0.001648,0.005772,0.005681,0.008385,0.006730
0.002928,0.007386,0.002710,0.003542,0.013970,0.019742,0.012882,0.004747,0.007283,0.008430,0.010038,0.012339,0.012494,0.011008,0.007849,0.010897,0.007366,0.005352,0.007267,0.009050,0.007474,0.002740,-0.001732,0.002282,-0.000117,-0.001385,-0.001762,-0.001011,-0.002055,-0.000359,0.000337,-0.005390,-0.003625,0.000139,0.002640,0.005265,0.000662,-0.001329,0.003654,0.003281,0.003534,0.000932,-0.000768,0.002212,0.003461,-0.000733,-0.001825,-0.001277,0.002022,-0.000383,0.002082,0.001642,0.005571,0.002598,0.002877,0.003315,0.000999,0.004328,0.004183,0.004702
0.008434,0.008827,0.005109,0.004307,0.013872,0.012882,0.021466,0.008814,0.013526,0.014279,0.015218,0.011407,0.016412,0.013714,0.017295,0.021582,0.017678,0.017781,0.014770,0.014453,0.012412,0.006688,0.002326,0.003131,0.000986,-0.001233,-0.006378,-0.010088,-0.009932,-0.006974,-0.006229,-0.010302,-0.007438,-0.002128,0.004250,0.004051,0.002101,-0.003852,-0.003485,-0.002261,0.000342,-0.003662,-0.003075,-0.000391,0.002317,-0.001768,-0.001050,0.001228,0.003886,0.004931,0.002238,0.002307,0.009485,0.002694,-0.000032,0.003683,0.008910,0.007751,0.007957,0.004486
0.008077,0.007968,0.004588,0.003275,0.001810,0.004747,0.008814,0.023728,0.018651,0.015481,0.012225,0.005911,0.009068,0.007736,0.006945,0.008888,0.000819,-0.001387,-0.007221,0.003293,0.004671,-0.002824,-0.007098,-0.004323,-0.009653,-0.008268,-0.007280,-0.004417,-0.001121,0.002981,0.004074,-0.000911,0.001095,0.004146,0.005261,0.008965,0.009527,0.008249,0.004078,0.008512,0.007839,0.006076,0.002537,0.007416,0.015735,0.008898,0.005137,0.009675,0.012721,0.009428,0.004351,0.005799,0.006153,0.009450,0.005405,0.008197,0.006993,0.005195,0.008130,0.002763
0.009064,0.009322,0.004043,0.003348,0.004664,0.007283,0.013526,0.018651,0.024708,0.019325,0.016326,0.006536,0.014104,0.009133,0.008650,0.012243,0.005032,0.006539,0.000493,0.009755,0.008680,-0.003073,-0.009029,-0.004639,-0.007022,-0.005919,-0.009889,-0.006880,-0.002177,0.001356,0.000131,-0.002115,0.000102,0.004853,0.007450,0.008132,0.006894,0.001242,0.000533,0.002953,0.002755,-0.002234,-0.001107,0.005586,0.010729,0.006374,0.001375,0.007083,0.010100,0.006099,0.003377,0.006197,0.005227,0.007814,0.001067,0.008553,0.008120,0.008799,0.006700,0.000804
0.007116,0.008468,0.004453,0.004907,0.006090,0.008430,0.014279,0.015481,0.019325,0.024683,0.021150,0.014220,0.016356,0.009205,0.009512,0.014532,0.004394,0.006372,0.001965,0.005694,0.007846,0.000553,-0.005028,-0.003464,-0.003875,-0.001243,-0.003037,-0.003865,-0.002852,-0.000499,0.000295,-0.001781,-0.000781,-0.000106,0.003545,0.002115,0.002738,-0.000249,0.002713,0.004882,0.002783,-0.002738,0.002355,0.006315,0.011960,0.005207,0.003187,0.005852,0.008098,0.008805,0.002732,0.004723,0.007195,0.005391,0.002149,0.007033,0.005942,0.006115,0.006539,0.003370
0.009769,0.008637,0.004291,0.004471,0.010982,0.010038,0.015218,0.012225,0.016326,0.021150,0.026551,0.022826,0.023738,0.014312,0.013599,0.018309,0.013266,0.010494,0.011389,0.013467,0.012101,0.003269,0.001593,-0.000571,0.000161,0.002048,-0.002726,-0.003468,-0.006199,-0.005158,-0.006770,-0.006228,-0.006068,-0.004577,-0.007906,-0.005195,-0.004306,-0.005133,0.002066,0.002408,-0.000603,-0.005484,0.001010,0.005424,0.009440,0.002338,0.001206,0.002075,0.005207,0.004179,0.003681,0.003730,0.007219,0.004973,0.002279,0.004812,0.005345,0.005261,0.004554,0.000327
0.007055,0.008826,0.003521,0.004146,0.014387,0.012339,0.011407,0.005911,0.006536,0.014220,0.022826,0.036768,0.026642,0.016884,0.014778,0.018743,0.014784,0.009984,0.014079,0.011372,0.004834,-0.000883,-0.002475,-0.008220,-0.006542,-0.004951,-0.005784,-0.001031,-0.005138,-0.003075,-0.001878,-0.003190,-0.005026,-0.005164,-0.012822,-0.006682,-0.008760,-0.002908,0.007422,0.001934,-0.001216,0.000489,0.002131,0.000472,0.004991,-0.001251,0.001748,-0.001023,0.003648,0.004674,0.001904,0.004089,0.008045,-0.001584,0.006714,-0.001133,0.000206,-0.000701,0.001642,0.000671
0.011829,0.007785,0.004212,0.004272,0.015125,0.012494,0.016412,0.009068,0.014104,0.016356,0.023738,0.026642,0.034342,0.022962,0.024392,0.027655,0.022150,0.018456,0.020862,0.022142,0.019022,0.009435,0.002934,-0.006299,-0.003064,-0.001004,-0.005683,-0.004569,-0.007796,-0.004772,-0.010231,-0.010826,-0.010841,-0.011624,-0.015141,-0.009023,-0.011902,-0.009230,-0.000032,-0.003690,-0.004218,-0.004768,-0.000720,0.000058,0.003461,-0.003128,-0.002408,-0.002285,0.003918,0.006277,0.004439,0.004977,0.008019,0.003347,0.001630,0.002339,0.004963,0.006176,0.005133,-0.001750
0.007585,0.004662,0.003516,0.003812,0.014058,0.011008,0.013714,0.007736,0.009133,0.009205,0.014312,0.016884,0.022962,0.025108,0.027166,0.030113,0.027918,0.021702,0.020064,0.020966,0.018012,0.010530,0.007506,-0.000370,-0.001769,-0.003564,-0.010966,-0.012239,-0.012982,-0.009909,-0.014029,-0.016824,-0.014650,-0.013390,-0.013393,-0.007053,-0.009179,-0.007095,-0.005256,-0.006255,-0.002858,-0.005632,-0.005311,-0.003684,-0.002070,-0.005185,-0.003620,-0.003991,0.001175,0.000584,0.001654,0.001999,0.006368,0.007775,0.002866,0.001671,0.005368,0.006493,0.007741,0.002655
0.008411,0.002198,0.003099,0.003289,0.014458,0.007849,0.017295,0.006945,0.008650,0.009512,0.013599,0.014778,0.024392,0.027166,0.040171,0.043940,0.040640,0.038403,0.032799,0.027828,0.023192,0.017721,0.011770,-0.000651,-0.001536,-0.005297,-0.016880,-0.022753,-0.022202,-0.016539,-0.019998,-0.019727,-0.015942,-0.016516,-0.012375,-0.010840,-0.009155,-0.005674,-0.006684,-0.005980,-0.002291,-0.007638,-0.008468,-0.007129,-0.004250,-0.005994,-0.002965,-0.003665,0.001273,0.006491,0.000306,-0.000115,0.007468,0.009940,0.002780,0.000993,0.009343,0.008221,0.009917,0.003814
0.010534,0.004813,0.003756,0.004277,0.015863,0.010897,0.021582,0.008888,0.012243,0.014532,0.018309,0.018743,0.027655,0.030113,0.043940,0.054563,0.050425,0.047302,0.038215,0.031320,0.027797,0.022980,0.013864,0.000797,-0.002076,-0.006185,-0.020459,-0.026139,-0.025724,-0.018234,-0.018891,-0.017832,-0.015476,-0.013167,-0.008000,-0.008298,-0.006333,-0.002858,-0.006789,-0.005762,-0.001141,-0.010808,-0.010090,-0.006608,-0.003112,-0.006474,-0.003583,-0.005715,0.000063,0.007714,-0.000049,-0.000632,0.009156,0.011125,0.004088,0.002819,0.009658,0.009238,0.012318,0.004575
0.006492,-0.000870,-0.000363,0.000932,0.012763,0.007366,0.017678,0.000819,0.005032,0.004394,0.013266,0.014784,0.022150,0.027918,0.040640,0.050425,0.059625,0.050661,0.043644,0.033359,0.028079,0.024702,0.022001,0.007996,0.007299,0.001536,-0.015792,-0.020820,-0.022614,-0.019227,-0.024035,-0.021362,-0.019136,-0.014502,-0.012433,-0.009503,-0.005860,-0.005954,-0.012674,-0.012489,-0.006007,-0.017600,-0.015035,-0.010069,-0.012078,-0.012275,-0.008144,-0.011008,-0.009391,-0.001487,-0.003898,-0.004160,0.004538,0.007830,0.002100,-0.000011,0.007176,0.006020,0.008177,0.000656
0.007300,0.000140,-0.000496,0.000641,0.012777,0.005352,0.017781,-0.001387,0.006539,0.006372,0.010494,0.009984,0.018456,0.021702,0.038403,0.047302,0.050661,0.057565,0.048133,0.038023,0.031530,0.028220,0.020035,0.006208,0.004120,-0.003672,-0.020480,-0.029105,-0.025114,-0.020546,-0.024714,-0.020506,-0.016251,-0.012685,-0.006185,-0.012509,-0.008357,-0.008253,-0.009996,-0.009583,-0.005671,-0.016287,-0.012369,-0.011284,-0.010474,-0.007862,-0.004972,-0.008825,-0.005665,0.005023,-0.003665,-0.001445,0.004158,0.005190,0.002080,-0.002614,0.006004,0.005001,0.006021,0.000854
0.003147,-0.000415,-0.001727,0.000289,0.016165,0.007267,0.014770,-0.007221,0.000493,0.001965,0.011389,0.014079,0.020862,0.020064,0.032799,0.038215,0.043644,0.048133,0.056924,0.047632,0.037391,0.031960,0.028319,0.015577,0.015512,0.008508,-0.005058,-0.015616,-0.016951,-0.018401,-0.031856,-0.023356,-0.021307,-0.020587,-0.024295,-0.025282,-0.022144,-0.016898,-0.011970,-0.014493,-0.014277,-0.016199,-0.011859,-0.012373,-0.015088,-0.011543,-0.007609,-0.011907,-0.009474,-0.001644,-0.001357,-0.002400,0.005954,0.002532,0.001513,-0.002578,0.001305,0.001423,-0.001039,-0.003376
0.005625,0.003501,0.002826,0.002298,0.016406,0.009050,0.014453,0.003293,0.009755,0.005694,0.013467,0.011372,0.022142,0.020966,0.027828,0.031320,0.033359,0.038023,0.047632,0.061109,0.052843,0.037865,0.028745,0.015450,0.011474,0.007147,-0.005417,-0.019343,-0.021063,-0.023262,-0.039025,-0.032276,-0.023522,-0.015516,-0.018423,-0.019319,-0.018637,-0.012744,-0.006881,-0.010696,-0.015480,-0.014237,-0.007096,-0.009797,-0.008894,-0.008637,-0.008722,-0.010735,-0.003834,0.000800,0.001806,0.003532,0.004089,0.011297,0.002177,0.002078,0.006202,0.004165,-0.000505,-0.003855
0.005513,0.001256,0.002638,0.001693,0.011193,0.007474,0.012412,0.004671,0.008680,0.007846,0.012101,0.004834,0.019022,0.018012,0.023192,0.027797,0.028079,0.031530,0.037391,0.052843,0.057375,0.045296,0.036044,0.020073,0.014771,0.013995,0.002651,-0.013835,-0.018249,-0.020402,-0.033543,-0.028026,-0.021807,-0.015905,-0.015429,-0.017203,-0.016749,-0.009880,-0.006708,-0.008401,-0.014585,-0.014580,-0.004734,-0.006289,-0.006551,-0.007347,-0.008606,-0.011907,-0.005213,0.003169,0.003175,0.003176,0.002156,0.013138,0.001936,0.002418,0.006717,0.007118,0.000067,-0.004395
-0.000350,-0.005880,-0.001847,-0.002478,0.005642,0.002740,0.006688,-0.002824,-0.003073,0.000553,0.003269,-0.000883,0.009435,0.010530,0.017721,0.022980,0.024702,0.028220,0.031960,0.037865,0.045296,0.054627,0.047669,0.029699,0.028657,0.023646,0.015424,-0.007201,-0.016543,-0.018340,-0.025692,-0.020378,-0.019119,-0.021557,-0.017926,-0.023780,-0.022486,-0.011590,-0.011616,-0.009566,-0.013926,-0.012256,-0.002757,-0.010071,-0.009018,-0.008775,-0.004886,-0.012159,-0.007257,0.003867,-0.000802,-0.000595,-0.001943,0.001029,-0.003979,-0.001858,-0.001187,0.002146,-0.007504,-0.005846
-0.002947,-0.007783,-0.003046,-0.003083,0.007430,-0.001732,0.002326,-0.007098,-0.009029,-0.005028,0.001593,-0.002475,0.002934,0.007506,0.011770,0.013864,0.022001,0.020035,0.028319,0.028745,0.036044,0.047669,0.059867,0.044578,0.042407,0.032239,0.023369,-0.000548,-0.014602,-0.021863,-0.029729,-0.019773,-0.022575,-0.027101,-0.027867,-0.026668,-0.026075,-0.018860,-0.018882,-0.016055,-0.015166,-0.009785,-0.002253,-0.007944,-0.012595,-0.009335,-0.003143,-0.011109,-0.008915,-0.005582,-0.001612,-0.002157,0.000463,-0.000982,-0.003894,-0.006740,-0.001156,0.001809,-0.009917,-0.006519
-0.003328,-0.003257,-0.002834,-0.001510,0.003880,0.002282,0.003131,-0.004323,-0.004639,-0.003464,-0.000571,-0.008220,-0.006299,-0.000370,-0.000651,0.000797,0.007996,0.006208,0.015577,0.015450,0.020073,0.029699,0.044578,0.053253,0.048300,0.033475,0.031116,0.014306,0.002525,-0.009101,-0.016325,-0.007197,-0.013853,-0.017247,-0.017692,-0.018009,-0.017533,-0.016829,-0.016906,-0.011773,-0.009925,-0.006042,-0.002471,-0.001050,-0.004290,-0.000821,-0.000128,-0.004050,-0.002023,-0.010744,-0.000860,-0.001975,-0.001101,-0.008564,-0.006091,-0.006775,-0.002464,0.001556,-0.010171,-0.004094
-0.008533,-0.009943,-0.008002,-0.004303,-0.000807,-0.000117,0.000986,-0.009653,-0.007022,-0.003875,0.000161,-0.006542,-0.003064,-0.001769,-0.001536,-0.002076,0.007299,0.004120,0.015512,0.011474,0.014771,0.028657,0.042407,0.048300,0.057052,0.043728,0.041148,0.023790,0.009545,-0.005328,-0.016688,-0.005963,-0.011256,-0.019165,-0.018958,-0.017725,-0.017572,-0.019071,-0.015237,-0.012771,-0.012822,-0.009498,-0.000995,-0.002241,-0.006954,-0.004099,-0.001947,-0.004888,-0.005135,-0.010712,-0.003774,-0.003981,-0.004260,-0.012156,-0.011709,-0.006839,-0.006475,-0.000417,-0.015817,-0.008887
-0.011929,-0.012402,-0.006416,-0.004933,-0.005053,-0.001385,-0.001233,-0.008268,-0.005919,-0.001243,0.002048,-0.004951,-0.001004,-0.003564,-0.005297,-0.006185,0.001536,-0.003672,0.008508,0.007147,0.013995,0.023646,0.032239,0.033475,0.043728,0.048719,0.043194,0.025356,0.010056,-0.000917,-0.009624,-0.004744,-0.009584,-0.016382,-0.021017,-0.019544,-0.017852,-0.015292,-0.011238,-0.010124,-0.012000,-0.010503,-0.000228,-0.000370,-0.005335,-0.003126,-0.002136,-0.005279,-0.008872,-0.006520,-0.002953,-0.004915,-0.006657,-0.009753,-0.012192,-0.002679,-0.010759,-0.004859,-0.018558,-0.010872
-0.010123,-0.008709,-0.005254,-0.004063,-0.007781,-0.001762,-0.006378,-0.007280,-0.009889,-0.003037,-0.002726,-0.005784,-0.005683,-0.010966,-0.016880,-0.020459,-0.015792,-0.020480,-0.005058,-0.005417,0.002651,0.015424,0.023369,0.031116,0.041148,0.043194,0.056258,0.042494,0.024215,0.010389,0.000917,0.003629,-0.004684,-0.016721,-0.022140,-0.018521,-0.018826,-0.012956,-0.006949,-0.007992,-0.011955,-0.006383,0.003389,0.000708,-0.000548,-0.001996,-0.000647,-0.001717,-0.002793,-0.004609,-0.000892,-0.001136,-0.006662,-0.017397,-0.009401,-0.005782,-0.010966,-0.008209,-0.020741,-0.010858
-0.008297,-0.004034,-0.006482,-0.002872,-0.012170,-0.001011,-0.010088,-0.004417,-0.006880,-0.003865,-0.003468,-0.001031,-0.004569,-0.012239,-0.022753,-0.026139,-0.020820,-0.029105,-0.015616,-0.019343,-0.013835,-0.007201,-0.000548,0.014306,0.023790,0.025356,0.042494,0.055159,0.044107,0.031458,0.018144,0.019036,0.008647,-0.002414,-0.012337,-0.004165,-0.007523,-0.005254,-0.000166,-0.005045,-0.004582,0.001868,0.003065,0.005621,0.001623,0.001553,0.001038,0.003894,0.001294,-0.006189,0.000555,-0.000554,-0.006946,-0.020371,-0.006502,-0.003782,-0.012417,-0.007873,-0.013550,-0.009569
-0.007775,-0.002006,-0.007612,-0.002669,-0.014440,-0.002055,-0.009932,-0.001121,-0.002177,-0.002852,-0.006199,-0.005138,-0.007796,-0.012982,-0.022202,-0.025724,-0.022614,-0.025114,-0.016951,-0.021063,-0.018249,-0.016543,-0.014602,0.002525,0.009545,0.010056,0.024215,0.044107,0.046339,0.035228,0.023284,0.020675,0.012661,0.006510,-0.000164,0.004272,0.001890,-0.001286,0.001785,-0.002127,-0.001385,0.002724,0.000735,0.005281,0.002423,0.005217,0.001848,0.005992,0.001743,-0.003699,0.000084,-0.000523,-0.006323,-0.013682,-0.002176,-0.000642,-0.012029,-0.006380,-0.008293,-0.006738
-0.003064,0.000467,-0.004078,-0.002582,-0.015847,-0.000359,-0.006974,0.002981,0.001356,-0.000499,-0.005158,-0.003075,-0.004772,-0.009909,-0.016539,-0.018234,-0.019227,-0.020546,-0.018401,-0.023262,-0.020402,-0.018340,-0.021863,-0.009101,-0.005328,-0.000917,0.010389,0.031458,0.035228,0.040813,0.034444,0.026301,0.017519,0.009031,0.005254,0.007516,0.005354,0.005117,0.003578,0.005298,0.008727,0.009789,0.003104,0.008092,0.007940,0.009406,0.005440,0.009129,0.005715,0.002737,0.000460,0.001064,-0.002803,-0.010903,0.000040,0.004241,-0.008375,-0.003313,-0.005356,-0.004445
-0.000185,0.000362,-0.001000,-0.002585,-0.016177,0.000337,-0.006229,0.004074,0.000131,0.000295,-0.006770,-0.001878,-0.010231,-0.014029,-0.019998,-0.018891,-0.024035,-0.024714,-0.031856,-0.039025,-0.033543,-0.025692,-0.029729,-0.016325,-0.016688,-0.009624,0.000917,0.018144,0.023284,0.034444,0.054134,0.040473,0.027594,0.020086,0.018181,0.019320,0.015951,0.014726,0.011593,0.017325,0.017038,0.018391,0.006205,0.011729,0.014060,0.014045,0.010221,0.010567,0.005633,0.009380,0.000857,-0.000483,-0.002305,-0.008023,0.004652,0.002157,-0.006495,-0.002993,-0.002644,-0.001156
-0.002268,-0.002122,-0.003077,-0.002211,-0.015641,-0.005390,-0.010302,-0.000911,-0.002115,-0.001781,-0.006228,-0.003190,-0.010826,-0.016824,-0.019727,-0.017832,-0.021362,-0.020506,-0.023356,-0.032276,-0.028026,-0.020378,-0.019773,-0.007197,-0.005963,-0.004744,0.003629,0.019036,0.020675,0.026301,0.040473,0.047048,0.032166,0.022805,0.016841,0.016866,0.015584,0.013901,0.013060,0.017262,0.016059,0.020968,0.008211,0.015704,0.015138,0.015185,0.009635,0.011216,0.005882,0.005656,0.004020,0.000351,-0.002145,-0.008927,0.001103,0.000132,-0.005940,-0.003223,-0.000888,-0.002086
-0.003956,-0.003649,-0.001954,-0.001178,-0.014072,-0.003625,-0.007438,0.001095,0.000102,-0.000781,-0.006068,-0.005026,-0.010841,-0.014650,-0.015942,-0.015476,-0.019136,-0.016251,-0.021307,-0.023522,-0.021807,-0.019119,-0.022575,-0.013853,-0.011256,-0.009584,-0.004684,0.008647,0.012661,0.017519,0.027594,0.032166,0.032677,0.028765,0.028226,0.023694,0.020654,0.017264,0.015353,0.017002,0.013813,0.015244,0.004882,0.012042,0.010302,0.008381,0.002964,0.007274,0.001948,0.003965,0.001185,-0.000374,-0.002804,-0.003886,-0.000582,0.002654,-0.002393,-0.003931,0.002428,0.000510
-0.001759,0.003099,0.000675,0.001157,-0.008622,0.000139,-0.002128,0.004146,0.004853,-0.000106,-0.004577,-0.005164,-0.011624,-0.013390,-0.016516,-0.013167,-0.014502,-0.012685,-0.020587,-0.015516,-0.015905,-0.021557,-0.027101,-0.017247,-0.019165,-0.016382,-0.016721,-0.002414,0.006510,0.009031,0.020086,0.022805,0.028765,0.042761,0.044653,0.038295,0.033604,0.023834,0.018404,0.015430,0.013747,0.012103,0.004756,0.011224,0.011072,0.009234,0.000836,0.005047,0.001267,0.003805,0.001280,-0.000298,-0.002095,0.003960,0.002251,0.005941,0.002385,-0.002304,0.008319,0.004695
-0.001499,0.003748,0.000277,0.002568,-0.007432,0.002640,0.004250,0.005261,0.007450,0.003545,-0.007906,-0.012822,-0.015141,-0.013393,-0.012375,-0.008000,-0.012433,-0.006185,-0.024295,-0.018423,-0.015429,-0.017926,-0.027867,-0.017692,-0.018958,-0.021017,-0.022140,-0.012337,-0.000164,0.005254,0.018181,0.016841,0.028226,0.044653,0.066650,0.054127,0.049269,0.026216,0.018647,0.018623,0.021322,0.013398,0.005313,0.009432,0.009118,0.007829,-0.000209,0.004697,0.002547,0.007904,-0.002834,0.001959,0.001131,0.003731,-0.000574,0.008876,0.005673,0.003616,0.015073,0.010383
0.000020,0.002724,-0.000632,0.002287,-0.003433,0.005265,0.004051,0.008965,0.008132,0.002115,-0.005195,-0.006682,-0.009023,-0.007053,-0.010840,-0.008298,-0.009503,-0.012509,-0.025282,-0.019319,-0.017203,-0.023780,-0.026668,-0.018009,-0.017725,-0.019544,-0.018521,-0.004165,0.004272,0.007516,0.019320,0.016866,0.023694,0.038295,0.054127,0.060049,0.052314,0.025703,0.018944,0.017963,0.022194,0.020871,0.007816,0.013258,0.010618,0.007584,0.000936,0.006872,0.005781,0.005388,-0.001024,0.003237,0.005311,0.006028,0.001803,0.007942,0.006627,0.006254,0.017701,0.007644
0.000332,0.001088,-0.001565,0.001671,-0.006008,0.000662,0.002101,0.009527,0.006894,0.002738,-0.004306,-0.008760,-0.011902,-0.009179,-0.009155,-0.006333,-0.005860,-0.008357,-0.022144,-0.018637,-0.016749,-0.022486,-0.026075,-0.017533,-0.017572,-0.017852,-0.018826,-0.007523,0.001890,0.005354,0.015951,0.015584,0.020654,0.033604,0.049269,0.052314,0.054681,0.026802,0.018876,0.022511,0.025080,0.018856,0.006477,0.013334,0.012849,0.010174,0.004222,0.009255,0.005785,0.006878,-0.002055,0.001676,0.005363,0.008234,0.002856,0.008463,0.006314,0.005217,0.017117,0.007739
-0.003119,-0.002137,-0.000882,-0.000707,-0.010195,-0.001329,-0.003852,0.008249,0.001242,-0.000249,-0.005133,-0.002908,-0.009230,-0.007095,-0.005674,-0.002858,-0.005954,-0.008253,-0.016898,-0.012744,-0.009880,-0.011590,-0.018860,-0.016829,-0.019071,-0.015292,-0.012956,-0.005254,-0.001286,0.005117,0.014726,0.013901,0.017264,0.023834,0.026216,0.025703,0.026802,0.030819,0.018235,0.018227,0.011952,0.009702,0.003411,0.007131,0.011362,0.007542,0.003825,0.006664,0.005662,0.006645,0.000696,-0.001741,-0.002998,0.008120,0.004645,0.005264,0.005702,0.000454,0.006861,0.003867
0.000201,0.001928,0.000034,0.001043,-0.001826,0.003654,-0.003485,0.004078,0.000533,0.002713,0.002066,0.007422,-0.000032,-0.005256,-0.006684,-0.006789,-0.012674,-0.009996,-0.011970,-0.006881,-0.006708,-0.011616,-0.018882,-0.016906,-0.015237,-0.011238,-0.006949,-0.000166,0.001785,0.003578,0.011593,0.013060,0.015353,0.018404,0.018647,0.018944,0.018876,0.018235,0.026922,0.022718,0.013627,0.013251,0.008673,0.009324,0.012505,0.010081,0.005696,0.005647,0.007002,0.009301,0.003100,0.002690,0.000328,0.003915,0.004483,0.001850,-0.000145,-0.001251,0.005630,0.003847
0.001564,-0.000028,0.000380,0.000635,-0.004337,0.003281,-0.002261,0.008512,0.002953,0.004882,0.002408,0.001934,-0.003690,-0.006255,-0.005980,-0.005762,-0.012489,-0.009583,-0.014493,-0.010696,-0.008401,-0.009566,-0.016055,-0.011773,-0.012771,-0.010124,-0.007992,-0.005045,-0.002127,0.005298,0.017325,0.017262,0.017002,0.015430,0.018623,0.017963,0.022511,0.018227,0.022718,0.030004,0.021392,0.017516,0.008860,0.012825,0.017302,0.013949,0.009075,0.010024,0.009929,0.010087,0.003231,0.002803,0.002494,0.006450,0.005213,0.005598,0.000181,0.001654,0.006329,0.004088
0.002207,0.003792,0.002501,0.002516,-0.000071,0.003534,0.000342,0.007839,0.002755,0.002783,-0.000603,-0.001216,-0.004218,-0.002858,-0.002291,-0.001141,-0.006007,-0.005671,-0.014277,-0.015480,-0.014585,-0.013926,-0.015166,-0.009925,-0.012822,-0.012000,-0.011955,-0.004582,-0.001385,0.008727,0.017038,0.016059,0.013813,0.013747,0.021322,0.022194,0.025080,0.011952,0.013627,0.021392,0.029231,0.024210,0.009915,0.013320,0.014385,0.013533,0.011327,0.013392,0.011334,0.008459,0.003082,0.003784,0.008103,0.003560,0.003166,0.006131,-0.000335,0.002338,0.011531,0.008865
0.000543,0.002463,0.002846,0.001915,0.001557,0.000932,-0.003662,0.006076,-0.002234,-0.002738,-0.005484,0.000489,-0.004768,-0.005632,-0.007638,-0.010808,-0.017600,-0.016287,-0.016199,-0.014237,-0.014580,-0.012256,-0.009785,-0.006042,-0.009498,-0.010503,-0.006383,0.001868,0.002724,0.009789,0.018391,0.020968,0.015244,0.012103,0.013398,0.020871,0.018856,0.009702,0.013251,0.017516,0.024210,0.037244,0.017483,0.014123,0.014970,0.013682,0.013508,0.015104,0.014091,0.010052,0.005941,0.005395,0.009445,-0.001583,0.002169,0.001275,-0.001343,-0.000112,0.008441,0.005933
0.000223,0.000992,0.002193,0.001123,-0.001006,-0.000768,-0.003075,0.002537,-0.001107,0.002355,0.001010,0.002131,-0.000720,-0.005311,-0.008468,-0.010090,-0.015035,-0.012369,-0.011859,-0.007096,-0.004734,-0.002757,-0.002253,-0.002471,-0.000995,-0.000228,0.003389,0.003065,0.000735,0.003104,0.006205,0.008211,0.004882,0.004756,0.005313,0.007816,0.006477,0.003411,0.008673,0.008860,0.009915,0.017483,0.018772,0.011111,0.013602,0.009561,0.008406,0.007719,0.009344,0.008665,0.003208,0.003547,0.002711,-0.000382,-0.000697,-0.000070,-0.000234,-0.001284,0.001091,0.002304
-0.000659,-0.000897,0.000768,0.001507,-0.004334,0.002212,-0.000391,0.007416,0.005586,0.006315,0.005424,0.000472,0.000058,-0.003684,-0.007129,-0.006608,-0.010069,-0.011284,-0.012373,-0.009797,-0.006289,-0.010071,-0.007944,-0.001050,-0.002241,-0.000370,0.000708,0.005621,0.005281,0.008092,0.011729,0.015704,0.012042,0.011224,0.009432,0.013258,0.013334,0.007131,0.009324,0.012825,0.013320,0.014123,0.011111,0.019144,0.018226,0.012586,0.006635,0.009045,0.006847,0.003413,0.005007,0.001409,0.002102,0.004738,0.000444,0.003385,0.000279,0.000570,0.004466,0.001448
0.007490,0.007734,0.004407,0.003734,-0.001120,0.003461,0.002317,0.015735,0.010729,0.011960,0.009440,0.004991,0.003461,-0.002070,-0.004250,-0.003112,-0.012078,-0.010474,-0.015088,-0.008894,-0.006551,-0.009018,-0.012595,-0.004290,-0.006954,-0.005335,-0.000548,0.001623,0.002423,0.007940,0.014060,0.015138,0.010302,0.011072,0.009118,0.010618,0.012849,0.011362,0.012505,0.017302,0.014385,0.014970,0.013602,0.018226,0.034113,0.022756,0.014709,0.013950,0.019708,0.015425,0.006145,0.005191,0.001312,0.004093,0.005271,0.002410,0.002935,0.001267,0.005107,0.002434
0.003507,0.005010,0.000935,0.001097,-0.003447,-0.000733,-0.001768,0.008898,0.006374,0.005207,0.002338,-0.001251,-0.003128,-0.005185,-0.005994,-0.006474,-0.012275,-0.007862,-0.011543,-0.008637,-0.007347,-0.008775,-0.009335,-0.000821,-0.004099,-0.003126,-0.001996,0.001553,0.005217,0.009406,0.014045,0.015185,0.008381,0.009234,0.007829,0.007584,0.010174,0.007542,0.010081,0.013949,0.013533,0.013682,0.009561,0.012586,0.022756,0.021907,0.014946,0.012942,0.016081,0.011809,0.003901,0.003618,-0.000525,0.002065,0.003765,0.001110,-0.000321,0.001561,0.002438,0.002373
0.001727,0.003322,0.001827,0.000792,0.000389,-0.001825,-0.001050,0.005137,0.001375,0.003187,0.001206,0.001748,-0.002408,-0.003620,-0.002965,-0.003583,-0.008144,-0.004972,-0.007609,-0.008722,-0.008606,-0.004886,-0.003143,-0.000128,-0.001947,-0.002136,-0.000647,0.001038,0.001848,0.005440,0.010221,0.009635,0.002964,0.000836,-0.000209,0.000936,0.004222,0.003825,0.005696,0.009075,0.011327,0.013508,0.008406,0.006635,0.014709,0.014946,0.015996,0.014134,0.015425,0.011100,0.002869,0.002406,0.002549,-0.000749,0.001826,-0.001749,0.000732,0.000830,0.001252,0.002805
-0.000268,0.001644,0.002635,0.001311,-0.001130,-0.001277,0.001228,0.009675,0.007083,0.005852,0.002075,-0.001023,-0.002285,-0.003991,-0.003665,-0.005715,-0.011008,-0.008825,-0.011907,-0.010735,-0.011907,-0.012159,-0.011109,-0.004050,-0.004888,-0.005279,-0.001717,0.003894,0.005992,0.009129,0.010567,0.011216,0.007274,0.005047,0.004697,0.006872,0.009255,0.006664,0.005647,0.010024,0.013392,0.015104,0.007719,0.009045,0.013950,0.012942,0.014134,0.020860,0.018704,0.008433,0.005238,0.003429,0.004145,0.000753,-0.001847,0.001862,0.005578,0.002551,0.004298,0.003875
0.008050,0.009152,0.006211,0.003902,0.004986,0.002022,0.003886,0.012721,0.010100,0.008098,0.005207,0.003648,0.003918,0.001175,0.001273,0.000063,-0.009391,-0.005665,-0.009474,-0.003834,-0.005213,-0.007257,-0.008915,-0.002023,-0.005135,-0.008872,-0.002793,0.001294,0.001743,0.005715,0.005633,0.005882,0.001948,0.001267,0.002547,0.005781,0.005785,0.005662,0.007002,0.009929,0.011334,0.014091,0.009344,0.006847,0.019708,0.016081,0.015425,0.018704,0.028487,0.013368,0.005648,0.008316,0.004604,-0.001178,-0.000217,-0.000751,0.008077,0.006504,0.005236,0.003019
0.006518,0.005654,0.004202,0.002016,0.001158,-0.000383,0.004931,0.009428,0.006099,0.008805,0.004179,0.004674,0.006277,0.000584,0.006491,0.007714,-0.001487,0.005023,-0.001644,0.000800,0.003169,0.003867,-0.005582,-0.010744,-0.010712,-0.006520,-0.004609,-0.006189,-0.003699,0.002737,0.009380,0.005656,0.003965,0.003805,0.007904,0.005388,0.006878,0.006645,0.009301,0.010087,0.008459,0.010052,0.008665,0.003413,0.015425,0.011809,0.011100,0.008433,0.013368,0.023581,0.002353,0.004883,0.005036,0.003062,0.005026,0.000639,0.003834,0.001595,0.004370,0.002421
0.003352,0.004605,0.003690,0.002106,0.003634,0.002082,0.002238,0.004351,0.003377,0.002732,0.003681,0.001904,0.004439,0.001654,0.000306,-0.000049,-0.003898,-0.003665,-0.001357,0.001806,0.003175,-0.000802,-0.001612,-0.000860,-0.003774,-0.002953,-0.000892,0.000555,0.000084,0.000460,0.000857,0.004020,0.001185,0.001280,-0.002834,-0.001024,-0.002055,0.000696,0.003100,0.003231,0.003082,0.005941,0.003208,0.005007,0.006145,0.003901,0.002869,0.005238,0.005648,0.002353,0.007609,0.002822,0.003757,0.004025,0.001553,0.001714,0.002915,0.002412,0.003995,0.001483
0.005442,0.006739,0.003311,0.002256,0.004221,0.001642,0.002307,0.005799,0.006197,0.004723,0.003730,0.004089,0.004977,0.001999,-0.000115,-0.000632,-0.004160,-0.001445,-0.002400,0.003532,0.003176,-0.000595,-0.002157,-0.001975,-0.003981,-0.004915,-0.001136,-0.000554,-0.000523,0.001064,-0.000483,0.000351,-0.000374,-0.000298,0.001959,0.003237,0.001676,-0.001741,0.002690,0.002803,0.003784,0.005395,0.003547,0.001409,0.005191,0.003618,0.002406,0.003429,0.008316,0.004883,0.002822,0.008271,0.004603,-0.002010,0.001423,0.001003,0.001011,0.001971,0.002401,0.000168
0.006524,0.009521,0.005652,0.003996,0.011357,0.005571,0.009485,0.006153,0.005227,0.007195,0.007219,0.008045,0.008019,0.006368,0.007468,0.009156,0.004538,0.004158,0.005954,0.004089,0.002156,-0.001943,0.000463,-0.001101,-0.004260,-0.006657,-0.006662,-0.006946,-0.006323,-0.002803,-0.002305,-0.002145,-0.002804,-0.002095,0.001131,0.005311,0.005363,-0.002998,0.000328,0.002494,0.008103,0.009445,0.002711,0.002102,0.001312,-0.000525,0.002549,0.004145,0.004604,0.005036,0.003757,0.004603,0.017320,0.004997,0.004810,0.003719,0.005321,0.004765,0.008736,0.005538
0.000187,0.001433,0.002631,0.001959,0.002503,0.002598,0.002694,0.009450,0.007814,0.005391,0.004973,-0.001584,0.003347,0.007775,0.009940,0.011125,0.007830,0.005190,0.002532,0.011297,0.013138,0.001029,-0.000982,-0.008564,-0.012156,-0.009753,-0.017397,-0.020371,-0.013682,-0.010903,-0.008023,-0.008927,-0.003886,0.003960,0.003731,0.006028,0.008234,0.008120,0.003915,0.006450,0.003560,-0.001583,-0.000382,0.004738,0.004093,0.002065,-0.000749,0.000753,-0.001178,0.003062,0.004025,-0.002010,0.004997,0.030536,0.011387,0.008569,0.009513,0.008027,0.008093,0.004771
0.005302,0.007859,0.001882,0.002156,0.003661,0.002877,-0.000032,0.005405,0.001067,0.002149,0.002279,0.006714,0.001630,0.002866,0.002780,0.004088,0.002100,0.002080,0.001513,0.002177,0.001936,-0.003979,-0.003894,-0.006091,-0.011709,-0.012192,-0.009401,-0.006502,-0.002176,0.000040,0.004652,0.001103,-0.000582,0.002251,-0.000574,0.001803,0.002856,0.004645,0.004483,0.005213,0.003166,0.002169,-0.000697,0.000444,0.005271,0.003765,0.001826,-0.001847,-0.000217,0.005026,0.001553,0.001423,0.004810,0.011387,0.016252,0.001285,0.001517,0.001080,0.003593,0.002802
-0.001076,0.002746,0.000391,0.001126,-0.001648,0.003315,0.003683,0.008197,0.008553,0.007033,0.004812,-0.001133,0.002339,0.001671,0.000993,0.002819,-0.000011,-0.002614,-0.002578,0.002078,0.002418,-0.001858,-0.006740,-0.006775,-0.006839,-0.002679,-0.005782,-0.003782,-0.000642,0.004241,0.002157,0.000132,0.002654,0.005941,0.008876,0.007942,0.008463,0.005264,0.001850,0.005598,0.006131,0.001275,-0.000070,0.003385,0.002410,0.001110,-0.001749,0.001862,-0.000751,0.000639,0.001714,0.001003,0.003719,0.008569,0.001285,0.013005,0.000516,0.003353,0.004907,0.002393
0.010098,0.006510,0.007486,0.003409,0.005772,0.000999,0.008910,0.006993,0.008120,0.005942,0.005345,0.000206,0.004963,0.005368,0.009343,0.009658,0.007176,0.006004,0.001305,0.006202,0.006717,-0.001187,-0.001156,-0.002464,-0.006475,-0.010759,-0.010966,-0.012417,-0.012029,-0.008375,-0.006495,-0.005940,-0.002393,0.002385,0.005673,0.006627,0.006314,0.005702,-0.000145,0.000181,-0.000335,-0.001343,-0.000234,0.000279,0.002935,-0.000321,0.000732,0.005578,0.008077,0.003834,0.002915,0.001011,0.005321,0.009513,0.001517,0.000516,0.020439,0.010326,0.009785,0.005387
0.007682,0.006054,0.002511,0.001868,0.005681,0.004328,0.007751,0.005195,0.008799,0.006115,0.005261,-0.000701,0.006176,0.006493,0.008221,0.009238,0.006020,0.005001,0.001423,0.004165,0.007118,0.002146,0.001809,0.001556,-0.000417,-0.004859,-0.008209,-0.007873,-0.006380,-0.003313,-0.002993,-0.003223,-0.003931,-0.002304,0.003616,0.006254,0.005217,0.000454,-0.001251,0.001654,0.002338,-0.000112,-0.001284,0.000570,0.001267,0.001561,0.000830,0.002551,0.006504,0.001595,0.002412,0.001971,0.004765,0.008027,0.001080,0.003353,0.010326,0.013390,0.007281,0.002492
0.008669,0.008868,0.005863,0.006319,0.008385,0.004183,0.007957,0.008130,0.006700,0.006539,0.004554,0.001642,0.005133,0.007741,0.009917,0.012318,0.008177,0.006021,-0.001039,-0.000505,0.000067,-0.007504,-0.009917,-0.010171,-0.015817,-0.018558,-0.020741,-0.013550,-0.008293,-0.005356,-0.002644,-0.000888,0.002428,0.008319,0.015073,0.017701,0.017117,0.006861,0.005630,0.006329,0.011531,0.008441,0.001091,0.004466,0.005107,0.002438,0.001252,0.004298,0.005236,0.004370,0.003995,0.002401,0.008736,0.008093,0.003593,0.004907,0.009785,0.007281,0.022338,0.012516
0.002032,0.006970,0.004767,0.004344,0.006730,0.004702,0.004486,0.002763,0.000804,0.003370,0.000327,0.000671,-0.001750,0.002655,0.003814,0.004575,0.000656,0.000854,-0.003376,-0.003855,-0.004395,-0.005846,-0.006519,-0.004094,-0.008887,-0.010872,-0.010858,-0.009569,-0.006738,-0.004445,-0.001156,-0.002086,0.000510,0.004695,0.010383,0.007644,0.007739,0.003867,0.003847,0.004088,0.008865,0.005933,0.002304,0.001448,0.002434,0.002373,0.002805,0.003875,0.003019,0.002421,0.001483,0.000168,0.005538,0.004771,0.002802,0.002393,0.005387,0.002492,0.012516,0.013315
