0.017546,0.007789,0.006775,0.002738,0.006444,0.002257,0.002883,0.005528,0.007134,0.005923,0.007449,0.006538,0.007410,0.010630,0.010125,0.009768,0.005853,0.003139,-0.001802,0.001909,0.002232,-0.004498,-0.002938,-0.001586,-0.008484,-0.010977,-0.010412,-0.006979,-0.003031,0.002465,-0.001564,0.003303,-0.000379,-0.003831,-0.001248,0.003256,0.001476,-0.001827,-0.002152,-0.000109,0.002040,0.004893,0.000226,0.000881,-0.003177,0.000405,-0.001615,0.000460,0.003467,-0.004206,0.001986,0.006016,0.002202,0.003250,0.003399,-0.000981,0.009594,0.007960,0.008000,0.003649
0.007789,0.017754,0.008571,0.003457,0.010979,0.005247,0.003617,0.006623,0.004420,0.005807,0.004178,0.008079,0.005457,0.003717,0.004212,0.005023,-0.000576,-0.003287,-0.003199,-0.000276,-0.005337,-0.008956,-0.008781,-0.007231,-0.010678,-0.010506,-0.005783,-0.000324,0.002356,0.003433,0.003441,0.000006,-0.003173,-0.001186,0.001160,0.002135,0.001395,0.002964,0.002892,0.000994,0.003149,0.003099,0.001531,-0.002061,-0.000172,0.003459,0.002406,0.003903,0.004887,0.004344,0.002175,0.004638,0.009014,0.001115,0.006534,0.000676,0.004284,0.004924,0.007071,0.005820
0.006775,0.008571,0.007917,0.002991,0.008567,0.003359,0.002900,0.003945,0.003091,0.003891,0.005514,0.006519,0.004597,0.003565,0.003100,0.003513,0.001933,-0.000077,-0.000691,0.001717,0.000925,-0.003046,-0.001628,-0.001212,-0.006332,-0.005981,-0.005501,-0.003297,-0.002349,-0.000016,-0.000666,-0.000516,-0.001582,-0.000770,-0.000230,0.001008,-0.000815,0.000348,0.000203,0.000114,0.001518,0.001314,0.001008,0.000482,0.000237,0.001086,0.000303,0.001973,0.003236,0.000993,0.002436,0.003411,0.004599,0.003128,0.004005,0.001350,0.005861,0.003435,0.005383,0.003718
0.002738,0.003457,0.002991,0.003322,0.004433,0.003431,0.002716,0.002723,0.002939,0.003829,0.004697,0.004154,0.004392,0.003894,0.003279,0.004000,0.001962,0.001682,0.001747,0.003245,0.001963,-0.000794,-0.002160,-0.001015,-0.002567,-0.003073,-0.003139,-0.002607,-0.001267,-0.000635,-0.001635,-0.001438,-0.000711,-0.000764,0.000440,0.000209,-0.000199,-0.000149,0.000995,0.002262,0.001825,-0.000264,0.000244,0.001306,0.002066,0.001958,0.000266,0.000450,0.002064,0.001152,0.001451,0.001970,0.002422,0.002065,0.002525,0.001889,0.002275,0.003574,0.003937,0.002083
0.006444,0.010979,0.008567,0.004433,0.021366,0.011669,0.010542,0.005302,0.003240,0.006331,0.009770,0.012137,0.010398,0.009141,0.011809,0.014074,0.010224,0.005806,0.011433,0.013993,0.007736,0.001195,0.004271,0.000797,-0.005283,-0.008205,-0.010347,-0.009200,-0.012568,-0.007516,-0.008730,-0.008011,-0.009234,-0.004944,-0.006605,-0.003832,-0.005914,-0.003632,-0.001007,-0.002158,-0.000700,0.000373,-0.000481,-0.001178,-0.000048,0.003065,0.000762,0.001765,0.005147,0.000510,0.004770,0.004295,0.007925,0.004924,0.006662,0.001506,0.008005,0.008322,0.006262,0.005133
0.002257,0.005247,0.003359,0.003431,0.011669,0.019672,0.012527,0.007802,0.006795,0.009193,0.010354,0.009711,0.013868,0.009462,0.011944,0.013328,0.004811,0.001202,0.004187,0.008579,0.007384,0.001850,-0.003788,-0.002199,-0.004059,-0.002833,-0.006078,-0.001940,-0.004577,0.002069,0.001506,-0.006068,-0.003760,-0.003952,0.000416,-0.001326,-0.003580,0.001132,0.003733,0.005312,0.006103,0.002005,0.002668,0.003052,0.002847,0.002881,-0.000985,-0.001006,0.001336,0.002700,0.002728,0.003683,0.007281,0.003689,0.000630,0.003931,-0.000691,0.005575,0.005400,0.003295
0.002883,0.003617,0.002900,0.002716,0.010542,0.012527,0.019601,0.010724,0.011778,0.013584,0.013800,0.008663,0.010304,0.009887,0.014202,0.015025,0.008861,0.012727,0.009612,0.011067,0.008980,0.005840,0.004601,0.003087,0.003585,0.000584,-0.003392,-0.005926,-0.011367,-0.003630,-0.000680,-0.006252,-0.003950,-0.005674,-0.001682,-0.002755,-0.004012,-0.002134,-0.000944,0.000163,0.002603,-0.002359,-0.002041,0.001841,0.001255,0.003209,-0.000465,0.001358,0.002581,0.004889,0.002059,0.003143,0.008726,0.003874,0.003884,0.003694,0.003453,0.007297,0.002772,0.002786
0.005528,0.006623,0.003945,0.002723,0.005302,0.007802,0.010724,0.018720,0.013398,0.012495,0.010690,0.007688,0.007647,0.004867,0.006101,0.006940,-0.001208,0.001774,-0.003405,0.005915,0.005702,0.005405,-0.000035,-0.000366,-0.001405,-0.005370,-0.003920,-0.001124,-0.001971,0.005283,0.005886,0.000070,0.000169,-0.003583,0.002229,0.004151,0.002991,0.003217,0.003832,0.006569,0.006871,0.005857,0.006035,0.005355,0.009236,0.010120,0.004763,0.006954,0.011332,0.007607,0.002299,0.006669,0.007448,0.006020,0.006598,0.004394,0.005935,0.008374,0.004553,0.000534
0.007134,0.004420,0.003091,0.002939,0.003240,0.006795,0.011778,0.013398,0.020576,0.018747,0.016698,0.009330,0.010008,0.005962,0.007840,0.008125,0.002819,0.005946,0.000532,0.004854,0.005195,0.002481,-0.001866,-0.000627,0.002252,-0.000471,0.000242,0.001223,-0.000583,0.002778,0.005267,0.001709,0.001373,-0.004543,0.003236,0.003180,0.002764,0.003820,0.001857,0.002521,0.001158,-0.003392,-0.000802,0.006164,0.005777,0.007181,0.001464,0.003625,0.006727,0.003612,-0.001088,0.004578,0.002089,0.003603,0.006037,0.003056,0.003528,0.007425,0.002533,-0.000610
0.005923,0.005807,0.003891,0.003829,0.006331,0.009193,0.013584,0.012495,0.018747,0.027083,0.025330,0.021029,0.016448,0.007627,0.009824,0.009675,0.002839,0.005098,0.001960,0.004848,0.004808,0.005064,0.000320,-0.001411,0.001752,0.001852,-0.000338,-0.001193,-0.004187,-0.000900,0.003080,-0.001009,0.000803,-0.007038,-0.002958,-0.004826,-0.000873,0.000595,0.002563,0.004407,0.002024,-0.003135,0.001864,0.007587,0.007464,0.008139,0.003907,0.005956,0.006506,0.006592,0.000932,0.004400,0.007729,0.005250,0.006255,0.003611,0.002041,0.007015,0.000988,0.000593
0.007449,0.004178,0.005514,0.004697,0.009770,0.010354,0.013800,0.010690,0.016698,0.025330,0.031200,0.026056,0.021019,0.011088,0.011130,0.009969,0.006548,0.006702,0.006990,0.010186,0.011385,0.008030,0.004994,-0.000024,0.000817,0.002276,-0.004794,-0.005137,-0.009289,-0.005031,0.000224,-0.003764,-0.001782,-0.007843,-0.007579,-0.007638,-0.005039,-0.002155,0.002810,0.005471,0.001906,-0.003229,0.003659,0.009906,0.008240,0.008214,0.003888,0.005402,0.006836,0.004292,0.003263,0.004712,0.007195,0.007236,0.006123,0.004884,0.003615,0.008867,0.001773,-0.000756
0.006538,0.008079,0.006519,0.004154,0.012137,0.009711,0.008663,0.007688,0.009330,0.021029,0.026056,0.035680,0.025142,0.014136,0.013093,0.013926,0.011491,0.008614,0.010817,0.016828,0.011380,0.006494,0.004821,-0.001982,-0.004045,-0.002132,-0.009887,-0.007843,-0.009936,-0.007113,-0.002320,-0.005051,-0.003207,-0.009736,-0.013577,-0.012853,-0.012524,-0.005861,0.004990,0.001998,-0.002358,-0.002238,0.002864,0.003297,0.004729,0.002829,0.003667,0.003993,0.005001,0.005999,0.003698,0.005879,0.008926,0.004445,0.007111,0.003325,0.001991,0.002433,-0.002409,-0.003075
0.007410,0.005457,0.004597,0.004392,0.010398,0.013868,0.010304,0.007647,0.010008,0.016448,0.021019,0.025142,0.027268,0.017168,0.020646,0.019374,0.017008,0.011868,0.010022,0.016540,0.013946,0.007771,0.001906,-0.003908,-0.005356,-0.002428,-0.011899,-0.008128,-0.008548,-0.001604,-0.003116,-0.006134,-0.005744,-0.010444,-0.009695,-0.010317,-0.010843,-0.004404,0.002238,0.001252,0.000829,-0.002112,0.002382,0.003742,0.003895,0.001456,0.001548,0.000373,0.003149,0.005922,0.003794,0.004589,0.007205,0.004080,0.003318,0.003529,0.001634,0.004574,0.002051,-0.001824
0.010630,0.003717,0.003565,0.003894,0.009141,0.009462,0.009887,0.004867,0.005962,0.007627,0.011088,0.014136,0.017168,0.023481,0.023851,0.024177,0.020736,0.018515,0.015251,0.021117,0.016388,0.007463,0.007884,0.004283,-0.000700,-0.004507,-0.011626,-0.012866,-0.011595,-0.005072,-0.010912,-0.010561,-0.008916,-0.011155,-0.008753,-0.005893,-0.008001,-0.005586,-0.003719,-0.004257,-0.002907,-0.004578,-0.006392,-0.003258,-0.003950,-0.004043,-0.003462,-0.005322,-0.000483,-0.001627,0.002753,0.005028,0.005015,0.004422,0.004199,0.001767,0.007602,0.008634,0.003756,0.000084
0.010125,0.004212,0.003100,0.003279,0.011809,0.011944,0.014202,0.006101,0.007840,0.009824,0.011130,0.013093,0.020646,0.023851,0.040513,0.038526,0.037884,0.030753,0.019283,0.022925,0.016926,0.010887,0.008308,-0.003442,-0.006413,-0.008589,-0.022784,-0.023628,-0.024849,-0.011381,-0.016135,-0.016558,-0.017397,-0.013922,-0.009272,-0.008425,-0.006834,-0.005680,-0.005767,-0.006469,-0.001398,-0.009057,-0.008294,-0.006161,-0.006330,-0.004964,-0.001839,-0.005546,-0.001004,0.003436,-0.000151,0.000769,0.005599,0.004913,0.002444,0.004020,0.009467,0.008809,0.006950,0.002547
0.009768,0.005023,0.003513,0.004000,0.014074,0.013328,0.015025,0.006940,0.008125,0.009675,0.009969,0.013926,0.019374,0.024177,0.038526,0.044020,0.041603,0.035982,0.025021,0.028221,0.019608,0.014096,0.009520,0.000134,-0.004861,-0.010335,-0.022190,-0.025973,-0.028230,-0.013201,-0.014758,-0.013231,-0.013638,-0.008436,-0.004768,-0.004194,-0.003321,-0.003999,-0.002773,-0.002642,0.001222,-0.008374,-0.009433,-0.006184,-0.003825,-0.003855,-0.002110,-0.005663,0.000275,0.003807,-0.000131,0.001731,0.006425,0.005015,0.005314,0.004082,0.008761,0.008433,0.008001,0.002379
0.005853,-0.000576,0.001933,0.001962,0.010224,0.004811,0.008861,-0.001208,0.002819,0.002839,0.006548,0.011491,0.017008,0.020736,0.037884,0.041603,0.058857,0.048235,0.035901,0.036118,0.028806,0.021316,0.016864,-0.001002,-0.006837,-0.007311,-0.023759,-0.027563,-0.030381,-0.019380,-0.021436,-0.015768,-0.017760,-0.007257,-0.010590,-0.011765,-0.006347,-0.003637,-0.007034,-0.010922,-0.007621,-0.017271,-0.014748,-0.010421,-0.005895,-0.009770,-0.001794,-0.008349,-0.004722,0.006399,-0.000288,-0.002354,0.001097,0.002917,0.006097,0.002100,0.010597,0.005377,0.002888,-0.002746
0.003139,-0.003287,-0.000077,0.001682,0.005806,0.001202,0.012727,0.001774,0.005946,0.005098,0.006702,0.008614,0.011868,0.018515,0.030753,0.035982,0.048235,0.054153,0.038663,0.040526,0.031014,0.025731,0.018385,0.004396,0.001836,-0.009146,-0.020957,-0.029167,-0.029329,-0.017341,-0.016224,-0.013195,-0.009128,-0.003221,-0.003202,-0.005395,-0.000787,-0.003765,-0.004358,-0.006169,-0.005381,-0.013630,-0.013289,-0.007582,-0.004380,-0.006207,0.000220,-0.004125,-0.001436,0.008917,-0.001373,-0.002966,0.003308,0.000259,0.006291,0.003627,0.010019,0.004681,0.002609,-0.001756
-0.001802,-0.003199,-0.000691,0.001747,0.011433,0.004187,0.009612,-0.003405,0.000532,0.001960,0.006990,0.010817,0.010022,0.015251,0.019283,0.025021,0.035901,0.038663,0.048018,0.047965,0.033943,0.024198,0.021003,0.010373,0.005944,-0.000334,-0.012465,-0.018685,-0.022415,-0.015837,-0.019411,-0.013141,-0.007012,-0.004622,-0.011896,-0.012642,-0.007948,-0.005536,-0.003971,-0.005320,-0.010113,-0.011432,-0.012554,-0.007756,-0.002532,-0.002366,-0.000947,-0.003291,-0.001955,0.002759,0.000834,-0.001138,0.004372,0.000930,0.004924,0.002674,0.004228,0.004779,-0.003093,-0.005058
0.001909,-0.000276,0.001717,0.003245,0.013993,0.008579,0.011067,0.005915,0.004854,0.004848,0.010186,0.016828,0.016540,0.021117,0.022925,0.028221,0.036118,0.040526,0.047965,0.069682,0.053633,0.040734,0.027616,0.013957,0.003685,-0.007071,-0.020651,-0.024672,-0.026067,-0.017539,-0.025099,-0.024450,-0.012251,-0.014030,-0.017498,-0.016553,-0.010898,-0.005964,-0.003289,-0.002668,-0.012171,-0.010474,-0.011084,-0.008517,0.000700,-0.001491,-0.001055,-0.004542,0.001178,0.005956,0.003528,0.004769,0.007427,0.007779,0.010931,0.007258,0.006606,0.008364,-0.001387,-0.005987
0.002232,-0.005337,0.000925,0.001963,0.007736,0.007384,0.008980,0.005702,0.005195,0.004808,0.011385,0.011380,0.013946,0.016388,0.016926,0.019608,0.028806,0.031014,0.033943,0.053633,0.051758,0.043050,0.031349,0.020100,0.011010,0.000162,-0.012801,-0.016230,-0.020229,-0.012904,-0.019768,-0.019365,-0.011988,-0.012550,-0.013921,-0.013005,-0.006854,-0.003161,-0.003875,-0.002057,-0.009969,-0.008994,-0.006325,-0.002121,0.002488,-0.003193,-0.002627,-0.005063,0.000441,0.003274,0.004439,0.004331,0.004459,0.007913,0.005920,0.006987,0.005766,0.008568,-0.000421,-0.005477
-0.004498,-0.008956,-0.003046,-0.000794,0.001195,0.001850,0.005840,0.005405,0.002481,0.005064,0.008030,0.006494,0.007771,0.007463,0.010887,0.014096,0.021316,0.025731,0.024198,0.040734,0.043050,0.054148,0.043375,0.027063,0.024063,0.011121,-0.000373,-0.010437,-0.019953,-0.010706,-0.015487,-0.015401,-0.010412,-0.009551,-0.013268,-0.014701,-0.006734,-0.005247,-0.004924,-0.002993,-0.008911,-0.008026,-0.004157,-0.002361,0.002406,-0.003277,0.001051,-0.004390,0.000743,0.007043,0.002763,0.001403,0.003656,0.003964,0.001601,0.006498,-0.000831,0.004450,-0.004028,-0.005068
-0.002938,-0.008781,-0.001628,-0.002160,0.004271,-0.003788,0.004601,-0.000035,-0.001866,0.000320,0.004994,0.004821,0.001906,0.007884,0.008308,0.009520,0.016864,0.018385,0.021003,0.027616,0.031349,0.043375,0.054118,0.039322,0.036710,0.021685,0.010837,-0.002766,-0.017481,-0.012739,-0.022740,-0.015087,-0.017928,-0.014312,-0.023281,-0.020636,-0.017472,-0.014116,-0.012976,-0.016306,-0.016905,-0.010571,-0.007380,-0.003980,-0.003586,-0.005712,-0.000313,-0.005083,-0.000754,-0.001926,0.003009,0.000965,-0.000775,-0.000688,-0.000746,-0.000717,0.002989,0.003907,-0.009100,-0.004906
-0.001586,-0.007231,-0.001212,-0.001015,0.000797,-0.002199,0.003087,-0.000366,-0.000627,-0.001411,-0.000024,-0.001982,-0.003908,0.004283,-0.003442,0.000134,-0.001002,0.004396,0.010373,0.013957,0.020100,0.027063,0.039322,0.046010,0.040763,0.024708,0.022885,0.012075,0.001407,0.001694,-0.015300,-0.006772,-0.009919,-0.010684,-0.015126,-0.016471,-0.014585,-0.014091,-0.012775,-0.014532,-0.012993,-0.005853,-0.005245,0.000702,-0.003349,-0.004462,-0.004322,-0.003823,-0.002236,-0.010299,0.002016,0.003257,-0.004923,-0.005908,-0.007198,-0.002148,-0.004302,-0.001125,-0.008261,-0.002928
-0.008484,-0.010678,-0.006332,-0.002567,-0.005283,-0.004059,0.003585,-0.001405,0.002252,0.001752,0.000817,-0.004045,-0.005356,-0.000700,-0.006413,-0.004861,-0.006837,0.001836,0.005944,0.003685,0.011010,0.024063,0.036710,0.040763,0.049606,0.033130,0.032493,0.021037,0.007009,0.002433,-0.007244,-0.003226,-0.008055,-0.012490,-0.014521,-0.013966,-0.012343,-0.010218,-0.008729,-0.012050,-0.013362,-0.008514,-0.004829,0.001524,-0.002390,-0.002189,-0.001332,-0.001577,-0.000417,-0.006505,-0.001248,-0.002246,-0.006094,-0.007551,-0.008333,-0.002361,-0.007233,-0.000419,-0.011360,-0.004580
-0.010977,-0.010506,-0.005981,-0.003073,-0.008205,-0.002833,0.000584,-0.005370,-0.000471,0.001852,0.002276,-0.002132,-0.002428,-0.004507,-0.008589,-0.010335,-0.007311,-0.009146,-0.000334,-0.007071,0.000162,0.011121,0.021685,0.024708,0.033130,0.041311,0.035492,0.026126,0.012999,0.007776,0.000667,0.000207,-0.004235,-0.010705,-0.015786,-0.019421,-0.018111,-0.007749,-0.009155,-0.009006,-0.008687,-0.008841,-0.003423,0.000511,-0.000968,-0.001150,-0.000804,-0.001261,-0.003471,-0.002972,-0.001644,-0.003842,-0.006252,-0.006568,-0.008562,-0.002373,-0.012522,-0.004005,-0.014036,-0.008040
-0.010412,-0.005783,-0.005501,-0.003139,-0.010347,-0.006078,-0.003392,-0.003920,0.000242,-0.000338,-0.004794,-0.009887,-0.011899,-0.011626,-0.022784,-0.022190,-0.023759,-0.020957,-0.012465,-0.020651,-0.012801,-0.000373,0.010837,0.022885,0.032493,0.035492,0.049059,0.039616,0.026803,0.017058,0.010480,0.010253,0.002571,-0.003721,-0.005474,-0.007660,-0.005829,-0.000471,-0.005391,-0.006382,-0.004931,-0.000843,0.000434,0.004517,0.002676,0.003048,0.001331,0.001918,0.000309,-0.004197,-0.001172,-0.000447,-0.006546,-0.011637,-0.006189,-0.006474,-0.011951,-0.004992,-0.013577,-0.005611
-0.006979,-0.000324,-0.003297,-0.002607,-0.009200,-0.001940,-0.005926,-0.001124,0.001223,-0.001193,-0.005137,-0.007843,-0.008128,-0.012866,-0.023628,-0.025973,-0.027563,-0.029167,-0.018685,-0.024672,-0.016230,-0.010437,-0.002766,0.012075,0.021037,0.026126,0.039616,0.050688,0.041716,0.028966,0.015695,0.014878,0.006517,-0.002244,-0.007780,-0.006859,-0.006846,0.003292,-0.000978,-0.006765,-0.005407,0.001207,0.005162,0.005944,0.005218,0.004214,0.000768,0.005179,0.003028,-0.004147,0.000731,0.000076,-0.007169,-0.009213,-0.008704,-0.007960,-0.013047,-0.006358,-0.011398,-0.005197
-0.003031,0.002356,-0.002349,-0.001267,-0.012568,-0.004577,-0.011367,-0.001971,-0.000583,-0.004187,-0.009289,-0.009936,-0.008548,-0.011595,-0.024849,-0.028230,-0.030381,-0.029329,-0.022415,-0.026067,-0.020229,-0.019953,-0.017481,0.001407,0.007009,0.012999,0.026803,0.041716,0.049519,0.035706,0.018338,0.017684,0.012109,0.002454,0.000429,-0.000747,-0.002784,0.004314,-0.001175,-0.003818,-0.002209,0.004001,0.004738,0.004850,0.004335,0.004711,0.001160,0.005932,0.001340,-0.003831,-0.000556,0.001111,-0.006779,-0.008725,-0.005510,-0.005537,-0.011986,-0.005907,-0.005806,-0.003375
0.002465,0.003433,-0.000016,-0.000635,-0.007516,0.002069,-0.003630,0.005283,0.002778,-0.000900,-0.005031,-0.007113,-0.001604,-0.005072,-0.011381,-0.013201,-0.019380,-0.017341,-0.015837,-0.017539,-0.012904,-0.010706,-0.012739,0.001694,0.002433,0.007776,0.017058,0.028966,0.035706,0.043390,0.023118,0.022006,0.012693,0.003509,0.000710,-0.003302,-0.007059,0.000789,-0.004725,-0.000728,0.006503,0.012015,0.009077,0.006892,0.007068,0.009359,0.005815,0.011767,0.009174,0.000608,0.000626,0.002509,-0.002321,-0.012111,-0.007879,-0.002244,-0.007917,-0.000685,-0.001811,-0.003523
-0.001564,0.003441,-0.000666,-0.001635,-0.008730,0.001506,-0.000680,0.005886,0.005267,0.003080,0.000224,-0.002320,-0.003116,-0.010912,-0.016135,-0.014758,-0.021436,-0.016224,-0.019411,-0.025099,-0.019768,-0.015487,-0.022740,-0.015300,-0.007244,0.000667,0.010480,0.015695,0.018338,0.023118,0.038018,0.026919,0.020131,0.014270,0.017239,0.017376,0.010685,0.013104,0.010512,0.014799,0.015553,0.015025,0.012517,0.008151,0.008489,0.009058,0.006383,0.011928,0.009071,0.007976,-0.001194,-0.000431,0.002964,-0.005520,-0.000946,0.000882,-0.005819,-0.000190,0.001077,-0.002342
0.003303,0.000006,-0.000516,-0.001438,-0.008011,-0.006068,-0.006252,0.000070,0.001709,-0.001009,-0.003764,-0.005051,-0.006134,-0.010561,-0.016558,-0.013231,-0.015768,-0.013195,-0.013141,-0.024450,-0.019365,-0.015401,-0.015087,-0.006772,-0.003226,0.000207,0.010253,0.014878,0.017684,0.022006,0.026919,0.035400,0.023396,0.017793,0.012075,0.014824,0.006552,0.006359,0.006283,0.008008,0.009477,0.013807,0.010007,0.008495,0.008315,0.007453,0.004555,0.011870,0.008895,0.001322,0.000607,0.001143,-0.002727,-0.006623,-0.001470,-0.003351,-0.002019,-0.001428,-0.000433,-0.002119
-0.000379,-0.003173,-0.001582,-0.000711,-0.009234,-0.003760,-0.003950,0.000169,0.001373,0.000803,-0.001782,-0.003207,-0.005744,-0.008916,-0.017397,-0.013638,-0.017760,-0.009128,-0.007012,-0.012251,-0.011988,-0.010412,-0.017928,-0.009919,-0.008055,-0.004235,0.002571,0.006517,0.012109,0.012693,0.020131,0.023396,0.031544,0.020584,0.017342,0.015075,0.009660,0.008145,0.011366,0.013875,0.009958,0.009669,0.004795,0.004886,0.004746,0.002851,-0.001225,0.003735,0.001510,0.000409,-0.001265,-0.000725,-0.001818,0.002395,-0.000153,-0.000071,-0.004054,-0.005757,-0.002253,-0.001633
-0.003831,-0.001186,-0.000770,-0.000764,-0.004944,-0.003952,-0.005674,-0.003583,-0.004543,-0.007038,-0.007843,-0.009736,-0.010444,-0.011155,-0.013922,-0.008436,-0.007257,-0.003221,-0.004622,-0.014030,-0.012550,-0.009551,-0.014312,-0.010684,-0.012490,-0.010705,-0.003721,-0.002244,0.002454,0.003509,0.014270,0.017793,0.020584,0.030092,0.027544,0.024410,0.018223,0.010892,0.012396,0.012599,0.013206,0.008633,0.007800,0.005992,0.005831,0.002424,0.000952,0.001653,0.000898,0.002339,-0.000616,-0.002078,-0.002791,-0.000711,0.001785,-0.000313,-0.001815,-0.005581,0.003373,0.002621
-0.001248,0.001160,-0.000230,0.000440,-0.006605,0.000416,-0.001682,0.002229,0.003236,-0.002958,-0.007579,-0.013577,-0.009695,-0.008753,-0.009272,-0.004768,-0.010590,-0.003202,-0.011896,-0.017498,-0.013921,-0.013268,-0.023281,-0.015126,-0.014521,-0.015786,-0.005474,-0.007780,0.000429,0.000710,0.017239,0.012075,0.017342,0.027544,0.045615,0.041819,0.034457,0.018795,0.016887,0.019217,0.019236,0.011822,0.009049,0.006700,0.001581,0.001546,-0.001167,-0.002528,0.000407,0.003735,-0.005456,-0.000436,0.001411,0.001632,0.003453,0.005222,0.001055,-0.002127,0.011630,0.007712
0.003256,0.002135,0.001008,0.000209,-0.003832,-0.001326,-0.002755,0.004151,0.003180,-0.004826,-0.007638,-0.012853,-0.010317,-0.005893,-0.008425,-0.004194,-0.011765,-0.005395,-0.012642,-0.016553,-0.013005,-0.014701,-0.020636,-0.016471,-0.013966,-0.019421,-0.007660,-0.006859,-0.000747,-0.003302,0.017376,0.014824,0.015075,0.024410,0.041819,0.053859,0.042731,0.023070,0.019954,0.021621,0.020238,0.018185,0.014555,0.009647,0.004109,0.004482,0.000639,0.000963,0.005868,0.001441,-0.003231,0.000899,0.002748,0.009370,0.008831,0.004139,0.008581,0.004292,0.015494,0.009721
0.001476,0.001395,-0.000815,-0.000199,-0.005914,-0.003580,-0.004012,0.002991,0.002764,-0.000873,-0.005039,-0.012524,-0.010843,-0.008001,-0.006834,-0.003321,-0.006347,-0.000787,-0.007948,-0.010898,-0.006854,-0.006734,-0.017472,-0.014585,-0.012343,-0.018111,-0.005829,-0.006846,-0.002784,-0.007059,0.010685,0.006552,0.009660,0.018223,0.034457,0.042731,0.048294,0.023054,0.015940,0.021772,0.020558,0.015152,0.011931,0.009581,0.004648,0.004530,0.002179,0.001502,0.003312,0.001867,-0.003463,-0.000878,0.004800,0.009607,0.004871,0.003784,0.005144,0.003096,0.014080,0.008487
-0.001827,0.002964,0.000348,-0.000149,-0.003632,0.001132,-0.002134,0.003217,0.003820,0.000595,-0.002155,-0.005861,-0.004404,-0.005586,-0.005680,-0.003999,-0.003637,-0.003765,-0.005536,-0.005964,-0.003161,-0.005247,-0.014116,-0.014091,-0.010218,-0.007749,-0.000471,0.003292,0.004314,0.000789,0.013104,0.006359,0.008145,0.010892,0.018795,0.023070,0.023054,0.021250,0.012838,0.012771,0.008277,0.003806,0.005040,0.003566,0.006177,0.003508,0.000638,0.000633,0.001909,0.004963,-0.002107,-0.001659,0.002460,0.006763,0.007098,0.002809,0.004224,0.002895,0.006105,0.002739
-0.002152,0.002892,0.000203,0.000995,-0.001007,0.003733,-0.000944,0.003832,0.001857,0.002563,0.002810,0.004990,0.002238,-0.003719,-0.005767,-0.002773,-0.007034,-0.004358,-0.003971,-0.003289,-0.003875,-0.004924,-0.012976,-0.012775,-0.008729,-0.009155,-0.005391,-0.000978,-0.001175,-0.004725,0.010512,0.006283,0.011366,0.012396,0.016887,0.019954,0.015940,0.012838,0.022825,0.020230,0.011190,0.007615,0.010294,0.005191,0.007130,0.004782,0.001771,0.002026,0.005264,0.006067,0.000150,0.000844,0.003122,0.003119,0.003845,0.004109,-0.000578,-0.002095,0.006643,0.003578
-0.000109,0.000994,0.000114,0.002262,-0.002158,0.005312,0.000163,0.006569,0.002521,0.004407,0.005471,0.001998,0.001252,-0.004257,-0.006469,-0.002642,-0.010922,-0.006169,-0.005320,-0.002668,-0.002057,-0.002993,-0.016306,-0.014532,-0.012050,-0.009006,-0.006382,-0.006765,-0.003818,-0.000728,0.014799,0.008008,0.013875,0.012599,0.019217,0.021621,0.021772,0.012771,0.020230,0.031505,0.023435,0.016463,0.015648,0.010550,0.012163,0.012395,0.005810,0.006877,0.009601,0.006722,0.000563,0.001130,0.006702,0.006504,0.004110,0.007717,-0.000019,0.004833,0.011209,0.003629
0.002040,0.003149,0.001518,0.001825,-0.000700,0.006103,0.002603,0.006871,0.001158,0.002024,0.001906,-0.002358,0.000829,-0.002907,-0.001398,0.001222,-0.007621,-0.005381,-0.010113,-0.012171,-0.009969,-0.008911,-0.016905,-0.012993,-0.013362,-0.008687,-0.004931,-0.005407,-0.002209,0.006503,0.015553,0.009477,0.009958,0.013206,0.019236,0.020238,0.020558,0.008277,0.011190,0.023435,0.028127,0.019954,0.016890,0.012784,0.009927,0.011007,0.006781,0.007303,0.008419,0.005701,0.001194,0.001350,0.007940,0.004160,0.000324,0.004841,-0.001261,0.003472,0.011078,0.004268
0.004893,0.003099,0.001314,-0.000264,0.000373,0.002005,-0.002359,0.005857,-0.003392,-0.003135,-0.003229,-0.002238,-0.002112,-0.004578,-0.009057,-0.008374,-0.017271,-0.013630,-0.011432,-0.010474,-0.008994,-0.008026,-0.010571,-0.005853,-0.008514,-0.008841,-0.000843,0.001207,0.004001,0.012015,0.015025,0.013807,0.009669,0.008633,0.011822,0.018185,0.015152,0.003806,0.007615,0.016463,0.019954,0.030017,0.023228,0.011486,0.006800,0.010353,0.007870,0.010187,0.010579,0.002151,0.003030,0.003737,0.007728,-0.000298,-0.001375,0.001119,0.002094,0.004435,0.007190,0.003363
0.000226,0.001531,0.001008,0.000244,-0.000481,0.002668,-0.002041,0.006035,-0.000802,0.001864,0.003659,0.002864,0.002382,-0.006392,-0.008294,-0.009433,-0.014748,-0.013289,-0.012554,-0.011084,-0.006325,-0.004157,-0.007380,-0.005245,-0.004829,-0.003423,0.000434,0.005162,0.004738,0.009077,0.012517,0.010007,0.004795,0.007800,0.009049,0.014555,0.011931,0.005040,0.010294,0.015648,0.016890,0.023228,0.027508,0.016943,0.013648,0.013059,0.010431,0.012192,0.012211,0.005561,0.003596,0.001261,0.004876,0.000612,-0.000530,0.002425,0.000645,0.003118,0.005854,0.002918
0.000881,-0.002061,0.000482,0.001306,-0.001178,0.003052,0.001841,0.005355,0.006164,0.007587,0.009906,0.003297,0.003742,-0.003258,-0.006161,-0.006184,-0.010421,-0.007582,-0.007756,-0.008517,-0.002121,-0.002361,-0.003980,0.000702,0.001524,0.000511,0.004517,0.005944,0.004850,0.006892,0.008151,0.008495,0.004886,0.005992,0.006700,0.009647,0.009581,0.003566,0.005191,0.010550,0.012784,0.011486,0.016943,0.019840,0.015195,0.012942,0.007000,0.008704,0.008811,0.001314,0.002710,0.002211,0.001130,0.002376,0.000698,0.001143,-0.001459,0.002583,0.003013,-0.000163
-0.003177,-0.000172,0.000237,0.002066,-0.000048,0.002847,0.001255,0.009236,0.005777,0.007464,0.008240,0.004729,0.003895,-0.003950,-0.006330,-0.003825,-0.005895,-0.004380,-0.002532,0.000700,0.002488,0.002406,-0.003586,-0.003349,-0.002390,-0.000968,0.002676,0.005218,0.004335,0.007068,0.008489,0.008315,0.004746,0.005831,0.001581,0.004109,0.004648,0.006177,0.007130,0.012163,0.009927,0.006800,0.013648,0.015195,0.022792,0.017846,0.010252,0.012881,0.013729,0.008737,0.004607,0.002835,0.002319,0.002966,0.006670,0.001450,0.001265,0.004543,0.001715,-0.002694
0.000405,0.003459,0.001086,0.001958,0.003065,0.002881,0.003209,0.010120,0.007181,0.008139,0.008214,0.002829,0.001456,-0.004043,-0.004964,-0.003855,-0.009770,-0.006207,-0.002366,-0.001491,-0.003193,-0.003277,-0.005712,-0.004462,-0.002189,-0.001150,0.003048,0.004214,0.004711,0.009359,0.009058,0.007453,0.002851,0.002424,0.001546,0.004482,0.004530,0.003508,0.004782,0.012395,0.011007,0.010353,0.013059,0.012942,0.017846,0.021746,0.012477,0.015291,0.016762,0.007263,0.002313,0.002260,0.003552,0.000212,0.005850,0.000805,0.003059,0.008589,0.004590,-0.000262
-0.001615,0.002406,0.000303,0.000266,0.000762,-0.000985,-0.000465,0.004763,0.001464,0.003907,0.003888,0.003667,0.001548,-0.003462,-0.001839,-0.002110,-0.001794,0.000220,-0.000947,-0.001055,-0.002627,0.001051,-0.000313,-0.004322,-0.001332,-0.000804,0.001331,0.000768,0.001160,0.005815,0.006383,0.004555,-0.001225,0.000952,-0.001167,0.000639,0.002179,0.000638,0.001771,0.005810,0.006781,0.007870,0.010431,0.007000,0.010252,0.012477,0.012300,0.012315,0.012217,0.008114,0.001359,-0.000702,0.002972,-0.002782,0.002718,0.000440,0.002621,0.004820,0.001547,-0.000696
0.000460,0.003903,0.001973,0.000450,0.001765,-0.001006,0.001358,0.006954,0.003625,0.005956,0.005402,0.003993,0.000373,-0.005322,-0.005546,-0.005663,-0.008349,-0.004125,-0.003291,-0.004542,-0.005063,-0.004390,-0.005083,-0.003823,-0.001577,-0.001261,0.001918,0.005179,0.005932,0.011767,0.011928,0.011870,0.003735,0.001653,-0.002528,0.000963,0.001502,0.000633,0.002026,0.006877,0.007303,0.010187,0.012192,0.008704,0.012881,0.015291,0.012315,0.019874,0.017176,0.006619,0.002960,0.000089,0.003542,-0.002945,0.000682,0.000768,0.003876,0.005556,0.002627,0.000634
0.003467,0.004887,0.003236,0.002064,0.005147,0.001336,0.002581,0.011332,0.006727,0.006506,0.006836,0.005001,0.003149,-0.000483,-0.001004,0.000275,-0.004722,-0.001436,-0.001955,0.001178,0.000441,0.000743,-0.000754,-0.002236,-0.000417,-0.003471,0.000309,0.003028,0.001340,0.009174,0.009071,0.008895,0.001510,0.000898,0.000407,0.005868,0.003312,0.001909,0.005264,0.009601,0.008419,0.010579,0.012211,0.008811,0.013729,0.016762,0.012217,0.017176,0.023807,0.006920,0.003598,0.002551,0.003279,-0.001042,0.003191,0.000775,0.007426,0.010014,0.005230,-0.001186
-0.004206,0.004344,0.000993,0.001152,0.000510,0.002700,0.004889,0.007607,0.003612,0.006592,0.004292,0.005999,0.005922,-0.001627,0.003436,0.003807,0.006399,0.008917,0.002759,0.005956,0.003274,0.007043,-0.001926,-0.010299,-0.006505,-0.002972,-0.004197,-0.004147,-0.003831,0.000608,0.007976,0.001322,0.000409,0.002339,0.003735,0.001441,0.001867,0.004963,0.006067,0.006722,0.005701,0.002151,0.005561,0.001314,0.008737,0.007263,0.008114,0.006619,0.006920,0.019332,0.001851,0.000788,0.010814,-0.000235,0.006565,0.002874,0.001919,0.002517,0.002458,-0.000116
0.001986,0.002175,0.002436,0.001451,0.004770,0.002728,0.002059,0.002299,-0.001088,0.000932,0.003263,0.003698,0.003794,0.002753,-0.000151,-0.000131,-0.000288,-0.001373,0.000834,0.003528,0.004439,0.002763,0.003009,0.002016,-0.001248,-0.001644,-0.001172,0.000731,-0.000556,0.000626,-0.001194,0.000607,-0.001265,-0.000616,-0.005456,-0.003231,-0.003463,-0.002107,0.000150,0.000563,0.001194,0.003030,0.003596,0.002710,0.004607,0.002313,0.001359,0.002960,0.003598,0.001851,0.005889,0.003763,0.003910,0.001532,0.001464,-0.000898,0.001885,0.002812,0.001439,0.000443
0.006016,0.004638,0.003411,0.001970,0.004295,0.003683,0.003143,0.006669,0.004578,0.004400,0.004712,0.005879,0.004589,0.005028,0.000769,0.001731,-0.002354,-0.002966,-0.001138,0.004769,0.004331,0.001403,0.000965,0.003257,-0.002246,-0.003842,-0.000447,0.000076,0.001111,0.002509,-0.000431,0.001143,-0.000725,-0.002078,-0.000436,0.000899,-0.000878,-0.001659,0.000844,0.001130,0.001350,0.003737,0.001261,0.002211,0.002835,0.002260,-0.000702,0.000089,0.002551,0.000788,0.003763,0.009868,0.005359,0.000486,0.004195,0.001430,0.000412,0.002173,0.002117,-0.000237
0.002202,0.009014,0.004599,0.002422,0.007925,0.007281,0.008726,0.007448,0.002089,0.007729,0.007195,0.008926,0.007205,0.005015,0.005599,0.006425,0.001097,0.003308,0.004372,0.007427,0.004459,0.003656,-0.000775,-0.004923,-0.006094,-0.006252,-0.006546,-0.007169,-0.006779,-0.002321,0.002964,-0.002727,-0.001818,-0.002791,0.001411,0.002748,0.004800,0.002460,0.003122,0.006702,0.007940,0.007728,0.004876,0.001130,0.002319,0.003552,0.002972,0.003542,0.003279,0.010814,0.003910,0.005359,0.020194,0.005974,0.005763,0.005688,0.003040,0.006614,0.006481,0.003931
0.003250,0.001115,0.003128,0.002065,0.004924,0.003689,0.003874,0.006020,0.003603,0.005250,0.007236,0.004445,0.004080,0.004422,0.004913,0.005015,0.002917,0.000259,0.000930,0.007779,0.007913,0.003964,-0.000688,-0.005908,-0.007551,-0.006568,-0.011637,-0.009213,-0.008725,-0.012111,-0.005520,-0.006623,0.002395,-0.000711,0.001632,0.009370,0.009607,0.006763,0.003119,0.006504,0.004160,-0.000298,0.000612,0.002376,0.002966,0.000212,-0.002782,-0.002945,-0.001042,-0.000235,0.001532,0.000486,0.005974,0.023617,0.010254,0.005138,0.008565,0.007582,0.003447,0.002479
0.003399,0.006534,0.004005,0.002525,0.006662,0.000630,0.003884,0.006598,0.006037,0.006255,0.006123,0.007111,0.003318,0.004199,0.002444,0.005314,0.006097,0.006291,0.004924,0.010931,0.005920,0.001601,-0.000746,-0.007198,-0.008333,-0.008562,-0.006189,-0.008704,-0.005510,-0.007879,-0.000946,-0.001470,-0.000153,0.001785,0.003453,0.008831,0.004871,0.007098,0.003845,0.004110,0.000324,-0.001375,-0.000530,0.000698,0.006670,0.005850,0.002718,0.000682,0.003191,0.006565,0.001464,0.004195,0.005763,0.010254,0.019256,0.002851,0.010545,0.008937,0.002795,0.001073
-0.000981,0.000676,0.001350,0.001889,0.001506,0.003931,0.003694,0.004394,0.003056,0.003611,0.004884,0.003325,0.003529,0.001767,0.004020,0.004082,0.002100,0.003627,0.002674,0.007258,0.006987,0.006498,-0.000717,-0.002148,-0.002361,-0.002373,-0.006474,-0.007960,-0.005537,-0.002244,0.000882,-0.003351,-0.000071,-0.000313,0.005222,0.004139,0.003784,0.002809,0.004109,0.007717,0.004841,0.001119,0.002425,0.001143,0.001450,0.000805,0.000440,0.000768,0.000775,0.002874,-0.000898,0.001430,0.005688,0.005138,0.002851,0.011632,-0.000199,0.003416,0.005917,0.002672
0.009594,0.004284,0.005861,0.002275,0.008005,-0.000691,0.003453,0.005935,0.003528,0.002041,0.003615,0.001991,0.001634,0.007602,0.009467,0.008761,0.010597,0.010019,0.004228,0.006606,0.005766,-0.000831,0.002989,-0.004302,-0.007233,-0.012522,-0.011951,-0.013047,-0.011986,-0.007917,-0.005819,-0.002019,-0.004054,-0.001815,0.001055,0.008581,0.005144,0.004224,-0.000578,-0.000019,-0.001261,0.002094,0.000645,-0.001459,0.001265,0.003059,0.002621,0.003876,0.007426,0.001919,0.001885,0.000412,0.003040,0.008565,0.010545,-0.000199,0.023529,0.013965,0.006950,0.005501
0.007960,0.004924,0.003435,0.003574,0.008322,0.005575,0.007297,0.008374,0.007425,0.007015,0.008867,0.002433,0.004574,0.008634,0.008809,0.008433,0.005377,0.004681,0.004779,0.008364,0.008568,0.004450,0.003907,-0.001125,-0.000419,-0.004005,-0.004992,-0.006358,-0.005907,-0.000685,-0.000190,-0.001428,-0.005757,-0.005581,-0.002127,0.004292,0.003096,0.002895,-0.002095,0.004833,0.003472,0.004435,0.003118,0.002583,0.004543,0.008589,0.004820,0.005556,0.010014,0.002517,0.002812,0.002173,0.006614,0.007582,0.008937,0.003416,0.013965,0.020388,0.008306,0.003038
0.008000,0.007071,0.005383,0.003937,0.006262,0.005400,0.002772,0.004553,0.002533,0.000988,0.001773,-0.002409,0.002051,0.003756,0.006950,0.008001,0.002888,0.002609,-0.003093,-0.001387,-0.000421,-0.004028,-0.009100,-0.008261,-0.011360,-0.014036,-0.013577,-0.011398,-0.005806,-0.001811,0.001077,-0.000433,-0.002253,0.003373,0.011630,0.015494,0.014080,0.006105,0.006643,0.011209,0.011078,0.007190,0.005854,0.003013,0.001715,0.004590,0.001547,0.002627,0.005230,0.002458,0.001439,0.002117,0.006481,0.003447,0.002795,0.005917,0.006950,0.008306,0.018614,0.010830
0.003649,0.005820,0.003718,0.002083,0.005133,0.003295,0.002786,0.000534,-0.000610,0.000593,-0.000756,-0.003075,-0.001824,0.000084,0.002547,0.002379,-0.002746,-0.001756,-0.005058,-0.005987,-0.005477,-0.005068,-0.004906,-0.002928,-0.004580,-0.008040,-0.005611,-0.005197,-0.003375,-0.003523,-0.002342,-0.002119,-0.001633,0.002621,0.007712,0.009721,0.008487,0.002739,0.003578,0.003629,0.004268,0.003363,0.002918,-0.000163,-0.002694,-0.000262,-0.000696,0.000634,-0.001186,-0.000116,0.000443,-0.000237,0.003931,0.002479,0.001073,0.002672,0.005501,0.003038,0.010830,0.012923
