0.020224,0.013890,0.007798,0.003608,0.007656,0.002267,0.007709,0.007481,0.010660,0.007637,0.008964,0.004537,0.007991,0.007962,0.009164,0.011044,0.006277,0.004652,0.003643,0.004641,0.004702,-0.001562,-0.004906,-0.002119,-0.004767,-0.008856,-0.010303,-0.008195,-0.006984,-0.001146,-0.000410,-0.003054,-0.004617,-0.002229,-0.002942,-0.000378,0.000097,-0.002289,0.000119,-0.000619,0.003573,0.003036,0.003447,0.001879,0.008617,0.005160,0.002013,0.001181,0.006582,0.003323,0.004746,0.005648,0.002377,0.004362,0.006958,0.001327,0.009921,0.007953,0.009657,0.004844
0.013890,0.019298,0.009196,0.005588,0.010761,0.007899,0.006421,0.007676,0.009936,0.006746,0.007402,0.007714,0.008145,0.006325,0.006933,0.008595,0.003382,-0.001130,0.001747,0.001856,0.001108,-0.007931,-0.009573,-0.004008,-0.006899,-0.011824,-0.013637,-0.006654,-0.001433,0.001759,0.000219,-0.004085,-0.005642,0.000045,0.000195,0.000577,0.001138,-0.000138,0.002120,-0.000109,0.004189,0.003836,0.001791,0.001671,0.008689,0.004862,0.002376,0.000540,0.004360,0.001340,0.004476,0.006579,0.006576,0.005683,0.006786,0.005757,0.005017,0.005217,0.008938,0.007026
0.007798,0.009196,0.008379,0.004412,0.005944,0.003479,0.003489,0.004974,0.006798,0.005102,0.007017,0.005373,0.006172,0.005091,0.004677,0.006371,0.004304,-0.000315,0.000740,0.001033,0.000747,-0.003083,-0.004349,-0.002772,-0.005091,-0.005183,-0.006360,-0.005968,-0.003505,-0.001021,-0.000376,-0.003293,-0.003136,-0.001213,-0.002503,-0.001249,-0.001477,-0.000192,0.000586,0.000961,0.003541,0.003215,0.003809,0.002405,0.005500,0.002564,0.002592,0.002195,0.003863,0.001591,0.003773,0.003288,0.002627,0.004433,0.001776,0.004351,0.005172,0.002961,0.006725,0.004760
0.003608,0.005588,0.004412,0.005525,0.006475,0.005879,0.004374,0.004598,0.005036,0.004198,0.005362,0.007105,0.006904,0.005866,0.004668,0.007030,0.003718,0.001157,0.002111,0.003594,0.002001,-0.001284,-0.004193,-0.002591,-0.002962,-0.003708,-0.004839,-0.002817,-0.001096,-0.000702,-0.000727,-0.003843,-0.003984,-0.002505,-0.000615,-0.000256,0.000147,-0.000072,0.001285,0.001625,0.003342,0.000744,0.002556,0.001187,0.003420,0.001205,0.000572,0.000384,0.003302,0.000386,0.001777,0.002196,0.002869,0.003960,0.001435,0.004461,0.001353,0.003225,0.005555,0.003337
0.007656,0.010761,0.005944,0.006475,0.020435,0.012426,0.013575,0.008255,0.007352,0.006876,0.010301,0.010208,0.011995,0.010695,0.012502,0.014406,0.008758,0.007490,0.011312,0.009295,0.005707,0.004041,0.004683,0.007284,0.005551,-0.000892,-0.004532,-0.002159,-0.006904,-0.005018,-0.007639,-0.010656,-0.010769,-0.011098,-0.004949,-0.003177,-0.003199,-0.005691,-0.000277,-0.004301,0.002954,0.001085,0.003439,0.002779,0.004377,0.002311,0.001264,0.001756,0.007335,0.000514,0.003181,0.004024,0.008925,0.006580,-0.000188,0.003855,0.002936,0.005615,0.007205,0.004121
0.002267,0.007899,0.003479,0.005879,0.012426,0.019605,0.012101,0.011660,0.009931,0.009283,0.009429,0.012718,0.012148,0.008917,0.004719,0.008892,0.004325,0.000589,0.005979,0.006282,0.004696,-0.000149,-0.003422,0.002870,0.002620,-0.001615,-0.003525,0.002447,0.002679,0.004598,0.003268,-0.004211,-0.004870,-0.001229,0.001771,0.001802,0.002279,0.002027,0.003712,0.003839,0.008274,0.003155,0.005066,0.005162,0.006546,0.005224,0.001775,0.003874,0.005199,-0.002819,0.003744,0.004597,0.005970,0.007003,0.002018,0.006931,-0.002300,0.004592,0.004537,0.001612
0.007709,0.006421,0.003489,0.004374,0.013575,0.012101,0.022236,0.013021,0.012185,0.012449,0.013402,0.008960,0.012884,0.012208,0.014691,0.017055,0.015472,0.016603,0.016723,0.016131,0.009524,0.003193,0.000469,0.001587,0.003177,-0.002276,-0.008442,-0.006805,-0.008626,-0.005996,-0.007643,-0.015038,-0.007504,-0.005983,0.001946,0.000469,0.000040,-0.004817,-0.001412,-0.002764,0.004589,-0.002057,0.002703,0.000463,0.001615,0.001416,-0.001259,0.002987,0.005282,0.002567,0.002016,0.003091,0.008341,0.007566,0.001912,0.005381,0.002650,0.005503,0.007646,0.001391
0.007481,0.007676,0.004974,0.004598,0.008255,0.011660,0.013021,0.020947,0.018796,0.015569,0.011359,0.007756,0.007991,0.007745,0.007995,0.009201,0.003901,-0.000952,0.000122,0.006191,0.003538,-0.003038,-0.006447,-0.001640,-0.003201,-0.010138,-0.006560,-0.000152,0.002069,0.007032,0.002198,-0.005046,-0.003420,-0.001257,0.001911,0.001907,0.007060,0.005341,0.002538,0.006320,0.009642,0.005750,0.009912,0.005875,0.011317,0.011451,0.005130,0.011537,0.012625,0.005119,0.004735,0.006791,0.006445,0.010134,0.004981,0.007414,0.005913,0.006566,0.007826,0.002692
0.010660,0.009936,0.006798,0.005036,0.007352,0.009931,0.012185,0.018796,0.025783,0.019223,0.014084,0.010590,0.010834,0.007790,0.007019,0.008701,0.005705,-0.000297,-0.001449,0.007212,0.002311,-0.006274,-0.009848,-0.003348,-0.003459,-0.007836,-0.001621,0.003748,0.003934,0.006970,0.000895,-0.003120,-0.001692,-0.001649,-0.000317,0.000628,0.004870,0.001938,0.001052,0.000018,0.002844,0.000067,0.004450,0.002103,0.008732,0.007407,0.001170,0.010129,0.011585,0.003841,0.003531,0.007123,0.004611,0.006837,0.002746,0.006138,0.007159,0.005814,0.005856,0.001545
0.007637,0.006746,0.005102,0.004198,0.006876,0.009283,0.012449,0.015569,0.019223,0.023386,0.021075,0.014837,0.012852,0.006734,0.005311,0.007034,0.002928,-0.000012,0.000364,0.005686,0.003041,0.000927,-0.003941,-0.001683,0.001127,-0.002407,-0.000824,0.002071,0.001459,0.003387,0.001412,-0.001409,-0.000413,-0.001735,-0.000121,0.000574,0.007079,0.003465,0.004643,0.006015,0.005924,0.000911,0.010351,0.008387,0.013160,0.011656,0.005021,0.011396,0.011453,0.005633,0.003104,0.005700,0.007107,0.008404,0.002569,0.005613,0.002812,0.006278,0.005596,0.001242
0.008964,0.007402,0.007017,0.005362,0.010301,0.009429,0.013402,0.011359,0.014084,0.021075,0.027339,0.020644,0.018905,0.010278,0.008010,0.010412,0.007242,0.004647,0.007668,0.008722,0.005056,0.005184,0.000442,-0.000541,0.002977,0.001707,-0.001106,-0.001662,-0.004711,-0.003253,-0.001237,-0.004336,-0.004655,-0.008167,-0.009299,-0.005799,0.000527,-0.000123,0.005114,0.004245,0.004530,-0.000885,0.009682,0.009292,0.010788,0.008721,0.003658,0.007113,0.007096,0.003584,0.003337,0.004167,0.009865,0.011416,0.003726,0.006863,0.001594,0.005045,0.006395,0.002188
0.004537,0.007714,0.005373,0.007105,0.010208,0.012718,0.008960,0.007756,0.010590,0.014837,0.020644,0.038134,0.027050,0.015589,0.010651,0.016330,0.011271,0.011245,0.009655,0.014794,0.003416,0.002581,-0.005501,-0.004540,-0.001075,-0.005434,-0.007171,-0.003737,-0.000542,-0.001377,0.000327,-0.003308,-0.009874,-0.014292,-0.018664,-0.014103,-0.010558,-0.003589,0.008540,-0.000114,0.000497,-0.002456,0.001418,0.004438,0.007243,0.003620,0.003480,0.005064,0.007621,0.002775,0.001957,0.003028,0.007613,0.006531,0.006201,0.004114,-0.005194,-0.001105,0.001357,0.001304
0.007991,0.008145,0.006172,0.006904,0.011995,0.012148,0.012884,0.007991,0.010834,0.012852,0.018905,0.027050,0.029203,0.019930,0.017064,0.020315,0.019427,0.015969,0.015483,0.018178,0.012612,0.006975,-0.000000,-0.004163,-0.002857,-0.003459,-0.006586,-0.006674,-0.004408,-0.004374,-0.008192,-0.009578,-0.011402,-0.014223,-0.014985,-0.010429,-0.009515,-0.006447,0.002076,-0.005328,-0.000629,-0.004310,0.001422,0.002725,0.004541,-0.000179,0.000053,0.001940,0.003658,0.001076,0.004252,0.003565,0.008673,0.010873,0.004628,0.005836,0.002478,0.003863,0.005752,0.002172
0.007962,0.006325,0.005091,0.005866,0.010695,0.008917,0.012208,0.007745,0.007790,0.006734,0.010278,0.015589,0.019930,0.023111,0.023662,0.026425,0.026176,0.022226,0.019528,0.023235,0.017193,0.011657,0.006064,0.002187,-0.000747,-0.004459,-0.008894,-0.011894,-0.010472,-0.008465,-0.013242,-0.016110,-0.015061,-0.015152,-0.014914,-0.010403,-0.010398,-0.008181,-0.002905,-0.007208,-0.000757,-0.005078,0.000426,-0.001082,0.001534,-0.001732,-0.000885,-0.000497,0.003555,-0.000227,0.004053,0.002571,0.005325,0.013606,0.004989,0.005668,0.006621,0.006515,0.004881,0.003425
0.009164,0.006933,0.004677,0.004668,0.012502,0.004719,0.014691,0.007995,0.007019,0.005311,0.008010,0.010651,0.017064,0.023662,0.035491,0.036822,0.038307,0.034925,0.024410,0.023807,0.015279,0.012392,0.007760,0.000950,-0.003017,-0.009588,-0.017030,-0.018681,-0.017640,-0.012491,-0.019316,-0.021745,-0.020254,-0.018161,-0.014652,-0.012818,-0.008850,-0.011380,-0.007850,-0.012131,-0.002476,-0.010023,-0.003330,-0.004506,-0.003390,-0.004451,-0.002518,-0.003219,0.003020,0.000259,0.000237,-0.000031,0.004662,0.011578,0.001932,0.004111,0.008004,0.004289,0.007163,0.003729
0.011044,0.008595,0.006371,0.007030,0.014406,0.008892,0.017055,0.009201,0.008701,0.007034,0.010412,0.016330,0.020315,0.026425,0.036822,0.048025,0.050442,0.045453,0.031810,0.030962,0.019825,0.017129,0.006275,-0.000135,-0.002615,-0.008851,-0.021755,-0.025314,-0.025216,-0.018016,-0.018201,-0.022396,-0.022378,-0.016445,-0.013506,-0.010505,-0.006683,-0.008926,-0.005794,-0.007862,0.002373,-0.010458,-0.004688,-0.005934,-0.000541,-0.003887,-0.001394,-0.002244,0.004140,0.000908,0.000713,0.000405,0.005239,0.012428,0.004678,0.006848,0.006628,0.004895,0.010087,0.004298
0.006277,0.003382,0.004304,0.003718,0.008758,0.004325,0.015472,0.003901,0.005705,0.002928,0.007242,0.011271,0.019427,0.026176,0.038307,0.050442,0.068991,0.059816,0.041067,0.034895,0.026136,0.021263,0.013647,0.003338,0.001489,-0.003042,-0.019566,-0.027174,-0.026760,-0.023877,-0.025861,-0.022490,-0.020970,-0.013512,-0.013006,-0.006641,-0.005663,-0.009555,-0.009264,-0.015668,-0.005189,-0.018259,-0.014903,-0.012068,-0.010624,-0.012518,-0.006714,-0.006635,-0.005608,-0.004401,-0.001409,-0.003968,0.002352,0.011323,0.003314,0.007623,0.009456,0.002930,0.008639,0.001714
0.004652,-0.001130,-0.000315,0.001157,0.007490,0.000589,0.016603,-0.000952,-0.000297,-0.000012,0.004647,0.011245,0.015969,0.022226,0.034925,0.045453,0.059816,0.067830,0.047188,0.045011,0.033532,0.032468,0.020790,0.008434,0.005540,-0.001586,-0.019724,-0.030627,-0.030068,-0.022771,-0.024878,-0.022085,-0.019595,-0.017391,-0.012329,-0.011998,-0.011434,-0.014903,-0.009051,-0.016711,-0.007631,-0.017730,-0.015302,-0.012482,-0.013237,-0.013449,-0.007284,-0.007147,-0.005777,0.000374,-0.004246,-0.005187,0.002938,0.002100,0.000087,0.003390,0.003041,0.000872,0.004345,-0.000376
0.003643,0.001747,0.000740,0.002111,0.011312,0.005979,0.016723,0.000122,-0.001449,0.000364,0.007668,0.009655,0.015483,0.019528,0.024410,0.031810,0.041067,0.047188,0.051443,0.049782,0.036731,0.028447,0.019861,0.012209,0.008347,0.002430,-0.010740,-0.021103,-0.019786,-0.018320,-0.023223,-0.020214,-0.015188,-0.011859,-0.012455,-0.011861,-0.012248,-0.012201,-0.002736,-0.010999,-0.006008,-0.011349,-0.008403,-0.009087,-0.008104,-0.007357,-0.004818,-0.004114,-0.004488,0.000577,0.001920,-0.000694,0.008322,0.009569,0.003648,0.008028,0.000877,0.005132,0.003659,0.000042
0.004641,0.001856,0.001033,0.003594,0.009295,0.006282,0.016131,0.006191,0.007212,0.005686,0.008722,0.014794,0.018178,0.023235,0.023807,0.030962,0.034895,0.045011,0.049782,0.076404,0.055103,0.044977,0.025939,0.017832,0.007784,-0.004459,-0.006661,-0.023606,-0.023615,-0.027573,-0.037979,-0.034576,-0.020952,-0.020635,-0.017923,-0.021551,-0.018210,-0.011945,-0.001318,-0.009654,-0.012876,-0.013816,-0.007089,-0.015554,-0.005587,-0.008023,-0.008053,-0.003851,-0.001962,0.004747,0.004360,0.004480,0.006999,0.012989,0.005178,0.009709,0.001958,0.005661,-0.000048,0.000640
0.004702,0.001108,0.000747,0.002001,0.005707,0.004696,0.009524,0.003538,0.002311,0.003041,0.005056,0.003416,0.012612,0.017193,0.015279,0.019825,0.026136,0.033532,0.036731,0.055103,0.055008,0.045036,0.029290,0.018729,0.006046,0.000946,-0.003307,-0.019480,-0.018382,-0.018899,-0.027394,-0.019477,-0.012697,-0.011996,-0.008059,-0.011801,-0.011721,-0.008377,-0.000904,-0.006488,-0.008378,-0.007912,-0.003635,-0.009721,-0.002795,-0.005647,-0.005798,-0.003601,-0.004802,0.002485,0.006804,0.005152,0.006880,0.011041,0.004140,0.007808,0.005909,0.011308,0.000988,0.001739
-0.001562,-0.007931,-0.003083,-0.001284,0.004041,-0.000149,0.003193,-0.003038,-0.006274,0.000927,0.005184,0.002581,0.006975,0.011657,0.012392,0.017129,0.021263,0.032468,0.028447,0.044977,0.045036,0.062568,0.050027,0.034043,0.024214,0.017911,0.014302,-0.006020,-0.018815,-0.021960,-0.026763,-0.020177,-0.017294,-0.024841,-0.019181,-0.020211,-0.016410,-0.011450,-0.005565,-0.009000,-0.012118,-0.012255,-0.004857,-0.007877,-0.006960,-0.008455,-0.005792,-0.007032,-0.007264,0.001501,0.000121,-0.000278,0.003356,0.001472,-0.006524,-0.000397,-0.003284,0.002313,-0.005671,-0.001454
-0.004906,-0.009573,-0.004349,-0.004193,0.004683,-0.003422,0.000469,-0.006447,-0.009848,-0.003941,0.000442,-0.005501,-0.000000,0.006064,0.007760,0.006275,0.013647,0.020790,0.019861,0.025939,0.029290,0.050027,0.055351,0.042076,0.033086,0.025746,0.023020,0.006189,-0.010280,-0.015851,-0.023546,-0.015705,-0.013630,-0.025187,-0.021096,-0.018022,-0.018279,-0.017304,-0.011201,-0.018780,-0.016432,-0.010230,-0.009595,-0.006178,-0.012092,-0.010286,-0.006551,-0.008984,-0.010702,-0.003507,-0.002932,-0.002562,0.001618,-0.001925,-0.010688,-0.004257,-0.003133,0.000147,-0.009600,-0.003710
-0.002119,-0.004008,-0.002772,-0.002591,0.007284,0.002870,0.001587,-0.001640,-0.003348,-0.001683,-0.000541,-0.004540,-0.004163,0.002187,0.000950,-0.000135,0.003338,0.008434,0.012209,0.017832,0.018729,0.034043,0.042076,0.047173,0.038679,0.025957,0.024008,0.015949,0.000995,-0.004696,-0.014184,-0.008064,-0.007472,-0.014339,-0.014317,-0.013003,-0.013767,-0.014909,-0.008446,-0.015501,-0.013142,-0.005782,-0.005885,-0.002437,-0.004356,-0.002923,-0.005241,-0.005795,-0.003664,-0.006313,-0.001690,-0.000603,-0.002665,-0.007250,-0.012276,-0.005727,-0.004799,0.000182,-0.008764,-0.005509
-0.004767,-0.006899,-0.005091,-0.002962,0.005551,0.002620,0.003177,-0.003201,-0.003459,0.001127,0.002977,-0.001075,-0.002857,-0.000747,-0.003017,-0.002615,0.001489,0.005540,0.008347,0.007784,0.006046,0.024214,0.033086,0.038679,0.042356,0.032633,0.028195,0.022482,0.004440,-0.004039,-0.008938,-0.005348,-0.005419,-0.013658,-0.011843,-0.006902,-0.008441,-0.010740,-0.004817,-0.011668,-0.011744,-0.007263,-0.004986,-0.002044,-0.004208,-0.001673,-0.004024,-0.002378,-0.001454,-0.005619,-0.004473,-0.004406,-0.001524,-0.008560,-0.011910,-0.007064,-0.006836,-0.001661,-0.008814,-0.007002
-0.008856,-0.011824,-0.005183,-0.003708,-0.000892,-0.001615,-0.002276,-0.010138,-0.007836,-0.002407,0.001707,-0.005434,-0.003459,-0.004459,-0.009588,-0.008851,-0.003042,-0.001586,0.002430,-0.004459,0.000946,0.017911,0.025746,0.025957,0.032633,0.048641,0.042034,0.027533,0.008121,0.002457,-0.001835,0.005246,0.001577,-0.010625,-0.010771,-0.011222,-0.012740,-0.012115,-0.003951,-0.008795,-0.008441,-0.007878,-0.005388,-0.000144,-0.004416,-0.001550,-0.005559,-0.005102,-0.008427,-0.003880,-0.004874,-0.004399,-0.001837,-0.012390,-0.013188,-0.009926,-0.009443,-0.004613,-0.014480,-0.009698
-0.010303,-0.013637,-0.006360,-0.004839,-0.004532,-0.003525,-0.008442,-0.006560,-0.001621,-0.000824,-0.001106,-0.007171,-0.006586,-0.008894,-0.017030,-0.021755,-0.019566,-0.019724,-0.010740,-0.006661,-0.003307,0.014302,0.023020,0.024008,0.028195,0.042034,0.056632,0.043282,0.021823,0.012538,0.001003,0.007777,0.005156,-0.014916,-0.017597,-0.016934,-0.013892,-0.006998,-0.002854,-0.007939,-0.013311,-0.007762,-0.004003,-0.001168,-0.004340,-0.000599,-0.006025,-0.001670,-0.005721,-0.003716,-0.003120,-0.001797,-0.004964,-0.009678,-0.010508,-0.011121,-0.006458,-0.004915,-0.020200,-0.010677
-0.008195,-0.006654,-0.005968,-0.002817,-0.002159,0.002447,-0.006805,-0.000152,0.003748,0.002071,-0.001662,-0.003737,-0.006674,-0.011894,-0.018681,-0.025314,-0.027174,-0.030627,-0.021103,-0.023606,-0.019480,-0.006020,0.006189,0.015949,0.022482,0.027533,0.043282,0.053410,0.036883,0.024788,0.011851,0.015437,0.009516,-0.002506,-0.007748,-0.003456,-0.001642,-0.001758,0.000144,-0.004714,-0.005849,-0.001765,-0.001987,0.004949,0.000949,0.002780,-0.002920,0.001639,-0.000277,-0.005435,-0.002131,-0.000497,-0.003185,-0.012445,-0.010143,-0.010842,-0.011497,-0.006965,-0.012042,-0.009815
-0.006984,-0.001433,-0.003505,-0.001096,-0.006904,0.002679,-0.008626,0.002069,0.003934,0.001459,-0.004711,-0.000542,-0.004408,-0.010472,-0.017640,-0.025216,-0.026760,-0.030068,-0.019786,-0.023615,-0.018382,-0.018815,-0.010280,0.000995,0.004440,0.008121,0.021823,0.036883,0.043555,0.034512,0.019098,0.020346,0.012900,0.010169,0.002810,0.002752,0.002881,0.003062,0.004068,-0.000069,-0.001260,0.004051,0.000374,0.007120,0.004359,0.007795,0.002009,0.004394,0.001554,-0.001796,0.000063,0.001334,-0.003994,-0.009275,-0.002517,-0.004312,-0.006841,-0.001973,-0.004837,-0.004235
-0.001146,0.001759,-0.001021,-0.000702,-0.005018,0.004598,-0.005996,0.007032,0.006970,0.003387,-0.003253,-0.001377,-0.004374,-0.008465,-0.012491,-0.018016,-0.023877,-0.022771,-0.018320,-0.027573,-0.018899,-0.021960,-0.015851,-0.004696,-0.004039,0.002457,0.012538,0.024788,0.034512,0.048633,0.034830,0.029835,0.014696,0.009316,0.003024,-0.000765,0.006084,0.004934,0.001076,0.006451,0.011948,0.014789,0.008956,0.015906,0.012677,0.018534,0.010474,0.014589,0.009663,0.002865,0.000321,0.001733,-0.000949,-0.009616,-0.001110,-0.002081,-0.003240,0.001660,-0.002947,-0.003651
-0.000410,0.000219,-0.000376,-0.000727,-0.007639,0.003268,-0.007643,0.002198,0.000895,0.001412,-0.001237,0.000327,-0.008192,-0.013242,-0.019316,-0.018201,-0.025861,-0.024878,-0.023223,-0.037979,-0.027394,-0.026763,-0.023546,-0.014184,-0.008938,-0.001835,0.001003,0.011851,0.019098,0.034830,0.047470,0.036372,0.019039,0.017992,0.011785,0.010718,0.013756,0.014282,0.006993,0.017053,0.019683,0.019094,0.009528,0.015398,0.009792,0.016622,0.013699,0.013777,0.008187,0.004275,0.000922,-0.000941,0.000714,-0.005234,0.006033,-0.001037,-0.004350,0.001669,-0.001566,-0.000460
-0.003054,-0.004085,-0.003293,-0.003843,-0.010656,-0.004211,-0.015038,-0.005046,-0.003120,-0.001409,-0.004336,-0.003308,-0.009578,-0.016110,-0.021745,-0.022396,-0.022490,-0.022085,-0.020214,-0.034576,-0.019477,-0.020177,-0.015705,-0.008064,-0.005348,0.005246,0.007777,0.015437,0.020346,0.029835,0.036372,0.044793,0.025621,0.024006,0.013070,0.013401,0.015109,0.012891,0.009361,0.011311,0.009993,0.012533,0.005320,0.014440,0.011095,0.014389,0.010537,0.010073,0.004980,0.003120,0.000892,-0.001004,-0.003016,-0.009415,0.002721,-0.005509,-0.003195,0.000081,-0.004994,-0.004645
-0.004617,-0.005642,-0.003136,-0.003984,-0.010769,-0.004870,-0.007504,-0.003420,-0.001692,-0.000413,-0.004655,-0.009874,-0.011402,-0.015061,-0.020254,-0.022378,-0.020970,-0.019595,-0.015188,-0.020952,-0.012697,-0.017294,-0.013630,-0.007472,-0.005419,0.001577,0.005156,0.009516,0.012900,0.014696,0.019039,0.025621,0.031202,0.028596,0.022241,0.018250,0.013427,0.011944,0.007718,0.011731,0.007711,0.007897,0.004270,0.008342,0.008669,0.006858,0.003169,0.005301,0.002224,0.000258,0.001672,-0.000955,-0.005185,-0.002883,0.001848,-0.002660,-0.000720,0.000669,-0.001674,-0.003619
-0.002229,0.000045,-0.001213,-0.002505,-0.011098,-0.001229,-0.005983,-0.001257,-0.001649,-0.001735,-0.008167,-0.014292,-0.014223,-0.015152,-0.018161,-0.016445,-0.013512,-0.017391,-0.011859,-0.020635,-0.011996,-0.024841,-0.025187,-0.014339,-0.013658,-0.010625,-0.014916,-0.002506,0.010169,0.009316,0.017992,0.024006,0.028596,0.045376,0.039837,0.034778,0.028773,0.019949,0.010228,0.018052,0.014639,0.010921,0.005702,0.007304,0.010329,0.008524,0.005402,0.003900,0.002118,0.000845,0.003396,0.000973,-0.005889,-0.002527,0.003227,0.002629,0.000075,0.001841,0.007765,-0.000200
-0.002942,0.000195,-0.002503,-0.000615,-0.004949,0.001771,0.001946,0.001911,-0.000317,-0.000121,-0.009299,-0.018664,-0.014985,-0.014914,-0.014652,-0.013506,-0.013006,-0.012329,-0.012455,-0.017923,-0.008059,-0.019181,-0.021096,-0.014317,-0.011843,-0.010771,-0.017597,-0.007748,0.002810,0.003024,0.011785,0.013070,0.022241,0.039837,0.054973,0.044533,0.039680,0.023093,0.010097,0.020778,0.017804,0.011448,0.005632,0.002300,0.004311,0.006145,0.003982,0.002861,0.003854,0.004211,-0.001285,0.000827,-0.001237,-0.004371,-0.001265,0.004994,0.003376,0.004941,0.011826,0.002802
-0.000378,0.000577,-0.001249,-0.000256,-0.003177,0.001802,0.000469,0.001907,0.000628,0.000574,-0.005799,-0.014103,-0.010429,-0.010403,-0.012818,-0.010505,-0.006641,-0.011998,-0.011861,-0.021551,-0.011801,-0.020211,-0.018022,-0.013003,-0.006902,-0.011222,-0.016934,-0.003456,0.002752,-0.000765,0.010718,0.013401,0.018250,0.034778,0.044533,0.052393,0.043448,0.025823,0.011051,0.018712,0.016363,0.015007,0.007456,0.004910,0.004346,0.003560,0.004756,0.004807,0.004337,-0.001075,0.000090,-0.000442,-0.000187,0.002167,0.001597,0.006494,0.007212,0.004722,0.014189,0.003859
0.000097,0.001138,-0.001477,0.000147,-0.003199,0.002279,0.000040,0.007060,0.004870,0.007079,0.000527,-0.010558,-0.009515,-0.010398,-0.008850,-0.006683,-0.005663,-0.011434,-0.012248,-0.018210,-0.011721,-0.016410,-0.018279,-0.013767,-0.008441,-0.012740,-0.013892,-0.001642,0.002881,0.006084,0.013756,0.015109,0.013427,0.028773,0.039680,0.043448,0.051397,0.031550,0.011388,0.026854,0.022102,0.015508,0.012501,0.008895,0.009080,0.012368,0.008864,0.010022,0.008350,0.002498,-0.002197,0.000239,0.003160,0.003177,0.000771,0.009029,0.005166,0.003515,0.014087,0.002167
-0.002289,-0.000138,-0.000192,-0.000072,-0.005691,0.002027,-0.004817,0.005341,0.001938,0.003465,-0.000123,-0.003589,-0.006447,-0.008181,-0.011380,-0.008926,-0.009555,-0.014903,-0.012201,-0.011945,-0.008377,-0.011450,-0.017304,-0.014909,-0.010740,-0.012115,-0.006998,-0.001758,0.003062,0.004934,0.014282,0.012891,0.011944,0.019949,0.023093,0.025823,0.031550,0.030669,0.014191,0.025742,0.016479,0.013185,0.012733,0.007266,0.009659,0.011962,0.010070,0.010731,0.008443,0.003811,0.002554,-0.000082,0.000725,0.007066,0.006915,0.008127,0.005290,0.002790,0.007100,0.002886
0.000119,0.002120,0.000586,0.001285,-0.000277,0.003712,-0.001412,0.002538,0.001052,0.004643,0.005114,0.008540,0.002076,-0.002905,-0.007850,-0.005794,-0.009264,-0.009051,-0.002736,-0.001318,-0.000904,-0.005565,-0.011201,-0.008446,-0.004817,-0.003951,-0.002854,0.000144,0.004068,0.001076,0.006993,0.009361,0.007718,0.010228,0.010097,0.011051,0.011388,0.014191,0.017466,0.015505,0.006645,0.006148,0.006971,0.004426,0.008998,0.008552,0.005499,0.005398,0.005925,0.003506,0.003124,0.002855,0.002319,0.004435,0.008172,0.003757,0.000890,0.002703,0.001707,0.001936
-0.000619,-0.000109,0.000961,0.001625,-0.004301,0.003839,-0.002764,0.006320,0.000018,0.006015,0.004245,-0.000114,-0.005328,-0.007208,-0.012131,-0.007862,-0.015668,-0.016711,-0.010999,-0.009654,-0.006488,-0.009000,-0.018780,-0.015501,-0.011668,-0.008795,-0.007939,-0.004714,-0.000069,0.006451,0.017053,0.011311,0.011731,0.018052,0.020778,0.018712,0.026854,0.025742,0.015505,0.035538,0.026813,0.018350,0.020349,0.013277,0.017181,0.017865,0.013559,0.014222,0.011706,0.005814,0.004113,0.002581,0.004332,0.009078,0.007095,0.007727,0.000766,0.004155,0.008411,0.003371
0.003573,0.004189,0.003541,0.003342,0.002954,0.008274,0.004589,0.009642,0.002844,0.005924,0.004530,0.000497,-0.000629,-0.000757,-0.002476,0.002373,-0.005189,-0.007631,-0.006008,-0.012876,-0.008378,-0.012118,-0.016432,-0.013142,-0.011744,-0.008441,-0.013311,-0.005849,-0.001260,0.011948,0.019683,0.009993,0.007711,0.014639,0.017804,0.016363,0.022102,0.016479,0.006645,0.026813,0.032937,0.021738,0.017505,0.017152,0.016914,0.018841,0.015847,0.015054,0.012304,0.005923,0.004736,0.002700,0.007284,0.008762,0.005766,0.006732,0.000344,0.005004,0.011425,0.003657
0.003036,0.003836,0.003215,0.000744,0.001085,0.003155,-0.002057,0.005750,0.000067,0.000911,-0.000885,-0.002456,-0.004310,-0.005078,-0.010023,-0.010458,-0.018259,-0.017730,-0.011349,-0.013816,-0.007912,-0.012255,-0.010230,-0.005782,-0.007263,-0.007878,-0.007762,-0.001765,0.004051,0.014789,0.019094,0.012533,0.007897,0.010921,0.011448,0.015007,0.015508,0.013185,0.006148,0.018350,0.021738,0.030068,0.018917,0.015444,0.014623,0.016467,0.015619,0.016064,0.011815,0.006373,0.005490,0.001587,0.004674,0.001131,0.002820,0.003195,0.002890,0.004366,0.006950,0.003724
0.003447,0.001791,0.003809,0.002556,0.003439,0.005066,0.002703,0.009912,0.004450,0.010351,0.009682,0.001418,0.001422,0.000426,-0.003330,-0.004688,-0.014903,-0.015302,-0.008403,-0.007089,-0.003635,-0.004857,-0.009595,-0.005885,-0.004986,-0.005388,-0.004003,-0.001987,0.000374,0.008956,0.009528,0.005320,0.004270,0.005702,0.005632,0.007456,0.012501,0.012733,0.006971,0.020349,0.017505,0.018917,0.028626,0.019912,0.021791,0.019713,0.014127,0.016851,0.016213,0.006851,0.006959,0.002988,0.004015,0.007627,0.001531,0.005051,0.004976,0.006610,0.008575,0.003197
0.001879,0.001671,0.002405,0.001187,0.002779,0.005162,0.000463,0.005875,0.002103,0.008387,0.009292,0.004438,0.002725,-0.001082,-0.004506,-0.005934,-0.012068,-0.012482,-0.009087,-0.015554,-0.009721,-0.007877,-0.006178,-0.002437,-0.002044,-0.000144,-0.001168,0.004949,0.007120,0.015906,0.015398,0.014440,0.008342,0.007304,0.002300,0.004910,0.008895,0.007266,0.004426,0.013277,0.017152,0.015444,0.019912,0.024760,0.020220,0.019226,0.013367,0.012424,0.009474,0.003310,0.005203,0.002613,0.003511,0.005271,0.002672,0.002502,-0.000683,0.003082,0.005487,0.000252
0.008617,0.008689,0.005500,0.003420,0.004377,0.006546,0.001615,0.011317,0.008732,0.013160,0.010788,0.007243,0.004541,0.001534,-0.003390,-0.000541,-0.010624,-0.013237,-0.008104,-0.005587,-0.002795,-0.006960,-0.012092,-0.004356,-0.004208,-0.004416,-0.004340,0.000949,0.004359,0.012677,0.009792,0.011095,0.008669,0.010329,0.004311,0.004346,0.009080,0.009659,0.008998,0.017181,0.016914,0.014623,0.021791,0.020220,0.031609,0.024774,0.014803,0.015687,0.017657,0.008118,0.008512,0.006804,0.002209,0.006634,0.006881,0.001959,0.003647,0.006906,0.007932,0.002026
0.005160,0.004862,0.002564,0.001205,0.002311,0.005224,0.001416,0.011451,0.007407,0.011656,0.008721,0.003620,-0.000179,-0.001732,-0.004451,-0.003887,-0.012518,-0.013449,-0.007357,-0.008023,-0.005647,-0.008455,-0.010286,-0.002923,-0.001673,-0.001550,-0.000599,0.002780,0.007795,0.018534,0.016622,0.014389,0.006858,0.008524,0.006145,0.003560,0.012368,0.011962,0.008552,0.017865,0.018841,0.016467,0.019713,0.019226,0.024774,0.028633,0.018310,0.018549,0.017921,0.010844,0.005453,0.004121,0.003091,0.006140,0.007621,0.002137,0.003866,0.007991,0.003970,0.001237
0.002013,0.002376,0.002592,0.000572,0.001264,0.001775,-0.001259,0.005130,0.001170,0.005021,0.003658,0.003480,0.000053,-0.000885,-0.002518,-0.001394,-0.006714,-0.007284,-0.004818,-0.008053,-0.005798,-0.005792,-0.006551,-0.005241,-0.004024,-0.005559,-0.006025,-0.002920,0.002009,0.010474,0.013699,0.010537,0.003169,0.005402,0.003982,0.004756,0.008864,0.010070,0.005499,0.013559,0.015847,0.015619,0.014127,0.013367,0.014803,0.018310,0.017437,0.016336,0.014371,0.009933,0.004600,0.000610,0.003814,0.004617,0.004987,0.001722,0.003283,0.005141,0.004136,0.002831
0.001181,0.000540,0.002195,0.000384,0.001756,0.003874,0.002987,0.011537,0.010129,0.011396,0.007113,0.005064,0.001940,-0.000497,-0.003219,-0.002244,-0.006635,-0.007147,-0.004114,-0.003851,-0.003601,-0.007032,-0.008984,-0.005795,-0.002378,-0.005102,-0.001670,0.001639,0.004394,0.014589,0.013777,0.010073,0.005301,0.003900,0.002861,0.004807,0.010022,0.010731,0.005398,0.014222,0.015054,0.016064,0.016851,0.012424,0.015687,0.018549,0.016336,0.024763,0.019938,0.010346,0.005579,0.001530,0.006618,0.005240,0.002347,0.003364,0.005116,0.006130,0.003746,0.000466
0.006582,0.004360,0.003863,0.003302,0.007335,0.005199,0.005282,0.012625,0.011585,0.011453,0.007096,0.007621,0.003658,0.003555,0.003020,0.004140,-0.005608,-0.005777,-0.004488,-0.001962,-0.004802,-0.007264,-0.010702,-0.003664,-0.001454,-0.008427,-0.005721,-0.000277,0.001554,0.009663,0.008187,0.004980,0.002224,0.002118,0.003854,0.004337,0.008350,0.008443,0.005925,0.011706,0.012304,0.011815,0.016213,0.009474,0.017657,0.017921,0.014371,0.019938,0.025596,0.010264,0.004604,0.001867,0.002272,0.003976,0.000779,0.000164,0.007303,0.007997,0.007128,0.002068
0.003323,0.001340,0.001591,0.000386,0.000514,-0.002819,0.002567,0.005119,0.003841,0.005633,0.003584,0.002775,0.001076,-0.000227,0.000259,0.000908,-0.004401,0.000374,0.000577,0.004747,0.002485,0.001501,-0.003507,-0.006313,-0.005619,-0.003880,-0.003716,-0.005435,-0.001796,0.002865,0.004275,0.003120,0.000258,0.000845,0.004211,-0.001075,0.002498,0.003811,0.003506,0.005814,0.005923,0.006373,0.006851,0.003310,0.008118,0.010844,0.009933,0.010346,0.010264,0.016142,0.002874,0.002602,0.005860,0.000409,0.003849,-0.000205,0.002836,0.003058,0.002195,0.002426
0.004746,0.004476,0.003773,0.001777,0.003181,0.003744,0.002016,0.004735,0.003531,0.003104,0.003337,0.001957,0.004252,0.004053,0.000237,0.000713,-0.001409,-0.004246,0.001920,0.004360,0.006804,0.000121,-0.002932,-0.001690,-0.004473,-0.004874,-0.003120,-0.002131,0.000063,0.000321,0.000922,0.000892,0.001672,0.003396,-0.001285,0.000090,-0.002197,0.002554,0.003124,0.004113,0.004736,0.005490,0.006959,0.005203,0.008512,0.005453,0.004600,0.005579,0.004604,0.002874,0.008893,0.004425,0.003471,0.008698,0.006402,0.002720,0.004909,0.005985,0.003898,0.002698
0.005648,0.006579,0.003288,0.002196,0.004024,0.004597,0.003091,0.006791,0.007123,0.005700,0.004167,0.003028,0.003565,0.002571,-0.000031,0.000405,-0.003968,-0.005187,-0.000694,0.004480,0.005152,-0.000278,-0.002562,-0.000603,-0.004406,-0.004399,-0.001797,-0.000497,0.001334,0.001733,-0.000941,-0.001004,-0.000955,0.000973,0.000827,-0.000442,0.000239,-0.000082,0.002855,0.002581,0.002700,0.001587,0.002988,0.002613,0.006804,0.004121,0.000610,0.001530,0.001867,0.002602,0.004425,0.008372,0.004354,0.005101,0.004380,0.003801,0.002030,0.003271,0.001874,0.002047
0.002377,0.006576,0.002627,0.002869,0.008925,0.005970,0.008341,0.006445,0.004611,0.007107,0.009865,0.007613,0.008673,0.005325,0.004662,0.005239,0.002352,0.002938,0.008322,0.006999,0.006880,0.003356,0.001618,-0.002665,-0.001524,-0.001837,-0.004964,-0.003185,-0.003994,-0.000949,0.000714,-0.003016,-0.005185,-0.005889,-0.001237,-0.000187,0.003160,0.000725,0.002319,0.004332,0.007284,0.004674,0.004015,0.003511,0.002209,0.003091,0.003814,0.006618,0.002272,0.005860,0.003471,0.004354,0.018136,0.011578,0.005461,0.007896,-0.000141,0.003724,0.004390,0.004024
0.004362,0.005683,0.004433,0.003960,0.006580,0.007003,0.007566,0.010134,0.006837,0.008404,0.011416,0.006531,0.010873,0.013606,0.011578,0.012428,0.011323,0.002100,0.009569,0.012989,0.011041,0.001472,-0.001925,-0.007250,-0.008560,-0.012390,-0.009678,-0.012445,-0.009275,-0.009616,-0.005234,-0.009415,-0.002883,-0.002527,-0.004371,0.002167,0.003177,0.007066,0.004435,0.009078,0.008762,0.001131,0.007627,0.005271,0.006634,0.006140,0.004617,0.005240,0.003976,0.000409,0.008698,0.005101,0.011578,0.035732,0.019377,0.012885,0.012425,0.012430,0.006233,0.007795
0.006958,0.006786,0.001776,0.001435,-0.000188,0.002018,0.001912,0.004981,0.002746,0.002569,0.003726,0.006201,0.004628,0.004989,0.001932,0.004678,0.003314,0.000087,0.003648,0.005178,0.004140,-0.006524,-0.010688,-0.012276,-0.011910,-0.013188,-0.010508,-0.010143,-0.002517,-0.001110,0.006033,0.002721,0.001848,0.003227,-0.001265,0.001597,0.000771,0.006915,0.008172,0.007095,0.005766,0.002820,0.001531,0.002672,0.006881,0.007621,0.004987,0.002347,0.000779,0.003849,0.006402,0.004380,0.005461,0.019377,0.023412,0.006337,0.008013,0.008551,0.001924,0.005809
0.001327,0.005757,0.004351,0.004461,0.003855,0.006931,0.005381,0.007414,0.006138,0.005613,0.006863,0.004114,0.005836,0.005668,0.004111,0.006848,0.007623,0.003390,0.008028,0.009709,0.007808,-0.000397,-0.004257,-0.005727,-0.007064,-0.009926,-0.011121,-0.010842,-0.004312,-0.002081,-0.001037,-0.005509,-0.002660,0.002629,0.004994,0.006494,0.009029,0.008127,0.003757,0.007727,0.006732,0.003195,0.005051,0.002502,0.001959,0.002137,0.001722,0.003364,0.000164,-0.000205,0.002720,0.003801,0.007896,0.012885,0.006337,0.015767,0.004053,0.005620,0.007369,0.004977
0.009921,0.005017,0.005172,0.001353,0.002936,-0.002300,0.002650,0.005913,0.007159,0.002812,0.001594,-0.005194,0.002478,0.006621,0.008004,0.006628,0.009456,0.003041,0.000877,0.001958,0.005909,-0.003284,-0.003133,-0.004799,-0.006836,-0.009443,-0.006458,-0.011497,-0.006841,-0.003240,-0.004350,-0.003195,-0.000720,0.000075,0.003376,0.007212,0.005166,0.005290,0.000890,0.000766,0.000344,0.002890,0.004976,-0.000683,0.003647,0.003866,0.003283,0.005116,0.007303,0.002836,0.004909,0.002030,-0.000141,0.012425,0.008013,0.004053,0.021108,0.012125,0.007558,0.006450
0.007953,0.005217,0.002961,0.003225,0.005615,0.004592,0.005503,0.006566,0.005814,0.006278,0.005045,-0.001105,0.003863,0.006515,0.004289,0.004895,0.002930,0.000872,0.005132,0.005661,0.011308,0.002313,0.000147,0.000182,-0.001661,-0.004613,-0.004915,-0.006965,-0.001973,0.001660,0.001669,0.000081,0.000669,0.001841,0.004941,0.004722,0.003515,0.002790,0.002703,0.004155,0.005004,0.004366,0.006610,0.003082,0.006906,0.007991,0.005141,0.006130,0.007997,0.003058,0.005985,0.003271,0.003724,0.012430,0.008551,0.005620,0.012125,0.016377,0.006731,0.005491
0.009657,0.008938,0.006725,0.005555,0.007205,0.004537,0.007646,0.007826,0.005856,0.005596,0.006395,0.001357,0.005752,0.004881,0.007163,0.010087,0.008639,0.004345,0.003659,-0.000048,0.000988,-0.005671,-0.009600,-0.008764,-0.008814,-0.014480,-0.020200,-0.012042,-0.004837,-0.002947,-0.001566,-0.004994,-0.001674,0.007765,0.011826,0.014189,0.014087,0.007100,0.001707,0.008411,0.011425,0.006950,0.008575,0.005487,0.007932,0.003970,0.004136,0.003746,0.007128,0.002195,0.003898,0.001874,0.004390,0.006233,0.001924,0.007369,0.007558,0.006731,0.019583,0.006984
0.004844,0.007026,0.004760,0.003337,0.004121,0.001612,0.001391,0.002692,0.001545,0.001242,0.002188,0.001304,0.002172,0.003425,0.003729,0.004298,0.001714,-0.000376,0.000042,0.000640,0.001739,-0.001454,-0.003710,-0.005509,-0.007002,-0.009698,-0.010677,-0.009815,-0.004235,-0.003651,-0.000460,-0.004645,-0.003619,-0.000200,0.002802,0.003859,0.002167,0.002886,0.001936,0.003371,0.003657,0.003724,0.003197,0.000252,0.002026,0.001237,0.002831,0.000466,0.002068,0.002426,0.002698,0.002047,0.004024,0.007795,0.005809,0.004977,0.006450,0.005491,0.006984,0.007838
