1.338168,0.000687,0.010884,0.000172,0.014402,-0.004896
0.000687,0.000458,0.000000,0.002867,-0.000269,-0.000663
0.010884,0.000000,0.048058,0.029156,0.034340,-0.002390
0.000172,0.002867,0.029156,0.195713,-0.035575,-0.011096
0.014402,-0.000269,0.034340,-0.035575,0.043503,0.001156
-0.004896,-0.000663,-0.002390,-0.011096,0.001156,0.006934
