0.053527,0.002430,0.002788,0.000050,0.003348,-0.003433
0.002430,0.099541,-0.001567,0.016376,-0.005800,-0.036867
0.002788,-0.001567,0.075742,0.014720,0.047191,-0.008115
0.000050,0.016376,0.014720,0.030516,-0.015327,-0.013875
0.003348,-0.005800,0.047191,-0.015327,0.052333,0.004424
-0.003433,-0.036867,-0.008115,-0.013875,0.004424,0.066629
