0.086012,-0.037940,-0.015684,-0.003259,-0.021218,-0.028481
-0.037940,0.073862,0.008347,0.022050,-0.005474,-0.005464
-0.015684,0.008347,0.070648,0.017796,0.040511,-0.002403
-0.003259,0.022050,0.017796,0.034721,-0.017398,-0.002496
-0.021218,-0.005474,0.040511,-0.017398,0.050313,0.001584
-0.028481,-0.005464,-0.002403,-0.002496,0.001584,0.060336
