0.053527,0.000237,0.005012,0.000269,0.004299,-0.001696
0.000237,0.082447,-0.001491,0.018039,-0.009013,-0.013183
0.005012,-0.001491,0.074993,0.017625,0.044891,-0.000448
0.000269,0.018039,0.017625,0.032743,-0.016035,0.003143
0.004299,-0.009013,0.044891,-0.016035,0.053030,-0.009702
-0.001696,-0.013183,-0.000448,0.003143,-0.009702,0.072441
