0.038063,-0.005359,-0.005636,0.000607,-0.002747,-0.001322
-0.005359,0.082326,0.002111,0.028536,-0.020065,-0.012642
-0.005636,0.002111,0.061265,0.010785,0.039589,-0.000847
0.000607,0.028536,0.010785,0.029844,-0.021823,0.004229
-0.002747,-0.020065,0.039589,-0.021823,0.057820,0.000848
-0.001322,-0.012642,-0.000847,0.004229,0.000848,0.070659
