2.102844,-0.060553,0.020066,0.170097,0.310845,-0.013465
-0.060553,0.071429,-0.001799,0.011670,-0.013548,0.005291
0.020066,-0.001799,5.075399,0.467791,-0.013341,0.015954
0.170097,0.011670,0.467791,3.640664,0.327564,-0.023457
0.310845,-0.013548,-0.013341,0.327564,2.336747,-0.013413
-0.013465,0.005291,0.015954,-0.023457,-0.013413,0.023297
