0.102075,0.008449,0.016311,0.006608,-0.002434,0.016627
0.008449,0.085212,0.021155,0.003406,0.009234,0.012423
0.016311,0.021155,0.115866,-0.003807,0.001225,0.024482
0.006608,0.003406,-0.003807,0.050839,0.002126,0.001693
-0.002434,0.009234,0.001225,0.002126,0.071016,0.006742
0.016627,0.012423,0.024482,0.001693,0.006742,0.090658
