1.232799,0.000178,0.007971,-0.001489,0.000198,-0.002973
0.000178,0.000264,0.000070,0.001102,-0.000310,-0.000097
0.007971,0.000070,0.032902,0.019937,0.012193,-0.000443
-0.001489,0.001102,0.019937,0.159700,-0.012906,0.000461
0.000198,-0.000310,0.012193,-0.012906,0.030325,0.000133
-0.002973,-0.000097,-0.000443,0.000461,0.000133,0.005160
