0.059283,-0.001880,0.000232,0.002116,0.001163,-0.000740,-0.000205,-0.000694,-0.000575,0.003492,-0.001567,-0.002228,-0.000567,-0.002945,0.005371,0.002630,-0.003159,-0.000457
-0.001880,0.061210,-0.001639,-0.001760,-0.001396,-0.002079,0.001864,-0.001457,-0.002145,0.002994,0.002932,-0.001318,-0.004298,-0.001310,0.004422,-0.004072,0.000998,-0.000584
0.000232,-0.001639,0.056805,0.000467,0.000189,0.001300,0.002563,-0.000084,0.005333,0.001100,0.001115,0.002144,-0.000411,-0.001597,-0.001646,0.001108,-0.001165,-0.000659
0.002116,-0.001760,0.000467,0.053260,0.004665,-0.000935,-0.004419,0.000568,0.000302,0.000206,0.000667,-0.006300,-0.001218,0.000282,0.005098,-0.006325,0.000943,0.000776
0.001163,-0.001396,0.000189,0.004665,0.056273,0.001220,-0.001933,0.001382,-0.001942,0.005556,0.001817,0.002086,0.000500,-0.002552,-0.000276,-0.000728,-0.000144,-0.002694
-0.000740,-0.002079,0.001300,-0.000935,0.001220,0.059431,0.005619,-0.004920,0.002889,0.000149,-0.002969,0.004029,0.001767,0.001514,-0.002446,0.000678,-0.001416,0.001028
-0.000205,0.001864,0.002563,-0.004419,-0.001933,0.005619,0.054832,-0.001150,-0.003248,0.000892,-0.001707,0.001673,0.004034,-0.005123,-0.006285,0.004054,0.000234,-0.000832
-0.000694,-0.001457,-0.000084,0.000568,0.001382,-0.004920,-0.001150,0.058974,-0.004529,0.002275,0.000362,-0.000678,-0.002969,-0.003410,0.004569,0.003228,0.002767,0.005900
-0.000575,-0.002145,0.005333,0.000302,-0.001942,0.002889,-0.003248,-0.004529,0.058897,-0.005389,0.000339,-0.000828,-0.000642,0.005567,0.001290,-0.000138,-0.000715,0.000846
0.003492,0.002994,0.001100,0.000206,0.005556,0.000149,0.000892,0.002275,-0.005389,0.054685,-0.002875,0.002287,0.000782,-0.003774,-0.002160,0.000494,0.001083,-0.003224
-0.001567,0.002932,0.001115,0.000667,0.001817,-0.002969,-0.001707,0.000362,0.000339,-0.002875,0.062314,0.000938,-0.002131,-0.001158,0.001531,-0.000877,0.000804,-0.004068
-0.002228,-0.001318,0.002144,-0.006300,0.002086,0.004029,0.001673,-0.000678,-0.000828,0.002287,0.000938,0.058765,-0.000517,-0.001442,-0.002240,0.000834,0.002653,-0.001941
-0.000567,-0.004298,-0.000411,-0.001218,0.000500,0.001767,0.004034,-0.002969,-0.000642,0.000782,-0.002131,-0.000517,0.053973,0.002257,-0.000110,-0.000348,-0.001679,0.001994
-0.002945,-0.001310,-0.001597,0.000282,-0.002552,0.001514,-0.005123,-0.003410,0.005567,-0.003774,-0.001158,-0.001442,0.002257,0.056489,-0.000941,0.001958,-0.003733,0.002176
0.005371,0.004422,-0.001646,0.005098,-0.000276,-0.002446,-0.006285,0.004569,0.001290,-0.002160,0.001531,-0.002240,-0.000110,-0.000941,0.060962,-0.000196,0.001393,-0.002110
0.002630,-0.004072,0.001108,-0.006325,-0.000728,0.000678,0.004054,0.003228,-0.000138,0.000494,-0.000877,0.000834,-0.000348,0.001958,-0.000196,0.060058,0.002448,-0.001124
-0.003159,0.000998,-0.001165,0.000943,-0.000144,-0.001416,0.000234,0.002767,-0.000715,0.001083,0.000804,0.002653,-0.001679,-0.003733,0.001393,0.002448,0.057820,0.003763
-0.000457,-0.000584,-0.000659,0.000776,-0.002694,0.001028,-0.000832,0.005900,0.000846,-0.003224,-0.004068,-0.001941,0.001994,0.002176,-0.002110,-0.001124,0.003763,0.058185
