0.057700,-0.002193,0.001552,0.005323,0.002484,0.001124,0.001486,0.000225,0.003082,-0.002938,-0.002807,-0.000171,-0.000807,-0.001833,0.002198,0.002313,0.000462,-0.000163
-0.002193,0.058950,-0.000434,-0.001063,0.002044,-0.003470,0.002817,-0.002300,-0.000109,0.000528,0.000666,0.000028,-0.001261,-0.001821,0.001237,0.001901,0.001311,0.001551
0.001552,-0.000434,0.058376,0.000327,0.000438,-0.000503,0.006004,0.004143,0.002576,0.001780,0.000344,0.004047,0.000694,-0.000106,0.001406,-0.000768,-0.002334,0.002397
0.005323,-0.001063,0.000327,0.055697,0.001131,-0.000508,-0.002939,0.000825,0.001590,0.002046,-0.000845,-0.004493,-0.003647,-0.001115,0.004607,-0.006404,0.001884,-0.001627
0.002484,0.002044,0.000438,0.001131,0.056587,-0.002992,-0.004859,0.002896,-0.002065,0.002367,0.001788,0.000247,0.002672,-0.004335,0.000076,0.001499,0.002623,0.000687
0.001124,-0.003470,-0.000503,-0.000508,-0.002992,0.059900,0.004563,-0.002404,-0.000338,0.001098,-0.006525,0.003008,-0.000527,0.001225,-0.003437,-0.000730,-0.002103,0.000195
0.001486,0.002817,0.006004,-0.002939,-0.004859,0.004563,0.053815,0.002445,-0.002973,-0.000626,0.000760,0.002522,0.000519,-0.002533,-0.006107,0.001454,0.001323,0.000850
0.000225,-0.002300,0.004143,0.000825,0.002896,-0.002404,0.002445,0.058796,-0.001597,0.002960,0.002720,-0.000830,-0.000186,-0.000098,0.003906,0.003431,0.004141,0.001746
0.003082,-0.000109,0.002576,0.001590,-0.002065,-0.000338,-0.002973,-0.001597,0.058399,-0.000277,0.003188,-0.001714,0.001322,0.003227,0.001366,-0.001275,-0.001044,0.000860
-0.002938,0.000528,0.001780,0.002046,0.002367,0.001098,-0.000626,0.002960,-0.000277,0.056149,-0.000774,0.001936,-0.004417,-0.000611,0.000830,0.000284,0.001580,-0.004415
-0.002807,0.000666,0.000344,-0.000845,0.001788,-0.006525,0.000760,0.002720,0.003188,-0.000774,0.065363,0.002324,-0.004916,-0.003105,-0.002782,-0.000840,-0.002672,-0.000944
-0.000171,0.000028,0.004047,-0.004493,0.000247,0.003008,0.002522,-0.000830,-0.001714,0.001936,0.002324,0.058730,-0.002496,-0.000989,-0.002876,0.001298,0.002705,0.000871
-0.000807,-0.001261,0.000694,-0.003647,0.002672,-0.000527,0.000519,-0.000186,0.001322,-0.004417,-0.004916,-0.002496,0.058031,-0.001169,0.000956,0.001404,-0.002895,0.000808
-0.001833,-0.001821,-0.000106,-0.001115,-0.004335,0.001225,-0.002533,-0.000098,0.003227,-0.000611,-0.003105,-0.000989,-0.001169,0.058107,-0.002572,0.001661,-0.001080,-0.000874
0.002198,0.001237,0.001406,0.004607,0.000076,-0.003437,-0.006107,0.003906,0.001366,0.000830,-0.002782,-0.002876,0.000956,-0.002572,0.058196,-0.001806,0.001167,-0.002776
0.002313,0.001901,-0.000768,-0.006404,0.001499,-0.000730,0.001454,0.003431,-0.001275,0.000284,-0.000840,0.001298,0.001404,0.001661,-0.001806,0.055263,0.000996,-0.000520
0.000462,0.001311,-0.002334,0.001884,0.002623,-0.002103,0.001323,0.004141,-0.001044,0.001580,-0.002672,0.002705,-0.002895,-0.001080,0.001167,0.000996,0.059635,0.006810
-0.000163,0.001551,0.002397,-0.001627,0.000687,0.000195,0.000850,0.001746,0.000860,-0.004415,-0.000944,0.000871,0.000808,-0.000874,-0.002776,-0.000520,0.006810,0.062120
