0.012138,0.007446,0.004260,0.004326,0.004094,0.000866,0.001074,0.002994,0.003364,0.001581,0.000355,-0.000379,0.000486,0.000482,-0.000216,-0.000619,-0.000708,-0.001346,0.000093,-0.000070,-0.000272,-0.002628,0.000341,-0.001297,-0.001184,-0.003979,-0.007512,-0.003938,-0.003364,-0.001190,-0.002365,-0.000741,-0.001084,-0.000705,0.003319,0.004498,0.001560,0.001896,0.003687,-0.000639,-0.001118,0.000339,0.000783,0.000161,0.000353,0.002129,0.000586,0.001308,0.000568,0.001998,0.001193,0.002470,0.001228,0.001666,0.000405,0.001549,0.000335,0.003170,0.003436,0.003473
0.007446,0.011383,0.006330,0.005401,0.003868,0.002126,0.001769,0.001474,0.001837,0.001227,0.000038,-0.000039,0.000026,0.000441,0.000156,0.000289,-0.000640,-0.001327,-0.001679,-0.000096,-0.001801,-0.001580,0.001895,0.000754,-0.001715,-0.002334,-0.004323,-0.002858,-0.002083,-0.000576,-0.001552,-0.000965,-0.004328,-0.000314,0.001832,0.003627,-0.000023,0.000704,0.000082,-0.000589,-0.001273,0.000357,-0.000220,-0.000765,-0.000091,0.001579,-0.000027,0.000841,0.000205,0.000558,0.001747,0.002924,0.001120,0.000674,0.000078,0.000391,-0.000347,0.001871,0.002529,0.003736
0.004260,0.006330,0.006547,0.004768,0.003702,0.000137,0.000054,-0.000515,-0.000802,-0.000466,0.000063,-0.000048,-0.000788,0.000165,0.000120,0.000195,-0.000919,-0.001531,-0.001436,-0.000376,-0.001673,-0.000047,0.000763,0.000406,-0.000434,0.001040,-0.002138,-0.000846,-0.001703,-0.001031,-0.001306,-0.001572,-0.003116,0.000430,-0.001380,0.000334,0.000097,0.000139,-0.000481,0.000096,-0.001032,-0.000243,-0.001364,-0.001429,-0.001246,-0.000718,-0.000153,0.000775,0.000010,-0.000911,0.000396,0.001404,0.000678,0.000273,-0.000454,0.000207,-0.000216,-0.000090,0.000649,0.001656
0.004326,0.005401,0.004768,0.005598,0.004543,0.001027,0.001038,0.000059,-0.000452,-0.000405,-0.000025,0.000282,0.000095,0.000108,0.000085,0.000550,-0.000337,-0.000417,-0.000759,-0.000008,-0.002612,-0.000078,0.000245,-0.000479,-0.002126,-0.000777,-0.002967,-0.001964,-0.001480,0.000050,-0.000064,-0.001388,-0.002552,-0.000055,-0.000996,0.000285,-0.000018,-0.000048,0.000043,-0.000064,-0.000644,0.000098,-0.000848,-0.000902,-0.000652,0.000164,0.000082,0.000901,-0.000482,-0.000540,0.000587,0.001266,0.000707,-0.000193,-0.000432,0.000235,-0.000314,0.000410,0.001469,0.002964
0.004094,0.003868,0.003702,0.004543,0.009321,0.002567,0.003100,0.001111,0.000208,0.000304,0.000871,0.000383,0.001071,0.000690,0.000451,-0.000257,-0.000912,-0.001386,0.000130,0.001588,0.000204,0.000260,-0.000203,-0.002491,-0.002588,-0.000889,-0.004062,-0.003113,-0.001663,-0.000358,-0.003215,-0.000632,-0.002874,-0.001418,-0.002695,-0.000827,0.000075,0.000319,0.002318,-0.001016,-0.001384,-0.000204,-0.001309,-0.000577,-0.000359,0.000035,0.000400,0.000993,-0.000493,0.000361,0.000159,0.000452,0.001767,-0.000013,0.000897,0.001719,0.001136,0.002924,0.003601,0.003777
0.000866,0.002126,0.000137,0.001027,0.002567,0.009229,0.006575,0.002378,0.001977,0.001945,0.001346,0.000620,0.002470,0.001575,0.001163,0.000858,-0.000304,-0.000242,0.001522,0.001142,0.001785,0.000374,0.001624,0.000502,-0.001651,-0.000959,-0.002669,-0.001296,-0.000849,0.000558,0.000063,0.000812,-0.003282,0.000017,0.002197,0.001665,-0.000548,0.000464,0.000189,-0.001007,0.000212,0.000141,-0.000375,-0.001312,-0.000285,0.000593,0.000852,0.000593,0.000619,-0.000187,0.000590,0.001130,0.000397,0.000283,-0.000800,-0.000883,0.001072,0.001081,0.000013,0.001028
0.001074,0.001769,0.000054,0.001038,0.003100,0.006575,0.016494,0.003509,0.005020,0.004462,0.003610,0.000922,0.003463,0.003733,0.002632,0.002157,0.001178,-0.000005,0.000869,0.002960,0.001785,0.001240,0.001453,0.000237,-0.003642,-0.002759,-0.004154,-0.003614,-0.003343,0.000267,-0.002259,-0.002710,-0.006030,-0.000219,-0.001471,-0.000080,-0.000195,0.000924,0.000228,-0.002161,-0.000160,-0.000372,-0.000039,0.000404,-0.000892,0.001105,0.000682,0.002489,0.000854,0.000874,0.001870,0.001229,-0.000152,0.000632,0.000063,0.000117,0.002024,0.003653,0.001930,0.002348
0.002994,0.001474,-0.000515,0.000059,0.001111,0.002378,0.003509,0.008583,0.007260,0.005068,0.003420,0.001340,0.001552,0.001011,-0.000134,-0.000736,-0.000192,-0.000696,0.001239,0.001860,0.004171,-0.000159,0.001347,-0.002571,-0.001729,-0.003123,-0.004170,-0.002673,-0.002456,0.000404,-0.000456,-0.000072,-0.000911,-0.000435,0.004222,0.004602,0.000863,0.001833,0.003404,-0.000536,-0.000398,0.000032,-0.000092,0.000579,-0.000060,0.001271,-0.000278,-0.000775,0.000867,0.001381,-0.000747,0.000356,-0.000121,0.000726,0.000512,0.000616,0.001321,0.003178,0.001238,0.000939
0.003364,0.001837,-0.000802,-0.000452,0.000208,0.001977,0.005020,0.007260,0.011865,0.009279,0.006101,0.002654,0.002460,0.000716,0.000036,-0.000080,0.001013,-0.000608,-0.000180,0.002078,0.002896,-0.002452,0.000339,-0.002860,-0.001733,-0.002913,-0.003000,-0.002440,-0.003310,0.000429,0.000358,0.001363,0.000551,-0.000460,0.006092,0.007295,0.001206,0.002934,0.006918,-0.000177,-0.000780,-0.000219,0.001795,0.004337,0.000810,0.002248,0.000464,0.000512,0.000723,0.000826,-0.000216,0.001014,-0.000039,0.001661,-0.001082,0.001128,0.000997,0.002632,0.001283,0.001589
0.001581,0.001227,-0.000466,-0.000405,0.000304,0.001945,0.004462,0.005068,0.009279,0.012137,0.008613,0.004251,0.004000,0.001023,0.000542,0.001078,0.001976,0.000047,0.000324,0.002056,0.004220,-0.000504,0.000666,-0.000138,-0.001027,-0.002114,-0.002568,-0.001200,-0.002208,0.000050,-0.000299,0.001371,-0.001014,-0.000408,0.001402,0.002922,-0.000117,0.001648,0.005467,-0.000678,-0.000589,-0.000640,0.001324,0.003257,0.001004,0.002279,0.000690,0.000582,0.000978,0.001256,0.000652,0.000627,0.000480,0.000957,-0.000601,0.001286,0.001543,0.002689,-0.000013,0.000856
0.000355,0.000038,0.000063,-0.000025,0.000871,0.001346,0.003610,0.003420,0.006101,0.008613,0.010850,0.005271,0.005153,0.000640,0.000588,0.001271,0.001543,0.000100,0.000009,0.001767,0.006832,0.001192,0.000505,-0.000685,-0.001443,0.000300,-0.001350,0.001027,-0.002135,-0.000623,-0.002810,-0.000147,-0.000988,-0.000201,-0.003056,-0.001338,-0.000042,0.001103,0.005038,0.000573,-0.000182,-0.000575,0.000727,0.003348,0.000931,0.000432,0.000319,0.000185,0.000705,-0.000289,0.000377,-0.000074,0.000478,-0.000537,-0.001068,0.000462,0.001341,0.000409,-0.000308,0.001094
-0.000379,-0.000039,-0.000048,0.000282,0.000383,0.000620,0.000922,0.001340,0.002654,0.004251,0.005271,0.005636,0.004259,0.000486,0.000837,0.001581,0.001215,0.001219,-0.000280,0.000918,0.002266,0.000305,-0.000392,-0.002458,-0.001829,-0.000438,-0.000440,0.001192,-0.000601,0.000289,-0.001102,0.000294,-0.000925,0.000029,-0.001669,-0.000614,0.000238,0.000086,0.003129,0.000456,0.000011,0.000011,0.000693,0.002697,0.000303,-0.000003,-0.000258,-0.000023,-0.000188,0.000110,0.000874,-0.000181,-0.000012,-0.001041,0.000109,0.000915,0.001590,0.000331,-0.000187,0.000506
0.000486,0.000026,-0.000788,0.000095,0.001071,0.002470,0.003463,0.001552,0.002460,0.004000,0.005153,0.004259,0.011768,0.003303,0.003472,0.004466,0.004272,0.004310,0.001666,0.000529,0.004104,0.000521,-0.001297,-0.004556,-0.001864,-0.000708,-0.003671,-0.002121,-0.002548,0.000033,-0.002824,-0.000388,-0.004025,-0.000083,-0.003400,-0.003095,0.000268,-0.000677,0.002500,-0.001041,0.000428,0.000014,-0.000358,0.000762,0.001661,0.000340,-0.000008,0.000099,-0.000309,0.000825,0.000658,-0.000107,0.000550,-0.000619,0.000618,0.000747,0.001425,0.001168,0.000413,0.001022
0.000482,0.000441,0.000165,0.000108,0.000690,0.001575,0.003733,0.001011,0.000716,0.001023,0.000640,0.000486,0.003303,0.005713,0.004224,0.003674,0.002198,0.001770,0.001237,0.000063,-0.001400,-0.000213,-0.000357,-0.001951,0.000121,0.000297,-0.001951,-0.002185,-0.001505,0.000434,-0.000813,0.000323,-0.002522,0.000110,-0.000174,-0.000673,-0.000067,-0.000028,-0.000093,-0.000874,0.000079,-0.000506,-0.000639,-0.001212,-0.000774,-0.000213,-0.000541,0.000127,0.000249,0.000833,0.000018,-0.000064,-0.000110,-0.000110,0.001805,-0.000003,0.000210,0.001577,0.000176,-0.000041
-0.000216,0.000156,0.000120,0.000085,0.000451,0.001163,0.002632,-0.000134,0.000036,0.000542,0.000588,0.000837,0.003472,0.004224,0.005937,0.004732,0.002993,0.002217,0.000445,-0.001295,-0.002907,-0.000716,-0.000705,-0.001582,-0.000443,0.000474,-0.000831,-0.000864,-0.001154,0.000620,0.001017,0.000442,-0.002746,0.000377,-0.000628,-0.000380,-0.000175,-0.000866,-0.000702,-0.001285,0.000415,0.000178,-0.000191,-0.000273,-0.000735,-0.000280,-0.000453,0.000492,0.000027,0.000450,0.000481,0.000029,0.000050,-0.000639,0.000878,-0.000169,0.000323,0.000374,-0.000626,0.000097
-0.000619,0.000289,0.000195,0.000550,-0.000257,0.000858,0.002157,-0.000736,-0.000080,0.001078,0.001271,0.001581,0.004466,0.003674,0.004732,0.008985,0.006779,0.005754,0.001602,-0.001083,-0.001919,-0.000097,-0.001989,-0.001850,-0.000777,0.000015,-0.001122,-0.002636,-0.000735,0.000826,0.000197,-0.000199,-0.001437,0.000751,-0.000732,-0.001478,-0.000779,-0.000650,-0.003075,-0.001089,0.000872,0.000358,-0.000907,-0.001586,-0.001331,-0.000619,-0.000627,0.000214,-0.000341,-0.000520,0.000131,-0.000039,-0.000383,-0.001026,-0.000501,-0.000558,0.000131,-0.001241,-0.000495,-0.000251
-0.000708,-0.000640,-0.000919,-0.000337,-0.000912,-0.000304,0.001178,-0.000192,0.001013,0.001976,0.001543,0.001215,0.004272,0.002198,0.002993,0.006779,0.012835,0.008851,0.003858,0.001779,0.001442,-0.001147,-0.003517,-0.004840,-0.002015,-0.001539,-0.002376,-0.001485,-0.000499,0.000966,-0.000642,-0.003151,-0.003450,-0.000313,-0.000558,-0.001922,-0.000705,-0.000878,-0.003939,-0.001579,0.000360,0.000330,-0.001319,-0.002624,-0.000839,-0.000167,-0.000263,0.000749,0.000009,0.000433,0.000270,-0.000041,0.000466,0.000209,-0.001285,0.000300,-0.000505,-0.001139,0.000652,0.000352
-0.001346,-0.001327,-0.001531,-0.000417,-0.001386,-0.000242,-0.000005,-0.000696,-0.000608,0.000047,0.000100,0.001219,0.004310,0.001770,0.002217,0.005754,0.008851,0.013893,0.007684,0.003787,0.003234,0.001889,-0.002362,-0.003400,-0.001537,-0.003265,-0.004695,-0.004694,-0.000307,0.000903,-0.002028,-0.004086,-0.004137,0.000332,-0.004580,-0.006986,-0.001351,-0.001108,-0.004098,-0.001190,0.000863,0.000191,-0.001248,-0.003162,0.000658,0.000197,-0.000459,-0.000292,-0.000853,-0.000778,0.000253,0.000203,-0.000391,-0.000174,-0.000207,0.000257,-0.000203,-0.000073,0.000826,-0.000289
0.000093,-0.001679,-0.001436,-0.000759,0.000130,0.001522,0.000869,0.001239,-0.000180,0.000324,0.000009,-0.000280,0.001666,0.001237,0.000445,0.001602,0.003858,0.007684,0.015557,0.008906,0.009350,0.004668,0.000879,-0.003082,-0.002211,-0.004909,-0.009505,-0.007066,-0.002267,0.000416,-0.003383,-0.002471,-0.002313,-0.000184,-0.001489,-0.006033,-0.000578,-0.001332,-0.004080,-0.001472,-0.000302,-0.000285,-0.002464,-0.007038,0.000024,0.000971,0.000543,-0.001555,-0.000239,0.000790,-0.001448,0.000064,-0.000035,0.000938,0.001931,0.000790,0.001509,0.001634,0.000619,0.000258
-0.000070,-0.000096,-0.000376,-0.000008,0.001588,0.001142,0.002960,0.001860,0.002078,0.002056,0.001767,0.000918,0.000529,0.000063,-0.001295,-0.001083,0.001779,0.003787,0.008906,0.019128,0.015500,0.008070,0.002585,-0.001859,-0.003870,-0.007175,-0.011731,-0.008743,-0.003750,-0.000778,-0.006657,-0.004394,-0.002059,-0.000436,-0.002884,-0.005633,-0.000350,-0.001393,-0.002703,0.000460,-0.001408,-0.001807,-0.001527,-0.002097,0.000077,0.000515,-0.000184,-0.000076,-0.000999,-0.000073,0.000432,-0.000343,0.000931,0.001807,0.001414,0.001481,0.001304,0.002071,0.000927,-0.000062
-0.000272,-0.001801,-0.001673,-0.002612,0.000204,0.001785,0.001785,0.004171,0.002896,0.004220,0.006832,0.002266,0.004104,-0.001400,-0.002907,-0.001919,0.001442,0.003234,0.009350,0.015500,0.069996,0.019693,0.013741,0.014343,0.003060,-0.001371,-0.006773,-0.009935,-0.008575,-0.009382,-0.028926,-0.015925,-0.017692,-0.000760,-0.018006,-0.018194,-0.002094,-0.001814,-0.004957,-0.003763,-0.001904,-0.001798,-0.004301,-0.003346,-0.001744,-0.002689,-0.003290,-0.007232,-0.002564,-0.000174,-0.000459,-0.001885,0.000686,0.002858,-0.000071,0.000496,0.000792,0.003087,-0.003849,-0.003993
-0.002628,-0.001580,-0.000047,-0.000078,0.000260,0.000374,0.001240,-0.000159,-0.002452,-0.000504,0.001192,0.000305,0.000521,-0.000213,-0.000716,-0.000097,-0.001147,0.001889,0.004668,0.008070,0.019693,0.019727,0.008542,0.008091,0.001195,-0.001155,-0.004633,-0.003558,-0.000234,-0.002302,-0.006369,-0.003787,-0.003799,0.000247,-0.009583,-0.009447,0.000025,-0.001421,-0.005657,-0.001191,0.000668,-0.001157,-0.001972,-0.002460,-0.000739,-0.001297,-0.001188,-0.001372,-0.001149,-0.001310,-0.000781,-0.002009,0.000033,0.000284,-0.000003,-0.001234,0.000456,-0.000122,-0.002121,-0.002223
0.000341,0.001895,0.000763,0.000245,-0.000203,0.001624,0.001453,0.001347,0.000339,0.000666,0.000505,-0.000392,-0.001297,-0.000357,-0.000705,-0.001989,-0.003517,-0.002362,0.000879,0.002585,0.013741,0.008542,0.018526,0.015009,0.003768,-0.000550,-0.005005,-0.005781,-0.004188,-0.002954,-0.006096,-0.002653,-0.003211,0.000493,-0.001270,-0.000386,0.000025,0.000236,-0.002191,-0.000502,0.000123,-0.000554,0.000383,-0.000158,-0.001140,0.000180,0.000078,-0.000211,0.000010,0.000091,-0.000169,0.000311,0.000282,0.001448,0.001007,-0.000368,0.001357,0.003568,-0.000434,0.001000
-0.001297,0.000754,0.000406,-0.000479,-0.002491,0.000502,0.000237,-0.002571,-0.002860,-0.000138,-0.000685,-0.002458,-0.004556,-0.001951,-0.001582,-0.001850,-0.004840,-0.003400,-0.003082,-0.001859,0.014343,0.008091,0.015009,0.044099,0.018242,0.013042,0.011450,0.002404,-0.002220,-0.006424,-0.005412,-0.004277,-0.006143,-0.000098,-0.010360,-0.008995,-0.001431,-0.001234,-0.012678,-0.005249,-0.001023,-0.001844,-0.002852,-0.001286,-0.002973,-0.003757,-0.002451,-0.002493,-0.000448,-0.002759,0.000333,-0.000272,-0.000387,0.001235,-0.001124,-0.001667,-0.001315,0.000146,-0.002820,-0.001738
-0.001184,-0.001715,-0.000434,-0.002126,-0.002588,-0.001651,-0.003642,-0.001729,-0.001733,-0.001027,-0.001443,-0.001829,-0.001864,0.000121,-0.000443,-0.000777,-0.002015,-0.001537,-0.002211,-0.003870,0.003060,0.001195,0.003768,0.018242,0.021652,0.015880,0.011922,0.003854,-0.001204,-0.004604,-0.001152,-0.002696,-0.002691,0.000517,-0.005333,-0.006589,-0.000424,-0.000808,-0.006737,-0.002427,-0.000751,-0.002390,-0.004788,-0.003667,-0.002676,-0.003318,-0.001762,-0.002109,-0.000297,-0.001329,-0.002456,-0.001551,-0.000209,0.000222,-0.000178,-0.000902,-0.000970,-0.000831,-0.002671,-0.003807
-0.003979,-0.002334,0.001040,-0.000777,-0.000889,-0.000959,-0.002759,-0.003123,-0.002913,-0.002114,0.000300,-0.000438,-0.000708,0.000297,0.000474,0.000015,-0.001539,-0.003265,-0.004909,-0.007175,-0.001371,-0.001155,-0.000550,0.013042,0.015880,0.030540,0.027984,0.014920,0.000634,-0.003295,0.002533,-0.000835,-0.005084,0.000081,-0.007879,-0.009792,-0.000537,-0.000789,-0.006417,-0.002605,-0.002176,-0.001947,-0.003569,-0.001473,-0.001106,-0.003862,-0.002049,-0.001077,-0.000992,-0.001831,-0.002584,-0.001823,0.000687,-0.001175,-0.000490,-0.000444,-0.001271,-0.003083,-0.004400,-0.005332
-0.007512,-0.004323,-0.002138,-0.002967,-0.004062,-0.002669,-0.004154,-0.004170,-0.003000,-0.002568,-0.001350,-0.000440,-0.003671,-0.001951,-0.000831,-0.001122,-0.002376,-0.004695,-0.009505,-0.011731,-0.006773,-0.004633,-0.005005,0.011450,0.011922,0.027984,0.051119,0.029236,0.007621,-0.002185,0.005182,-0.001044,-0.005509,-0.001484,-0.013466,-0.012968,-0.002315,-0.003592,-0.009966,-0.004467,-0.002604,-0.001772,-0.001720,0.000864,0.000191,-0.001431,-0.001546,-0.000097,-0.000190,-0.002157,-0.000461,-0.001928,-0.000482,-0.001237,0.000191,-0.002243,-0.001504,-0.005282,-0.005915,-0.007911
-0.003938,-0.002858,-0.000846,-0.001964,-0.003113,-0.001296,-0.003614,-0.002673,-0.002440,-0.001200,0.001027,0.001192,-0.002121,-0.002185,-0.000864,-0.002636,-0.001485,-0.004694,-0.007066,-0.008743,-0.009935,-0.003558,-0.005781,0.002404,0.003854,0.014920,0.029236,0.037047,0.013631,0.001058,0.010492,0.002834,-0.000353,-0.001301,-0.007678,-0.008779,0.000617,0.000014,-0.007066,-0.002544,-0.000646,-0.000550,-0.001834,0.000404,0.001054,-0.001356,-0.000569,-0.000193,0.000056,-0.001490,0.001260,-0.000637,0.000577,-0.002219,-0.001745,-0.002020,0.000464,-0.005584,-0.005264,-0.005846
-0.003364,-0.002083,-0.001703,-0.001480,-0.001663,-0.000849,-0.003343,-0.002456,-0.003310,-0.002208,-0.002135,-0.000601,-0.002548,-0.001505,-0.001154,-0.000735,-0.000499,-0.000307,-0.002267,-0.003750,-0.008575,-0.000234,-0.004188,-0.002220,-0.001204,0.000634,0.007621,0.013631,0.019254,0.004890,0.010077,0.005974,0.009837,-0.000523,0.000471,-0.002732,-0.000104,-0.000682,-0.000009,-0.000389,0.000981,-0.000092,0.000347,0.001370,0.000728,0.000869,0.000309,0.001337,0.000353,-0.000280,0.000366,-0.000712,0.000859,-0.001506,-0.001007,0.000050,-0.001324,-0.003790,-0.001211,-0.002947
-0.001190,-0.000576,-0.001031,0.000050,-0.000358,0.000558,0.000267,0.000404,0.000429,0.000050,-0.000623,0.000289,0.000033,0.000434,0.000620,0.000826,0.000966,0.000903,0.000416,-0.000778,-0.009382,-0.002302,-0.002954,-0.006424,-0.004604,-0.003295,-0.002185,0.001058,0.004890,0.010540,0.010936,0.007019,0.007660,-0.000664,0.006670,0.004603,0.000143,0.000361,0.002660,0.000963,0.000687,0.000935,0.002711,0.003099,0.000822,0.002964,0.001468,0.000912,0.000385,0.000482,-0.000856,0.000535,-0.000290,-0.001775,-0.000616,0.000247,-0.000373,-0.001535,-0.000444,0.001002
-0.002365,-0.001552,-0.001306,-0.000064,-0.003215,0.000063,-0.002259,-0.000456,0.000358,-0.000299,-0.002810,-0.001102,-0.002824,-0.000813,0.001017,0.000197,-0.000642,-0.002028,-0.003383,-0.006657,-0.028926,-0.006369,-0.006096,-0.005412,-0.001152,0.002533,0.005182,0.010492,0.010077,0.010936,0.049103,0.026805,0.022832,0.000664,0.014523,0.009925,0.000707,0.001929,0.007539,0.006226,0.004107,0.002994,0.008513,0.008322,0.005448,0.006588,0.004086,0.005378,0.003066,0.002889,-0.000423,-0.000363,0.001452,-0.000799,-0.000649,0.001043,0.000866,-0.001273,-0.003057,-0.000925
-0.000741,-0.000965,-0.001572,-0.001388,-0.000632,0.000812,-0.002710,-0.000072,0.001363,0.001371,-0.000147,0.000294,-0.000388,0.000323,0.000442,-0.000199,-0.003151,-0.004086,-0.002471,-0.004394,-0.015925,-0.003787,-0.002653,-0.004277,-0.002696,-0.000835,-0.001044,0.002834,0.005974,0.007019,0.026805,0.032776,0.024283,0.000316,0.015838,0.013588,0.000905,0.001690,0.011688,0.004368,0.002298,0.002728,0.008644,0.009794,0.005249,0.005269,0.002946,0.004666,0.002806,0.004003,0.000235,-0.000760,0.002153,-0.001357,0.000369,0.001313,0.002183,0.000752,-0.002420,-0.000851
-0.001084,-0.004328,-0.003116,-0.002552,-0.002874,-0.003282,-0.006030,-0.000911,0.000551,-0.001014,-0.000988,-0.000925,-0.004025,-0.002522,-0.002746,-0.001437,-0.003450,-0.004137,-0.002313,-0.002059,-0.017692,-0.003799,-0.003211,-0.006143,-0.002691,-0.005084,-0.005509,-0.000353,0.009837,0.007660,0.022832,0.024283,0.041685,0.002596,0.025567,0.018715,0.001311,0.001564,0.012918,0.006065,0.004157,0.002023,0.009666,0.008686,0.003528,0.003907,0.002307,0.002225,0.001936,0.002521,-0.000901,0.000550,0.001086,-0.001846,-0.000935,0.001831,0.000930,-0.001333,-0.001460,-0.000767
-0.000705,-0.000314,0.000430,-0.000055,-0.001418,0.000017,-0.000219,-0.000435,-0.000460,-0.000408,-0.000201,0.000029,-0.000083,0.000110,0.000377,0.000751,-0.000313,0.000332,-0.000184,-0.000436,-0.000760,0.000247,0.000493,-0.000098,0.000517,0.000081,-0.001484,-0.001301,-0.000523,-0.000664,0.000664,0.000316,0.002596,0.004320,0.004151,0.002965,0.000420,0.000018,0.000781,0.001792,0.001771,0.000095,0.000019,-0.000609,-0.001214,-0.000357,-0.000297,-0.000693,-0.000067,-0.000531,-0.000028,0.000378,-0.000563,-0.001496,-0.000580,-0.000688,-0.000710,-0.001687,-0.002028,-0.000629
0.003319,0.001832,-0.001380,-0.000996,-0.002695,0.002197,-0.001471,0.004222,0.006092,0.001402,-0.003056,-0.001669,-0.003400,-0.000174,-0.000628,-0.000732,-0.000558,-0.004580,-0.001489,-0.002884,-0.018006,-0.009583,-0.001270,-0.010360,-0.005333,-0.007879,-0.013466,-0.007678,0.000471,0.006670,0.014523,0.015838,0.025567,0.004151,0.063603,0.055834,0.003158,0.005711,0.020595,0.007302,0.003452,0.002342,0.009769,0.011477,-0.002789,0.004015,0.001876,-0.000468,0.000611,0.002506,-0.002396,0.002170,-0.000889,-0.001943,-0.001049,0.001096,-0.000023,0.001611,0.003080,0.005914
0.004498,0.003627,0.000334,0.000285,-0.000827,0.001665,-0.000080,0.004602,0.007295,0.002922,-0.001338,-0.000614,-0.003095,-0.000673,-0.000380,-0.001478,-0.001922,-0.006986,-0.006033,-0.005633,-0.018194,-0.009447,-0.000386,-0.008995,-0.006589,-0.009792,-0.012968,-0.008779,-0.002732,0.004603,0.009925,0.013588,0.018715,0.002965,0.055834,0.063801,0.004385,0.006427,0.024627,0.006419,0.002406,0.002034,0.010656,0.013611,-0.002529,0.001804,0.001742,0.001601,0.001624,0.000490,-0.000481,0.002204,-0.002089,-0.001186,-0.001583,-0.000069,-0.000808,0.002632,0.005063,0.007412
0.001560,-0.000023,0.000097,-0.000018,0.000075,-0.000548,-0.000195,0.000863,0.001206,-0.000117,-0.000042,0.000238,0.000268,-0.000067,-0.000175,-0.000779,-0.000705,-0.001351,-0.000578,-0.000350,-0.002094,0.000025,0.000025,-0.001431,-0.000424,-0.000537,-0.002315,0.000617,-0.000104,0.000143,0.000707,0.000905,0.001311,0.000420,0.003158,0.004385,0.005432,0.003776,0.003852,0.000632,0.000281,0.000006,0.001051,0.002417,0.000468,0.000081,0.000226,0.000375,0.000321,-0.000107,0.000432,0.000312,-0.000584,-0.000034,0.000075,0.000227,-0.000145,-0.000451,0.000268,0.000329
0.001896,0.000704,0.000139,-0.000048,0.000319,0.000464,0.000924,0.001833,0.002934,0.001648,0.001103,0.000086,-0.000677,-0.000028,-0.000866,-0.000650,-0.000878,-0.001108,-0.001332,-0.001393,-0.001814,-0.001421,0.000236,-0.001234,-0.000808,-0.000789,-0.003592,0.000014,-0.000682,0.000361,0.001929,0.001690,0.001564,0.000018,0.005711,0.006427,0.003776,0.006989,0.004826,0.001745,0.000811,0.000723,0.001455,0.002920,0.000816,0.000258,0.000580,-0.000509,-0.000104,-0.000317,0.000429,0.001137,-0.000506,0.000352,-0.000934,0.000614,0.000231,0.001529,0.001339,0.001579
0.003687,0.000082,-0.000481,0.000043,0.002318,0.000189,0.000228,0.003404,0.006918,0.005467,0.005038,0.003129,0.002500,-0.000093,-0.000702,-0.003075,-0.003939,-0.004098,-0.004080,-0.002703,-0.004957,-0.005657,-0.002191,-0.012678,-0.006737,-0.006417,-0.009966,-0.007066,-0.000009,0.002660,0.007539,0.011688,0.012918,0.000781,0.020595,0.024627,0.003852,0.004826,0.038215,0.008250,0.002178,0.002043,0.011330,0.016718,0.005375,0.005247,0.003193,0.004511,0.002563,0.003824,0.000624,-0.000465,0.000425,0.000453,0.001103,0.002898,0.000398,0.005313,0.005371,0.004090
-0.000639,-0.000589,0.000096,-0.000064,-0.001016,-0.001007,-0.002161,-0.000536,-0.000177,-0.000678,0.000573,0.000456,-0.001041,-0.000874,-0.001285,-0.001089,-0.001579,-0.001190,-0.001472,0.000460,-0.003763,-0.001191,-0.000502,-0.005249,-0.002427,-0.002605,-0.004467,-0.002544,-0.000389,0.000963,0.006226,0.004368,0.006065,0.001792,0.007302,0.006419,0.000632,0.001745,0.008250,0.010401,0.003108,0.001668,0.004023,0.004909,0.002042,0.002302,0.001324,0.001599,0.001352,0.000266,0.000488,-0.000404,-0.000957,-0.000426,-0.000731,0.000479,-0.001124,0.000105,0.001287,0.001132
-0.001118,-0.001273,-0.001032,-0.000644,-0.001384,0.000212,-0.000160,-0.000398,-0.000780,-0.000589,-0.000182,0.000011,0.000428,0.000079,0.000415,0.000872,0.000360,0.000863,-0.000302,-0.001408,-0.001904,0.000668,0.000123,-0.001023,-0.000751,-0.002176,-0.002604,-0.000646,0.000981,0.000687,0.004107,0.002298,0.004157,0.001771,0.003452,0.002406,0.000281,0.000811,0.002178,0.003108,0.005794,0.003178,0.003358,0.002293,0.001325,0.001863,0.000799,0.000401,0.000589,0.000313,0.000820,0.000682,-0.000411,-0.000905,-0.000623,-0.000381,-0.000573,0.000137,-0.000393,0.000568
0.000339,0.000357,-0.000243,0.000098,-0.000204,0.000141,-0.000372,0.000032,-0.000219,-0.000640,-0.000575,0.000011,0.000014,-0.000506,0.000178,0.000358,0.000330,0.000191,-0.000285,-0.001807,-0.001798,-0.001157,-0.000554,-0.001844,-0.002390,-0.001947,-0.001772,-0.000550,-0.000092,0.000935,0.002994,0.002728,0.002023,0.000095,0.002342,0.002034,0.000006,0.000723,0.002043,0.001668,0.003178,0.005071,0.003643,0.003253,0.002419,0.002778,0.001071,0.000287,0.000686,0.001038,0.001282,0.000957,0.000244,-0.000282,-0.000600,0.000123,-0.000087,0.001199,0.000202,0.000526
0.000783,-0.000220,-0.001364,-0.000848,-0.001309,-0.000375,-0.000039,-0.000092,0.001795,0.001324,0.000727,0.000693,-0.000358,-0.000639,-0.000191,-0.000907,-0.001319,-0.001248,-0.002464,-0.001527,-0.004301,-0.001972,0.000383,-0.002852,-0.004788,-0.003569,-0.001720,-0.001834,0.000347,0.002711,0.008513,0.008644,0.009666,0.000019,0.009769,0.010656,0.001051,0.001455,0.011330,0.004023,0.003358,0.003643,0.017581,0.014928,0.006943,0.007306,0.002874,0.004858,0.002749,0.002469,0.002884,0.000841,0.000351,-0.000675,-0.000046,0.001227,0.000370,0.001932,0.001429,0.002194
0.000161,-0.000765,-0.001429,-0.000902,-0.000577,-0.001312,0.000404,0.000579,0.004337,0.003257,0.003348,0.002697,0.000762,-0.001212,-0.000273,-0.001586,-0.002624,-0.003162,-0.007038,-0.002097,-0.003346,-0.002460,-0.000158,-0.001286,-0.003667,-0.001473,0.000864,0.000404,0.001370,0.003099,0.008322,0.009794,0.008686,-0.000609,0.011477,0.013611,0.002417,0.002920,0.016718,0.004909,0.002293,0.003253,0.014928,0.027064,0.007278,0.007550,0.003545,0.006968,0.002766,0.002079,0.003285,-0.000383,0.000149,-0.001748,-0.000306,0.002325,0.000646,0.002637,0.001657,0.001832
0.000353,-0.000091,-0.001246,-0.000652,-0.000359,-0.000285,-0.000892,-0.000060,0.000810,0.001004,0.000931,0.000303,0.001661,-0.000774,-0.000735,-0.001331,-0.000839,0.000658,0.000024,0.000077,-0.001744,-0.000739,-0.001140,-0.002973,-0.002676,-0.001106,0.000191,0.001054,0.000728,0.000822,0.005448,0.005249,0.003528,-0.001214,-0.002789,-0.002529,0.000468,0.000816,0.005375,0.002042,0.001325,0.002419,0.006943,0.007278,0.010613,0.006546,0.003411,0.003804,0.002679,0.002206,0.002508,0.000902,0.001532,0.000224,0.000419,0.001108,-0.000414,0.001954,0.001468,0.000128
0.002129,0.001579,-0.000718,0.000164,0.000035,0.000593,0.001105,0.001271,0.002248,0.002279,0.000432,-0.000003,0.000340,-0.000213,-0.000280,-0.000619,-0.000167,0.000197,0.000971,0.000515,-0.002689,-0.001297,0.000180,-0.003757,-0.003318,-0.003862,-0.001431,-0.001356,0.000869,0.002964,0.006588,0.005269,0.003907,-0.000357,0.004015,0.001804,0.000081,0.000258,0.005247,0.002302,0.001863,0.002778,0.007306,0.007550,0.006546,0.011522,0.004597,0.004791,0.003566,0.004489,0.001777,0.001489,0.001913,-0.000113,0.001191,0.002174,0.001488,0.003369,0.001608,0.001340
0.000586,-0.000027,-0.000153,0.000082,0.000400,0.000852,0.000682,-0.000278,0.000464,0.000690,0.000319,-0.000258,-0.000008,-0.000541,-0.000453,-0.000627,-0.000263,-0.000459,0.000543,-0.000184,-0.003290,-0.001188,0.000078,-0.002451,-0.001762,-0.002049,-0.001546,-0.000569,0.000309,0.001468,0.004086,0.002946,0.002307,-0.000297,0.001876,0.001742,0.000226,0.000580,0.003193,0.001324,0.000799,0.001071,0.002874,0.003545,0.003411,0.004597,0.004238,0.004161,0.002732,0.002148,0.000582,0.000531,0.000931,0.000715,0.000024,0.001129,0.001192,0.000860,0.000497,0.000042
0.001308,0.000841,0.000775,0.000901,0.000993,0.000593,0.002489,-0.000775,0.000512,0.000582,0.000185,-0.000023,0.000099,0.000127,0.000492,0.000214,0.000749,-0.000292,-0.001555,-0.000076,-0.007232,-0.001372,-0.000211,-0.002493,-0.002109,-0.001077,-0.000097,-0.000193,0.001337,0.000912,0.005378,0.004666,0.002225,-0.000693,-0.000468,0.001601,0.000375,-0.000509,0.004511,0.001599,0.000401,0.000287,0.004858,0.006968,0.003804,0.004791,0.004161,0.011166,0.004642,0.003061,0.002593,-0.000060,0.001418,0.001265,0.000713,0.002230,0.002013,0.001679,0.001763,-0.000504
0.000568,0.000205,0.000010,-0.000482,-0.000493,0.000619,0.000854,0.000867,0.000723,0.000978,0.000705,-0.000188,-0.000309,0.000249,0.000027,-0.000341,0.000009,-0.000853,-0.000239,-0.000999,-0.002564,-0.001149,0.000010,-0.000448,-0.000297,-0.000992,-0.000190,0.000056,0.000353,0.000385,0.003066,0.002806,0.001936,-0.000067,0.000611,0.001624,0.000321,-0.000104,0.002563,0.001352,0.000589,0.000686,0.002749,0.002766,0.002679,0.003566,0.002732,0.004642,0.004786,0.002631,0.000663,0.000137,0.000631,0.000809,0.000766,0.000948,0.000979,0.001482,0.000156,-0.001550
0.001998,0.000558,-0.000911,-0.000540,0.000361,-0.000187,0.000874,0.001381,0.000826,0.001256,-0.000289,0.000110,0.000825,0.000833,0.000450,-0.000520,0.000433,-0.000778,0.000790,-0.000073,-0.000174,-0.001310,0.000091,-0.002759,-0.001329,-0.001831,-0.002157,-0.001490,-0.000280,0.000482,0.002889,0.004003,0.002521,-0.000531,0.002506,0.000490,-0.000107,-0.000317,0.003824,0.000266,0.000313,0.001038,0.002469,0.002079,0.002206,0.004489,0.002148,0.003061,0.002631,0.010028,0.001529,-0.000150,0.002235,0.000961,0.003364,0.003035,0.002734,0.003263,0.000531,-0.000016
0.001193,0.001747,0.000396,0.000587,0.000159,0.000590,0.001870,-0.000747,-0.000216,0.000652,0.000377,0.000874,0.000658,0.000018,0.000481,0.000131,0.000270,0.000253,-0.001448,0.000432,-0.000459,-0.000781,-0.000169,0.000333,-0.002456,-0.002584,-0.000461,0.001260,0.000366,-0.000856,-0.000423,0.000235,-0.000901,-0.000028,-0.002396,-0.000481,0.000432,0.000429,0.000624,0.000488,0.000820,0.001282,0.002884,0.003285,0.002508,0.001777,0.000582,0.002593,0.000663,0.001529,0.007898,0.001369,0.000564,0.000625,0.000126,-0.000012,0.000200,0.001068,0.001439,0.001306
0.002470,0.002924,0.001404,0.001266,0.000452,0.001130,0.001229,0.000356,0.001014,0.000627,-0.000074,-0.000181,-0.000107,-0.000064,0.000029,-0.000039,-0.000041,0.000203,0.000064,-0.000343,-0.001885,-0.002009,0.000311,-0.000272,-0.001551,-0.001823,-0.001928,-0.000637,-0.000712,0.000535,-0.000363,-0.000760,0.000550,0.000378,0.002170,0.002204,0.000312,0.001137,-0.000465,-0.000404,0.000682,0.000957,0.000841,-0.000383,0.000902,0.001489,0.000531,-0.000060,0.000137,-0.000150,0.001369,0.004043,0.000406,-0.000035,-0.000735,-0.000375,-0.000583,0.001410,0.000870,0.001610
0.001228,0.001120,0.000678,0.000707,0.001767,0.000397,-0.000152,-0.000121,-0.000039,0.000480,0.000478,-0.000012,0.000550,-0.000110,0.000050,-0.000383,0.000466,-0.000391,-0.000035,0.000931,0.000686,0.000033,0.000282,-0.000387,-0.000209,0.000687,-0.000482,0.000577,0.000859,-0.000290,0.001452,0.002153,0.001086,-0.000563,-0.000889,-0.002089,-0.000584,-0.000506,0.000425,-0.000957,-0.000411,0.000244,0.000351,0.000149,0.001532,0.001913,0.000931,0.001418,0.000631,0.002235,0.000564,0.000406,0.003893,0.000780,0.001195,0.001816,0.001822,0.002203,0.000922,0.000795
0.001666,0.000674,0.000273,-0.000193,-0.000013,0.000283,0.000632,0.000726,0.001661,0.000957,-0.000537,-0.001041,-0.000619,-0.000110,-0.000639,-0.001026,0.000209,-0.000174,0.000938,0.001807,0.002858,0.000284,0.001448,0.001235,0.000222,-0.001175,-0.001237,-0.002219,-0.001506,-0.001775,-0.000799,-0.001357,-0.001846,-0.001496,-0.001943,-0.001186,-0.000034,0.000352,0.000453,-0.000426,-0.000905,-0.000282,-0.000675,-0.001748,0.000224,-0.000113,0.000715,0.001265,0.000809,0.000961,0.000625,-0.000035,0.000780,0.005530,0.000216,0.000979,0.000596,0.001576,0.001385,-0.001077
0.000405,0.000078,-0.000454,-0.000432,0.000897,-0.000800,0.000063,0.000512,-0.001082,-0.000601,-0.001068,0.000109,0.000618,0.001805,0.000878,-0.000501,-0.001285,-0.000207,0.001931,0.001414,-0.000071,-0.000003,0.001007,-0.001124,-0.000178,-0.000490,0.000191,-0.001745,-0.001007,-0.000616,-0.000649,0.000369,-0.000935,-0.000580,-0.001049,-0.001583,0.000075,-0.000934,0.001103,-0.000731,-0.000623,-0.000600,-0.000046,-0.000306,0.000419,0.001191,0.000024,0.000713,0.000766,0.003364,0.000126,-0.000735,0.001195,0.000216,0.007022,0.002660,0.002302,0.004202,0.001643,0.000155
0.001549,0.000391,0.000207,0.000235,0.001719,-0.000883,0.000117,0.000616,0.001128,0.001286,0.000462,0.000915,0.000747,-0.000003,-0.000169,-0.000558,0.000300,0.000257,0.000790,0.001481,0.000496,-0.001234,-0.000368,-0.001667,-0.000902,-0.000444,-0.002243,-0.002020,0.000050,0.000247,0.001043,0.001313,0.001831,-0.000688,0.001096,-0.000069,0.000227,0.000614,0.002898,0.000479,-0.000381,0.000123,0.001227,0.002325,0.001108,0.002174,0.001129,0.002230,0.000948,0.003035,-0.000012,-0.000375,0.001816,0.000979,0.002660,0.005560,0.003162,0.003467,0.001844,0.000170
0.000335,-0.000347,-0.000216,-0.000314,0.001136,0.001072,0.002024,0.001321,0.000997,0.001543,0.001341,0.001590,0.001425,0.000210,0.000323,0.000131,-0.000505,-0.000203,0.001509,0.001304,0.000792,0.000456,0.001357,-0.001315,-0.000970,-0.001271,-0.001504,0.000464,-0.001324,-0.000373,0.000866,0.002183,0.000930,-0.000710,-0.000023,-0.000808,-0.000145,0.000231,0.000398,-0.001124,-0.000573,-0.000087,0.000370,0.000646,-0.000414,0.001488,0.001192,0.002013,0.000979,0.002734,0.000200,-0.000583,0.001822,0.000596,0.002302,0.003162,0.009000,0.004787,0.001525,0.000676
0.003170,0.001871,-0.000090,0.000410,0.002924,0.001081,0.003653,0.003178,0.002632,0.002689,0.000409,0.000331,0.001168,0.001577,0.000374,-0.001241,-0.001139,-0.000073,0.001634,0.002071,0.003087,-0.000122,0.003568,0.000146,-0.000831,-0.003083,-0.005282,-0.005584,-0.003790,-0.001535,-0.001273,0.000752,-0.001333,-0.001687,0.001611,0.002632,-0.000451,0.001529,0.005313,0.000105,0.000137,0.001199,0.001932,0.002637,0.001954,0.003369,0.000860,0.001679,0.001482,0.003263,0.001068,0.001410,0.002203,0.001576,0.004202,0.003467,0.004787,0.015347,0.005875,0.002468
0.003436,0.002529,0.000649,0.001469,0.003601,0.000013,0.001930,0.001238,0.001283,-0.000013,-0.000308,-0.000187,0.000413,0.000176,-0.000626,-0.000495,0.000652,0.000826,0.000619,0.000927,-0.003849,-0.002121,-0.000434,-0.002820,-0.002671,-0.004400,-0.005915,-0.005264,-0.001211,-0.000444,-0.003057,-0.002420,-0.001460,-0.002028,0.003080,0.005063,0.000268,0.001339,0.005371,0.001287,-0.000393,0.000202,0.001429,0.001657,0.001468,0.001608,0.000497,0.001763,0.000156,0.000531,0.001439,0.000870,0.000922,0.001385,0.001643,0.001844,0.001525,0.005875,0.012691,0.006662
0.003473,0.003736,0.001656,0.002964,0.003777,0.001028,0.002348,0.000939,0.001589,0.000856,0.001094,0.000506,0.001022,-0.000041,0.000097,-0.000251,0.000352,-0.000289,0.000258,-0.000062,-0.003993,-0.002223,0.001000,-0.001738,-0.003807,-0.005332,-0.007911,-0.005846,-0.002947,0.001002,-0.000925,-0.000851,-0.000767,-0.000629,0.005914,0.007412,0.000329,0.001579,0.004090,0.001132,0.000568,0.000526,0.002194,0.001832,0.000128,0.001340,0.000042,-0.000504,-0.001550,-0.000016,0.001306,0.001610,0.000795,-0.001077,0.000155,0.000170,0.000676,0.002468,0.006662,0.012708
