4.812237,0.174593,-0.018190,0.014373,0.042757,0.178094,0.221636,1.137260,0.054166,0.208053,0.173417,0.004802,0.082132,-0.063922,0.327606,0.837375,-0.008791,0.001518,0.003399,0.034533,-0.004751,0.011305,0.568578,-0.004870,-0.002448,0.001748,0.138537,-0.006445,-0.002852,0.825112,0.096708,0.093667,0.106640,0.325245,-0.016075,0.248375,0.084598,0.095511,-0.007728,0.007332,0.015735
0.174593,2.480089,-0.049498,-0.002087,-0.096915,0.057600,-0.128190,-0.374607,0.050435,0.163653,0.046441,0.045016,0.069461,-0.030294,0.176607,0.402351,0.036706,0.008575,-0.000626,0.030138,0.040333,0.032594,-0.265346,-0.010609,-0.012908,-0.005303,0.025972,-0.001185,-0.009572,0.130711,-0.141206,-0.021537,-0.051921,-0.137073,-0.068109,0.012271,-0.118485,0.002195,0.154913,-0.005856,-0.057478
-0.018190,-0.049498,1.240234,-0.002682,-0.065315,-0.000713,0.478360,1.925266,-0.099226,-0.083732,-0.083392,-0.015613,0.145866,0.001510,0.138126,-0.078062,0.018923,-0.023508,-0.002183,-0.003907,0.004778,0.043570,0.240109,0.046904,0.116832,0.001138,-0.009417,0.003473,0.020154,-0.684216,-0.144281,-0.007634,0.397786,-0.106914,-0.111984,0.385910,0.015386,-0.014969,0.496140,-0.008733,0.704748
0.014373,-0.002087,-0.002682,0.029841,0.075674,-0.001114,0.034801,-0.130826,0.019278,-0.003143,0.075149,0.002436,0.013541,-0.005934,-0.016573,-0.016860,0.002644,0.000329,0.002520,0.000108,-0.000384,0.003386,0.020251,-0.000532,0.001712,0.004982,0.008030,-0.000252,-0.000266,-0.001567,-0.010322,-0.002128,0.020305,0.103652,0.012428,-0.022726,0.012764,0.035507,-0.013218,-0.000473,0.003245
0.042757,-0.096915,-0.065315,0.075674,2.669834,-0.032295,0.846674,1.585088,-0.083035,0.027046,1.707006,-0.044258,0.069046,-0.153677,0.498402,0.496936,0.004632,0.017181,-0.003302,0.050582,0.013014,-0.025981,0.226717,-0.006946,-0.020531,0.027364,0.127692,0.004065,0.000485,3.700404,0.170965,-0.026463,0.289607,1.757002,0.342281,-0.133198,-0.054007,0.653137,0.125014,-0.007933,-0.080133
0.178094,0.057600,-0.000713,-0.001114,-0.032295,0.577506,-0.108941,-0.790927,0.412991,0.000968,-0.088133,-0.092390,-0.000754,0.009051,-0.016023,0.305288,-0.000742,0.003626,-0.000883,-0.001135,0.014281,-0.015072,0.084627,-0.001335,0.003012,-0.000888,0.042654,0.001434,-0.001987,0.502894,0.113172,0.075135,-0.024779,-0.057107,0.050782,0.074870,0.071237,-0.053304,0.158001,-0.003532,0.352429
0.221636,-0.128190,0.478360,0.034801,0.846674,-0.108941,4.001272,6.356765,-0.280872,0.153989,0.579985,-0.001035,0.309311,-0.299725,0.245894,0.959859,0.059584,0.064794,-0.000813,0.086649,-0.010559,0.064420,2.127348,0.010851,0.105916,0.041502,0.193122,0.007247,0.002128,2.642881,-0.227954,-0.081925,1.154181,0.797877,0.059768,0.155037,0.025861,0.253762,0.623862,0.009939,0.350908
1.137260,-0.374607,1.925266,-0.130826,1.585088,-0.790927,6.356765,338.004774,-0.790575,-0.308185,1.263242,0.803483,2.183032,-1.785497,2.586101,1.100972,0.210948,-0.027835,-0.122269,0.101521,-0.066472,-0.068521,-1.750141,0.010935,0.394954,0.002968,-0.113501,0.143786,0.041945,-6.817048,-1.759977,0.108253,3.715923,1.316298,-2.024269,-1.246815,-0.483380,-0.662489,5.736467,0.241661,0.111666
0.054166,0.050435,-0.099226,0.019278,-0.083035,0.412991,-0.280872,-0.790575,2.742968,0.069029,-0.190078,0.046987,0.173127,0.200326,0.309415,0.840614,0.012403,-0.011271,-0.004776,-0.013339,0.010862,-0.037522,-0.468666,-0.006982,-0.051175,-0.000068,0.081016,-0.002006,-0.004151,0.866145,0.537957,0.005053,-0.120454,-0.023272,0.076575,-0.145886,-0.038924,-0.095983,0.076480,-0.011190,-0.115172
0.208053,0.163653,-0.083732,-0.003143,0.027046,0.000968,0.153989,-0.308185,0.069029,2.563271,0.015244,-0.254560,0.117309,0.253373,0.178141,2.529041,0.003331,-0.037979,-0.006327,0.048606,-0.016605,-0.005082,-0.299168,-0.017917,-0.039736,-0.002625,0.085891,-0.004106,-0.010278,6.212985,0.539673,0.023319,0.091889,0.050035,0.261405,-0.012829,0.129876,-0.016912,-0.120979,0.034059,-0.175583
0.173417,0.046441,-0.083392,0.075149,1.707006,-0.088133,0.579985,1.263242,-0.190078,0.015244,5.251404,-0.093948,0.370157,-0.077185,0.677139,0.744338,0.019418,-0.022030,-0.004978,0.128394,0.010206,-0.044853,0.192141,-0.015805,0.001723,0.009982,0.085269,0.004890,-0.004604,3.935520,0.101740,-0.050028,0.479293,1.573924,0.320963,0.029711,0.121795,1.085029,0.232348,-0.011997,-0.082397
0.004802,0.045016,-0.015613,0.002436,-0.044258,-0.092390,-0.001035,0.803483,0.046987,-0.254560,-0.093948,0.420483,-0.003302,-0.031033,0.063636,-0.434740,-0.002392,0.009173,-0.000230,0.002633,-0.004252,0.010221,0.121854,-0.002455,0.005878,0.000290,-0.029868,0.001345,0.000681,-1.927907,-0.149941,0.017540,0.012521,-0.023842,-0.099812,0.000130,-0.090348,-0.025998,-0.035343,-0.015412,-0.151556
0.082132,0.069461,0.145866,0.013541,0.069046,-0.000754,0.309311,2.183032,0.173127,0.117309,0.370157,-0.003302,2.724892,0.069557,0.365177,0.696238,0.005644,0.039826,-0.002215,0.000594,0.017919,0.036404,-0.237579,0.013579,0.038887,-0.002328,0.004931,0.015208,-0.005819,1.182719,0.223947,0.041370,0.151385,0.087203,-0.045531,0.093999,-0.018630,0.091540,-0.007374,0.021841,0.189157
-0.063922,-0.030294,0.001510,-0.005934,-0.153677,0.009051,-0.299725,-1.785497,0.200326,0.253373,-0.077185,-0.031033,0.069557,0.813132,0.500545,0.383317,0.015863,-0.008352,-0.002665,-0.004029,-0.005520,-0.010171,-0.386736,0.002129,-0.015797,-0.007369,-0.073130,-0.000728,0.002157,0.892666,0.615391,-0.026446,-0.129070,-0.199160,-0.005484,-0.094578,-0.042729,-0.070300,0.120514,0.003890,0.024257
0.327606,0.176607,0.138126,-0.016573,0.498402,-0.016023,0.245894,2.586101,0.309415,0.178141,0.677139,0.063636,0.365177,0.500545,21.381945,2.326735,0.149110,0.015841,-0.011818,0.105111,0.000022,-0.003662,-0.675328,0.004493,0.015008,-0.005739,-0.194964,0.003799,0.008997,3.050476,0.303549,0.173157,0.162188,0.421685,-0.277552,-0.160244,-0.070911,0.025155,0.878672,-0.048659,-0.219122
0.837375,0.402351,-0.078062,-0.016860,0.496936,0.305288,0.959859,1.100972,0.840614,2.529041,0.744338,-0.434740,0.696238,0.383317,2.326735,15.812064,0.055501,-0.018867,-0.010641,0.188423,-0.024689,0.041289,-0.414218,0.000928,-0.054422,-0.006814,0.057567,0.012427,-0.002174,15.599955,1.442731,0.074953,0.360732,0.287801,0.151696,0.008306,0.165546,-0.012461,0.130013,0.113109,-0.176529
-0.008791,0.036706,0.018923,0.002644,0.004632,-0.000742,0.059584,0.210948,0.012403,0.003331,0.019418,-0.002392,0.005644,0.015863,0.149110,0.055501,0.213552,-0.009582,0.000294,-0.006398,0.004035,0.010821,0.095003,0.002000,0.004246,0.002509,0.003583,-0.000013,0.000894,-0.036190,-0.050025,0.013237,0.004586,-0.005267,0.002437,-0.044564,-0.014052,-0.001723,0.019573,-0.003186,0.011818
0.001518,0.008575,-0.023508,0.000329,0.017181,0.003626,0.064794,-0.027835,-0.011271,-0.037979,-0.022030,0.009173,0.039826,-0.008352,0.015841,-0.018867,-0.009582,0.267910,0.001956,0.002132,0.001504,0.007839,-0.141471,-0.002757,0.005717,-0.000121,0.026195,0.000472,-0.002202,0.329444,0.014293,-0.013275,0.015562,0.020018,-0.007477,-0.014170,-0.007868,-0.007871,-0.018569,-0.000516,0.005392
0.003399,-0.000626,-0.002183,0.002520,-0.003302,-0.000883,-0.000813,-0.122269,-0.004776,-0.006327,-0.004978,-0.000230,-0.002215,-0.002665,-0.011818,-0.010641,0.000294,0.001956,0.005249,-0.000285,-0.000090,0.001578,-0.001521,-0.000125,0.000791,-0.000070,-0.001207,0.000404,-0.000063,-0.005166,-0.005107,-0.000501,-0.002983,0.012360,0.003002,-0.002088,0.000905,0.002767,-0.004948,-0.000111,0.000608
0.034533,0.030138,-0.003907,0.000108,0.050582,-0.001135,0.086649,0.101521,-0.013339,0.048606,0.128394,0.002633,0.000594,-0.004029,0.105111,0.188423,-0.006398,0.002132,-0.000285,0.080192,0.003031,-0.002847,-0.025813,-0.001283,0.009096,0.000607,-0.003411,0.000325,-0.000641,0.934634,-0.014295,-0.005131,0.073649,0.098656,-0.017055,0.006196,0.045858,0.065303,0.002078,-0.001140,0.008215
-0.004751,0.040333,0.004778,-0.000384,0.013014,0.014281,-0.010559,-0.066472,0.010862,-0.016605,0.010206,-0.004252,0.017919,-0.005520,0.000022,-0.024689,0.004035,0.001504,-0.000090,0.003031,0.030049,-0.003383,-0.011209,-0.000407,-0.000398,-0.000226,0.007087,0.000365,-0.000203,-0.005211,0.006373,0.003650,-0.003097,0.009497,-0.009044,0.007217,-0.021967,0.001078,0.044519,-0.000362,0.059365
0.011305,0.032594,0.043570,0.003386,-0.025981,-0.015072,0.064420,-0.068521,-0.037522,-0.005082,-0.044853,0.010221,0.036404,-0.010171,-0.003662,0.041289,0.010821,0.007839,0.001578,-0.002847,-0.003383,0.331715,0.094123,0.000376,0.006614,-0.002516,0.013766,0.003840,0.002991,-0.040362,0.007045,-0.005201,0.025386,-0.047649,-0.021365,0.090572,-0.021895,0.010861,-0.000706,-0.008303,-0.036877
0.568578,-0.265346,0.240109,0.020251,0.226717,0.084627,2.127348,-1.750141,-0.468666,-0.299168,0.192141,0.121854,-0.237579,-0.386736,-0.675328,-0.414218,0.095003,-0.141471,-0.001521,-0.025813,-0.011209,0.094123,30.458960,-0.011461,0.228359,0.392636,0.277580,0.007042,-0.000454,-0.733728,-0.296837,0.384234,0.116898,0.110389,-0.214715,0.676540,-0.049534,-0.005004,-1.028128,0.008428,0.290031
-0.004870,-0.010609,0.046904,-0.000532,-0.006946,-0.001335,0.010851,0.010935,-0.006982,-0.017917,-0.015805,-0.002455,0.013579,0.002129,0.004493,0.000928,0.002000,-0.002757,-0.000125,-0.001283,-0.000407,0.000376,-0.011461,0.023184,0.000261,-0.000313,0.000233,0.000185,0.010273,-0.038268,-0.010697,-0.002253,0.016921,-0.013641,-0.004302,0.045016,-0.004125,-0.007337,0.097454,-0.000501,0.026484
-0.002448,-0.012908,0.116832,0.001712,-0.020531,0.003012,0.105916,0.394954,-0.051175,-0.039736,0.001723,0.005878,0.038887,-0.015797,0.015008,-0.054422,0.004246,0.005717,0.000791,0.009096,-0.000398,0.006614,0.228359,0.000261,0.090224,0.001318,-0.007218,0.000522,0.000130,-0.084897,-0.054840,0.016874,0.039635,-0.011861,-0.022122,0.054235,-0.003385,-0.000195,0.036696,-0.002114,0.142166
0.001748,-0.005303,0.001138,0.004982,0.027364,-0.000888,0.041502,0.002968,-0.000068,-0.002625,0.009982,0.000290,-0.002328,-0.007369,-0.005739,-0.006814,0.002509,-0.000121,-0.000070,0.000607,-0.000226,-0.002516,0.392636,-0.000313,0.001318,0.015657,0.005557,0.000104,-0.000156,-0.080170,0.004578,0.000068,0.008374,0.040795,0.002887,-0.009511,-0.002819,0.017472,0.003069,-0.000278,-0.002437
0.138537,0.025972,-0.009417,0.008030,0.127692,0.042654,0.193122,-0.113501,0.081016,0.085891,0.085269,-0.029868,0.004931,-0.073130,-0.194964,0.057567,0.003583,0.026195,-0.001207,-0.003411,0.007087,0.013766,0.277580,0.000233,-0.007218,0.005557,1.049004,0.006921,0.002117,0.825393,-0.003335,-0.026654,0.067722,0.208434,0.060008,-0.006048,0.034686,0.042522,0.129933,0.004747,0.004640
-0.006445,-0.001185,0.003473,-0.000252,0.004065,0.001434,0.007247,0.143786,-0.002006,-0.004106,0.004890,0.001345,0.015208,-0.000728,0.003799,0.012427,-0.000013,0.000472,0.000404,0.000325,0.000365,0.003840,0.007042,0.000185,0.000522,0.000104,0.006921,0.020047,-0.000043,0.051479,0.001808,0.000650,0.003254,0.005333,-0.008390,0.006693,-0.003376,-0.002125,0.003242,0.000140,0.008016
-0.002852,-0.009572,0.020154,-0.000266,0.000485,-0.001987,0.002128,0.041945,-0.004151,-0.010278,-0.004604,0.000681,-0.005819,0.002157,0.008997,-0.002174,0.000894,-0.002202,-0.000063,-0.000641,-0.000203,0.002991,-0.000454,0.010273,0.000130,-0.000156,0.002117,-0.000043,0.011733,-0.006178,-0.007254,-0.001126,0.005162,-0.002863,-0.002811,0.004173,-0.006452,-0.004328,0.056186,-0.000250,0.009944
0.825112,0.130711,-0.684216,-0.001567,3.700404,0.502894,2.642881,-6.817048,0.866145,6.212985,3.935520,-1.927907,1.182719,0.892666,3.050476,15.599955,-0.036190,0.329444,-0.005166,0.934634,-0.005211,-0.040362,-0.733728,-0.038268,-0.084897,-0.080170,0.825393,0.051479,-0.006178,109.983325,3.192933,-0.054127,1.521272,3.956669,1.054518,1.387291,1.850216,1.947614,0.913236,0.141566,-0.403861
0.096708,-0.141206,-0.144281,-0.010322,0.170965,0.113172,-0.227954,-1.759977,0.537957,0.539673,0.101740,-0.149941,0.223947,0.615391,0.303549,1.442731,-0.050025,0.014293,-0.005107,-0.014295,0.006373,0.007045,-0.296837,-0.010697,-0.054840,0.004578,-0.003335,0.001808,-0.007254,3.192933,3.958076,-0.047980,-0.025164,0.229742,-0.029245,-0.157669,-0.269121,0.027934,0.329277,0.026188,-0.109042
0.093667,-0.021537,-0.007634,-0.002128,-0.026463,0.075135,-0.081925,0.108253,0.005053,0.023319,-0.050028,0.017540,0.041370,-0.026446,0.173157,0.074953,0.013237,-0.013275,-0.000501,-0.005131,0.003650,-0.005201,0.384234,-0.002253,0.016874,0.000068,-0.026654,0.000650,-0.001126,-0.054127,-0.047980,0.331359,-0.053688,-0.022902,-0.014569,0.031093,-0.016121,-0.020112,-0.075861,-0.000683,0.132322
0.106640,-0.051921,0.397786,0.020305,0.289607,-0.024779,1.154181,3.715923,-0.120454,0.091889,0.479293,0.012521,0.151385,-0.129070,0.162188,0.360732,0.004586,0.015562,-0.002983,0.073649,-0.003097,0.025386,0.116898,0.016921,0.039635,0.008374,0.067722,0.003254,0.005162,1.521272,-0.025164,-0.053688,1.428129,0.438740,0.154067,0.260545,0.009770,0.129230,0.097192,-0.009292,0.216301
0.325245,-0.137073,-0.106914,0.103652,1.757002,-0.057107,0.797877,1.316298,-0.023272,0.050035,1.573924,-0.023842,0.087203,-0.199160,0.421685,0.287801,-0.005267,0.020018,0.012360,0.098656,0.009497,-0.047649,0.110389,-0.013641,-0.011861,0.040795,0.208434,0.005333,-0.002863,3.956669,0.229742,-0.022902,0.438740,3.571958,0.300371,-0.092052,-0.004827,0.923870,0.194458,-0.019161,-0.104314
-0.016075,-0.068109,-0.111984,0.012428,0.342281,0.050782,0.059768,-2.024269,0.076575,0.261405,0.320963,-0.099812,-0.045531,-0.005484,-0.277552,0.151696,0.002437,-0.007477,0.003002,-0.017055,-0.009044,-0.021365,-0.214715,-0.004302,-0.022122,0.002887,0.060008,-0.008390,-0.002811,1.054518,-0.029245,-0.014569,0.154067,0.300371,1.254407,0.049533,0.082958,0.232324,0.011794,-0.013059,-0.114642
0.248375,0.012271,0.385910,-0.022726,-0.133198,0.074870,0.155037,-1.246815,-0.145886,-0.012829,0.029711,0.000130,0.093999,-0.094578,-0.160244,0.008306,-0.044564,-0.014170,-0.002088,0.006196,0.007217,0.090572,0.676540,0.045016,0.054235,-0.009511,-0.006048,0.006693,0.004173,1.387291,-0.157669,0.031093,0.260545,-0.092052,0.049533,3.663165,0.156891,-0.030676,0.244850,0.007874,0.303503
0.084598,-0.118485,0.015386,0.012764,-0.054007,0.071237,0.025861,-0.483380,-0.038924,0.129876,0.121795,-0.090348,-0.018630,-0.042729,-0.070911,0.165546,-0.014052,-0.007868,0.000905,0.045858,-0.021967,-0.021895,-0.049534,-0.004125,-0.003385,-0.002819,0.034686,-0.003376,-0.006452,1.850216,-0.269121,-0.016121,0.009770,-0.004827,0.082958,0.156891,1.638087,0.124628,-0.122863,0.001892,0.108247
0.095511,0.002195,-0.014969,0.035507,0.653137,-0.053304,0.253762,-0.662489,-0.095983,-0.016912,1.085029,-0.025998,0.091540,-0.070300,0.025155,-0.012461,-0.001723,-0.007871,0.002767,0.065303,0.001078,0.010861,-0.005004,-0.007337,-0.000195,0.017472,0.042522,-0.002125,-0.004328,1.947614,0.027934,-0.020112,0.129230,0.923870,0.232324,-0.030676,0.124628,0.864511,0.137039,-0.006082,-0.051296
-0.007728,0.154913,0.496140,-0.013218,0.125014,0.158001,0.623862,5.736467,0.076480,-0.120979,0.232348,-0.035343,-0.007374,0.120514,0.878672,0.130013,0.019573,-0.018569,-0.004948,0.002078,0.044519,-0.000706,-1.028128,0.097454,0.036696,0.003069,0.129933,0.003242,0.056186,0.913236,0.329277,-0.075861,0.097192,0.194458,0.011794,0.244850,-0.122863,0.137039,16.026265,-0.045147,0.608884
0.007332,-0.005856,-0.008733,-0.000473,-0.007933,-0.003532,0.009939,0.241661,-0.011190,0.034059,-0.011997,-0.015412,0.021841,0.003890,-0.048659,0.113109,-0.003186,-0.000516,-0.000111,-0.001140,-0.000362,-0.008303,0.008428,-0.000501,-0.002114,-0.000278,0.004747,0.000140,-0.000250,0.141566,0.026188,-0.000683,-0.009292,-0.019161,-0.013059,0.007874,0.001892,-0.006082,-0.045147,0.039133,-0.008121
0.015735,-0.057478,0.704748,0.003245,-0.080133,0.352429,0.350908,0.111666,-0.115172,-0.175583,-0.082397,-0.151556,0.189157,0.024257,-0.219122,-0.176529,0.011818,0.005392,0.000608,0.008215,0.059365,-0.036877,0.290031,0.026484,0.142166,-0.002437,0.004640,0.008016,0.009944,-0.403861,-0.109042,0.132322,0.216301,-0.104314,-0.114642,0.303503,0.108247,-0.051296,0.608884,-0.008121,2.065518
