0.103524,0.003716,-0.000535,0.000141,0.000768,0.002247,0.002930,-0.000347,0.001369,0.004748,0.000737,0.003056,0.006375,-0.000702,0.004681,0.003688,0.000486,-0.000076,0.000202,0.002189,0.000906,-0.002848,0.000767,-0.001000,0.001341,0.000343,0.006186,0.002644,-0.000726,0.003240,0.000905,0.002342,-0.000081,0.002442,-0.000510,0.002405,0.002424,0.001963,0.003496,0.000218,-0.000472
0.003716,0.022548,-0.000171,-0.000028,-0.000481,0.000686,-0.001497,-0.001161,0.000500,0.000730,-0.000432,0.000289,0.001870,0.000280,0.001161,0.000957,0.003075,0.002222,-0.000362,0.000506,0.001297,0.000574,-0.000330,-0.000833,-0.002248,-0.000449,0.000325,-0.001295,-0.000534,0.000475,-0.000550,-0.000601,-0.000992,-0.001444,-0.002163,0.000804,0.000808,-0.000740,0.002269,-0.000229,0.000315
-0.000535,-0.000171,0.007985,-0.000030,-0.000059,-0.000093,0.001638,0.002132,-0.000410,-0.000868,-0.000188,0.001796,0.003116,-0.000263,0.000104,-0.000439,0.002297,-0.001704,0.000048,0.000089,0.000510,0.002763,0.000150,0.003462,0.010079,-0.000014,0.000212,0.001044,0.001904,-0.000806,-0.000378,-0.000442,0.002073,-0.000457,-0.001350,0.003415,0.000470,0.000163,0.002395,-0.000253,0.001824
0.000141,-0.000028,-0.000030,0.002882,0.000531,0.000102,0.000599,-0.000779,0.000209,0.000046,0.000933,0.000189,0.000164,-0.000387,0.000206,0.000026,0.000349,0.000290,0.000197,0.000444,-0.000059,0.000200,0.000011,-0.000185,0.001869,-0.000046,0.000195,-0.000644,-0.000102,0.000309,0.000164,-0.000090,0.000335,0.001032,0.000408,-0.000307,0.000404,0.002472,-0.000583,-0.000056,0.000008
0.000768,-0.000481,-0.000059,0.000531,0.002481,0.000133,0.002160,0.001018,0.000154,0.000757,0.001395,-0.000591,0.000568,-0.001081,0.001066,0.000837,0.000084,0.000086,0.000141,0.000718,0.000067,-0.000034,0.000060,-0.000262,0.000236,0.000185,0.001184,0.000062,-0.000045,0.002242,0.000696,-0.000093,0.000818,0.002420,0.001260,-0.000006,-0.000021,0.003062,0.000325,-0.000108,-0.000099
0.002247,0.000686,-0.000093,0.000102,0.000133,0.003613,-0.000049,-0.001454,0.001807,-0.000102,0.000092,0.000098,0.001606,0.000210,0.001070,0.000635,0.001490,0.000351,-0.000047,-0.000188,0.000388,-0.000710,0.000039,-0.000174,0.000363,-0.000060,0.000581,0.000499,-0.000106,0.000416,0.000203,0.000539,-0.000009,-0.000137,0.000138,0.000205,0.001668,-0.000264,0.001068,-0.000113,0.000291
0.002930,-0.001497,0.001638,0.000599,0.002160,-0.000049,0.012879,0.004099,0.000035,0.001530,0.001510,0.000342,0.005897,-0.003493,0.000647,0.001867,0.000206,-0.001429,-0.000065,0.001635,-0.000169,0.002954,0.000846,-0.000006,0.007711,0.000896,0.004126,0.000296,0.000682,0.002885,0.000534,-0.000651,0.004619,0.003267,0.000327,0.001726,0.000579,0.002843,0.002793,0.000060,0.000543
-0.000347,-0.001161,0.002132,-0.000779,0.001018,-0.001454,0.004099,0.093028,-0.001274,-0.000597,0.000703,-0.000915,0.004498,-0.006018,0.002908,-0.000225,-0.000099,-0.004522,-0.000980,0.002326,-0.001075,0.001923,-0.000375,0.002385,0.010348,-0.000194,0.004062,0.000162,0.001606,-0.000859,-0.000387,0.000545,0.005583,0.001097,-0.003447,-0.000567,-0.003335,-0.000013,0.003786,0.000744,0.000086
0.001369,0.000500,-0.000410,0.000209,0.000154,0.001807,0.000035,-0.001274,0.005412,0.000672,0.000167,-0.000470,0.001879,0.002047,0.001776,0.001106,-0.000999,0.000252,-0.000125,-0.000420,0.000196,-0.001300,-0.000119,-0.000398,-0.002456,-0.000104,0.000250,0.000019,-0.000276,0.000598,0.001010,0.000020,-0.000265,-0.000047,0.000400,-0.000228,-0.000987,-0.000353,0.000853,0.000002,-0.000294
0.004748,0.000730,-0.000868,0.000046,0.000757,-0.000102,0.001530,-0.000597,0.000672,0.018490,0.000829,-0.004557,0.002359,0.004488,0.000472,0.005850,0.000951,-0.000720,-0.000119,0.001620,-0.000750,-0.002770,-0.000150,-0.001505,-0.003239,-0.000129,0.001571,-0.000815,-0.000503,0.008057,0.003035,-0.000210,0.000683,0.001221,0.003443,-0.000491,0.003479,0.000627,0.001584,0.001357,-0.000715
0.000737,-0.000432,-0.000188,0.000933,0.001395,0.000092,0.001510,0.000703,0.000167,0.000829,0.002723,-0.000516,0.001490,-0.000584,0.000956,0.000803,0.000284,0.000001,0.000107,0.001379,0.000014,-0.000370,0.000043,-0.000437,0.001222,0.000203,0.000887,0.000399,-0.000173,0.002017,0.000504,-0.000155,0.000789,0.002718,0.001047,0.000009,0.000727,0.003872,0.000416,-0.000116,-0.000108
0.003056,0.000289,0.001796,0.000189,-0.000591,0.000098,0.000342,-0.000915,-0.000470,-0.004557,-0.000516,0.058240,-0.000276,-0.001587,0.006661,-0.001543,-0.001328,-0.002101,-0.000214,0.000837,0.000440,0.001630,0.000277,-0.001428,0.004072,0.000346,-0.004881,-0.004145,0.001619,-0.002549,-0.001253,0.000776,0.001032,-0.000331,-0.003241,0.002442,-0.001809,0.000007,0.000004,0.000383,0.000808
0.006375,0.001870,0.003116,0.000164,0.000568,0.001606,0.005897,0.004498,0.001879,0.002359,0.001490,-0.000276,0.059220,0.003699,0.003733,0.003494,0.002821,0.000874,-0.000039,-0.000024,0.000666,0.001558,-0.000067,0.003540,0.005734,-0.000106,0.007077,-0.000189,0.001222,0.004474,0.004302,0.000816,0.002933,0.001524,-0.001776,0.004069,-0.000533,0.001506,0.005854,0.000696,0.001841
-0.000702,0.000280,-0.000263,-0.000387,-0.001081,0.000210,-0.003493,-0.006018,0.002047,0.004488,-0.000584,-0.001587,0.003699,0.040639,0.005955,0.002493,-0.001695,0.001579,0.000254,-0.000452,-0.000825,-0.001350,-0.000589,0.000395,-0.005393,-0.000639,-0.005346,0.001068,-0.000335,0.003336,0.008142,-0.001040,-0.002588,-0.001960,-0.000126,-0.001215,-0.001789,-0.001634,0.000952,0.000348,-0.000204
0.004681,0.001161,0.000104,0.000206,0.001066,0.001070,0.000647,0.002908,0.001776,0.000472,0.000956,0.006661,0.003733,0.005955,0.106654,0.005206,0.001150,-0.000292,0.000551,0.001809,0.000615,0.004099,-0.000240,-0.000354,-0.000124,-0.000091,-0.001282,0.001882,0.002851,0.003452,0.000589,0.002379,0.001390,0.000441,-0.001200,-0.000004,-0.002332,0.002361,0.004754,-0.002097,0.000205
0.003688,0.000957,-0.000439,0.000026,0.000837,0.000635,0.001867,-0.000225,0.001106,0.005850,0.000803,-0.001543,0.003494,0.002493,0.005206,0.010053,0.000385,-0.000899,-0.000148,0.001478,-0.000411,-0.001025,-0.000009,-0.000132,-0.001740,0.000022,0.000361,-0.000018,0.000211,0.006263,0.001676,-0.000011,0.000630,0.000987,0.000681,0.000018,0.001221,0.000411,0.002639,0.001192,-0.000291
0.000486,0.003075,0.002297,0.000349,0.000084,0.001490,0.000206,-0.000099,-0.000999,0.000951,0.000284,-0.001328,0.002821,-0.001695,0.001150,0.000385,0.018066,0.000797,0.000137,0.000925,0.004245,-0.001039,0.000065,-0.000004,0.006597,-0.000039,0.001993,0.000481,-0.000199,0.001852,-0.001287,0.000346,0.000471,-0.000009,0.000318,0.000213,0.006895,0.000681,0.002051,0.000087,0.002169
-0.000076,0.002222,-0.001704,0.000290,0.000086,0.000351,-0.001429,-0.004522,0.000252,-0.000720,0.000001,-0.002101,0.000874,0.001579,-0.000292,-0.000899,0.000797,0.023957,0.000530,-0.000008,0.001427,-0.002634,-0.000481,-0.001748,-0.003593,-0.000537,-0.000634,-0.000205,-0.001306,-0.000179,0.001130,-0.000730,-0.001528,-0.000285,0.000942,-0.001992,0.002120,0.000795,-0.001300,-0.000168,-0.000227
0.000202,-0.000362,0.000048,0.000197,0.000141,-0.000047,-0.000065,-0.000980,-0.000125,-0.000119,0.000107,-0.000214,-0.000039,0.000254,0.000551,-0.000148,0.000137,0.000530,0.002298,-0.000067,-0.000028,-0.000126,-0.000011,-0.000087,0.000959,-0.000022,0.000006,-0.000326,-0.000048,0.000095,0.000053,-0.000042,0.000068,0.000429,0.000162,-0.000399,0.000170,0.000782,-0.000468,-0.000026,0.000072
0.002189,0.000506,0.000089,0.000444,0.000718,-0.000188,0.001635,0.002326,-0.000420,0.001620,0.001379,0.000837,-0.000024,-0.000452,0.001809,0.001478,0.000925,-0.000008,-0.000067,0.008680,0.000271,-0.000059,-0.000018,-0.000533,0.003944,0.000160,0.000257,0.000497,-0.000293,0.003551,-0.000069,-0.000260,0.001962,0.002014,-0.000702,0.000066,0.003000,0.002963,0.000725,-0.000160,0.000150
0.000906,0.001297,0.000510,-0.000059,0.000067,0.000388,-0.000169,-0.001075,0.000196,-0.000750,0.000014,0.000440,0.000666,-0.000825,0.000615,-0.000411,0.004245,0.001427,-0.000028,0.000271,0.005061,-0.001049,-0.000035,-0.000220,-0.000034,-0.000055,0.000531,0.000832,-0.000121,-0.000349,-0.000008,0.000113,-0.000202,0.000065,-0.000720,0.000294,0.000205,-0.000139,0.000556,-0.000066,0.000786
-0.002848,0.000574,0.002763,0.000200,-0.000034,-0.000710,0.002954,0.001923,-0.001300,-0.002770,-0.000370,0.001630,0.001558,-0.001350,0.004099,-0.001025,-0.001039,-0.002634,-0.000126,-0.000059,-0.001049,0.059800,0.000638,0.004232,0.004680,0.000309,-0.001324,0.002115,0.003518,-0.001719,-0.001097,-0.000557,0.002085,-0.001174,-0.004582,0.005763,-0.003433,0.000125,0.002966,-0.001034,0.000049
0.000767,-0.000330,0.000150,0.000011,0.000060,0.000039,0.000846,-0.000375,-0.000119,-0.000150,0.000043,0.000277,-0.000067,-0.000589,-0.000240,-0.000009,0.000065,-0.000481,-0.000011,-0.000018,-0.000035,0.000638,0.001415,-0.000079,0.001620,0.000962,0.000909,0.000298,0.000018,0.000043,-0.000106,0.000312,0.000087,0.000053,-0.000161,0.000506,-0.000196,0.000040,-0.000195,0.000013,0.000083
-0.001000,-0.000833,0.003462,-0.000185,-0.000262,-0.000174,-0.000006,0.002385,-0.000398,-0.001505,-0.000437,-0.001428,0.003540,0.000395,-0.000354,-0.000132,-0.000004,-0.001748,-0.000087,-0.000533,-0.000220,0.004232,-0.000079,0.025690,-0.000247,-0.000174,-0.002200,0.000940,0.007533,-0.001260,-0.000400,-0.000339,0.002301,-0.000821,-0.000400,0.006509,-0.001025,-0.001161,0.007615,-0.000209,0.001018
0.001341,-0.002248,0.010079,0.001869,0.000236,0.000363,0.007711,0.010348,-0.002456,-0.003239,0.001222,0.004072,0.005734,-0.005393,-0.000124,-0.001740,0.006597,-0.003593,0.000959,0.003944,-0.000034,0.004680,0.001620,-0.000247,0.097525,0.000158,0.005363,0.005837,-0.000268,-0.000350,-0.001846,0.002056,0.005065,0.001363,-0.003102,0.003179,0.000271,-0.000110,0.005734,-0.000866,0.005917
0.000343,-0.000449,-0.000014,-0.000046,0.000185,-0.000060,0.000896,-0.000194,-0.000104,-0.000129,0.000203,0.000346,-0.000106,-0.000639,-0.000091,0.000022,-0.000039,-0.000537,-0.000022,0.000160,-0.000055,0.000309,0.000962,-0.000174,0.000158,0.003328,0.000447,0.000096,-0.000096,-0.000292,0.000214,-0.000030,0.000429,0.001395,0.000450,0.000174,-0.000492,0.001070,0.000466,-0.000052,-0.000067
0.006186,0.000325,0.000212,0.000195,0.001184,0.000581,0.004126,0.004062,0.000250,0.001571,0.000887,-0.004881,0.007077,-0.005346,-0.001282,0.000361,0.001993,-0.000634,0.000006,0.000257,0.000531,-0.001324,0.000909,-0.002200,0.005363,0.000447,0.102318,0.000398,-0.000691,0.005317,-0.000317,-0.000395,0.001163,0.003255,0.002481,0.000633,-0.000478,0.001704,0.004376,0.000121,-0.000858
0.002644,-0.001295,0.001044,-0.000644,0.000062,0.000499,0.000296,0.000162,0.000019,-0.000815,0.000399,-0.004145,-0.000189,0.001068,0.001882,-0.000018,0.000481,-0.000205,-0.000326,0.000497,0.000832,0.002115,0.000298,0.000940,0.005837,0.000096,0.000398,0.058324,0.000305,0.000161,0.000210,0.000360,0.001256,-0.000037,0.000906,0.000144,0.000200,0.000510,-0.000613,-0.000427,0.000313
-0.000726,-0.000534,0.001904,-0.000102,-0.000045,-0.000106,0.000682,0.001606,-0.000276,-0.000503,-0.000173,0.001619,0.001222,-0.000335,0.002851,0.000211,-0.000199,-0.001306,-0.000048,-0.000293,-0.000121,0.003518,0.000018,0.007533,-0.000268,-0.000096,-0.000691,0.000305,0.014302,-0.000379,-0.000184,-0.000186,0.003069,-0.000254,-0.000606,0.003103,-0.001544,-0.000746,0.003165,-0.000115,0.000562
0.003240,0.000475,-0.000806,0.000309,0.002242,0.000416,0.002885,-0.000859,0.000598,0.008057,0.002017,-0.002549,0.004474,0.003336,0.003452,0.006263,0.001852,-0.000179,0.000095,0.003551,-0.000349,-0.001719,0.000043,-0.001260,-0.000350,-0.000292,0.005317,0.000161,-0.000379,0.022858,0.002461,-0.000162,0.001275,0.003630,0.002582,0.000663,0.005298,0.003131,0.003183,0.000753,-0.000405
0.000905,-0.000550,-0.000378,0.000164,0.000696,0.000203,0.000534,-0.000387,0.001010,0.003035,0.000504,-0.001253,0.004302,0.008142,0.000589,0.001676,-0.001287,0.001130,0.000053,-0.000069,-0.000008,-0.001097,-0.000106,-0.000400,-0.001846,0.000214,-0.000317,0.000210,-0.000184,0.002461,0.012512,-0.000419,0.000074,0.001752,-0.000163,-0.000619,-0.002545,0.000798,0.001585,0.000297,-0.000288
0.002342,-0.000601,-0.000442,-0.000090,-0.000093,0.000539,-0.000651,0.000545,0.000020,-0.000210,-0.000155,0.000776,0.000816,-0.001040,0.002379,-0.000011,0.000346,-0.000730,-0.000042,-0.000260,0.000113,-0.000557,0.000312,-0.000339,0.002056,-0.000030,-0.000395,0.000360,-0.000186,-0.000162,-0.000419,0.005359,-0.000579,-0.000138,-0.000570,0.000080,-0.000804,-0.000312,-0.000363,-0.000060,0.000441
-0.000081,-0.000992,0.002073,0.000335,0.000818,-0.000009,0.004619,0.005583,-0.000265,0.000683,0.000789,0.001032,0.002933,-0.002588,0.001390,0.000630,0.000471,-0.001528,0.000068,0.001962,-0.000202,0.002085,0.000087,0.002301,0.005065,0.000429,0.001163,0.001256,0.003069,0.001275,0.000074,-0.000579,0.010019,0.000822,0.001122,0.002222,0.000179,0.001638,0.000049,-0.000365,0.000751
0.002442,-0.001444,-0.000457,0.001032,0.002420,-0.000137,0.003267,0.001097,-0.000047,0.001221,0.002718,-0.000331,0.001524,-0.001960,0.000441,0.000987,-0.000009,-0.000285,0.000429,0.002014,0.000065,-0.001174,0.000053,-0.000821,0.001363,0.001395,0.003255,-0.000037,-0.000254,0.003630,0.001752,-0.000138,0.000822,0.011683,0.001671,-0.000324,0.000117,0.006543,0.000929,-0.000378,-0.000301
-0.000510,-0.002163,-0.001350,0.000408,0.001260,0.000138,0.000327,-0.003447,0.000400,0.003443,0.001047,-0.003241,-0.001776,-0.000126,-0.001200,0.000681,0.000318,0.000942,0.000162,-0.000702,-0.000720,-0.004582,-0.000161,-0.000400,-0.003102,0.000450,0.002481,0.000906,-0.000606,0.002582,-0.000163,-0.000570,0.001122,0.001671,0.024480,-0.000845,0.003431,0.004335,-0.000523,-0.000553,-0.000764
0.002405,0.000804,0.003415,-0.000307,-0.000006,0.000205,0.001726,-0.000567,-0.000228,-0.000491,0.000009,0.002442,0.004069,-0.001215,-0.000004,0.000018,0.000213,-0.001992,-0.000399,0.000066,0.000294,0.005763,0.000506,0.006509,0.003179,0.000174,0.000633,0.000144,0.003103,0.000663,-0.000619,0.000080,0.002222,-0.000324,-0.000845,0.018609,-0.000035,-0.000458,0.005927,0.000044,0.000989
0.002424,0.000808,0.000470,0.000404,-0.000021,0.001668,0.000579,-0.003335,-0.000987,0.003479,0.000727,-0.001809,-0.000533,-0.001789,-0.002332,0.001221,0.006895,0.002120,0.000170,0.003000,0.000205,-0.003433,-0.000196,-0.001025,0.000271,-0.000492,-0.000478,0.000200,-0.001544,0.005298,-0.002545,-0.000804,0.000179,0.000117,0.003431,-0.000035,0.027757,0.001518,-0.000264,-0.000039,0.001068
0.001963,-0.000740,0.000163,0.002472,0.003062,-0.000264,0.002843,-0.000013,-0.000353,0.000627,0.003872,0.000007,0.001506,-0.001634,0.002361,0.000411,0.000681,0.000795,0.000782,0.002963,-0.000139,0.000125,0.000040,-0.001161,-0.000110,0.001070,0.001704,0.000510,-0.000746,0.003131,0.000798,-0.000312,0.001638,0.006543,0.004335,-0.000458,0.001518,0.015496,-0.000171,-0.000332,-0.000370
0.003496,0.002269,0.002395,-0.000583,0.000325,0.001068,0.002793,0.003786,0.000853,0.001584,0.000416,0.000004,0.005854,0.000952,0.004754,0.002639,0.002051,-0.001300,-0.000468,0.000725,0.000556,0.002966,-0.000195,0.007615,0.005734,0.000466,0.004376,-0.000613,0.003165,0.003183,0.001585,-0.000363,0.000049,0.000929,-0.000523,0.005927,-0.000264,-0.000171,0.040214,0.000024,0.001277
0.000218,-0.000229,-0.000253,-0.000056,-0.000108,-0.000113,0.000060,0.000744,0.000002,0.001357,-0.000116,0.000383,0.000696,0.000348,-0.002097,0.001192,0.000087,-0.000168,-0.000026,-0.000160,-0.000066,-0.001034,0.000013,-0.000209,-0.000866,-0.000052,0.000121,-0.000427,-0.000115,0.000753,0.000297,-0.000060,-0.000365,-0.000378,-0.000553,0.000044,-0.000039,-0.000332,0.000024,0.003730,-0.000120
-0.000472,0.000315,0.001824,0.000008,-0.000099,0.000291,0.000543,0.000086,-0.000294,-0.000715,-0.000108,0.000808,0.001841,-0.000204,0.000205,-0.000291,0.002169,-0.000227,0.000072,0.000150,0.000786,0.000049,0.000083,0.001018,0.005917,-0.000067,-0.000858,0.000313,0.000562,-0.000405,-0.000288,0.000441,0.000751,-0.000301,-0.000764,0.000989,0.001068,-0.000370,0.001277,-0.000120,0.002265
