0.189859,0.039605,0.110383,-0.002160,0.109596,0.159851,0.231085,1.001783,0.075412,0.123900,0.139700,-0.023382,0.068958,-0.020039,0.212027,0.444977,0.003105,-0.000344,-0.002651,0.010284,0.017694,0.005575,0.208365,0.002274,0.006669,-0.000020,0.050008,0.003284,0.003407,0.910596,0.011006,0.045709,0.125738,0.102789,0.003565,0.074069,0.021234,-0.005991,0.146714,0.008436,0.261231
0.039605,0.466856,0.013782,-0.009200,-0.097249,0.144419,-0.176891,-0.847154,0.021406,0.091873,-0.150206,-0.071343,-0.000020,0.077839,0.017307,-0.109707,0.008034,0.006178,0.000527,0.023767,0.049357,-0.010127,-0.337776,-0.004814,-0.001426,-0.006083,0.000806,0.000452,0.000311,0.256845,-0.021384,-0.034633,-0.031560,-0.146670,-0.000661,0.007928,0.146509,-0.011477,0.004488,-0.009228,0.524626
0.110383,0.013782,1.492154,0.011422,0.119825,0.076744,0.639959,0.626320,-0.177741,-0.159528,-0.031571,0.034131,0.215651,-0.064026,0.155372,-0.373153,0.013348,-0.006444,-0.004885,-0.013990,0.005779,0.038869,0.442532,0.032183,0.106446,-0.000917,0.033818,0.000296,0.037242,-0.645166,-0.090589,0.053747,0.441552,0.030505,-0.152468,0.317316,0.020826,-0.004905,0.558341,-0.009931,0.661225
-0.002160,-0.009200,0.011422,0.035960,0.109603,0.002874,0.066323,-0.128752,0.004697,-0.001081,0.156821,-0.006197,0.002694,-0.000649,0.003562,-0.025755,0.000206,0.000574,0.008958,0.000431,-0.000429,-0.000415,0.006693,-0.000426,0.003201,0.000057,-0.000272,0.000515,-0.000626,0.242813,0.000863,-0.001219,0.020209,0.170934,0.028078,-0.002808,0.003215,0.071595,0.001391,-0.000993,0.004571
0.109596,-0.097249,0.119825,0.109603,2.806119,0.039813,0.957849,0.802093,-0.016284,0.132851,2.801934,-0.073972,0.102143,-0.030316,0.316735,0.149119,-0.000521,0.000432,0.004198,0.119346,0.010588,0.007125,0.443203,-0.006930,0.002106,0.005648,0.054071,0.003756,-0.008100,5.053082,0.054714,-0.002971,0.522418,2.186502,0.298468,-0.004927,-0.044178,0.881886,0.079027,-0.023269,0.074677
0.159851,0.144419,0.076744,0.002874,0.039813,0.891701,0.093609,-0.330101,0.415396,0.148482,0.018743,-0.126117,0.065430,0.006928,0.153433,0.777596,0.003352,0.006373,-0.000765,-0.000305,0.053950,-0.009962,0.181405,-0.003870,0.003113,0.000974,0.018502,0.002271,-0.002093,0.647341,0.162121,0.065767,0.022201,-0.016321,0.050849,0.005481,0.068099,-0.044613,0.036219,-0.009504,0.833336
0.231085,-0.176891,0.639959,0.066323,0.957849,0.093609,3.195321,5.477460,0.246485,0.093346,1.428603,-0.080368,0.221602,-0.226885,0.470130,0.765972,0.002853,-0.015410,-0.010046,0.080587,-0.022832,0.053734,0.756464,0.030683,0.037532,0.011352,0.114286,0.006199,0.026231,3.676543,-0.178595,-0.086211,1.176920,1.347205,0.103210,0.217724,-0.094327,0.339314,0.492400,0.008763,0.269715
1.001783,-0.847154,0.626320,-0.128752,0.802093,-0.330101,5.477460,65.295609,-1.964142,-0.558636,0.633225,-0.167510,0.743706,-1.138076,2.048935,3.502589,-0.017668,-0.122299,-0.100373,0.028514,-0.156492,0.292869,4.496259,0.052771,0.314810,0.042633,0.641853,0.019892,0.095687,7.576974,-0.892172,0.130467,2.309839,1.060902,-1.831064,0.887171,-0.996842,-0.794850,1.719274,0.183358,0.230569
0.075412,0.021406,-0.177741,0.004697,-0.016284,0.415396,0.246485,-1.964142,2.285558,0.125684,-0.159266,0.076164,0.044034,0.201463,0.163399,0.774291,-0.010009,0.005968,-0.007006,-0.012096,0.009206,-0.011420,-0.167901,-0.005075,-0.033453,0.001769,-0.001906,0.002053,-0.009541,-1.170602,0.312624,0.008432,-0.157490,-0.050249,0.047894,0.003562,-0.102381,-0.090885,-0.027319,-0.002124,-0.116592
0.123900,0.091873,-0.159528,-0.001081,0.132851,0.148482,0.093346,-0.558636,0.125684,2.222225,0.224770,-0.302215,0.140893,0.232776,0.259349,3.071750,0.011040,0.000763,-0.004191,0.057311,-0.015917,-0.024961,0.047907,-0.007291,-0.029202,-0.015552,0.041853,0.001539,-0.000869,7.329149,0.676463,-0.040745,0.165664,-0.008378,0.263701,-0.046314,0.196437,-0.128347,0.069603,0.078383,-0.185754
0.139700,-0.150206,-0.031571,0.156821,2.801934,0.018743,1.428603,0.633225,-0.159266,0.224770,5.967241,-0.185288,0.109431,-0.094204,0.400490,0.421169,0.000320,0.003949,-0.002492,0.165084,-0.005983,-0.002423,0.539994,-0.019199,-0.003352,0.042696,0.072994,0.006576,-0.025327,8.456550,0.131953,-0.043328,0.897419,3.701947,0.483483,-0.039977,-0.023769,1.492274,-0.040910,-0.007124,-0.000676
-0.023382,-0.071343,0.034131,-0.006197,-0.073972,-0.126117,-0.080368,-0.167510,0.076164,-0.302215,-0.185288,0.401756,-0.014091,-0.021475,-0.023220,-0.583662,-0.005614,-0.001466,0.000377,-0.000673,-0.009691,0.009454,-0.008698,-0.001276,0.004119,0.001887,-0.001758,-0.000025,0.002266,-1.997244,-0.134004,0.049360,-0.014948,-0.083190,-0.068339,0.000720,-0.084541,-0.011899,-0.026677,-0.040889,-0.296286
0.068958,-0.000020,0.215651,0.002694,0.102143,0.065430,0.221602,0.743706,0.044034,0.140893,0.109431,-0.014091,0.198725,0.043507,0.152412,0.400224,0.002545,-0.001232,-0.002220,0.002539,0.006079,0.009757,0.159742,0.013727,0.011563,0.001610,0.027942,0.005012,0.016473,0.684631,0.266961,0.015739,0.169279,0.094075,-0.000014,0.152529,-0.000103,0.005737,0.274929,0.010957,0.167006
-0.020039,0.077839,-0.064026,-0.000649,-0.030316,0.006928,-0.226885,-1.138076,0.201463,0.232776,-0.094204,-0.021475,0.043507,0.406704,0.003685,0.329407,-0.000262,0.002961,0.002469,-0.003085,-0.000537,-0.011663,-0.267168,-0.004465,-0.012469,-0.007622,-0.016262,-0.000213,-0.002314,0.505348,0.602729,-0.026650,-0.102945,-0.100046,0.019108,0.003561,0.009669,-0.042615,-0.012645,0.008498,-0.076221
0.212027,0.017307,0.155372,0.003562,0.316735,0.153433,0.470130,2.048935,0.163399,0.259349,0.400490,-0.023220,0.152412,0.003685,0.585485,0.837891,0.002735,-0.001526,-0.002846,0.015597,0.020940,0.009435,0.350739,-0.001627,0.006494,0.004126,0.098201,0.006754,0.003731,1.764732,0.239930,0.044765,0.228036,0.338852,0.002450,0.100893,-0.011220,0.069552,0.261642,0.018283,0.284625
0.444977,-0.109707,-0.373153,-0.025755,0.149119,0.777596,0.765972,3.502589,0.774291,3.071750,0.421169,-0.583662,0.400224,0.329407,0.837891,12.006594,0.008310,-0.005720,-0.012227,0.051102,-0.037168,-0.019512,0.883750,-0.027686,-0.062266,-0.013892,0.184178,0.010310,-0.031418,16.104977,1.108013,0.059989,0.499248,-0.284288,0.346332,0.090481,0.102530,-0.306460,0.322483,0.281457,-0.386707
0.003105,0.008034,0.013348,0.000206,-0.000521,0.003352,0.002853,-0.017668,-0.010009,0.011040,0.000320,-0.005614,0.002545,-0.000262,0.002735,0.008310,0.001456,0.000225,0.000018,0.001072,0.001922,-0.000205,-0.001712,0.000173,0.001390,-0.000270,0.000434,0.000090,0.000192,0.085909,-0.004269,-0.000856,0.009305,-0.001842,0.001542,0.001936,0.012181,0.000136,0.006563,0.000764,0.027439
-0.000344,0.006178,-0.006444,0.000574,0.000432,0.006373,-0.015410,-0.122299,0.005968,0.000763,0.003949,-0.001466,-0.001232,0.002961,-0.001526,-0.005720,0.000225,0.000821,0.000300,0.000190,0.002721,-0.001328,-0.012507,-0.000589,-0.001190,-0.000099,-0.000878,0.000008,-0.000507,-0.011592,0.003605,-0.000157,-0.008915,0.001728,0.006144,-0.002975,0.008639,0.003552,-0.007099,-0.000474,0.020179
-0.002651,0.000527,-0.004885,0.008958,0.004198,-0.000765,-0.010046,-0.100373,-0.007006,-0.004191,-0.002492,0.000377,-0.002220,0.002469,-0.002846,-0.012227,0.000018,0.000300,0.009173,-0.000356,-0.000186,-0.000599,-0.007518,0.000031,-0.000691,0.000014,-0.000482,0.000460,-0.000152,-0.007192,0.001961,-0.000377,-0.006055,0.010738,0.018140,-0.002997,0.002657,0.012128,0.000293,-0.000138,-0.004607
0.010284,0.023767,-0.013990,0.000431,0.119346,-0.000305,0.080587,0.028514,-0.012096,0.057311,0.165084,-0.000673,0.002539,-0.003085,0.015597,0.051102,0.001072,0.000190,-0.000356,0.062278,0.001719,-0.000298,-0.001474,-0.000697,-0.000890,-0.000350,0.004544,0.000150,-0.000467,0.937196,-0.028028,-0.004486,0.060579,0.141880,-0.011906,0.001662,0.012723,0.031138,0.006575,-0.002099,0.000964
0.017694,0.049357,0.005779,-0.000429,0.010588,0.053950,-0.022832,-0.156492,0.009206,-0.015917,-0.005983,-0.009691,0.006079,-0.000537,0.020940,-0.037168,0.001922,0.002721,-0.000186,0.001719,0.032436,-0.003302,-0.021633,-0.000492,-0.002090,-0.000280,0.002098,0.000534,-0.000133,-0.098259,0.007819,0.002982,-0.012234,-0.002294,-0.008245,0.003267,0.041366,-0.004313,0.003014,-0.000570,0.204923
0.005575,-0.010127,0.038869,-0.000415,0.007125,-0.009962,0.053734,0.292869,-0.011420,-0.024961,-0.002423,0.009454,0.009757,-0.011663,0.009435,-0.019512,-0.000205,-0.001328,-0.000599,-0.000298,-0.003302,0.006577,0.031183,0.003203,0.004554,0.000558,0.003506,0.000439,0.002867,-0.062829,-0.018785,0.002160,0.030501,0.003196,-0.017153,0.023294,-0.015671,-0.001748,0.043350,-0.000043,-0.019133
0.208365,-0.337776,0.442532,0.006693,0.443203,0.181405,0.756464,4.496259,-0.167901,0.047907,0.539994,-0.008698,0.159742,-0.267168,0.350739,0.883750,-0.001712,-0.012507,-0.007518,-0.001474,-0.021633,0.031183,2.079168,0.008403,0.056052,0.010212,0.095803,0.001784,-0.003106,2.442965,-0.197710,0.324359,0.202572,0.526700,-0.070285,0.115035,-0.123367,0.098315,0.242474,0.042773,0.199387
0.002274,-0.004814,0.032183,-0.000426,-0.006930,-0.003870,0.030683,0.052771,-0.005075,-0.007291,-0.019199,-0.001276,0.013727,-0.004465,-0.001627,-0.027686,0.000173,-0.000589,0.000031,-0.000697,-0.000492,0.003203,0.008403,0.024208,-0.000435,-0.000256,-0.000661,0.000401,0.016477,-0.121708,-0.000974,-0.000254,0.049436,-0.013253,-0.002975,0.032034,-0.004884,-0.010234,0.074918,-0.001328,0.030422
0.006669,-0.001426,0.106446,0.003201,0.002106,0.003113,0.037532,0.314810,-0.033453,-0.029202,-0.003352,0.004119,0.011563,-0.012469,0.006494,-0.062266,0.001390,-0.001190,-0.000691,-0.000890,-0.002090,0.004554,0.056052,-0.000435,0.065128,-0.000612,0.002433,-0.000530,-0.000058,-0.040269,-0.043515,0.012463,0.061056,0.000350,-0.019468,0.008420,-0.000345,-0.006813,0.027659,-0.003593,0.077330
-0.000020,-0.006083,-0.000917,0.000057,0.005648,0.000974,0.011352,0.042633,0.001769,-0.015552,0.042696,0.001887,0.001610,-0.007622,0.004126,-0.013892,-0.000270,-0.000099,0.000014,-0.000350,-0.000280,0.000558,0.010212,-0.000256,-0.000612,0.012953,0.000406,-0.000075,-0.000200,-0.077636,-0.002761,-0.001499,0.007160,0.032745,0.001132,-0.000356,-0.006332,0.008443,0.001062,-0.000568,-0.003389
0.050008,0.000806,0.033818,-0.000272,0.054071,0.018502,0.114286,0.641853,-0.001906,0.041853,0.072994,-0.001758,0.027942,-0.016262,0.098201,0.184178,0.000434,-0.000878,-0.000482,0.004544,0.002098,0.003506,0.095803,-0.000661,0.002433,0.000406,0.035234,0.003513,0.001420,0.300410,-0.008911,0.018248,0.064787,0.066802,-0.003835,0.027488,-0.007462,0.010425,0.063047,0.004997,0.057246
0.003284,0.000452,0.000296,0.000515,0.003756,0.002271,0.006199,0.019892,0.002053,0.001539,0.006576,-0.000025,0.005012,-0.000213,0.006754,0.010310,0.000090,0.000008,0.000460,0.000150,0.000534,0.000439,0.001784,0.000401,-0.000530,-0.000075,0.003513,0.012600,0.000296,0.016347,0.001799,0.000227,0.005104,0.006715,0.002665,-0.000452,0.000278,0.003086,0.004301,0.000179,0.002381
0.003407,0.000311,0.037242,-0.000626,-0.008100,-0.002093,0.026231,0.095687,-0.009541,-0.000869,-0.025327,0.002266,0.016473,-0.002314,0.003731,-0.031418,0.000192,-0.000507,-0.000152,-0.000467,-0.000133,0.002867,-0.003106,0.016477,-0.000058,-0.000200,0.001420,0.000296,0.021712,-0.155644,0.004824,-0.001916,0.043451,-0.015220,-0.004326,0.030988,-0.005169,-0.010971,0.075804,-0.000653,0.032878
0.910596,0.256845,-0.645166,0.242813,5.053082,0.647341,3.676543,7.576974,-1.170602,7.329149,8.456550,-1.997244,0.684631,0.505348,1.764732,16.104977,0.085909,-0.011592,-0.007192,0.937196,-0.098259,-0.062829,2.442965,-0.121708,-0.040269,-0.077636,0.300410,0.016347,-0.155644,99.023670,1.750218,0.118730,2.077251,5.701034,0.385966,-0.059408,1.119546,1.404444,0.385868,0.486575,-0.777402
0.011006,-0.021384,-0.090589,0.000863,0.054714,0.162121,-0.178595,-0.892172,0.312624,0.676463,0.131953,-0.134004,0.266961,0.602729,0.239930,1.108013,-0.004269,0.003605,0.001961,-0.028028,0.007819,-0.018785,-0.197710,-0.000974,-0.043515,-0.002761,-0.008911,0.001799,0.004824,1.750218,3.249177,-0.053026,-0.071408,0.010919,0.041148,-0.062411,-0.063927,-0.061700,0.140519,0.023164,0.047644
0.045709,-0.034633,0.053747,-0.001219,-0.002971,0.065767,-0.086211,0.130467,0.008432,-0.040745,-0.043328,0.049360,0.015739,-0.026650,0.044765,0.059989,-0.000856,-0.000157,-0.000377,-0.004486,0.002982,0.002160,0.324359,-0.000254,0.012463,-0.001499,0.018248,0.000227,-0.001916,0.118730,-0.053026,0.262809,-0.044854,-0.001622,-0.027829,0.000823,-0.021459,-0.020600,0.004445,-0.001238,0.008932
0.125738,-0.031560,0.441552,0.020209,0.522418,0.022201,1.176920,2.309839,-0.157490,0.165664,0.897419,-0.014948,0.169279,-0.102945,0.228036,0.499248,0.009305,-0.008915,-0.006055,0.060579,-0.012234,0.030501,0.202572,0.049436,0.061056,0.007160,0.064787,0.005104,0.043451,2.077251,-0.071408,-0.044854,1.691470,0.784511,0.150054,0.126538,-0.003703,0.213505,0.491343,-0.019015,0.373568
0.102789,-0.146670,0.030505,0.170934,2.186502,-0.016321,1.347205,1.060902,-0.050249,-0.008378,3.701947,-0.083190,0.094075,-0.100046,0.338852,-0.284288,-0.001842,0.001728,0.010738,0.141880,-0.002294,0.003196,0.526700,-0.013253,0.000350,0.032745,0.066802,0.006715,-0.015220,5.701034,0.010919,-0.001622,0.784511,4.076517,0.365267,-0.018655,-0.078485,1.183378,0.022494,-0.017002,0.125321
0.003565,-0.000661,-0.152468,0.028078,0.298468,0.050849,0.103210,-1.831064,0.047894,0.263701,0.483483,-0.068339,-0.000014,0.019108,0.002450,0.346332,0.001542,0.006144,0.018140,-0.011906,-0.008245,-0.017153,-0.070285,-0.002975,-0.019468,0.001132,-0.003835,0.002665,-0.004326,0.385966,0.041148,-0.027829,0.150054,0.365267,1.063234,-0.047148,0.086593,0.276974,-0.047009,-0.021736,-0.135560
0.074069,0.007928,0.317316,-0.002808,-0.004927,0.005481,0.217724,0.887171,0.003562,-0.046314,-0.039977,0.000720,0.152529,0.003561,0.100893,0.090481,0.001936,-0.002975,-0.002997,0.001662,0.003267,0.023294,0.115035,0.032034,0.008420,-0.000356,0.027488,-0.000452,0.030988,-0.059408,-0.062411,0.000823,0.126538,-0.018655,-0.047148,0.770604,-0.018805,-0.039561,0.709036,-0.001151,0.198952
0.021234,0.146509,0.020826,0.003215,-0.044178,0.068099,-0.094327,-0.996842,-0.102381,0.196437,-0.023769,-0.084541,-0.000103,0.009669,-0.011220,0.102530,0.012181,0.008639,0.002657,0.012723,0.041366,-0.015671,-0.123367,-0.004884,-0.000345,-0.006332,-0.007462,0.000278,-0.005169,1.119546,-0.063927,-0.021459,-0.003703,-0.078485,0.086593,-0.018805,0.322110,-0.012645,-0.036235,0.004480,0.397368
-0.005991,-0.011477,-0.004905,0.071595,0.881886,-0.044613,0.339314,-0.794850,-0.090885,-0.128347,1.492274,-0.011899,0.005737,-0.042615,0.069552,-0.306460,0.000136,0.003552,0.012128,0.031138,-0.004313,-0.001748,0.098315,-0.010234,-0.006813,0.008443,0.010425,0.003086,-0.010971,1.404444,-0.061700,-0.020600,0.213505,1.183378,0.276974,-0.039561,-0.012645,0.847112,-0.046441,-0.007912,-0.049031
0.146714,0.004488,0.558341,0.001391,0.079027,0.036219,0.492400,1.719274,-0.027319,0.069603,-0.040910,-0.026677,0.274929,-0.012645,0.261642,0.322483,0.006563,-0.007099,0.000293,0.006575,0.003014,0.043350,0.242474,0.074918,0.027659,0.001062,0.063047,0.004301,0.075804,0.385868,0.140519,0.004445,0.491343,0.022494,-0.047009,0.709036,-0.036235,-0.046441,1.252699,0.007485,0.429769
0.008436,-0.009228,-0.009931,-0.000993,-0.023269,-0.009504,0.008763,0.183358,-0.002124,0.078383,-0.007124,-0.040889,0.010957,0.008498,0.018283,0.281457,0.000764,-0.000474,-0.000138,-0.002099,-0.000570,-0.000043,0.042773,-0.001328,-0.003593,-0.000568,0.004997,0.000179,-0.000653,0.486575,0.023164,-0.001238,-0.019015,-0.017002,-0.021736,-0.001151,0.004480,-0.007912,0.007485,0.078657,-0.002178
0.261231,0.524626,0.661225,0.004571,0.074677,0.833336,0.269715,0.230569,-0.116592,-0.185754,-0.000676,-0.296286,0.167006,-0.076221,0.284625,-0.386707,0.027439,0.020179,-0.004607,0.000964,0.204923,-0.019133,0.199387,0.030422,0.077330,-0.003389,0.057246,0.002381,0.032878,-0.777402,0.047644,0.008932,0.373568,0.125321,-0.135560,0.198952,0.397368,-0.049031,0.429769,-0.002178,4.116160
