0.010134,0.003443,-0.001388,0.000957,0.000003,-0.000092,0.000254,-0.000963
0.003443,0.010775,-0.001668,0.000880,-0.000031,-0.000048,0.000472,-0.000602
-0.001388,-0.001668,0.005258,0.000475,0.000005,-0.000062,-0.000447,0.000018
0.000957,0.000880,0.000475,0.013615,-0.000104,-0.000209,-0.000956,-0.000230
0.000003,-0.000031,0.000005,-0.000104,0.000935,-0.000014,0.000021,0.000072
-0.000092,-0.000048,-0.000062,-0.000209,-0.000014,0.005169,0.000119,-0.000098
0.000254,0.000472,-0.000447,-0.000956,0.000021,0.000119,0.002305,0.000190
-0.000963,-0.000602,0.000018,-0.000230,0.000072,-0.000098,0.000190,0.008907
