0.012794,0.004447,-0.001974,0.001076,0.000008,-0.000125,0.000391,-0.001082
0.004447,0.014236,-0.002427,0.001012,-0.000072,-0.000067,0.000744,-0.000692
-0.001974,-0.002427,0.008426,0.000601,0.000012,-0.000094,-0.000775,0.000023
0.001076,0.001012,0.000601,0.013615,-0.000208,-0.000251,-0.001309,-0.000230
0.000008,-0.000072,0.000012,-0.000208,0.003739,-0.000035,0.000057,0.000145
-0.000125,-0.000067,-0.000094,-0.000251,-0.000035,0.007503,0.000196,-0.000118
0.000391,0.000744,-0.000775,-0.001309,0.000057,0.000196,0.004326,0.000260
-0.001082,-0.000692,0.000023,-0.000230,0.000145,-0.000118,0.000260,0.008907
