0.008470,0.005303,-0.000386,-0.000551,0.000000,0.000022,0.000129,-0.000610
0.005303,0.015248,-0.001218,0.000018,0.000000,0.000013,0.000725,-0.001132
-0.000386,-0.001218,0.002632,0.000355,0.000000,-0.000011,-0.000697,-0.000961
-0.000551,0.000018,0.000355,0.008156,0.000000,-0.000006,-0.000711,0.000064
0.000000,0.000000,0.000000,0.000000,0.000000,0.000000,0.000000,0.000000
0.000022,0.000013,-0.000011,-0.000006,0.000000,0.000153,0.000027,0.000016
0.000129,0.000725,-0.000697,-0.000711,0.000000,0.000027,0.003437,0.000763
-0.000610,-0.001132,-0.000961,0.000064,0.000000,0.000016,0.000763,0.012341
