0.008547,0.005531,-0.000381,-0.000491,0.000000,0.000056,0.000072,-0.000621
0.005531,0.015257,-0.001130,0.000150,0.000000,0.000001,0.000602,-0.001488
-0.000381,-0.001130,0.002329,0.000187,0.000000,-0.000000,-0.000610,-0.000584
-0.000491,0.000150,0.000187,0.008065,0.000000,-0.000012,-0.000484,-0.000005
0.000000,0.000000,0.000000,0.000000,0.000000,0.000000,0.000000,0.000000
0.000056,0.000001,-0.000000,-0.000012,0.000000,0.000260,0.000028,-0.000008
0.000072,0.000602,-0.000610,-0.000484,0.000000,0.000028,0.003214,0.000559
-0.000621,-0.001488,-0.000584,-0.000005,0.000000,-0.000008,0.000559,0.011538
