0.010373,0.007148,-0.000452,-0.000852,0.000000,0.000068,-0.000152,-0.000442
0.007148,0.020725,-0.001555,0.000326,0.000000,0.000042,0.000827,-0.001722
-0.000452,-0.001555,0.003944,0.000180,0.000000,-0.000016,-0.000793,-0.000679
-0.000852,0.000326,0.000180,0.007704,0.000000,-0.000032,-0.000592,-0.000140
0.000000,0.000000,0.000000,0.000000,0.000000,0.000000,0.000000,0.000000
0.000068,0.000042,-0.000016,-0.000032,0.000000,0.000423,0.000057,0.000009
-0.000152,0.000827,-0.000793,-0.000592,0.000000,0.000057,0.005770,0.000618
-0.000442,-0.001722,-0.000679,-0.000140,0.000000,0.000009,0.000618,0.011133
