0.010468,0.006892,-0.000402,-0.000762,0.000000,0.000031,0.000115,-0.000755
0.006892,0.020049,-0.001764,-0.000033,0.000000,0.000039,0.001078,-0.001872
-0.000402,-0.001764,0.004265,0.000562,0.000000,-0.000027,-0.000967,-0.000911
-0.000762,-0.000033,0.000562,0.008403,0.000000,-0.000036,-0.000967,-0.000134
0.000000,0.000000,0.000000,0.000000,0.000000,0.000000,0.000000,0.000000
0.000031,0.000039,-0.000027,-0.000036,0.000000,0.000323,0.000054,0.000008
0.000115,0.001078,-0.000967,-0.000967,0.000000,0.000054,0.006376,0.000842
-0.000755,-0.001872,-0.000911,-0.000134,0.000000,0.000008,0.000842,0.012590
