1.003187,-0.405032,0.207964,-0.010946,-2.737637,-0.010794,-0.045141,-0.015707
-0.405032,77.659277,-0.998120,-0.093934,-895.728798,-0.195735,0.181073,-0.759490
0.207964,-0.998120,2.610182,0.198535,-52.580084,-0.027707,0.133339,-0.015034
-0.010946,-0.093934,0.198535,0.113586,-8.540397,-0.005318,0.011851,0.003862
-2.737637,-895.728798,-52.580084,-8.540397,694377.066050,92.394500,-60.392742,69.625857
-0.010794,-0.195735,-0.027707,-0.005318,92.394500,104.752621,0.163980,0.066121
-0.045141,0.181073,0.133339,0.011851,-60.392742,0.163980,2.277263,-0.993943
-0.015707,-0.759490,-0.015034,0.003862,69.625857,0.066121,-0.993943,1.997833
