1.084608,-0.520732,0.228180,-0.010404,-3.707773,-0.015630,-0.045485,-0.014755
-0.520732,78.027381,-1.069498,-0.107582,-959.834881,-0.196542,0.250095,-0.805845
0.228180,-1.069498,2.555414,0.185674,-52.407357,-0.042276,0.133109,-0.008123
-0.010404,-0.107582,0.185674,0.075168,-6.350035,-0.006494,0.013123,0.005683
-3.707773,-959.834881,-52.407357,-6.350035,691183.060580,96.084647,-65.052026,73.716282
-0.015630,-0.196542,-0.042276,-0.006494,96.084647,104.756644,0.160981,0.075161
-0.045485,0.250095,0.133109,0.013123,-65.052026,0.160981,2.300609,-1.003786
-0.014755,-0.805845,-0.008123,0.005683,73.716282,0.075161,-1.003786,2.027120
