0.004771,-0.000548,0.000102,-0.000022,-0.000005,-0.000001,-0.000331,-0.000108
-0.000548,0.029857,-0.000139,-0.000055,-0.000492,-0.000003,0.000377,-0.001483
0.000102,-0.000139,0.000131,0.000042,-0.000010,-0.000000,0.000100,-0.000011
-0.000022,-0.000055,0.000042,0.000100,-0.000007,-0.000000,0.000037,0.000011
-0.000005,-0.000492,-0.000010,-0.000007,0.000545,0.000002,-0.000180,0.000194
-0.000001,-0.000003,-0.000000,-0.000000,0.000002,0.000068,0.000014,0.000005
-0.000331,0.000377,0.000100,0.000037,-0.000180,0.000014,0.025718,-0.010521
-0.000108,-0.001483,-0.000011,0.000011,0.000194,0.000005,-0.010521,0.019819
