0.302441,-0.000079,0.005224,0.047507,-0.000141,0.000466,-0.026220,0.000075,-0.000539,-0.000410,0.005994
-0.000079,0.004268,-0.000474,0.000601,-0.000007,-0.004622,-0.013854,0.000000,-0.000014,0.000068,0.000366
0.005224,-0.000474,0.004934,0.004263,0.000014,0.003201,0.040344,0.000004,-0.000212,0.000281,-0.000094
0.047507,0.000601,0.004263,0.538086,-0.000106,-0.026129,0.025655,0.000073,-0.002326,-0.000906,0.002419
-0.000141,-0.000007,0.000014,-0.000106,0.000124,-0.000650,-0.001025,-0.000000,0.000000,-0.000001,-0.000266
0.000466,-0.004622,0.003201,-0.026129,-0.000650,5.587324,3.269618,0.000014,0.002843,0.003569,-0.000297
-0.026220,-0.013854,0.040344,0.025655,-0.001025,3.269618,132.980392,0.000063,-0.026175,-0.016236,0.087627
0.000075,0.000000,0.000004,0.000073,-0.000000,0.000014,0.000063,0.000000,0.000000,0.000000,-0.000014
-0.000539,-0.000014,-0.000212,-0.002326,0.000000,0.002843,-0.026175,0.000000,0.001689,0.000080,0.000056
-0.000410,0.000068,0.000281,-0.000906,-0.000001,0.003569,-0.016236,0.000000,0.000080,0.005243,-0.000197
0.005994,0.000366,-0.000094,0.002419,-0.000266,-0.000297,0.087627,-0.000014,0.000056,-0.000197,0.093008
