0.704887,0.002378,0.009956,0.476770,0.000050,-0.439318,3.282202,0.000697,-0.053826,0.001632,-0.136558
0.002378,0.006382,0.003512,-0.011698,0.000310,-0.382525,0.086801,-0.000004,0.000172,0.001105,0.011284
0.009956,0.003512,0.009202,0.048483,0.000354,0.232378,0.473800,0.000059,-0.002185,-0.000691,-0.026211
0.476770,-0.011698,0.048483,19.243194,-0.012298,11.090268,44.593326,0.011394,-0.143757,-0.027076,-2.260099
0.000050,0.000310,0.000354,-0.012298,0.000410,0.024104,0.022987,0.000003,-0.000516,-0.000092,-0.005815
-0.439318,-0.382525,0.232378,11.090268,0.024104,176.488408,226.411760,0.009251,-0.093145,0.134765,-4.034484
3.282202,0.086801,0.473800,44.593326,0.022987,226.411760,1026.810839,0.047702,-0.050194,-0.045935,-18.187365
0.000697,-0.000004,0.000059,0.011394,0.000003,0.009251,0.047702,0.000009,-0.000040,-0.000021,-0.002711
-0.053826,0.000172,-0.002185,-0.143757,-0.000516,-0.093145,-0.050194,-0.000040,0.022749,0.001557,0.019444
0.001632,0.001105,-0.000691,-0.027076,-0.000092,0.134765,-0.045935,-0.000021,0.001557,0.007755,0.018831
-0.136558,0.011284,-0.026211,-2.260099,-0.005815,-4.034484,-18.187365,-0.002711,0.019444,0.018831,1.400328
