0.049824,-0.015240,-0.028100,-0.001917,0.000437,-0.002526,-0.010120,0.001036
-0.015240,0.050526,-0.023679,0.001344,0.001464,-0.011502,-0.011621,-0.001061
-0.028100,-0.023679,0.091568,-0.012423,0.027640,-0.005294,0.010926,-0.010161
-0.001917,0.001344,-0.012423,0.026129,-0.022482,-0.005150,-0.015681,0.008815
0.000437,0.001464,0.027640,-0.022482,0.034079,-0.009562,0.011277,-0.007723
-0.002526,-0.011502,-0.005294,-0.005150,-0.009562,0.040804,-0.009058,0.002398
-0.010120,-0.011621,0.010926,-0.015681,0.011277,-0.009058,0.037222,-0.008615
0.001036,-0.001061,-0.010161,0.008815,-0.007723,0.002398,-0.008615,0.023385
