2.152081,-0.001081,-0.001890,-0.002188,-0.004118,-0.003550
-0.001081,0.000533,-0.000258,0.004440,-0.000588,-0.000015
-0.001890,-0.000258,0.063379,0.051613,0.042166,0.000482
-0.002188,0.004440,0.051613,0.295935,-0.051933,-0.000164
-0.004118,-0.000588,0.042166,-0.051933,0.061519,0.000437
-0.003550,-0.000015,0.000482,-0.000164,0.000437,0.009764
