2.031799,-0.001313,0.001172,-0.002293,0.000275,-0.002807
-0.001313,0.000536,-0.000252,0.004508,-0.000637,0.000006
0.001172,-0.000252,0.063409,0.051471,0.042330,0.000785
-0.002293,0.004508,0.051471,0.294872,-0.050640,-0.000358
0.000275,-0.000637,0.042330,-0.050640,0.060481,0.000701
-0.002807,0.000006,0.000785,-0.000358,0.000701,0.009166
