0.275384,0.082436,0.329983,0.063718,0.532251,0.244367,0.504443,1.762208,0.073817,0.161255,0.091421,-0.036089,0.187129,-0.031388,0.413208,1.255374,0.009530,0.000244,0.009099,-0.004391,0.175444,0.010268,0.161000,0.000000,0.000000,-0.085337,0.100291,-0.021724,0.000000,2.183858,0.078019,0.026747,0.057939,0.150507,0.012954,0.160232,0.043423,0.018203,0.296356,0.049370,0.340881
0.082436,0.650223,0.339615,-0.075806,-0.079074,0.268778,-0.460080,-2.331193,0.035594,0.205042,-0.138352,-0.109908,-0.002406,-0.046440,0.047618,0.373642,0.016087,0.008333,-0.015735,0.071386,0.054540,-0.020986,0.072277,0.000000,0.000000,-0.348155,-0.006642,-0.012308,0.000000,0.526524,-0.173628,-0.004745,0.055367,-0.366246,0.174324,0.035844,0.261332,0.011397,0.028504,0.130675,0.502702
0.329983,0.339615,2.341248,0.064252,1.279194,1.023076,0.698682,1.679612,0.043313,0.105420,0.181360,-0.187570,0.351101,0.028365,0.518606,-0.185747,0.040036,0.019158,0.148849,-0.086465,0.193624,0.006907,0.582575,0.000000,0.000000,-0.015904,0.118722,-0.005802,0.000000,0.334878,0.230821,0.144661,0.559467,-0.440272,-0.184212,0.250611,0.301232,0.063455,0.565455,0.003896,2.668481
0.063718,-0.075806,0.064252,0.234452,0.732874,0.032033,0.392728,0.800973,0.078388,0.025795,0.499559,-0.017974,0.048955,0.207717,0.093123,0.342927,0.004216,0.001730,0.132980,-0.118892,0.507255,0.010401,1.789854,0.000000,0.000000,0.109584,0.034018,-0.000552,0.000000,1.763009,-0.117989,0.103747,-0.025893,0.466341,-0.292975,0.109314,0.017091,0.081379,0.143239,0.014539,0.010532
0.532251,-0.079074,1.279194,0.732874,5.632369,0.922743,2.198208,2.862497,0.601332,0.522400,3.580257,-0.137144,0.626814,0.922799,1.084619,2.708645,0.023902,0.020595,0.806503,-0.406304,1.294698,0.021392,6.752736,0.000000,0.000000,-0.206619,0.233718,-0.024178,0.000000,10.364607,1.302064,0.146070,0.497684,3.596635,-1.043830,0.383633,0.027851,0.609696,0.872909,0.036620,1.409406
0.244367,0.268778,1.023076,0.032033,0.922743,0.926250,-0.024407,-0.655728,0.301832,0.046890,0.133005,-0.083682,0.128768,-0.002954,0.351198,0.387271,0.019330,0.015884,0.124416,-0.046019,0.054423,-0.020562,0.455051,0.000000,0.000000,-0.349666,0.074431,-0.003849,0.000000,0.266547,0.191670,0.073670,-0.035056,-0.106358,-0.062056,0.007605,0.177316,0.052951,0.110550,0.052903,1.261799
0.504443,-0.460080,0.698682,0.392728,2.198208,-0.024407,4.915393,12.430904,0.460042,0.237582,1.143213,-0.188440,0.694210,-0.221078,1.017021,2.951770,0.016963,-0.021555,0.032027,-0.026853,0.389143,0.101644,0.710682,0.000000,0.000000,0.761208,0.252673,-0.025751,0.000000,8.485169,0.028465,-0.030143,1.123199,1.990967,-0.256115,0.632427,-0.097546,0.117006,1.255634,-0.173447,0.588826
1.762208,-2.331193,1.679612,0.800973,2.862497,-0.655728,12.430904,82.853170,0.115886,-3.314595,0.466234,0.157153,1.898967,-0.838555,3.338020,7.004908,-0.002797,-0.150213,-0.739857,-0.273079,1.922714,0.558934,1.630315,0.000000,0.000000,2.271103,1.078409,-0.214467,0.000000,16.704743,-1.549934,0.073320,1.546559,2.101334,-4.925076,1.832993,-1.413581,-0.312881,3.541360,-1.434648,1.590144
0.073817,0.035594,0.043313,0.078388,0.601332,0.301832,0.460042,0.115886,1.205695,0.126425,0.384542,-0.062009,0.097864,0.069513,0.192302,1.249432,-0.003984,-0.001711,0.019087,-0.038076,0.090538,0.005423,0.587777,0.000000,0.000000,0.060161,0.029071,-0.001019,0.000000,1.572473,0.163554,-0.000445,0.029401,0.235529,-0.009962,0.023364,-0.050595,-0.018513,0.108434,0.055654,-0.140612
0.161255,0.205042,0.105420,0.025795,0.522400,0.046890,0.237582,-3.314595,0.126425,1.502036,0.627048,-0.428759,0.275977,0.342200,0.428462,3.589996,0.011176,0.007939,0.086064,0.071447,0.385675,-0.040491,0.767110,0.000000,0.000000,-0.311033,0.050554,-0.019565,0.000000,7.190303,1.134212,0.020769,0.207860,0.358486,0.590957,-0.015084,0.235885,0.172866,0.225395,0.352357,0.031203
0.091421,-0.138352,0.181360,0.499559,3.580257,0.133005,1.143213,0.466234,0.384542,0.627048,5.026926,-0.205528,0.286278,1.077416,0.357321,1.914125,0.006662,0.010061,0.529742,-0.526848,1.223426,0.005033,7.019525,0.000000,0.000000,0.069502,0.053304,-0.001934,0.000000,4.750664,1.295328,-0.000079,0.277577,2.183028,-1.420230,0.122391,-0.060920,0.811482,0.343959,0.016259,0.004366
-0.036089,-0.109908,-0.187570,-0.017974,-0.137144,-0.083682,-0.188440,0.157153,-0.062009,-0.428759,-0.205528,0.597015,-0.062135,-0.000157,-0.091367,-0.891923,-0.010921,-0.002687,0.006230,0.021647,-0.143953,0.018419,-0.016234,0.000000,0.000000,0.104937,-0.011649,0.004177,0.000000,-2.516558,-0.135422,-0.011722,-0.069153,-0.092036,-0.139014,0.009694,-0.208964,-0.049030,-0.057073,-0.097260,-0.221741
0.187129,-0.002406,0.351101,0.048955,0.626814,0.128768,0.694210,1.898967,0.097864,0.275977,0.286278,-0.062135,0.309166,0.123509,0.400141,1.243971,0.004294,-0.001404,0.036529,-0.011545,0.117744,0.022895,0.296963,0.000000,0.000000,0.054960,0.079707,-0.014458,0.000000,2.707482,0.567832,0.028566,0.221506,0.294047,-0.008161,0.309884,-0.033504,0.043173,0.544900,0.032328,0.359625
-0.031388,-0.046440,0.028365,0.207717,0.922799,-0.002954,-0.221078,-0.838555,0.069513,0.342200,1.077416,-0.000157,0.123509,1.052699,0.109277,0.924235,-0.007279,0.007506,0.369613,-0.316404,0.793559,-0.006171,4.699977,0.000000,0.000000,-0.113693,-0.001509,-0.006929,0.000000,1.042823,1.321928,0.066745,-0.026133,0.232384,-0.819226,0.002384,-0.117725,0.153847,0.060207,0.061212,0.011273
0.413208,0.047618,0.518606,0.093123,1.084619,0.351198,1.017021,3.338020,0.192302,0.428462,0.357321,-0.091367,0.400141,0.109277,0.763081,2.509614,0.009192,-0.000489,0.070129,0.006790,0.218381,0.017569,0.469817,0.000000,0.000000,-0.157801,0.166953,-0.041405,0.000000,4.710480,0.721082,0.044994,0.184894,0.520787,0.003618,0.230509,-0.012174,0.061988,0.538139,0.080795,0.533963
1.255374,0.373642,-0.185747,0.342927,2.708645,0.387271,2.951770,7.004908,1.249432,3.589996,1.914125,-0.891923,1.243971,0.924235,2.509614,17.784141,0.001539,-0.011500,0.004037,0.129606,1.913951,-0.010700,3.413560,0.000000,0.000000,-1.390899,0.504908,-0.152908,0.000000,27.190511,2.702925,0.023431,0.378553,1.252076,0.751785,0.207160,-0.007320,0.246334,1.202882,1.049814,-0.710732
0.009530,0.016087,0.040036,0.004216,0.023902,0.019330,0.016963,-0.002797,-0.003984,0.011176,0.006662,-0.010921,0.004294,-0.007279,0.009192,0.001539,0.002235,0.000511,0.002044,-0.000521,0.020940,-0.000205,0.031435,0.000000,0.000000,-0.000929,0.002745,0.000123,0.000000,0.124860,-0.021303,0.001030,0.007526,0.000249,-0.002331,0.005444,0.024163,0.004196,0.011663,0.004509,0.050405
0.000244,0.008333,0.019158,0.001730,0.020595,0.015884,-0.021555,-0.150213,-0.001711,0.007939,0.010061,-0.002687,-0.001404,0.007506,-0.000489,-0.011500,0.000511,0.000755,0.007259,-0.002529,0.006005,-0.001644,0.043804,0.000000,0.000000,-0.010570,-0.000591,0.000338,0.000000,-0.007797,0.008827,0.001833,-0.005434,0.003615,0.001093,-0.004603,0.008435,0.003668,-0.006030,0.003240,0.025772
0.009099,-0.015735,0.148849,0.132980,0.806503,0.124416,0.032027,-0.739857,0.019087,0.086064,0.529742,0.006230,0.036529,0.369613,0.070129,0.004037,0.002044,0.007259,0.230706,-0.117072,0.289792,-0.008495,2.007454,0.000000,0.000000,-0.097042,0.007321,-0.001221,0.000000,0.840625,0.470147,0.038089,-0.010585,0.569871,-0.278072,-0.060599,0.004258,0.100528,-0.032365,0.001560,0.208554
-0.004391,0.071386,-0.086465,-0.118892,-0.406304,-0.046019,-0.026853,-0.273079,-0.038076,0.071447,-0.526848,0.021647,-0.011545,-0.316404,0.006790,0.129606,-0.000521,-0.002529,-0.117072,0.241622,-0.432592,-0.005458,-2.068373,0.000000,0.000000,-0.088875,-0.004959,-0.003745,0.000000,1.113063,-0.003055,0.038660,0.086378,0.017308,0.456082,-0.096297,0.038137,-0.065804,-0.079453,0.029537,-0.063215
0.175444,0.054540,0.193624,0.507255,1.294698,0.054423,0.389143,1.922714,0.090538,0.385675,1.223426,-0.143953,0.117744,0.793559,0.218381,1.913951,0.020940,0.006005,0.289792,-0.432592,1.833039,0.013985,5.998558,0.000000,0.000000,0.114739,0.078494,-0.010860,0.000000,4.819550,-0.239873,0.098664,-0.237149,0.177967,-1.006078,0.313911,0.209917,0.181118,0.384809,0.179567,0.109166
0.010268,-0.020986,0.006907,0.010401,0.021392,-0.020562,0.101644,0.558934,0.005423,-0.040491,0.005033,0.018419,0.022895,-0.006171,0.017569,-0.010700,-0.000205,-0.001644,-0.008495,-0.005458,0.013985,0.009341,0.006756,0.000000,0.000000,0.048390,0.005881,-0.000479,0.000000,0.015302,-0.027634,0.002388,0.025837,0.014281,-0.036494,0.049975,-0.025819,-0.003145,0.068049,-0.015066,-0.004149
0.161000,0.072277,0.582575,1.789854,6.752736,0.455051,0.710682,1.630315,0.587777,0.767110,7.019525,-0.016234,0.296963,4.699977,0.469817,3.413560,0.031435,0.043804,2.007454,-2.068373,5.998558,0.006756,28.820757,0.000000,0.000000,-0.161693,0.101512,-0.028443,0.000000,7.234712,2.679709,0.191391,-0.581507,2.514327,-5.268699,0.306112,0.095263,1.042586,0.420451,0.199851,0.611403
0.000000,0.000000,0.000000,0.000000,0.000000,0.000000,0.000000,0.000000,0.000000,0.000000,0.000000,0.000000,0.000000,0.000000,0.000000,0.000000,0.000000,0.000000,0.000000,0.000000,0.000000,0.000000,0.000000,0.000000,0.000000,0.000000,0.000000,0.000000,0.000000,0.000000,0.000000,0.000000,0.000000,0.000000,0.000000,0.000000,0.000000,0.000000,0.000000,0.000000,0.000000
0.000000,0.000000,0.000000,0.000000,0.000000,0.000000,0.000000,0.000000,0.000000,0.000000,0.000000,0.000000,0.000000,0.000000,0.000000,0.000000,0.000000,0.000000,0.000000,0.000000,0.000000,0.000000,0.000000,0.000000,0.000000,0.000000,0.000000,0.000000,0.000000,0.000000,0.000000,0.000000,0.000000,0.000000,0.000000,0.000000,0.000000,0.000000,0.000000,0.000000,0.000000
-0.085337,-0.348155,-0.015904,0.109584,-0.206619,-0.349666,0.761208,2.271103,0.060161,-0.311033,0.069502,0.104937,0.054960,-0.113693,-0.157801,-1.390899,-0.000929,-0.010570,-0.097042,-0.088875,0.114739,0.048390,-0.161693,0.000000,0.000000,0.761184,-0.012547,0.020083,0.000000,-1.459970,-0.527886,0.033873,0.195727,-0.162833,-0.182497,0.413653,-0.086557,-0.035806,0.449271,-0.143669,-0.197415
0.100291,-0.006642,0.118722,0.034018,0.233718,0.074431,0.252673,1.078409,0.029071,0.050554,0.053304,-0.011649,0.079707,-0.001509,0.166953,0.504908,0.002745,-0.000591,0.007321,-0.004959,0.078494,0.005881,0.101512,0.000000,0.000000,-0.012547,0.044200,-0.009434,0.000000,0.972233,0.049661,0.014900,0.022035,0.107214,-0.023854,0.058981,-0.002184,0.008651,0.119932,0.009712,0.115385
-0.021724,-0.012308,-0.005802,-0.000552,-0.024178,-0.003849,-0.025751,-0.214467,-0.001019,-0.019565,-0.001934,0.004177,-0.014458,-0.006929,-0.041405,-0.152908,0.000123,0.000338,-0.001221,-0.003745,-0.010860,-0.000479,-0.028443,0.000000,0.000000,0.020083,-0.009434,0.015630,0.000000,-0.208671,-0.040351,-0.000639,-0.004637,-0.015288,-0.000599,-0.003735,0.004144,-0.000787,-0.017216,-0.004814,-0.005720
0.000000,0.000000,0.000000,0.000000,0.000000,0.000000,0.000000,0.000000,0.000000,0.000000,0.000000,0.000000,0.000000,0.000000,0.000000,0.000000,0.000000,0.000000,0.000000,0.000000,0.000000,0.000000,0.000000,0.000000,0.000000,0.000000,0.000000,0.000000,0.000000,0.000000,0.000000,0.000000,0.000000,0.000000,0.000000,0.000000,0.000000,0.000000,0.000000,0.000000,0.000000
2.183858,0.526524,0.334878,1.763009,10.364607,0.266547,8.485169,16.704743,1.572473,7.190303,4.750664,-2.516558,2.707482,1.042823,4.710480,27.190511,0.124860,-0.007797,0.840625,1.113063,4.819550,0.015302,7.234712,0.000000,0.000000,-1.459970,0.972233,-0.208671,0.000000,86.951583,4.787140,0.789497,1.859629,11.032884,1.585498,1.085922,1.737661,0.963858,3.592120,1.993414,0.046897
0.078019,-0.173628,0.230821,-0.117989,1.302064,0.191670,0.028465,-1.549934,0.163554,1.134212,1.295328,-0.135422,0.567832,1.321928,0.721082,2.702925,-0.021303,0.008827,0.470147,-0.003055,-0.239873,-0.027634,2.679709,0.000000,0.000000,-0.527886,0.049661,-0.040351,0.000000,4.787140,4.348558,0.070995,0.337262,0.643558,-0.259117,-0.175159,-0.323989,0.230586,0.254431,0.118254,0.367597
0.026747,-0.004745,0.144661,0.103747,0.146070,0.073670,-0.030143,0.073320,-0.000445,0.020769,-0.000079,-0.011722,0.028566,0.066745,0.044994,0.023431,0.001030,0.001833,0.038089,0.038660,0.098664,0.002388,0.191391,0.000000,0.000000,0.033873,0.014900,-0.000639,0.000000,0.789497,0.070995,0.213479,-0.004318,-0.016123,-0.051152,0.018564,0.015739,0.012495,0.046882,0.021814,0.127475
0.057939,0.055367,0.559467,-0.025893,0.497684,-0.035056,1.123199,1.546559,0.029401,0.207860,0.277577,-0.069153,0.221506,-0.026133,0.184894,0.378553,0.007526,-0.005434,-0.010585,0.086378,-0.237149,0.025837,-0.581507,0.000000,0.000000,0.195727,0.022035,-0.004637,0.000000,1.859629,0.337262,-0.004318,0.940785,0.451184,0.099072,0.196241,0.011082,0.052309,0.410202,-0.034660,0.570395
0.150507,-0.366246,-0.440272,0.466341,3.596635,-0.106358,1.990967,2.101334,0.235529,0.358486,2.183028,-0.092036,0.294047,0.232384,0.520787,1.252076,0.000249,0.003615,0.569871,0.017308,0.177967,0.014281,2.514327,0.000000,0.000000,-0.162833,0.107214,-0.015288,0.000000,11.032884,0.643558,-0.016123,0.451184,5.680294,-0.006289,0.001352,-0.037531,0.383856,0.288449,-0.112664,-0.477072
0.012954,0.174324,-0.184212,-0.292975,-1.043830,-0.062056,-0.256115,-4.925076,-0.009962,0.590957,-1.420230,-0.139014,-0.008161,-0.819226,0.003618,0.751785,-0.002331,0.001093,-0.278072,0.456082,-1.006078,-0.036494,-5.268699,0.000000,0.000000,-0.182497,-0.023854,-0.000599,0.000000,1.585498,-0.259117,-0.051152,0.099072,-0.006289,2.000588,-0.051361,0.163309,-0.179966,-0.044586,0.170760,-0.216886
0.160232,0.035844,0.250611,0.109314,0.383633,0.007605,0.632427,1.832993,0.023364,-0.015084,0.122391,0.009694,0.309884,0.002384,0.230509,0.207160,0.005444,-0.004603,-0.060599,-0.096297,0.313911,0.049975,0.306112,0.000000,0.000000,0.413653,0.058981,-0.003735,0.000000,1.085922,-0.175159,0.018564,0.196241,0.001352,-0.051361,0.896967,-0.005797,0.001662,1.035494,-0.011419,0.207372
0.043423,0.261332,0.301232,0.017091,0.027851,0.177316,-0.097546,-1.413581,-0.050595,0.235885,-0.060920,-0.208964,-0.033504,-0.117725,-0.012174,-0.007320,0.024163,0.008435,0.004258,0.038137,0.209917,-0.025819,0.095263,0.000000,0.000000,-0.086557,-0.002184,0.004144,0.000000,1.737661,-0.323989,0.015739,0.011082,-0.037531,0.163309,-0.005797,0.397942,0.028141,-0.008156,0.099199,0.441257
0.018203,0.011397,0.063455,0.081379,0.609696,0.052951,0.117006,-0.312881,-0.018513,0.172866,0.811482,-0.049030,0.043173,0.153847,0.061988,0.246334,0.004196,0.003668,0.100528,-0.065804,0.181118,-0.003145,1.042586,0.000000,0.000000,-0.035806,0.008651,-0.000787,0.000000,0.963858,0.230586,0.012495,0.052309,0.383856,-0.179966,0.001662,0.028141,0.249527,0.041675,0.012835,0.098373
0.296356,0.028504,0.565455,0.143239,0.872909,0.110550,1.255634,3.541360,0.108434,0.225395,0.343959,-0.057073,0.544900,0.060207,0.538139,1.202882,0.011663,-0.006030,-0.032365,-0.079453,0.384809,0.068049,0.420451,0.000000,0.000000,0.449271,0.119932,-0.017216,0.000000,3.592120,0.254431,0.046882,0.410202,0.288449,-0.044586,1.035494,-0.008156,0.041675,1.401420,0.014843,0.548370
0.049370,0.130675,0.003896,0.014539,0.036620,0.052903,-0.173447,-1.434648,0.055654,0.352357,0.016259,-0.097260,0.032328,0.061212,0.080795,1.049814,0.004509,0.003240,0.001560,0.029537,0.179567,-0.015066,0.199851,0.000000,0.000000,-0.143669,0.009712,-0.004814,0.000000,1.993414,0.118254,0.021814,-0.034660,-0.112664,0.170760,-0.011419,0.099199,0.012835,0.014843,0.136251,-0.013673
0.340881,0.502702,2.668481,0.010532,1.409406,1.261799,0.588826,1.590144,-0.140612,0.031203,0.004366,-0.221741,0.359625,0.011273,0.533963,-0.710732,0.050405,0.025772,0.208554,-0.063215,0.109166,-0.004149,0.611403,0.000000,0.000000,-0.197415,0.115385,-0.005720,0.000000,0.046897,0.367597,0.127475,0.570395,-0.477072,-0.216886,0.207372,0.441257,0.098373,0.548370,-0.013673,3.242464
