0.278578,0.093296,0.323256,0.011279,0.425752,0.252412,0.477696,1.673698,0.078055,0.126682,0.362262,-0.020229,0.185349,-0.025407,0.420339,1.354548,0.008035,0.001159,-0.032003,-0.078261,-0.014211,0.009088,0.295829,0.000000,0.000000,0.005785,0.102145,-0.027518,0.000000,1.785376,0.091692,0.201807,0.039435,0.161987,0.018733,0.165330,0.043932,0.023295,0.293282,0.038258,0.394987
0.093296,0.696146,0.388682,-0.070374,-0.298515,0.279929,-0.495568,-2.366221,0.032243,0.218318,-0.062624,-0.076948,0.006331,-0.033721,0.063170,0.339533,0.019680,0.008869,0.013262,0.060593,-0.124190,-0.021208,0.171212,0.000000,0.000000,-0.066510,-0.004845,-0.010703,0.000000,0.005210,-0.196794,-0.199928,-0.021323,-0.338884,0.168339,0.050789,0.262672,0.083836,0.048238,-0.107482,0.625688
0.323256,0.388682,2.580058,0.454377,0.335842,0.905487,0.238915,1.634173,-0.822340,-0.264518,-0.318559,0.011186,0.296557,-0.010064,0.452717,-1.047993,0.037412,0.017728,0.084304,-0.297698,-0.066092,0.008822,0.655364,0.000000,0.000000,0.120889,0.115012,-0.008761,0.000000,-2.551954,0.088381,0.317194,0.509871,-0.113283,-0.293095,0.226876,0.303334,0.091531,0.500171,-1.500121,2.829858
0.011279,-0.070374,0.454377,0.236203,0.386476,0.126098,0.103963,0.270438,-0.191487,-0.236392,0.186906,0.038642,0.017931,0.096440,0.006098,-1.132113,0.005702,0.004981,0.140115,-0.257951,0.140621,0.005516,1.023786,0.000000,0.000000,0.086560,0.011602,0.005564,0.000000,-0.682943,0.040013,0.345139,0.058184,0.237975,-0.203687,0.064740,0.038380,0.057710,0.081415,-0.192591,0.467033
0.425752,-0.298515,0.335842,0.386476,4.784084,0.498729,2.268870,4.842609,0.798779,0.337822,4.728323,-0.171240,0.544024,0.848672,0.969913,3.195704,0.002253,0.012371,0.525002,-0.970884,1.006177,0.031416,6.591056,0.000000,0.000000,0.179354,0.210882,-0.043830,0.000000,10.688583,1.697092,1.982983,0.250374,3.296855,-0.721644,0.208342,-0.113413,0.503647,0.649948,1.929594,0.480588
0.252412,0.279929,0.905487,0.126098,0.498729,1.085841,0.218538,-0.693226,0.688237,0.079562,0.332907,-0.029960,0.159091,-0.061259,0.390209,0.690208,0.021314,0.016981,-0.035153,-0.167101,0.208914,-0.020194,0.486436,0.000000,0.000000,0.016321,0.077896,-0.006291,0.000000,-0.136839,0.127592,0.192988,0.007867,-0.095931,-0.060629,0.012588,0.185796,0.071920,0.147943,0.094516,1.407748
0.477696,-0.495568,0.238915,0.103963,2.268870,0.218538,5.177087,12.458895,0.913027,0.235776,1.776506,-0.252332,0.654190,-0.212480,1.013953,3.706352,0.019671,-0.016185,-0.115366,-0.364975,0.368513,0.091997,0.959525,0.000000,0.000000,0.196175,0.244331,-0.038106,0.000000,7.935796,0.114523,0.727445,1.194747,1.785630,-0.267453,0.539507,-0.078133,0.067789,1.123364,0.736365,0.460591
1.673698,-2.366221,1.634173,0.270438,4.842609,-0.693226,12.458895,83.343135,-3.392190,-3.548535,-0.496164,0.092692,1.696082,-0.543247,3.225277,8.147001,-0.014761,-0.133375,-0.378968,-0.974695,0.078988,0.530621,2.846620,0.000000,0.000000,0.770589,1.064623,-0.307300,0.000000,15.407046,-1.232393,1.654669,2.026929,1.982562,-4.850979,1.566035,-1.234550,-0.667551,3.087149,0.862961,1.019649
0.078055,0.032243,-0.822340,-0.191487,0.798779,0.688237,0.913027,-3.392190,2.572725,0.450933,1.427615,0.068954,0.150768,0.063830,0.272922,2.659909,-0.005629,0.007973,-0.208181,-0.322663,0.447585,-0.006401,0.793273,0.000000,0.000000,-0.019597,0.017030,-0.006116,0.000000,1.895075,0.399018,0.448812,-0.199985,0.061430,0.255387,0.044302,-0.235563,0.030718,0.154584,1.734607,-0.403300
0.126682,0.218318,-0.264518,-0.236392,0.337822,0.079562,0.235776,-3.548535,0.450933,1.618708,0.869385,-0.472499,0.194865,0.043172,0.373427,3.766260,0.010106,0.006091,-0.044782,0.584388,0.061970,-0.051401,-0.681008,0.000000,0.000000,-0.173754,0.033642,-0.022560,0.000000,6.985544,0.950414,0.200682,0.066330,0.414818,0.902011,-0.210615,0.232731,0.124423,-0.009848,0.616405,0.021552
0.362262,-0.062624,-0.318559,0.186906,4.728323,0.332907,1.776506,-0.496164,1.427615,0.869385,6.465326,-0.337239,0.535423,1.176124,0.949226,4.254860,-0.006120,0.017967,0.551376,-1.054390,1.237718,-0.000361,7.850604,0.000000,0.000000,0.130533,0.161049,-0.054143,0.000000,11.347035,2.495270,2.436994,0.107273,4.005457,-0.477283,0.104384,-0.165841,0.776865,0.518829,2.870447,-0.258950
-0.020229,-0.076948,0.011186,0.038642,-0.171240,-0.029960,-0.252332,0.092692,0.068954,-0.472499,-0.337239,0.522871,-0.056456,-0.007994,-0.080319,-0.998055,-0.008346,-0.001745,-0.032008,-0.029402,-0.042120,0.016351,-0.027330,0.000000,0.000000,0.039330,-0.005597,0.004508,0.000000,-2.671029,-0.198306,-0.069265,-0.006137,-0.127583,-0.168689,0.029426,-0.159539,-0.039466,-0.033869,-0.158684,-0.078755
0.185349,0.006331,0.296557,0.017931,0.544024,0.159091,0.654190,1.696082,0.150768,0.194865,0.535423,-0.056456,0.298647,0.117908,0.388923,1.334217,0.005066,-0.000955,-0.024736,-0.248586,-0.070149,0.020671,0.445429,0.000000,0.000000,-0.014703,0.077728,-0.015906,0.000000,2.353519,0.614099,0.143023,0.188306,0.268347,0.012973,0.322831,-0.032725,0.061265,0.542760,0.009276,0.385824
-0.025407,-0.033721,-0.010064,0.096440,0.848672,-0.061259,-0.212480,-0.543247,0.063830,0.043172,1.176124,-0.007994,0.117908,0.889399,0.103794,0.473869,-0.011414,0.007307,0.235987,-0.621232,0.066211,-0.004378,4.412482,0.000000,0.000000,-0.056275,0.001338,-0.011760,0.000000,0.892989,1.485016,0.580526,-0.152715,0.265739,-0.549484,0.029449,-0.131618,0.141918,0.078653,0.677102,-0.064067
0.420339,0.063170,0.452717,0.006098,0.969913,0.390209,1.013953,3.225277,0.272922,0.373427,0.949226,-0.080319,0.388923,0.103794,0.773568,2.712634,0.007773,0.001088,-0.042083,-0.094989,0.045225,0.014196,0.748011,0.000000,0.000000,-0.012825,0.170134,-0.053424,0.000000,4.156218,0.764241,0.428724,0.130020,0.513119,0.026580,0.229143,-0.004659,0.063235,0.517635,0.295823,0.600257
1.354548,0.339533,-1.047993,-1.132113,3.195704,0.690208,3.706352,8.147001,2.659909,3.766260,4.254860,-0.998055,1.334217,0.473869,2.712634,19.706299,0.004861,-0.011712,-0.600857,0.432272,-0.048736,-0.002326,1.990101,0.000000,0.000000,-0.492293,0.535657,-0.203833,0.000000,27.566035,2.859858,1.431599,0.126939,0.882121,1.115473,0.360060,-0.075387,0.185516,1.379793,3.546691,-0.495531
0.008035,0.019680,0.037412,0.005702,0.002253,0.021314,0.019671,-0.014761,-0.005629,0.010106,-0.006120,-0.008346,0.005066,-0.011414,0.007773,0.004861,0.002577,0.000566,0.003767,-0.003905,-0.001926,0.000041,0.004470,0.000000,0.000000,0.001306,0.002010,0.000664,0.000000,0.091285,-0.028175,0.002705,0.010724,-0.004329,0.001701,0.009250,0.026008,0.003945,0.015310,-0.023433,0.057436
0.001159,0.008869,0.017728,0.004981,0.012371,0.016981,-0.016185,-0.133375,0.007973,0.006091,0.017967,-0.001745,-0.000955,0.007307,0.001088,-0.011712,0.000566,0.000843,0.005457,-0.004411,0.005070,-0.001695,0.056230,0.000000,0.000000,-0.000174,-0.000256,0.000287,0.000000,-0.008283,0.010098,0.010226,-0.007201,0.005519,0.000150,-0.004571,0.008904,0.005191,-0.005773,0.002797,0.027614
-0.032003,0.013262,0.084304,0.140115,0.525002,-0.035153,-0.115366,-0.378968,-0.208181,-0.044782,0.551376,-0.032008,-0.024736,0.235987,-0.042083,-0.600857,0.003767,0.005457,0.223263,-0.175962,0.112149,-0.006387,1.712951,0.000000,0.000000,0.037066,-0.007437,0.005220,0.000000,1.264969,0.196785,0.368621,-0.067587,0.562378,-0.228535,-0.046086,0.087881,0.088993,-0.053690,0.120722,0.076343
-0.078261,0.060593,-0.297698,-0.257951,-0.970884,-0.167101,-0.364975,-0.974695,-0.322663,0.584388,-1.054390,-0.029402,-0.248586,-0.621232,-0.094989,0.432272,-0.003905,-0.004411,-0.175962,1.732463,0.101365,-0.049942,-4.476657,0.000000,0.000000,-0.098555,-0.033459,-0.013861,0.000000,1.078274,-0.222001,-0.593398,0.032011,-0.038615,0.734551,-0.944314,0.122882,-0.205081,-0.991188,-0.253522,-0.245861
-0.014211,-0.124190,-0.066092,0.140621,1.006177,0.208914,0.368513,0.078988,0.447585,0.061970,1.237718,-0.042120,-0.070149,0.066211,0.045225,-0.048736,-0.001926,0.005070,0.112149,0.101365,0.768831,-0.011093,1.122897,0.000000,0.000000,0.102477,0.007009,-0.008591,0.000000,0.701621,0.222321,0.794708,0.002612,0.488578,-0.169986,-0.398661,-0.045619,0.185056,-0.387638,0.924753,0.053509
0.009088,-0.021208,0.008822,0.005516,0.031416,-0.020194,0.091997,0.530621,-0.006401,-0.051401,-0.000361,0.016351,0.020671,-0.004378,0.014196,-0.002326,0.000041,-0.001695,-0.006387,-0.049942,-0.011093,0.009163,0.009052,0.000000,0.000000,0.009854,0.005398,-0.000141,0.000000,-0.005589,-0.025982,0.008694,0.026865,0.006732,-0.035849,0.050602,-0.025904,-0.005124,0.066353,-0.015522,-0.011215
0.295829,0.171212,0.655364,1.023786,6.591056,0.486436,0.959525,2.846620,0.793273,-0.681008,7.850604,-0.027330,0.445429,4.412482,0.748011,1.990101,0.004470,0.056230,1.712951,-4.476657,1.122897,0.009052,29.288743,0.000000,0.000000,0.141670,0.158640,-0.059130,0.000000,6.760360,4.663213,4.860398,-0.967267,2.474449,-4.028594,0.387588,0.020824,1.058188,0.593182,4.567638,0.744872
0.000000,0.000000,0.000000,0.000000,0.000000,0.000000,0.000000,0.000000,0.000000,0.000000,0.000000,0.000000,0.000000,0.000000,0.000000,0.000000,0.000000,0.000000,0.000000,0.000000,0.000000,0.000000,0.000000,0.000000,0.000000,0.000000,0.000000,0.000000,0.000000,0.000000,0.000000,0.000000,0.000000,0.000000,0.000000,0.000000,0.000000,0.000000,0.000000,0.000000,0.000000
0.000000,0.000000,0.000000,0.000000,0.000000,0.000000,0.000000,0.000000,0.000000,0.000000,0.000000,0.000000,0.000000,0.000000,0.000000,0.000000,0.000000,0.000000,0.000000,0.000000,0.000000,0.000000,0.000000,0.000000,0.000000,0.000000,0.000000,0.000000,0.000000,0.000000,0.000000,0.000000,0.000000,0.000000,0.000000,0.000000,0.000000,0.000000,0.000000,0.000000,0.000000
0.005785,-0.066510,0.120889,0.086560,0.179354,0.016321,0.196175,0.770589,-0.019597,-0.173754,0.130533,0.039330,-0.014703,-0.056275,-0.012825,-0.492293,0.001306,-0.000174,0.037066,-0.098555,0.102477,0.009854,0.141670,0.000000,0.000000,0.075897,0.009640,0.001773,0.000000,-0.425613,-0.275406,0.205074,0.030228,0.232391,-0.081479,0.023512,-0.017843,0.013837,0.019694,-0.019896,0.077054
0.102145,-0.004845,0.115012,0.011602,0.210882,0.077896,0.244331,1.064623,0.017030,0.033642,0.161049,-0.005597,0.077728,0.001338,0.170134,0.535657,0.002010,-0.000256,-0.007437,-0.033459,0.007009,0.005398,0.158640,0.000000,0.000000,0.009640,0.045142,-0.012731,0.000000,0.819429,0.059530,0.114675,0.018072,0.109375,-0.021575,0.058822,-0.002236,0.006197,0.115366,0.037399,0.129243
-0.027518,-0.010703,-0.008761,0.005564,-0.043830,-0.006291,-0.038106,-0.307300,-0.006116,-0.022560,-0.054143,0.004508,-0.015906,-0.011760,-0.053424,-0.203833,0.000664,0.000287,0.005220,-0.013861,-0.008591,-0.000141,-0.059130,0.000000,0.000000,0.001773,-0.012731,0.017293,0.000000,-0.199428,-0.056031,-0.038718,-0.004694,-0.023226,-0.004691,-0.001237,0.012752,0.001702,-0.011546,-0.051307,-0.003554
0.000000,0.000000,0.000000,0.000000,0.000000,0.000000,0.000000,0.000000,0.000000,0.000000,0.000000,0.000000,0.000000,0.000000,0.000000,0.000000,0.000000,0.000000,0.000000,0.000000,0.000000,0.000000,0.000000,0.000000,0.000000,0.000000,0.000000,0.000000,0.000000,0.000000,0.000000,0.000000,0.000000,0.000000,0.000000,0.000000,0.000000,0.000000,0.000000,0.000000,0.000000
1.785376,0.005210,-2.551954,-0.682943,10.688583,-0.136839,7.935796,15.407046,1.895075,6.985544,11.347035,-2.671029,2.353519,0.892989,4.156218,27.566035,0.091285,-0.008283,1.264969,1.078274,0.701621,-0.005589,6.760360,0.000000,0.000000,-0.425613,0.819429,-0.199428,0.000000,84.467056,5.310172,4.694904,0.833774,10.175577,0.727715,0.678745,1.330009,0.725808,2.862692,5.012805,-1.496783
0.091692,-0.196794,0.088381,0.040013,1.697092,0.127592,0.114523,-1.232393,0.399018,0.950414,2.495270,-0.198306,0.614099,1.485016,0.764241,2.859858,-0.028175,0.010098,0.196785,-0.222001,0.222321,-0.025982,4.663213,0.000000,0.000000,-0.275406,0.059530,-0.056031,0.000000,5.310172,4.918439,0.612734,0.145604,0.808495,-0.225102,-0.057440,-0.341508,0.258971,0.388865,1.148634,0.305577
0.201807,-0.199928,0.317194,0.345139,1.982983,0.192988,0.727445,1.654669,0.448812,0.200682,2.436994,-0.069265,0.143023,0.580526,0.428724,1.431599,0.002705,0.010226,0.368621,-0.593398,0.794708,0.008694,4.860398,0.000000,0.000000,0.205074,0.114675,-0.038718,0.000000,4.694904,0.612734,2.104326,-0.199573,1.245079,-0.480022,-0.129750,-0.059121,0.256888,0.027011,1.314757,0.266153
0.039435,-0.021323,0.509871,0.058184,0.250374,0.007867,1.194747,2.026929,-0.199985,0.066330,0.107273,-0.006137,0.188306,-0.152715,0.130020,0.126939,0.010724,-0.007201,-0.067587,0.032011,0.002612,0.026865,-0.967267,0.000000,0.000000,0.030228,0.018072,-0.004694,0.000000,0.833774,0.145604,-0.199573,0.923827,0.464842,0.055470,0.227911,0.031398,0.065616,0.407716,-0.515067,0.569658
0.161987,-0.338884,-0.113283,0.237975,3.296855,-0.095931,1.785630,1.982562,0.061430,0.414818,4.005457,-0.127583,0.268347,0.265739,0.513119,0.882121,-0.004329,0.005519,0.562378,-0.038615,0.488578,0.006732,2.474449,0.000000,0.000000,0.232391,0.109375,-0.023226,0.000000,10.175577,0.808495,1.245079,0.464842,5.388315,0.025574,-0.052817,-0.012231,0.353709,0.212234,0.833198,-0.358565
0.018733,0.168339,-0.293095,-0.203687,-0.721644,-0.060629,-0.267453,-4.850979,0.255387,0.902011,-0.477283,-0.168689,0.012973,-0.549484,0.026580,1.115473,0.001701,0.000150,-0.228535,0.734551,-0.169986,-0.035849,-4.028594,0.000000,0.000000,-0.081479,-0.021575,-0.004691,0.000000,0.727715,-0.225102,-0.480022,0.055470,0.025574,1.633933,-0.002810,0.112745,-0.038935,-0.002908,-0.262106,-0.142005
0.165330,0.050789,0.226876,0.064740,0.208342,0.012588,0.539507,1.566035,0.044302,-0.210615,0.104384,0.029426,0.322831,0.029449,0.229143,0.360060,0.009250,-0.004571,-0.046086,-0.944314,-0.398661,0.050602,0.387588,0.000000,0.000000,0.023512,0.058822,-0.001237,0.000000,0.678745,-0.057440,-0.129750,0.227911,-0.052817,-0.002810,1.023082,-0.036250,0.085587,1.137168,-0.432600,0.229529
0.043932,0.262672,0.303334,0.038380,-0.113413,0.185796,-0.078133,-1.234550,-0.235563,0.232731,-0.165841,-0.159539,-0.032725,-0.131618,-0.004659,-0.075387,0.026008,0.008904,0.087881,0.122882,-0.045619,-0.025904,0.020824,0.000000,0.000000,-0.017843,-0.002236,0.012752,0.000000,1.330009,-0.341508,-0.059121,0.031398,-0.012231,0.112745,-0.036250,0.406140,0.047708,-0.026814,-0.279491,0.556536
0.023295,0.083836,0.091531,0.057710,0.503647,0.071920,0.067789,-0.667551,0.030718,0.124423,0.776865,-0.039466,0.061265,0.141918,0.063235,0.185516,0.003945,0.005191,0.088993,-0.205081,0.185056,-0.005124,1.058188,0.000000,0.000000,0.013837,0.006197,0.001702,0.000000,0.725808,0.258971,0.256888,0.065616,0.353709,-0.038935,0.085587,0.047708,0.283533,0.122369,0.262512,0.205773
0.293282,0.048238,0.500171,0.081415,0.649948,0.147943,1.123364,3.087149,0.154584,-0.009848,0.518829,-0.033869,0.542760,0.078653,0.517635,1.379793,0.015310,-0.005773,-0.053690,-0.991188,-0.387638,0.066353,0.593182,0.000000,0.000000,0.019694,0.115366,-0.011546,0.000000,2.862692,0.388865,0.027011,0.407716,0.212234,-0.002908,1.137168,-0.026814,0.122369,1.472218,-0.413901,0.605525
0.038258,-0.107482,-1.500121,-0.192591,1.929594,0.094516,0.736365,0.862961,1.734607,0.616405,2.870447,-0.158684,0.009276,0.677102,0.295823,3.546691,-0.023433,0.002797,0.120722,-0.253522,0.924753,-0.015522,4.567638,0.000000,0.000000,-0.019896,0.037399,-0.051307,0.000000,5.012805,1.148634,1.314757,-0.515067,0.833198,-0.262106,-0.432600,-0.279491,0.262512,-0.413901,3.064857,-1.303183
0.394987,0.625688,2.829858,0.467033,0.480588,1.407748,0.460591,1.019649,-0.403300,0.021552,-0.258950,-0.078755,0.385824,-0.064067,0.600257,-0.495531,0.057436,0.027614,0.076343,-0.245861,0.053509,-0.011215,0.744872,0.000000,0.000000,0.077054,0.129243,-0.003554,0.000000,-1.496783,0.305577,0.266153,0.569658,-0.358565,-0.142005,0.229529,0.556536,0.205773,0.605525,-1.303183,3.588072
