0.297896,0.007346,-0.155724,0.002325,0.154238,0.004792,0.007798,0.437468,0.323667,0.810660,-0.143439,-0.000783,-0.024700,-0.061016,2.115689,-0.004236,0.077993,-0.004692,0.002865,0.566945,0.120854,0.012598,1.413612,0.000000,0.000000,0.166188,-0.880344,-0.129836,0.000000,0.091146,-0.747639,0.052460,-0.076186,0.003494,-0.003430,0.132492,-0.004721,0.002606,1.281693,0.274956,0.262948
0.007346,0.009928,0.000771,-0.001530,0.001742,0.002572,-0.003288,0.002081,0.005612,0.017609,-0.002497,-0.000918,-0.000404,-0.000454,0.037180,0.000853,0.006251,0.002889,-0.000136,0.013467,0.001929,-0.003255,0.028531,0.000000,0.000000,0.006334,-0.016197,-0.002803,0.000000,0.000575,-0.014826,-0.000777,-0.002373,-0.002248,0.000330,0.002354,0.007236,0.002278,0.020683,0.004112,0.006852
-0.155724,0.000771,0.116975,-0.003849,-0.084910,0.003832,0.001464,-0.244235,-0.188113,-0.459105,0.082236,-0.000131,0.029908,0.032569,-1.202015,0.006921,-0.032633,0.004573,-0.001934,-0.320387,-0.066799,-0.000675,-0.807860,0.000000,0.000000,-0.088972,0.517268,0.072409,0.000000,-0.048947,0.424145,-0.028633,0.046824,-0.001523,0.001052,-0.070703,0.009181,0.002975,-0.728693,-0.158832,-0.140265
0.002325,-0.001530,-0.003849,0.011466,0.002468,0.000295,0.002180,0.000672,0.002679,0.003249,0.001169,-0.001362,-0.004265,-0.004554,0.009744,0.002713,-0.002132,0.000576,0.004316,0.009948,0.007273,-0.004670,0.007255,0.000000,0.000000,0.005669,-0.002277,-0.002219,0.000000,0.003344,-0.007687,0.001250,-0.002639,0.005239,0.008461,-0.007309,0.001679,0.001995,-0.004043,0.005338,-0.000690
0.154238,0.001742,-0.084910,0.002468,0.084251,0.001707,0.004984,0.231926,0.172124,0.429656,-0.073968,-0.000615,-0.013967,-0.032145,1.119650,-0.004018,0.039044,-0.002681,0.002396,0.300423,0.063616,0.006730,0.749769,0.000000,0.000000,0.088083,-0.468727,-0.068153,0.000000,0.050468,-0.391674,0.028181,-0.039339,0.005893,-0.002232,0.069576,-0.004974,0.002865,0.679766,0.146050,0.138769
0.004792,0.002572,0.003832,0.000295,0.001707,0.006425,0.000934,-0.000224,0.002906,0.005998,-0.000292,-0.000233,0.003060,-0.001556,0.007084,0.001303,0.002940,0.003440,0.001033,0.004862,0.002294,-0.001997,0.003399,0.000000,0.000000,0.003804,0.001598,-0.000428,0.000000,0.000815,-0.000579,0.000750,-0.000651,-0.000410,-0.000918,0.000163,0.003286,0.001828,0.003115,0.001917,0.004547
0.007798,-0.003288,0.001464,0.002180,0.004984,0.000934,0.015979,0.014024,0.004440,0.006529,0.000909,-0.001414,0.009360,-0.006979,0.020809,0.004888,0.000730,-0.002479,-0.000201,0.002555,-0.001871,0.006569,0.008311,0.000000,0.000000,0.000507,0.000787,-0.001799,0.000000,0.006892,-0.007407,0.001907,0.004993,0.005511,0.001002,0.003747,-0.000971,0.000217,0.014200,0.002029,0.003135
0.437468,0.002081,-0.244235,0.000672,0.231926,-0.000224,0.014024,0.681300,0.485549,1.222356,-0.220413,-0.000323,-0.046696,-0.093822,3.200809,-0.015575,0.113451,-0.013093,0.002105,0.852941,0.182459,0.025275,2.141559,0.000000,0.000000,0.248596,-1.344191,-0.194321,0.000000,0.137455,-1.132668,0.080114,-0.110531,0.003878,-0.017464,0.200768,-0.014283,-0.001067,1.956091,0.416283,0.398330
0.323667,0.005612,-0.188113,0.002679,0.172124,0.002906,0.004440,0.485549,0.372367,0.912199,-0.161766,0.000157,-0.038409,-0.066560,2.391486,-0.009638,0.078632,-0.005633,0.002609,0.634512,0.136408,0.011303,1.599973,0.000000,0.000000,0.183154,-1.010987,-0.144846,0.000000,0.099066,-0.842017,0.059245,-0.087758,0.002114,-0.005292,0.146184,-0.011811,0.000434,1.444003,0.312971,0.292258
0.810660,0.017609,-0.459105,0.003249,0.429656,0.005998,0.006529,1.222356,0.912199,2.314504,-0.408132,-0.005075,-0.091447,-0.160789,5.958465,-0.027588,0.213388,-0.009948,0.010739,1.599588,0.346415,0.018440,3.998036,0.000000,0.000000,0.472316,-2.513438,-0.361272,0.000000,0.252752,-2.085341,0.147204,-0.209673,0.006000,-0.009757,0.370936,-0.012225,0.007434,3.636390,0.779667,0.744056
-0.143439,-0.002497,0.082236,0.001169,-0.073968,-0.000292,0.000909,-0.220413,-0.161766,-0.408132,0.076704,-0.000513,0.020178,0.029588,-1.064377,0.007612,-0.037922,0.002986,0.000271,-0.281252,-0.061439,-0.005055,-0.712940,0.000000,0.000000,-0.081830,0.451789,0.063908,0.000000,-0.041968,0.377559,-0.026157,0.037756,0.003524,0.004502,-0.066946,0.002653,0.002292,-0.651477,-0.139015,-0.133194
-0.000783,-0.000918,-0.000131,-0.001362,-0.000615,-0.000233,-0.001414,-0.000323,0.000157,-0.005075,-0.000513,0.005223,-0.001450,0.000099,-0.003494,-0.002034,-0.001350,-0.000247,-0.000699,-0.000226,-0.000065,0.002099,-0.002099,0.000000,0.000000,-0.001128,0.000875,0.000355,0.000000,-0.002075,-0.001273,-0.000450,0.000240,-0.000701,-0.002349,0.000314,-0.003662,-0.000728,-0.001753,-0.000820,-0.000668
-0.024700,-0.000404,0.029908,-0.004265,-0.013967,0.003060,0.009360,-0.046696,-0.038409,-0.091447,0.020178,-0.001450,0.026376,0.010898,-0.252763,0.010397,-0.005364,-0.000404,0.001014,-0.061436,-0.020297,0.006006,-0.173274,0.000000,0.000000,-0.019591,0.122412,0.014328,0.000000,-0.002051,0.100650,-0.005090,0.013727,0.003790,0.004319,-0.007512,-0.000964,0.001881,-0.145858,-0.036242,-0.027683
-0.061016,-0.000454,0.032569,-0.004554,-0.032145,-0.001556,-0.006979,-0.093822,-0.066560,-0.160789,0.029588,0.000099,0.010898,0.027919,-0.433941,0.004336,-0.018662,0.001016,0.002442,-0.101830,-0.025901,-0.004834,-0.283881,0.000000,0.000000,-0.032979,0.181720,0.024989,0.000000,-0.019693,0.162575,-0.010978,0.014769,-0.003380,0.001898,-0.027495,-0.005063,-0.001707,-0.264851,-0.056520,-0.054750
2.115689,0.037180,-1.202015,0.009744,1.119650,0.007084,0.020809,3.200809,2.391486,5.958465,-1.064377,-0.003494,-0.252763,-0.433941,15.600984,-0.077939,0.546397,-0.039067,0.011973,4.139363,0.888561,0.076655,10.442868,0.000000,0.000000,1.210076,-6.591729,-0.944980,0.000000,0.644767,-5.501406,0.382463,-0.563798,0.014506,-0.046418,0.959651,-0.051999,0.007468,9.447939,2.029620,1.921611
-0.004236,0.000853,0.006921,0.002713,-0.004018,0.001303,0.004888,-0.015575,-0.009638,-0.027588,0.007612,-0.002034,0.010397,0.004336,-0.077939,0.021629,-0.004378,-0.001105,0.003559,-0.009616,-0.003211,-0.000944,-0.053855,0.000000,0.000000,-0.004860,0.041968,0.003031,0.000000,0.002958,0.026031,-0.001241,0.002809,0.001175,0.004710,-0.004984,-0.000206,-0.000085,-0.052141,-0.010274,-0.011248
0.077993,0.006251,-0.032633,-0.002132,0.039044,0.002940,0.000730,0.113451,0.078632,0.213388,-0.037922,-0.001350,-0.005364,-0.018662,0.546397,-0.004378,0.035916,0.002441,0.000278,0.145859,0.032254,0.002646,0.364973,0.000000,0.000000,0.048479,-0.227776,-0.031661,0.000000,0.024960,-0.185200,0.013054,-0.016441,-0.000071,-0.003854,0.037582,0.011987,0.004771,0.339273,0.068862,0.074350
-0.004692,0.002889,0.004573,0.000576,-0.002681,0.003440,-0.002479,-0.013093,-0.005633,-0.009948,0.002986,-0.000247,-0.000404,0.001016,-0.039067,-0.001105,0.002441,0.004902,0.001173,-0.007935,-0.000015,-0.005389,-0.025106,0.000000,0.000000,0.000920,0.016335,0.002703,0.000000,-0.002783,0.016814,-0.000800,0.000201,0.000138,0.001416,-0.003728,0.005415,0.003067,-0.024791,-0.003899,-0.002022
0.002865,-0.000136,-0.001934,0.004316,0.002396,0.001033,-0.000201,0.002105,0.002609,0.010739,0.000271,-0.000699,0.001014,0.002442,0.011973,0.003559,0.000278,0.001173,0.006259,0.017407,0.009316,-0.003632,0.010189,0.000000,0.000000,0.005623,-0.002202,-0.001436,0.000000,0.004243,0.003195,0.004222,-0.000058,0.002526,0.003209,-0.003323,0.000540,0.002569,0.007457,0.007758,0.002434
0.566945,0.013467,-0.320387,0.009948,0.300423,0.004862,0.002555,0.852941,0.634512,1.599588,-0.281252,-0.000226,-0.061436,-0.101830,4.139363,-0.009616,0.145859,-0.007935,0.017407,1.147832,0.250919,0.011264,2.783332,0.000000,0.000000,0.337573,-1.739587,-0.254192,0.000000,0.179460,-1.444332,0.104116,-0.148891,0.006817,-0.010122,0.245388,-0.014671,0.005099,2.512714,0.546663,0.514554
0.120854,0.001929,-0.066799,0.007273,0.063616,0.002294,-0.001871,0.182459,0.136408,0.346415,-0.061439,-0.000065,-0.020297,-0.025901,0.888561,-0.003211,0.032254,-0.000015,0.009316,0.250919,0.074050,-0.000609,0.596835,0.000000,0.000000,0.076334,-0.374431,-0.054486,0.000000,0.038928,-0.317878,0.031487,-0.032613,0.000463,-0.003452,0.045732,0.000020,0.004976,0.534631,0.129765,0.111819
0.012598,-0.003255,-0.000675,-0.004670,0.006730,-0.001997,0.006569,0.025275,0.011303,0.018440,-0.005055,0.002099,0.006006,-0.004834,0.076655,-0.000944,0.002646,-0.005389,-0.003632,0.011264,-0.000609,0.015139,0.047578,0.000000,0.000000,-0.000739,-0.027928,-0.004776,0.000000,0.005325,-0.030740,0.002511,0.000004,0.000481,-0.005047,0.011107,-0.007634,-0.001736,0.050637,0.006814,0.008720
1.413612,0.028531,-0.807860,0.007255,0.749769,0.003399,0.008311,2.141559,1.599973,3.998036,-0.712940,-0.002099,-0.173274,-0.283881,10.442868,-0.053855,0.364973,-0.025106,0.010189,2.783332,0.596835,0.047578,7.008011,0.000000,0.000000,0.812831,-4.417941,-0.636307,0.000000,0.429905,-3.684988,0.254770,-0.377915,0.007644,-0.030973,0.642883,-0.036951,0.005752,6.330470,1.361166,1.287490
0.000000,0.000000,0.000000,0.000000,0.000000,0.000000,0.000000,0.000000,0.000000,0.000000,0.000000,0.000000,0.000000,0.000000,0.000000,0.000000,0.000000,0.000000,0.000000,0.000000,0.000000,0.000000,0.000000,0.000000,0.000000,0.000000,0.000000,0.000000,0.000000,0.000000,0.000000,0.000000,0.000000,0.000000,0.000000,0.000000,0.000000,0.000000,0.000000,0.000000,0.000000
0.000000,0.000000,0.000000,0.000000,0.000000,0.000000,0.000000,0.000000,0.000000,0.000000,0.000000,0.000000,0.000000,0.000000,0.000000,0.000000,0.000000,0.000000,0.000000,0.000000,0.000000,0.000000,0.000000,0.000000,0.000000,0.000000,0.000000,0.000000,0.000000,0.000000,0.000000,0.000000,0.000000,0.000000,0.000000,0.000000,0.000000,0.000000,0.000000,0.000000,0.000000
0.166188,0.006334,-0.088972,0.005669,0.088083,0.003804,0.000507,0.248596,0.183154,0.472316,-0.081830,-0.001128,-0.019591,-0.032979,1.210076,-0.004860,0.048479,0.000920,0.005623,0.337573,0.076334,-0.000739,0.812831,0.000000,0.000000,0.106756,-0.508668,-0.073634,0.000000,0.052405,-0.423163,0.028777,-0.043025,0.003368,-0.002313,0.067572,0.003814,0.005543,0.732071,0.158181,0.154389
-0.880344,-0.016197,0.517268,-0.002277,-0.468727,0.001598,0.000787,-1.344191,-1.010987,-2.513438,0.451789,0.000875,0.122412,0.181720,-6.591729,0.041968,-0.227776,0.016335,-0.002202,-1.739587,-0.374431,-0.027928,-4.417941,0.000000,0.000000,-0.508668,2.807699,0.396786,0.000000,-0.265095,2.326222,-0.159869,0.239174,-0.001760,0.022825,-0.402668,0.021604,-0.001159,-3.990373,-0.857436,-0.808958
-0.129836,-0.002803,0.072409,-0.002219,-0.068153,-0.000428,-0.001799,-0.194321,-0.144846,-0.361272,0.063908,0.000355,0.014328,0.024989,-0.944980,0.003031,-0.031661,0.002703,-0.001436,-0.254192,-0.054486,-0.004776,-0.636307,0.000000,0.000000,-0.073634,0.396786,0.060680,0.000000,-0.038814,0.338533,-0.023137,0.035230,-0.001244,0.001928,-0.056937,0.004636,-0.000519,-0.567845,-0.123806,-0.115178
0.000000,0.000000,0.000000,0.000000,0.000000,0.000000,0.000000,0.000000,0.000000,0.000000,0.000000,0.000000,0.000000,0.000000,0.000000,0.000000,0.000000,0.000000,0.000000,0.000000,0.000000,0.000000,0.000000,0.000000,0.000000,0.000000,0.000000,0.000000,0.000000,0.000000,0.000000,0.000000,0.000000,0.000000,0.000000,0.000000,0.000000,0.000000,0.000000,0.000000,0.000000
0.091146,0.000575,-0.048947,0.003344,0.050468,0.000815,0.006892,0.137455,0.099066,0.252752,-0.041968,-0.002075,-0.002051,-0.019693,0.644767,0.002958,0.024960,-0.002783,0.004243,0.179460,0.038928,0.005325,0.429905,0.000000,0.000000,0.052405,-0.265095,-0.038814,0.000000,0.042168,-0.219109,0.017895,-0.019437,0.007284,0.000321,0.041955,-0.000422,0.002382,0.400501,0.084592,0.081757
-0.747639,-0.014826,0.424145,-0.007687,-0.391674,-0.000579,-0.007407,-1.132668,-0.842017,-2.085341,0.377559,-0.001273,0.100650,0.162575,-5.501406,0.026031,-0.185200,0.016814,0.003195,-1.444332,-0.317878,-0.030740,-3.684988,0.000000,0.000000,-0.423163,2.326222,0.338533,0.000000,-0.219109,2.009857,-0.134625,0.207758,-0.002923,0.016897,-0.333208,0.021038,0.001381,-3.303042,-0.716336,-0.669689
0.052460,-0.000777,-0.028633,0.001250,0.028181,0.000750,0.001907,0.080114,0.059245,0.147204,-0.026157,-0.000450,-0.005090,-0.010978,0.382463,-0.001241,0.013054,-0.000800,0.004222,0.104116,0.031487,0.002511,0.254770,0.000000,0.000000,0.028777,-0.159869,-0.023137,0.000000,0.017895,-0.134625,0.017321,-0.012752,0.001313,-0.000200,0.022748,-0.001203,0.001949,0.232392,0.058669,0.047469
-0.076186,-0.002373,0.046824,-0.002639,-0.039339,-0.000651,0.004993,-0.110531,-0.087758,-0.209673,0.037756,0.000240,0.013727,0.014769,-0.563798,0.002809,-0.016441,0.000201,-0.000058,-0.148891,-0.032613,0.000004,-0.377915,0.000000,0.000000,-0.043025,0.239174,0.035230,0.000000,-0.019437,0.207758,-0.012752,0.030356,0.001966,0.000822,-0.030533,0.003139,0.000507,-0.326035,-0.073496,-0.064844
0.003494,-0.002248,-0.001523,0.005239,0.005893,-0.000410,0.005511,0.003878,0.002114,0.006000,0.003524,-0.000701,0.003790,-0.003380,0.014506,0.001175,-0.000071,0.000138,0.002526,0.006817,0.000463,0.000481,0.007644,0.000000,0.000000,0.003368,-0.001760,-0.001244,0.000000,0.007284,-0.002923,0.001313,0.001966,0.016631,0.004090,0.000088,-0.000136,0.004375,0.007363,0.002460,0.000853
-0.003430,0.000330,0.001052,0.008461,-0.002232,-0.000918,0.001002,-0.017464,-0.005292,-0.009757,0.004502,-0.002349,0.004319,0.001898,-0.046418,0.004710,-0.003854,0.001416,0.003209,-0.010122,-0.003452,-0.005047,-0.030973,0.000000,0.000000,-0.002313,0.022825,0.001928,0.000000,0.000321,0.016897,-0.000200,0.000822,0.004090,0.031955,-0.001963,0.003209,0.002539,-0.029196,-0.003174,-0.007002
0.132492,0.002354,-0.070703,-0.007309,0.069576,0.000163,0.003747,0.200768,0.146184,0.370936,-0.066946,0.000314,-0.007512,-0.027495,0.959651,-0.004984,0.037582,-0.003728,-0.003323,0.245388,0.045732,0.011107,0.642883,0.000000,0.000000,0.067572,-0.402668,-0.056937,0.000000,0.041955,-0.333208,0.022748,-0.030533,0.000088,-0.001963,0.075365,-0.003968,-0.000821,0.601826,0.121294,0.121618
-0.004721,0.007236,0.009181,0.001679,-0.004974,0.003286,-0.000971,-0.014283,-0.011811,-0.012225,0.002653,-0.003662,-0.000964,-0.005063,-0.051999,-0.000206,0.011987,0.005415,0.000540,-0.014671,0.000020,-0.007634,-0.036951,0.000000,0.000000,0.003814,0.021604,0.004636,0.000000,-0.000422,0.021038,-0.001203,0.003139,-0.000136,0.003209,-0.003968,0.021500,0.004533,-0.029284,-0.006582,-0.000867
0.002606,0.002278,0.002975,0.001995,0.002865,0.001828,0.000217,-0.001067,0.000434,0.007434,0.002292,-0.000728,0.001881,-0.001707,0.007468,-0.000085,0.004771,0.003067,0.002569,0.005099,0.004976,-0.001736,0.005752,0.000000,0.000000,0.005543,-0.001159,-0.000519,0.000000,0.002382,0.001381,0.001949,0.000507,0.004375,0.002539,-0.000821,0.004533,0.006893,0.003396,0.002827,0.003345
1.281693,0.020683,-0.728693,-0.004043,0.679766,0.003115,0.014200,1.956091,1.444003,3.636390,-0.651477,-0.001753,-0.145858,-0.264851,9.447939,-0.052141,0.339273,-0.024791,0.007457,2.512714,0.534631,0.050637,6.330470,0.000000,0.000000,0.732071,-3.990373,-0.567845,0.000000,0.400501,-3.303042,0.232392,-0.326035,0.007363,-0.029196,0.601826,-0.029284,0.003396,5.793801,1.229321,1.180076
0.274956,0.004112,-0.158832,0.005338,0.146050,0.001917,0.002029,0.416283,0.312971,0.779667,-0.139015,-0.000820,-0.036242,-0.056520,2.029620,-0.010274,0.068862,-0.003899,0.007758,0.546663,0.129765,0.006814,1.361166,0.000000,0.000000,0.158181,-0.857436,-0.123806,0.000000,0.084592,-0.716336,0.058669,-0.073496,0.002460,-0.003174,0.121294,-0.006582,0.002827,1.229321,0.276959,0.250158
0.262948,0.006852,-0.140265,-0.000690,0.138769,0.004547,0.003135,0.398330,0.292258,0.744056,-0.133194,-0.000668,-0.027683,-0.054750,1.921611,-0.011248,0.074350,-0.002022,0.002434,0.514554,0.111819,0.008720,1.287490,0.000000,0.000000,0.154389,-0.808958,-0.115178,0.000000,0.081757,-0.669689,0.047469,-0.064844,0.000853,-0.007002,0.121618,-0.000867,0.003345,1.180076,0.250158,0.245565
