0.008227,-0.003779,-0.001008,-0.000093,0.000029,0.000405,0.000769,-0.000001,0.000458,-0.001330,0.001195,0.000280,0.000747,-0.000252,-0.000176,0.000337,-0.000367,0.000384
-0.003779,0.044316,-0.004933,0.007615,0.000798,-0.004533,0.002690,-0.000127,0.005617,0.003951,-0.000675,0.003547,-0.009144,-0.007015,0.000543,-0.000862,0.003760,-0.002550
-0.001008,-0.004933,0.008887,0.000480,-0.000587,0.000593,-0.001043,0.000384,0.001335,-0.002175,-0.005569,0.001400,-0.002355,-0.000752,-0.000221,0.000137,0.001165,0.000211
-0.000093,0.007615,0.000480,0.008328,0.000160,-0.000003,-0.000955,0.000310,0.000190,0.001093,0.002328,0.000108,0.000870,-0.000044,0.000311,0.000147,0.000137,-0.000448
0.000029,0.000798,-0.000587,0.000160,0.010289,-0.000177,0.000065,-0.000497,0.000105,-0.001344,-0.000192,-0.000578,-0.002916,0.000026,0.000333,0.000355,-0.000440,-0.000572
0.000405,-0.004533,0.000593,-0.000003,-0.000177,0.006730,0.000049,0.000416,0.000549,-0.000938,0.001529,0.000472,-0.000018,-0.001303,-0.000453,-0.000258,-0.000127,0.000142
0.000769,0.002690,-0.001043,-0.000955,0.000065,0.000049,0.008270,0.000238,-0.000115,0.000767,-0.000264,0.000107,-0.000473,0.000686,-0.000425,0.000038,-0.000518,-0.000635
-0.000001,-0.000127,0.000384,0.000310,-0.000497,0.000416,0.000238,0.005958,0.000139,0.000075,-0.000036,0.000065,0.000862,-0.000616,0.000028,0.000095,0.000283,-0.000173
0.000458,0.005617,0.001335,0.000190,0.000105,0.000549,-0.000115,0.000139,0.007626,-0.001914,0.001165,-0.000435,-0.001916,0.000272,0.000216,0.000277,0.000393,0.000059
-0.001330,0.003951,-0.002175,0.001093,-0.001344,-0.000938,0.000767,0.000075,-0.001914,0.007781,0.001834,-0.000267,0.001885,0.000265,-0.000994,-0.000273,0.001264,-0.001546
0.001195,-0.000675,-0.005569,0.002328,-0.000192,0.001529,-0.000264,-0.000036,0.001165,0.001834,0.015360,-0.001195,0.006160,0.006958,0.000091,-0.000694,-0.000266,-0.002721
0.000280,0.003547,0.001400,0.000108,-0.000578,0.000472,0.000107,0.000065,-0.000435,-0.000267,-0.001195,0.007115,-0.000824,-0.000398,0.000864,0.000280,-0.000288,-0.000031
0.000747,-0.009144,-0.002355,0.000870,-0.002916,-0.000018,-0.000473,0.000862,-0.001916,0.001885,0.006160,-0.000824,0.010141,0.001089,-0.001396,-0.000016,-0.000155,-0.001058
-0.000252,-0.007015,-0.000752,-0.000044,0.000026,-0.001303,0.000686,-0.000616,0.000272,0.000265,0.006958,-0.000398,0.001089,0.016049,-0.000848,-0.000326,-0.001099,-0.000090
-0.000176,0.000543,-0.000221,0.000311,0.000333,-0.000453,-0.000425,0.000028,0.000216,-0.000994,0.000091,0.000864,-0.001396,-0.000848,0.009208,-0.000031,0.000552,0.000014
0.000337,-0.000862,0.000137,0.000147,0.000355,-0.000258,0.000038,0.000095,0.000277,-0.000273,-0.000694,0.000280,-0.000016,-0.000326,-0.000031,0.004934,0.000174,0.000145
-0.000367,0.003760,0.001165,0.000137,-0.000440,-0.000127,-0.000518,0.000283,0.000393,0.001264,-0.000266,-0.000288,-0.000155,-0.001099,0.000552,0.000174,0.009020,-0.000183
0.000384,-0.002550,0.000211,-0.000448,-0.000572,0.000142,-0.000635,-0.000173,0.000059,-0.001546,-0.002721,-0.000031,-0.001058,-0.000090,0.000014,0.000145,-0.000183,0.012087
