0.011417,-0.000830,-0.003505,-0.000546,0.004549,0.001284,0.002408,-0.001012,-0.000851,0.000949,-0.002958,0.005214,0.001376,-0.012020,0.009458,0.005615,-0.001807,0.005878
-0.000830,0.008011,0.004368,0.000200,-0.000329,-0.000701,-0.001293,-0.000269,0.001039,-0.000240,-0.001228,0.003957,-0.003233,0.001573,-0.000053,0.003050,0.001595,-0.000562
-0.003505,0.004368,0.013342,0.000894,-0.003203,0.001215,0.002242,0.001239,0.000778,-0.001149,-0.001213,0.007740,-0.000258,-0.000600,-0.001919,0.001055,-0.000437,-0.001615
-0.000546,0.000200,0.000894,0.006620,-0.000137,-0.000261,-0.000493,0.000316,0.000674,-0.000334,0.000256,0.001702,-0.003195,0.001652,0.001510,-0.001812,-0.000269,0.000300
0.004549,-0.000329,-0.003203,-0.000137,0.012551,-0.000098,-0.000173,-0.001391,-0.000262,-0.000100,-0.001805,-0.011044,-0.007244,-0.005371,0.005877,0.002659,-0.000287,0.005282
0.001284,-0.000701,0.001215,-0.000261,-0.000098,0.008114,0.015046,0.000397,0.000542,-0.000674,0.000565,-0.000324,0.001772,0.002096,-0.001659,0.004481,-0.009115,-0.000362
0.002408,-0.001293,0.002242,-0.000493,-0.000173,0.015046,0.027899,0.000744,0.001018,-0.001253,0.001059,-0.000584,0.003261,0.003856,-0.003033,0.008302,-0.016889,-0.000674
-0.001012,-0.000269,0.001239,0.000316,-0.001391,0.000397,0.000744,0.006592,-0.000310,0.000150,-0.002122,0.000006,0.001698,-0.001178,-0.001736,0.000485,-0.000226,-0.001135
-0.000851,0.001039,0.000778,0.000674,-0.000262,0.000542,0.001018,-0.000310,0.007092,-0.000055,0.001337,0.000810,-0.002438,0.004344,0.000443,-0.005478,0.000598,0.000434
0.000949,-0.000240,-0.001149,-0.000334,-0.000100,-0.000674,-0.001253,0.000150,-0.000055,0.005348,-0.002076,0.000495,0.001432,0.001622,-0.002414,0.000147,0.001254,-0.000753
-0.002958,-0.001228,-0.001213,0.000256,-0.001805,0.000565,0.001059,-0.002122,0.001337,-0.002076,0.021989,-0.003939,0.004031,0.007041,0.001097,-0.021709,0.002565,-0.010631
0.005214,0.003957,0.007740,0.001702,-0.011044,-0.000324,-0.000584,0.000006,0.000810,0.000495,-0.003939,0.029324,0.003528,-0.007922,0.010094,-0.000929,0.001427,0.002750
0.001376,-0.003233,-0.000258,-0.003195,-0.007244,0.001772,0.003261,0.001698,-0.002438,0.001432,0.004031,0.003528,0.018745,-0.000493,-0.007898,-0.001787,-0.003191,-0.002468
-0.012020,0.001573,-0.000600,0.001652,-0.005371,0.002096,0.003856,-0.001178,0.004344,0.001622,0.007041,-0.007922,-0.000493,0.021670,-0.013554,-0.008860,-0.001860,-0.008620
0.009458,-0.000053,-0.001919,0.001510,0.005877,-0.001659,-0.003033,-0.001736,0.000443,-0.002414,0.001097,0.010094,-0.007898,-0.013554,0.022122,-0.007182,0.004104,0.007995
0.005615,0.003050,0.001055,-0.001812,0.002659,0.004481,0.008302,0.000485,-0.005478,0.000147,-0.021709,-0.000929,-0.001787,-0.008860,-0.007182,0.046859,-0.000926,0.007623
-0.001807,0.001595,-0.000437,-0.000269,-0.000287,-0.009115,-0.016889,-0.000226,0.000598,0.001254,0.002565,0.001427,-0.003191,-0.001860,0.004104,-0.000926,0.020625,-0.000600
0.005878,-0.000562,-0.001615,0.000300,0.005282,-0.000362,-0.000674,-0.001135,0.000434,-0.000753,-0.010631,0.002750,-0.002468,-0.008620,0.007995,0.007623,-0.000600,0.012210
