0.000288,0.000292,0.000346,0.000122,0.000307,0.000109,0.000191,0.000419,0.000449,0.000330,0.000274,0.000279,0.000251,0.000361,0.000267,0.000553,0.000199,0.000292,0.000052,0.000148,0.000042,-0.000333,-0.000481,-0.000154,-0.000566,-0.000652,-0.000515,-0.000261,-0.000444,-0.000219,-0.000011,-0.000098,-0.000514,-0.000028,0.000267,0.000417,0.000303,-0.000006,0.000271,0.000119,0.000351,0.000300,0.000219,0.000265,0.000091,0.000270,0.000081,0.000063,0.000059,0.000024,0.000019,0.000047,0.000015,0.000002,0.000021,0.000005,0.000020,0.000017,0.000029,0.000025
0.000292,0.000766,0.000662,0.000121,0.000560,0.000230,0.000296,0.000352,0.000152,0.000241,0.000422,0.000682,0.000628,0.000679,0.000375,0.000629,0.000352,-0.000012,0.000454,-0.000100,-0.000345,-0.001040,-0.000689,-0.000197,-0.000343,-0.001090,-0.001029,-0.000059,-0.000192,-0.000047,0.000246,-0.000254,-0.000840,-0.000060,0.000218,0.000555,0.000076,0.000206,0.000380,-0.000028,0.000356,0.000646,0.000192,-0.000013,0.000316,0.000305,0.000381,0.000096,0.000142,0.000050,0.000053,0.000077,0.000037,0.000017,0.000050,0.000024,0.000023,0.000025,0.000033,0.000035
0.000346,0.000662,0.001104,0.000221,0.000862,0.000227,0.000343,0.000298,0.000489,0.000352,0.000619,0.000627,0.000798,0.000363,0.000448,0.000234,-0.000244,-0.000151,0.000363,-0.000249,-0.000690,-0.001177,-0.000600,-0.000245,-0.000961,-0.001092,-0.000995,-0.000452,-0.000692,0.000003,-0.000117,-0.000335,-0.000673,0.000069,0.000174,0.000684,0.000135,0.000131,0.000176,-0.000004,0.000298,0.000449,0.000022,0.000267,0.000393,0.000192,0.000215,0.000043,0.000112,-0.000003,0.000036,0.000089,0.000043,0.000025,0.000039,0.000033,0.000037,0.000034,0.000051,0.000052
0.000122,0.000121,0.000221,0.000756,0.000568,0.000380,0.000302,0.000465,0.000508,0.000498,0.000471,0.000475,0.000725,0.000904,0.000635,0.001494,0.001385,0.000693,0.001368,0.001186,0.000812,0.000244,-0.000147,0.000063,-0.000997,-0.000600,-0.000437,-0.000531,-0.000789,-0.000506,-0.000629,-0.000462,-0.000355,-0.000676,-0.000257,0.000293,0.000384,0.000075,0.000396,0.000326,0.000423,0.000344,0.000208,0.000079,0.000129,0.000296,0.000032,0.000176,0.000117,0.000035,0.000036,0.000045,0.000020,0.000023,0.000047,0.000034,0.000038,0.000055,0.000061,0.000040
0.000307,0.000560,0.000862,0.000568,0.002423,0.000946,0.000652,0.000435,0.000337,0.000770,0.000958,0.001148,0.001689,0.001160,0.001321,0.002610,0.002337,0.001341,0.002888,0.001640,0.001246,0.001085,0.000464,0.000106,-0.000686,-0.001556,-0.001477,-0.001517,-0.002726,-0.001458,-0.001546,-0.000806,-0.001255,-0.001249,-0.001192,0.000296,0.000003,-0.000317,0.000505,0.000327,0.000528,0.000455,0.000080,0.000188,0.000301,0.000152,0.000074,-0.000004,0.000100,0.000004,0.000057,0.000121,0.000068,0.000034,0.000037,0.000040,0.000023,0.000044,0.000073,0.000071
0.000109,0.000230,0.000227,0.000380,0.000946,0.002667,0.000999,0.001087,0.001163,0.001994,0.001429,0.002127,0.002723,0.002095,0.001783,0.003180,0.000864,0.000099,0.001583,0.000762,0.001723,0.000718,-0.000534,-0.001024,-0.001094,-0.000176,-0.000088,-0.000270,-0.000824,-0.001266,-0.000063,-0.000080,-0.000827,-0.000900,-0.000091,-0.000148,0.000087,-0.000359,0.000874,0.000672,0.000527,0.000365,0.000392,0.000433,0.001451,0.000051,0.000103,0.000068,0.000070,0.000065,0.000069,0.000053,0.000063,0.000043,0.000010,0.000040,0.000017,0.000040,0.000038,0.000026
0.000191,0.000296,0.000343,0.000302,0.000652,0.000999,0.002327,0.001086,0.001268,0.001449,0.001598,0.001342,0.001519,0.002145,0.002610,0.002026,0.001276,0.001334,0.002754,0.000761,0.001942,0.000892,0.001516,0.002148,0.000665,-0.000657,-0.000732,-0.001160,-0.000498,-0.000981,0.000289,-0.000202,-0.000436,-0.001148,-0.000633,-0.000398,-0.000735,-0.001285,0.000109,0.000215,-0.000135,0.000388,0.000174,0.000291,0.000343,0.000359,0.000342,0.000357,0.000243,0.000049,0.000089,0.000100,0.000036,0.000039,0.000004,0.000036,0.000051,0.000073,0.000032,0.000038
0.000419,0.000352,0.000298,0.000465,0.000435,0.001087,0.001086,0.003930,0.003523,0.002556,0.001296,0.000985,0.001349,0.001572,0.001756,0.003234,-0.000445,-0.000237,-0.000647,0.001322,0.002104,0.000539,0.000019,0.000215,-0.002193,-0.000885,-0.000380,-0.001473,-0.000141,0.000196,0.001518,-0.000353,-0.001649,-0.001256,0.000497,0.001374,0.002114,-0.000166,0.000208,0.002048,0.001121,0.001067,0.001008,0.000818,0.001240,0.001380,0.000400,0.000252,0.000322,0.000155,0.000074,0.000137,0.000023,0.000056,0.000046,0.000050,0.000017,0.000060,0.000043,-0.000011
0.000449,0.000152,0.000489,0.000508,0.000337,0.001163,0.001268,0.003523,0.008208,0.004939,0.004638,0.002577,0.002387,0.002538,0.000996,0.001894,-0.000925,0.000137,0.000234,0.003247,0.003916,0.001655,-0.000190,0.000125,-0.001189,0.000687,0.001322,0.000463,-0.000696,0.000101,0.001009,0.001008,0.000444,-0.001884,-0.000338,0.002164,0.002770,0.000503,0.001486,0.002096,-0.000388,-0.000513,0.000661,0.002570,0.002465,0.001982,0.000525,0.000823,0.000493,0.000098,0.000046,0.000107,-0.000087,0.000058,0.000037,0.000024,0.000039,0.000107,-0.000016,-0.000033
0.000330,0.000241,0.000352,0.000498,0.000770,0.001994,0.001449,0.002556,0.004939,0.009720,0.006064,0.004242,0.003851,0.002636,0.002910,0.003649,0.000398,0.000158,0.001514,0.001816,0.002753,0.000539,-0.001602,-0.002863,-0.002319,-0.000828,0.000057,0.000065,-0.000264,0.000414,0.001484,0.001532,0.000564,-0.001238,0.000816,0.001658,0.003355,0.000732,0.002044,0.002343,0.001311,0.000116,0.001370,0.002164,0.003200,0.002313,0.000613,0.001387,0.000565,0.000146,0.000059,0.000144,0.000033,0.000038,0.000028,0.000059,0.000069,0.000078,0.000028,0.000002
0.000274,0.000422,0.000619,0.000471,0.000958,0.001429,0.001598,0.001296,0.004638,0.006064,0.012042,0.008093,0.007508,0.005052,0.004374,0.002281,0.001936,0.001320,0.005882,0.003322,0.004161,0.003199,0.002390,-0.000550,-0.001361,0.000472,-0.000009,-0.001363,-0.001757,-0.001962,-0.000785,0.001025,-0.000021,-0.003270,-0.004808,-0.002411,-0.001364,-0.000665,0.001479,0.002126,-0.000739,0.000544,0.001274,0.002173,0.002697,0.001242,0.000342,0.000837,0.000469,0.000108,0.000097,0.000076,-0.000016,0.000050,0.000081,0.000090,0.000064,0.000081,0.000017,0.000024
0.000279,0.000682,0.000627,0.000475,0.001148,0.002127,0.001342,0.000985,0.002577,0.004242,0.008093,0.014407,0.009158,0.005272,0.004952,0.005696,0.003384,0.004917,0.007384,0.005929,0.005713,0.003722,0.001212,-0.002352,-0.003305,-0.002550,-0.002865,-0.003403,-0.004996,-0.001812,-0.001842,-0.000729,-0.001826,-0.003340,-0.006889,-0.005604,-0.004303,-0.002956,0.001876,-0.000353,-0.001179,0.000992,0.000735,0.001990,0.001598,0.000372,0.000429,-0.000224,0.000149,0.000075,0.000096,0.000153,-0.000007,0.000018,0.000156,0.000074,0.000042,-0.000011,-0.000026,0.000016
0.000251,0.000628,0.000798,0.000725,0.001689,0.002723,0.001519,0.001349,0.002387,0.003851,0.007508,0.009158,0.014036,0.007986,0.008755,0.006670,0.005380,0.005624,0.008916,0.007358,0.007430,0.005198,0.001908,-0.001537,-0.003481,-0.000842,-0.002998,-0.004526,-0.004483,-0.002841,-0.002422,-0.002488,-0.003299,-0.003995,-0.006055,-0.005497,-0.005407,-0.003248,0.000201,-0.000483,-0.001638,-0.000109,0.000170,0.001211,0.001809,0.000381,0.000584,-0.000150,0.000256,0.000153,0.000204,0.000166,0.000051,0.000067,0.000101,0.000094,0.000057,0.000072,0.000030,0.000050
0.000361,0.000679,0.000363,0.000904,0.001160,0.002095,0.002145,0.001572,0.002538,0.002636,0.005052,0.005272,0.007986,0.018860,0.013349,0.013663,0.013105,0.009768,0.011251,0.009742,0.008356,0.003879,0.003158,0.002462,-0.001041,-0.003103,-0.004999,-0.005521,-0.005735,-0.001646,-0.002794,-0.002386,-0.004708,-0.006211,-0.003982,-0.004739,-0.004807,-0.002882,-0.000371,-0.001678,-0.002364,-0.001340,-0.002078,0.000788,0.000898,-0.000221,0.000820,0.000490,0.000700,0.000040,0.000214,0.000082,0.000081,0.000057,0.000186,0.000121,0.000159,0.000213,0.000051,0.000061
0.000267,0.000375,0.000448,0.000635,0.001321,0.001783,0.002610,0.001756,0.000996,0.002910,0.004374,0.004952,0.008755,0.013349,0.030151,0.019682,0.019140,0.017145,0.012585,0.011321,0.011106,0.004881,0.003989,-0.000226,-0.005607,-0.004756,-0.011358,-0.012236,-0.011845,-0.005321,-0.007375,-0.006542,-0.005527,-0.008333,-0.002216,-0.003559,-0.002166,-0.001204,-0.003586,-0.004417,-0.003707,-0.003237,-0.004328,-0.002509,-0.001510,-0.001047,-0.000635,-0.000269,-0.000041,0.000007,0.000100,0.000043,0.000090,0.000157,0.000135,0.000136,0.000149,0.000128,0.000105,0.000082
0.000553,0.000629,0.000234,0.001494,0.002610,0.003180,0.002026,0.003234,0.001894,0.003649,0.002281,0.005696,0.006670,0.013663,0.019682,0.036793,0.025748,0.022168,0.020150,0.016028,0.010866,0.009296,0.002589,0.001771,-0.003332,-0.006665,-0.011782,-0.015077,-0.015187,-0.006238,-0.006306,-0.007920,-0.008405,-0.007875,-0.001912,-0.002560,-0.000767,-0.002263,-0.000913,-0.003515,-0.001749,-0.004085,-0.006426,-0.002178,-0.000911,-0.000899,-0.000482,-0.000133,0.000026,0.000021,0.000023,0.000126,0.000091,0.000079,0.000241,0.000054,0.000126,0.000076,0.000124,0.000075
0.000199,0.000352,-0.000244,0.001385,0.002337,0.000864,0.001276,-0.000445,-0.000925,0.000398,0.001936,0.003384,0.005380,0.013105,0.019140,0.025748,0.047278,0.025633,0.022448,0.020614,0.016177,0.013539,0.007717,0.001660,-0.001051,-0.004967,-0.012336,-0.015511,-0.015310,-0.006883,-0.008764,-0.007443,-0.007464,-0.005863,-0.005989,-0.006206,-0.007271,-0.005145,-0.004868,-0.006078,-0.002854,-0.003337,-0.005814,-0.002424,-0.002058,-0.002389,-0.001247,-0.000330,0.000043,-0.000142,0.000029,-0.000109,-0.000052,0.000109,0.000196,0.000092,0.000110,0.000150,0.000099,0.000066
0.000292,-0.000012,-0.000151,0.000693,0.001341,0.000099,0.001334,-0.000237,0.000137,0.000158,0.001320,0.004917,0.005624,0.009768,0.017145,0.022168,0.025633,0.043945,0.027930,0.021276,0.013740,0.014273,0.007966,0.005701,-0.000542,-0.004710,-0.010002,-0.011760,-0.015990,-0.007339,-0.010581,-0.008106,-0.005056,-0.007616,-0.004141,-0.006236,-0.006417,-0.004835,-0.004071,-0.006964,-0.003291,-0.004624,-0.005910,-0.002256,-0.004852,-0.003119,-0.001386,-0.001171,-0.000582,-0.000201,-0.000131,0.000031,0.000013,-0.000061,0.000066,0.000036,0.000136,0.000022,0.000035,0.000045
0.000052,0.000454,0.000363,0.001368,0.002888,0.001583,0.002754,-0.000647,0.000234,0.001514,0.005882,0.007384,0.008916,0.011251,0.012585,0.020150,0.022448,0.027930,0.045300,0.025673,0.019509,0.018729,0.013313,0.008818,0.001870,-0.002965,-0.008280,-0.014773,-0.015644,-0.007052,-0.011579,-0.007524,-0.003614,-0.007577,-0.008309,-0.010947,-0.008837,-0.004105,-0.001832,-0.004008,-0.004380,-0.005554,-0.007223,-0.002597,-0.003668,-0.001684,-0.000715,-0.000452,0.000235,0.000118,0.000094,0.000259,0.000175,0.000048,0.000166,0.000170,0.000135,0.000202,0.000061,-0.000054
0.000148,-0.000100,-0.000249,0.001186,0.001640,0.000762,0.000761,0.001322,0.003247,0.001816,0.003322,0.005929,0.007358,0.009742,0.011321,0.016028,0.020614,0.021276,0.025673,0.044051,0.026839,0.017097,0.009892,0.004868,-0.005504,-0.006301,-0.008896,-0.012981,-0.014509,-0.002984,-0.010608,-0.009174,-0.006355,-0.002748,-0.005243,-0.007352,-0.003884,-0.000355,0.001468,-0.001305,-0.002723,-0.004135,-0.003947,-0.000148,-0.000157,-0.000489,-0.001593,-0.000995,-0.000066,0.000027,0.000009,0.000090,-0.000029,0.000097,0.000159,0.000147,0.000134,0.000138,-0.000028,-0.000159
0.000042,-0.000345,-0.000690,0.000812,0.001246,0.001723,0.001942,0.002104,0.003916,0.002753,0.004161,0.005713,0.007430,0.008356,0.011106,0.010866,0.016177,0.013740,0.019509,0.026839,0.041357,0.020646,0.016458,0.007183,-0.000352,-0.001977,-0.006221,-0.010011,-0.013355,-0.006769,-0.011850,-0.006485,-0.007097,-0.008755,-0.006507,-0.009486,-0.002510,-0.000143,0.000421,0.000315,-0.004468,-0.002461,-0.002285,0.000895,0.000776,-0.001589,-0.001752,-0.000816,0.000208,0.000113,0.000140,0.000067,0.000014,0.000211,0.000175,0.000150,0.000093,0.000146,-0.000080,-0.000157
-0.000333,-0.001040,-0.001177,0.000244,0.001085,0.000718,0.000892,0.000539,0.001655,0.000539,0.003199,0.003722,0.005198,0.003879,0.004881,0.009296,0.013539,0.014273,0.018729,0.017097,0.020646,0.041636,0.024497,0.015722,0.009492,0.004852,0.002903,-0.004967,-0.010803,-0.007082,-0.009673,-0.003244,-0.005848,-0.007834,-0.009952,-0.009814,-0.005466,-0.004551,-0.003764,-0.001427,-0.004588,-0.003195,-0.001224,0.000051,0.000863,0.000210,0.000825,-0.000713,-0.000183,0.000142,0.000142,-0.000088,-0.000062,-0.000012,-0.000027,0.000017,-0.000016,-0.000012,-0.000187,-0.000122
-0.000481,-0.000689,-0.000600,-0.000147,0.000464,-0.000534,0.001516,0.000019,-0.000190,-0.001602,0.002390,0.001212,0.001908,0.003158,0.003989,0.002589,0.007717,0.007966,0.013313,0.009892,0.016458,0.024497,0.040852,0.023509,0.013667,0.010328,0.004821,-0.004029,-0.005916,-0.009067,-0.010283,-0.005685,-0.007374,-0.008577,-0.012407,-0.012575,-0.010802,-0.005095,-0.009619,-0.006162,-0.008000,-0.004027,-0.003805,-0.000552,-0.002894,-0.003071,-0.000106,-0.001331,-0.000411,-0.000055,0.000159,-0.000020,-0.000024,0.000038,-0.000067,-0.000014,-0.000070,-0.000042,-0.000238,-0.000116
-0.000154,-0.000197,-0.000245,0.000063,0.000106,-0.001024,0.002148,0.000215,0.000125,-0.002863,-0.000550,-0.002352,-0.001537,0.002462,-0.000226,0.001771,0.001660,0.005701,0.008818,0.004868,0.007183,0.015722,0.023509,0.036755,0.021790,0.012044,0.008931,0.002179,-0.000258,-0.001260,-0.002059,-0.000921,-0.005382,-0.008343,-0.008164,-0.008853,-0.010144,-0.008717,-0.007877,-0.005915,-0.007667,-0.003291,-0.003144,0.000401,-0.002126,-0.001129,0.000101,-0.000716,0.000163,-0.000115,0.000125,0.000049,-0.000104,-0.000116,-0.000151,-0.000041,-0.000065,-0.000013,-0.000207,-0.000072
-0.000566,-0.000343,-0.000961,-0.000997,-0.000686,-0.001094,0.000665,-0.002193,-0.001189,-0.002319,-0.001361,-0.003305,-0.003481,-0.001041,-0.005607,-0.003332,-0.001051,-0.000542,0.001870,-0.005504,-0.000352,0.009492,0.013667,0.021790,0.036049,0.018179,0.015978,0.012232,0.010373,0.000517,0.000978,0.000089,-0.001887,-0.004480,-0.003394,-0.006080,-0.007333,-0.005355,-0.003614,-0.005405,-0.004649,-0.002947,-0.001809,0.001421,-0.000660,-0.000723,0.001508,0.000157,0.000214,-0.000135,-0.000097,-0.000181,-0.000167,-0.000172,-0.000179,-0.000128,-0.000105,-0.000120,-0.000289,-0.000078
-0.000652,-0.001090,-0.001092,-0.000600,-0.001556,-0.000176,-0.000657,-0.000885,0.000687,-0.000828,0.000472,-0.002550,-0.000842,-0.003103,-0.004756,-0.006665,-0.004967,-0.004710,-0.002965,-0.006301,-0.001977,0.004852,0.010328,0.012044,0.018179,0.034322,0.022355,0.014235,0.012333,0.000907,0.000070,-0.000424,-0.001535,-0.007342,-0.006053,-0.006973,-0.009475,-0.006529,-0.005033,-0.004369,-0.005064,-0.007350,-0.001394,0.000356,-0.000342,-0.000871,0.000346,-0.000327,-0.000266,-0.000098,-0.000064,-0.000244,-0.000159,-0.000202,-0.000303,-0.000130,-0.000235,-0.000172,-0.000234,-0.000180
-0.000515,-0.001029,-0.000995,-0.000437,-0.001477,-0.000088,-0.000732,-0.000380,0.001322,0.000057,-0.000009,-0.002865,-0.002998,-0.004999,-0.011358,-0.011782,-0.012336,-0.010002,-0.008280,-0.008896,-0.006221,0.002903,0.004821,0.008931,0.015978,0.022355,0.039125,0.022927,0.018119,0.005601,0.007147,0.003972,-0.000028,-0.005166,-0.003516,-0.006432,-0.003440,-0.002696,-0.002200,-0.001573,-0.003059,-0.003764,-0.000322,0.001120,0.000305,0.000722,0.000282,-0.000626,-0.000417,-0.000129,-0.000125,-0.000125,-0.000202,-0.000253,-0.000202,-0.000133,-0.000074,-0.000078,-0.000261,-0.000142
-0.000261,-0.000059,-0.000452,-0.000531,-0.001517,-0.000270,-0.001160,-0.001473,0.000463,0.000065,-0.001363,-0.003403,-0.004526,-0.005521,-0.012236,-0.015077,-0.015511,-0.011760,-0.014773,-0.012981,-0.010011,-0.004967,-0.004029,0.002179,0.012232,0.014235,0.022927,0.040130,0.027553,0.010290,0.009940,0.008697,0.003303,-0.001875,-0.004525,-0.003482,-0.004064,0.000115,-0.001174,-0.003341,-0.002025,-0.003025,0.000364,0.002868,0.002906,-0.000527,0.001381,0.001024,-0.000172,-0.000247,0.000054,-0.000122,-0.000152,-0.000209,-0.000187,-0.000094,-0.000077,-0.000176,-0.000175,-0.000077
-0.000444,-0.000192,-0.000692,-0.000789,-0.002726,-0.000824,-0.000498,-0.000141,-0.000696,-0.000264,-0.001757,-0.004996,-0.004483,-0.005735,-0.011845,-0.015187,-0.015310,-0.015990,-0.015644,-0.014509,-0.013355,-0.010803,-0.005916,-0.000258,0.010373,0.012333,0.018119,0.027553,0.047202,0.016347,0.016664,0.009756,0.006811,0.004818,0.000303,-0.001208,-0.003138,-0.002039,-0.002119,-0.001200,-0.000302,-0.001069,0.000336,0.001419,0.001474,0.001490,0.001752,0.001249,0.000545,-0.000154,0.000012,-0.000202,-0.000148,-0.000191,-0.000202,-0.000046,-0.000174,-0.000098,-0.000212,-0.000116
-0.000219,-0.000047,0.000003,-0.000506,-0.001458,-0.001266,-0.000981,0.000196,0.000101,0.000414,-0.001962,-0.001812,-0.002841,-0.001646,-0.005321,-0.006238,-0.006883,-0.007339,-0.007052,-0.002984,-0.006769,-0.007082,-0.009067,-0.001260,0.000517,0.000907,0.005601,0.010290,0.016347,0.027780,0.017101,0.007034,0.007781,0.009026,0.004761,0.001483,0.000057,0.001950,0.000025,0.001446,0.001890,0.002494,0.002025,0.001405,0.001515,0.003892,0.001147,0.001462,0.000851,0.000056,-0.000057,-0.000019,-0.000154,-0.000262,-0.000194,-0.000070,-0.000055,-0.000103,-0.000128,-0.000105
-0.000011,0.000246,-0.000117,-0.000629,-0.001546,-0.000063,0.000289,0.001518,0.001009,0.001484,-0.000785,-0.001842,-0.002422,-0.002794,-0.007375,-0.006306,-0.008764,-0.010581,-0.011579,-0.010608,-0.011850,-0.009673,-0.010283,-0.002059,0.000978,0.000070,0.007147,0.009940,0.016664,0.017101,0.029595,0.013017,0.010568,0.009619,0.006641,0.005501,0.002923,0.002049,0.001614,0.005909,0.006650,0.004419,0.004080,0.002974,0.003696,0.005096,0.002351,0.001889,0.000671,0.000331,-0.000057,-0.000045,0.000009,-0.000172,-0.000085,0.000089,0.000028,-0.000001,-0.000132,-0.000028
-0.000098,-0.000254,-0.000335,-0.000462,-0.000806,-0.000080,-0.000202,-0.000353,0.001008,0.001532,0.001025,-0.000729,-0.002488,-0.002386,-0.006542,-0.007920,-0.007443,-0.008106,-0.007524,-0.009174,-0.006485,-0.003244,-0.005685,-0.000921,0.000089,-0.000424,0.003972,0.008697,0.009756,0.007034,0.013017,0.023128,0.013734,0.008549,0.003658,0.005922,0.002636,0.002883,0.003591,0.004682,0.004602,0.002717,0.004680,0.003667,0.002284,0.001983,0.000382,0.001207,0.000642,0.000068,-0.000042,-0.000029,-0.000089,-0.000122,-0.000098,0.000068,-0.000042,0.000058,-0.000042,-0.000051
-0.000514,-0.000840,-0.000673,-0.000355,-0.001255,-0.000827,-0.000436,-0.001649,0.000444,0.000564,-0.000021,-0.001826,-0.003299,-0.004708,-0.005527,-0.008405,-0.007464,-0.005056,-0.003614,-0.006355,-0.007097,-0.005848,-0.007374,-0.005382,-0.001887,-0.001535,-0.000028,0.003303,0.006811,0.007781,0.010568,0.013734,0.026990,0.018023,0.009950,0.009554,0.004412,0.006058,0.003384,0.005865,0.006163,0.002617,0.003169,0.002135,0.000699,0.001269,0.000025,0.001247,0.000744,0.000107,-0.000097,-0.000158,-0.000027,-0.000098,-0.000086,0.000089,0.000008,0.000030,-0.000032,-0.000021
-0.000028,-0.000060,0.000069,-0.000676,-0.001249,-0.000900,-0.001148,-0.001256,-0.001884,-0.001238,-0.003270,-0.003340,-0.003995,-0.006211,-0.008333,-0.007875,-0.005863,-0.007616,-0.007577,-0.002748,-0.008755,-0.007834,-0.008577,-0.008343,-0.004480,-0.007342,-0.005166,-0.001875,0.004818,0.009026,0.009619,0.008549,0.018023,0.032043,0.018833,0.013716,0.006906,0.008765,0.005649,0.008735,0.009297,0.004783,0.005546,0.001804,0.000550,0.001989,-0.000025,0.000562,0.000206,0.000282,-0.000156,-0.000179,-0.000006,-0.000077,-0.000055,0.000048,-0.000009,-0.000076,0.000057,0.000004
0.000267,0.000218,0.000174,-0.000257,-0.001192,-0.000091,-0.000633,0.000497,-0.000338,0.000816,-0.004808,-0.006889,-0.006055,-0.003982,-0.002216,-0.001912,-0.005989,-0.004141,-0.008309,-0.005243,-0.006507,-0.009952,-0.012407,-0.008164,-0.003394,-0.006053,-0.003516,-0.004525,0.000303,0.004761,0.006641,0.003658,0.009950,0.018833,0.040540,0.024837,0.017706,0.010582,0.006714,0.007584,0.010300,0.003349,0.004658,0.000401,-0.001587,0.001310,-0.000263,-0.000080,0.000086,0.000218,-0.000260,-0.000047,0.000011,-0.000007,-0.000014,0.000050,0.000089,0.000037,0.000126,0.000040
0.000417,0.000555,0.000684,0.000293,0.000296,-0.000148,-0.000398,0.001374,0.002164,0.001658,-0.002411,-0.005604,-0.005497,-0.004739,-0.003559,-0.002560,-0.006206,-0.006236,-0.010947,-0.007352,-0.009486,-0.009814,-0.012575,-0.008853,-0.006080,-0.006973,-0.006432,-0.003482,-0.001208,0.001483,0.005501,0.005922,0.009554,0.013716,0.024837,0.045952,0.026864,0.015775,0.011599,0.008725,0.010434,0.005834,0.005484,0.003846,0.000436,0.001887,0.000515,0.000969,0.000447,0.000229,-0.000051,0.000139,0.000079,0.000255,0.000044,0.000009,0.000163,0.000009,0.000312,0.000170
0.000303,0.000076,0.000135,0.000384,0.000003,0.000087,-0.000735,0.002114,0.002770,0.003355,-0.001364,-0.004303,-0.005407,-0.004807,-0.002166,-0.000767,-0.007271,-0.006417,-0.008837,-0.003884,-0.002510,-0.005466,-0.010802,-0.010144,-0.007333,-0.009475,-0.003440,-0.004064,-0.003138,0.000057,0.002923,0.002636,0.004412,0.006906,0.017706,0.026864,0.035768,0.014523,0.008387,0.010744,0.010907,0.007054,0.006309,0.002120,0.001373,0.002895,0.000696,0.001521,0.000206,0.000058,-0.000217,0.000033,0.000150,0.000226,0.000070,0.000060,0.000202,0.000066,0.000291,0.000115
-0.000006,0.000206,0.000131,0.000075,-0.000317,-0.000359,-0.001285,-0.000166,0.000503,0.000732,-0.000665,-0.002956,-0.003248,-0.002882,-0.001204,-0.002263,-0.005145,-0.004835,-0.004105,-0.000355,-0.000143,-0.004551,-0.005095,-0.008717,-0.005355,-0.006529,-0.002696,0.000115,-0.002039,0.001950,0.002049,0.002883,0.006058,0.008765,0.010582,0.015775,0.014523,0.019438,0.008264,0.007151,0.005279,0.004507,0.003669,0.001252,0.001212,0.001478,-0.000620,0.000369,0.000194,0.000210,-0.000122,-0.000040,0.000042,0.000178,0.000137,0.000057,0.000125,0.000047,0.000131,0.000024
0.000271,0.000380,0.000176,0.000396,0.000505,0.000874,0.000109,0.000208,0.001486,0.002044,0.001479,0.001876,0.000201,-0.000371,-0.003586,-0.000913,-0.004868,-0.004071,-0.001832,0.001468,0.000421,-0.003764,-0.009619,-0.007877,-0.003614,-0.005033,-0.002200,-0.001174,-0.002119,0.000025,0.001614,0.003591,0.003384,0.005649,0.006714,0.011599,0.008387,0.008264,0.020979,0.009463,0.005037,0.003598,0.005729,0.003879,0.003095,0.003278,0.000099,0.000236,0.000215,0.000339,-0.000050,0.000100,0.000035,0.000140,0.000174,0.000039,0.000111,0.000084,0.000149,0.000066
0.000119,-0.000028,-0.000004,0.000326,0.000327,0.000672,0.000215,0.002048,0.002096,0.002343,0.002126,-0.000353,-0.000483,-0.001678,-0.004417,-0.003515,-0.006078,-0.006964,-0.004008,-0.001305,0.000315,-0.001427,-0.006162,-0.005915,-0.005405,-0.004369,-0.001573,-0.003341,-0.001200,0.001446,0.005909,0.004682,0.005865,0.008735,0.007584,0.008725,0.010744,0.007151,0.009463,0.020725,0.011568,0.006939,0.006493,0.002763,0.005020,0.007132,0.001517,0.001496,0.001150,0.000417,-0.000047,0.000034,0.000059,0.000089,0.000083,0.000074,0.000031,0.000127,0.000187,0.000013
0.000351,0.000356,0.000298,0.000423,0.000528,0.000527,-0.000135,0.001121,-0.000388,0.001311,-0.000739,-0.001179,-0.001638,-0.002364,-0.003707,-0.001749,-0.002854,-0.003291,-0.004380,-0.002723,-0.004468,-0.004588,-0.008000,-0.007667,-0.004649,-0.005064,-0.003059,-0.002025,-0.000302,0.001890,0.006650,0.004602,0.006163,0.009297,0.010300,0.010434,0.010907,0.005279,0.005037,0.011568,0.018936,0.008261,0.006629,0.002636,0.002867,0.005571,0.001575,0.001510,0.000860,0.000182,-0.000028,0.000001,0.000103,0.000039,0.000059,0.000126,0.000075,0.000116,0.000168,0.000052
0.000300,0.000646,0.000449,0.000344,0.000455,0.000365,0.000388,0.001067,-0.000513,0.000116,0.000544,0.000992,-0.000109,-0.001340,-0.003237,-0.004085,-0.003337,-0.004624,-0.005554,-0.004135,-0.002461,-0.003195,-0.004027,-0.003291,-0.002947,-0.007350,-0.003764,-0.003025,-0.001069,0.002494,0.004419,0.002717,0.002617,0.004783,0.003349,0.005834,0.007054,0.004507,0.003598,0.006939,0.008261,0.017537,0.010134,0.003567,0.004523,0.004301,0.002409,0.001845,0.000880,0.000283,0.000272,0.000185,0.000113,0.000058,0.000097,0.000094,0.000032,0.000111,0.000126,0.000111
0.000219,0.000192,0.000022,0.000208,0.000080,0.000392,0.000174,0.001008,0.000661,0.001370,0.001274,0.000735,0.000170,-0.002078,-0.004328,-0.006426,-0.005814,-0.005910,-0.007223,-0.003947,-0.002285,-0.001224,-0.003805,-0.003144,-0.001809,-0.001394,-0.000322,0.000364,0.000336,0.002025,0.004080,0.004680,0.003169,0.005546,0.004658,0.005484,0.006309,0.003669,0.005729,0.006493,0.006629,0.010134,0.014247,0.006228,0.005292,0.004710,0.002443,0.001524,0.000883,0.000344,0.000287,0.000095,0.000023,0.000029,0.000084,0.000119,0.000005,0.000114,0.000131,0.000044
0.000265,-0.000013,0.000267,0.000079,0.000188,0.000433,0.000291,0.000818,0.002570,0.002164,0.002173,0.001990,0.001211,0.000788,-0.002509,-0.002178,-0.002424,-0.002256,-0.002597,-0.000148,0.000895,0.000051,-0.000552,0.000401,0.001421,0.000356,0.001120,0.002868,0.001419,0.001405,0.002974,0.003667,0.002135,0.001804,0.000401,0.003846,0.002120,0.001252,0.003879,0.002763,0.002636,0.003567,0.006228,0.009104,0.005821,0.003311,0.001561,0.000960,0.000677,0.000098,0.000107,0.000036,-0.000039,-0.000001,0.000066,0.000047,0.000021,0.000050,0.000031,0.000004
0.000091,0.000316,0.000393,0.000129,0.000301,0.001451,0.000343,0.001240,0.002465,0.003200,0.002697,0.001598,0.001809,0.000898,-0.001510,-0.000911,-0.002058,-0.004852,-0.003668,-0.000157,0.000776,0.000863,-0.002894,-0.002126,-0.000660,-0.000342,0.000305,0.002906,0.001474,0.001515,0.003696,0.002284,0.000699,0.000550,-0.001587,0.000436,0.001373,0.001212,0.003095,0.005020,0.002867,0.004523,0.005292,0.005821,0.012650,0.006452,0.002774,0.002301,0.001083,0.000422,0.000271,0.000073,0.000057,0.000042,0.000164,0.000095,0.000033,0.000055,0.000005,-0.000024
0.000270,0.000305,0.000192,0.000296,0.000152,0.000051,0.000359,0.001380,0.001982,0.002313,0.001242,0.000372,0.000381,-0.000221,-0.001047,-0.000899,-0.002389,-0.003119,-0.001684,-0.000489,-0.001589,0.000210,-0.003071,-0.001129,-0.000723,-0.000871,0.000722,-0.000527,0.001490,0.003892,0.005096,0.001983,0.001269,0.001989,0.001310,0.001887,0.002895,0.001478,0.003278,0.007132,0.005571,0.004301,0.004710,0.003311,0.006452,0.010364,0.003406,0.002354,0.001143,0.000468,0.000074,0.000115,-0.000039,-0.000022,0.000203,0.000110,0.000090,0.000146,0.000060,0.000035
0.000081,0.000381,0.000215,0.000032,0.000074,0.000103,0.000342,0.000400,0.000525,0.000613,0.000342,0.000429,0.000584,0.000820,-0.000635,-0.000482,-0.001247,-0.001386,-0.000715,-0.001593,-0.001752,0.000825,-0.000106,0.000101,0.001508,0.000346,0.000282,0.001381,0.001752,0.001147,0.002351,0.000382,0.000025,-0.000025,-0.000263,0.000515,0.000696,-0.000620,0.000099,0.001517,0.001575,0.002409,0.002443,0.001561,0.002774,0.003406,0.003538,0.001377,0.000834,0.000218,0.000157,0.000061,0.000010,-0.000014,0.000063,0.000058,0.000044,0.000069,-0.000003,0.000025
0.000063,0.000096,0.000043,0.000176,-0.000004,0.000068,0.000357,0.000252,0.000823,0.001387,0.000837,-0.000224,-0.000150,0.000490,-0.000269,-0.000133,-0.000330,-0.001171,-0.000452,-0.000995,-0.000816,-0.000713,-0.001331,-0.000716,0.000157,-0.000327,-0.000626,0.001024,0.001249,0.001462,0.001889,0.001207,0.001247,0.000562,-0.000080,0.000969,0.001521,0.000369,0.000236,0.001496,0.001510,0.001845,0.001524,0.000960,0.002301,0.002354,0.001377,0.002001,0.000731,0.000118,0.000074,0.000009,0.000007,-0.000009,0.000040,0.000054,0.000058,0.000065,0.000022,0.000023
0.000059,0.000142,0.000112,0.000117,0.000100,0.000070,0.000243,0.000322,0.000493,0.000565,0.000469,0.000149,0.000256,0.000700,-0.000041,0.000026,0.000043,-0.000582,0.000235,-0.000066,0.000208,-0.000183,-0.000411,0.000163,0.000214,-0.000266,-0.000417,-0.000172,0.000545,0.000851,0.000671,0.000642,0.000744,0.000206,0.000086,0.000447,0.000206,0.000194,0.000215,0.001150,0.000860,0.000880,0.000883,0.000677,0.001083,0.001143,0.000834,0.000731,0.000774,0.000097,0.000063,0.000028,-0.000004,-0.000008,0.000023,0.000030,0.000016,0.000051,0.000016,-0.000002
0.000024,0.000050,-0.000003,0.000035,0.000004,0.000065,0.000049,0.000155,0.000098,0.000146,0.000108,0.000075,0.000153,0.000040,0.000007,0.000021,-0.000142,-0.000201,0.000118,0.000027,0.000113,0.000142,-0.000055,-0.000115,-0.000135,-0.000098,-0.000129,-0.000247,-0.000154,0.000056,0.000331,0.000068,0.000107,0.000282,0.000218,0.000229,0.000058,0.000210,0.000339,0.000417,0.000182,0.000283,0.000344,0.000098,0.000422,0.000468,0.000218,0.000118,0.000097,0.000109,0.000021,0.000011,0.000009,0.000005,0.000011,0.000004,-0.000001,0.000006,0.000005,0.000003
0.000019,0.000053,0.000036,0.000036,0.000057,0.000069,0.000089,0.000074,0.000046,0.000059,0.000097,0.000096,0.000204,0.000214,0.000100,0.000023,0.000029,-0.000131,0.000094,0.000009,0.000140,0.000142,0.000159,0.000125,-0.000097,-0.000064,-0.000125,0.000054,0.000012,-0.000057,-0.000057,-0.000042,-0.000097,-0.000156,-0.000260,-0.000051,-0.000217,-0.000122,-0.000050,-0.000047,-0.000028,0.000272,0.000287,0.000107,0.000271,0.000074,0.000157,0.000074,0.000063,0.000021,0.000055,0.000017,0.000009,0.000004,0.000005,0.000003,0.000002,0.000008,0.000004,0.000006
0.000047,0.000077,0.000089,0.000045,0.000121,0.000053,0.000100,0.000137,0.000107,0.000144,0.000076,0.000153,0.000166,0.000082,0.000043,0.000126,-0.000109,0.000031,0.000259,0.000090,0.000067,-0.000088,-0.000020,0.000049,-0.000181,-0.000244,-0.000125,-0.000122,-0.000202,-0.000019,-0.000045,-0.000029,-0.000158,-0.000179,-0.000047,0.000139,0.000033,-0.000040,0.000100,0.000034,0.000001,0.000185,0.000095,0.000036,0.000073,0.000115,0.000061,0.000009,0.000028,0.000011,0.000017,0.000054,0.000011,-0.000000,0.000010,0.000004,0.000004,0.000008,0.000004,0.000003
0.000015,0.000037,0.000043,0.000020,0.000068,0.000063,0.000036,0.000023,-0.000087,0.000033,-0.000016,-0.000007,0.000051,0.000081,0.000090,0.000091,-0.000052,0.000013,0.000175,-0.000029,0.000014,-0.000062,-0.000024,-0.000104,-0.000167,-0.000159,-0.000202,-0.000152,-0.000148,-0.000154,0.000009,-0.000089,-0.000027,-0.000006,0.000011,0.000079,0.000150,0.000042,0.000035,0.000059,0.000103,0.000113,0.000023,-0.000039,0.000057,-0.000039,0.000010,0.000007,-0.000004,0.000009,0.000009,0.000011,0.000027,0.000007,0.000003,0.000005,0.000001,0.000004,0.000007,0.000005
0.000002,0.000017,0.000025,0.000023,0.000034,0.000043,0.000039,0.000056,0.000058,0.000038,0.000050,0.000018,0.000067,0.000057,0.000157,0.000079,0.000109,-0.000061,0.000048,0.000097,0.000211,-0.000012,0.000038,-0.000116,-0.000172,-0.000202,-0.000253,-0.000209,-0.000191,-0.000262,-0.000172,-0.000122,-0.000098,-0.000077,-0.000007,0.000255,0.000226,0.000178,0.000140,0.000089,0.000039,0.000058,0.000029,-0.000001,0.000042,-0.000022,-0.000014,-0.000009,-0.000008,0.000005,0.000004,-0.000000,0.000007,0.000027,0.000009,0.000007,0.000003,0.000007,0.000006,0.000005
0.000021,0.000050,0.000039,0.000047,0.000037,0.000010,0.000004,0.000046,0.000037,0.000028,0.000081,0.000156,0.000101,0.000186,0.000135,0.000241,0.000196,0.000066,0.000166,0.000159,0.000175,-0.000027,-0.000067,-0.000151,-0.000179,-0.000303,-0.000202,-0.000187,-0.000202,-0.000194,-0.000085,-0.000098,-0.000086,-0.000055,-0.000014,0.000044,0.000070,0.000137,0.000174,0.000083,0.000059,0.000097,0.000084,0.000066,0.000164,0.000203,0.000063,0.000040,0.000023,0.000011,0.000005,0.000010,0.000003,0.000009,0.000035,0.000014,0.000013,0.000017,0.000007,0.000004
0.000005,0.000024,0.000033,0.000034,0.000040,0.000040,0.000036,0.000050,0.000024,0.000059,0.000090,0.000074,0.000094,0.000121,0.000136,0.000054,0.000092,0.000036,0.000170,0.000147,0.000150,0.000017,-0.000014,-0.000041,-0.000128,-0.000130,-0.000133,-0.000094,-0.000046,-0.000070,0.000089,0.000068,0.000089,0.000048,0.000050,0.000009,0.000060,0.000057,0.000039,0.000074,0.000126,0.000094,0.000119,0.000047,0.000095,0.000110,0.000058,0.000054,0.000030,0.000004,0.000003,0.000004,0.000005,0.000007,0.000014,0.000025,0.000012,0.000014,0.000005,0.000004
0.000020,0.000023,0.000037,0.000038,0.000023,0.000017,0.000051,0.000017,0.000039,0.000069,0.000064,0.000042,0.000057,0.000159,0.000149,0.000126,0.000110,0.000136,0.000135,0.000134,0.000093,-0.000016,-0.000070,-0.000065,-0.000105,-0.000235,-0.000074,-0.000077,-0.000174,-0.000055,0.000028,-0.000042,0.000008,-0.000009,0.000089,0.000163,0.000202,0.000125,0.000111,0.000031,0.000075,0.000032,0.000005,0.000021,0.000033,0.000090,0.000044,0.000058,0.000016,-0.000001,0.000002,0.000004,0.000001,0.000003,0.000013,0.000012,0.000028,0.000012,0.000007,0.000006
0.000017,0.000025,0.000034,0.000055,0.000044,0.000040,0.000073,0.000060,0.000107,0.000078,0.000081,-0.000011,0.000072,0.000213,0.000128,0.000076,0.000150,0.000022,0.000202,0.000138,0.000146,-0.000012,-0.000042,-0.000013,-0.000120,-0.000172,-0.000078,-0.000176,-0.000098,-0.000103,-0.000001,0.000058,0.000030,-0.000076,0.000037,0.000009,0.000066,0.000047,0.000084,0.000127,0.000116,0.000111,0.000114,0.000050,0.000055,0.000146,0.000069,0.000065,0.000051,0.000006,0.000008,0.000008,0.000004,0.000007,0.000017,0.000014,0.000012,0.000032,0.000010,0.000005
0.000029,0.000033,0.000051,0.000061,0.000073,0.000038,0.000032,0.000043,-0.000016,0.000028,0.000017,-0.000026,0.000030,0.000051,0.000105,0.000124,0.000099,0.000035,0.000061,-0.000028,-0.000080,-0.000187,-0.000238,-0.000207,-0.000289,-0.000234,-0.000261,-0.000175,-0.000212,-0.000128,-0.000132,-0.000042,-0.000032,0.000057,0.000126,0.000312,0.000291,0.000131,0.000149,0.000187,0.000168,0.000126,0.000131,0.000031,0.000005,0.000060,-0.000003,0.000022,0.000016,0.000005,0.000004,0.000004,0.000007,0.000006,0.000007,0.000005,0.000007,0.000010,0.000025,0.000011
0.000025,0.000035,0.000052,0.000040,0.000071,0.000026,0.000038,-0.000011,-0.000033,0.000002,0.000024,0.000016,0.000050,0.000061,0.000082,0.000075,0.000066,0.000045,-0.000054,-0.000159,-0.000157,-0.000122,-0.000116,-0.000072,-0.000078,-0.000180,-0.000142,-0.000077,-0.000116,-0.000105,-0.000028,-0.000051,-0.000021,0.000004,0.000040,0.000170,0.000115,0.000024,0.000066,0.000013,0.000052,0.000111,0.000044,0.000004,-0.000024,0.000035,0.000025,0.000023,-0.000002,0.000003,0.000006,0.000003,0.000005,0.000005,0.000004,0.000004,0.000006,0.000005,0.000011,0.000018
