0.020706,0.010658,0.009822,0.002117,0.006355,0.003011,0.004779,0.006256,0.007314,0.003957,0.004807,0.002693,0.004470,0.004469,0.004117,0.005793,0.002534,0.004109,0.003490,0.004225,0.003852,-0.001506,-0.004610,-0.001275,-0.005161,-0.006266,-0.004807,-0.003845,-0.005539,-0.002158,-0.001100,-0.002866,-0.006521,-0.002877,0.000611,0.002721,-0.002231,0.000196,0.003299,-0.000537,0.000968,0.001093,0.000829,0.002643,0.003431,0.002544,0.000756,0.000537,0.002279,0.002077,0.001264,0.005306,0.003712,-0.000462,0.003156,0.000756,0.006677,0.003854,0.004688,0.004096
0.010658,0.013002,0.009222,0.001486,0.006574,0.003450,0.003904,0.003902,0.004285,0.001951,0.003712,0.003893,0.005014,0.004558,0.002963,0.003905,0.003534,0.002027,0.003893,0.002817,0.001311,-0.004602,-0.005575,-0.001803,-0.003026,-0.006548,-0.006542,-0.002175,-0.002716,-0.001073,-0.001005,-0.003507,-0.004819,-0.000224,0.001125,0.002355,-0.000942,0.000714,0.001963,-0.000027,0.001831,0.002069,-0.000220,0.001014,0.003722,0.001580,0.001673,0.002134,0.003355,0.002092,0.002460,0.003142,0.004066,0.002963,0.003806,0.003106,0.004782,0.003148,0.004372,0.004016
0.009822,0.009222,0.012416,0.002311,0.006587,0.001306,0.003018,0.003005,0.004329,0.002699,0.003837,0.002678,0.004041,0.002631,0.002333,0.001785,-0.000171,-0.000189,0.000814,0.001661,-0.000424,-0.004123,-0.003974,-0.002101,-0.004333,-0.003185,-0.003312,-0.000816,-0.002799,-0.000792,-0.000833,-0.001386,-0.003679,0.001027,0.000917,0.001847,-0.001317,0.000417,0.001081,-0.000694,0.002421,0.003192,0.000727,0.002167,0.003971,0.001246,0.001647,0.002271,0.002134,0.001237,0.001711,0.003530,0.002581,0.002816,0.002574,0.003168,0.004011,0.001849,0.004698,0.005132
0.002117,0.001486,0.002311,0.004311,0.002410,0.001450,0.001916,0.002839,0.002529,0.002114,0.001701,0.001046,0.002768,0.002864,0.002626,0.003796,0.002910,0.002354,0.004189,0.003529,0.002411,0.001027,-0.000800,0.000499,-0.001614,-0.000953,-0.001498,-0.000274,-0.000567,-0.000796,-0.000667,-0.000336,-0.000846,-0.000817,0.000414,-0.000168,0.000071,-0.000537,0.000346,-0.000617,0.002504,0.002691,0.001360,0.001103,0.001828,0.001039,0.001124,0.002351,0.002354,0.001351,0.001412,0.001785,0.001235,0.002854,0.002155,0.002887,0.001561,0.002200,0.003494,0.001946
0.006355,0.006574,0.006587,0.002410,0.015725,0.005742,0.002925,0.002635,0.001538,0.001599,0.002314,0.003299,0.004522,0.002523,0.002395,0.005395,0.003740,0.003270,0.006150,0.005142,0.002405,-0.000052,0.000861,0.001552,0.000951,-0.002632,-0.003217,-0.000867,-0.004306,-0.004691,-0.002799,-0.003031,-0.005073,-0.001958,-0.002151,-0.000228,-0.001136,-0.001887,0.001681,-0.001061,0.001007,0.001528,0.000731,0.000787,0.001546,-0.000223,-0.000256,-0.000540,0.000217,-0.000528,0.000603,0.003763,0.004652,0.000413,0.000955,0.002503,0.001767,0.002072,0.004275,0.003050
0.003011,0.003450,0.001306,0.001450,0.005742,0.017209,0.005580,0.007151,0.005741,0.007101,0.005738,0.007766,0.010127,0.006237,0.004252,0.007516,0.003142,0.002232,0.004936,0.003082,0.005284,0.001508,-0.000458,-0.001570,-0.001145,0.001159,0.000129,0.001064,-0.001282,-0.003267,-0.001059,-0.001934,-0.003456,-0.004209,-0.002392,-0.001188,-0.001526,-0.002101,0.002613,0.000658,0.001456,0.001887,0.002071,0.001315,0.006114,0.000401,-0.000055,0.000197,0.001060,0.000935,0.001909,0.002976,0.004243,0.001654,0.000778,0.003031,0.000456,0.002445,0.002107,0.000418
0.004779,0.003904,0.003018,0.001916,0.002925,0.005580,0.016918,0.009469,0.008828,0.006915,0.006703,0.005363,0.007138,0.006637,0.007067,0.005872,0.006388,0.004825,0.008544,0.006490,0.009156,0.001902,0.001460,0.001987,-0.000876,-0.003471,-0.004702,-0.005542,-0.002518,-0.002540,-0.001118,-0.003241,-0.002044,-0.002136,0.000088,0.000438,0.000298,-0.001494,0.002485,0.001477,0.001252,0.001194,0.000085,0.001271,0.003345,0.001756,0.001470,0.004085,0.003811,0.002592,0.002579,0.002263,0.001551,0.004418,-0.000190,0.003904,0.004780,0.003740,0.002548,0.002420
0.006256,0.003902,0.003005,0.002839,0.002635,0.007151,0.009469,0.019872,0.014282,0.008423,0.004526,0.002091,0.005220,0.005301,0.003796,0.006725,0.001687,-0.000455,0.000989,0.003729,0.004293,-0.001038,-0.006231,-0.001448,-0.006325,-0.003375,-0.004450,-0.003623,-0.002694,0.000954,-0.000334,-0.001213,-0.002412,-0.001547,0.002468,0.005915,0.005876,-0.000450,0.002775,0.006076,0.005091,0.004183,0.003963,0.003262,0.004938,0.005168,0.002386,0.004942,0.006165,0.003285,0.003338,0.005310,0.002707,0.005799,0.000272,0.003920,0.002334,0.002755,0.005193,0.001915
0.007314,0.004285,0.004329,0.002529,0.001538,0.005741,0.008828,0.014282,0.022210,0.012671,0.010842,0.006526,0.007465,0.004397,0.001277,0.002056,0.000879,-0.000471,0.000560,0.005691,0.004959,-0.001102,-0.005879,-0.001688,-0.002899,-0.000226,0.000276,0.001114,-0.002305,0.001421,-0.000870,0.001905,0.000056,-0.002447,-0.000427,0.007129,0.005568,-0.000627,0.004574,0.001899,0.001035,0.000070,0.002592,0.005288,0.005446,0.004314,0.001268,0.005758,0.006293,0.001548,0.002916,0.004544,-0.000205,0.004835,0.001235,0.003924,0.003200,0.004168,0.001666,0.001115
0.003957,0.001951,0.002699,0.002114,0.001599,0.007101,0.006915,0.008423,0.012671,0.019836,0.012945,0.010108,0.009293,0.004610,0.002907,0.004281,0.002381,-0.000841,0.003035,0.004086,0.002234,0.000470,-0.002459,-0.001787,-0.001636,0.001961,0.000179,0.001482,0.000011,0.000671,0.000338,0.002285,-0.000012,-0.002224,-0.002696,0.003207,0.004858,-0.001542,0.003952,0.003419,0.002659,0.000016,0.004003,0.005134,0.007622,0.005507,0.001886,0.006603,0.004441,0.001086,0.001888,0.003670,0.002356,0.002055,0.000013,0.004049,0.002858,0.001776,0.001968,0.000640
0.004807,0.003712,0.003837,0.001701,0.002314,0.005738,0.006703,0.004526,0.010842,0.012945,0.024703,0.017573,0.016152,0.008269,0.005475,0.003669,0.002447,0.000749,0.008165,0.006031,0.005200,0.003825,0.002316,-0.000217,-0.000013,0.002470,0.001022,-0.000972,-0.003616,-0.003778,-0.002674,0.000253,-0.001263,-0.006789,-0.009142,-0.001266,-0.001298,-0.000737,0.005326,0.002337,0.000029,0.001828,0.005136,0.005504,0.008756,0.003697,0.001509,0.003797,0.003843,0.002464,0.002065,0.001829,0.000987,0.002438,0.001707,0.003328,0.003268,0.002786,0.000894,0.001860
0.002693,0.003893,0.002678,0.001046,0.003299,0.007766,0.005363,0.002091,0.006526,0.010108,0.017573,0.034916,0.021848,0.009779,0.006162,0.008833,0.008185,0.006949,0.011301,0.009955,0.004747,0.003696,0.003192,-0.002085,-0.001273,-0.003027,-0.005913,-0.003442,-0.004544,-0.002377,-0.005146,-0.002630,-0.003910,-0.009963,-0.014634,-0.007595,-0.006981,-0.003913,0.004239,-0.002618,-0.003338,0.001854,0.002747,0.004857,0.004535,0.000323,0.001135,0.000099,-0.000839,0.001087,0.001203,0.002644,0.000150,0.000963,0.004249,0.002968,0.001789,-0.000353,-0.001477,0.001227
0.004470,0.005014,0.004041,0.002768,0.004522,0.010127,0.007138,0.005220,0.007465,0.009293,0.016152,0.021848,0.030757,0.013686,0.010813,0.010652,0.011275,0.008160,0.014184,0.012302,0.008177,0.004585,0.001574,-0.003839,-0.003331,-0.003622,-0.005967,-0.004778,-0.003913,-0.004558,-0.007577,-0.008262,-0.007303,-0.009578,-0.010449,-0.004040,-0.006530,-0.004088,0.002697,-0.002225,-0.002570,0.000442,0.002783,0.002578,0.005595,-0.000122,0.001605,0.001249,0.000942,0.003097,0.003784,0.003513,0.004250,0.004904,0.004093,0.004849,0.002995,0.003112,0.003816,0.003356
0.004469,0.004558,0.002631,0.002864,0.002523,0.006237,0.006637,0.005301,0.004397,0.004610,0.008269,0.009779,0.013686,0.021579,0.015625,0.015510,0.016336,0.010802,0.013496,0.013771,0.012198,0.005973,0.005789,0.002120,-0.001022,-0.002234,-0.005994,-0.006743,-0.006143,-0.004883,-0.006823,-0.007159,-0.008208,-0.010024,-0.008107,-0.005888,-0.007491,-0.005852,-0.001164,-0.003657,-0.001408,-0.000795,-0.001985,0.000494,0.001103,-0.000759,0.001821,0.002087,0.003246,-0.000174,0.003480,0.001449,0.003118,0.003545,0.003284,0.004212,0.005870,0.005330,0.002761,0.002762
0.004117,0.002963,0.002333,0.002626,0.002395,0.004252,0.007067,0.003796,0.001277,0.002907,0.005475,0.006162,0.010813,0.015625,0.028455,0.020864,0.021818,0.017646,0.016490,0.014151,0.014734,0.008365,0.005258,0.001535,-0.002593,-0.004234,-0.010997,-0.010745,-0.009813,-0.006204,-0.010825,-0.010746,-0.009294,-0.009866,-0.006052,-0.004801,-0.005836,-0.003880,-0.003402,-0.006856,-0.002991,-0.004262,-0.005249,-0.002656,-0.001040,-0.001221,-0.000324,-0.000272,0.000634,0.001805,0.001799,0.000843,0.002469,0.004531,0.002144,0.003234,0.005368,0.003403,0.003285,0.002710
0.005793,0.003905,0.001785,0.003796,0.005395,0.007516,0.005872,0.006725,0.002056,0.004281,0.003669,0.008833,0.010652,0.015510,0.020864,0.037919,0.029910,0.023033,0.021788,0.016952,0.012990,0.010994,0.004017,0.002637,-0.002010,-0.005987,-0.012455,-0.013156,-0.011469,-0.007396,-0.009941,-0.012163,-0.010051,-0.010858,-0.006285,-0.005808,-0.006984,-0.005855,-0.001705,-0.005271,-0.001308,-0.004186,-0.007354,-0.004556,-0.000274,-0.001759,0.000293,0.000524,0.001411,0.000353,0.000559,0.001938,0.002391,0.000127,0.003392,0.001468,0.003572,0.002367,0.004996,0.002689
0.002534,0.003534,-0.000171,0.002910,0.003740,0.003142,0.006388,0.001687,0.000879,0.002381,0.002447,0.008185,0.011275,0.016336,0.021818,0.029910,0.054749,0.032230,0.027341,0.022190,0.016370,0.012759,0.007754,0.004143,0.003645,-0.007551,-0.014364,-0.015707,-0.012261,-0.005529,-0.011321,-0.012789,-0.011140,-0.010503,-0.008493,-0.005656,-0.007948,-0.007422,-0.006955,-0.010274,-0.004910,-0.006804,-0.009902,-0.005899,-0.004633,-0.006277,-0.003634,-0.001737,0.000644,-0.003646,0.000496,-0.000577,-0.000189,0.001618,0.002622,0.004693,0.002876,0.003874,0.003334,0.001400
0.004109,0.002027,-0.000189,0.002354,0.003270,0.002232,0.004825,-0.000455,-0.000471,-0.000841,0.000749,0.006949,0.008160,0.010802,0.017646,0.023033,0.032230,0.048105,0.028133,0.022228,0.018594,0.014314,0.010412,0.004722,0.000980,-0.007796,-0.013216,-0.014791,-0.014140,-0.009193,-0.013440,-0.015713,-0.009214,-0.010801,-0.006253,-0.009156,-0.010826,-0.007917,-0.006237,-0.010844,-0.006011,-0.007283,-0.009340,-0.008027,-0.010433,-0.008909,-0.004070,-0.005870,-0.005081,-0.002873,-0.001869,-0.000150,0.000133,-0.003059,-0.000007,0.000454,0.003860,0.001147,-0.000700,0.001164
0.003490,0.003893,0.000814,0.004189,0.006150,0.004936,0.008544,0.000989,0.000560,0.003035,0.008165,0.011301,0.014184,0.013496,0.016490,0.021788,0.027341,0.028133,0.051961,0.031925,0.022605,0.017067,0.017182,0.008000,0.002946,-0.005638,-0.009144,-0.015829,-0.013194,-0.008774,-0.013473,-0.016413,-0.010185,-0.010927,-0.011850,-0.011015,-0.012152,-0.007510,-0.001285,-0.006695,-0.005574,-0.006859,-0.009596,-0.005462,-0.007656,-0.003770,-0.001827,-0.001918,-0.001802,0.000801,0.001503,0.003494,0.003809,0.003435,0.003156,0.005278,0.005507,0.005194,0.003705,0.001733
0.004225,0.002817,0.001661,0.003529,0.005142,0.003082,0.006490,0.003729,0.005691,0.004086,0.006031,0.009955,0.012302,0.013771,0.014151,0.016952,0.022190,0.022228,0.031925,0.054899,0.033113,0.020008,0.013683,0.007652,-0.001665,-0.003324,-0.007533,-0.011654,-0.016005,-0.010087,-0.019153,-0.018313,-0.013407,-0.009440,-0.009051,-0.008132,-0.006761,-0.005918,0.001881,-0.008571,-0.007277,-0.005165,-0.006000,-0.003595,-0.004649,-0.005004,-0.004669,-0.004160,-0.003349,-0.002325,0.001621,0.001445,0.001776,0.003074,-0.001801,0.004754,0.006772,0.002879,0.002893,-0.000140
0.003852,0.001311,-0.000424,0.002411,0.002405,0.005284,0.009156,0.004293,0.004959,0.002234,0.005200,0.004747,0.008177,0.012198,0.014734,0.012990,0.016370,0.018594,0.022605,0.033113,0.053553,0.028526,0.018218,0.006071,-0.000290,-0.000464,-0.004430,-0.009768,-0.017734,-0.015212,-0.019162,-0.012152,-0.014351,-0.011962,-0.004435,-0.006074,-0.007275,-0.003693,0.002687,-0.002622,-0.006591,-0.003159,-0.006143,-0.003162,-0.001609,-0.005126,-0.005664,-0.004289,-0.003742,-0.000363,0.002697,0.000882,0.001261,0.006582,0.000443,0.003400,0.005600,0.003652,0.000808,0.000142
-0.001506,-0.004602,-0.004123,0.001027,-0.000052,0.001508,0.001902,-0.001038,-0.001102,0.000470,0.003825,0.003696,0.004585,0.005973,0.008365,0.010994,0.012759,0.014314,0.017067,0.020008,0.028526,0.047578,0.029406,0.014300,0.010602,0.007226,0.008835,-0.001104,-0.009212,-0.011599,-0.011765,-0.009718,-0.010168,-0.013457,-0.012580,-0.010907,-0.009583,-0.006502,-0.003264,-0.006430,-0.007744,-0.005501,-0.004641,-0.002078,-0.001681,-0.004334,-0.001561,-0.006101,-0.003951,-0.000270,0.000432,-0.002589,0.000100,0.000428,-0.002689,-0.001141,-0.000936,-0.000191,-0.005322,-0.001410
-0.004610,-0.005575,-0.003974,-0.000800,0.000861,-0.000458,0.001460,-0.006231,-0.005879,-0.002459,0.002316,0.003192,0.001574,0.005789,0.005258,0.004017,0.007754,0.010412,0.017182,0.013683,0.018218,0.029406,0.051505,0.029099,0.021635,0.015880,0.010548,0.001742,-0.004839,-0.012730,-0.012588,-0.009693,-0.011503,-0.014485,-0.018648,-0.016633,-0.017089,-0.013639,-0.012055,-0.013047,-0.012425,-0.006031,-0.006497,-0.001503,-0.007529,-0.007927,-0.003540,-0.007013,-0.007440,-0.006089,-0.000935,-0.003629,-0.000844,-0.000040,-0.004794,-0.003829,-0.002524,-0.000975,-0.007638,-0.002266
-0.001275,-0.001803,-0.002101,0.000499,0.001552,-0.001570,0.001987,-0.001448,-0.001688,-0.001787,-0.000217,-0.002085,-0.003839,0.002120,0.001535,0.002637,0.004143,0.004722,0.008000,0.007652,0.006071,0.014300,0.029099,0.038959,0.025687,0.014078,0.009150,0.004930,0.001403,-0.003271,-0.004386,-0.004312,-0.007179,-0.008954,-0.010413,-0.010493,-0.007927,-0.010540,-0.008389,-0.010600,-0.010570,-0.002994,-0.003942,-0.000397,-0.004263,-0.003049,-0.000603,-0.003568,-0.001388,-0.002588,-0.001412,-0.002754,-0.002393,-0.001986,-0.004810,-0.003026,-0.001022,0.000200,-0.006329,-0.002221
-0.005161,-0.003026,-0.004333,-0.001614,0.000951,-0.001145,-0.000876,-0.006325,-0.002899,-0.001636,-0.000013,-0.001273,-0.003331,-0.001022,-0.002593,-0.002010,0.003645,0.000980,0.002946,-0.001665,-0.000290,0.010602,0.021635,0.025687,0.041787,0.022155,0.018022,0.015467,0.012131,0.000557,0.002551,-0.001629,-0.002647,-0.009469,-0.009607,-0.007750,-0.006616,-0.009490,-0.004647,-0.011018,-0.009859,-0.006374,-0.005143,0.000306,-0.002488,-0.003461,-0.000857,-0.003758,-0.002973,-0.005071,-0.003991,-0.005217,-0.002914,-0.005083,-0.004110,-0.004459,-0.001833,-0.002674,-0.009226,-0.003494
-0.006266,-0.006548,-0.003185,-0.000953,-0.002632,0.001159,-0.003471,-0.003375,-0.000226,0.001961,0.002470,-0.003027,-0.003622,-0.002234,-0.004234,-0.005987,-0.007551,-0.007796,-0.005638,-0.003324,-0.000464,0.007226,0.015880,0.014078,0.022155,0.045887,0.029831,0.018236,0.010378,-0.001609,-0.000243,0.002117,0.000179,-0.007605,-0.006911,-0.004195,-0.004998,-0.007529,-0.002615,-0.006688,-0.005435,-0.005999,-0.000534,0.001479,0.001469,-0.000987,-0.001161,-0.003592,-0.001588,-0.002805,-0.000979,-0.003675,-0.001729,-0.004651,-0.010007,-0.003319,-0.006598,-0.003575,-0.005838,-0.003914
-0.004807,-0.006542,-0.003312,-0.001498,-0.003217,0.000129,-0.004702,-0.004450,0.000276,0.000179,0.001022,-0.005913,-0.005967,-0.005994,-0.010997,-0.012455,-0.014364,-0.013216,-0.009144,-0.007533,-0.004430,0.008835,0.010548,0.009150,0.018022,0.029831,0.049830,0.026964,0.017852,0.004505,0.008528,0.005318,0.002351,-0.009606,-0.007359,-0.006111,-0.004543,-0.002647,-0.000049,-0.003914,-0.006374,-0.007093,-0.002398,0.001888,0.001426,-0.000478,-0.001978,-0.005370,-0.003278,-0.003707,-0.002506,-0.001596,-0.003566,-0.005905,-0.005325,-0.004960,-0.003130,-0.002094,-0.010636,-0.005102
-0.003845,-0.002175,-0.000816,-0.000274,-0.000867,0.001064,-0.005542,-0.003623,0.001114,0.001482,-0.000972,-0.003442,-0.004778,-0.006743,-0.010745,-0.013156,-0.015707,-0.014791,-0.015829,-0.011654,-0.009768,-0.001104,0.001742,0.004930,0.015467,0.018236,0.026964,0.043012,0.026463,0.011722,0.012094,0.012045,0.004966,-0.002467,-0.007205,-0.002837,-0.001649,-0.003707,-0.002137,-0.005980,-0.003981,-0.003308,0.000886,0.004485,0.004859,-0.002723,0.000237,0.001233,-0.000631,-0.004272,-0.000721,-0.001673,-0.002066,-0.004424,-0.003643,-0.002686,-0.003102,-0.003501,-0.005341,-0.003567
-0.005539,-0.002716,-0.002799,-0.000567,-0.004306,-0.001282,-0.002518,-0.002694,-0.002305,0.000011,-0.003616,-0.004544,-0.003913,-0.006143,-0.009813,-0.011469,-0.012261,-0.014140,-0.013194,-0.016005,-0.017734,-0.009212,-0.004839,0.001403,0.012131,0.010378,0.017852,0.026463,0.042931,0.020370,0.018338,0.013040,0.009618,0.004163,0.002435,0.002706,0.001664,-0.000728,-0.000592,-0.001945,-0.001278,0.001163,-0.000032,0.003721,0.001592,0.002940,0.002593,0.001998,0.000986,-0.001410,-0.001371,-0.002228,-0.003756,-0.005231,-0.002120,-0.003410,-0.005513,-0.002466,-0.003562,-0.002283
-0.002158,-0.001073,-0.000792,-0.000796,-0.004691,-0.003267,-0.002540,0.000954,0.001421,0.000671,-0.003778,-0.002377,-0.004558,-0.004883,-0.006204,-0.007396,-0.005529,-0.009193,-0.008774,-0.010087,-0.015212,-0.011599,-0.012730,-0.003271,0.000557,-0.001609,0.004505,0.011722,0.020370,0.037785,0.024223,0.015072,0.013649,0.010632,0.005597,0.004649,0.005102,0.002354,-0.000088,0.001645,0.002687,0.004030,0.001008,0.003833,0.001523,0.007364,0.002366,0.005254,0.003863,0.000101,-0.000067,0.000327,-0.004055,-0.004967,-0.000560,0.000308,-0.002275,-0.001299,-0.002124,-0.001678
-0.001100,-0.001005,-0.000833,-0.000667,-0.002799,-0.001059,-0.001118,-0.000334,-0.000870,0.000338,-0.002674,-0.005146,-0.007577,-0.006823,-0.010825,-0.009941,-0.011321,-0.013440,-0.013473,-0.019153,-0.019162,-0.011765,-0.012588,-0.004386,0.002551,-0.000243,0.008528,0.012094,0.018338,0.024223,0.040893,0.023290,0.016508,0.010055,0.006560,0.004123,0.007107,0.004053,0.001821,0.004872,0.008993,0.006312,0.004880,0.007289,0.006680,0.007808,0.007149,0.005780,0.004172,0.002992,-0.001018,-0.000918,-0.000992,-0.003413,-0.000172,0.001249,0.000056,0.000583,-0.004989,-0.000703
-0.002866,-0.003507,-0.001386,-0.000336,-0.003031,-0.001934,-0.003241,-0.001213,0.001905,0.002285,0.000253,-0.002630,-0.008262,-0.007159,-0.010746,-0.012163,-0.012789,-0.015713,-0.016413,-0.018313,-0.012152,-0.009718,-0.009693,-0.004312,-0.001629,0.002117,0.005318,0.012045,0.013040,0.015072,0.023290,0.042024,0.021415,0.014101,0.008759,0.007986,0.012496,0.006917,0.003969,0.005530,0.007781,0.005815,0.007669,0.008965,0.006704,0.006040,0.002249,0.005066,0.003305,0.000324,0.000303,0.000854,-0.002226,-0.001579,-0.000674,0.002688,-0.000979,0.001032,-0.003880,-0.001953
-0.006521,-0.004819,-0.003679,-0.000846,-0.005073,-0.003456,-0.002044,-0.002412,0.000056,-0.000012,-0.001263,-0.003910,-0.007303,-0.008208,-0.009294,-0.010051,-0.011140,-0.009214,-0.010185,-0.013407,-0.014351,-0.010168,-0.011503,-0.007179,-0.002647,0.000179,0.002351,0.004966,0.009618,0.013649,0.016508,0.021415,0.031924,0.020778,0.014422,0.012109,0.012466,0.010548,0.005924,0.008473,0.009837,0.004754,0.005223,0.005676,0.004640,0.006692,0.003489,0.005527,0.005206,0.002633,-0.000068,-0.001135,-0.003007,-0.004293,0.001129,0.001425,-0.001483,-0.000417,-0.002153,-0.001677
-0.002877,-0.000224,0.001027,-0.000817,-0.001958,-0.004209,-0.002136,-0.001547,-0.002447,-0.002224,-0.006789,-0.009963,-0.009578,-0.010024,-0.009866,-0.010858,-0.010503,-0.010801,-0.010927,-0.009440,-0.011962,-0.013457,-0.014485,-0.008954,-0.009469,-0.007605,-0.009606,-0.002467,0.004163,0.010632,0.010055,0.014101,0.020778,0.038701,0.025628,0.014630,0.015109,0.012310,0.004180,0.009954,0.012737,0.007885,0.006382,0.004033,0.002066,0.005352,0.002787,0.005230,0.002337,0.000909,0.000577,-0.001443,0.000124,-0.001859,-0.000635,0.003192,-0.000203,-0.001772,0.003978,0.000541
0.000611,0.001125,0.000917,0.000414,-0.002151,-0.002392,0.000088,0.002468,-0.000427,-0.002696,-0.009142,-0.014634,-0.010449,-0.008107,-0.006052,-0.006285,-0.008493,-0.006253,-0.011850,-0.009051,-0.004435,-0.012580,-0.018648,-0.010413,-0.009607,-0.006911,-0.007359,-0.007205,0.002435,0.005597,0.006560,0.008759,0.014422,0.025628,0.050072,0.024832,0.026623,0.016533,0.008280,0.010647,0.013730,0.005279,0.002883,-0.000446,-0.001149,0.005978,0.001624,0.001783,0.002756,0.001060,-0.000753,0.000876,-0.001387,-0.002409,-0.000041,0.002676,0.003143,0.001993,0.005691,0.001749
0.002721,0.002355,0.001847,-0.000168,-0.000228,-0.001188,0.000438,0.005915,0.007129,0.003207,-0.001266,-0.007595,-0.004040,-0.005888,-0.004801,-0.005808,-0.005656,-0.009156,-0.011015,-0.008132,-0.006074,-0.010907,-0.016633,-0.010493,-0.007750,-0.004195,-0.006111,-0.002837,0.002706,0.004649,0.004123,0.007986,0.012109,0.014630,0.024832,0.044689,0.031237,0.017433,0.011393,0.012475,0.011593,0.004916,0.003485,0.004088,0.001426,0.004672,0.001263,0.005398,0.005011,0.001059,0.001257,0.002802,0.001190,0.005888,0.001407,0.002203,0.003803,0.000483,0.007517,0.002138
-0.002231,-0.000942,-0.001317,0.000071,-0.001136,-0.001526,0.000298,0.005876,0.005568,0.004858,-0.001298,-0.006981,-0.006530,-0.007491,-0.005836,-0.006984,-0.007948,-0.010826,-0.012152,-0.006761,-0.007275,-0.009583,-0.017089,-0.007927,-0.006616,-0.004998,-0.004543,-0.001649,0.001664,0.005102,0.007107,0.012496,0.012466,0.015109,0.026623,0.031237,0.048629,0.021239,0.009039,0.015846,0.015508,0.009600,0.009784,0.002950,0.005225,0.009119,0.004397,0.008020,0.005742,0.001692,-0.001054,0.002260,0.003160,0.003668,-0.000584,0.002411,0.003987,-0.000133,0.006932,0.001006
0.000196,0.000714,0.000417,-0.000537,-0.001887,-0.002101,-0.001494,-0.000450,-0.000627,-0.001542,-0.000737,-0.003913,-0.004088,-0.005852,-0.003880,-0.005855,-0.007422,-0.007917,-0.007510,-0.005918,-0.003693,-0.006502,-0.013639,-0.010540,-0.009490,-0.007529,-0.002647,-0.003707,-0.000728,0.002354,0.004053,0.006917,0.010548,0.012310,0.016533,0.017433,0.021239,0.028026,0.012091,0.015796,0.010904,0.005537,0.005908,0.003344,0.006176,0.008593,0.003935,0.004260,0.005482,0.004925,0.000826,-0.000016,-0.000928,0.000983,0.005046,0.001538,0.004115,0.001716,0.003513,0.002077
0.003299,0.001963,0.001081,0.000346,0.001681,0.002613,0.002485,0.002775,0.004574,0.003952,0.005326,0.004239,0.002697,-0.001164,-0.003402,-0.001705,-0.006955,-0.006237,-0.001285,0.001881,0.002687,-0.003264,-0.012055,-0.008389,-0.004647,-0.002615,-0.000049,-0.002137,-0.000592,-0.000088,0.001821,0.003969,0.005924,0.004180,0.008280,0.011393,0.009039,0.012091,0.022111,0.010661,0.004601,0.002209,0.005344,0.005510,0.006455,0.005730,0.000719,0.000747,0.001728,0.002654,0.000883,0.002461,0.001075,0.001985,0.003363,0.002048,0.003634,0.002764,0.003303,0.001066
-0.000537,-0.000027,-0.000694,-0.000617,-0.001061,0.000658,0.001477,0.006076,0.001899,0.003419,0.002337,-0.002618,-0.002225,-0.003657,-0.006856,-0.005271,-0.010274,-0.010844,-0.006695,-0.008571,-0.002622,-0.006430,-0.013047,-0.010600,-0.011018,-0.006688,-0.003914,-0.005980,-0.001945,0.001645,0.004872,0.005530,0.008473,0.009954,0.010647,0.012475,0.015846,0.015796,0.010661,0.029142,0.017964,0.010518,0.009920,0.003966,0.007730,0.012900,0.006328,0.008765,0.007627,0.006528,0.001340,0.001948,0.002111,0.002841,0.003187,0.002150,0.000179,0.003280,0.004930,0.001417
0.000968,0.001831,0.002421,0.002504,0.001007,0.001456,0.001252,0.005091,0.001035,0.002659,0.000029,-0.003338,-0.002570,-0.001408,-0.002991,-0.001308,-0.004910,-0.006011,-0.005574,-0.007277,-0.006591,-0.007744,-0.012425,-0.010570,-0.009859,-0.005435,-0.006374,-0.003981,-0.001278,0.002687,0.008993,0.007781,0.009837,0.012737,0.013730,0.011593,0.015508,0.010904,0.004601,0.017964,0.030459,0.014952,0.010968,0.006848,0.007882,0.012836,0.008784,0.011280,0.009739,0.006341,0.001799,0.001909,0.003601,0.005486,0.003383,0.005278,0.002402,0.003660,0.006209,0.003408
0.001093,0.002069,0.003192,0.002691,0.001528,0.001887,0.001194,0.004183,0.000070,0.000016,0.001828,0.001854,0.000442,-0.000795,-0.004262,-0.004186,-0.006804,-0.007283,-0.006859,-0.005165,-0.003159,-0.005501,-0.006031,-0.002994,-0.006374,-0.005999,-0.007093,-0.003308,0.001163,0.004030,0.006312,0.005815,0.004754,0.007885,0.005279,0.004916,0.009600,0.005537,0.002209,0.010518,0.014952,0.029299,0.016733,0.007326,0.011814,0.010225,0.008507,0.011525,0.007500,0.005801,0.003601,0.002660,0.004617,0.004180,0.003559,0.003408,0.001736,0.003238,0.003868,0.003484
0.000829,-0.000220,0.000727,0.001360,0.000731,0.002071,0.000085,0.003963,0.002592,0.004003,0.005136,0.002747,0.002783,-0.001985,-0.005249,-0.007354,-0.009902,-0.009340,-0.009596,-0.006000,-0.006143,-0.004641,-0.006497,-0.003942,-0.005143,-0.000534,-0.002398,0.000886,-0.000032,0.001008,0.004880,0.007669,0.005223,0.006382,0.002883,0.003485,0.009784,0.005908,0.005344,0.009920,0.010968,0.016733,0.025381,0.011478,0.014676,0.009705,0.008006,0.009003,0.007840,0.005374,0.002991,0.001122,0.002138,0.002541,0.002090,0.003454,-0.000124,0.003814,0.004377,0.000943
0.002643,0.001014,0.002167,0.001103,0.000787,0.001315,0.001271,0.003262,0.005288,0.005134,0.005504,0.004857,0.002578,0.000494,-0.002656,-0.004556,-0.005899,-0.008027,-0.005462,-0.003595,-0.003162,-0.002078,-0.001503,-0.000397,0.000306,0.001479,0.001888,0.004485,0.003721,0.003833,0.007289,0.008965,0.005676,0.004033,-0.000446,0.004088,0.002950,0.003344,0.005510,0.003966,0.006848,0.007326,0.011478,0.019060,0.012867,0.009533,0.006674,0.005575,0.006036,0.001628,0.003065,0.001632,-0.000794,0.002667,0.003372,0.002664,0.001666,0.001725,0.000255,0.000108
0.003431,0.003722,0.003971,0.001828,0.001546,0.006114,0.003345,0.004938,0.005446,0.007622,0.008756,0.004535,0.005595,0.001103,-0.001040,-0.000274,-0.004633,-0.010433,-0.007656,-0.004649,-0.001609,-0.001681,-0.007529,-0.004263,-0.002488,0.001469,0.001426,0.004859,0.001592,0.001523,0.006680,0.006704,0.004640,0.002066,-0.001149,0.001426,0.005225,0.006176,0.006455,0.007730,0.007882,0.011814,0.014676,0.012867,0.031879,0.014655,0.009690,0.012006,0.011178,0.008222,0.004416,0.002760,0.003823,0.001626,0.004508,0.003624,0.002036,0.002466,0.001176,0.001434
0.002544,0.001580,0.001246,0.001039,-0.000223,0.000401,0.001756,0.005168,0.004314,0.005507,0.003697,0.000323,-0.000122,-0.000759,-0.001221,-0.001759,-0.006277,-0.008909,-0.003770,-0.005004,-0.005126,-0.004334,-0.007927,-0.003049,-0.003461,-0.000987,-0.000478,-0.002723,0.002940,0.007364,0.007808,0.006040,0.006692,0.005352,0.005978,0.004672,0.009119,0.008593,0.005730,0.012900,0.012836,0.010225,0.009705,0.009533,0.014655,0.022962,0.010614,0.012314,0.010739,0.008632,0.002153,0.003279,0.000108,0.002166,0.007588,0.004684,0.003880,0.005931,0.001014,0.000547
0.000756,0.001673,0.001647,0.001124,-0.000256,-0.000055,0.001470,0.002386,0.001268,0.001886,0.001509,0.001135,0.001605,0.001821,-0.000324,0.000293,-0.003634,-0.004070,-0.001827,-0.004669,-0.005664,-0.001561,-0.003540,-0.000603,-0.000857,-0.001161,-0.001978,0.000237,0.002593,0.002366,0.007149,0.002249,0.003489,0.002787,0.001624,0.001263,0.004397,0.003935,0.000719,0.006328,0.008784,0.008507,0.008006,0.006674,0.009690,0.010614,0.014306,0.010599,0.011288,0.007771,0.002553,0.000397,0.000401,0.001234,0.002394,0.001738,0.002427,0.003524,0.000036,0.001946
0.000537,0.002134,0.002271,0.002351,-0.000540,0.000197,0.004085,0.004942,0.005758,0.006603,0.003797,0.000099,0.001249,0.002087,-0.000272,0.000524,-0.001737,-0.005870,-0.001918,-0.004160,-0.004289,-0.006101,-0.007013,-0.003568,-0.003758,-0.003592,-0.005370,0.001233,0.001998,0.005254,0.005780,0.005066,0.005527,0.005230,0.001783,0.005398,0.008020,0.004260,0.000747,0.008765,0.011280,0.011525,0.009003,0.005575,0.012006,0.012314,0.010599,0.023044,0.016541,0.007796,0.003493,0.002038,0.001976,0.002761,0.003980,0.005487,0.005178,0.005707,0.003067,0.002337
0.002279,0.003355,0.002134,0.002354,0.000217,0.001060,0.003811,0.006165,0.006293,0.004441,0.003843,-0.000839,0.000942,0.003246,0.000634,0.001411,0.000644,-0.005081,-0.001802,-0.003349,-0.003742,-0.003951,-0.007440,-0.001388,-0.002973,-0.001588,-0.003278,-0.000631,0.000986,0.003863,0.004172,0.003305,0.005206,0.002337,0.002756,0.005011,0.005742,0.005482,0.001728,0.007627,0.009739,0.007500,0.007840,0.006036,0.011178,0.010739,0.011288,0.016541,0.023971,0.010240,0.003123,0.001202,-0.000207,0.001927,0.003019,0.003522,0.002585,0.005288,0.002249,0.001240
0.002077,0.002092,0.001237,0.001351,-0.000528,0.000935,0.002592,0.003285,0.001548,0.001086,0.002464,0.001087,0.003097,-0.000174,0.001805,0.000353,-0.003646,-0.002873,0.000801,-0.002325,-0.000363,-0.000270,-0.006089,-0.002588,-0.005071,-0.002805,-0.003707,-0.004272,-0.001410,0.000101,0.002992,0.000324,0.002633,0.000909,0.001060,0.001059,0.001692,0.004925,0.002654,0.006528,0.006341,0.005801,0.005374,0.001628,0.008222,0.008632,0.007771,0.007796,0.010240,0.017067,0.002561,0.001565,0.004495,0.003145,0.002550,0.000577,-0.000676,0.002361,0.000793,0.001543
0.001264,0.002460,0.001711,0.001412,0.000603,0.001909,0.002579,0.003338,0.002916,0.001888,0.002065,0.001203,0.003784,0.003480,0.001799,0.000559,0.000496,-0.001869,0.001503,0.001621,0.002697,0.000432,-0.000935,-0.001412,-0.003991,-0.000979,-0.002506,-0.000721,-0.001371,-0.000067,-0.001018,0.000303,-0.000068,0.000577,-0.000753,0.001257,-0.001054,0.000826,0.000883,0.001340,0.001799,0.003601,0.002991,0.003065,0.004416,0.002153,0.002553,0.003493,0.003123,0.002561,0.006520,0.002694,0.002705,0.003871,0.002171,0.002357,0.001105,0.001999,0.002346,0.001468
0.005306,0.003142,0.003530,0.001785,0.003763,0.002976,0.002263,0.005310,0.004544,0.003670,0.001829,0.002644,0.003513,0.001449,0.000843,0.001938,-0.000577,-0.000150,0.003494,0.001445,0.000882,-0.002589,-0.003629,-0.002754,-0.005217,-0.003675,-0.001596,-0.001673,-0.002228,0.000327,-0.000918,0.000854,-0.001135,-0.001443,0.000876,0.002802,0.002260,-0.000016,0.002461,0.001948,0.001909,0.002660,0.001122,0.001632,0.002760,0.003279,0.000397,0.002038,0.001202,0.001565,0.002694,0.009625,0.003804,0.002982,0.004017,0.002560,0.003126,0.002530,0.001666,0.001462
0.003712,0.004066,0.002581,0.001235,0.004652,0.004243,0.001551,0.002707,-0.000205,0.002356,0.000987,0.000150,0.004250,0.003118,0.002469,0.002391,-0.000189,0.000133,0.003809,0.001776,0.001261,0.000100,-0.000844,-0.002393,-0.002914,-0.001729,-0.003566,-0.002066,-0.003756,-0.004055,-0.000992,-0.002226,-0.003007,0.000124,-0.001387,0.001190,0.003160,-0.000928,0.001075,0.002111,0.003601,0.004617,0.002138,-0.000794,0.003823,0.000108,0.000401,0.001976,-0.000207,0.004495,0.002705,0.003804,0.016809,0.005595,0.001280,0.003112,0.001229,0.002255,0.004418,0.002836
-0.000462,0.002963,0.002816,0.002854,0.000413,0.001654,0.004418,0.005799,0.004835,0.002055,0.002438,0.000963,0.004904,0.003545,0.004531,0.000127,0.001618,-0.003059,0.003435,0.003074,0.006582,0.000428,-0.000040,-0.001986,-0.005083,-0.004651,-0.005905,-0.004424,-0.005231,-0.004967,-0.003413,-0.001579,-0.004293,-0.001859,-0.002409,0.005888,0.003668,0.000983,0.001985,0.002841,0.005486,0.004180,0.002541,0.002667,0.001626,0.002166,0.001234,0.002761,0.001927,0.003145,0.003871,0.002982,0.005595,0.027097,0.007162,0.008314,0.002635,0.002631,0.005154,0.004235
0.003156,0.003806,0.002574,0.002155,0.000955,0.000778,-0.000190,0.000272,0.001235,0.000013,0.001707,0.004249,0.004093,0.003284,0.002144,0.003392,0.002622,-0.000007,0.003156,-0.001801,0.000443,-0.002689,-0.004794,-0.004810,-0.004110,-0.010007,-0.005325,-0.003643,-0.002120,-0.000560,-0.000172,-0.000674,0.001129,-0.000635,-0.000041,0.001407,-0.000584,0.005046,0.003363,0.003187,0.003383,0.003559,0.002090,0.003372,0.004508,0.007588,0.002394,0.003980,0.003019,0.002550,0.002171,0.004017,0.001280,0.007162,0.018746,0.008722,0.008597,0.006877,0.002544,0.002588
0.000756,0.003106,0.003168,0.002887,0.002503,0.003031,0.003904,0.003920,0.003924,0.004049,0.003328,0.002968,0.004849,0.004212,0.003234,0.001468,0.004693,0.000454,0.005278,0.004754,0.003400,-0.001141,-0.003829,-0.003026,-0.004459,-0.003319,-0.004960,-0.002686,-0.003410,0.000308,0.001249,0.002688,0.001425,0.003192,0.002676,0.002203,0.002411,0.001538,0.002048,0.002150,0.005278,0.003408,0.003454,0.002664,0.003624,0.004684,0.001738,0.005487,0.003522,0.000577,0.002357,0.002560,0.003112,0.008314,0.008722,0.018053,0.009287,0.006893,0.004557,0.002916
0.006677,0.004782,0.004011,0.001561,0.001767,0.000456,0.004780,0.002334,0.003200,0.002858,0.003268,0.001789,0.002995,0.005870,0.005368,0.003572,0.002876,0.003860,0.005507,0.006772,0.005600,-0.000936,-0.002524,-0.001022,-0.001833,-0.006598,-0.003130,-0.003102,-0.005513,-0.002275,0.000056,-0.000979,-0.001483,-0.000203,0.003143,0.003803,0.003987,0.004115,0.003634,0.000179,0.002402,0.001736,-0.000124,0.001666,0.002036,0.003880,0.002427,0.005178,0.002585,-0.000676,0.001105,0.003126,0.001229,0.002635,0.008597,0.009287,0.021936,0.007617,0.003972,0.003079
0.003854,0.003148,0.001849,0.002200,0.002072,0.002445,0.003740,0.002755,0.004168,0.001776,0.002786,-0.000353,0.003112,0.005330,0.003403,0.002367,0.003874,0.001147,0.005194,0.002879,0.003652,-0.000191,-0.000975,0.000200,-0.002674,-0.003575,-0.002094,-0.003501,-0.002466,-0.001299,0.000583,0.001032,-0.000417,-0.001772,0.001993,0.000483,-0.000133,0.001716,0.002764,0.003280,0.003660,0.003238,0.003814,0.001725,0.002466,0.005931,0.003524,0.005707,0.005288,0.002361,0.001999,0.002530,0.002255,0.002631,0.006877,0.006893,0.007617,0.014258,0.003799,0.002543
0.004688,0.004372,0.004698,0.003494,0.004275,0.002107,0.002548,0.005193,0.001666,0.001968,0.000894,-0.001477,0.003816,0.002761,0.003285,0.004996,0.003334,-0.000700,0.003705,0.002893,0.000808,-0.005322,-0.007638,-0.006329,-0.009226,-0.005838,-0.010636,-0.005341,-0.003562,-0.002124,-0.004989,-0.003880,-0.002153,0.003978,0.005691,0.007517,0.006932,0.003513,0.003303,0.004930,0.006209,0.003868,0.004377,0.000255,0.001176,0.001014,0.000036,0.003067,0.002249,0.000793,0.002346,0.001666,0.004418,0.005154,0.002544,0.004557,0.003972,0.003799,0.017030,0.004724
0.004096,0.004016,0.005132,0.001946,0.003050,0.000418,0.002420,0.001915,0.001115,0.000640,0.001860,0.001227,0.003356,0.002762,0.002710,0.002689,0.001400,0.001164,0.001733,-0.000140,0.000142,-0.001410,-0.002266,-0.002221,-0.003494,-0.003914,-0.005102,-0.003567,-0.002283,-0.001678,-0.000703,-0.001953,-0.001677,0.000541,0.001749,0.002138,0.001006,0.002077,0.001066,0.001417,0.003408,0.003484,0.000943,0.000108,0.001434,0.000547,0.001946,0.002337,0.001240,0.001543,0.001468,0.001462,0.002836,0.004235,0.002588,0.002916,0.003079,0.002543,0.004724,0.006968
