0.015660,0.009236,0.008375,0.002140,0.005738,0.002164,0.003806,0.006815,0.004905,0.003480,0.002864,0.003016,0.002669,0.002745,0.001975,0.004154,0.001524,0.002241,0.000402,0.001165,0.000325,-0.002512,-0.003757,-0.001161,-0.004275,-0.005292,-0.003989,-0.001984,-0.003325,-0.001724,-0.000085,-0.000810,-0.003979,-0.000221,0.002015,0.003098,0.002440,-0.000047,0.002110,0.000953,0.002999,0.002701,0.002089,0.002519,0.000956,0.002730,0.001082,0.001396,0.002195,0.002181,0.001414,0.004915,0.002966,0.000378,0.003555,0.000909,0.004186,0.002829,0.005873,0.004334
0.009236,0.014065,0.009318,0.001229,0.006087,0.002652,0.003438,0.003329,0.000962,0.001480,0.002562,0.004286,0.003874,0.003002,0.001613,0.002743,0.001563,-0.000054,0.002046,-0.000457,-0.001559,-0.004556,-0.003131,-0.000865,-0.001507,-0.005146,-0.004632,-0.000260,-0.000836,-0.000216,0.001148,-0.001225,-0.003781,-0.000271,0.000956,0.002396,0.000357,0.000918,0.001716,-0.000132,0.001769,0.003380,0.001063,-0.000075,0.001926,0.001792,0.002958,0.001235,0.003079,0.002597,0.002284,0.004726,0.004115,0.002121,0.004902,0.002673,0.002811,0.002464,0.003881,0.003458
0.008375,0.009318,0.011914,0.001726,0.007181,0.002003,0.003050,0.002157,0.002380,0.001652,0.002884,0.003019,0.003775,0.001231,0.001477,0.000783,-0.000832,-0.000514,0.001253,-0.000877,-0.002390,-0.003955,-0.002089,-0.000824,-0.003235,-0.003952,-0.003435,-0.001528,-0.002308,0.000010,-0.000419,-0.001235,-0.002321,0.000242,0.000585,0.002266,0.000486,0.000447,0.000609,-0.000014,0.001132,0.001799,0.000092,0.001130,0.001834,0.000867,0.001276,0.000420,0.001853,-0.000117,0.001185,0.004182,0.003663,0.002370,0.002920,0.002764,0.003470,0.002546,0.004660,0.003957
0.002140,0.001229,0.001726,0.004273,0.003422,0.002427,0.001941,0.002438,0.001789,0.001692,0.001587,0.001654,0.002481,0.002217,0.001514,0.003614,0.003412,0.001711,0.003420,0.003018,0.002035,0.000594,-0.000371,0.000152,-0.002428,-0.001570,-0.001091,-0.001299,-0.001904,-0.001283,-0.001631,-0.001234,-0.000887,-0.001703,-0.000625,0.000703,0.000997,0.000185,0.000993,0.000844,0.001164,0.000997,0.000640,0.000243,0.000437,0.000966,0.000139,0.001250,0.001408,0.001018,0.000859,0.001520,0.001265,0.001588,0.002549,0.002067,0.002561,0.002995,0.003965,0.002220
0.005738,0.006087,0.007181,0.003422,0.015585,0.006450,0.004473,0.002430,0.001266,0.002791,0.003443,0.004268,0.006165,0.003034,0.003362,0.006735,0.006141,0.003534,0.007705,0.004451,0.003331,0.002814,0.001248,0.000275,-0.001782,-0.004346,-0.003936,-0.003959,-0.007014,-0.003939,-0.004273,-0.002297,-0.003341,-0.003356,-0.003092,0.000756,0.000007,-0.000837,0.001349,0.000902,0.001551,0.001408,0.000263,0.000615,0.001084,0.000529,0.000340,-0.000027,0.001283,0.000119,0.001432,0.004363,0.004472,0.002530,0.002142,0.002611,0.001670,0.002527,0.005110,0.004187
0.002164,0.002652,0.002003,0.002427,0.006450,0.019262,0.007263,0.006444,0.004627,0.007661,0.005444,0.008377,0.010534,0.005807,0.004807,0.008697,0.002406,0.000277,0.004474,0.002191,0.004881,0.001972,-0.001521,-0.002820,-0.003012,-0.000521,-0.000248,-0.000746,-0.002246,-0.003626,-0.000185,-0.000243,-0.002335,-0.002564,-0.000250,-0.000402,0.000255,-0.001003,0.002476,0.001967,0.001641,0.001198,0.001362,0.001499,0.005544,0.000188,0.000501,0.000545,0.000956,0.002118,0.001837,0.002020,0.004407,0.003412,0.000631,0.002726,0.001299,0.002489,0.002825,0.001590
0.003806,0.003438,0.003050,0.001941,0.004473,0.007263,0.017032,0.006479,0.005082,0.005608,0.006131,0.005319,0.005915,0.005985,0.007082,0.005577,0.003576,0.003749,0.007837,0.002204,0.005538,0.002467,0.004346,0.005953,0.001843,-0.001959,-0.002080,-0.003230,-0.001367,-0.002829,0.000851,-0.000613,-0.001239,-0.003291,-0.001751,-0.001086,-0.002175,-0.003615,0.000310,0.000635,-0.000424,0.001283,0.000608,0.001014,0.001321,0.001331,0.001677,0.002891,0.003313,0.001617,0.002409,0.003863,0.002504,0.003095,0.000244,0.002482,0.003909,0.004494,0.002363,0.002372
0.006815,0.003329,0.002157,0.002438,0.002430,0.006444,0.006479,0.019109,0.011503,0.008059,0.004051,0.003183,0.004280,0.003574,0.003885,0.007258,-0.001017,-0.000544,-0.001501,0.003121,0.004889,0.001215,0.000044,0.000485,-0.004954,-0.002150,-0.000881,-0.003343,-0.000316,0.000460,0.003649,-0.000874,-0.003818,-0.002936,0.001121,0.003054,0.005097,-0.000381,0.000482,0.004918,0.002862,0.002873,0.002874,0.002323,0.003886,0.004172,0.001597,0.001667,0.003586,0.004130,0.001618,0.004324,0.001294,0.003581,0.002282,0.002810,0.001059,0.003010,0.002617,-0.000575
0.004905,0.000962,0.002380,0.001789,0.001266,0.004627,0.005082,0.011503,0.017998,0.010459,0.009738,0.005592,0.005088,0.003876,0.001479,0.002854,-0.001419,0.000211,0.000365,0.005146,0.006111,0.002506,-0.000298,0.000190,-0.001805,0.001121,0.002057,0.000706,-0.001045,0.000160,0.001629,0.001677,0.000691,-0.002957,-0.000512,0.003230,0.004485,0.000774,0.002320,0.003381,-0.000666,-0.000928,0.001266,0.004904,0.005190,0.004025,0.001407,0.003649,0.003689,0.001756,0.000677,0.002251,-0.003338,0.002493,0.001250,0.000906,0.001623,0.003622,-0.000652,-0.001116
0.003480,0.001480,0.001652,0.001692,0.002791,0.007661,0.005608,0.008059,0.010459,0.019877,0.012294,0.008890,0.007926,0.003888,0.004174,0.005310,0.000590,0.000235,0.002277,0.002779,0.004149,0.000788,-0.002427,-0.004195,-0.003398,-0.001304,0.000086,0.000096,-0.000383,0.000631,0.002313,0.002461,0.000846,-0.001876,0.001194,0.002391,0.005245,0.001088,0.003081,0.003649,0.002172,0.000202,0.002533,0.003987,0.006506,0.004536,0.001586,0.005939,0.004081,0.002534,0.000836,0.002944,0.001216,0.001596,0.000900,0.002177,0.002817,0.002538,0.001096,0.000052
0.002864,0.002562,0.002884,0.001587,0.003443,0.005444,0.006131,0.004051,0.009738,0.012294,0.024207,0.016814,0.015322,0.007387,0.006222,0.003291,0.002844,0.001945,0.008773,0.005040,0.006217,0.004637,0.003590,-0.000798,-0.001977,0.000738,-0.000014,-0.001990,-0.002527,-0.002964,-0.001213,0.001633,-0.000031,-0.004914,-0.006973,-0.003446,-0.002115,-0.000980,0.002211,0.003284,-0.001213,0.000942,0.002337,0.003969,0.005436,0.002414,0.000879,0.003554,0.003358,0.001852,0.001372,0.001543,-0.000577,0.002091,0.002619,0.003284,0.002573,0.002638,0.000674,0.000795
0.003016,0.004286,0.003019,0.001654,0.004268,0.008377,0.005319,0.003183,0.005592,0.008890,0.016814,0.030937,0.019318,0.007967,0.007279,0.008495,0.005139,0.007486,0.011383,0.009298,0.008823,0.005576,0.001882,-0.003532,-0.004963,-0.004115,-0.004411,-0.005132,-0.007428,-0.002828,-0.002942,-0.001200,-0.002811,-0.005187,-0.010326,-0.008278,-0.006895,-0.004505,0.002898,-0.000563,-0.002001,0.001774,0.001393,0.003757,0.003330,0.000748,0.001138,-0.000982,0.001106,0.001336,0.001406,0.003202,-0.000274,0.000771,0.005196,0.002763,0.001738,-0.000354,-0.001038,0.000542
0.002669,0.003874,0.003775,0.002481,0.006165,0.010534,0.005915,0.004280,0.005088,0.007926,0.015322,0.019318,0.029084,0.011855,0.012641,0.009771,0.008024,0.008411,0.013502,0.011336,0.011273,0.007650,0.002911,-0.002266,-0.005134,-0.001336,-0.004533,-0.006705,-0.006548,-0.004357,-0.003800,-0.004023,-0.004987,-0.006095,-0.008915,-0.007977,-0.008510,-0.004862,0.000305,-0.000758,-0.002730,-0.000192,0.000317,0.002247,0.003702,0.000752,0.001521,-0.000646,0.001861,0.002672,0.002921,0.003416,0.001906,0.002838,0.003309,0.003485,0.002313,0.002364,0.001197,0.001658
0.002745,0.003002,0.001231,0.002217,0.003034,0.005807,0.005985,0.003574,0.003876,0.003888,0.007387,0.007967,0.011855,0.020057,0.013809,0.014340,0.014003,0.010466,0.012205,0.010752,0.009082,0.004090,0.003451,0.002601,-0.001099,-0.003525,-0.005416,-0.005860,-0.006000,-0.001808,-0.003140,-0.002764,-0.005098,-0.006788,-0.004200,-0.004926,-0.005421,-0.003090,-0.000403,-0.001885,-0.002824,-0.001687,-0.002771,0.001048,0.001317,-0.000313,0.001531,0.001514,0.003645,0.000502,0.002199,0.001208,0.002171,0.001704,0.004359,0.003212,0.004670,0.005027,0.001460,0.001446
0.001975,0.001613,0.001477,0.001514,0.003362,0.004807,0.007082,0.003885,0.001479,0.004174,0.006222,0.007279,0.012641,0.013809,0.030339,0.020093,0.019894,0.017869,0.013281,0.012153,0.011742,0.005006,0.004240,-0.000233,-0.005763,-0.005255,-0.011969,-0.012633,-0.012056,-0.005686,-0.008063,-0.007371,-0.005822,-0.008859,-0.002273,-0.003599,-0.002375,-0.001256,-0.003792,-0.004826,-0.004307,-0.003965,-0.005614,-0.003242,-0.002153,-0.001441,-0.001153,-0.000807,-0.000207,0.000080,0.000999,0.000621,0.002343,0.004590,0.003061,0.003488,0.004244,0.002947,0.002915,0.001894
0.004154,0.002743,0.000783,0.003614,0.006735,0.008697,0.005577,0.007258,0.002854,0.005310,0.003291,0.008495,0.009771,0.014340,0.020093,0.038107,0.027152,0.023440,0.021573,0.017457,0.011655,0.009672,0.002792,0.001847,-0.003474,-0.007471,-0.012597,-0.015792,-0.015682,-0.006763,-0.006995,-0.009054,-0.008982,-0.008494,-0.001990,-0.002626,-0.000853,-0.002395,-0.000980,-0.003897,-0.002062,-0.005076,-0.008457,-0.002855,-0.001319,-0.001255,-0.000889,-0.000404,0.000131,0.000260,0.000230,0.001830,0.002404,0.002348,0.005557,0.001420,0.003651,0.001762,0.003480,0.001772
0.001524,0.001563,-0.000832,0.003412,0.006141,0.002406,0.003576,-0.001017,-0.001419,0.000590,0.002844,0.005139,0.008024,0.014003,0.019894,0.027152,0.050759,0.027595,0.024469,0.022859,0.017667,0.014343,0.008473,0.001762,-0.001116,-0.005669,-0.013428,-0.016542,-0.016095,-0.007597,-0.009898,-0.008664,-0.008121,-0.006439,-0.006347,-0.006482,-0.008237,-0.005544,-0.005318,-0.006861,-0.003425,-0.004222,-0.007791,-0.003236,-0.003032,-0.003394,-0.002341,-0.001025,0.000223,-0.001782,0.000302,-0.001615,-0.001397,0.003301,0.004598,0.002452,0.003236,0.003566,0.002839,0.001568
0.002241,-0.000054,-0.000514,0.001711,0.003534,0.000277,0.003749,-0.000544,0.000211,0.000235,0.001945,0.007486,0.008411,0.010466,0.017869,0.023440,0.027595,0.047436,0.030527,0.023657,0.015046,0.015161,0.008770,0.006068,-0.000577,-0.005390,-0.010917,-0.012576,-0.016855,-0.008123,-0.011981,-0.009461,-0.005516,-0.008387,-0.004400,-0.006531,-0.007289,-0.005224,-0.004459,-0.007881,-0.003960,-0.005866,-0.007941,-0.003019,-0.007167,-0.004444,-0.002608,-0.003644,-0.003053,-0.002533,-0.001353,0.000460,0.000351,-0.001842,0.001560,0.000972,0.004009,0.000520,0.000997,0.001070
0.000402,0.002046,0.001253,0.003420,0.007705,0.004474,0.007837,-0.001501,0.000365,0.002277,0.008773,0.011383,0.013502,0.012205,0.013281,0.021573,0.024469,0.030527,0.050131,0.028903,0.021630,0.020143,0.014840,0.009503,0.002016,-0.003436,-0.009150,-0.015995,-0.016697,-0.007903,-0.013276,-0.008892,-0.003992,-0.008448,-0.008940,-0.011609,-0.010164,-0.004490,-0.002031,-0.004593,-0.005336,-0.007134,-0.009826,-0.003520,-0.005485,-0.002430,-0.001361,-0.001424,0.001249,0.001508,0.000990,0.003883,0.004782,0.001481,0.003952,0.004578,0.004046,0.004866,0.001761,-0.001307
0.001165,-0.000457,-0.000877,0.003018,0.004451,0.002191,0.002204,0.003121,0.005146,0.002779,0.005040,0.009298,0.011336,0.010752,0.012153,0.017457,0.022859,0.023657,0.028903,0.050453,0.030273,0.018707,0.011218,0.005338,-0.006036,-0.007427,-0.010002,-0.014298,-0.015754,-0.003402,-0.012374,-0.011029,-0.007142,-0.003117,-0.005739,-0.007932,-0.004544,-0.000395,0.001656,-0.001521,-0.003375,-0.005403,-0.005462,-0.000203,-0.000239,-0.000717,-0.003087,-0.003190,-0.000357,0.000354,0.000095,0.001369,-0.000804,0.003034,0.003858,0.004022,0.004080,0.003369,-0.000821,-0.003920
0.000325,-0.001559,-0.002390,0.002035,0.003331,0.004881,0.005538,0.004889,0.006111,0.004149,0.006217,0.008823,0.011273,0.009082,0.011742,0.011655,0.017667,0.015046,0.021630,0.030273,0.045940,0.022247,0.018381,0.007756,-0.000380,-0.002295,-0.006888,-0.010860,-0.014281,-0.007600,-0.013612,-0.007678,-0.007855,-0.009780,-0.007015,-0.010079,-0.002893,-0.000156,0.000468,0.000361,-0.005453,-0.003167,-0.003114,0.001216,0.001163,-0.002297,-0.003344,-0.002577,0.001108,0.001442,0.001471,0.001013,0.000380,0.006507,0.004174,0.004067,0.002794,0.003526,-0.002318,-0.003816
-0.002512,-0.004556,-0.003955,0.000594,0.002814,0.001972,0.002467,0.001215,0.002506,0.000788,0.004637,0.005576,0.007650,0.004090,0.005006,0.009672,0.014343,0.015161,0.020143,0.018707,0.022247,0.043521,0.026539,0.016468,0.009944,0.005464,0.003117,-0.005227,-0.011206,-0.007713,-0.010779,-0.003726,-0.006278,-0.008490,-0.010407,-0.010115,-0.006111,-0.004838,-0.004056,-0.001589,-0.005432,-0.003988,-0.001619,0.000068,0.001255,0.000294,0.001527,-0.002182,-0.000945,0.001760,0.001442,-0.001288,-0.001638,-0.000361,-0.000632,0.000441,-0.000462,-0.000273,-0.005271,-0.002879
-0.003757,-0.003131,-0.002089,-0.000371,0.001248,-0.001521,0.004346,0.000044,-0.000298,-0.002427,0.003590,0.001882,0.002911,0.003451,0.004240,0.002792,0.008473,0.008770,0.014840,0.011218,0.018381,0.026539,0.045872,0.025521,0.014838,0.012055,0.005367,-0.004394,-0.006361,-0.010236,-0.011877,-0.006767,-0.008205,-0.009633,-0.013447,-0.013432,-0.012515,-0.005614,-0.010745,-0.007112,-0.009818,-0.005210,-0.005213,-0.000754,-0.004359,-0.004462,-0.000203,-0.004225,-0.002201,-0.000706,0.001678,-0.000305,-0.000652,0.001190,-0.001621,-0.000386,-0.002112,-0.001009,-0.006957,-0.002847
-0.001161,-0.000865,-0.000824,0.000152,0.000275,-0.002820,0.005953,0.000485,0.000190,-0.004195,-0.000798,-0.003532,-0.002266,0.002601,-0.000233,0.001847,0.001762,0.006068,0.009503,0.005338,0.007756,0.016468,0.025521,0.038577,0.022873,0.013591,0.009612,0.002297,-0.000268,-0.001375,-0.002300,-0.001060,-0.005790,-0.009059,-0.008555,-0.009143,-0.011363,-0.009286,-0.008507,-0.006601,-0.009096,-0.004116,-0.004166,0.000530,-0.003097,-0.001586,0.000187,-0.002197,0.000841,-0.001431,0.001276,0.000714,-0.002780,-0.003479,-0.003496,-0.001064,-0.001884,-0.000300,-0.005841,-0.001711
-0.004275,-0.001507,-0.003235,-0.002428,-0.001782,-0.003012,0.001843,-0.004954,-0.001805,-0.003398,-0.001977,-0.004963,-0.005134,-0.001099,-0.005763,-0.003474,-0.001116,-0.000577,0.002016,-0.006036,-0.000380,0.009944,0.014838,0.022873,0.037844,0.020516,0.017199,0.012899,0.010783,0.000565,0.001092,0.000103,-0.002030,-0.004865,-0.003557,-0.006280,-0.008215,-0.005705,-0.003903,-0.006032,-0.005516,-0.003687,-0.002397,0.001875,-0.000961,-0.001016,0.002798,0.000480,0.001108,-0.001682,-0.000991,-0.002644,-0.004446,-0.005155,-0.004151,-0.003352,-0.003056,-0.002807,-0.008161,-0.001842
-0.005292,-0.005146,-0.003952,-0.001570,-0.004346,-0.000521,-0.001959,-0.002150,0.001121,-0.001304,0.000738,-0.004115,-0.001336,-0.003525,-0.005255,-0.007471,-0.005669,-0.005390,-0.003436,-0.007427,-0.002295,0.005464,0.012055,0.013591,0.020516,0.041639,0.025867,0.016137,0.013782,0.001065,0.000084,-0.000525,-0.001776,-0.008571,-0.006819,-0.007742,-0.011410,-0.007478,-0.005844,-0.005242,-0.006459,-0.009884,-0.001986,0.000505,-0.000535,-0.001315,0.000690,-0.001079,-0.001479,-0.001302,-0.000702,-0.003834,-0.004560,-0.006509,-0.007560,-0.003671,-0.007345,-0.004347,-0.007109,-0.004586
-0.003989,-0.004632,-0.003435,-0.001091,-0.003936,-0.000248,-0.002080,-0.000881,0.002057,0.000086,-0.000014,-0.004411,-0.004533,-0.005416,-0.011969,-0.012597,-0.013428,-0.010917,-0.009150,-0.010002,-0.006888,0.003117,0.005367,0.009612,0.017199,0.025867,0.043179,0.024789,0.019313,0.006268,0.008183,0.004687,-0.000031,-0.005752,-0.003778,-0.006811,-0.003951,-0.002945,-0.002437,-0.001800,-0.003722,-0.004827,-0.000437,0.001516,0.000455,0.001041,0.000537,-0.001968,-0.002210,-0.001646,-0.001310,-0.001869,-0.005516,-0.007774,-0.004815,-0.003580,-0.002202,-0.001885,-0.007544,-0.003437
-0.001984,-0.000260,-0.001528,-0.001299,-0.003959,-0.000746,-0.003230,-0.003343,0.000706,0.000096,-0.001990,-0.005132,-0.006705,-0.005860,-0.012633,-0.015792,-0.016542,-0.012576,-0.015995,-0.014298,-0.010860,-0.005227,-0.004394,0.002297,0.012899,0.016137,0.024789,0.042510,0.028773,0.011283,0.011151,0.010055,0.003570,-0.002045,-0.004763,-0.003613,-0.004573,0.000123,-0.001273,-0.003746,-0.002414,-0.003801,0.000484,0.003803,0.004252,-0.000743,0.002575,0.003155,-0.000891,-0.003079,0.000550,-0.001789,-0.004053,-0.006276,-0.004354,-0.002477,-0.002245,-0.004140,-0.004974,-0.001837
-0.003325,-0.000836,-0.002308,-0.001904,-0.007014,-0.002246,-0.001367,-0.000316,-0.001045,-0.000383,-0.002527,-0.007428,-0.006548,-0.006000,-0.012056,-0.015682,-0.016095,-0.016855,-0.016697,-0.015754,-0.014281,-0.011206,-0.006361,-0.000268,0.010783,0.013782,0.019313,0.028773,0.048591,0.017669,0.018428,0.011120,0.007257,0.005181,0.000315,-0.001235,-0.003481,-0.002151,-0.002266,-0.001326,-0.000354,-0.001325,0.000441,0.001855,0.002126,0.002073,0.003219,0.003795,0.002790,-0.001893,0.000125,-0.002921,-0.003897,-0.005673,-0.004651,-0.001202,-0.005004,-0.002271,-0.005919,-0.002720
-0.001724,-0.000216,0.000010,-0.001283,-0.003939,-0.003626,-0.002829,0.000460,0.000160,0.000631,-0.002964,-0.002828,-0.004357,-0.001808,-0.005686,-0.006763,-0.007597,-0.008123,-0.007903,-0.003402,-0.007600,-0.007713,-0.010236,-0.001375,0.000565,0.001065,0.006268,0.011283,0.017669,0.031526,0.019855,0.008418,0.008705,0.010191,0.005188,0.001593,0.000067,0.002160,0.000028,0.001678,0.002331,0.003244,0.002790,0.001928,0.002295,0.005686,0.002214,0.004664,0.004578,0.000725,-0.000607,-0.000290,-0.004263,-0.008152,-0.004686,-0.001900,-0.001678,-0.002520,-0.003756,-0.002588
-0.000085,0.001148,-0.000419,-0.001631,-0.004273,-0.000185,0.000851,0.003649,0.001629,0.002313,-0.001213,-0.002942,-0.003800,-0.003140,-0.008063,-0.006995,-0.009898,-0.011981,-0.013276,-0.012374,-0.013612,-0.010779,-0.011877,-0.002300,0.001092,0.000084,0.008183,0.011151,0.018428,0.019855,0.035157,0.015938,0.012095,0.011112,0.007403,0.006044,0.003483,0.002322,0.001854,0.007015,0.008394,0.005881,0.005751,0.004175,0.005727,0.007616,0.004639,0.006166,0.003694,0.004370,-0.000617,-0.000701,0.000261,-0.005482,-0.002101,0.002491,0.000882,-0.000016,-0.003970,-0.000715
-0.000810,-0.001225,-0.001235,-0.001234,-0.002297,-0.000243,-0.000613,-0.000874,0.001677,0.002461,0.001633,-0.001200,-0.004023,-0.002764,-0.007371,-0.009054,-0.008664,-0.009461,-0.008892,-0.011029,-0.007678,-0.003726,-0.006767,-0.001060,0.000103,-0.000525,0.004687,0.010055,0.011120,0.008418,0.015938,0.029186,0.016200,0.010178,0.004203,0.006706,0.003238,0.003367,0.004253,0.005730,0.005987,0.003727,0.006798,0.005307,0.003648,0.003055,0.000778,0.004062,0.003642,0.000920,-0.000474,-0.000465,-0.002593,-0.004005,-0.002484,0.001946,-0.001350,0.001484,-0.001310,-0.001331
-0.003979,-0.003781,-0.002321,-0.000887,-0.003341,-0.002335,-0.001239,-0.003818,0.000691,0.000846,-0.000031,-0.002811,-0.004987,-0.005098,-0.005822,-0.008982,-0.008121,-0.005516,-0.003992,-0.007142,-0.007855,-0.006278,-0.008205,-0.005790,-0.002030,-0.001776,-0.000031,0.003570,0.007257,0.008705,0.012095,0.016200,0.029762,0.020059,0.010687,0.010114,0.005066,0.006615,0.003746,0.006709,0.007495,0.003355,0.004303,0.002888,0.001043,0.001827,0.000047,0.003922,0.003941,0.001367,-0.001013,-0.002365,-0.000749,-0.003017,-0.002039,0.002395,0.000224,0.000715,-0.000914,-0.000508
-0.000221,-0.000271,0.000242,-0.001703,-0.003356,-0.002564,-0.003291,-0.002936,-0.002957,-0.001876,-0.004914,-0.005187,-0.006095,-0.006788,-0.008859,-0.008494,-0.006439,-0.008387,-0.008448,-0.003117,-0.009780,-0.008490,-0.009633,-0.009059,-0.004865,-0.008571,-0.005752,-0.002045,0.005181,0.010191,0.011112,0.010178,0.020059,0.035996,0.020416,0.014654,0.008003,0.009660,0.006312,0.010085,0.011412,0.006189,0.007601,0.002464,0.000828,0.002891,-0.000049,0.001785,0.001102,0.003628,-0.001649,-0.002713,-0.000176,-0.002388,-0.001327,0.001305,-0.000272,-0.001846,0.001668,0.000090
0.002015,0.000956,0.000585,-0.000625,-0.003092,-0.000250,-0.001751,0.001121,-0.000512,0.001194,-0.006973,-0.010326,-0.008915,-0.004200,-0.002273,-0.001990,-0.006347,-0.004400,-0.008940,-0.005739,-0.007015,-0.010407,-0.013447,-0.008555,-0.003557,-0.006819,-0.003778,-0.004763,0.000315,0.005188,0.007403,0.004203,0.010687,0.020416,0.042410,0.025609,0.019801,0.011254,0.007239,0.008450,0.012200,0.004182,0.006161,0.000528,-0.002307,0.001837,-0.000486,-0.000246,0.000443,0.002706,-0.002652,-0.000691,0.000298,-0.000201,-0.000315,0.001299,0.002595,0.000867,0.003555,0.000933
0.003098,0.002396,0.002266,0.000703,0.000756,-0.000402,-0.001086,0.003054,0.003230,0.002391,-0.003446,-0.008278,-0.007977,-0.004926,-0.003599,-0.002626,-0.006482,-0.006531,-0.011609,-0.007932,-0.010079,-0.010115,-0.013432,-0.009143,-0.006280,-0.007742,-0.006811,-0.003613,-0.001235,0.001593,0.006044,0.006706,0.010114,0.014654,0.025609,0.046696,0.029610,0.016536,0.012326,0.009581,0.012181,0.007181,0.007149,0.004995,0.000625,0.002608,0.000941,0.002925,0.002273,0.002802,-0.000513,0.002004,0.002062,0.007512,0.000995,0.000233,0.004665,0.000199,0.008665,0.003948
0.002440,0.000357,0.000486,0.000997,0.000007,0.000255,-0.002175,0.005097,0.004485,0.005245,-0.002115,-0.006895,-0.008510,-0.005421,-0.002375,-0.000853,-0.008237,-0.007289,-0.010164,-0.004544,-0.002893,-0.006111,-0.012515,-0.011363,-0.008215,-0.011410,-0.003951,-0.004573,-0.003481,0.000067,0.003483,0.003238,0.005066,0.008003,0.019801,0.029610,0.042760,0.016512,0.009667,0.012797,0.013811,0.009418,0.008921,0.002987,0.002134,0.004341,0.001379,0.004979,0.001138,0.000767,-0.002361,0.000507,0.004253,0.007212,0.001741,0.001670,0.006264,0.001643,0.008765,0.002908
-0.000047,0.000918,0.000447,0.000185,-0.000837,-0.001003,-0.003615,-0.000381,0.000774,0.001088,-0.000980,-0.004505,-0.004862,-0.003090,-0.001256,-0.002395,-0.005544,-0.005224,-0.004490,-0.000395,-0.000156,-0.004838,-0.005614,-0.009286,-0.005705,-0.007478,-0.002945,0.000123,-0.002151,0.002160,0.002322,0.003367,0.006615,0.009660,0.011254,0.016536,0.016512,0.021017,0.009059,0.008100,0.006357,0.005722,0.004934,0.001677,0.001792,0.002108,-0.001168,0.001150,0.001016,0.002645,-0.001267,-0.000590,0.001124,0.005405,0.003222,0.001522,0.003696,0.001107,0.003741,0.000582
0.002110,0.001716,0.000609,0.000993,0.001349,0.002476,0.000310,0.000482,0.002320,0.003081,0.002211,0.002898,0.000305,-0.000403,-0.003792,-0.000980,-0.005318,-0.004459,-0.002031,0.001656,0.000468,-0.004056,-0.010745,-0.008507,-0.003903,-0.005844,-0.002437,-0.001273,-0.002266,0.000028,0.001854,0.004253,0.003746,0.006312,0.007239,0.012326,0.009667,0.009059,0.023314,0.010867,0.006149,0.004631,0.007810,0.005268,0.004639,0.004739,0.000188,0.000746,0.001143,0.004328,-0.000526,0.001507,0.000957,0.004307,0.004164,0.001052,0.003319,0.002019,0.004332,0.001613
0.000953,-0.000132,-0.000014,0.000844,0.000902,0.001967,0.000635,0.004918,0.003381,0.003649,0.003284,-0.000563,-0.000758,-0.001885,-0.004826,-0.003897,-0.006861,-0.007881,-0.004593,-0.001521,0.000361,-0.001589,-0.007112,-0.006601,-0.006032,-0.005242,-0.001800,-0.003746,-0.001326,0.001678,0.007015,0.005730,0.006709,0.010085,0.008450,0.009581,0.012797,0.008100,0.010867,0.024593,0.014593,0.009230,0.009147,0.003878,0.007774,0.010655,0.002993,0.004882,0.006324,0.005504,-0.000509,0.000525,0.001672,0.002836,0.002048,0.002079,0.000974,0.003169,0.005623,0.000321
0.002999,0.001769,0.001132,0.001164,0.001551,0.001641,-0.000424,0.002862,-0.000666,0.002172,-0.001213,-0.002001,-0.002730,-0.002824,-0.004307,-0.002062,-0.003425,-0.003960,-0.005336,-0.003375,-0.005453,-0.005432,-0.009818,-0.009096,-0.005516,-0.006459,-0.003722,-0.002414,-0.000354,0.002331,0.008394,0.005987,0.007495,0.011412,0.012200,0.012181,0.013811,0.006357,0.006149,0.014593,0.025395,0.011680,0.009928,0.003932,0.004721,0.008848,0.003302,0.005237,0.005025,0.002559,-0.000323,0.000009,0.003094,0.001322,0.001556,0.003741,0.002458,0.003071,0.005360,0.001391
0.002701,0.003380,0.001799,0.000997,0.001408,0.001198,0.001283,0.002873,-0.000928,0.000202,0.000942,0.001774,-0.000192,-0.001687,-0.003965,-0.005076,-0.004222,-0.005866,-0.007134,-0.005403,-0.003167,-0.003988,-0.005210,-0.004116,-0.003687,-0.009884,-0.004827,-0.003801,-0.001325,0.003244,0.005881,0.003727,0.003355,0.006189,0.004182,0.007181,0.009418,0.005722,0.004631,0.009230,0.011680,0.026145,0.016002,0.005611,0.007852,0.007201,0.005326,0.006746,0.005424,0.004183,0.003307,0.003229,0.003574,0.002088,0.002674,0.002933,0.001123,0.003105,0.004253,0.003136
0.002089,0.001063,0.000092,0.000640,0.000263,0.001362,0.000608,0.002874,0.001266,0.002533,0.002337,0.001393,0.000317,-0.002771,-0.005614,-0.008457,-0.007791,-0.007941,-0.009826,-0.005462,-0.003114,-0.001619,-0.005213,-0.004166,-0.002397,-0.001986,-0.000437,0.000484,0.000441,0.002790,0.005751,0.006798,0.004303,0.007601,0.006161,0.007149,0.008921,0.004934,0.007810,0.009147,0.009928,0.016002,0.023825,0.010376,0.009729,0.008353,0.005721,0.005904,0.005762,0.005398,0.003701,0.001746,0.000770,0.001078,0.002474,0.003947,0.000176,0.003382,0.004669,0.001302
0.002519,-0.000075,0.001130,0.000243,0.000615,0.001499,0.001014,0.002323,0.004904,0.003987,0.003969,0.003757,0.002247,0.001048,-0.003242,-0.002855,-0.003236,-0.003019,-0.003520,-0.000203,0.001216,0.000068,-0.000754,0.000530,0.001875,0.000505,0.001516,0.003803,0.001855,0.001928,0.004175,0.005307,0.002888,0.002464,0.000528,0.004995,0.002987,0.001677,0.005268,0.003878,0.003932,0.005611,0.010376,0.015111,0.010661,0.005850,0.003643,0.003703,0.004402,0.001525,0.001377,0.000658,-0.001300,-0.000029,0.001916,0.001561,0.000772,0.001482,0.001093,0.000114
0.000956,0.001926,0.001834,0.000437,0.001084,0.005544,0.001321,0.003886,0.005190,0.006506,0.005436,0.003330,0.003702,0.001317,-0.002153,-0.001319,-0.003032,-0.007167,-0.005485,-0.000239,0.001163,0.001255,-0.004359,-0.003097,-0.000961,-0.000535,0.000455,0.004252,0.002126,0.002295,0.005727,0.003648,0.001043,0.000828,-0.002307,0.000625,0.002134,0.001792,0.004639,0.007774,0.004721,0.007852,0.009729,0.010661,0.025567,0.012579,0.007143,0.009799,0.007772,0.007269,0.003835,0.001489,0.002104,0.001763,0.005286,0.003466,0.001351,0.001802,0.000183,-0.000772
0.002730,0.001792,0.000867,0.000966,0.000529,0.000188,0.001331,0.004172,0.004025,0.004536,0.002414,0.000748,0.000752,-0.000313,-0.001441,-0.001255,-0.003394,-0.004444,-0.002430,-0.000717,-0.002297,0.000294,-0.004462,-0.001586,-0.001016,-0.001315,0.001041,-0.000743,0.002073,0.005686,0.007616,0.003055,0.001827,0.002891,0.001837,0.002608,0.004341,0.002108,0.004739,0.010655,0.008848,0.007201,0.008353,0.005850,0.012579,0.019491,0.008458,0.009668,0.007916,0.007776,0.001007,0.002252,-0.001375,-0.000865,0.006305,0.003866,0.003505,0.004576,0.002284,0.001123
0.001082,0.002958,0.001276,0.000139,0.000340,0.000501,0.001677,0.001597,0.001407,0.001586,0.000879,0.001138,0.001521,0.001531,-0.001153,-0.000889,-0.002341,-0.002608,-0.001361,-0.003087,-0.003344,0.001527,-0.000203,0.000187,0.002798,0.000690,0.000537,0.002575,0.003219,0.002214,0.004639,0.000778,0.000047,-0.000049,-0.000486,0.000941,0.001379,-0.001168,0.000188,0.002993,0.003302,0.005326,0.005721,0.003643,0.007143,0.008458,0.011603,0.007468,0.007621,0.004776,0.002838,0.001566,0.000486,-0.000736,0.002589,0.002698,0.002280,0.002871,-0.000174,0.001054
0.001396,0.001235,0.000420,0.001250,-0.000027,0.000545,0.002891,0.001667,0.003649,0.005939,0.003554,-0.000982,-0.000646,0.001514,-0.000807,-0.000404,-0.001025,-0.003644,-0.001424,-0.003190,-0.002577,-0.002182,-0.004225,-0.002197,0.000480,-0.001079,-0.001968,0.003155,0.003795,0.004664,0.006166,0.004062,0.003922,0.001785,-0.000246,0.002925,0.004979,0.001150,0.000746,0.004882,0.005237,0.006746,0.005904,0.003703,0.009799,0.009668,0.007468,0.017948,0.011056,0.004285,0.002219,0.000370,0.000578,-0.000809,0.002702,0.004164,0.004960,0.004476,0.001840,0.001618
0.002195,0.003079,0.001853,0.001408,0.001283,0.000956,0.003313,0.003586,0.003689,0.004081,0.003358,0.001106,0.001861,0.003645,-0.000207,0.000131,0.000223,-0.003053,0.001249,-0.000357,0.001108,-0.000945,-0.002201,0.000841,0.001108,-0.001479,-0.002210,-0.000891,0.002790,0.004578,0.003694,0.003642,0.003941,0.001102,0.000443,0.002273,0.001138,0.001016,0.001143,0.006324,0.005025,0.005424,0.005762,0.004402,0.007772,0.007916,0.007621,0.011056,0.019716,0.005932,0.003180,0.001995,-0.000549,-0.001243,0.002648,0.003844,0.002348,0.005922,0.002158,-0.000265
0.002181,0.002597,-0.000117,0.001018,0.000119,0.002118,0.001617,0.004130,0.001756,0.002534,0.001852,0.001336,0.002672,0.000502,0.000080,0.000260,-0.001782,-0.002533,0.001508,0.000354,0.001442,0.001760,-0.000706,-0.001431,-0.001682,-0.001302,-0.001646,-0.003079,-0.001893,0.000725,0.004370,0.000920,0.001367,0.003628,0.002706,0.002802,0.000767,0.002645,0.004328,0.005504,0.002559,0.004183,0.005398,0.001525,0.007269,0.007776,0.004776,0.004285,0.005932,0.015982,0.002502,0.001883,0.002903,0.001860,0.003156,0.001266,-0.000505,0.001611,0.001728,0.000741
0.001414,0.002284,0.001185,0.000859,0.001432,0.001837,0.002409,0.001618,0.000677,0.000836,0.001372,0.001406,0.002921,0.002199,0.000999,0.000230,0.000302,-0.001353,0.000990,0.000095,0.001471,0.001442,0.001678,0.001276,-0.000991,-0.000702,-0.001310,0.000550,0.000125,-0.000607,-0.000617,-0.000474,-0.001013,-0.001649,-0.002652,-0.000513,-0.002361,-0.001267,-0.000526,-0.000509,-0.000323,0.003307,0.003701,0.001377,0.003835,0.001007,0.002838,0.002219,0.003180,0.002502,0.005421,0.002384,0.002451,0.001069,0.001096,0.000830,0.000574,0.001789,0.001229,0.001298
0.004915,0.004726,0.004182,0.001520,0.004363,0.002020,0.003863,0.004324,0.002251,0.002944,0.001543,0.003202,0.003416,0.001208,0.000621,0.001830,-0.001615,0.000460,0.003883,0.001369,0.001013,-0.001288,-0.000305,0.000714,-0.002644,-0.003834,-0.001869,-0.001789,-0.002921,-0.000290,-0.000701,-0.000465,-0.002365,-0.002713,-0.000691,0.002004,0.000507,-0.000590,0.001507,0.000525,0.000009,0.003229,0.001746,0.000658,0.001489,0.002252,0.001566,0.000370,0.001995,0.001883,0.002384,0.010935,0.004175,-0.000007,0.003292,0.001380,0.001785,0.002486,0.001538,0.000943
0.002966,0.004115,0.003663,0.001265,0.004472,0.004407,0.002504,0.001294,-0.003338,0.001216,-0.000577,-0.000274,0.001906,0.002171,0.002343,0.002404,-0.001397,0.000351,0.004782,-0.000804,0.000380,-0.001638,-0.000652,-0.002780,-0.004446,-0.004560,-0.005516,-0.004053,-0.003897,-0.004263,0.000261,-0.002593,-0.000749,-0.000176,0.000298,0.002062,0.004253,0.001124,0.000957,0.001672,0.003094,0.003574,0.000770,-0.001300,0.002104,-0.001375,0.000486,0.000578,-0.000549,0.002903,0.002451,0.004175,0.018511,0.005494,0.001646,0.003403,0.000958,0.002656,0.004922,0.002716
0.000378,0.002121,0.002370,0.001588,0.002530,0.003412,0.003095,0.003581,0.002493,0.001596,0.002091,0.000771,0.002838,0.001704,0.004590,0.002348,0.003301,-0.001842,0.001481,0.003034,0.006507,-0.000361,0.001190,-0.003479,-0.005155,-0.006509,-0.007774,-0.006276,-0.005673,-0.008152,-0.005482,-0.004005,-0.003017,-0.002388,-0.000201,0.007512,0.007212,0.005405,0.004307,0.002836,0.001322,0.002088,0.001078,-0.000029,0.001763,-0.000865,-0.000736,-0.000809,-0.001243,0.001860,0.001069,-0.000007,0.005494,0.023476,0.006111,0.005440,0.002465,0.004517,0.005044,0.003318
0.003555,0.004902,0.002920,0.002549,0.002142,0.000631,0.000244,0.002282,0.001250,0.000900,0.002619,0.005196,0.003309,0.004359,0.003061,0.005557,0.004598,0.001560,0.003952,0.003858,0.004174,-0.000632,-0.001621,-0.003496,-0.004151,-0.007560,-0.004815,-0.004354,-0.004651,-0.004686,-0.002101,-0.002484,-0.002039,-0.001327,-0.000315,0.000995,0.001741,0.003222,0.004164,0.002048,0.001556,0.002674,0.002474,0.001916,0.005286,0.006305,0.002589,0.002702,0.002648,0.003156,0.001096,0.003292,0.001646,0.006111,0.017929,0.008245,0.008508,0.008610,0.004483,0.002150
0.000909,0.002673,0.002764,0.002067,0.002611,0.002726,0.002482,0.002810,0.000906,0.002177,0.003284,0.002763,0.003485,0.003212,0.003488,0.001420,0.002452,0.000972,0.004578,0.004022,0.004067,0.000441,-0.000386,-0.001064,-0.003352,-0.003671,-0.003580,-0.002477,-0.001202,-0.001900,0.002491,0.001946,0.002395,0.001305,0.001299,0.000233,0.001670,0.001522,0.001052,0.002079,0.003741,0.002933,0.003947,0.001561,0.003466,0.003866,0.002698,0.004164,0.003844,0.001266,0.000830,0.001380,0.003403,0.005440,0.008245,0.016480,0.008821,0.008163,0.003860,0.002599
0.004186,0.002811,0.003470,0.002561,0.001670,0.001299,0.003909,0.001059,0.001623,0.002817,0.002573,0.001738,0.002313,0.004670,0.004244,0.003651,0.003236,0.004009,0.004046,0.004080,0.002794,-0.000462,-0.002112,-0.001884,-0.003056,-0.007345,-0.002202,-0.002245,-0.005004,-0.001678,0.000882,-0.001350,0.000224,-0.000272,0.002595,0.004665,0.006264,0.003696,0.003319,0.000974,0.002458,0.001123,0.000176,0.000772,0.001351,0.003505,0.002280,0.004960,0.002348,-0.000505,0.000574,0.001785,0.000958,0.002465,0.008508,0.008821,0.022487,0.007831,0.005095,0.004223
0.002829,0.002464,0.002546,0.002995,0.002527,0.002489,0.004494,0.003010,0.003622,0.002538,0.002638,-0.000354,0.002364,0.005027,0.002947,0.001762,0.003566,0.000520,0.004866,0.003369,0.003526,-0.000273,-0.001009,-0.000300,-0.002807,-0.004347,-0.001885,-0.004140,-0.002271,-0.002520,-0.000016,0.001484,0.000715,-0.001846,0.000867,0.000199,0.001643,0.001107,0.002019,0.003169,0.003071,0.003105,0.003382,0.001482,0.001802,0.004576,0.002871,0.004476,0.005922,0.001611,0.001789,0.002486,0.002656,0.004517,0.008610,0.008163,0.007831,0.016536,0.006052,0.002813
0.005873,0.003881,0.004660,0.003965,0.005110,0.002825,0.002363,0.002617,-0.000652,0.001096,0.000674,-0.001038,0.001197,0.001460,0.002915,0.003480,0.002839,0.000997,0.001761,-0.000821,-0.002318,-0.005271,-0.006957,-0.005841,-0.008161,-0.007109,-0.007544,-0.004974,-0.005919,-0.003756,-0.003970,-0.001310,-0.000914,0.001668,0.003555,0.008665,0.008765,0.003741,0.004332,0.005623,0.005360,0.004253,0.004669,0.001093,0.000183,0.002284,-0.000174,0.001840,0.002158,0.001728,0.001229,0.001538,0.004922,0.005044,0.004483,0.003860,0.005095,0.006052,0.019331,0.007276
0.004334,0.003458,0.003957,0.002220,0.004187,0.001590,0.002372,-0.000575,-0.001116,0.000052,0.000795,0.000542,0.001658,0.001446,0.001894,0.001772,0.001568,0.001070,-0.001307,-0.003920,-0.003816,-0.002879,-0.002847,-0.001711,-0.001842,-0.004586,-0.003437,-0.001837,-0.002720,-0.002588,-0.000715,-0.001331,-0.000508,0.000090,0.000933,0.003948,0.002908,0.000582,0.001613,0.000321,0.001391,0.003136,0.001302,0.000114,-0.000772,0.001123,0.001054,0.001618,-0.000265,0.000741,0.001298,0.000943,0.002716,0.003318,0.002150,0.002599,0.004223,0.002813,0.007276,0.009703
