0.015109,0.009678,0.008727,0.001739,0.005114,0.001404,0.003540,0.003301,0.002485,0.000655,0.002570,0.001713,0.003661,0.001213,0.001893,0.002756,0.002007,0.000811,0.000198,0.001351,0.001752,-0.002102,-0.004769,-0.003507,-0.004801,-0.006878,-0.004792,-0.004577,-0.003660,-0.003189,-0.001000,-0.001507,-0.003300,0.000909,0.001792,0.002060,-0.001693,0.002244,0.003501,0.000396,0.001561,0.002105,0.000359,0.001022,0.003335,0.001805,0.000367,0.000329,0.001048,0.003135,0.001598,0.002959,0.002480,0.001511,0.003696,0.001572,0.004484,0.002178,0.005086,0.004714
0.009678,0.013727,0.008773,0.001333,0.005308,0.001925,0.004302,0.003629,0.001457,0.001037,0.001844,0.002829,0.003794,0.002115,0.001233,0.002089,0.001383,-0.001028,0.000679,-0.000111,-0.000138,-0.003930,-0.004942,-0.002129,-0.002573,-0.006585,-0.005543,-0.002628,-0.000853,-0.000250,0.000352,-0.001686,-0.003391,-0.000125,0.002171,0.003375,0.000338,0.002457,0.003144,0.001202,0.002427,0.003264,0.001564,0.000119,0.003238,0.003282,0.003376,0.001745,0.003994,0.004287,0.002733,0.004787,0.003642,0.002977,0.004916,0.002876,0.002879,0.003257,0.004133,0.003604
0.008727,0.008773,0.011869,0.002245,0.007351,0.001571,0.003641,0.001257,0.001421,0.000521,0.002128,0.002278,0.003512,0.001362,0.001761,0.002678,0.000502,-0.001351,0.000577,0.000204,-0.000740,-0.002251,-0.001295,-0.000139,-0.001733,-0.004568,-0.004432,-0.002625,-0.002342,-0.001807,-0.000473,-0.001228,-0.002851,-0.000354,-0.000158,0.001293,-0.000784,0.000834,0.000844,-0.000352,0.001934,0.002923,0.000759,0.001154,0.004125,0.000772,0.002200,0.001429,0.003080,0.000884,0.001283,0.003642,0.003102,0.002999,0.002747,0.002357,0.003109,0.002734,0.004286,0.004536
0.001739,0.001333,0.002245,0.004479,0.003123,0.002060,0.001766,0.001463,0.000752,0.000497,0.001358,0.001838,0.002595,0.002417,0.002551,0.004282,0.003798,0.001429,0.003809,0.002816,0.002133,0.001702,0.000527,0.000911,-0.001383,-0.001687,-0.001584,-0.001316,-0.002141,-0.001281,-0.001071,-0.000780,-0.000839,-0.001195,-0.001765,-0.000169,0.000634,0.000050,0.000033,-0.000094,0.002054,0.002529,0.000831,0.000402,0.001479,0.000905,0.001066,0.002128,0.002043,0.001781,0.001171,0.001007,0.001503,0.003026,0.002582,0.002282,0.003240,0.002469,0.003897,0.002911
0.005114,0.005308,0.007351,0.003123,0.015361,0.005817,0.003920,0.000684,-0.000080,0.001742,0.002477,0.004118,0.005455,0.002323,0.002161,0.005854,0.004767,0.002104,0.006105,0.003897,0.001999,0.002664,0.001525,0.000304,-0.001426,-0.003897,-0.004171,-0.002493,-0.007012,-0.003584,-0.003613,-0.002083,-0.003300,-0.002491,-0.004077,-0.000516,0.000092,-0.000529,0.000706,0.000094,0.001001,0.001392,0.000515,-0.000025,0.001297,-0.000744,0.000673,0.000034,0.001174,0.000272,0.001184,0.003369,0.004653,0.002033,0.001050,0.002373,0.002051,0.001854,0.005210,0.004823
0.001404,0.001925,0.001571,0.002060,0.005817,0.018527,0.007278,0.005716,0.003810,0.006757,0.005622,0.008343,0.010399,0.005927,0.005450,0.008831,0.002577,0.000064,0.003655,0.001589,0.003985,0.001758,-0.000533,-0.002245,-0.002252,-0.000846,-0.001690,-0.000653,-0.003386,-0.002906,-0.000569,-0.000100,-0.001849,-0.001966,-0.000759,-0.000706,0.000818,-0.000244,0.001668,0.001850,0.001383,0.001364,0.001443,0.000680,0.005702,-0.000487,0.000236,0.001507,0.001269,0.001603,0.001781,0.001695,0.004670,0.002813,-0.000341,0.002998,0.002429,0.002203,0.002708,0.001855
0.003540,0.004302,0.003641,0.001766,0.003920,0.007278,0.017610,0.005085,0.004095,0.004678,0.006820,0.006899,0.008117,0.006401,0.007767,0.004703,0.004145,0.004663,0.008541,0.003019,0.005530,0.001617,0.003199,0.003929,0.000149,-0.002462,-0.003123,-0.005322,-0.002836,-0.003875,-0.000714,-0.002484,-0.001122,-0.002673,-0.001675,-0.000388,-0.002969,-0.001866,0.001540,0.001048,-0.000607,-0.000051,0.000115,0.000218,0.002028,0.000001,0.001131,0.001793,0.002427,0.001927,0.002411,0.002018,0.002731,0.003648,-0.001097,0.003439,0.004586,0.004453,0.003536,0.003338
0.003301,0.003629,0.001257,0.001463,0.000684,0.005716,0.005085,0.015881,0.008081,0.004813,0.004406,0.003784,0.005690,0.003637,0.004620,0.006234,0.001369,0.000856,-0.001113,0.001180,0.002311,-0.000975,-0.002045,-0.002502,-0.006202,-0.004744,-0.003805,-0.005841,-0.000343,0.000517,0.001972,-0.002296,-0.002401,-0.001007,-0.000114,0.002409,0.003058,0.002230,0.000760,0.006167,0.003027,0.003060,0.002336,0.000747,0.005049,0.003046,0.001976,0.001432,0.004186,0.005652,0.001854,0.001734,0.001108,0.004916,0.002013,0.003137,0.000213,0.002172,0.002611,0.000520
0.002485,0.001457,0.001421,0.000752,-0.000080,0.003810,0.004095,0.008081,0.014569,0.007214,0.009870,0.006310,0.006332,0.003705,0.001405,0.002485,0.001975,0.000971,0.000663,0.004146,0.004033,0.001829,-0.000459,-0.001747,-0.001477,-0.000872,0.000399,-0.001251,-0.001368,-0.000542,0.000145,0.000615,0.000886,-0.001985,-0.003884,0.001895,0.001618,0.002757,0.002124,0.004020,-0.001099,-0.002460,-0.000566,0.003029,0.005784,0.002350,0.000823,0.003041,0.004268,0.002878,0.000902,-0.000334,-0.003161,0.004195,0.001144,0.001660,0.001368,0.002147,-0.001528,-0.000883
0.000655,0.001037,0.000521,0.000497,0.001742,0.006757,0.004678,0.004813,0.007214,0.017513,0.012602,0.010038,0.008983,0.004146,0.004305,0.004760,0.001780,-0.000230,0.003236,0.002776,0.001806,0.000074,-0.001223,-0.003583,-0.002125,-0.001153,0.000049,0.000870,0.000074,0.000011,0.001466,0.001349,0.000272,-0.001305,-0.003233,-0.000368,0.003142,0.001520,0.002545,0.003659,0.000281,-0.001010,0.001916,0.003440,0.006915,0.003094,0.001120,0.005564,0.003012,0.002473,0.001121,0.001037,0.001187,0.002415,0.000103,0.002682,0.001824,0.000725,-0.000137,-0.000327
0.002570,0.001844,0.002128,0.001358,0.002477,0.005622,0.006820,0.004406,0.009870,0.012602,0.021195,0.014551,0.013671,0.006270,0.005482,0.002966,0.001396,0.000602,0.007245,0.005610,0.006110,0.004002,0.001987,-0.001358,-0.001511,0.001374,-0.000028,-0.000753,-0.000768,-0.003972,-0.001610,0.001002,0.000873,-0.004216,-0.007641,-0.002760,-0.000921,0.000253,0.004565,0.004575,-0.001485,0.000066,0.003620,0.004550,0.007576,0.003406,0.001361,0.004068,0.003486,0.003234,0.001479,0.001177,-0.000469,0.002527,0.001961,0.002161,0.002956,0.002716,0.001460,0.000612
0.001713,0.002829,0.002278,0.001838,0.004118,0.008343,0.006899,0.003784,0.006310,0.010038,0.014551,0.031004,0.020939,0.007291,0.007859,0.007733,0.006935,0.007065,0.010079,0.011457,0.007228,0.005577,0.002535,-0.002075,-0.001196,-0.003578,-0.005645,-0.003913,-0.005725,-0.003715,-0.005082,-0.003656,-0.002830,-0.005912,-0.012944,-0.006820,-0.004493,-0.004692,0.003002,-0.001269,-0.001749,0.001684,0.003677,0.004681,0.004147,0.000927,0.001996,0.000780,0.001339,0.001629,0.001833,0.002581,-0.000125,0.001960,0.003473,0.003339,0.002708,-0.000566,-0.000270,0.000476
0.003661,0.003794,0.003512,0.002595,0.005455,0.010399,0.008117,0.005690,0.006332,0.008983,0.013671,0.020939,0.031245,0.012662,0.012565,0.009881,0.009701,0.009289,0.014192,0.012658,0.009586,0.006728,0.002075,-0.003810,-0.004983,-0.003753,-0.006870,-0.007357,-0.006228,-0.005559,-0.005903,-0.006720,-0.005405,-0.007328,-0.011636,-0.006713,-0.006543,-0.004384,0.001357,0.000267,-0.001647,-0.000864,0.002405,0.002891,0.004859,0.000729,0.002148,0.001413,0.002481,0.003039,0.003382,0.003195,0.002418,0.002860,0.002765,0.003342,0.003776,0.002160,0.003170,0.002067
0.001213,0.002115,0.001362,0.002417,0.002323,0.005927,0.006401,0.003637,0.003705,0.004146,0.006270,0.007291,0.012662,0.019534,0.014545,0.012554,0.013190,0.008941,0.011522,0.011494,0.009873,0.004942,0.004755,0.003097,0.000113,-0.001723,-0.005630,-0.005674,-0.005646,-0.004385,-0.005621,-0.004760,-0.005620,-0.006569,-0.005493,-0.005029,-0.005798,-0.003956,0.000064,-0.002136,-0.002665,-0.000776,-0.000456,0.001439,0.001680,-0.000944,0.001298,0.001917,0.002045,0.000092,0.002662,0.000974,0.002071,0.002772,0.002656,0.002727,0.005054,0.005298,0.003424,0.001353
0.001893,0.001233,0.001761,0.002551,0.002161,0.005450,0.007767,0.004620,0.001405,0.004305,0.005482,0.007859,0.012565,0.014545,0.031370,0.019717,0.020096,0.016931,0.013070,0.011096,0.012352,0.005737,0.005485,-0.000245,-0.006933,-0.004308,-0.013014,-0.013260,-0.010691,-0.007730,-0.009153,-0.007621,-0.007576,-0.009275,-0.004048,-0.005445,-0.003939,-0.002390,-0.003525,-0.004184,-0.003089,-0.003145,-0.003001,-0.002566,-0.000569,-0.001486,-0.001428,-0.000647,-0.000588,0.000760,0.001291,0.000306,0.001511,0.005961,0.001611,0.002581,0.003351,0.003626,0.005444,0.002574
0.002756,0.002089,0.002678,0.004282,0.005854,0.008831,0.004703,0.006234,0.002485,0.004760,0.002966,0.007733,0.009881,0.012554,0.019717,0.034068,0.023643,0.018266,0.016024,0.014079,0.009549,0.008046,0.001701,0.000139,-0.005536,-0.006195,-0.012678,-0.013356,-0.014664,-0.006459,-0.007845,-0.010259,-0.008570,-0.007198,-0.002596,-0.002569,-0.001667,-0.000782,-0.000660,-0.003255,-0.000618,-0.002398,-0.003779,-0.002610,0.000891,-0.001786,-0.000251,0.000424,0.000335,0.001877,0.001128,0.000636,0.000951,0.002796,0.003641,0.001725,0.004461,0.002313,0.006618,0.002794
0.002007,0.001383,0.000502,0.003798,0.004767,0.002577,0.004145,0.001369,0.001975,0.001780,0.001396,0.006935,0.009701,0.013190,0.020096,0.023643,0.049132,0.026621,0.021915,0.021158,0.014508,0.012185,0.006607,0.001121,-0.002105,-0.006338,-0.013805,-0.015254,-0.014744,-0.003517,-0.010445,-0.011576,-0.009140,-0.006842,-0.007222,-0.005201,-0.006053,-0.004743,-0.004123,-0.005726,-0.002477,-0.005860,-0.005620,-0.004130,-0.005581,-0.004379,-0.003745,-0.002318,-0.001375,-0.001866,0.000590,-0.001204,-0.002156,0.003208,0.002368,0.002942,0.005264,0.003778,0.005470,0.001605
0.000811,-0.001028,-0.001351,0.001429,0.002104,0.000064,0.004663,0.000856,0.000971,-0.000230,0.000602,0.007065,0.009289,0.008941,0.016931,0.018266,0.026621,0.043972,0.026707,0.021182,0.013936,0.015115,0.008031,0.002554,-0.001477,-0.004524,-0.011289,-0.011643,-0.013572,-0.006144,-0.010654,-0.010989,-0.006855,-0.009981,-0.006284,-0.005530,-0.006347,-0.004760,-0.004116,-0.005840,-0.003786,-0.006848,-0.006080,-0.005116,-0.008651,-0.005878,-0.003429,-0.004447,-0.003009,-0.002157,-0.001780,-0.001551,-0.000548,-0.001802,-0.002112,0.000305,0.003050,0.000822,0.004039,0.000561
0.000198,0.000679,0.000577,0.003809,0.006105,0.003655,0.008541,-0.001113,0.000663,0.003236,0.007245,0.010079,0.014192,0.011522,0.013070,0.016024,0.021915,0.026707,0.047054,0.028629,0.019544,0.019381,0.014409,0.006979,0.002153,-0.001857,-0.007228,-0.012676,-0.013128,-0.007905,-0.014005,-0.011016,-0.005218,-0.009337,-0.011068,-0.010816,-0.007680,-0.004466,-0.001637,-0.004234,-0.004665,-0.007561,-0.006594,-0.003424,-0.006376,-0.003353,-0.001663,-0.001691,0.000659,0.001172,0.001092,0.002777,0.004575,0.003070,0.001124,0.004419,0.005982,0.004912,0.005425,-0.000577
0.001351,-0.000111,0.000204,0.002816,0.003897,0.001589,0.003019,0.001180,0.004146,0.002776,0.005610,0.011457,0.012658,0.011494,0.011096,0.014079,0.021158,0.021182,0.028629,0.052528,0.031175,0.023753,0.015468,0.004375,-0.005106,-0.003314,-0.006152,-0.011433,-0.012403,-0.007204,-0.014803,-0.014501,-0.011577,-0.006164,-0.009943,-0.010433,-0.008611,-0.004142,0.000889,-0.005690,-0.006183,-0.007734,-0.006179,-0.001640,-0.002529,-0.004592,-0.004755,-0.005345,-0.002287,-0.000951,0.000053,-0.001713,-0.001127,0.001052,0.000733,0.002541,0.004752,0.002257,0.000905,-0.003403
0.001752,-0.000138,-0.000740,0.002133,0.001999,0.003985,0.005530,0.002311,0.004033,0.001806,0.006110,0.007228,0.009586,0.009873,0.012352,0.009549,0.014508,0.013936,0.019544,0.031175,0.049576,0.024509,0.018622,0.003730,-0.003351,0.000975,-0.003564,-0.010366,-0.012988,-0.011052,-0.016089,-0.009510,-0.010498,-0.010816,-0.006142,-0.009214,-0.007454,-0.002140,0.001092,-0.001459,-0.007674,-0.005186,-0.004637,-0.002264,0.000820,-0.005387,-0.006425,-0.004073,-0.000346,0.000968,0.001333,-0.000896,0.000718,0.005877,0.001308,0.003875,0.004912,0.003354,0.000645,-0.002234
-0.002102,-0.003930,-0.002251,0.001702,0.002664,0.001758,0.001617,-0.000975,0.001829,0.000074,0.004002,0.005577,0.006728,0.004942,0.005737,0.008046,0.012185,0.015115,0.019381,0.023753,0.024509,0.045628,0.025338,0.014079,0.008537,0.009747,0.006391,-0.003901,-0.010792,-0.009642,-0.012731,-0.005091,-0.007228,-0.008053,-0.009951,-0.008688,-0.007133,-0.006047,-0.002338,-0.004271,-0.006048,-0.004901,-0.002894,-0.000703,-0.000418,-0.002222,-0.000410,-0.004105,-0.001513,0.002050,0.001500,-0.002266,-0.001407,0.000614,-0.003218,0.000694,0.001295,-0.000620,-0.002349,-0.001973
-0.004769,-0.004942,-0.001295,0.000527,0.001525,-0.000533,0.003199,-0.002045,-0.000459,-0.001223,0.001987,0.002535,0.002075,0.004755,0.005485,0.001701,0.006607,0.008031,0.014409,0.015468,0.018622,0.025338,0.042844,0.022752,0.013936,0.015934,0.006267,-0.002475,-0.005590,-0.009323,-0.014264,-0.007359,-0.008369,-0.009152,-0.012774,-0.009710,-0.010538,-0.009353,-0.008704,-0.009091,-0.011531,-0.004814,-0.003854,-0.001044,-0.007793,-0.006687,-0.003233,-0.005371,-0.005469,-0.003125,0.000876,0.001046,-0.000281,0.001955,-0.004935,-0.000468,-0.002379,-0.001012,-0.003324,-0.003201
-0.003507,-0.002129,-0.000139,0.000911,0.000304,-0.002245,0.003929,-0.002502,-0.001747,-0.003583,-0.001358,-0.002075,-0.003810,0.003097,-0.000245,0.000139,0.001121,0.002554,0.006979,0.004375,0.003730,0.014079,0.022752,0.036532,0.020349,0.014456,0.008612,0.004266,0.001583,-0.000880,-0.003453,0.000047,-0.004422,-0.006249,-0.009126,-0.005821,-0.009149,-0.009728,-0.008647,-0.007561,-0.008535,-0.002861,-0.002704,0.000955,-0.004315,-0.002944,-0.000504,-0.001966,0.001522,-0.001592,0.000532,0.000170,-0.002916,-0.003310,-0.005029,-0.001291,-0.003722,-0.001056,-0.003474,-0.001812
-0.004801,-0.002573,-0.001733,-0.001383,-0.001426,-0.002252,0.000149,-0.006202,-0.001477,-0.002125,-0.001511,-0.001196,-0.004983,0.000113,-0.006933,-0.005536,-0.002105,-0.001477,0.002153,-0.005106,-0.003351,0.008537,0.013936,0.020349,0.035042,0.021528,0.016354,0.015298,0.009375,0.002986,0.000589,0.001224,-0.002016,-0.003633,-0.006440,-0.004682,-0.005597,-0.007954,-0.004471,-0.008426,-0.006680,-0.003706,-0.001617,0.002323,-0.004844,-0.004794,-0.000276,-0.001447,-0.002537,-0.004934,-0.001607,-0.002023,-0.004025,-0.005234,-0.005235,-0.003451,-0.003134,-0.003815,-0.004829,-0.001256
-0.006878,-0.006585,-0.004568,-0.001687,-0.003897,-0.000846,-0.002462,-0.004744,-0.000872,-0.001153,0.001374,-0.003578,-0.003753,-0.001723,-0.004308,-0.006195,-0.006338,-0.004524,-0.001857,-0.003314,0.000975,0.009747,0.015934,0.014456,0.021528,0.043540,0.025959,0.019536,0.012011,-0.000021,-0.000244,0.001160,-0.002769,-0.008341,-0.009148,-0.009663,-0.010345,-0.010877,-0.006079,-0.008001,-0.008574,-0.009483,-0.001754,0.000830,-0.001979,-0.004049,-0.001712,-0.003646,-0.004952,-0.004418,-0.000976,-0.002950,-0.004163,-0.007937,-0.010709,-0.005194,-0.008276,-0.005551,-0.007757,-0.006022
-0.004792,-0.005543,-0.004432,-0.001584,-0.004171,-0.001690,-0.003123,-0.003805,0.000399,0.000049,-0.000028,-0.005645,-0.006870,-0.005630,-0.013014,-0.012678,-0.013805,-0.011289,-0.007228,-0.006152,-0.003564,0.006391,0.006267,0.008612,0.016354,0.025959,0.043922,0.025778,0.015821,0.005285,0.008095,0.006719,-0.000193,-0.004442,-0.005507,-0.006684,-0.003347,-0.004300,-0.000959,-0.002734,-0.005689,-0.007099,-0.001773,0.002284,-0.000210,-0.001543,-0.002178,-0.003873,-0.004231,-0.004445,-0.001302,-0.000935,-0.005859,-0.009017,-0.005617,-0.005378,-0.002829,-0.003615,-0.008639,-0.005757
-0.004577,-0.002628,-0.002625,-0.001316,-0.002493,-0.000653,-0.005322,-0.005841,-0.001251,0.000870,-0.000753,-0.003913,-0.007357,-0.005674,-0.013260,-0.013356,-0.015254,-0.011643,-0.012676,-0.011433,-0.010366,-0.003901,-0.002475,0.004266,0.015298,0.019536,0.025778,0.041550,0.024397,0.011496,0.011863,0.013968,0.003728,-0.001510,-0.007056,-0.004034,-0.004423,-0.003711,-0.002859,-0.004860,-0.003201,-0.002807,-0.000053,0.004088,0.002941,-0.002014,0.001811,0.002749,-0.002234,-0.004639,-0.000190,0.000202,-0.002927,-0.006820,-0.005037,-0.003778,-0.004492,-0.004810,-0.007056,-0.003483
-0.003660,-0.000853,-0.002342,-0.002141,-0.007012,-0.003386,-0.002836,-0.000343,-0.001368,0.000074,-0.000768,-0.005725,-0.006228,-0.005646,-0.010691,-0.014664,-0.014744,-0.013572,-0.013128,-0.012403,-0.012988,-0.010792,-0.005590,0.001583,0.009375,0.012011,0.015821,0.024397,0.040705,0.018518,0.016764,0.011830,0.005922,0.006338,-0.000433,-0.001715,-0.003055,-0.002907,-0.003253,-0.000832,0.001106,0.000465,0.000144,0.002478,0.000966,0.002559,0.003716,0.002970,0.001036,-0.002111,0.000492,-0.001697,-0.004886,-0.004932,-0.003757,-0.000794,-0.004139,-0.002803,-0.006424,-0.003438
-0.003189,-0.000250,-0.001807,-0.001281,-0.003584,-0.002906,-0.003875,0.000517,-0.000542,0.000011,-0.003972,-0.003715,-0.005559,-0.004385,-0.007730,-0.006459,-0.003517,-0.006144,-0.007905,-0.007204,-0.011052,-0.009642,-0.009323,-0.000880,0.002986,-0.000021,0.005285,0.011496,0.018518,0.034218,0.022679,0.013660,0.011658,0.010738,0.003746,0.004477,0.002161,0.003460,-0.000562,0.002702,0.004369,0.003202,0.002011,0.003686,0.002697,0.006151,0.001742,0.003433,0.004018,-0.001033,-0.000137,0.000410,-0.005125,-0.005672,-0.002734,-0.001367,-0.002222,-0.003357,-0.005111,-0.004199
-0.001000,0.000352,-0.000473,-0.001071,-0.003613,-0.000569,-0.000714,0.001972,0.000145,0.001466,-0.001610,-0.005082,-0.005903,-0.005621,-0.009153,-0.007845,-0.010445,-0.010654,-0.014005,-0.014803,-0.016089,-0.012731,-0.014264,-0.003453,0.000589,-0.000244,0.008095,0.011863,0.016764,0.022679,0.041277,0.022288,0.016986,0.014722,0.009902,0.007376,0.006762,0.003766,0.002468,0.005374,0.010069,0.006618,0.006521,0.006951,0.008519,0.008048,0.006199,0.005734,0.004492,0.004014,-0.000669,-0.000473,-0.000593,-0.003469,-0.001787,0.003041,0.000685,-0.001133,-0.005975,-0.001604
-0.001507,-0.001686,-0.001228,-0.000780,-0.002083,-0.000100,-0.002484,-0.002296,0.000615,0.001349,0.001002,-0.003656,-0.006720,-0.004760,-0.007621,-0.010259,-0.011576,-0.010989,-0.011016,-0.014501,-0.009510,-0.005091,-0.007359,0.000047,0.001224,0.001160,0.006719,0.013968,0.011830,0.013660,0.022288,0.037622,0.021006,0.013763,0.006112,0.007357,0.005359,0.004428,0.003805,0.004503,0.006550,0.005546,0.006114,0.007925,0.005790,0.005479,0.001093,0.003669,0.003964,0.001270,0.000277,0.000489,-0.002223,-0.001321,-0.000689,0.003546,0.000005,0.000376,-0.004424,-0.001843
-0.003300,-0.003391,-0.002851,-0.000839,-0.003300,-0.001849,-0.001122,-0.002401,0.000886,0.000272,0.000873,-0.002830,-0.005405,-0.005620,-0.007576,-0.008570,-0.009140,-0.006855,-0.005218,-0.011577,-0.010498,-0.007228,-0.008369,-0.004422,-0.002016,-0.002769,-0.000193,0.003728,0.005922,0.011658,0.016986,0.021006,0.032801,0.022000,0.012349,0.011029,0.007758,0.008780,0.003632,0.008313,0.010037,0.006585,0.004675,0.005463,0.002842,0.005214,0.002501,0.005552,0.006604,0.002717,0.000049,-0.001393,-0.000813,-0.002333,0.000617,0.002696,0.000692,0.001065,-0.002426,-0.000556
0.000909,-0.000125,-0.000354,-0.001195,-0.002491,-0.001966,-0.002673,-0.001007,-0.001985,-0.001305,-0.004216,-0.005912,-0.007328,-0.006569,-0.009275,-0.007198,-0.006842,-0.009981,-0.009337,-0.006164,-0.010816,-0.008053,-0.009152,-0.006249,-0.003633,-0.008341,-0.004442,-0.001510,0.006338,0.010738,0.014722,0.013763,0.022000,0.037163,0.022899,0.014467,0.009844,0.011402,0.006254,0.010955,0.013077,0.008585,0.007411,0.004916,0.002464,0.006834,0.002206,0.002828,0.003396,0.004781,-0.000903,-0.001586,-0.000854,-0.002672,0.000894,0.001687,-0.000417,-0.001409,-0.000592,-0.000183
0.001792,0.002171,-0.000158,-0.001765,-0.004077,-0.000759,-0.001675,-0.000114,-0.003884,-0.003233,-0.007641,-0.012944,-0.011636,-0.005493,-0.004048,-0.002596,-0.007222,-0.006284,-0.011068,-0.009943,-0.006142,-0.009951,-0.012774,-0.009126,-0.006440,-0.009148,-0.005507,-0.007056,-0.000433,0.003746,0.009902,0.006112,0.012349,0.022899,0.044835,0.025005,0.019007,0.015130,0.008022,0.010180,0.012638,0.004745,0.003985,0.000306,-0.000443,0.002784,0.000270,-0.000545,0.001649,0.002992,-0.002719,-0.002709,-0.001453,-0.000359,0.001150,0.001274,0.001394,0.000431,0.002622,0.000734
0.002060,0.003375,0.001293,-0.000169,-0.000516,-0.000706,-0.000388,0.002409,0.001895,-0.000368,-0.002760,-0.006820,-0.006713,-0.005029,-0.005445,-0.002569,-0.005201,-0.005530,-0.010816,-0.010433,-0.009214,-0.008688,-0.009710,-0.005821,-0.004682,-0.009663,-0.006684,-0.004034,-0.001715,0.004477,0.007376,0.007357,0.011029,0.014467,0.025005,0.040615,0.024653,0.017468,0.008916,0.010619,0.011492,0.006992,0.004099,0.003620,0.001833,0.003316,0.000479,0.002086,0.002636,0.004227,-0.000041,0.000695,0.000610,0.005337,0.003479,0.000789,0.002217,-0.000893,0.004386,0.004171
-0.001693,0.000338,-0.000784,0.000634,0.000092,0.000818,-0.002969,0.003058,0.001618,0.003142,-0.000921,-0.004493,-0.006543,-0.005798,-0.003939,-0.001667,-0.006053,-0.006347,-0.007680,-0.008611,-0.007454,-0.007133,-0.010538,-0.009149,-0.005597,-0.010345,-0.003347,-0.004423,-0.003055,0.002161,0.006762,0.005359,0.007758,0.009844,0.019007,0.024653,0.040059,0.017979,0.006826,0.013301,0.015808,0.011041,0.007681,0.002867,0.003240,0.005553,0.002944,0.005234,0.003503,0.002401,-0.002231,-0.001289,0.003337,0.005836,0.003226,0.002692,0.003200,0.000263,0.005021,0.003163
0.002244,0.002457,0.000834,0.000050,-0.000529,-0.000244,-0.001866,0.002230,0.002757,0.001520,0.000253,-0.004692,-0.004384,-0.003956,-0.002390,-0.000782,-0.004743,-0.004760,-0.004466,-0.004142,-0.002140,-0.006047,-0.009353,-0.009728,-0.007954,-0.010877,-0.004300,-0.003711,-0.002907,0.003460,0.003766,0.004428,0.008780,0.011402,0.015130,0.017468,0.017979,0.025580,0.010569,0.011419,0.009747,0.007508,0.004984,0.003548,0.006088,0.007137,0.001860,0.003900,0.006108,0.006249,-0.000545,0.000138,0.001051,0.003739,0.006114,0.002365,0.003711,0.001851,0.001812,0.001680
0.003501,0.003144,0.000844,0.000033,0.000706,0.001668,0.001540,0.000760,0.002124,0.002545,0.004565,0.003002,0.001357,0.000064,-0.003525,-0.000660,-0.004123,-0.004116,-0.001637,0.000889,0.001092,-0.002338,-0.008704,-0.008647,-0.004471,-0.006079,-0.000959,-0.002859,-0.003253,-0.000562,0.002468,0.003805,0.003632,0.006254,0.008022,0.008916,0.006826,0.010569,0.022146,0.009518,0.004957,0.003669,0.005599,0.005859,0.007897,0.006315,0.001174,0.001384,0.002912,0.004652,0.000572,0.000445,0.000428,0.001929,0.004679,0.001799,0.005179,0.001762,0.002352,0.002175
0.000396,0.001202,-0.000352,-0.000094,0.000094,0.001850,0.001048,0.006167,0.004020,0.003659,0.004575,-0.001269,0.000267,-0.002136,-0.004184,-0.003255,-0.005726,-0.005840,-0.004234,-0.005690,-0.001459,-0.004271,-0.009091,-0.007561,-0.008426,-0.008001,-0.002734,-0.004860,-0.000832,0.002702,0.005374,0.004503,0.008313,0.010955,0.010180,0.010619,0.013301,0.011419,0.009518,0.026009,0.014674,0.010018,0.008825,0.003563,0.009461,0.013106,0.005072,0.007635,0.009518,0.007716,0.000206,0.000315,0.001736,0.000781,0.004565,0.002784,0.001403,0.003843,0.004297,0.000601
0.001561,0.002427,0.001934,0.002054,0.001001,0.001383,-0.000607,0.003027,-0.001099,0.000281,-0.001485,-0.001749,-0.001647,-0.002665,-0.003089,-0.000618,-0.002477,-0.003786,-0.004665,-0.006183,-0.007674,-0.006048,-0.011531,-0.008535,-0.006680,-0.008574,-0.005689,-0.003201,0.001106,0.004369,0.010069,0.006550,0.010037,0.013077,0.012638,0.011492,0.015808,0.009747,0.004957,0.014674,0.029114,0.016454,0.011503,0.006007,0.008309,0.012159,0.007562,0.009166,0.008916,0.006518,0.001202,0.000830,0.003617,0.004099,0.004841,0.005671,0.003617,0.003791,0.005528,0.003672
0.002105,0.003264,0.002923,0.002529,0.001392,0.001364,-0.000051,0.003060,-0.002460,-0.001010,0.000066,0.001684,-0.000864,-0.000776,-0.003145,-0.002398,-0.005860,-0.006848,-0.007561,-0.007734,-0.005186,-0.004901,-0.004814,-0.002861,-0.003706,-0.009483,-0.007099,-0.002807,0.000465,0.003202,0.006618,0.005546,0.006585,0.008585,0.004745,0.006992,0.011041,0.007508,0.003669,0.010018,0.016454,0.031791,0.017777,0.006288,0.011201,0.010044,0.009054,0.010273,0.008055,0.007075,0.003913,0.003569,0.004211,0.002730,0.005126,0.002762,0.001935,0.003529,0.005258,0.005563
0.000359,0.001564,0.000759,0.000831,0.000515,0.001443,0.000115,0.002336,-0.000566,0.001916,0.003620,0.003677,0.002405,-0.000456,-0.003001,-0.003779,-0.005620,-0.006080,-0.006594,-0.006179,-0.004637,-0.002894,-0.003854,-0.002704,-0.001617,-0.001754,-0.001773,-0.000053,0.000144,0.002011,0.006521,0.006114,0.004675,0.007411,0.003985,0.004099,0.007681,0.004984,0.005599,0.008825,0.011503,0.017777,0.023604,0.010593,0.012603,0.008844,0.008347,0.008285,0.007381,0.006984,0.004012,0.001381,0.002244,0.001554,0.003489,0.004115,0.000162,0.003200,0.003742,0.002682
0.001022,0.000119,0.001154,0.000402,-0.000025,0.000680,0.000218,0.000747,0.003029,0.003440,0.004550,0.004681,0.002891,0.001439,-0.002566,-0.002610,-0.004130,-0.005116,-0.003424,-0.001640,-0.002264,-0.000703,-0.001044,0.000955,0.002323,0.000830,0.002284,0.004088,0.002478,0.003686,0.006951,0.007925,0.005463,0.004916,0.000306,0.003620,0.002867,0.003548,0.005859,0.003563,0.006007,0.006288,0.010593,0.019123,0.013487,0.008265,0.005633,0.004515,0.005308,0.002506,0.003138,0.000182,-0.001195,0.002482,0.003642,0.002727,0.001312,0.000885,0.000267,0.000597
0.003335,0.003238,0.004125,0.001479,0.001297,0.005702,0.002028,0.005049,0.005784,0.006915,0.007576,0.004147,0.004859,0.001680,-0.000569,0.000891,-0.005581,-0.008651,-0.006376,-0.002529,0.000820,-0.000418,-0.007793,-0.004315,-0.004844,-0.001979,-0.000210,0.002941,0.000966,0.002697,0.008519,0.005790,0.002842,0.002464,-0.000443,0.001833,0.003240,0.006088,0.007897,0.009461,0.008309,0.011201,0.012603,0.013487,0.032734,0.016008,0.010529,0.012031,0.010796,0.010912,0.004944,0.002136,0.002379,0.001945,0.006334,0.004181,0.002602,0.002572,0.000242,0.001369
0.001805,0.003282,0.000772,0.000905,-0.000744,-0.000487,0.000001,0.003046,0.002350,0.003094,0.003406,0.000927,0.000729,-0.000944,-0.001486,-0.001786,-0.004379,-0.005878,-0.003353,-0.004592,-0.005387,-0.002222,-0.006687,-0.002944,-0.004794,-0.004049,-0.001543,-0.002014,0.002559,0.006151,0.008048,0.005479,0.005214,0.006834,0.002784,0.003316,0.005553,0.007137,0.006315,0.013106,0.012159,0.010044,0.008844,0.008265,0.016008,0.023740,0.011426,0.011747,0.011030,0.011338,0.002516,0.002372,-0.000996,0.001158,0.009553,0.005042,0.003699,0.004836,0.001348,0.001181
0.000367,0.003376,0.002200,0.001066,0.000673,0.000236,0.001131,0.001976,0.000823,0.001120,0.001361,0.001996,0.002148,0.001298,-0.001428,-0.000251,-0.003745,-0.003429,-0.001663,-0.004755,-0.006425,-0.000410,-0.003233,-0.000504,-0.000276,-0.001712,-0.002178,0.001811,0.003716,0.001742,0.006199,0.001093,0.002501,0.002206,0.000270,0.000479,0.002944,0.001860,0.001174,0.005072,0.007562,0.009054,0.008347,0.005633,0.010529,0.011426,0.015838,0.010517,0.011294,0.008567,0.003202,0.001813,0.000469,-0.000064,0.003534,0.002426,0.001140,0.003727,0.000297,0.002127
0.000329,0.001745,0.001429,0.002128,0.000034,0.001507,0.001793,0.001432,0.003041,0.005564,0.004068,0.000780,0.001413,0.001917,-0.000647,0.000424,-0.002318,-0.004447,-0.001691,-0.005345,-0.004073,-0.004105,-0.005371,-0.001966,-0.001447,-0.003646,-0.003873,0.002749,0.002970,0.003433,0.005734,0.003669,0.005552,0.002828,-0.000545,0.002086,0.005234,0.003900,0.001384,0.007635,0.009166,0.010273,0.008285,0.004515,0.012031,0.011747,0.010517,0.020257,0.013141,0.008050,0.002641,0.001086,0.001610,0.001200,0.004847,0.004200,0.003598,0.005529,0.001908,0.002807
0.001048,0.003994,0.003080,0.002043,0.001174,0.001269,0.002427,0.004186,0.004268,0.003012,0.003486,0.001339,0.002481,0.002045,-0.000588,0.000335,-0.001375,-0.003009,0.000659,-0.002287,-0.000346,-0.001513,-0.005469,0.001522,-0.002537,-0.004952,-0.004231,-0.002234,0.001036,0.004018,0.004492,0.003964,0.006604,0.003396,0.001649,0.002636,0.003503,0.006108,0.002912,0.009518,0.008916,0.008055,0.007381,0.005308,0.010796,0.011030,0.011294,0.013141,0.023468,0.011477,0.003324,0.002488,-0.000928,0.000114,0.004325,0.003750,0.001180,0.006446,0.001325,0.000067
0.003135,0.004287,0.000884,0.001781,0.000272,0.001603,0.001927,0.005652,0.002878,0.002473,0.003234,0.001629,0.003039,0.000092,0.000760,0.001877,-0.001866,-0.002157,0.001172,-0.000951,0.000968,0.002050,-0.003125,-0.001592,-0.004934,-0.004418,-0.004445,-0.004639,-0.002111,-0.001033,0.004014,0.001270,0.002717,0.004781,0.002992,0.004227,0.002401,0.006249,0.004652,0.007716,0.006518,0.007075,0.006984,0.002506,0.010912,0.011338,0.008567,0.008050,0.011477,0.021187,0.002906,0.001938,0.003046,0.002381,0.005069,0.001413,-0.000447,0.002962,0.001252,0.001443
0.001598,0.002733,0.001283,0.001171,0.001184,0.001781,0.002411,0.001854,0.000902,0.001121,0.001479,0.001833,0.003382,0.002662,0.001291,0.001128,0.000590,-0.001780,0.001092,0.000053,0.001333,0.001500,0.000876,0.000532,-0.001607,-0.000976,-0.001302,-0.000190,0.000492,-0.000137,-0.000669,0.000277,0.000049,-0.000903,-0.002719,-0.000041,-0.002231,-0.000545,0.000572,0.000206,0.001202,0.003913,0.004012,0.003138,0.004944,0.002516,0.003202,0.002641,0.003324,0.002906,0.006363,0.002909,0.002902,0.002332,0.001885,0.001296,0.000936,0.002051,0.001901,0.001366
0.002959,0.004787,0.003642,0.001007,0.003369,0.001695,0.002018,0.001734,-0.000334,0.001037,0.001177,0.002581,0.003195,0.000974,0.000306,0.000636,-0.001204,-0.001551,0.002777,-0.001713,-0.000896,-0.002266,0.001046,0.000170,-0.002023,-0.002950,-0.000935,0.000202,-0.001697,0.000410,-0.000473,0.000489,-0.001393,-0.001586,-0.002709,0.000695,-0.001289,0.000138,0.000445,0.000315,0.000830,0.003569,0.001381,0.000182,0.002136,0.002372,0.001813,0.001086,0.002488,0.001938,0.002909,0.009535,0.004075,0.001266,0.004488,0.002087,0.001824,0.001643,0.001146,0.000822
0.002480,0.003642,0.003102,0.001503,0.004653,0.004670,0.002731,0.001108,-0.003161,0.001187,-0.000469,-0.000125,0.002418,0.002071,0.001511,0.000951,-0.002156,-0.000548,0.004575,-0.001127,0.000718,-0.001407,-0.000281,-0.002916,-0.004025,-0.004163,-0.005859,-0.002927,-0.004886,-0.005125,-0.000593,-0.002223,-0.000813,-0.000854,-0.001453,0.000610,0.003337,0.001051,0.000428,0.001736,0.003617,0.004211,0.002244,-0.001195,0.002379,-0.000996,0.000469,0.001610,-0.000928,0.003046,0.002902,0.004075,0.017881,0.005674,0.002117,0.003807,0.000798,0.002917,0.005066,0.003306
0.001511,0.002977,0.002999,0.003026,0.002033,0.002813,0.003648,0.004916,0.004195,0.002415,0.002527,0.001960,0.002860,0.002772,0.005961,0.002796,0.003208,-0.001802,0.003070,0.001052,0.005877,0.000614,0.001955,-0.003310,-0.005234,-0.007937,-0.009017,-0.006820,-0.004932,-0.005672,-0.003469,-0.001321,-0.002333,-0.002672,-0.000359,0.005337,0.005836,0.003739,0.001929,0.000781,0.004099,0.002730,0.001554,0.002482,0.001945,0.001158,-0.000064,0.001200,0.000114,0.002381,0.002332,0.001266,0.005674,0.026015,0.009482,0.007392,0.004655,0.004929,0.005125,0.004649
0.003696,0.004916,0.002747,0.002582,0.001050,-0.000341,-0.001097,0.002013,0.001144,0.000103,0.001961,0.003473,0.002765,0.002656,0.001611,0.003641,0.002368,-0.002112,0.001124,0.000733,0.001308,-0.003218,-0.004935,-0.005029,-0.005235,-0.010709,-0.005617,-0.005037,-0.003757,-0.002734,-0.001787,-0.000689,0.000617,0.000894,0.001150,0.003479,0.003226,0.006114,0.004679,0.004565,0.004841,0.005126,0.003489,0.003642,0.006334,0.009553,0.003534,0.004847,0.004325,0.005069,0.001885,0.004488,0.002117,0.009482,0.021740,0.009407,0.009190,0.008634,0.004196,0.002196
0.001572,0.002876,0.002357,0.002282,0.002373,0.002998,0.003439,0.003137,0.001660,0.002682,0.002161,0.003339,0.003342,0.002727,0.002581,0.001725,0.002942,0.000305,0.004419,0.002541,0.003875,0.000694,-0.000468,-0.001291,-0.003451,-0.005194,-0.005378,-0.003778,-0.000794,-0.001367,0.003041,0.003546,0.002696,0.001687,0.001274,0.000789,0.002692,0.002365,0.001799,0.002784,0.005671,0.002762,0.004115,0.002727,0.004181,0.005042,0.002426,0.004200,0.003750,0.001413,0.001296,0.002087,0.003807,0.007392,0.009407,0.017141,0.008724,0.008155,0.003856,0.002420
0.004484,0.002879,0.003109,0.003240,0.002051,0.002429,0.004586,0.000213,0.001368,0.001824,0.002956,0.002708,0.003776,0.005054,0.003351,0.004461,0.005264,0.003050,0.005982,0.004752,0.004912,0.001295,-0.002379,-0.003722,-0.003134,-0.008276,-0.002829,-0.004492,-0.004139,-0.002222,0.000685,0.000005,0.000692,-0.000417,0.001394,0.002217,0.003200,0.003711,0.005179,0.001403,0.003617,0.001935,0.000162,0.001312,0.002602,0.003699,0.001140,0.003598,0.001180,-0.000447,0.000936,0.001824,0.000798,0.004655,0.009190,0.008724,0.019861,0.008109,0.005045,0.005044
0.002178,0.003257,0.002734,0.002469,0.001854,0.002203,0.004453,0.002172,0.002147,0.000725,0.002716,-0.000566,0.002160,0.005298,0.003626,0.002313,0.003778,0.000822,0.004912,0.002257,0.003354,-0.000620,-0.001012,-0.001056,-0.003815,-0.005551,-0.003615,-0.004810,-0.002803,-0.003357,-0.001133,0.000376,0.001065,-0.001409,0.000431,-0.000893,0.000263,0.001851,0.001762,0.003843,0.003791,0.003529,0.003200,0.000885,0.002572,0.004836,0.003727,0.005529,0.006446,0.002962,0.002051,0.001643,0.002917,0.004929,0.008634,0.008155,0.008109,0.016087,0.005787,0.003519
0.005086,0.004133,0.004286,0.003897,0.005210,0.002708,0.003536,0.002611,-0.001528,-0.000137,0.001460,-0.000270,0.003170,0.003424,0.005444,0.006618,0.005470,0.004039,0.005425,0.000905,0.000645,-0.002349,-0.003324,-0.003474,-0.004829,-0.007757,-0.008639,-0.007056,-0.006424,-0.005111,-0.005975,-0.004424,-0.002426,-0.000592,0.002622,0.004386,0.005021,0.001812,0.002352,0.004297,0.005528,0.005258,0.003742,0.000267,0.000242,0.001348,0.000297,0.001908,0.001325,0.001252,0.001901,0.001146,0.005066,0.005125,0.004196,0.003856,0.005045,0.005787,0.018060,0.008404
0.004714,0.003604,0.004536,0.002911,0.004823,0.001855,0.003338,0.000520,-0.000883,-0.000327,0.000612,0.000476,0.002067,0.001353,0.002574,0.002794,0.001605,0.000561,-0.000577,-0.003403,-0.002234,-0.001973,-0.003201,-0.001812,-0.001256,-0.006022,-0.005757,-0.003483,-0.003438,-0.004199,-0.001604,-0.001843,-0.000556,-0.000183,0.000734,0.004171,0.003163,0.001680,0.002175,0.000601,0.003672,0.005563,0.002682,0.000597,0.001369,0.001181,0.002127,0.002807,0.000067,0.001443,0.001366,0.000822,0.003306,0.004649,0.002196,0.002420,0.005044,0.003519,0.008404,0.011574
