4690.627930,-2105.395930,-1877.473181,-208.547278,16.275457,-130.895663,36.953638,363.419158
-2105.395930,4483.957051,-135.558562,93.833840,38.539584,-783.486900,-570.195262,-899.766044
-1877.473181,-135.558562,2133.413950,-168.890208,94.637865,-234.237349,444.972087,-585.831404
-208.547278,93.833840,-168.890208,263.392165,-60.271611,-24.089859,-756.531318,438.879674
16.275457,38.539584,94.637865,-60.271611,23.197173,-44.917586,111.744562,-63.851215
-130.895663,-783.486900,-234.237349,-24.089859,-44.917586,2403.424273,-720.129554,568.992956
36.953638,-570.195262,444.972087,-756.531318,111.744562,-720.129554,3605.608540,-1894.910457
363.419158,-899.766044,-585.831404,438.879674,-63.851215,568.992956,-1894.910457,2673.640392
