4562.472272,-908.576991,-1773.210998,-40.426576,-1.457435,-953.675631,-460.563065,457.735987
-908.576991,3676.920941,-218.535510,64.428443,10.324922,-997.551338,-216.785584,-128.910540
-1773.210998,-218.535510,2210.073114,-202.508727,130.977702,-107.376559,426.403203,-567.159419
-40.426576,64.428443,-202.508727,323.744491,-66.341973,67.790643,-784.863645,283.825624
-1.457435,10.324922,130.977702,-66.341973,27.708302,-93.866800,138.054110,-67.495597
-953.675631,-997.551338,-107.376559,67.790643,-93.866800,2845.260406,-1181.960714,714.294096
-460.563065,-216.785584,426.403203,-784.863645,138.054110,-1181.960714,3110.133873,-1442.928348
457.735987,-128.910540,-567.159419,283.825624,-67.495597,714.294096,-1442.928348,2101.620197
