0.023875,-0.005095,-0.021387,-0.001298,0.001027,-0.005629,-0.002527,0.002689
-0.005095,0.027104,-0.002313,0.001450,0.000757,-0.007773,-0.001572,-0.001087
-0.021387,-0.002313,0.054212,-0.007994,0.016970,-0.001409,0.005864,-0.008636
-0.001298,0.001450,-0.007994,0.020263,-0.015346,0.000621,-0.015148,0.006652
0.001027,0.000757,0.016970,-0.015346,0.024778,-0.008930,0.009258,-0.006543
-0.005629,-0.007773,-0.001409,0.000621,-0.008930,0.023306,-0.007421,0.006038
-0.002527,-0.001572,0.005864,-0.015148,0.009258,-0.007421,0.019119,-0.009823
0.002689,-0.001087,-0.008636,0.006652,-0.006543,0.006038,-0.009823,0.019657
