0.000267,0.000141,0.000145,0.000076,0.000092,0.000096,0.000220,0.000101,0.000573,0.000285,0.000323,0.000099,0.000320,0.000391,0.000333,0.000457,0.000226,0.000222,0.000255,0.000464,0.000306,0.000054,-0.000357,-0.000097,-0.000089,-0.000416,-0.000166,-0.000418,-0.000523,-0.000001,0.000113,-0.000169,-0.000349,-0.000193,0.000097,-0.000028,-0.000212,-0.000299,-0.000294,-0.000023,0.000185,0.000167,0.000012,0.000083,0.000274,0.000119,-0.000023,0.000015,0.000081,0.000015,0.000015,0.000023,0.000006,-0.000001,0.000003,-0.000003,0.000025,0.000017,0.000012,0.000007
0.000141,0.000761,0.000254,0.000081,0.000525,0.000135,0.000227,0.000295,0.000375,0.000234,0.000429,0.000212,0.000553,0.000567,0.000316,0.000136,0.000313,0.000187,0.000241,0.000563,-0.000198,-0.000756,-0.000540,0.000012,-0.000082,-0.000725,-0.000597,-0.000183,-0.000428,-0.000142,-0.000040,-0.000473,-0.000573,0.000293,0.000473,0.000339,-0.000141,0.000033,0.000069,-0.000093,0.000434,0.000541,0.000007,-0.000205,0.000272,0.000026,0.000096,0.000042,0.000124,0.000063,0.000054,0.000024,0.000044,0.000012,0.000026,0.000013,0.000021,0.000028,0.000040,0.000034
0.000145,0.000254,0.000612,0.000257,0.000077,0.000128,0.000191,0.000211,0.000526,0.000374,0.000536,0.000078,0.000405,0.000629,0.000457,0.000073,-0.000011,-0.000268,0.000088,0.000620,0.000331,-0.000596,-0.000637,-0.000315,-0.001158,-0.000208,-0.000841,-0.000406,-0.000893,-0.000035,0.000030,-0.000437,-0.000140,0.000344,0.000794,0.000559,0.000085,0.000049,-0.000152,0.000032,0.000473,0.000573,0.000087,0.000209,0.000648,0.000100,0.000129,0.000145,0.000155,0.000030,0.000058,0.000022,0.000022,0.000016,0.000001,0.000015,0.000028,0.000020,0.000033,0.000034
0.000076,0.000081,0.000257,0.000469,0.000157,0.000074,0.000150,0.000194,0.000643,0.000584,0.000449,0.000033,0.000274,0.000647,0.000298,0.000388,0.000460,-0.000127,0.000164,0.000817,0.000650,-0.000274,-0.000393,-0.000198,-0.000838,0.000019,-0.000583,-0.000142,0.000221,-0.000386,-0.000181,-0.000232,-0.000328,0.000092,0.000395,0.000221,0.000160,-0.000329,-0.000034,-0.000046,0.000592,0.000236,0.000092,0.000119,0.000528,0.000101,0.000090,0.000153,0.000106,0.000029,0.000033,0.000027,0.000011,0.000010,-0.000001,0.000014,0.000006,0.000014,0.000039,0.000022
0.000092,0.000525,0.000077,0.000157,0.002309,0.000758,0.000498,0.000050,0.000289,0.000311,0.000427,0.000691,0.000802,0.000757,0.000845,0.001396,0.001527,0.000515,0.002095,0.002162,0.000866,-0.000589,-0.000166,0.000701,-0.000325,-0.001276,-0.000328,-0.000651,-0.001510,-0.001146,-0.000639,-0.001626,-0.001559,-0.000118,-0.001277,-0.000080,-0.000392,-0.000670,0.000093,-0.000347,-0.000120,0.000154,-0.000106,-0.000203,-0.000066,0.000078,-0.000281,-0.000084,0.000008,-0.000038,0.000026,0.000029,0.000052,-0.000007,-0.000006,-0.000011,0.000023,0.000030,0.000067,0.000052
0.000096,0.000135,0.000128,0.000074,0.000758,0.001862,0.000653,0.000120,0.001029,0.001495,0.001288,0.001330,0.001609,0.001557,0.001160,0.002086,0.000876,-0.000170,0.000932,0.001012,0.000922,0.000144,-0.000594,-0.000276,-0.000660,0.000100,-0.000002,-0.000184,-0.000566,-0.000441,0.000508,-0.000860,-0.000566,-0.000989,-0.000078,0.000736,-0.000133,0.000362,0.000784,0.000636,0.000498,-0.000354,0.000150,-0.000016,0.000460,-0.000041,-0.000092,-0.000060,-0.000006,-0.000011,0.000007,0.000033,0.000013,0.000008,-0.000003,0.000024,0.000002,0.000031,0.000031,0.000027
0.000220,0.000227,0.000191,0.000150,0.000498,0.000653,0.001748,0.000490,0.001049,0.001114,0.001687,0.000858,0.001337,0.000765,0.001675,0.001781,0.001736,0.000597,0.001273,0.001059,0.001336,0.000319,0.000187,0.000666,0.000347,0.000092,-0.000377,-0.001334,-0.000827,-0.001001,-0.000329,-0.000935,-0.000938,-0.000737,0.000610,-0.000012,0.000009,-0.000589,-0.000160,0.000194,-0.000129,-0.000521,-0.000216,-0.000098,0.000076,-0.000216,-0.000095,0.000200,0.000087,0.000051,0.000015,0.000014,0.000022,-0.000007,-0.000013,0.000028,0.000016,0.000047,0.000046,0.000037
0.000101,0.000295,0.000211,0.000194,0.000050,0.000120,0.000490,0.002970,0.002550,0.001233,0.000916,0.000334,0.000751,0.001010,0.001068,0.000586,0.000020,-0.000620,-0.001135,0.000682,0.001893,-0.000704,-0.000070,-0.001243,-0.001571,-0.001360,-0.001666,-0.000611,-0.000117,-0.000763,-0.000522,-0.000292,-0.000169,0.001263,0.001129,0.002548,0.002303,0.001658,-0.000060,0.001026,0.001574,0.001657,0.000410,0.000264,0.001106,0.000785,0.000481,0.000751,0.000369,0.000141,0.000111,0.000073,0.000042,0.000092,0.000025,0.000080,0.000020,0.000019,0.000052,0.000010
0.000573,0.000375,0.000526,0.000643,0.000289,0.001029,0.001049,0.002550,0.008857,0.004603,0.002876,0.000751,0.002395,0.001573,0.001040,0.001429,0.000418,-0.000571,-0.000649,0.003105,0.002529,-0.001037,-0.003893,-0.002065,-0.002300,-0.000775,-0.002562,-0.000319,-0.000688,0.000928,-0.000071,-0.000093,-0.001235,0.000985,0.001047,0.001780,0.002096,-0.000017,-0.000502,0.000503,0.000813,-0.000663,-0.000045,0.000455,0.002206,0.001457,0.000054,0.000955,0.000583,0.000163,0.000116,0.000184,0.000014,0.000128,0.000019,0.000130,0.000039,0.000102,0.000075,0.000007
0.000285,0.000234,0.000374,0.000584,0.000311,0.001495,0.001114,0.001233,0.004603,0.008017,0.004923,0.002956,0.003161,0.002081,0.001543,0.003624,0.000527,0.000371,0.000374,0.001957,0.001273,-0.000165,-0.002306,-0.000668,-0.002290,0.001800,0.000641,0.000813,0.000253,-0.000071,-0.000040,0.000673,-0.000177,-0.000920,0.000795,0.001479,0.000655,-0.000361,0.001263,0.000213,0.001410,-0.000887,0.000788,0.000709,0.002162,0.000770,0.000199,0.000789,0.000313,0.000060,0.000041,0.000180,0.000056,0.000019,0.000015,0.000094,0.000007,0.000025,0.000069,0.000015
0.000323,0.000429,0.000536,0.000449,0.000427,0.001288,0.001687,0.000916,0.002876,0.004923,0.009073,0.004157,0.005028,0.003257,0.003758,0.004664,0.002136,0.002234,0.003730,0.003705,0.002706,0.000683,0.001120,-0.000269,-0.000697,0.002354,-0.000608,-0.002248,-0.002057,-0.001737,-0.000710,-0.001205,-0.000785,-0.001801,-0.002212,-0.001046,-0.001860,-0.001658,0.001720,0.000986,-0.000427,-0.000898,0.001014,0.000993,0.002765,0.000414,0.000376,0.000418,0.000198,0.000187,0.000067,0.000060,0.000040,0.000015,0.000027,0.000044,0.000046,0.000042,0.000024,0.000014
0.000099,0.000212,0.000078,0.000033,0.000691,0.001330,0.000858,0.000334,0.000751,0.002956,0.004157,0.011248,0.006698,0.002463,0.002619,0.006445,0.004074,0.001603,0.003138,0.002727,0.001241,-0.000419,0.000907,0.000339,-0.000261,-0.000317,-0.001191,-0.001366,-0.002193,-0.001310,-0.000677,-0.002484,-0.001484,-0.003140,-0.005375,-0.002015,-0.003325,-0.001592,0.001224,-0.000208,0.000149,0.000579,0.000118,-0.000260,-0.000011,0.000031,0.000090,-0.000365,-0.000177,0.000077,-0.000011,0.000049,0.000005,-0.000043,0.000121,0.000003,-0.000026,-0.000030,-0.000010,0.000009
0.000320,0.000553,0.000405,0.000274,0.000802,0.001609,0.001337,0.000751,0.002395,0.003161,0.005028,0.006698,0.011231,0.004436,0.005256,0.005624,0.005517,0.003323,0.005598,0.006056,0.003463,0.002391,0.001289,0.000244,-0.000875,0.000689,-0.001500,-0.001900,-0.003647,-0.000976,-0.001876,-0.004253,-0.003131,-0.004109,-0.004070,-0.003605,-0.003862,-0.002970,-0.000702,-0.001404,-0.000026,-0.000107,0.000296,-0.001218,-0.000002,-0.000620,-0.000276,-0.000381,-0.000027,0.000127,0.000081,0.000069,0.000057,-0.000024,0.000016,0.000045,0.000020,0.000025,0.000041,0.000001
0.000391,0.000567,0.000629,0.000647,0.000757,0.001557,0.000765,0.001010,0.001573,0.002081,0.003257,0.002463,0.004436,0.011811,0.006122,0.005709,0.004238,0.004221,0.004490,0.005643,0.003379,0.002231,0.002275,0.001370,0.000335,0.000972,-0.002497,-0.002578,-0.003744,-0.002256,-0.002562,-0.004232,-0.004824,-0.002507,-0.003620,-0.000330,-0.002212,-0.001593,-0.001081,-0.000967,0.001236,0.000362,-0.000298,-0.000563,-0.000661,-0.000585,0.000181,0.000119,0.000316,0.000031,0.000144,0.000032,0.000067,0.000078,-0.000005,-0.000013,0.000049,0.000020,0.000094,0.000047
0.000333,0.000316,0.000457,0.000298,0.000845,0.001160,0.001675,0.001068,0.001040,0.001543,0.003758,0.002619,0.005256,0.006122,0.024725,0.011096,0.009841,0.011158,0.011403,0.008235,0.008554,0.005129,0.004727,0.001635,-0.003817,-0.000501,-0.004838,-0.010354,-0.007402,-0.004758,-0.007288,-0.006749,-0.004964,-0.005706,-0.001042,-0.001533,-0.002687,-0.001907,-0.002838,-0.002016,0.000441,-0.002001,-0.000991,-0.001337,-0.000928,-0.000432,-0.000651,-0.000029,0.000183,0.000195,-0.000018,-0.000059,0.000046,0.000106,0.000008,0.000007,0.000097,0.000172,0.000143,0.000072
0.000457,0.000136,0.000073,0.000388,0.001396,0.002086,0.001781,0.000586,0.001429,0.003624,0.004664,0.006445,0.005624,0.005709,0.011096,0.026918,0.011985,0.010545,0.011700,0.006839,0.007464,0.007183,0.003553,0.000890,-0.000273,0.000220,-0.003709,-0.010546,-0.008612,-0.006022,-0.006070,-0.007417,-0.003071,-0.005509,-0.002018,-0.001256,-0.003518,-0.001634,-0.001823,-0.003034,0.002443,-0.002798,-0.002707,-0.002406,-0.001252,-0.002582,-0.001269,-0.000844,-0.000528,-0.000019,-0.000083,0.000006,0.000021,0.000083,0.000146,0.000023,0.000027,0.000037,0.000107,0.000061
0.000226,0.000313,-0.000011,0.000460,0.001527,0.000876,0.001736,0.000020,0.000418,0.000527,0.002136,0.004074,0.005517,0.004238,0.009841,0.011985,0.034564,0.011908,0.011938,0.010314,0.009812,0.007451,0.006285,0.004203,0.004621,0.003006,-0.004371,-0.002688,-0.005058,-0.002224,-0.004111,-0.006174,-0.006549,-0.001092,-0.006405,-0.001973,-0.004313,-0.001913,-0.002179,-0.004940,-0.000893,-0.006590,-0.004019,-0.002061,-0.001710,-0.003665,-0.001118,-0.000356,-0.000298,0.000001,0.000003,-0.000081,-0.000007,0.000011,0.000009,0.000030,0.000005,0.000064,0.000108,-0.000011
0.000222,0.000187,-0.000268,-0.000127,0.000515,-0.000170,0.000597,-0.000620,-0.000571,0.000371,0.002234,0.001603,0.003323,0.004221,0.011158,0.010545,0.011908,0.031184,0.014065,0.009111,0.008742,0.008435,0.007115,0.002974,0.003178,-0.000534,-0.001562,-0.008900,-0.007376,-0.003994,-0.003104,-0.007328,-0.005273,-0.004062,-0.001615,-0.004639,-0.004669,-0.004554,-0.004553,-0.004769,0.000104,-0.002571,-0.002339,-0.003752,-0.002382,-0.002617,-0.000971,-0.000791,-0.000436,0.000068,-0.000231,-0.000049,-0.000033,-0.000162,0.000030,-0.000057,0.000064,-0.000012,-0.000009,0.000005
0.000255,0.000241,0.000088,0.000164,0.002095,0.000932,0.001273,-0.001135,-0.000649,0.000374,0.003730,0.003138,0.005598,0.004490,0.011403,0.011700,0.011938,0.014065,0.032516,0.017429,0.011051,0.009845,0.008971,0.005275,0.003231,0.004100,-0.000179,-0.009361,-0.007804,-0.005295,-0.005638,-0.007977,-0.005834,-0.005827,-0.008360,-0.008007,-0.007518,-0.005325,-0.003429,-0.003636,-0.002517,-0.002401,-0.003763,-0.002055,-0.004051,-0.001335,-0.001344,-0.000517,-0.000791,-0.000067,0.000146,-0.000059,0.000137,0.000020,-0.000025,-0.000089,0.000011,0.000057,0.000051,-0.000054
0.000464,0.000563,0.000620,0.000817,0.002162,0.001012,0.001059,0.000682,0.003105,0.001957,0.003705,0.002727,0.006056,0.005643,0.008235,0.006839,0.010314,0.009111,0.017429,0.035748,0.018074,0.009436,0.003749,0.004490,-0.001191,0.001824,-0.002601,-0.005805,-0.008181,-0.003693,-0.009338,-0.010387,-0.008093,-0.002935,-0.004403,-0.005317,-0.008045,-0.004387,-0.000450,-0.003706,-0.004712,-0.004356,-0.001921,-0.002659,-0.002728,-0.002350,-0.002822,-0.001437,-0.000549,-0.000002,0.000057,0.000030,0.000070,0.000099,-0.000052,0.000041,0.000088,0.000044,0.000087,-0.000083
0.000306,-0.000198,0.000331,0.000650,0.000866,0.000922,0.001336,0.001893,0.002529,0.001273,0.002706,0.001241,0.003463,0.003379,0.008554,0.007464,0.009812,0.008742,0.011051,0.018074,0.034628,0.015745,0.013052,0.004152,-0.000586,0.004151,0.000296,-0.005551,-0.005124,-0.006402,-0.009095,-0.006571,-0.006423,-0.004495,-0.001665,-0.005684,-0.003079,-0.004564,-0.002022,-0.002953,-0.001615,-0.003464,-0.001426,-0.001255,-0.000318,-0.001541,-0.003065,-0.000692,-0.000326,0.000121,0.000210,0.000100,-0.000002,0.000179,-0.000010,0.000104,0.000065,0.000127,0.000100,-0.000104
0.000054,-0.000756,-0.000596,-0.000274,-0.000589,0.000144,0.000319,-0.000704,-0.001037,-0.000165,0.000683,-0.000419,0.002391,0.002231,0.005129,0.007183,0.007451,0.008435,0.009845,0.009436,0.015745,0.034305,0.016562,0.008411,0.007359,0.005159,0.008146,0.000052,-0.003055,-0.003031,-0.003984,-0.003601,-0.003398,-0.007030,-0.005831,-0.009005,-0.007044,-0.005778,-0.003700,-0.003826,-0.001923,-0.003813,-0.000397,-0.001341,-0.001481,-0.002415,-0.000798,-0.000590,-0.000083,0.000181,-0.000003,-0.000058,-0.000079,-0.000074,-0.000087,-0.000026,-0.000073,0.000033,-0.000162,-0.000146
-0.000357,-0.000540,-0.000637,-0.000393,-0.000166,-0.000594,0.000187,-0.000070,-0.003893,-0.002306,0.001120,0.000907,0.001289,0.002275,0.004727,0.003553,0.006285,0.007115,0.008971,0.003749,0.013052,0.016562,0.037104,0.015872,0.010221,0.008052,0.006628,-0.001422,-0.003334,-0.007376,-0.007674,-0.005822,-0.007180,-0.009113,-0.012575,-0.010691,-0.005211,-0.003947,-0.005430,-0.004472,-0.003218,-0.001738,0.000044,-0.000322,-0.002434,-0.000567,-0.000315,-0.000611,-0.000071,-0.000077,0.000000,-0.000203,0.000014,-0.000066,-0.000036,-0.000111,-0.000017,0.000039,-0.000181,-0.000134
-0.000097,0.000012,-0.000315,-0.000198,0.000701,-0.000276,0.000666,-0.001243,-0.002065,-0.000668,-0.000269,0.000339,0.000244,0.001370,0.001635,0.000890,0.004203,0.002974,0.005275,0.004490,0.004152,0.008411,0.015872,0.029830,0.013235,0.007931,0.009909,0.003649,-0.001278,-0.001765,-0.002451,-0.002462,-0.005077,-0.002745,-0.007296,-0.007009,-0.006397,-0.004997,-0.003907,-0.002663,-0.004737,-0.001786,-0.000698,-0.001241,-0.001837,-0.000102,-0.000641,-0.000537,0.000379,-0.000277,-0.000102,-0.000096,0.000033,-0.000213,-0.000026,-0.000142,-0.000075,-0.000040,-0.000162,-0.000095
-0.000089,-0.000082,-0.001158,-0.000838,-0.000325,-0.000660,0.000347,-0.001571,-0.002300,-0.002290,-0.000697,-0.000261,-0.000875,0.000335,-0.003817,-0.000273,0.004621,0.003178,0.003231,-0.001191,-0.000586,0.007359,0.010221,0.013235,0.027720,0.006798,0.010966,0.007266,0.006205,-0.001862,-0.000087,-0.001844,-0.001199,-0.002904,-0.007134,-0.001723,-0.002777,-0.003018,-0.002017,-0.003171,-0.002493,-0.002010,-0.000626,-0.000929,-0.001083,-0.002011,0.000273,-0.000310,0.000390,-0.000046,-0.000198,-0.000188,0.000049,-0.000175,-0.000066,-0.000138,-0.000087,-0.000017,-0.000186,-0.000120
-0.000416,-0.000725,-0.000208,0.000019,-0.001276,0.000100,0.000092,-0.001360,-0.000775,0.001800,0.002354,-0.000317,0.000689,0.000972,-0.000501,0.000220,0.003006,-0.000534,0.004100,0.001824,0.004151,0.005159,0.008052,0.007931,0.006798,0.023044,0.009147,0.006497,0.003288,0.000394,0.001417,-0.000582,-0.002582,-0.002929,-0.007429,-0.005103,-0.005905,-0.004286,0.000264,-0.003623,-0.003422,-0.003618,-0.000886,0.000084,-0.000820,-0.001249,-0.000446,-0.000175,-0.000264,-0.000154,-0.000074,-0.000029,-0.000061,-0.000108,-0.000126,-0.000024,-0.000084,-0.000028,-0.000191,-0.000130
-0.000166,-0.000597,-0.000841,-0.000583,-0.000328,-0.000002,-0.000377,-0.001666,-0.002562,0.000641,-0.000608,-0.001191,-0.001500,-0.002497,-0.004838,-0.003709,-0.004371,-0.001562,-0.000179,-0.002601,0.000296,0.008146,0.006628,0.009909,0.010966,0.009147,0.031309,0.012275,0.006376,0.002595,0.001506,-0.000048,-0.000378,-0.006018,-0.009844,-0.007419,-0.005575,-0.005347,-0.000135,-0.002544,-0.004822,-0.002480,-0.000008,0.000008,-0.000665,-0.001773,-0.001031,-0.000609,0.000065,0.000032,-0.000164,0.000033,0.000000,-0.000298,-0.000145,-0.000161,-0.000079,-0.000130,-0.000237,-0.000162
-0.000418,-0.000183,-0.000406,-0.000142,-0.000651,-0.000184,-0.001334,-0.000611,-0.000319,0.000813,-0.002248,-0.001366,-0.001900,-0.002578,-0.010354,-0.010546,-0.002688,-0.008900,-0.009361,-0.005805,-0.005551,0.000052,-0.001422,0.003649,0.007266,0.006497,0.012275,0.032081,0.015819,0.007049,0.008077,0.005317,0.002940,0.000760,-0.006556,-0.000225,0.000362,-0.001467,0.000079,-0.002362,-0.001377,-0.001375,0.001394,0.002087,0.001760,-0.000786,0.000802,0.001133,0.000366,-0.000143,0.000055,0.000007,-0.000052,-0.000172,-0.000164,-0.000032,-0.000118,-0.000120,-0.000104,-0.000074
-0.000523,-0.000428,-0.000893,0.000221,-0.001510,-0.000566,-0.000827,-0.000117,-0.000688,0.000253,-0.002057,-0.002193,-0.003647,-0.003744,-0.007402,-0.008612,-0.005058,-0.007376,-0.007804,-0.008181,-0.005124,-0.003055,-0.003334,-0.001278,0.006205,0.003288,0.006376,0.015819,0.030695,0.009959,0.007376,0.007270,0.007423,0.003683,0.001979,0.003129,0.000410,0.002831,0.003342,-0.000457,0.000035,0.000581,0.000225,0.001433,0.001247,0.001767,0.001309,0.000719,0.000388,-0.000001,-0.000043,0.000031,-0.000066,-0.000119,-0.000070,-0.000020,-0.000142,-0.000059,-0.000101,-0.000140
-0.000001,-0.000142,-0.000035,-0.000386,-0.001146,-0.000441,-0.001001,-0.000763,0.000928,-0.000071,-0.001737,-0.001310,-0.000976,-0.002256,-0.004758,-0.006022,-0.002224,-0.003994,-0.005295,-0.003693,-0.006402,-0.003031,-0.007376,-0.001765,-0.001862,0.000394,0.002595,0.007049,0.009959,0.020745,0.007997,0.008375,0.005350,0.004685,0.003055,-0.000220,-0.001110,0.002420,0.000289,0.000002,0.000873,0.001216,-0.000063,0.001154,-0.000501,0.001802,0.000533,0.000099,0.000072,-0.000138,-0.000061,0.000088,-0.000054,-0.000023,-0.000003,0.000021,-0.000012,-0.000058,-0.000130,-0.000076
0.000113,-0.000040,0.000030,-0.000181,-0.000639,0.000508,-0.000329,-0.000522,-0.000071,-0.000040,-0.000710,-0.000677,-0.001876,-0.002562,-0.007288,-0.006070,-0.004111,-0.003104,-0.005638,-0.009338,-0.009095,-0.003984,-0.007674,-0.002451,-0.000087,0.001417,0.001506,0.008077,0.007376,0.007997,0.027834,0.009896,0.008803,0.007326,0.005725,0.006324,0.001774,0.004241,0.004480,0.003664,0.004929,0.004722,0.001367,0.003405,0.001270,0.000890,0.002384,0.000478,0.000631,0.000093,-0.000005,0.000053,-0.000004,-0.000146,-0.000048,0.000010,-0.000013,-0.000035,-0.000132,-0.000033
-0.000169,-0.000473,-0.000437,-0.000232,-0.001626,-0.000860,-0.000935,-0.000292,-0.000093,0.000673,-0.001205,-0.002484,-0.004253,-0.004232,-0.006749,-0.007417,-0.006174,-0.007328,-0.007977,-0.010387,-0.006571,-0.003601,-0.005822,-0.002462,-0.001844,-0.000582,-0.000048,0.005317,0.007270,0.008375,0.009896,0.022899,0.009639,0.007389,0.004015,0.004627,0.004182,0.002693,0.002483,0.003952,0.002304,0.002598,0.003307,0.005004,0.001663,0.003310,0.001883,0.001010,0.000261,0.000007,0.000132,0.000095,0.000003,-0.000041,0.000018,0.000059,-0.000043,-0.000008,-0.000059,-0.000049
-0.000349,-0.000573,-0.000140,-0.000328,-0.001559,-0.000566,-0.000938,-0.000169,-0.001235,-0.000177,-0.000785,-0.001484,-0.003131,-0.004824,-0.004964,-0.003071,-0.006549,-0.005273,-0.005834,-0.008093,-0.006423,-0.003398,-0.007180,-0.005077,-0.001199,-0.002582,-0.000378,0.002940,0.007423,0.005350,0.008803,0.009639,0.022103,0.007571,0.010722,0.006826,0.004068,0.004942,0.004459,0.004006,0.002164,0.003689,0.001377,0.002349,0.001746,0.001367,0.000323,0.000429,0.000051,0.000067,0.000053,-0.000017,0.000008,0.000006,0.000054,0.000031,-0.000000,-0.000059,-0.000023,-0.000058
-0.000193,0.000293,0.000344,0.000092,-0.000118,-0.000989,-0.000737,0.001263,0.000985,-0.000920,-0.001801,-0.003140,-0.004109,-0.002507,-0.005706,-0.005509,-0.001092,-0.004062,-0.005827,-0.002935,-0.004495,-0.007030,-0.009113,-0.002745,-0.002904,-0.002929,-0.006018,0.000760,0.003683,0.004685,0.007326,0.007389,0.007571,0.020691,0.013095,0.009040,0.005117,0.005017,0.003801,0.002233,0.003461,0.003739,0.000998,0.002816,0.000464,0.001782,0.001426,0.000506,-0.000182,0.000020,0.000049,0.000033,0.000007,0.000072,0.000050,0.000069,0.000008,-0.000092,0.000088,0.000011
0.000097,0.000473,0.000794,0.000395,-0.001277,-0.000078,0.000610,0.001129,0.001047,0.000795,-0.002212,-0.005375,-0.004070,-0.003620,-0.001042,-0.002018,-0.006405,-0.001615,-0.008360,-0.004403,-0.001665,-0.005831,-0.012575,-0.007296,-0.007134,-0.007429,-0.009844,-0.006556,0.001979,0.003055,0.005725,0.004015,0.010722,0.013095,0.042351,0.019080,0.012220,0.007404,0.004465,0.003857,0.006848,0.004588,-0.000121,0.000623,0.001008,0.001357,0.001016,0.000993,0.000367,0.000225,-0.000126,0.000162,0.000030,0.000057,0.000010,0.000161,0.000095,0.000074,0.000178,0.000033
-0.000028,0.000339,0.000559,0.000221,-0.000080,0.000736,-0.000012,0.002548,0.001780,0.001479,-0.001046,-0.002015,-0.003605,-0.000330,-0.001533,-0.001256,-0.001973,-0.004639,-0.008007,-0.005317,-0.005684,-0.009005,-0.010691,-0.007009,-0.001723,-0.005103,-0.007419,-0.000225,0.003129,-0.000220,0.006324,0.004627,0.006826,0.009040,0.019080,0.036645,0.014241,0.008984,0.008356,0.003654,0.006789,0.005964,0.001843,0.002383,0.002755,0.001466,0.001644,0.001601,0.000583,0.000210,0.000095,0.000123,0.000098,0.000189,0.000075,0.000125,0.000141,0.000025,0.000194,0.000113
-0.000212,-0.000141,0.000085,0.000160,-0.000392,-0.000133,0.000009,0.002303,0.002096,0.000655,-0.001860,-0.003325,-0.003862,-0.002212,-0.002687,-0.003518,-0.004313,-0.004669,-0.007518,-0.008045,-0.003079,-0.007044,-0.005211,-0.006397,-0.002777,-0.005905,-0.005575,0.000362,0.000410,-0.001110,0.001774,0.004182,0.004068,0.005117,0.012220,0.014241,0.027732,0.008195,0.001863,0.005381,0.006797,0.005031,0.001879,0.001787,0.003117,0.002607,0.001814,0.001911,0.000605,0.000142,0.000008,0.000131,0.000113,0.000176,-0.000035,0.000152,0.000093,0.000028,0.000170,0.000097
-0.000299,0.000033,0.000049,-0.000329,-0.000670,0.000362,-0.000589,0.001658,-0.000017,-0.000361,-0.001658,-0.001592,-0.002970,-0.001593,-0.001907,-0.001634,-0.001913,-0.004554,-0.005325,-0.004387,-0.004564,-0.005778,-0.003947,-0.004997,-0.003018,-0.004286,-0.005347,-0.001467,0.002831,0.002420,0.004241,0.002693,0.004942,0.005017,0.007404,0.008984,0.008195,0.018112,0.005359,0.006791,0.003702,0.002713,-0.000057,0.001076,0.002291,0.003096,0.001965,0.000506,0.000154,0.000175,0.000055,0.000010,0.000004,0.000135,0.000096,0.000083,0.000053,-0.000006,0.000020,0.000032
-0.000294,0.000069,-0.000152,-0.000034,0.000093,0.000784,-0.000160,-0.000060,-0.000502,0.001263,0.001720,0.001224,-0.000702,-0.001081,-0.002838,-0.001823,-0.002179,-0.004553,-0.003429,-0.000450,-0.002022,-0.003700,-0.005430,-0.003907,-0.002017,0.000264,-0.000135,0.000079,0.003342,0.000289,0.004480,0.002483,0.004459,0.003801,0.004465,0.008356,0.001863,0.005359,0.014151,0.004569,0.001829,0.001530,0.001844,0.001572,0.002090,0.001834,0.000787,0.000047,-0.000103,0.000137,-0.000001,0.000050,-0.000031,-0.000004,0.000056,0.000010,-0.000008,-0.000022,0.000051,0.000055
-0.000023,-0.000093,0.000032,-0.000046,-0.000347,0.000636,0.000194,0.001026,0.000503,0.000213,0.000986,-0.000208,-0.001404,-0.000967,-0.002016,-0.003034,-0.004940,-0.004769,-0.003636,-0.003706,-0.002953,-0.003826,-0.004472,-0.002663,-0.003171,-0.003623,-0.002544,-0.002362,-0.000457,0.000002,0.003664,0.003952,0.004006,0.002233,0.003857,0.003654,0.005381,0.006791,0.004569,0.015992,0.005718,0.003249,0.001241,0.001891,0.003405,0.004313,0.002252,0.000420,0.000409,0.000138,0.000014,0.000046,-0.000010,0.000042,0.000026,0.000013,-0.000013,-0.000004,0.000023,0.000020
0.000185,0.000434,0.000473,0.000592,-0.000120,0.000498,-0.000129,0.001574,0.000813,0.001410,-0.000427,0.000149,-0.000026,0.001236,0.000441,0.002443,-0.000893,0.000104,-0.002517,-0.004712,-0.001615,-0.001923,-0.003218,-0.004737,-0.002493,-0.003422,-0.004822,-0.001377,0.000035,0.000873,0.004929,0.002304,0.002164,0.003461,0.006848,0.006789,0.006797,0.003702,0.001829,0.005718,0.014727,0.006848,0.001459,0.002366,0.002683,0.003898,0.003009,0.001003,0.000734,0.000165,0.000155,0.000116,0.000050,0.000103,0.000112,0.000103,-0.000010,0.000020,0.000122,0.000088
0.000167,0.000541,0.000573,0.000236,0.000154,-0.000354,-0.000521,0.001657,-0.000663,-0.000887,-0.000898,0.000579,-0.000107,0.000362,-0.002001,-0.002798,-0.006590,-0.002571,-0.002401,-0.004356,-0.003464,-0.003813,-0.001738,-0.001786,-0.002010,-0.003618,-0.002480,-0.001375,0.000581,0.001216,0.004722,0.002598,0.003689,0.003739,0.004588,0.005964,0.005031,0.002713,0.001530,0.003249,0.006848,0.016171,0.003438,0.002258,0.001803,0.002950,0.002097,0.000822,0.000472,0.000147,0.000232,0.000144,0.000164,0.000043,0.000091,0.000006,-0.000006,-0.000021,0.000032,0.000071
0.000012,0.000007,0.000087,0.000092,-0.000106,0.000150,-0.000216,0.000410,-0.000045,0.000788,0.001014,0.000118,0.000296,-0.000298,-0.000991,-0.002707,-0.004019,-0.002339,-0.003763,-0.001921,-0.001426,-0.000397,0.000044,-0.000698,-0.000626,-0.000886,-0.000008,0.001394,0.000225,-0.000063,0.001367,0.003307,0.001377,0.000998,-0.000121,0.001843,0.001879,-0.000057,0.001844,0.001241,0.001459,0.003438,0.007688,0.003038,0.002641,0.001113,0.001472,0.000562,0.000437,0.000187,0.000143,0.000061,-0.000007,0.000010,-0.000013,-0.000005,-0.000015,-0.000005,0.000036,0.000058
0.000083,-0.000205,0.000209,0.000119,-0.000203,-0.000016,-0.000098,0.000264,0.000455,0.000709,0.000993,-0.000260,-0.001218,-0.000563,-0.001337,-0.002406,-0.002061,-0.003752,-0.002055,-0.002659,-0.001255,-0.001341,-0.000322,-0.001241,-0.000929,0.000084,0.000008,0.002087,0.001433,0.001154,0.003405,0.005004,0.002349,0.002816,0.000623,0.002383,0.001787,0.001076,0.001572,0.001891,0.002366,0.002258,0.003038,0.006709,0.003151,0.002553,0.001262,0.000580,0.000107,0.000030,0.000158,-0.000012,0.000022,0.000040,0.000013,0.000008,-0.000013,-0.000041,0.000020,0.000015
0.000274,0.000272,0.000648,0.000528,-0.000066,0.000460,0.000076,0.001106,0.002206,0.002162,0.002765,-0.000011,-0.000002,-0.000661,-0.000928,-0.001252,-0.001710,-0.002382,-0.004051,-0.002728,-0.000318,-0.001481,-0.002434,-0.001837,-0.001083,-0.000820,-0.000665,0.001760,0.001247,-0.000501,0.001270,0.001663,0.001746,0.000464,0.001008,0.002755,0.003117,0.002291,0.002090,0.003405,0.002683,0.001803,0.002641,0.003151,0.009599,0.003346,0.002097,0.000935,0.000720,0.000182,0.000131,0.000068,0.000002,0.000011,0.000005,0.000050,0.000004,-0.000021,0.000009,0.000020
0.000119,0.000026,0.000100,0.000101,0.000078,-0.000041,-0.000216,0.000785,0.001457,0.000770,0.000414,0.000031,-0.000620,-0.000585,-0.000432,-0.002582,-0.003665,-0.002617,-0.001335,-0.002350,-0.001541,-0.002415,-0.000567,-0.000102,-0.002011,-0.001249,-0.001773,-0.000786,0.001767,0.001802,0.000890,0.003310,0.001367,0.001782,0.001357,0.001466,0.002607,0.003096,0.001834,0.004313,0.003898,0.002950,0.001113,0.002553,0.003346,0.007188,0.002127,0.000662,0.000487,0.000139,0.000129,0.000091,0.000015,0.000038,0.000075,0.000009,-0.000006,0.000020,0.000020,0.000001
-0.000023,0.000096,0.000129,0.000090,-0.000281,-0.000092,-0.000095,0.000481,0.000054,0.000199,0.000376,0.000090,-0.000276,0.000181,-0.000651,-0.001269,-0.001118,-0.000971,-0.001344,-0.002822,-0.003065,-0.000798,-0.000315,-0.000641,0.000273,-0.000446,-0.001031,0.000802,0.001309,0.000533,0.002384,0.001883,0.000323,0.001426,0.001016,0.001644,0.001814,0.001965,0.000787,0.002252,0.003009,0.002097,0.001472,0.001262,0.002097,0.002127,0.003211,0.000926,0.000487,0.000176,0.000072,0.000024,0.000012,-0.000022,0.000015,0.000006,-0.000021,-0.000004,-0.000008,0.000011
0.000015,0.000042,0.000145,0.000153,-0.000084,-0.000060,0.000200,0.000751,0.000955,0.000789,0.000418,-0.000365,-0.000381,0.000119,-0.000029,-0.000844,-0.000356,-0.000791,-0.000517,-0.001437,-0.000692,-0.000590,-0.000611,-0.000537,-0.000310,-0.000175,-0.000609,0.001133,0.000719,0.000099,0.000478,0.001010,0.000429,0.000506,0.000993,0.001601,0.001911,0.000506,0.000047,0.000420,0.001003,0.000822,0.000562,0.000580,0.000935,0.000662,0.000926,0.001434,0.000458,0.000101,0.000084,0.000035,0.000021,0.000020,-0.000007,0.000026,0.000011,0.000007,0.000029,0.000034
0.000081,0.000124,0.000155,0.000106,0.000008,-0.000006,0.000087,0.000369,0.000583,0.000313,0.000198,-0.000177,-0.000027,0.000316,0.000183,-0.000528,-0.000298,-0.000436,-0.000791,-0.000549,-0.000326,-0.000083,-0.000071,0.000379,0.000390,-0.000264,0.000065,0.000366,0.000388,0.000072,0.000631,0.000261,0.000051,-0.000182,0.000367,0.000583,0.000605,0.000154,-0.000103,0.000409,0.000734,0.000472,0.000437,0.000107,0.000720,0.000487,0.000487,0.000458,0.000677,0.000085,0.000019,0.000014,0.000010,-0.000001,-0.000008,0.000001,0.000012,0.000024,0.000002,0.000001
0.000015,0.000063,0.000030,0.000029,-0.000038,-0.000011,0.000051,0.000141,0.000163,0.000060,0.000187,0.000077,0.000127,0.000031,0.000195,-0.000019,0.000001,0.000068,-0.000067,-0.000002,0.000121,0.000181,-0.000077,-0.000277,-0.000046,-0.000154,0.000032,-0.000143,-0.000001,-0.000138,0.000093,0.000007,0.000067,0.000020,0.000225,0.000210,0.000142,0.000175,0.000137,0.000138,0.000165,0.000147,0.000187,0.000030,0.000182,0.000139,0.000176,0.000101,0.000085,0.000089,0.000011,0.000009,0.000003,0.000004,0.000008,0.000002,0.000004,0.000006,0.000003,0.000002
0.000015,0.000054,0.000058,0.000033,0.000026,0.000007,0.000015,0.000111,0.000116,0.000041,0.000067,-0.000011,0.000081,0.000144,-0.000018,-0.000083,0.000003,-0.000231,0.000146,0.000057,0.000210,-0.000003,0.000000,-0.000102,-0.000198,-0.000074,-0.000164,0.000055,-0.000043,-0.000061,-0.000005,0.000132,0.000053,0.000049,-0.000126,0.000095,0.000008,0.000055,-0.000001,0.000014,0.000155,0.000232,0.000143,0.000158,0.000131,0.000129,0.000072,0.000084,0.000019,0.000011,0.000052,0.000006,0.000011,0.000011,0.000006,0.000005,-0.000000,0.000004,0.000009,0.000005
0.000023,0.000024,0.000022,0.000027,0.000029,0.000033,0.000014,0.000073,0.000184,0.000180,0.000060,0.000049,0.000069,0.000032,-0.000059,0.000006,-0.000081,-0.000049,-0.000059,0.000030,0.000100,-0.000058,-0.000203,-0.000096,-0.000188,-0.000029,0.000033,0.000007,0.000031,0.000088,0.000053,0.000095,-0.000017,0.000033,0.000162,0.000123,0.000131,0.000010,0.000050,0.000046,0.000116,0.000144,0.000061,-0.000012,0.000068,0.000091,0.000024,0.000035,0.000014,0.000009,0.000006,0.000029,0.000004,-0.000001,0.000003,0.000002,0.000001,0.000001,0.000004,0.000001
0.000006,0.000044,0.000022,0.000011,0.000052,0.000013,0.000022,0.000042,0.000014,0.000056,0.000040,0.000005,0.000057,0.000067,0.000046,0.000021,-0.000007,-0.000033,0.000137,0.000070,-0.000002,-0.000079,0.000014,0.000033,0.000049,-0.000061,0.000000,-0.000052,-0.000066,-0.000054,-0.000004,0.000003,0.000008,0.000007,0.000030,0.000098,0.000113,0.000004,-0.000031,-0.000010,0.000050,0.000164,-0.000007,0.000022,0.000002,0.000015,0.000012,0.000021,0.000010,0.000003,0.000011,0.000004,0.000017,0.000003,0.000002,0.000002,0.000001,0.000003,0.000003,0.000002
-0.000001,0.000012,0.000016,0.000010,-0.000007,0.000008,-0.000007,0.000092,0.000128,0.000019,0.000015,-0.000043,-0.000024,0.000078,0.000106,0.000083,0.000011,-0.000162,0.000020,0.000099,0.000179,-0.000074,-0.000066,-0.000213,-0.000175,-0.000108,-0.000298,-0.000172,-0.000119,-0.000023,-0.000146,-0.000041,0.000006,0.000072,0.000057,0.000189,0.000176,0.000135,-0.000004,0.000042,0.000103,0.000043,0.000010,0.000040,0.000011,0.000038,-0.000022,0.000020,-0.000001,0.000004,0.000011,-0.000001,0.000003,0.000026,0.000009,0.000008,0.000002,0.000004,0.000005,0.000004
0.000003,0.000026,0.000001,-0.000001,-0.000006,-0.000003,-0.000013,0.000025,0.000019,0.000015,0.000027,0.000121,0.000016,-0.000005,0.000008,0.000146,0.000009,0.000030,-0.000025,-0.000052,-0.000010,-0.000087,-0.000036,-0.000026,-0.000066,-0.000126,-0.000145,-0.000164,-0.000070,-0.000003,-0.000048,0.000018,0.000054,0.000050,0.000010,0.000075,-0.000035,0.000096,0.000056,0.000026,0.000112,0.000091,-0.000013,0.000013,0.000005,0.000075,0.000015,-0.000007,-0.000008,0.000008,0.000006,0.000003,0.000002,0.000009,0.000021,0.000002,0.000002,-0.000001,0.000000,0.000001
-0.000003,0.000013,0.000015,0.000014,-0.000011,0.000024,0.000028,0.000080,0.000130,0.000094,0.000044,0.000003,0.000045,-0.000013,0.000007,0.000023,0.000030,-0.000057,-0.000089,0.000041,0.000104,-0.000026,-0.000111,-0.000142,-0.000138,-0.000024,-0.000161,-0.000032,-0.000020,0.000021,0.000010,0.000059,0.000031,0.000069,0.000161,0.000125,0.000152,0.000083,0.000010,0.000013,0.000103,0.000006,-0.000005,0.000008,0.000050,0.000009,0.000006,0.000026,0.000001,0.000002,0.000005,0.000002,0.000002,0.000008,0.000002,0.000015,0.000000,0.000003,0.000005,0.000003
0.000025,0.000021,0.000028,0.000006,0.000023,0.000002,0.000016,0.000020,0.000039,0.000007,0.000046,-0.000026,0.000020,0.000049,0.000097,0.000027,0.000005,0.000064,0.000011,0.000088,0.000065,-0.000073,-0.000017,-0.000075,-0.000087,-0.000084,-0.000079,-0.000118,-0.000142,-0.000012,-0.000013,-0.000043,-0.000000,0.000008,0.000095,0.000141,0.000093,0.000053,-0.000008,-0.000013,-0.000010,-0.000006,-0.000015,-0.000013,0.000004,-0.000006,-0.000021,0.000011,0.000012,0.000004,-0.000000,0.000001,0.000001,0.000002,0.000002,0.000000,0.000014,0.000003,0.000002,0.000003
0.000017,0.000028,0.000020,0.000014,0.000030,0.000031,0.000047,0.000019,0.000102,0.000025,0.000042,-0.000030,0.000025,0.000020,0.000172,0.000037,0.000064,-0.000012,0.000057,0.000044,0.000127,0.000033,0.000039,-0.000040,-0.000017,-0.000028,-0.000130,-0.000120,-0.000059,-0.000058,-0.000035,-0.000008,-0.000059,-0.000092,0.000074,0.000025,0.000028,-0.000006,-0.000022,-0.000004,0.000020,-0.000021,-0.000005,-0.000041,-0.000021,0.000020,-0.000004,0.000007,0.000024,0.000006,0.000004,0.000001,0.000003,0.000004,-0.000001,0.000003,0.000003,0.000017,0.000005,0.000003
0.000012,0.000040,0.000033,0.000039,0.000067,0.000031,0.000046,0.000052,0.000075,0.000069,0.000024,-0.000010,0.000041,0.000094,0.000143,0.000107,0.000108,-0.000009,0.000051,0.000087,0.000100,-0.000162,-0.000181,-0.000162,-0.000186,-0.000191,-0.000237,-0.000104,-0.000101,-0.000130,-0.000132,-0.000059,-0.000023,0.000088,0.000178,0.000194,0.000170,0.000020,0.000051,0.000023,0.000122,0.000032,0.000036,0.000020,0.000009,0.000020,-0.000008,0.000029,0.000002,0.000003,0.000009,0.000004,0.000003,0.000005,0.000000,0.000005,0.000002,0.000005,0.000021,0.000011
0.000007,0.000034,0.000034,0.000022,0.000052,0.000027,0.000037,0.000010,0.000007,0.000015,0.000014,0.000009,0.000001,0.000047,0.000072,0.000061,-0.000011,0.000005,-0.000054,-0.000083,-0.000104,-0.000146,-0.000134,-0.000095,-0.000120,-0.000130,-0.000162,-0.000074,-0.000140,-0.000076,-0.000033,-0.000049,-0.000058,0.000011,0.000033,0.000113,0.000097,0.000032,0.000055,0.000020,0.000088,0.000071,0.000058,0.000015,0.000020,0.000001,0.000011,0.000034,0.000001,0.000002,0.000005,0.000001,0.000002,0.000004,0.000001,0.000003,0.000003,0.000003,0.000011,0.000018
