0.014539,0.004451,0.003582,0.001313,0.001791,0.001894,0.004390,0.001628,0.006264,0.002976,0.003368,0.001054,0.003376,0.003001,0.002659,0.003436,0.001721,0.001717,0.001979,0.003667,0.002296,0.000430,-0.002794,-0.000751,-0.000682,-0.003342,-0.001259,-0.003220,-0.003982,0.000024,0.000881,-0.001499,-0.002765,-0.001515,0.000735,-0.000500,-0.002072,-0.002438,-0.002284,-0.000191,0.001660,0.001458,0.000089,0.000895,0.002901,0.001202,-0.000332,0.000341,0.003034,0.001343,0.001104,0.002456,0.001319,-0.000283,0.000578,-0.000619,0.005257,0.002804,0.002345,0.001295
0.004451,0.011480,0.002873,0.000857,0.006399,0.002086,0.003018,0.001721,0.003548,0.001942,0.001858,0.000593,0.003730,0.003521,0.001931,0.001025,0.002874,0.001022,0.003022,0.003597,0.000326,-0.003735,-0.004303,-0.000788,0.000082,-0.003603,-0.003650,-0.001018,-0.002200,0.000069,-0.000123,-0.002967,-0.003586,0.001721,0.001295,0.000895,-0.000906,-0.000392,0.000156,-0.000197,0.001749,0.001643,-0.000949,0.000137,0.002491,0.000811,0.000610,0.000904,0.002335,0.001431,0.001871,0.000657,0.004331,0.001675,0.001555,0.001208,0.003574,0.002569,0.004091,0.003304
0.003582,0.002873,0.005568,0.001954,0.000693,0.000842,0.001126,0.001342,0.003410,0.002387,0.002840,0.000173,0.002700,0.002486,0.000956,0.000006,0.000097,-0.000453,0.000710,0.002222,0.000538,-0.001923,-0.003283,-0.001187,-0.003338,0.000419,-0.001901,-0.000210,-0.001565,0.000627,0.000377,-0.001364,-0.000887,0.001134,0.002368,0.001443,-0.000210,0.000023,-0.000066,0.000090,0.001743,0.002729,0.001054,0.001271,0.003483,0.000558,0.001458,0.001468,0.001408,0.000644,0.001530,0.001441,0.000743,0.001549,0.000639,0.001397,0.002930,0.001296,0.002311,0.002514
0.001313,0.000857,0.001954,0.002873,0.001064,0.000706,0.000881,0.001146,0.002051,0.001915,0.001612,0.000820,0.002048,0.001757,0.001077,0.001262,0.001023,0.000279,0.001135,0.002541,0.001986,0.000585,-0.001271,-0.000516,-0.001973,0.000247,-0.001141,-0.000210,0.000371,-0.000760,-0.000173,-0.000851,-0.000980,-0.000711,0.000578,-0.000019,0.000080,-0.000879,0.000150,-0.000100,0.002152,0.001357,0.000982,0.000486,0.001953,0.000191,0.000686,0.000849,0.001268,0.000806,0.000959,0.001142,0.000896,0.001049,-0.000077,0.001003,0.000296,0.000936,0.002436,0.001457
0.001791,0.006399,0.000693,0.001064,0.012460,0.004155,0.003523,0.001370,0.001930,0.001719,0.001091,0.001497,0.002707,0.001679,0.001312,0.002556,0.001994,0.001195,0.005109,0.005474,0.001944,-0.001661,-0.000702,0.003114,0.000613,-0.001843,-0.000900,0.000135,-0.001280,-0.001716,0.000828,-0.004063,-0.003447,-0.000507,-0.001868,-0.000287,-0.001067,-0.001433,0.000075,-0.000721,0.000855,-0.000219,0.000647,0.000241,0.000568,0.000557,-0.000467,-0.000758,0.000796,-0.000973,0.000572,0.001276,0.003586,0.000090,-0.000376,0.000924,0.000703,0.001759,0.004050,0.002231
0.001894,0.002086,0.000842,0.000706,0.004155,0.012361,0.004465,0.001073,0.004369,0.005806,0.004201,0.004488,0.006280,0.003808,0.002133,0.003334,0.001370,-0.000602,0.002789,0.003612,0.003760,-0.000014,-0.001221,-0.000991,-0.001239,0.001016,-0.000369,0.001656,0.000845,-0.001004,0.001974,-0.002439,-0.002354,-0.002595,-0.001332,-0.000535,-0.001713,-0.000940,0.001734,0.001356,0.001417,-0.000705,0.000489,0.000331,0.002500,0.000522,0.000403,0.000117,0.000365,-0.001165,0.000365,0.002075,0.001358,0.000433,0.000065,0.002460,-0.000284,0.002467,0.001514,-0.000083
0.004390,0.003018,0.001126,0.000881,0.003523,0.004465,0.013259,0.003433,0.004299,0.004251,0.005217,0.002577,0.005494,0.001766,0.003678,0.003451,0.003870,0.002245,0.004086,0.004532,0.006106,0.000791,0.000109,-0.000093,0.000182,-0.000628,-0.001819,-0.002496,-0.002295,-0.002526,-0.000119,-0.003048,-0.001913,-0.002697,0.000326,-0.000845,-0.000614,-0.002185,0.000738,0.002089,0.001921,-0.000089,-0.000106,-0.000042,0.001424,0.000808,0.000206,0.001952,0.002745,0.002107,0.000682,0.001207,0.002277,0.000281,-0.000360,0.002703,0.001434,0.003674,0.002383,0.000576
0.001628,0.001721,0.001342,0.001146,0.001370,0.001073,0.003433,0.010999,0.005920,0.004015,0.001478,0.000336,0.002664,0.002056,0.001362,0.001770,0.000152,-0.001735,0.000381,0.001786,0.003285,-0.001632,-0.001597,-0.001203,-0.003227,-0.002174,-0.003172,-0.000778,0.000261,-0.000680,-0.000927,-0.000566,-0.000506,0.001905,0.001077,0.003107,0.003180,0.000721,-0.000385,0.003460,0.004340,0.003681,0.001305,0.001151,0.002276,0.002825,0.001306,0.003844,0.003050,0.001204,0.002667,0.002397,0.002572,0.004527,0.000113,0.003415,0.001399,0.000535,0.003833,0.000917
0.006264,0.003548,0.003410,0.002051,0.001930,0.004369,0.004299,0.005920,0.017789,0.010260,0.005071,0.003153,0.004899,0.002564,0.000866,0.002644,0.000047,-0.000865,-0.000194,0.004319,0.001524,-0.001985,-0.006778,-0.001673,-0.003782,-0.000523,-0.002539,0.000154,-0.000840,0.001404,-0.000314,0.001028,-0.000963,0.000157,0.001002,0.003499,0.003841,-0.001449,-0.000598,-0.000208,0.001233,0.000455,0.000419,0.000952,0.003593,0.002631,0.000249,0.004150,0.003961,0.000740,0.002139,0.004225,0.000538,0.004655,0.001386,0.003301,0.002480,0.003072,0.003173,0.001185
0.002976,0.001942,0.002387,0.001915,0.001719,0.005806,0.004251,0.004015,0.010260,0.016452,0.009740,0.006117,0.006682,0.003137,0.000981,0.003618,0.001595,-0.000337,0.002163,0.004218,0.004123,0.000757,-0.001902,-0.001947,-0.002117,0.003082,0.000301,0.002522,0.000829,0.001007,0.000740,0.000750,-0.001034,-0.000902,-0.001327,0.001328,0.002197,-0.000936,0.002082,0.001153,0.003171,-0.000875,0.001967,0.001866,0.005548,0.003900,0.001385,0.005240,0.003027,0.000695,0.001380,0.003673,0.002627,0.002349,0.000531,0.003506,-0.000184,0.001954,0.002558,0.000581
0.003368,0.001858,0.002840,0.001612,0.001091,0.004201,0.005217,0.001478,0.005071,0.009740,0.019743,0.008604,0.010110,0.004199,0.003803,0.003339,0.000909,0.001906,0.005670,0.003761,0.004337,0.002448,0.002540,-0.000560,-0.000600,0.004968,0.001796,-0.001216,-0.002358,-0.003079,-0.000371,-0.001004,-0.001155,-0.003531,-0.004746,-0.002200,0.000016,-0.000864,0.002760,0.001917,0.000221,-0.000527,0.003809,0.002590,0.006740,0.001711,0.001237,0.002099,0.001687,0.002060,0.001121,0.001408,0.002142,0.001507,0.001295,0.001834,0.001823,0.002323,0.000714,0.001188
0.001054,0.000593,0.000173,0.000820,0.001497,0.004488,0.002577,0.000336,0.003153,0.006117,0.008604,0.024984,0.012530,0.003718,0.003692,0.008481,0.004674,0.002774,0.003728,0.003391,0.002091,-0.000299,0.001176,0.000472,0.000215,0.000018,-0.003799,-0.000171,-0.001250,-0.001628,-0.001408,-0.002613,-0.001065,-0.007206,-0.010327,-0.004490,-0.005601,-0.001932,0.001917,-0.001868,-0.001542,-0.000393,-0.000064,0.001021,0.003210,0.000912,0.001627,0.000757,-0.000056,0.000632,0.000344,0.001068,-0.000022,0.000593,0.003348,0.001427,-0.001115,-0.000559,-0.002028,-0.000365
0.003376,0.003730,0.002700,0.002048,0.002707,0.006280,0.005494,0.002664,0.004899,0.006682,0.010110,0.012530,0.021944,0.007740,0.006158,0.007383,0.007304,0.005121,0.007487,0.008952,0.005795,0.002505,-0.000040,-0.002567,-0.002184,-0.001119,-0.004017,-0.001296,-0.001999,-0.001632,-0.002656,-0.007023,-0.005164,-0.007023,-0.005889,-0.003637,-0.004339,-0.003509,-0.000272,-0.001972,0.000835,0.000078,0.001328,-0.000704,0.002596,-0.000198,0.000949,0.000120,-0.000281,0.001204,0.001767,0.001691,0.002860,0.001439,0.001209,0.003158,0.001843,0.001486,0.002787,0.001144
0.003001,0.003521,0.002486,0.001757,0.001679,0.003808,0.001766,0.002056,0.002564,0.003137,0.004199,0.003718,0.007740,0.013685,0.007181,0.005933,0.005402,0.005163,0.006700,0.008025,0.004807,0.002968,0.001906,0.000839,-0.001442,0.000373,-0.004093,-0.002286,-0.003396,-0.001950,-0.003140,-0.005386,-0.005200,-0.002941,-0.005395,-0.000043,-0.003151,-0.001375,-0.001648,-0.002004,0.001395,0.000096,0.000141,0.000397,0.000930,0.000427,0.001024,0.000689,0.001505,0.000387,0.001995,0.000474,0.002235,0.003248,0.002344,0.000340,0.003904,0.002247,0.002521,0.001479
0.002659,0.001931,0.000956,0.001077,0.001312,0.002133,0.003678,0.001362,0.000866,0.000981,0.003803,0.003692,0.006158,0.007181,0.021807,0.010981,0.010354,0.011417,0.011861,0.009490,0.007156,0.004892,0.003338,0.001787,-0.000898,-0.001242,-0.004530,-0.007021,-0.005658,-0.004490,-0.008288,-0.007870,-0.006130,-0.007049,-0.004315,-0.001812,-0.002021,-0.002521,-0.004020,-0.004128,-0.000063,-0.002985,-0.001093,-0.000306,-0.000702,-0.000808,-0.000860,0.000578,0.001339,0.001906,0.000643,-0.000896,0.001312,0.002464,0.001015,-0.000209,0.002774,0.002583,0.002785,0.001605
0.003436,0.001025,0.000006,0.001262,0.002556,0.003334,0.003451,0.001770,0.002644,0.003618,0.003339,0.008481,0.007383,0.005933,0.010981,0.027608,0.013911,0.013198,0.012242,0.008698,0.007635,0.008087,0.001601,0.000929,-0.000591,-0.000388,-0.005637,-0.009967,-0.008667,-0.006621,-0.006013,-0.008290,-0.004292,-0.007426,-0.004555,-0.003377,-0.006037,-0.003673,-0.002579,-0.002999,0.002099,-0.004127,-0.003792,-0.002529,-0.000026,-0.001429,-0.001073,-0.001580,-0.000985,0.000280,-0.000232,0.000121,0.000288,0.000144,0.003340,0.001893,0.000718,0.001591,0.002217,0.001004
0.001721,0.002874,0.000097,0.001023,0.001994,0.001370,0.003870,0.000152,0.000047,0.001595,0.000909,0.004674,0.007304,0.005402,0.010354,0.013911,0.038944,0.014411,0.013245,0.011354,0.007558,0.006708,0.001930,0.002433,0.004363,0.000680,-0.005795,-0.003118,-0.005480,-0.002295,-0.003577,-0.004155,-0.006348,-0.002213,-0.004904,-0.000941,-0.004138,-0.001382,-0.001891,-0.004456,0.000940,-0.008096,-0.004360,-0.001453,-0.000779,-0.003284,-0.001321,-0.000178,0.000327,-0.000958,-0.000689,-0.001493,0.001144,-0.002419,0.001752,0.003146,0.000694,0.002099,0.003073,-0.000495
0.001717,0.001022,-0.000453,0.000279,0.001195,-0.000602,0.002245,-0.001735,-0.000865,-0.000337,0.001906,0.002774,0.005121,0.005163,0.011417,0.013198,0.014411,0.038279,0.016160,0.010282,0.009526,0.009263,0.007528,0.004334,0.002813,-0.001540,-0.003579,-0.009236,-0.007378,-0.004549,-0.005455,-0.010282,-0.004445,-0.004743,-0.003356,-0.005829,-0.008422,-0.005862,-0.004862,-0.008053,-0.002764,-0.005288,-0.005180,-0.004690,-0.004791,-0.005979,-0.002105,-0.003607,-0.001950,0.001053,-0.002854,-0.001410,-0.001248,-0.005655,-0.000548,-0.000716,0.001655,0.000077,-0.001367,-0.000044
0.001979,0.003022,0.000710,0.001135,0.005109,0.002789,0.004086,0.000381,-0.000194,0.002163,0.005670,0.003728,0.007487,0.006700,0.011861,0.012242,0.013245,0.016160,0.038740,0.021594,0.015856,0.012102,0.010092,0.006779,0.003310,0.003136,-0.001912,-0.008831,-0.007222,-0.005728,-0.006718,-0.009634,-0.007958,-0.005093,-0.008125,-0.006539,-0.008243,-0.004092,-0.001727,-0.003744,-0.003121,-0.003731,-0.003563,-0.001462,-0.002857,-0.001282,-0.000201,-0.000777,-0.001769,0.000900,0.002045,0.000278,0.004548,0.000422,0.001467,0.000487,0.001359,0.004695,0.003467,-0.000011
0.003667,0.003597,0.002222,0.002541,0.005474,0.003612,0.004532,0.001786,0.004319,0.004218,0.003761,0.003391,0.008952,0.008025,0.009490,0.008698,0.011354,0.010282,0.021594,0.044454,0.021928,0.013350,0.001994,0.004077,-0.001955,0.000315,-0.005205,-0.004581,-0.010452,-0.003095,-0.009243,-0.013529,-0.008381,-0.004599,-0.004545,-0.003293,-0.006137,-0.003027,0.000674,-0.002848,-0.004672,-0.003687,-0.000129,-0.002719,-0.001941,-0.002307,-0.004514,-0.003549,-0.002138,0.000348,0.001405,0.001226,0.004244,0.003181,-0.000391,0.002632,0.003181,0.003521,0.004485,0.001063
0.002296,0.000326,0.000538,0.001986,0.001944,0.003760,0.006106,0.003285,0.001524,0.004123,0.004337,0.002091,0.005795,0.004807,0.007156,0.007635,0.007558,0.009526,0.015856,0.021928,0.038212,0.017939,0.011060,0.004025,0.000056,0.002546,-0.002178,-0.005814,-0.004394,-0.007378,-0.009823,-0.005243,-0.003806,-0.005428,0.000006,-0.003958,-0.002631,-0.005957,-0.000747,-0.002441,-0.002487,-0.002836,-0.000859,-0.001716,-0.000188,-0.002012,-0.003794,-0.001092,-0.001600,0.000585,0.002677,0.001185,0.001158,0.003702,-0.000509,0.003415,0.001518,0.003876,0.003462,-0.000293
0.000430,-0.003735,-0.001923,0.000585,-0.001661,-0.000014,0.000791,-0.001632,-0.001985,0.000757,0.002448,-0.000299,0.002505,0.002968,0.004892,0.008087,0.006708,0.009263,0.012102,0.013350,0.017939,0.038567,0.017600,0.008337,0.004906,0.004488,0.007697,-0.000284,-0.005560,-0.003796,-0.004500,-0.004965,-0.004072,-0.008656,-0.005715,-0.007667,-0.004868,-0.004207,-0.002527,-0.001982,-0.004346,-0.004428,-0.000929,-0.001378,-0.000895,-0.002772,-0.001495,-0.002777,-0.000178,0.002031,0.000470,-0.000284,-0.001403,-0.002429,-0.002993,0.000617,-0.002434,0.001983,-0.002611,-0.001700
-0.002794,-0.004303,-0.003283,-0.001271,-0.000702,-0.001221,0.000109,-0.001597,-0.006778,-0.001902,0.002540,0.001176,-0.000040,0.001906,0.003338,0.001601,0.001930,0.007528,0.010092,0.001994,0.011060,0.017600,0.039966,0.016529,0.011032,0.008911,0.008500,0.001389,-0.002350,-0.009561,-0.008938,-0.006228,-0.006250,-0.009795,-0.011530,-0.009331,-0.004442,-0.005104,-0.005846,-0.006546,-0.006929,-0.002359,-0.002217,0.000771,-0.003040,-0.002812,-0.000513,-0.002840,-0.001590,-0.001659,-0.000357,-0.002460,-0.000087,-0.002558,-0.002807,-0.002828,-0.002165,0.000753,-0.004893,-0.002384
-0.000751,-0.000788,-0.001187,-0.000516,0.003114,-0.000991,-0.000093,-0.001203,-0.001673,-0.001947,-0.000560,0.000472,-0.002567,0.000839,0.001787,0.000929,0.002433,0.004334,0.006779,0.004077,0.004025,0.008337,0.016529,0.029768,0.013587,0.007421,0.006986,0.004395,-0.002274,-0.001478,-0.003484,-0.003753,-0.003636,-0.004236,-0.006813,-0.005668,-0.004610,-0.004344,-0.004505,-0.004753,-0.008637,-0.001652,-0.002758,-0.001343,-0.001734,-0.001975,-0.001545,-0.001976,0.001515,-0.003407,-0.001398,-0.001379,-0.000597,-0.003367,-0.002062,-0.002842,-0.000857,-0.001117,-0.003784,-0.002026
-0.000682,0.000082,-0.003338,-0.001973,0.000613,-0.001239,0.000182,-0.003227,-0.003782,-0.002117,-0.000600,0.000215,-0.002184,-0.001442,-0.000898,-0.000591,0.004363,0.002813,0.003310,-0.001955,0.000056,0.004906,0.011032,0.013587,0.025324,0.007376,0.009182,0.005934,0.004370,-0.002243,0.000564,-0.001920,-0.001674,-0.003039,-0.006146,-0.001148,-0.002771,-0.002252,-0.000172,-0.003616,-0.005496,-0.002903,-0.002289,-0.001024,-0.000106,-0.001455,-0.000379,-0.001038,0.001534,-0.000128,-0.002333,-0.002517,0.000120,-0.004825,-0.001920,-0.003988,-0.002640,-0.001127,-0.004132,-0.003013
-0.003342,-0.003603,0.000419,0.000247,-0.001843,0.001016,-0.000628,-0.002174,-0.000523,0.003082,0.004968,0.000018,-0.001119,0.000373,-0.001242,-0.000388,0.000680,-0.001540,0.003136,0.000315,0.002546,0.004488,0.008911,0.007421,0.007376,0.027147,0.011541,0.006900,0.003400,-0.000147,0.002996,0.000784,-0.000147,-0.002989,-0.004674,-0.001726,-0.004154,-0.003791,0.001484,-0.004395,-0.004702,-0.002593,-0.000912,0.000146,0.000072,-0.001225,-0.001096,-0.000147,0.000100,-0.000623,-0.000754,-0.000210,-0.000956,-0.002144,-0.003519,-0.001096,-0.001592,-0.000572,-0.004149,-0.002491
-0.001259,-0.003650,-0.001901,-0.001141,-0.000900,-0.000369,-0.001819,-0.003172,-0.002539,0.000301,0.001796,-0.003799,-0.004017,-0.004093,-0.004530,-0.005637,-0.005795,-0.003579,-0.001912,-0.005205,-0.002178,0.007697,0.008500,0.006986,0.009182,0.011541,0.036193,0.014399,0.006622,0.002781,0.002270,0.002154,0.001243,-0.006896,-0.008095,-0.006793,-0.002775,-0.002481,-0.001162,-0.002867,-0.006211,-0.002234,-0.001184,0.000191,0.000582,-0.002279,-0.002784,-0.001835,-0.001106,-0.000113,-0.002046,-0.000418,-0.001844,-0.005280,-0.002746,-0.004709,-0.000339,-0.001102,-0.006533,-0.002308
-0.003220,-0.001018,-0.000210,-0.000210,0.000135,0.001656,-0.002496,-0.000778,0.000154,0.002522,-0.001216,-0.000171,-0.001296,-0.002286,-0.007021,-0.009967,-0.003118,-0.009236,-0.008831,-0.004581,-0.005814,-0.000284,0.001389,0.004395,0.005934,0.006900,0.014399,0.033025,0.013804,0.007125,0.007962,0.006792,0.003007,0.000173,-0.005221,0.000486,0.001707,-0.001164,0.001128,-0.002976,-0.001524,-0.000991,0.001808,0.003184,0.001640,-0.001478,-0.000127,0.002698,0.001126,-0.002805,-0.000041,0.000412,-0.000200,-0.003191,-0.003765,-0.000944,-0.002587,-0.002628,-0.002278,-0.001730
-0.003982,-0.002200,-0.001565,0.000371,-0.001280,0.000845,-0.002295,0.000261,-0.000840,0.000829,-0.002358,-0.001250,-0.001999,-0.003396,-0.005658,-0.008667,-0.005480,-0.007378,-0.007222,-0.010452,-0.004394,-0.005560,-0.002350,-0.002274,0.004370,0.003400,0.006622,0.013804,0.030642,0.009339,0.006149,0.007232,0.006293,0.003380,0.001572,0.002666,0.000593,0.002682,0.003413,-0.001997,0.000473,0.001668,0.000414,0.001762,0.001207,0.002852,0.001794,0.001628,0.000750,-0.000496,-0.000312,0.000116,-0.001829,-0.002886,-0.001951,-0.002152,-0.002844,-0.000927,-0.000235,-0.001613
0.000024,0.000069,0.000627,-0.000760,-0.001716,-0.001004,-0.002526,-0.000680,0.001404,0.001007,-0.003079,-0.001628,-0.001632,-0.001950,-0.004490,-0.006621,-0.002295,-0.004549,-0.005728,-0.003095,-0.007378,-0.003796,-0.009561,-0.001478,-0.002243,-0.000147,0.002781,0.007125,0.009339,0.024069,0.009996,0.009900,0.005956,0.005464,0.002932,-0.000753,-0.001810,0.001587,-0.000548,0.000179,0.002168,0.002042,0.001867,0.002120,0.000870,0.004833,0.001910,0.001446,0.001631,-0.000974,-0.000215,0.000993,-0.000981,-0.000919,0.000106,0.000869,-0.000285,-0.000093,-0.001132,-0.000728
0.000881,-0.000123,0.000377,-0.000173,0.000828,0.001974,-0.000119,-0.000927,-0.000314,0.000740,-0.000371,-0.001408,-0.002656,-0.003140,-0.008288,-0.006013,-0.003577,-0.005455,-0.006718,-0.009243,-0.009823,-0.004500,-0.008938,-0.003484,0.000564,0.002996,0.002270,0.007962,0.006149,0.009996,0.030265,0.012254,0.007554,0.006952,0.005385,0.004664,0.001969,0.004665,0.003038,0.004804,0.007917,0.007155,0.003305,0.004067,0.000490,0.003428,0.004301,0.004240,0.003750,0.000584,-0.000120,0.000227,0.000849,-0.002915,-0.000361,-0.000444,-0.000356,0.000077,-0.002345,-0.000026
-0.001499,-0.002967,-0.001364,-0.000851,-0.004063,-0.002439,-0.003048,-0.000566,0.001028,0.000750,-0.001004,-0.002613,-0.007023,-0.005386,-0.007870,-0.008290,-0.004155,-0.010282,-0.009634,-0.013529,-0.005243,-0.004965,-0.006228,-0.003753,-0.001920,0.000784,0.002154,0.006792,0.007232,0.009900,0.012254,0.030357,0.010742,0.009003,0.003893,0.005346,0.007749,0.005145,0.001968,0.004465,0.002885,0.003018,0.004077,0.006351,0.001854,0.005602,0.002704,0.005066,0.000732,-0.000535,0.001217,0.001247,-0.000614,-0.000559,0.001441,0.000352,0.000113,-0.000237,-0.002232,-0.002213
-0.002765,-0.003586,-0.000887,-0.000980,-0.003447,-0.002354,-0.001913,-0.000506,-0.000963,-0.001034,-0.001155,-0.001065,-0.005164,-0.005200,-0.006130,-0.004292,-0.006348,-0.004445,-0.007958,-0.008381,-0.003806,-0.004072,-0.006250,-0.003636,-0.001674,-0.000147,0.001243,0.003007,0.006293,0.005956,0.007554,0.010742,0.023178,0.010930,0.009802,0.006871,0.003775,0.004715,0.003913,0.003714,0.003317,0.002934,0.001295,0.003008,0.002414,0.002157,0.001118,0.002818,0.001256,-0.000175,0.000457,-0.001034,-0.001820,0.000222,0.001112,-0.000357,-0.000952,-0.001360,-0.001736,-0.001887
-0.001515,0.001721,0.001134,-0.000711,-0.000507,-0.002595,-0.002697,0.001905,0.000157,-0.000902,-0.003531,-0.007206,-0.007023,-0.002941,-0.007049,-0.007426,-0.002213,-0.004743,-0.005093,-0.004599,-0.005428,-0.008656,-0.009795,-0.004236,-0.003039,-0.002989,-0.006896,0.000173,0.003380,0.005464,0.006952,0.009003,0.010930,0.026951,0.016429,0.008833,0.005606,0.006526,0.002969,0.004239,0.005848,0.004460,0.001416,0.002836,0.000945,0.002805,0.002095,0.001492,-0.000292,-0.000751,0.000690,-0.000082,0.000039,0.000383,0.000680,0.001820,-0.000492,-0.000469,0.003088,-0.000290
0.000735,0.001295,0.002368,0.000578,-0.001868,-0.001332,0.000326,0.001077,0.001002,-0.001327,-0.004746,-0.010327,-0.005889,-0.005395,-0.004315,-0.004555,-0.004904,-0.003356,-0.008125,-0.004545,0.000006,-0.005715,-0.011530,-0.006813,-0.006146,-0.004674,-0.008095,-0.005221,0.001572,0.002932,0.005385,0.003893,0.009802,0.016429,0.039737,0.015804,0.013484,0.006411,0.004427,0.005819,0.009615,0.005465,-0.002030,-0.001007,-0.002009,0.002990,0.001500,0.001597,0.001705,0.001664,-0.001067,0.001754,-0.001475,-0.000796,-0.001576,0.002734,0.001482,0.001472,0.006249,0.001091
-0.000500,0.000895,0.001443,-0.000019,-0.000287,-0.000535,-0.000845,0.003107,0.003499,0.001328,-0.002200,-0.004490,-0.003637,-0.000043,-0.001812,-0.003377,-0.000941,-0.005829,-0.006539,-0.003293,-0.003958,-0.007667,-0.009331,-0.005668,-0.001148,-0.001726,-0.006793,0.000486,0.002666,-0.000753,0.004664,0.005346,0.006871,0.008833,0.015804,0.033185,0.016025,0.009642,0.006172,0.005284,0.007987,0.004349,0.000558,0.002527,0.001892,0.001618,0.002800,0.004116,0.003476,0.000338,0.001139,0.000991,0.001193,0.004734,0.001677,0.002889,0.004426,0.000548,0.003641,0.001505
-0.002072,-0.000906,-0.000210,0.000080,-0.001067,-0.001713,-0.000614,0.003180,0.003841,0.002197,0.000016,-0.005601,-0.004339,-0.003151,-0.002021,-0.006037,-0.004138,-0.008422,-0.008243,-0.006137,-0.002631,-0.004868,-0.004442,-0.004610,-0.002771,-0.004154,-0.002775,0.001707,0.000593,-0.001810,0.001969,0.007749,0.003775,0.005606,0.013484,0.016025,0.034016,0.009513,0.001431,0.009579,0.009677,0.005616,0.002395,0.001438,0.003189,0.003979,0.003505,0.006681,0.003907,-0.000252,-0.000341,0.000557,0.001178,0.003256,-0.001340,0.003695,0.000733,-0.001802,0.003279,0.001141
-0.002438,-0.000392,0.000023,-0.000879,-0.001433,-0.000940,-0.002185,0.000721,-0.001449,-0.000936,-0.000864,-0.001932,-0.003509,-0.001375,-0.002521,-0.003673,-0.001382,-0.005862,-0.004092,-0.003027,-0.005957,-0.004207,-0.005104,-0.004344,-0.002252,-0.003791,-0.002481,-0.001164,0.002682,0.001587,0.004665,0.005145,0.004715,0.006526,0.006411,0.009642,0.009513,0.018937,0.004760,0.009999,0.005624,0.003657,0.001759,0.001350,0.002359,0.005202,0.004679,0.001397,0.000466,0.000841,0.000703,-0.000597,-0.000161,0.001582,0.003731,0.000769,0.002086,-0.000022,0.000763,0.001010
-0.002284,0.000156,-0.000066,0.000150,0.000075,0.001734,0.000738,-0.000385,-0.000598,0.002082,0.002760,0.001917,-0.000272,-0.001648,-0.004020,-0.002579,-0.001891,-0.004862,-0.001727,0.000674,-0.000747,-0.002527,-0.005846,-0.004505,-0.000172,0.001484,-0.001162,0.001128,0.003413,-0.000548,0.003038,0.001968,0.003913,0.002969,0.004427,0.006172,0.001431,0.004760,0.012751,0.004184,0.000926,0.000581,0.001795,0.001662,0.002485,0.001720,0.001555,0.000411,0.000143,0.000792,-0.000107,0.000253,0.000180,0.000161,0.001107,0.001580,0.000000,0.000359,0.000294,0.000186
-0.000191,-0.000197,0.000090,-0.000100,-0.000721,0.001356,0.002089,0.003460,-0.000208,0.001153,0.001917,-0.001868,-0.001972,-0.002004,-0.004128,-0.002999,-0.004456,-0.008053,-0.003744,-0.002848,-0.002441,-0.001982,-0.006546,-0.004753,-0.003616,-0.004395,-0.002867,-0.002976,-0.001997,0.000179,0.004804,0.004465,0.003714,0.004239,0.005819,0.005284,0.009579,0.009999,0.004184,0.023842,0.012116,0.005840,0.005513,0.002206,0.005541,0.009198,0.005257,0.001926,0.002693,0.001502,0.000304,0.000584,0.000837,0.002101,0.001523,0.001822,-0.000168,0.002072,0.002936,0.000886
0.001660,0.001749,0.001743,0.002152,0.000855,0.001417,0.001921,0.004340,0.001233,0.003171,0.000221,-0.001542,0.000835,0.001395,-0.000063,0.002099,0.000940,-0.002764,-0.003121,-0.004672,-0.002487,-0.004346,-0.006929,-0.008637,-0.005496,-0.004702,-0.006211,-0.001524,0.000473,0.002168,0.007917,0.002885,0.003317,0.005848,0.009615,0.007987,0.009677,0.005624,0.000926,0.012116,0.025528,0.009142,0.005088,0.004444,0.005074,0.010314,0.006814,0.005206,0.004133,0.001509,0.001697,0.000925,0.003149,0.004343,0.003096,0.003372,0.000960,0.002272,0.005708,0.001882
0.001458,0.001643,0.002729,0.001357,-0.000219,-0.000705,-0.000089,0.003681,0.000455,-0.000875,-0.000527,-0.000393,0.000078,0.000096,-0.002985,-0.004127,-0.008096,-0.005288,-0.003731,-0.003687,-0.002836,-0.004428,-0.002359,-0.001652,-0.002903,-0.002593,-0.002234,-0.000991,0.001668,0.002042,0.007155,0.003018,0.002934,0.004460,0.005465,0.004349,0.005616,0.003657,0.000581,0.005840,0.009142,0.022035,0.004289,0.004685,0.005374,0.007608,0.005531,0.004303,0.001178,0.000461,0.002299,0.000290,0.003628,0.002819,0.002628,-0.000023,0.001439,0.000774,0.000547,0.001775
0.000089,-0.000949,0.001054,0.000982,0.000647,0.000489,-0.000106,0.001305,0.000419,0.001967,0.003809,-0.000064,0.001328,0.000141,-0.001093,-0.003792,-0.004360,-0.005180,-0.003563,-0.000129,-0.000859,-0.000929,-0.002217,-0.002758,-0.002289,-0.000912,-0.001184,0.001808,0.000414,0.001867,0.003305,0.004077,0.001295,0.001416,-0.002030,0.000558,0.002395,0.001759,0.001795,0.005513,0.005088,0.004289,0.017065,0.006955,0.008668,0.006003,0.004087,0.002978,0.003628,0.000907,0.002176,0.000312,0.000248,0.001991,0.001370,0.001153,0.001998,0.003222,0.002200,0.000758
0.000895,0.000137,0.001271,0.000486,0.000241,0.000331,-0.000042,0.001151,0.000952,0.001866,0.002590,0.001021,-0.000704,0.000397,-0.000306,-0.002529,-0.001453,-0.004690,-0.001462,-0.002719,-0.001716,-0.001378,0.000771,-0.001343,-0.001024,0.000146,0.000191,0.003184,0.001762,0.002120,0.004067,0.006351,0.003008,0.002836,-0.001007,0.002527,0.001438,0.001350,0.001662,0.002206,0.004444,0.004685,0.006955,0.013086,0.007129,0.006182,0.004457,0.002011,0.001492,0.000780,0.002366,0.000059,0.001280,0.001979,0.001601,0.000396,0.000959,0.000889,0.000762,0.000125
0.002901,0.002491,0.003483,0.001953,0.000568,0.002500,0.001424,0.002276,0.003593,0.005548,0.006740,0.003210,0.002596,0.000930,-0.000702,-0.000026,-0.000779,-0.004791,-0.002857,-0.001941,-0.000188,-0.000895,-0.003040,-0.001734,-0.000106,0.000072,0.000582,0.001640,0.001207,0.000870,0.000490,0.001854,0.002414,0.000945,-0.002009,0.001892,0.003189,0.002359,0.002485,0.005541,0.005074,0.005374,0.008668,0.007129,0.021855,0.007663,0.006689,0.004156,0.005481,0.001921,0.002937,0.002823,0.000291,-0.000570,0.002963,0.000679,0.003291,0.002352,0.000779,0.000599
0.001202,0.000811,0.000558,0.000191,0.000557,0.000522,0.000808,0.002825,0.002631,0.003900,0.001711,0.000912,-0.000198,0.000427,-0.000808,-0.001429,-0.003284,-0.005979,-0.001282,-0.002307,-0.002012,-0.002772,-0.002812,-0.001975,-0.001455,-0.001225,-0.002279,-0.001478,0.002852,0.004833,0.003428,0.005602,0.002157,0.002805,0.002990,0.001618,0.003979,0.005202,0.001720,0.009198,0.010314,0.007608,0.006003,0.006182,0.007663,0.018606,0.007191,0.004572,0.003123,0.001641,0.001329,0.001801,0.001905,0.002464,0.005938,0.001051,0.002589,0.004430,0.001818,-0.000365
-0.000332,0.000610,0.001458,0.000686,-0.000467,0.000403,0.000206,0.001306,0.000249,0.001385,0.001237,0.001627,0.000949,0.001024,-0.000860,-0.001073,-0.001321,-0.002105,-0.000201,-0.004514,-0.003794,-0.001495,-0.000513,-0.001545,-0.000379,-0.001096,-0.002784,-0.000127,0.001794,0.001910,0.004301,0.002704,0.001118,0.002095,0.001500,0.002800,0.003505,0.004679,0.001555,0.005257,0.006814,0.005531,0.004087,0.004457,0.006689,0.007191,0.010732,0.004378,0.004550,0.002365,0.001434,0.000863,0.000737,0.000403,0.002411,0.000426,0.001686,0.002429,0.000101,0.000849
0.000341,0.000904,0.001468,0.000849,-0.000758,0.000117,0.001952,0.003844,0.004150,0.005240,0.002099,0.000757,0.000120,0.000689,0.000578,-0.001580,-0.000178,-0.003607,-0.000777,-0.003549,-0.001092,-0.002777,-0.002840,-0.001976,-0.001038,-0.000147,-0.001835,0.002698,0.001628,0.001446,0.004240,0.005066,0.002818,0.001492,0.001597,0.004116,0.006681,0.001397,0.000411,0.001926,0.005206,0.004303,0.002978,0.002011,0.004156,0.004572,0.004378,0.015317,0.007722,0.003432,0.002198,0.000898,0.002364,0.001582,0.000168,0.001446,0.001701,0.000678,0.001488,0.001060
0.003034,0.002335,0.001408,0.001268,0.000796,0.000365,0.002745,0.003050,0.003961,0.003027,0.001687,-0.000056,-0.000281,0.001505,0.001339,-0.000985,0.000327,-0.001950,-0.001769,-0.002138,-0.001600,-0.000178,-0.001590,0.001515,0.001534,0.000100,-0.001106,0.001126,0.000750,0.001631,0.003750,0.000732,0.001256,-0.000292,0.001705,0.003476,0.003907,0.000466,0.000143,0.002693,0.004133,0.001178,0.003628,0.001492,0.005481,0.003123,0.004550,0.007722,0.015992,0.005000,0.000639,0.000696,0.000223,-0.000097,-0.000564,-0.000068,0.002361,0.001980,0.000931,0.000014
0.001343,0.001431,0.000644,0.000806,-0.000973,-0.001165,0.002107,0.001204,0.000740,0.000695,0.002060,0.000632,0.001204,0.000387,0.001906,0.000280,-0.000958,0.001053,0.000900,0.000348,0.000585,0.002031,-0.001659,-0.003407,-0.000128,-0.000623,-0.000113,-0.002805,-0.000496,-0.000974,0.000584,-0.000535,-0.000175,-0.000751,0.001664,0.000338,-0.000252,0.000841,0.000792,0.001502,0.001509,0.000461,0.000907,0.000780,0.001921,0.001641,0.002365,0.003432,0.005000,0.009770,0.001091,0.000547,0.001743,-0.000212,0.000708,-0.000018,0.000578,0.001110,0.000201,0.000346
0.001104,0.001871,0.001530,0.000959,0.000572,0.000365,0.000682,0.002667,0.002139,0.001380,0.001121,0.000344,0.001767,0.001995,0.000643,-0.000232,-0.000689,-0.002854,0.002045,0.001405,0.002677,0.000470,-0.000357,-0.001398,-0.002333,-0.000754,-0.002046,-0.000041,-0.000312,-0.000215,-0.000120,0.001217,0.000457,0.000690,-0.001067,0.001139,-0.000341,0.000703,-0.000107,0.000304,0.001697,0.002299,0.002176,0.002366,0.002937,0.001329,0.001434,0.002198,0.000639,0.001091,0.005390,0.001334,0.002475,0.003419,0.001467,0.000938,0.000057,0.000617,0.002095,0.000819
0.002456,0.000657,0.001441,0.001142,0.001276,0.002075,0.001207,0.002397,0.004225,0.003673,0.001408,0.001068,0.001691,0.000474,-0.000896,0.000121,-0.001493,-0.001410,0.000278,0.001226,0.001185,-0.000284,-0.002460,-0.001379,-0.002517,-0.000210,-0.000418,0.000412,0.000116,0.000993,0.000227,0.001247,-0.001034,-0.000082,0.001754,0.000991,0.000557,-0.000597,0.000253,0.000584,0.000925,0.000290,0.000312,0.000059,0.002823,0.001801,0.000863,0.000898,0.000696,0.000547,0.001334,0.005953,0.001421,0.000895,0.001480,0.001647,0.001671,0.001319,0.000773,0.000403
0.001319,0.004331,0.000743,0.000896,0.003586,0.001358,0.002277,0.002572,0.000538,0.002627,0.002142,-0.000022,0.002860,0.002235,0.001312,0.000288,0.001144,-0.001248,0.004548,0.004244,0.001158,-0.001403,-0.000087,-0.000597,0.000120,-0.000956,-0.001844,-0.000200,-0.001829,-0.000981,0.000849,-0.000614,-0.001820,0.000039,-0.001475,0.001193,0.001178,-0.000161,0.000180,0.000837,0.003149,0.003628,0.000248,0.001280,0.000291,0.001905,0.000737,0.002364,0.000223,0.001743,0.002475,0.001421,0.012620,0.003618,0.001387,0.002384,0.000218,0.001576,0.002453,0.001207
-0.000283,0.001675,0.001549,0.001049,0.000090,0.000433,0.000281,0.004527,0.004655,0.002349,0.001507,0.000593,0.001439,0.003248,0.002464,0.000144,-0.002419,-0.005655,0.000422,0.003181,0.003702,-0.002429,-0.002558,-0.003367,-0.004825,-0.002144,-0.005280,-0.003191,-0.002886,-0.000919,-0.002915,-0.000559,0.000222,0.000383,-0.000796,0.004734,0.003256,0.001582,0.000161,0.002101,0.004343,0.002819,0.001991,0.001979,-0.000570,0.002464,0.000403,0.001582,-0.000097,-0.000212,0.003419,0.000895,0.003618,0.021578,0.006405,0.005346,0.002640,0.002085,0.003274,0.003021
0.000578,0.001555,0.000639,-0.000077,-0.000376,0.000065,-0.000360,0.000113,0.001386,0.000531,0.001295,0.003348,0.001209,0.002344,0.001015,0.003340,0.001752,-0.000548,0.001467,-0.000391,-0.000509,-0.002993,-0.002807,-0.002062,-0.001920,-0.003519,-0.002746,-0.003765,-0.001951,0.000106,-0.000361,0.001441,0.001112,0.000680,-0.001576,0.001677,-0.001340,0.003731,0.001107,0.001523,0.003096,0.002628,0.001370,0.001601,0.002963,0.005938,0.002411,0.000168,-0.000564,0.000708,0.001467,0.001480,0.001387,0.006405,0.015041,0.001541,0.006401,0.004296,-0.000490,0.000695
-0.000619,0.001208,0.001397,0.001003,0.000924,0.002460,0.002703,0.003415,0.003301,0.003506,0.001834,0.001427,0.003158,0.000340,-0.000209,0.001893,0.003146,-0.000716,0.000487,0.002632,0.003415,0.000617,-0.002828,-0.002842,-0.003988,-0.001096,-0.004709,-0.000944,-0.002152,0.000869,-0.000444,0.000352,-0.000357,0.001820,0.002734,0.002889,0.003695,0.000769,0.001580,0.001822,0.003372,-0.000023,0.001153,0.000396,0.000679,0.001051,0.000426,0.001446,-0.000068,-0.000018,0.000938,0.001647,0.002384,0.005346,0.001541,0.011210,0.000959,0.001914,0.003494,0.001695
0.005257,0.003574,0.002930,0.000296,0.000703,-0.000284,0.001434,0.001399,0.002480,-0.000184,0.001823,-0.001115,0.001843,0.003904,0.002774,0.000718,0.000694,0.001655,0.001359,0.003181,0.001518,-0.002434,-0.002165,-0.000857,-0.002640,-0.001592,-0.000339,-0.002587,-0.002844,-0.000285,-0.000356,0.000113,-0.000952,-0.000492,0.001482,0.004426,0.000733,0.002086,0.000000,-0.000168,0.000960,0.001439,0.001998,0.000959,0.003291,0.002589,0.001686,0.001701,0.002361,0.000578,0.000057,0.001671,0.000218,0.002640,0.006401,0.000959,0.015627,0.006083,0.000652,0.002185
0.002804,0.002569,0.001296,0.000936,0.001759,0.002467,0.003674,0.000535,0.003072,0.001954,0.002323,-0.000559,0.001486,0.002247,0.002583,0.001591,0.002099,0.000077,0.004695,0.003521,0.003876,0.001983,0.000753,-0.001117,-0.001127,-0.000572,-0.001102,-0.002628,-0.000927,-0.000093,0.000077,-0.000237,-0.001360,-0.000469,0.001472,0.000548,-0.001802,-0.000022,0.000359,0.002072,0.002272,0.000774,0.003222,0.000889,0.002352,0.004430,0.002429,0.000678,0.001980,0.001110,0.000617,0.001319,0.001576,0.002085,0.004296,0.001914,0.006083,0.012029,0.003231,0.001212
0.002345,0.004091,0.002311,0.002436,0.004050,0.001514,0.002383,0.003833,0.003173,0.002558,0.000714,-0.002028,0.002787,0.002521,0.002785,0.002217,0.003073,-0.001367,0.003467,0.004485,0.003462,-0.002611,-0.004893,-0.003784,-0.004132,-0.004149,-0.006533,-0.002278,-0.000235,-0.001132,-0.002345,-0.002232,-0.001736,0.003088,0.006249,0.003641,0.003279,0.000763,0.000294,0.002936,0.005708,0.000547,0.002200,0.000762,0.000779,0.001818,0.000101,0.001488,0.000931,0.000201,0.002095,0.000773,0.002453,0.003274,-0.000490,0.003494,0.000652,0.003231,0.012308,0.002686
0.001295,0.003304,0.002514,0.001457,0.002231,-0.000083,0.000576,0.000917,0.001185,0.000581,0.001188,-0.000365,0.001144,0.001479,0.001605,0.001004,-0.000495,-0.000044,-0.000011,0.001063,-0.000293,-0.001700,-0.002384,-0.002026,-0.003013,-0.002491,-0.002308,-0.001730,-0.001613,-0.000728,-0.000026,-0.002213,-0.001887,-0.000290,0.001091,0.001505,0.001141,0.001010,0.000186,0.000886,0.001882,0.001775,0.000758,0.000125,0.000599,-0.000365,0.000849,0.001060,0.000014,0.000346,0.000819,0.000403,0.001207,0.003021,0.000695,0.001695,0.002185,0.001212,0.002686,0.005077
