0.013233,0.009672,-0.003351,0.003044,-0.000048,-0.000114,0.000445,-0.002372
0.009672,0.012960,-0.003961,0.002301,0.000015,-0.000387,0.000955,-0.001042
-0.003351,-0.003961,0.005774,0.001095,0.000013,-0.000063,-0.001068,-0.000135
0.003044,0.002301,0.001095,0.014289,-0.000123,-0.000261,-0.001718,-0.000560
-0.000048,0.000015,0.000013,-0.000123,0.000935,-0.000014,0.000023,0.000072
-0.000114,-0.000387,-0.000063,-0.000261,-0.000014,0.005169,0.000150,-0.000125
0.000445,0.000955,-0.001068,-0.001718,0.000023,0.000150,0.002399,0.000339
-0.002372,-0.001042,-0.000135,-0.000560,0.000072,-0.000125,0.000339,0.009036
