0.016693,0.012494,-0.004745,0.003378,-0.000102,-0.000154,0.000686,-0.002628
0.012494,0.017128,-0.005768,0.002634,0.000044,-0.000537,0.001509,-0.001199
-0.004745,-0.005768,0.009258,0.001382,0.000036,-0.000095,-0.001894,-0.000173
0.003378,0.002634,0.001382,0.014276,-0.000257,-0.000313,-0.002347,-0.000567
-0.000102,0.000044,0.000036,-0.000257,0.003739,-0.000035,0.000063,0.000142
-0.000154,-0.000537,-0.000095,-0.000313,-0.000035,0.007503,0.000249,-0.000147
0.000686,0.001509,-0.001894,-0.002347,0.000063,0.000249,0.004504,0.000470
-0.002628,-0.001199,-0.000173,-0.000567,0.000142,-0.000147,0.000470,0.009030
