0.016221,0.012769,-0.000944,0.004064,0.000023,-0.000163,0.000117,-0.001475
0.012769,0.017409,-0.005130,0.003682,0.000208,-0.000683,0.000443,-0.001073
-0.000944,-0.005130,0.009118,0.000501,0.000004,-0.000201,-0.001816,0.000001
0.004064,0.003682,0.000501,0.014264,-0.000200,-0.000314,-0.001748,-0.000929
0.000023,0.000208,0.000004,-0.000200,0.002798,-0.000023,0.000056,0.000222
-0.000163,-0.000683,-0.000201,-0.000314,-0.000023,0.007478,0.000245,-0.000105
0.000117,0.000443,-0.001816,-0.001748,0.000056,0.000245,0.004314,0.000386
-0.001475,-0.001073,0.000001,-0.000929,0.000222,-0.000105,0.000386,0.008212
