11109.494636,-1916.763052,-1566.354510,-305.638647,43.067936,-204.343126,-1008.273701,887.606647
-1916.763052,3239.119724,882.911636,253.270411,29.669978,-659.088401,384.397985,-1334.439927
-1566.354510,882.911636,1265.949470,-107.816701,47.481341,-140.294121,-290.851048,-10.571839
-305.638647,253.270411,-107.816701,556.852914,-95.167604,-308.998931,-483.546952,453.593887
43.067936,29.669978,47.481341,-95.167604,23.461335,-51.543429,68.469323,-105.565402
-204.343126,-659.088401,-140.294121,-308.998931,-51.543429,3933.452107,-642.191363,96.086342
-1008.273701,384.397985,-290.851048,-483.546952,68.469323,-642.191363,3672.433436,758.403905
887.606647,-1334.439927,-10.571839,453.593887,-105.565402,96.086342,758.403905,4167.220421
