10975.006361,-2292.910980,-1792.502313,-321.357104,-2.019145,-35.197176,-784.948802,865.334745
-2292.910980,3255.302472,960.747799,228.295171,59.712400,-509.444539,86.984423,-1286.997641
-1792.502313,960.747799,1561.599435,33.205494,9.559854,-319.109373,-283.229363,627.985226
-321.357104,228.295171,33.205494,515.937684,-105.220283,-338.145966,-394.461529,487.377675
-2.019145,59.712400,9.559854,-105.220283,31.861823,-50.963212,44.414465,-217.279304
-35.197176,-509.444539,-319.109373,-338.145966,-50.963212,4302.124817,-790.933698,100.739063
-784.948802,86.984423,-283.229363,-394.461529,44.414465,-790.933698,3481.676396,617.044283
865.334745,-1286.997641,627.985226,487.377675,-217.279304,100.739063,617.044283,3948.990704
