10912.212648,-2310.917804,-1772.893309,-412.365224,27.727513,-209.791328,-771.401162,710.893880
-2310.917804,3308.924330,1046.158332,234.558293,66.765575,-566.356455,-71.405006,-1276.678422
-1772.893309,1046.158332,1506.840544,41.207839,13.023542,-310.577232,-375.794082,516.365639
-412.365224,234.558293,41.207839,492.764595,-97.955576,-265.513116,-453.517684,394.052498
27.727513,66.765575,13.023542,-97.955576,30.088219,-57.213728,39.616942,-188.762286
-209.791328,-566.356455,-310.577232,-265.513116,-57.213728,3949.193730,-627.419073,-111.652075
-771.401162,-71.405006,-375.794082,-453.517684,39.616942,-627.419073,3774.074752,821.460104
710.893880,-1276.678422,516.365639,394.052498,-188.762286,-111.652075,821.460104,3573.621997
