0.056881,-0.014402,-0.019857,-0.007247,0.001822,-0.001633,-0.004126,0.004541
-0.014402,0.025442,0.014661,0.005022,0.006082,-0.004541,-0.001184,-0.009548
-0.019857,0.014661,0.038305,0.002249,0.001274,-0.004954,-0.004712,0.008311
-0.007247,0.005022,0.002249,0.030630,-0.024166,-0.005959,-0.008930,0.008520
0.001822,0.006082,0.001274,-0.024166,0.029567,-0.005555,0.003080,-0.016158
-0.001633,-0.004541,-0.004954,-0.005959,-0.005555,0.033708,-0.004456,-0.000835
-0.004126,-0.001184,-0.004712,-0.008930,0.003080,-0.004456,0.023432,0.005560
0.004541,-0.009548,0.008311,0.008520,-0.016158,-0.000835,0.005560,0.026894
