0.055564,-0.012552,-0.016910,-0.006960,0.004287,-0.003014,-0.003534,0.004479
-0.012552,0.023192,0.011182,0.004842,0.004185,-0.003989,0.001292,-0.008169
-0.016910,0.011182,0.038140,0.000913,0.001006,-0.006661,-0.002211,0.010150
-0.006960,0.004842,0.000913,0.034165,-0.027075,-0.007646,-0.008941,0.008869
0.004287,0.004185,0.001006,-0.027075,0.030992,-0.004672,0.003833,-0.015280
-0.003014,-0.003989,-0.006661,-0.007646,-0.004672,0.035839,-0.004694,-0.001053
-0.003534,0.001292,-0.002211,-0.008941,0.003833,-0.004694,0.023457,0.006937
0.004479,-0.008169,0.010150,0.008869,-0.015280,-0.001053,0.006937,0.027835
