0.057208,-0.014407,-0.019937,-0.005536,-0.000353,-0.000869,-0.004176,0.005641
-0.014407,0.025199,0.013479,0.004879,0.005536,-0.004178,-0.000089,-0.009851
-0.019937,0.013479,0.037964,0.001890,0.001155,-0.004792,-0.003470,0.008809
-0.005536,0.004879,0.001890,0.031644,-0.025818,-0.007105,-0.007636,0.010444
-0.000353,0.005536,0.001155,-0.025818,0.031445,-0.005727,0.003448,-0.018257
-0.000869,-0.004178,-0.004792,-0.007105,-0.005727,0.036959,-0.005914,0.000877
-0.004176,-0.000089,-0.003470,-0.007636,0.003448,-0.005914,0.021687,0.004400
0.005641,-0.009851,0.008809,0.010444,-0.018257,0.000877,0.004400,0.029697
