0.719787,0.000189,-0.016219,0.014929,-0.025966,-0.000507
0.000189,0.000552,-0.000046,0.004380,0.000358,-0.000001
-0.016219,-0.000046,0.020453,0.006745,0.012924,0.000223
0.014929,0.004380,0.006745,0.303799,-0.008519,0.001717
-0.025966,0.000358,0.012924,-0.008519,0.025410,-0.000594
-0.000507,-0.000001,0.000223,0.001717,-0.000594,0.010283
