0.636083,-0.000723,-0.015380,0.011263,-0.024761,-0.003175
-0.000723,0.000540,0.000125,0.004393,0.000551,-0.000030
-0.015380,0.000125,0.020486,0.006111,0.013301,-0.000056
0.011263,0.004393,0.006111,0.317194,-0.006365,0.000251
-0.024761,0.000551,0.013301,-0.006365,0.026354,-0.000789
-0.003175,-0.000030,-0.000056,0.000251,-0.000789,0.010145
