0.025443,-0.002066,-0.003845,0.000887,-0.005442,-0.001954
-0.002066,0.110123,0.002232,0.024707,0.008656,-0.001297
-0.003845,0.002232,0.032010,0.003007,0.018271,-0.000215
0.000887,0.024707,0.003007,0.049165,-0.002754,0.000304
-0.005442,0.008656,0.018271,-0.002754,0.031825,-0.002666
-0.001954,-0.001297,-0.000215,0.000304,-0.002666,0.096043
