0.000173,0.000176,0.000103,0.000032,0.000055,0.000236,0.000320,0.000330,0.000400,0.000779,0.000823,0.000736,0.000587,0.000812,0.000568,0.000494,0.000461,0.000125,-0.000099,0.000712,0.000680,-0.000491,-0.000409,-0.000680,-0.000406,-0.000272,0.000054,0.000410,0.000008,-0.000009,0.000217,0.000353,-0.000164,0.000123,-0.000347,-0.000019,-0.000009,0.000160,0.000775,0.000400,0.000360,0.000503,0.000304,0.000150,0.000694,0.000281,0.000078,0.000090,0.000090,0.000015,0.000022,0.000022,0.000007,0.000003,0.000023,0.000006,0.000021,0.000010,0.000002,0.000005
0.000176,0.000695,0.000078,0.000280,0.000380,0.000469,0.000834,0.000595,0.001157,0.001332,0.001213,0.001038,0.000959,0.001926,0.002464,0.002346,0.002241,0.001025,-0.000475,0.001468,0.001439,-0.000574,-0.001260,-0.001598,-0.001665,-0.001965,-0.001342,-0.000675,-0.000617,-0.000696,-0.000095,0.000580,-0.000598,-0.000027,-0.000118,0.000871,0.000559,0.000439,0.001451,0.000794,0.001178,0.000744,0.000167,0.000348,0.001243,0.000274,0.000207,0.000300,0.000243,0.000045,0.000030,0.000044,0.000006,0.000021,0.000039,0.000014,0.000062,0.000028,0.000020,0.000017
0.000103,0.000078,0.002056,0.000381,0.001973,0.000945,0.000129,-0.000283,0.000899,0.000707,0.000820,0.001566,0.000888,0.001190,0.002194,0.000448,0.001680,0.000872,0.001934,0.000245,-0.001304,-0.000728,0.000088,-0.000196,-0.001316,-0.001568,-0.001507,-0.001730,-0.001906,-0.000507,-0.000107,-0.001805,-0.001483,-0.000211,0.000323,0.001268,-0.000489,0.000273,0.000678,0.000418,0.000761,0.002049,0.001418,-0.000069,0.000424,-0.000497,-0.000295,0.000135,0.000051,0.000097,0.000045,0.000043,0.000018,0.000072,0.000040,0.000005,0.000044,0.000001,0.000042,0.000033
0.000032,0.000280,0.000381,0.000788,0.000710,0.000505,0.000471,0.000117,0.001013,0.000924,0.000608,0.000843,0.000166,0.000872,0.002072,0.001280,0.001063,0.000177,-0.000831,-0.000196,0.000205,-0.000864,-0.000078,-0.000393,-0.000989,-0.000637,-0.000604,-0.001100,-0.001171,-0.001800,-0.001220,-0.000276,-0.000796,-0.001387,-0.000312,0.000257,0.000205,-0.000168,0.000906,0.000610,0.001388,0.000958,0.000587,-0.000172,-0.000282,-0.000490,-0.000113,0.000303,0.000205,0.000074,0.000026,0.000016,0.000000,0.000022,0.000019,0.000009,0.000053,0.000002,0.000021,0.000018
0.000055,0.000380,0.001973,0.000710,0.003216,0.001370,0.000539,-0.000778,0.002278,0.001101,0.001493,0.002545,0.000467,0.002838,0.005989,0.003948,0.005935,0.003263,0.001802,0.000440,-0.000256,0.002020,0.001739,0.002365,0.000979,-0.000658,-0.001592,-0.003106,-0.004244,-0.003952,-0.001573,-0.002075,-0.002215,-0.003217,-0.002551,0.001453,-0.000891,-0.001344,-0.000377,0.000031,0.000915,0.002168,0.001250,0.000408,0.000074,-0.001310,-0.000266,0.000235,0.000150,0.000178,0.000100,0.000051,0.000003,0.000084,-0.000018,0.000006,0.000053,-0.000019,0.000054,0.000018
0.000236,0.000469,0.000945,0.000505,0.001370,0.002676,0.001152,0.000529,0.002314,0.002742,0.003517,0.003000,0.002627,0.004322,0.005445,0.005945,0.007053,0.003222,0.003644,0.006124,0.004478,0.001871,0.002844,0.000628,0.000583,-0.000750,-0.001468,0.000939,-0.001933,-0.001777,-0.002705,-0.001324,-0.002278,-0.002506,-0.002816,0.000157,-0.002022,-0.001155,0.000459,-0.000875,-0.000865,0.000117,-0.000555,-0.000336,-0.000469,-0.001384,-0.000613,-0.000084,0.000029,-0.000003,0.000074,0.000056,0.000020,0.000095,0.000010,0.000019,0.000088,0.000003,0.000018,0.000016
0.000320,0.000834,0.000129,0.000471,0.000539,0.001152,0.003485,0.001004,0.003082,0.003869,0.003209,0.000779,0.001825,0.003650,0.004280,0.004644,0.003859,0.001158,-0.000247,0.003090,0.003192,-0.001727,-0.000531,-0.001169,-0.001316,-0.002270,-0.003062,0.000271,0.001088,0.000172,-0.000167,0.001986,-0.001116,-0.000907,-0.002020,-0.000442,-0.001316,0.000030,0.002237,0.001986,0.001508,0.001768,0.000906,0.001192,0.002955,0.000417,0.000860,0.000576,0.000694,0.000053,0.000115,0.000081,0.000017,-0.000000,0.000081,0.000028,0.000119,0.000027,0.000076,0.000021
0.000330,0.000595,-0.000283,0.000117,-0.000778,0.000529,0.001004,0.002617,-0.000155,0.003124,0.002170,0.001465,0.002353,0.001446,-0.000203,0.001262,-0.000288,-0.000859,-0.000498,0.004535,0.003053,-0.002608,-0.003411,-0.007287,-0.005933,-0.004014,-0.000870,0.000616,0.000084,-0.000828,-0.001825,0.001103,0.000317,0.001978,0.002581,-0.000219,0.001188,0.002834,0.006030,0.002503,0.002324,0.000963,0.000358,0.000677,0.001485,0.001397,0.000244,0.000336,0.000424,0.000018,0.000030,0.000060,0.000053,0.000008,0.000107,0.000015,0.000109,0.000094,0.000017,0.000045
0.000400,0.001157,0.000899,0.001013,0.002278,0.002314,0.003082,-0.000155,0.008516,0.004113,0.006655,0.004681,0.002508,0.005549,0.009298,0.006311,0.008378,0.003752,-0.000346,0.004269,0.006867,0.000068,0.004266,0.004073,0.004659,0.002035,-0.001193,0.002460,-0.001041,-0.000710,-0.003279,-0.000056,-0.004011,-0.007848,-0.011577,-0.006626,-0.008193,-0.008566,-0.004426,-0.002003,-0.001704,0.001124,-0.000177,-0.000691,0.001254,-0.000848,-0.000115,0.000765,0.000628,0.000076,0.000251,0.000049,-0.000011,-0.000021,-0.000005,0.000023,0.000058,-0.000057,0.000004,0.000002
0.000779,0.001332,0.000707,0.000924,0.001101,0.002742,0.003869,0.003124,0.004113,0.013575,0.011503,0.007239,0.005443,0.007173,0.003392,0.006804,0.005095,0.003545,0.002076,0.010709,0.008968,-0.000189,0.000277,-0.005040,-0.001208,0.000230,0.000460,0.002443,-0.004734,-0.007158,-0.001578,0.002372,-0.000614,-0.003891,-0.005356,-0.001050,-0.001505,-0.000895,0.009454,0.003278,0.004968,0.006034,0.004482,0.003676,0.004789,0.000372,0.000799,0.001557,0.001159,-0.000014,0.000222,0.000261,0.000050,0.000068,0.000138,0.000048,0.000198,0.000039,0.000052,0.000005
0.000823,0.001213,0.000820,0.000608,0.001493,0.003517,0.003209,0.002170,0.006655,0.011503,0.013922,0.010021,0.006744,0.009165,0.007314,0.008539,0.010296,0.007152,0.003866,0.013396,0.012521,0.002272,0.004820,0.000169,0.004655,0.003674,0.003213,0.004740,-0.005353,-0.005166,-0.002354,0.001328,-0.002872,-0.007369,-0.012497,-0.005251,-0.005741,-0.006855,0.003084,-0.000191,0.001104,0.004201,0.001374,0.001040,0.002783,-0.000616,-0.000563,0.001023,0.000573,-0.000061,0.000273,0.000206,0.000023,0.000053,0.000036,0.000040,0.000124,-0.000033,-0.000046,-0.000015
0.000736,0.001038,0.001566,0.000843,0.002545,0.003000,0.000779,0.001465,0.004681,0.007239,0.010021,0.014505,0.007504,0.008667,0.006361,0.003372,0.005839,0.003891,0.000280,0.005991,0.004956,-0.002209,-0.001357,-0.002677,0.000707,0.001171,0.005256,0.004309,-0.006666,-0.004596,-0.000039,-0.000091,-0.002158,-0.003763,-0.009392,-0.000112,-0.003103,-0.003468,0.004863,0.000251,0.001912,0.004388,0.002113,0.000634,0.003457,-0.001154,-0.001005,0.001057,0.000111,0.000036,0.000229,0.000152,0.000000,0.000096,0.000103,0.000012,0.000103,-0.000039,-0.000043,0.000019
0.000587,0.000959,0.000888,0.000166,0.000467,0.002627,0.001825,0.002353,0.002508,0.005443,0.006744,0.007504,0.012634,0.008123,0.006111,0.005455,0.003077,0.003615,0.005121,0.010253,0.006028,-0.000936,0.000626,-0.003787,-0.003236,-0.005601,-0.001450,0.001904,-0.001119,0.001326,-0.001645,0.001210,-0.000896,0.002727,-0.002709,0.001688,-0.002470,-0.000671,0.003767,0.000471,0.000409,0.002455,-0.001304,0.000085,0.003504,0.000508,-0.000137,0.000400,-0.000246,0.000015,0.000033,0.000089,-0.000006,0.000139,0.000142,0.000007,0.000160,0.000007,-0.000001,0.000024
0.000812,0.001926,0.001190,0.000872,0.002838,0.004322,0.003650,0.001446,0.005549,0.007173,0.009165,0.008667,0.008123,0.016753,0.018028,0.018159,0.020296,0.011729,0.006313,0.015319,0.012201,0.006406,0.003901,0.002664,0.002568,-0.000361,0.000265,-0.000115,-0.003607,-0.004756,-0.002771,-0.000696,-0.005543,-0.007432,-0.013433,0.000885,-0.004660,-0.001729,0.002654,0.000142,0.000601,0.002207,-0.000465,-0.000320,0.002559,-0.002926,-0.000919,-0.000345,-0.000008,0.000065,0.000180,0.000166,-0.000036,0.000142,-0.000063,0.000053,0.000195,-0.000002,-0.000019,-0.000005
0.000568,0.002464,0.002194,0.002072,0.005989,0.005445,0.004280,-0.000203,0.009298,0.003392,0.007314,0.006361,0.006111,0.018028,0.033579,0.029608,0.033376,0.019427,0.010811,0.018841,0.013818,0.011676,0.005692,0.005912,0.001898,-0.005399,-0.004783,-0.009076,-0.009954,-0.010314,-0.012082,-0.004853,-0.011989,-0.019778,-0.021565,-0.005866,-0.011443,-0.010891,-0.005376,-0.002477,-0.000813,0.000317,-0.003154,-0.003138,-0.003754,-0.006210,-0.001795,-0.000835,0.000065,0.000435,0.000228,0.000105,-0.000030,0.000130,-0.000225,0.000080,0.000230,-0.000041,0.000049,0.000061
0.000494,0.002346,0.000448,0.001280,0.003948,0.005945,0.004644,0.001262,0.006311,0.006804,0.008539,0.003372,0.005455,0.018159,0.029608,0.036011,0.038787,0.020967,0.017130,0.026907,0.018002,0.017810,0.007791,0.004650,0.003851,-0.002165,-0.003059,-0.005336,-0.007832,-0.013530,-0.015592,-0.005555,-0.009677,-0.018910,-0.019554,-0.002960,-0.009212,-0.004984,-0.002163,-0.003519,-0.003348,-0.003868,-0.004096,-0.001995,-0.005313,-0.007575,-0.001662,-0.001163,0.000040,0.000112,0.000091,0.000127,0.000003,0.000150,-0.000255,0.000091,0.000220,0.000048,0.000023,0.000003
0.000461,0.002241,0.001680,0.001063,0.005935,0.007053,0.003859,-0.000288,0.008378,0.005095,0.010296,0.005839,0.003077,0.020296,0.033376,0.038787,0.052059,0.025655,0.021885,0.031532,0.023748,0.023817,0.013665,0.010977,0.010203,0.002026,-0.004468,-0.009769,-0.014905,-0.019477,-0.020630,-0.008714,-0.012465,-0.023959,-0.024418,-0.000578,-0.009827,-0.006241,-0.006730,-0.005942,-0.005387,-0.004403,-0.005682,-0.001804,-0.005793,-0.009438,-0.003471,-0.001826,-0.000474,0.000112,0.000174,0.000130,0.000002,0.000226,-0.000329,0.000092,0.000202,0.000029,0.000032,-0.000003
0.000125,0.001025,0.000872,0.000177,0.003263,0.003222,0.001158,-0.000859,0.003752,0.003545,0.007152,0.003891,0.003615,0.011729,0.019427,0.020967,0.025655,0.026535,0.009240,0.018715,0.012945,0.015850,0.008848,0.010884,0.011324,0.001891,0.001273,-0.009493,-0.009438,-0.006250,-0.007122,-0.004440,-0.006003,-0.016249,-0.019758,-0.007171,-0.007528,-0.009284,-0.003396,-0.004535,-0.002400,-0.001327,-0.003511,-0.000669,-0.005234,-0.006377,-0.000883,-0.001146,-0.000924,0.000115,0.000028,0.000054,-0.000080,0.000091,-0.000450,0.000036,0.000009,-0.000126,-0.000178,-0.000014
-0.000099,-0.000475,0.001934,-0.000831,0.001802,0.003644,-0.000247,-0.000498,-0.000346,0.002076,0.003866,0.000280,0.005121,0.006313,0.010811,0.017130,0.021885,0.009240,0.033631,0.030222,0.015653,0.015729,0.011102,0.002407,0.005213,0.000446,-0.002431,-0.003443,-0.008919,-0.009808,-0.013474,-0.003860,-0.005069,-0.016426,-0.011081,-0.005648,-0.012872,-0.008127,-0.005849,-0.010173,-0.008838,-0.002156,-0.002761,-0.003777,-0.006889,-0.006203,-0.003472,-0.001894,-0.001002,-0.000363,-0.000083,0.000099,0.000022,0.000132,-0.000062,0.000035,-0.000002,0.000019,0.000067,-0.000036
0.000712,0.001468,0.000245,-0.000196,0.000440,0.006124,0.003090,0.004535,0.004269,0.010709,0.013396,0.005991,0.010253,0.015319,0.018841,0.026907,0.031532,0.018715,0.030222,0.057487,0.045215,0.023829,0.012353,-0.004788,0.002515,-0.001245,-0.001850,-0.003544,-0.008543,-0.008716,-0.024882,-0.003883,-0.013146,-0.027080,-0.025306,-0.020044,-0.020952,-0.011835,-0.000916,-0.012376,-0.011863,-0.007793,-0.003989,-0.004489,-0.007765,-0.004764,-0.003248,-0.001358,-0.000329,-0.000491,0.000135,0.000206,0.000101,-0.000026,-0.000250,0.000067,0.000159,0.000159,-0.000194,-0.000042
0.000680,0.001439,-0.001304,0.000205,-0.000256,0.004478,0.003192,0.003053,0.006867,0.008968,0.012521,0.004956,0.006028,0.012201,0.013818,0.018002,0.023748,0.012945,0.015653,0.045215,0.048906,0.024465,0.019080,0.004933,0.012856,0.008040,-0.001313,-0.001569,-0.004724,-0.009058,-0.022122,-0.000037,-0.011988,-0.021682,-0.024679,-0.020275,-0.015396,-0.013564,-0.006202,-0.013728,-0.011658,-0.007488,-0.003041,-0.003462,-0.005045,-0.000330,-0.001413,-0.001003,-0.000005,-0.000304,0.000242,0.000116,0.000050,-0.000078,-0.000349,0.000053,0.000089,0.000084,-0.000315,-0.000162
-0.000491,-0.000574,-0.000728,-0.000864,0.002020,0.001871,-0.001727,-0.002608,0.000068,-0.000189,0.002272,-0.002209,-0.000936,0.006406,0.011676,0.017810,0.023817,0.015850,0.015729,0.023829,0.024465,0.041947,0.024220,0.021223,0.020589,0.014847,0.005297,-0.001370,-0.005267,-0.013786,-0.014556,-0.006625,-0.008521,-0.020464,-0.024479,-0.009940,-0.013348,-0.013227,-0.014223,-0.012436,-0.012883,-0.007473,-0.002766,0.000134,-0.007490,-0.002673,-0.000244,-0.002647,-0.001282,0.000027,0.000100,0.000051,-0.000027,-0.000014,-0.000689,0.000014,-0.000169,-0.000125,-0.000242,-0.000257
-0.000409,-0.001260,0.000088,-0.000078,0.001739,0.002844,-0.000531,-0.003411,0.004266,0.000277,0.004820,-0.001357,0.000626,0.003901,0.005692,0.007791,0.013665,0.008848,0.011102,0.012353,0.019080,0.024220,0.038390,0.032457,0.028412,0.019431,0.002365,0.001308,0.000029,-0.005774,-0.010404,-0.001777,-0.000752,-0.012689,-0.013593,-0.008787,-0.009067,-0.013182,-0.016924,-0.011806,-0.011264,-0.005163,-0.005789,-0.002125,-0.007735,-0.003313,-0.002109,-0.002231,-0.001022,-0.000273,-0.000032,-0.000144,-0.000040,0.000084,-0.000523,-0.000002,-0.000220,-0.000251,-0.000223,-0.000234
-0.000680,-0.001598,-0.000196,-0.000393,0.002365,0.000628,-0.001169,-0.007287,0.004073,-0.005040,0.000169,-0.002677,-0.003787,0.002664,0.005912,0.004650,0.010977,0.010884,0.002407,-0.004788,0.004933,0.021223,0.032457,0.041896,0.035820,0.024769,0.006223,0.000523,0.003563,-0.000559,0.001208,-0.000523,0.001250,-0.008631,-0.017003,-0.002760,-0.005490,-0.011945,-0.022698,-0.011127,-0.010157,-0.004222,-0.004054,-0.000327,-0.004345,-0.004911,-0.001261,-0.002282,-0.001556,-0.000217,-0.000060,-0.000236,-0.000151,0.000028,-0.000623,-0.000008,-0.000354,-0.000384,-0.000224,-0.000280
-0.000406,-0.001665,-0.001316,-0.000989,0.000979,0.000583,-0.001316,-0.005933,0.004659,-0.001208,0.004655,0.000707,-0.003236,0.002568,0.001898,0.003851,0.010203,0.011324,0.005213,0.002515,0.012856,0.020589,0.028412,0.035820,0.042753,0.032576,0.013257,0.007930,0.002619,-0.004031,-0.001265,0.001241,0.001357,-0.010871,-0.024114,-0.011014,-0.007797,-0.015628,-0.020202,-0.014250,-0.012724,-0.003366,-0.001684,-0.000888,-0.003482,-0.002057,0.000022,-0.002097,-0.001461,-0.000285,0.000100,-0.000168,-0.000142,-0.000047,-0.000585,0.000000,-0.000427,-0.000360,-0.000361,-0.000358
-0.000272,-0.001965,-0.001568,-0.000637,-0.000658,-0.000750,-0.002270,-0.004014,0.002035,0.000230,0.003674,0.001171,-0.005601,-0.000361,-0.005399,-0.002165,0.002026,0.001891,0.000446,-0.001245,0.008040,0.014847,0.019431,0.024769,0.032576,0.032762,0.018618,0.013109,0.004967,-0.004420,-0.000609,-0.000625,0.001024,-0.009415,-0.019803,-0.009950,-0.006207,-0.009302,-0.012951,-0.009175,-0.008731,-0.002469,0.001686,-0.000703,-0.003108,-0.000594,-0.000102,-0.001245,-0.000808,-0.000276,0.000141,-0.000123,-0.000080,-0.000152,-0.000419,0.000003,-0.000416,-0.000252,-0.000343,-0.000308
0.000054,-0.001342,-0.001507,-0.000604,-0.001592,-0.001468,-0.003062,-0.000870,-0.001193,0.000460,0.003213,0.005256,-0.001450,0.000265,-0.004783,-0.003059,-0.004468,0.001273,-0.002431,-0.001850,-0.001313,0.005297,0.002365,0.006223,0.013257,0.018618,0.023274,0.016014,0.006669,0.000694,0.005552,0.001016,0.000425,-0.008480,-0.016997,-0.010431,-0.005204,-0.005766,-0.001471,-0.001610,-0.002276,0.000419,0.002743,-0.001640,-0.002149,-0.000096,0.000074,0.000168,-0.000387,-0.000112,0.000140,0.000002,-0.000043,-0.000231,-0.000200,0.000015,-0.000312,-0.000141,-0.000283,-0.000140
0.000410,-0.000675,-0.001730,-0.001100,-0.003106,0.000939,0.000271,0.000616,0.002460,0.002443,0.004740,0.004309,0.001904,-0.000115,-0.009076,-0.005336,-0.009769,-0.009493,-0.003443,-0.003544,-0.001569,-0.001370,0.001308,0.000523,0.007930,0.013109,0.016014,0.031591,0.017785,0.013368,0.010487,0.002745,0.000643,0.002300,-0.008909,-0.009203,-0.008570,-0.004397,-0.002097,-0.002097,-0.008670,-0.002565,0.001369,-0.002287,0.003048,0.004385,0.002013,0.000832,0.000427,-0.000306,0.000231,0.000091,0.000062,-0.000216,0.000087,0.000022,-0.000214,-0.000050,-0.000157,-0.000132
0.000008,-0.000617,-0.001906,-0.001171,-0.004244,-0.001933,0.001088,0.000084,-0.001041,-0.004734,-0.005353,-0.006666,-0.001119,-0.003607,-0.009954,-0.007832,-0.014905,-0.009438,-0.008919,-0.008543,-0.004724,-0.005267,0.000029,0.003563,0.002619,0.004967,0.006669,0.017785,0.028382,0.022549,0.011699,0.005510,0.002326,0.011679,0.002424,-0.003211,0.000646,0.006527,-0.004833,0.000414,-0.005937,-0.006032,0.000028,-0.001950,0.003470,0.004483,0.002616,0.000699,0.000508,-0.000325,-0.000051,-0.000088,0.000036,-0.000266,0.000037,0.000004,-0.000161,0.000040,-0.000131,-0.000074
-0.000009,-0.000696,-0.000507,-0.001800,-0.003952,-0.001777,0.000172,-0.000828,-0.000710,-0.007158,-0.005166,-0.004596,0.001326,-0.004756,-0.010314,-0.013530,-0.019477,-0.006250,-0.009808,-0.008716,-0.009058,-0.013786,-0.005774,-0.000559,-0.004031,-0.004420,0.000694,0.013368,0.022549,0.036702,0.018178,0.000565,0.000304,0.012572,0.007000,-0.003850,-0.004309,0.002303,-0.006683,-0.001845,-0.009438,-0.009144,-0.003754,-0.005735,0.001775,0.002314,0.001157,0.000849,-0.000328,-0.000528,-0.000203,-0.000150,0.000020,-0.000241,0.000006,-0.000058,-0.000176,-0.000010,-0.000175,0.000035
0.000217,-0.000095,-0.000107,-0.001220,-0.001573,-0.002705,-0.000167,-0.001825,-0.003279,-0.001578,-0.002354,-0.000039,-0.001645,-0.002771,-0.012082,-0.015592,-0.020630,-0.007122,-0.013474,-0.024882,-0.022122,-0.014556,-0.010404,0.001208,-0.001265,-0.000609,0.005552,0.010487,0.011699,0.018178,0.035125,0.010710,0.007086,0.018763,0.014597,0.015141,0.014761,0.007701,0.006198,0.008394,0.009550,0.010315,0.004838,0.003159,0.013320,0.005509,0.003077,0.002428,0.000373,0.000006,-0.000001,0.000219,-0.000076,-0.000006,0.000257,0.000016,-0.000014,-0.000071,0.000083,-0.000003
0.000353,0.000580,-0.001805,-0.000276,-0.002075,-0.001324,0.001986,0.001103,-0.000056,0.002372,0.001328,-0.000091,0.001210,-0.000696,-0.004853,-0.005555,-0.008714,-0.004440,-0.003860,-0.003883,-0.000037,-0.006625,-0.001777,-0.000523,0.001241,-0.000625,0.001016,0.002745,0.005510,0.000565,0.010710,0.015713,0.006589,0.006522,0.002678,0.002437,0.008327,0.001602,0.005161,0.004392,0.006628,0.008139,0.003069,0.004546,0.008609,0.004455,0.001347,0.000908,0.000760,-0.000042,0.000095,0.000119,-0.000039,-0.000045,0.000255,0.000064,0.000077,0.000008,0.000124,-0.000030
-0.000164,-0.000598,-0.001483,-0.000796,-0.002215,-0.002278,-0.001116,0.000317,-0.004011,-0.000614,-0.002872,-0.002158,-0.000896,-0.005543,-0.011989,-0.009677,-0.012465,-0.006003,-0.005069,-0.013146,-0.011988,-0.008521,-0.000752,0.001250,0.001357,0.001024,0.000425,0.000643,0.002326,0.000304,0.007086,0.006589,0.012074,0.013047,0.012822,0.007399,0.009378,0.006752,0.005518,0.003722,0.004403,0.003621,0.000492,0.004084,0.004493,0.001878,0.000453,-0.000354,-0.000134,-0.000204,-0.000160,-0.000091,-0.000035,0.000055,0.000141,-0.000014,-0.000053,-0.000025,0.000074,-0.000023
0.000123,-0.000027,-0.000211,-0.001387,-0.003217,-0.002506,-0.000907,0.001978,-0.007848,-0.003891,-0.007369,-0.003763,0.002727,-0.007432,-0.019778,-0.018910,-0.023959,-0.016249,-0.016426,-0.027080,-0.021682,-0.020464,-0.012689,-0.008631,-0.010871,-0.009415,-0.008480,0.002300,0.011679,0.012572,0.018763,0.006522,0.013047,0.045025,0.040033,0.029562,0.029810,0.026948,0.011585,0.010446,0.009520,0.004902,0.000820,0.005469,0.013660,0.009674,0.002906,0.000756,-0.000034,0.000075,-0.000288,-0.000030,0.000030,0.000278,0.000498,-0.000039,0.000180,0.000174,0.000126,0.000047
-0.000347,-0.000118,0.000323,-0.000312,-0.002551,-0.002816,-0.002020,0.002581,-0.011577,-0.005356,-0.012497,-0.009392,-0.002709,-0.013433,-0.021565,-0.019554,-0.024418,-0.019758,-0.011081,-0.025306,-0.024679,-0.024479,-0.013593,-0.017003,-0.024114,-0.019803,-0.016997,-0.008909,0.002424,0.007000,0.014597,0.002678,0.012822,0.040033,0.058190,0.035134,0.035414,0.031346,0.018933,0.013610,0.016743,0.006162,-0.000295,0.003912,0.008809,0.008327,0.002188,0.002123,0.000721,0.000200,-0.000481,0.000029,0.000108,0.000351,0.000621,-0.000037,0.000306,0.000309,0.000314,0.000193
-0.000019,0.000871,0.001268,0.000257,0.001453,0.000157,-0.000442,-0.000219,-0.006626,-0.001050,-0.005251,-0.000112,0.001688,0.000885,-0.005866,-0.002960,-0.000578,-0.007171,-0.005648,-0.020044,-0.020275,-0.009940,-0.008787,-0.002760,-0.011014,-0.009950,-0.010431,-0.009203,-0.003211,-0.003850,0.015141,0.002437,0.007399,0.029562,0.035134,0.045963,0.034577,0.030106,0.012391,0.013037,0.016228,0.007914,0.001443,0.007779,0.012986,0.002097,0.000836,0.002136,0.000073,0.000232,-0.000286,0.000159,-0.000015,0.000496,0.000493,-0.000003,0.000358,0.000172,0.000367,0.000090
-0.000009,0.000559,-0.000489,0.000205,-0.000891,-0.002022,-0.001316,0.001188,-0.008193,-0.001505,-0.005741,-0.003103,-0.002470,-0.004660,-0.011443,-0.009212,-0.009827,-0.007528,-0.012872,-0.020952,-0.015396,-0.013348,-0.009067,-0.005490,-0.007797,-0.006207,-0.005204,-0.008570,0.000646,-0.004309,0.014761,0.008327,0.009378,0.029810,0.035414,0.034577,0.038951,0.027604,0.014963,0.014076,0.019283,0.009536,0.002831,0.007048,0.010854,0.006716,0.002326,0.002406,0.000618,0.000386,-0.000242,0.000127,0.000003,0.000335,0.000428,0.000026,0.000272,0.000191,0.000203,0.000063
0.000160,0.000439,0.000273,-0.000168,-0.001344,-0.001155,0.000030,0.002834,-0.008566,-0.000895,-0.006855,-0.003468,-0.000671,-0.001729,-0.010891,-0.004984,-0.006241,-0.009284,-0.008127,-0.011835,-0.013564,-0.013227,-0.013182,-0.011945,-0.015628,-0.009302,-0.005766,-0.004397,0.006527,0.002303,0.007701,0.001602,0.006752,0.026948,0.031346,0.030106,0.027604,0.032481,0.017048,0.012608,0.011542,0.001889,0.002308,0.005275,0.008073,0.003075,0.001163,0.001265,0.000535,0.000046,-0.000293,0.000048,0.000079,0.000224,0.000421,0.000006,0.000243,0.000302,0.000190,0.000107
0.000775,0.001451,0.000678,0.000906,-0.000377,0.000459,0.002237,0.006030,-0.004426,0.009454,0.003084,0.004863,0.003767,0.002654,-0.005376,-0.002163,-0.006730,-0.003396,-0.005849,-0.000916,-0.006202,-0.014223,-0.016924,-0.022698,-0.020202,-0.012951,-0.001471,-0.002097,-0.004833,-0.006683,0.006198,0.005161,0.005518,0.011585,0.018933,0.012391,0.014963,0.017048,0.029910,0.014517,0.017893,0.013085,0.006511,0.006278,0.009207,0.004365,0.002311,0.001913,0.001429,0.000370,0.000064,0.000315,0.000084,0.000168,0.000479,0.000071,0.000352,0.000237,0.000198,0.000168
0.000400,0.000794,0.000418,0.000610,0.000031,-0.000875,0.001986,0.002503,-0.002003,0.003278,-0.000191,0.000251,0.000471,0.000142,-0.002477,-0.003519,-0.005942,-0.004535,-0.010173,-0.012376,-0.013728,-0.012436,-0.011806,-0.011127,-0.014250,-0.009175,-0.001610,-0.002097,0.000414,-0.001845,0.008394,0.004392,0.003722,0.010446,0.013610,0.013037,0.014076,0.012608,0.014517,0.016272,0.015880,0.010125,0.003949,0.006092,0.009064,0.004951,0.002272,0.002014,0.001361,0.000468,0.000124,0.000218,0.000067,0.000063,0.000374,0.000035,0.000232,0.000115,0.000278,0.000142
0.000360,0.001178,0.000761,0.001388,0.000915,-0.000865,0.001508,0.002324,-0.001704,0.004968,0.001104,0.001912,0.000409,0.000601,-0.000813,-0.003348,-0.005387,-0.002400,-0.008838,-0.011863,-0.011658,-0.012883,-0.011264,-0.010157,-0.012724,-0.008731,-0.002276,-0.008670,-0.005937,-0.009438,0.009550,0.006628,0.004403,0.009520,0.016743,0.016228,0.019283,0.011542,0.017893,0.015880,0.023304,0.016818,0.005765,0.006826,0.010539,0.004905,0.002235,0.002902,0.001452,0.000628,0.000145,0.000291,0.000004,0.000169,0.000415,0.000063,0.000319,0.000103,0.000285,0.000143
0.000503,0.000744,0.002049,0.000958,0.002168,0.000117,0.001768,0.000963,0.001124,0.006034,0.004201,0.004388,0.002455,0.002207,0.000317,-0.003868,-0.004403,-0.001327,-0.002156,-0.007793,-0.007488,-0.007473,-0.005163,-0.004222,-0.003366,-0.002469,0.000419,-0.002565,-0.006032,-0.009144,0.010315,0.008139,0.003621,0.004902,0.006162,0.007914,0.009536,0.001889,0.013085,0.010125,0.016818,0.019063,0.007317,0.006051,0.011232,0.005191,0.002167,0.001950,0.001097,0.000573,0.000300,0.000326,-0.000016,0.000157,0.000354,0.000078,0.000223,-0.000009,0.000238,0.000064
0.000304,0.000167,0.001418,0.000587,0.001250,-0.000555,0.000906,0.000358,-0.000177,0.004482,0.001374,0.002113,-0.001304,-0.000465,-0.003154,-0.004096,-0.005682,-0.003511,-0.002761,-0.003989,-0.003041,-0.002766,-0.005789,-0.004054,-0.001684,0.001686,0.002743,0.001369,0.000028,-0.003754,0.004838,0.003069,0.000492,0.000820,-0.000295,0.001443,0.002831,0.002308,0.006511,0.003949,0.005765,0.007317,0.007762,0.003617,0.005769,0.002734,0.002019,0.001414,0.000950,0.000203,0.000194,0.000178,0.000027,-0.000016,0.000148,0.000040,0.000060,0.000030,0.000088,-0.000006
0.000150,0.000348,-0.000069,-0.000172,0.000408,-0.000336,0.001192,0.000677,-0.000691,0.003676,0.001040,0.000634,0.000085,-0.000320,-0.003138,-0.001995,-0.001804,-0.000669,-0.003777,-0.004489,-0.003462,0.000134,-0.002125,-0.000327,-0.000888,-0.000703,-0.001640,-0.002287,-0.001950,-0.005735,0.003159,0.004546,0.004084,0.005469,0.003912,0.007779,0.007048,0.005275,0.006278,0.006092,0.006826,0.006051,0.003617,0.007654,0.007369,0.003179,0.001994,0.000523,0.000588,0.000190,0.000129,0.000139,0.000014,0.000058,0.000141,0.000023,0.000081,0.000014,0.000157,-0.000007
0.000694,0.001243,0.000424,-0.000282,0.000074,-0.000469,0.002955,0.001485,0.001254,0.004789,0.002783,0.003457,0.003504,0.002559,-0.003754,-0.005313,-0.005793,-0.005234,-0.006889,-0.007765,-0.005045,-0.007490,-0.007735,-0.004345,-0.003482,-0.003108,-0.002149,0.003048,0.003470,0.001775,0.013320,0.008609,0.004493,0.013660,0.008809,0.012986,0.010854,0.008073,0.009207,0.009064,0.010539,0.011232,0.005769,0.007369,0.017162,0.008234,0.003811,0.002366,0.001165,0.000256,0.000277,0.000290,0.000028,0.000079,0.000373,0.000049,0.000212,0.000076,0.000209,0.000008
0.000281,0.000274,-0.000497,-0.000490,-0.001310,-0.001384,0.000417,0.001397,-0.000848,0.000372,-0.000616,-0.001154,0.000508,-0.002926,-0.006210,-0.007575,-0.009438,-0.006377,-0.006203,-0.004764,-0.000330,-0.002673,-0.003313,-0.004911,-0.002057,-0.000594,-0.000096,0.004385,0.004483,0.002314,0.005509,0.004455,0.001878,0.009674,0.008327,0.002097,0.006716,0.003075,0.004365,0.004951,0.004905,0.005191,0.002734,0.003179,0.008234,0.009560,0.003754,0.001245,0.000812,0.000352,0.000183,0.000158,0.000059,-0.000035,0.000175,0.000023,0.000054,0.000074,0.000039,-0.000024
0.000078,0.000207,-0.000295,-0.000113,-0.000266,-0.000613,0.000860,0.000244,-0.000115,0.000799,-0.000563,-0.001005,-0.000137,-0.000919,-0.001795,-0.001662,-0.003471,-0.000883,-0.003472,-0.003248,-0.001413,-0.000244,-0.002109,-0.001261,0.000022,-0.000102,0.000074,0.002013,0.002616,0.001157,0.003077,0.001347,0.000453,0.002906,0.002188,0.000836,0.002326,0.001163,0.002311,0.002272,0.002235,0.002167,0.002019,0.001994,0.003811,0.003754,0.002816,0.000883,0.000513,0.000221,0.000085,0.000082,0.000013,-0.000027,0.000038,0.000013,0.000013,0.000014,0.000018,-0.000018
0.000090,0.000300,0.000135,0.000303,0.000235,-0.000084,0.000576,0.000336,0.000765,0.001557,0.001023,0.001057,0.000400,-0.000345,-0.000835,-0.001163,-0.001826,-0.001146,-0.001894,-0.001358,-0.001003,-0.002647,-0.002231,-0.002282,-0.002097,-0.001245,0.000168,0.000832,0.000699,0.000849,0.002428,0.000908,-0.000354,0.000756,0.002123,0.002136,0.002406,0.001265,0.001913,0.002014,0.002902,0.001950,0.001414,0.000523,0.002366,0.001245,0.000883,0.001587,0.000539,0.000075,0.000048,0.000075,0.000021,-0.000009,0.000084,0.000008,0.000057,0.000035,0.000034,0.000022
0.000090,0.000243,0.000051,0.000205,0.000150,0.000029,0.000694,0.000424,0.000628,0.001159,0.000573,0.000111,-0.000246,-0.000008,0.000065,0.000040,-0.000474,-0.000924,-0.001002,-0.000329,-0.000005,-0.001282,-0.001022,-0.001556,-0.001461,-0.000808,-0.000387,0.000427,0.000508,-0.000328,0.000373,0.000760,-0.000134,-0.000034,0.000721,0.000073,0.000618,0.000535,0.001429,0.001361,0.001452,0.001097,0.000950,0.000588,0.001165,0.000812,0.000513,0.000539,0.000487,0.000048,0.000048,0.000043,0.000015,-0.000016,0.000050,0.000009,0.000032,0.000024,0.000032,0.000012
0.000015,0.000045,0.000097,0.000074,0.000178,-0.000003,0.000053,0.000018,0.000076,-0.000014,-0.000061,0.000036,0.000015,0.000065,0.000435,0.000112,0.000112,0.000115,-0.000363,-0.000491,-0.000304,0.000027,-0.000273,-0.000217,-0.000285,-0.000276,-0.000112,-0.000306,-0.000325,-0.000528,0.000006,-0.000042,-0.000204,0.000075,0.000200,0.000232,0.000386,0.000046,0.000370,0.000468,0.000628,0.000573,0.000203,0.000190,0.000256,0.000352,0.000221,0.000075,0.000048,0.000079,0.000016,0.000014,0.000003,0.000005,0.000006,0.000003,0.000009,0.000001,0.000007,0.000005
0.000022,0.000030,0.000045,0.000026,0.000100,0.000074,0.000115,0.000030,0.000251,0.000222,0.000273,0.000229,0.000033,0.000180,0.000228,0.000091,0.000174,0.000028,-0.000083,0.000135,0.000242,0.000100,-0.000032,-0.000060,0.000100,0.000141,0.000140,0.000231,-0.000051,-0.000203,-0.000001,0.000095,-0.000160,-0.000288,-0.000481,-0.000286,-0.000242,-0.000293,0.000064,0.000124,0.000145,0.000300,0.000194,0.000129,0.000277,0.000183,0.000085,0.000048,0.000048,0.000016,0.000040,0.000012,0.000001,-0.000002,0.000005,0.000003,0.000001,-0.000000,0.000004,-0.000000
0.000022,0.000044,0.000043,0.000016,0.000051,0.000056,0.000081,0.000060,0.000049,0.000261,0.000206,0.000152,0.000089,0.000166,0.000105,0.000127,0.000130,0.000054,0.000099,0.000206,0.000116,0.000051,-0.000144,-0.000236,-0.000168,-0.000123,0.000002,0.000091,-0.000088,-0.000150,0.000219,0.000119,-0.000091,-0.000030,0.000029,0.000159,0.000127,0.000048,0.000315,0.000218,0.000291,0.000326,0.000178,0.000139,0.000290,0.000158,0.000082,0.000075,0.000043,0.000014,0.000012,0.000025,0.000004,0.000000,0.000010,0.000003,0.000007,0.000002,0.000007,0.000002
0.000007,0.000006,0.000018,0.000000,0.000003,0.000020,0.000017,0.000053,-0.000011,0.000050,0.000023,0.000000,-0.000006,-0.000036,-0.000030,0.000003,0.000002,-0.000080,0.000022,0.000101,0.000050,-0.000027,-0.000040,-0.000151,-0.000142,-0.000080,-0.000043,0.000062,0.000036,0.000020,-0.000076,-0.000039,-0.000035,0.000030,0.000108,-0.000015,0.000003,0.000079,0.000084,0.000067,0.000004,-0.000016,0.000027,0.000014,0.000028,0.000059,0.000013,0.000021,0.000015,0.000003,0.000001,0.000004,0.000016,-0.000001,0.000002,0.000001,0.000003,0.000003,0.000002,0.000002
0.000003,0.000021,0.000072,0.000022,0.000084,0.000095,-0.000000,0.000008,-0.000021,0.000068,0.000053,0.000096,0.000139,0.000142,0.000130,0.000150,0.000226,0.000091,0.000132,-0.000026,-0.000078,-0.000014,0.000084,0.000028,-0.000047,-0.000152,-0.000231,-0.000216,-0.000266,-0.000241,-0.000006,-0.000045,0.000055,0.000278,0.000351,0.000496,0.000335,0.000224,0.000168,0.000063,0.000169,0.000157,-0.000016,0.000058,0.000079,-0.000035,-0.000027,-0.000009,-0.000016,0.000005,-0.000002,0.000000,-0.000001,0.000019,0.000005,0.000000,0.000008,0.000002,0.000005,0.000001
0.000023,0.000039,0.000040,0.000019,-0.000018,0.000010,0.000081,0.000107,-0.000005,0.000138,0.000036,0.000103,0.000142,-0.000063,-0.000225,-0.000255,-0.000329,-0.000450,-0.000062,-0.000250,-0.000349,-0.000689,-0.000523,-0.000623,-0.000585,-0.000419,-0.000200,0.000087,0.000037,0.000006,0.000257,0.000255,0.000141,0.000498,0.000621,0.000493,0.000428,0.000421,0.000479,0.000374,0.000415,0.000354,0.000148,0.000141,0.000373,0.000175,0.000038,0.000084,0.000050,0.000006,0.000005,0.000010,0.000002,0.000005,0.000030,0.000002,0.000010,0.000007,0.000016,0.000006
0.000006,0.000014,0.000005,0.000009,0.000006,0.000019,0.000028,0.000015,0.000023,0.000048,0.000040,0.000012,0.000007,0.000053,0.000080,0.000091,0.000092,0.000036,0.000035,0.000067,0.000053,0.000014,-0.000002,-0.000008,0.000000,0.000003,0.000015,0.000022,0.000004,-0.000058,0.000016,0.000064,-0.000014,-0.000039,-0.000037,-0.000003,0.000026,0.000006,0.000071,0.000035,0.000063,0.000078,0.000040,0.000023,0.000049,0.000023,0.000013,0.000008,0.000009,0.000003,0.000003,0.000003,0.000001,0.000000,0.000002,0.000006,0.000002,0.000001,0.000001,0.000001
0.000021,0.000062,0.000044,0.000053,0.000053,0.000088,0.000119,0.000109,0.000058,0.000198,0.000124,0.000103,0.000160,0.000195,0.000230,0.000220,0.000202,0.000009,-0.000002,0.000159,0.000089,-0.000169,-0.000220,-0.000354,-0.000427,-0.000416,-0.000312,-0.000214,-0.000161,-0.000176,-0.000014,0.000077,-0.000053,0.000180,0.000306,0.000358,0.000272,0.000243,0.000352,0.000232,0.000319,0.000223,0.000060,0.000081,0.000212,0.000054,0.000013,0.000057,0.000032,0.000009,0.000001,0.000007,0.000003,0.000008,0.000010,0.000002,0.000021,0.000006,0.000008,0.000004
0.000010,0.000028,0.000001,0.000002,-0.000019,0.000003,0.000027,0.000094,-0.000057,0.000039,-0.000033,-0.000039,0.000007,-0.000002,-0.000041,0.000048,0.000029,-0.000126,0.000019,0.000159,0.000084,-0.000125,-0.000251,-0.000384,-0.000360,-0.000252,-0.000141,-0.000050,0.000040,-0.000010,-0.000071,0.000008,-0.000025,0.000174,0.000309,0.000172,0.000191,0.000302,0.000237,0.000115,0.000103,-0.000009,0.000030,0.000014,0.000076,0.000074,0.000014,0.000035,0.000024,0.000001,-0.000000,0.000002,0.000003,0.000002,0.000007,0.000001,0.000006,0.000011,0.000005,0.000002
0.000002,0.000020,0.000042,0.000021,0.000054,0.000018,0.000076,0.000017,0.000004,0.000052,-0.000046,-0.000043,-0.000001,-0.000019,0.000049,0.000023,0.000032,-0.000178,0.000067,-0.000194,-0.000315,-0.000242,-0.000223,-0.000224,-0.000361,-0.000343,-0.000283,-0.000157,-0.000131,-0.000175,0.000083,0.000124,0.000074,0.000126,0.000314,0.000367,0.000203,0.000190,0.000198,0.000278,0.000285,0.000238,0.000088,0.000157,0.000209,0.000039,0.000018,0.000034,0.000032,0.000007,0.000004,0.000007,0.000002,0.000005,0.000016,0.000001,0.000008,0.000005,0.000022,0.000004
0.000005,0.000017,0.000033,0.000018,0.000018,0.000016,0.000021,0.000045,0.000002,0.000005,-0.000015,0.000019,0.000024,-0.000005,0.000061,0.000003,-0.000003,-0.000014,-0.000036,-0.000042,-0.000162,-0.000257,-0.000234,-0.000280,-0.000358,-0.000308,-0.000140,-0.000132,-0.000074,0.000035,-0.000003,-0.000030,-0.000023,0.000047,0.000193,0.000090,0.000063,0.000107,0.000168,0.000142,0.000143,0.000064,-0.000006,-0.000007,0.000008,-0.000024,-0.000018,0.000022,0.000012,0.000005,-0.000000,0.000002,0.000002,0.000001,0.000006,0.000001,0.000004,0.000002,0.000004,0.000007
