0.000091,0.000039,0.000114,0.000048,0.000073,0.000111,0.000130,0.000053,0.000148,0.000291,0.000243,0.000288,0.000394,0.000241,0.000196,0.000112,-0.000041,-0.000085,-0.000081,-0.000071,-0.000204,-0.000302,-0.000127,-0.000241,-0.000118,-0.000102,-0.000087,-0.000087,0.000056,-0.000022,0.000399,0.000288,-0.000010,-0.000109,-0.000229,-0.000061,0.000007,-0.000031,0.000339,0.000227,0.000341,0.000367,0.000306,0.000089,0.000468,0.000122,0.000084,0.000057,0.000046,0.000018,0.000008,0.000009,0.000000,0.000006,0.000015,0.000005,0.000007,-0.000003,0.000008,0.000003
0.000039,0.000437,0.000334,0.000226,0.000275,0.000230,0.000361,0.000108,0.000193,0.000576,0.000297,0.000071,0.000293,0.000873,0.001487,0.001313,0.001476,0.000309,-0.000048,0.000741,0.000603,0.000263,-0.000378,-0.000963,-0.001248,-0.001590,-0.001453,-0.001252,-0.001033,-0.000324,0.000274,-0.000082,-0.000575,-0.000275,0.000751,0.000867,0.000244,0.000525,0.000973,0.000505,0.000379,-0.000074,0.000598,0.000405,0.000615,0.000248,0.000232,0.000219,0.000238,0.000069,0.000010,0.000016,0.000004,0.000018,0.000033,0.000014,0.000047,0.000017,0.000031,0.000010
0.000114,0.000334,0.002046,0.000792,0.001561,0.000562,-0.000260,0.000115,-0.000366,0.000338,0.000119,0.001009,0.000701,0.000923,0.001608,0.000551,0.000916,-0.000081,-0.001136,-0.001976,-0.003090,-0.002646,-0.001555,-0.001437,-0.003766,-0.003528,-0.002284,-0.001996,-0.000399,0.000043,0.000820,-0.000357,-0.000962,0.000641,0.001897,0.001572,0.001291,0.001336,0.001332,0.000956,0.001573,0.001363,0.000794,-0.000745,0.000779,-0.000660,-0.000148,0.000011,0.000183,0.000078,0.000007,0.000020,0.000022,0.000062,0.000067,0.000003,0.000070,0.000002,0.000074,0.000034
0.000048,0.000226,0.000792,0.001006,0.000826,0.000517,0.000372,-0.000020,0.000693,0.001198,0.001140,0.000845,0.000398,0.001147,0.001640,0.001618,0.001934,0.000421,-0.000334,-0.000401,-0.000174,0.000402,0.000839,0.001200,-0.000671,-0.000410,-0.001433,-0.001057,-0.001046,-0.001093,-0.000918,-0.001293,-0.001511,-0.001376,-0.000322,0.000331,-0.000191,-0.000334,-0.000230,-0.000073,0.000763,0.000486,0.000429,-0.000168,0.000233,-0.000883,-0.000306,0.000041,0.000132,0.000109,0.000023,0.000016,0.000024,0.000047,0.000005,0.000012,0.000051,-0.000013,0.000028,0.000011
0.000073,0.000275,0.001561,0.000826,0.002458,0.001006,-0.000003,-0.000275,-0.000059,0.000407,0.000343,0.001156,0.000355,0.002388,0.004895,0.002250,0.003988,0.002004,0.001878,0.001324,-0.000592,0.000718,0.000555,0.000152,-0.001765,-0.002748,-0.001826,-0.002911,-0.001574,-0.002185,-0.000996,-0.002062,-0.002985,-0.002867,-0.001288,-0.001872,-0.000587,-0.001313,-0.000598,-0.000168,0.000693,0.000426,0.000196,-0.001631,-0.000907,-0.001054,-0.000692,0.000111,0.000114,0.000032,0.000034,0.000014,0.000018,0.000064,0.000019,0.000007,0.000065,0.000012,0.000053,0.000014
0.000111,0.000230,0.000562,0.000517,0.001006,0.001889,0.001037,0.000109,0.001349,0.001898,0.001828,0.001468,0.001616,0.002553,0.003145,0.003008,0.002927,0.001374,0.002561,0.003065,0.002523,0.001365,0.000680,0.000001,-0.000071,-0.000632,-0.001659,-0.002574,-0.001861,-0.000321,0.000040,-0.001047,-0.002070,-0.002597,-0.002128,-0.001223,-0.001927,-0.000922,0.000175,-0.000684,-0.000428,0.000703,0.001032,-0.000255,0.000117,-0.000887,0.000073,0.000161,0.000103,0.000031,0.000040,0.000049,0.000006,0.000063,0.000028,0.000021,0.000105,0.000002,0.000052,0.000010
0.000130,0.000361,-0.000260,0.000372,-0.000003,0.001037,0.003620,0.000034,0.002741,0.003222,0.003703,0.000929,0.003034,0.003102,0.004445,0.005454,0.003570,0.001588,0.002896,0.002646,0.002594,0.001074,0.000491,0.000419,0.002085,0.000209,-0.002775,-0.000569,-0.001039,0.000794,0.002032,0.000223,-0.003109,-0.003959,-0.004133,-0.003271,-0.004498,-0.003845,-0.000070,0.000002,-0.001254,0.001055,0.001522,0.000759,0.001855,0.000403,0.001338,0.000525,0.000441,0.000115,0.000026,0.000062,-0.000016,0.000048,0.000043,0.000028,0.000102,-0.000035,0.000062,-0.000020
0.000053,0.000108,0.000115,-0.000020,-0.000275,0.000109,0.000034,0.001910,-0.000700,0.000648,0.001634,0.001115,0.001458,0.000375,-0.001370,-0.001852,-0.002658,-0.001720,0.001214,0.001576,0.001418,0.000175,-0.000834,-0.003223,-0.003720,-0.003576,-0.001043,0.000552,0.000271,-0.000300,-0.000304,0.001220,0.000391,0.002466,0.000639,-0.000489,-0.000429,0.000457,0.001953,0.001316,0.000807,-0.000222,0.000999,0.000670,0.000679,0.001139,0.000453,0.000086,0.000111,-0.000007,0.000052,0.000019,0.000009,0.000013,0.000057,0.000007,0.000036,0.000004,0.000007,0.000019
0.000148,0.000193,-0.000366,0.000693,-0.000059,0.001349,0.002741,-0.000700,0.009435,0.005382,0.006170,0.001285,0.001479,0.003144,0.003851,0.005170,0.005212,0.001797,0.001137,0.001781,0.003748,0.000468,0.004835,0.001350,0.006019,0.005769,-0.001144,-0.002902,-0.002709,-0.001797,-0.001745,-0.001153,-0.003338,-0.006183,-0.008237,-0.006081,-0.006177,-0.007568,-0.004404,-0.002643,-0.002265,0.001842,-0.000923,0.000078,-0.000799,-0.001278,-0.000904,-0.000381,0.000159,0.000015,0.000116,0.000013,-0.000032,0.000015,-0.000023,-0.000000,0.000068,-0.000090,0.000016,-0.000023
0.000291,0.000576,0.000338,0.001198,0.000407,0.001898,0.003222,0.000648,0.005382,0.010720,0.009825,0.006525,0.005890,0.006513,0.002080,0.004644,0.004319,0.003169,0.003564,0.004660,0.005273,0.002031,0.005326,0.001968,0.003952,0.001693,-0.004141,-0.001676,-0.002533,-0.001596,0.003833,0.001647,-0.001309,-0.003603,-0.002130,-0.002093,-0.003508,-0.001987,0.003975,0.001463,-0.000450,-0.000192,0.002828,0.002288,0.004903,-0.001297,0.001642,0.000395,0.000791,0.000193,0.000063,0.000120,0.000032,0.000086,0.000064,0.000036,0.000157,-0.000101,0.000054,-0.000015
0.000243,0.000297,0.000119,0.001140,0.000343,0.001828,0.003703,0.001634,0.006170,0.009825,0.013562,0.007721,0.007798,0.008550,0.002025,0.004361,0.005551,0.004327,0.011094,0.011803,0.010562,0.007289,0.008178,0.002648,0.002848,0.002373,-0.002089,-0.001375,-0.005010,-0.002747,-0.001018,0.000261,-0.004080,-0.006566,-0.009372,-0.009514,-0.008922,-0.007181,0.000922,-0.001125,-0.004065,0.000527,0.000662,0.000883,0.001716,-0.001236,0.000660,0.000064,0.000349,0.000016,0.000120,0.000114,0.000036,0.000081,0.000008,0.000032,0.000165,-0.000125,-0.000002,-0.000050
0.000288,0.000071,0.001009,0.000845,0.001156,0.001468,0.000929,0.001115,0.001285,0.006525,0.007721,0.011501,0.007451,0.006481,0.001349,-0.002200,0.002537,0.001532,0.004876,0.004889,0.004310,0.002223,0.002300,0.000940,0.000699,0.001278,0.001354,0.000317,-0.004674,-0.004442,0.000269,-0.002223,-0.001567,-0.004223,-0.006000,-0.002695,-0.001380,-0.001507,0.004734,-0.000218,0.001354,0.001484,0.001072,0.001740,0.004932,-0.000394,-0.000085,0.000338,0.000251,-0.000019,0.000118,0.000137,0.000043,0.000136,0.000057,0.000026,0.000072,-0.000087,-0.000002,-0.000015
0.000394,0.000293,0.000701,0.000398,0.000355,0.001616,0.003034,0.001458,0.001479,0.005890,0.007798,0.007451,0.011431,0.007331,0.002026,0.004022,0.003920,0.000928,0.008345,0.008004,0.005662,0.002538,-0.000704,-0.003057,-0.003602,-0.002342,-0.001542,-0.000395,-0.003763,-0.003162,0.001193,0.002062,-0.001884,-0.003145,-0.007320,-0.002995,-0.003979,-0.000127,0.007154,0.002927,0.000992,0.004844,0.004710,0.002130,0.006137,0.000887,0.001458,0.000511,0.000348,0.000088,0.000085,0.000129,0.000018,0.000161,0.000144,0.000066,0.000167,-0.000030,0.000114,-0.000015
0.000241,0.000873,0.000923,0.001147,0.002388,0.002553,0.003102,0.000375,0.003144,0.006513,0.008550,0.006481,0.007331,0.017219,0.013069,0.011344,0.014831,0.006370,0.012641,0.018027,0.015662,0.012871,0.009325,0.004724,-0.000987,-0.002638,-0.004440,-0.006607,-0.007714,-0.004170,-0.004187,-0.001515,-0.008203,-0.009196,-0.009580,-0.005948,-0.007498,-0.003387,0.002337,-0.000638,-0.002820,0.001949,0.000428,0.000009,0.000802,-0.002754,-0.001042,0.000160,-0.000114,0.000119,0.000133,0.000077,0.000008,0.000141,-0.000014,0.000079,0.000249,-0.000017,0.000072,-0.000053
0.000196,0.001487,0.001608,0.001640,0.004895,0.003145,0.004445,-0.001370,0.003851,0.002080,0.002025,0.001349,0.002026,0.013069,0.027838,0.016072,0.022375,0.008869,0.007830,0.012762,0.008437,0.006638,-0.001546,-0.001585,-0.003878,-0.008997,-0.007671,-0.012630,-0.009286,-0.006370,-0.003904,-0.007235,-0.014545,-0.014158,-0.011457,-0.006262,-0.006163,-0.006935,-0.003898,-0.000835,0.000462,0.000794,0.000036,-0.002421,-0.002765,-0.002731,-0.002753,0.001630,0.000579,0.000085,0.000121,0.000092,-0.000043,0.000174,0.000074,0.000065,0.000345,0.000097,0.000186,-0.000015
0.000112,0.001313,0.000551,0.001618,0.002250,0.003008,0.005454,-0.001852,0.005170,0.004644,0.004361,-0.002200,0.004022,0.011344,0.016072,0.024672,0.023217,0.013381,0.009938,0.013232,0.011142,0.009089,0.002198,0.003552,0.000470,-0.002201,-0.006457,-0.008080,-0.007473,-0.003191,-0.003824,0.000374,-0.010270,-0.010926,-0.005435,-0.003320,-0.008395,-0.002489,-0.000337,-0.000646,-0.003374,0.002424,0.002071,-0.000980,-0.001642,-0.001970,0.001682,0.000845,0.000719,0.000474,-0.000027,0.000039,-0.000042,0.000095,0.000014,0.000129,0.000325,0.000115,0.000179,-0.000000
-0.000041,0.001476,0.000916,0.001934,0.003988,0.002927,0.003570,-0.002658,0.005212,0.004319,0.005551,0.002537,0.003920,0.014831,0.022375,0.023217,0.037274,0.019000,0.019578,0.023615,0.017913,0.018503,0.006410,0.004329,-0.001585,-0.003992,-0.006492,-0.014133,-0.020131,-0.012187,-0.010686,-0.010296,-0.015152,-0.018460,-0.008501,-0.002956,-0.005978,-0.004210,-0.002469,-0.005602,-0.006641,-0.000592,-0.002277,-0.002047,-0.006144,-0.004526,-0.003338,0.000743,0.000309,0.000202,0.000063,0.000038,-0.000038,0.000162,-0.000062,0.000103,0.000410,0.000170,0.000136,0.000010
-0.000085,0.000309,-0.000081,0.000421,0.002004,0.001374,0.001588,-0.001720,0.001797,0.003169,0.004327,0.001532,0.000928,0.006370,0.008869,0.013381,0.019000,0.018918,0.013349,0.015497,0.010958,0.009743,0.002382,0.004707,0.004211,0.002212,0.000664,-0.005692,-0.009914,-0.006714,-0.005378,-0.001169,-0.006299,-0.008619,-0.001199,-0.006161,-0.004728,-0.002404,-0.001192,-0.004811,-0.005801,-0.002414,-0.003490,-0.002993,-0.006400,-0.002516,-0.000538,-0.000602,0.000031,-0.000059,-0.000125,-0.000016,-0.000028,0.000010,-0.000104,0.000055,0.000169,0.000102,-0.000039,-0.000017
-0.000081,-0.000048,-0.001136,-0.000334,0.001878,0.002561,0.002896,0.001214,0.001137,0.003564,0.011094,0.004876,0.008345,0.012641,0.007830,0.009938,0.019578,0.013349,0.043665,0.038476,0.027589,0.025345,0.013558,0.005111,-0.001439,-0.002237,-0.001673,-0.004151,-0.012479,-0.006177,-0.012162,-0.003252,-0.012968,-0.015961,-0.016777,-0.022986,-0.021120,-0.014993,-0.007239,-0.014218,-0.020647,-0.004404,-0.008120,-0.006570,-0.015205,-0.006221,-0.003058,-0.002333,-0.001855,-0.000802,0.000028,-0.000002,-0.000085,0.000081,-0.000184,0.000033,0.000226,0.000068,-0.000165,-0.000127
-0.000071,0.000741,-0.001976,-0.000401,0.001324,0.003065,0.002646,0.001576,0.001781,0.004660,0.011803,0.004889,0.008004,0.018027,0.012762,0.013232,0.023615,0.015497,0.038476,0.050316,0.041333,0.034493,0.012714,0.001414,-0.002313,-0.003281,-0.002552,-0.008615,-0.018065,-0.006097,-0.016929,-0.004868,-0.015531,-0.017634,-0.016150,-0.020756,-0.021496,-0.008929,-0.000914,-0.010935,-0.019849,-0.006680,-0.004925,-0.004211,-0.011316,-0.003234,-0.002276,-0.000781,-0.001065,-0.000416,0.000140,0.000015,-0.000004,0.000015,-0.000142,0.000089,0.000351,0.000165,-0.000152,-0.000134
-0.000204,0.000603,-0.003090,-0.000174,-0.000592,0.002523,0.002594,0.001418,0.003748,0.005273,0.010562,0.004310,0.005662,0.015662,0.008437,0.011142,0.017913,0.010958,0.027589,0.041333,0.042967,0.036203,0.015309,0.004954,0.002585,0.001902,-0.002745,-0.006127,-0.015652,-0.005486,-0.018727,-0.005630,-0.011579,-0.011621,-0.010984,-0.016355,-0.020715,-0.007581,-0.001135,-0.010266,-0.015741,-0.004614,-0.003616,-0.000383,-0.007720,-0.001073,-0.000622,-0.001363,-0.000931,-0.000084,0.000199,0.000038,0.000036,-0.000031,-0.000215,0.000094,0.000268,0.000066,-0.000161,-0.000123
-0.000302,0.000263,-0.002646,0.000402,0.000718,0.001365,0.001074,0.000175,0.000468,0.002031,0.007289,0.002223,0.002538,0.012871,0.006638,0.009089,0.018503,0.009743,0.025345,0.034493,0.036203,0.044049,0.025420,0.011738,0.004997,0.001838,-0.004920,-0.007853,-0.014576,-0.007865,-0.016111,-0.007152,-0.007852,-0.008594,-0.002106,-0.009641,-0.013071,-0.006206,-0.003103,-0.007255,-0.010365,-0.000364,-0.002735,0.001912,-0.002461,0.002020,-0.000101,-0.001613,-0.000945,0.000293,0.000241,0.000116,0.000100,0.000000,-0.000222,0.000093,0.000216,0.000004,-0.000027,-0.000066
-0.000127,-0.000378,-0.001555,0.000839,0.000555,0.000680,0.000491,-0.000834,0.004835,0.005326,0.008178,0.002300,-0.000704,0.009325,-0.001546,0.002198,0.006410,0.002382,0.013558,0.012714,0.015309,0.025420,0.033173,0.019142,0.013528,0.009778,-0.003645,-0.004749,-0.006338,-0.004361,-0.005589,-0.003286,-0.001611,-0.006521,-0.002250,-0.006763,-0.007299,-0.010170,-0.007302,-0.005224,-0.006711,0.000864,-0.003763,0.002243,-0.000735,-0.001127,-0.000631,-0.002726,-0.001177,0.000361,0.000190,0.000064,0.000085,0.000007,-0.000294,0.000022,0.000001,-0.000231,-0.000054,-0.000059
-0.000241,-0.000963,-0.001437,0.001200,0.000152,0.000001,0.000419,-0.003223,0.001350,0.001968,0.002648,0.000940,-0.003057,0.004724,-0.001585,0.003552,0.004329,0.004707,0.005111,0.001414,0.004954,0.011738,0.019142,0.025939,0.018218,0.017714,0.004374,0.002331,0.000766,0.001869,-0.003907,-0.002938,-0.001160,-0.007795,-0.005910,-0.004902,-0.005088,-0.006761,-0.010636,-0.006919,-0.006377,-0.000935,-0.005412,-0.001072,-0.002668,-0.006437,-0.001929,-0.001541,-0.001203,0.000058,-0.000093,-0.000024,0.000061,-0.000037,-0.000391,0.000005,-0.000154,-0.000196,-0.000169,-0.000099
-0.000118,-0.001248,-0.003766,-0.000671,-0.001765,-0.000071,0.002085,-0.003720,0.006019,0.003952,0.002848,0.000699,-0.003602,-0.000987,-0.003878,0.000470,-0.001585,0.004211,-0.001439,-0.002313,0.002585,0.004997,0.013528,0.018218,0.029161,0.024700,0.006963,0.005495,0.004637,0.005965,0.001895,-0.001619,0.001940,-0.012527,-0.010737,-0.012695,-0.009382,-0.011416,-0.009406,-0.007545,-0.008891,-0.002576,-0.003495,-0.000655,0.001873,-0.001739,0.001301,-0.000648,-0.000230,-0.000067,-0.000111,-0.000052,-0.000029,-0.000155,-0.000322,-0.000035,-0.000275,-0.000210,-0.000209,-0.000116
-0.000102,-0.001590,-0.003528,-0.000410,-0.002748,-0.000632,0.000209,-0.003576,0.005769,0.001693,0.002373,0.001278,-0.002342,-0.002638,-0.008997,-0.002201,-0.003992,0.002212,-0.002237,-0.003281,0.001902,0.001838,0.009778,0.017714,0.024700,0.028101,0.013015,0.008252,0.003312,0.003188,-0.003025,-0.002028,0.002596,-0.010822,-0.014266,-0.010809,-0.006923,-0.008156,-0.008780,-0.009105,-0.007934,-0.000636,-0.004704,-0.001342,-0.001705,-0.003233,-0.001063,-0.000916,-0.000894,-0.000137,-0.000091,-0.000085,-0.000005,-0.000152,-0.000364,-0.000035,-0.000339,-0.000186,-0.000296,-0.000118
-0.000087,-0.001453,-0.002284,-0.001433,-0.001826,-0.001659,-0.002775,-0.001043,-0.001144,-0.004141,-0.002089,0.001354,-0.001542,-0.004440,-0.007671,-0.006457,-0.006492,0.000664,-0.001673,-0.002552,-0.002745,-0.004920,-0.003645,0.004374,0.006963,0.013015,0.018702,0.009883,0.003331,-0.001503,-0.004341,0.001801,0.002929,-0.002061,-0.011654,-0.004993,0.000394,-0.002136,-0.004349,-0.002300,0.000701,-0.001364,-0.005140,-0.002473,-0.004776,-0.000493,-0.001285,0.000357,-0.000587,-0.000365,-0.000055,-0.000060,-0.000026,-0.000179,-0.000156,-0.000028,-0.000308,0.000015,-0.000292,-0.000093
-0.000087,-0.001252,-0.001996,-0.001057,-0.002911,-0.002574,-0.000569,0.000552,-0.002902,-0.001676,-0.001375,0.000317,-0.000395,-0.006607,-0.012630,-0.008080,-0.014133,-0.005692,-0.004151,-0.008615,-0.006127,-0.007853,-0.004749,0.002331,0.005495,0.008252,0.009883,0.022539,0.016681,0.007834,0.002771,-0.000375,-0.000431,0.001971,-0.003157,-0.006013,-0.003238,-0.005389,-0.001074,-0.003729,-0.004096,-0.002101,-0.002059,-0.004659,-0.003488,0.000579,0.001081,0.000250,-0.000625,-0.000496,-0.000075,-0.000097,-0.000035,-0.000167,-0.000101,-0.000062,-0.000480,-0.000111,-0.000320,-0.000077
0.000056,-0.001033,-0.000399,-0.001046,-0.001574,-0.001861,-0.001039,0.000271,-0.002709,-0.002533,-0.005010,-0.004674,-0.003763,-0.007714,-0.009286,-0.007473,-0.020131,-0.009914,-0.012479,-0.018065,-0.015652,-0.014576,-0.006338,0.000766,0.004637,0.003312,0.003331,0.016681,0.028383,0.017235,0.012826,0.007518,0.004673,0.009292,0.004980,-0.001454,0.000820,-0.001690,-0.002566,0.001360,0.001175,0.002843,0.000681,-0.004294,0.003326,0.000477,0.002237,0.000806,-0.000315,-0.000519,-0.000128,-0.000080,-0.000047,-0.000198,0.000023,-0.000084,-0.000418,-0.000135,-0.000120,-0.000027
-0.000022,-0.000324,0.000043,-0.001093,-0.002185,-0.000321,0.000794,-0.000300,-0.001797,-0.001596,-0.002747,-0.004442,-0.003162,-0.004170,-0.006370,-0.003191,-0.012187,-0.006714,-0.006177,-0.006097,-0.005486,-0.007865,-0.004361,0.001869,0.005965,0.003188,-0.001503,0.007834,0.017235,0.024030,0.011709,0.004086,0.001755,0.002178,0.002393,-0.000803,-0.004684,-0.000918,-0.002897,-0.002264,-0.008304,-0.001205,0.000016,-0.002721,0.004619,-0.001037,0.003250,0.001529,-0.000006,-0.000341,-0.000191,-0.000060,-0.000054,-0.000186,-0.000002,-0.000076,-0.000148,-0.000075,-0.000068,-0.000036
0.000399,0.000274,0.000820,-0.000918,-0.000996,0.000040,0.002032,-0.000304,-0.001745,0.003833,-0.001018,0.000269,0.001193,-0.004187,-0.003904,-0.003824,-0.010686,-0.005378,-0.012162,-0.016929,-0.018727,-0.016111,-0.005589,-0.003907,0.001895,-0.003025,-0.004341,0.002771,0.012826,0.011709,0.026903,0.011407,0.010203,0.009250,0.012828,0.012561,0.011975,0.005733,0.009486,0.009360,0.008919,0.005424,0.007335,0.005092,0.016349,0.004205,0.005182,0.002219,0.001427,0.000178,-0.000086,0.000197,0.000014,0.000025,0.000279,-0.000005,0.000005,-0.000098,0.000224,0.000058
0.000288,-0.000082,-0.000357,-0.001293,-0.002062,-0.001047,0.000223,0.001220,-0.001153,0.001647,0.000261,-0.002223,0.002062,-0.001515,-0.007235,0.000374,-0.010296,-0.001169,-0.003252,-0.004868,-0.005630,-0.007152,-0.003286,-0.002938,-0.001619,-0.002028,0.001801,-0.000375,0.007518,0.004086,0.011407,0.024367,0.014335,0.013365,0.009001,0.004128,0.003290,0.007745,0.008016,0.009176,0.008696,0.006014,0.003443,0.005402,0.010397,0.003880,0.005033,-0.000524,0.000702,0.000211,-0.000068,0.000085,-0.000021,-0.000075,0.000210,0.000073,0.000053,0.000041,0.000155,0.000023
-0.000010,-0.000575,-0.000962,-0.001511,-0.002985,-0.002070,-0.003109,0.000391,-0.003338,-0.001309,-0.004080,-0.001567,-0.001884,-0.008203,-0.014545,-0.010270,-0.015152,-0.006299,-0.012968,-0.015531,-0.011579,-0.007852,-0.001611,-0.001160,0.001940,0.002596,0.002929,-0.000431,0.004673,0.001755,0.010203,0.014335,0.020309,0.016001,0.014568,0.013173,0.013314,0.012611,0.007334,0.008593,0.010924,0.003883,0.003489,0.007669,0.011903,0.004279,0.003035,-0.000501,0.000565,0.000194,-0.000083,0.000024,0.000004,-0.000065,0.000100,-0.000010,-0.000081,-0.000008,0.000119,0.000063
-0.000109,-0.000275,0.000641,-0.001376,-0.002867,-0.002597,-0.003959,0.002466,-0.006183,-0.003603,-0.006566,-0.004223,-0.003145,-0.009196,-0.014158,-0.010926,-0.018460,-0.008619,-0.015961,-0.017634,-0.011621,-0.008594,-0.006521,-0.007795,-0.012527,-0.010822,-0.002061,0.001971,0.009292,0.002178,0.009250,0.013365,0.016001,0.031492,0.030258,0.023973,0.019072,0.017681,0.008916,0.012223,0.016107,0.005587,0.003280,0.007189,0.007666,0.005755,0.002586,-0.001323,0.000030,0.000133,-0.000025,0.000067,0.000047,-0.000057,0.000238,-0.000023,-0.000040,0.000001,0.000156,0.000108
-0.000229,0.000751,0.001897,-0.000322,-0.001288,-0.002128,-0.004133,0.000639,-0.008237,-0.002130,-0.009372,-0.006000,-0.007320,-0.009580,-0.011457,-0.005435,-0.008501,-0.001199,-0.016777,-0.016150,-0.010984,-0.002106,-0.002250,-0.005910,-0.010737,-0.014266,-0.011654,-0.003157,0.004980,0.002393,0.012828,0.009001,0.014568,0.030258,0.048557,0.034140,0.025645,0.023475,0.012796,0.010018,0.014520,0.003369,0.004080,0.007521,0.010040,0.006519,0.003819,-0.001728,0.000601,0.000497,-0.000108,0.000066,0.000049,-0.000005,0.000272,0.000002,0.000067,0.000057,0.000269,0.000205
-0.000061,0.000867,0.001572,0.000331,-0.001872,-0.001223,-0.003271,-0.000489,-0.006081,-0.002093,-0.009514,-0.002695,-0.002995,-0.005948,-0.006262,-0.003320,-0.002956,-0.006161,-0.022986,-0.020756,-0.016355,-0.009641,-0.006763,-0.004902,-0.012695,-0.010809,-0.004993,-0.006013,-0.001454,-0.000803,0.012561,0.004128,0.013173,0.023973,0.034140,0.045586,0.033653,0.027598,0.012504,0.015419,0.022188,0.006229,0.006203,0.011458,0.014825,0.004177,0.001223,0.001331,0.000984,0.000720,-0.000022,0.000144,0.000031,0.000091,0.000321,0.000019,0.000152,0.000093,0.000344,0.000182
0.000007,0.000244,0.001291,-0.000191,-0.000587,-0.001927,-0.004498,-0.000429,-0.006177,-0.003508,-0.008922,-0.001380,-0.003979,-0.007498,-0.006163,-0.008395,-0.005978,-0.004728,-0.021120,-0.021496,-0.020715,-0.013071,-0.007299,-0.005088,-0.009382,-0.006923,0.000394,-0.003238,0.000820,-0.004684,0.011975,0.003290,0.013314,0.019072,0.025645,0.033653,0.032399,0.021562,0.009602,0.012827,0.020986,0.004481,0.004531,0.007742,0.010839,0.004314,-0.001034,0.001642,0.000873,0.000413,0.000005,0.000077,0.000050,0.000061,0.000244,-0.000011,-0.000004,0.000067,0.000218,0.000158
-0.000031,0.000525,0.001336,-0.000334,-0.001313,-0.000922,-0.003845,0.000457,-0.007568,-0.001987,-0.007181,-0.001507,-0.000127,-0.003387,-0.006935,-0.002489,-0.004210,-0.002404,-0.014993,-0.008929,-0.007581,-0.006206,-0.010170,-0.006761,-0.011416,-0.008156,-0.002136,-0.005389,-0.001690,-0.000918,0.005733,0.007745,0.012611,0.017681,0.023475,0.027598,0.021562,0.027378,0.015684,0.012537,0.013629,0.002326,0.006883,0.007545,0.010944,0.002714,0.001786,0.001432,0.000940,0.000583,-0.000103,0.000055,0.000081,0.000021,0.000260,0.000046,0.000164,0.000185,0.000241,0.000138
0.000339,0.000973,0.001332,-0.000230,-0.000598,0.000175,-0.000070,0.001953,-0.004404,0.003975,0.000922,0.004734,0.007154,0.002337,-0.003898,-0.000337,-0.002469,-0.001192,-0.007239,-0.000914,-0.001135,-0.003103,-0.007302,-0.010636,-0.009406,-0.008780,-0.004349,-0.001074,-0.002566,-0.002897,0.009486,0.008016,0.007334,0.008916,0.012796,0.012504,0.009602,0.015684,0.022708,0.011666,0.010090,0.004979,0.010894,0.007161,0.014607,0.006317,0.005093,0.001099,0.001502,0.000669,0.000021,0.000176,0.000127,0.000118,0.000315,0.000111,0.000176,0.000087,0.000253,0.000104
0.000227,0.000505,0.000956,-0.000073,-0.000168,-0.000684,0.000002,0.001316,-0.002643,0.001463,-0.001125,-0.000218,0.002927,-0.000638,-0.000835,-0.000646,-0.005602,-0.004811,-0.014218,-0.010935,-0.010266,-0.007255,-0.005224,-0.006919,-0.007545,-0.009105,-0.002300,-0.003729,0.001360,-0.002264,0.009360,0.009176,0.008593,0.012223,0.010018,0.015419,0.012827,0.012537,0.011666,0.017560,0.016759,0.005088,0.009389,0.007847,0.014432,0.005901,0.004202,0.002031,0.001757,0.000727,0.000033,0.000172,0.000117,0.000047,0.000304,0.000063,0.000151,0.000035,0.000303,0.000075
0.000341,0.000379,0.001573,0.000763,0.000693,-0.000428,-0.001254,0.000807,-0.002265,-0.000450,-0.004065,0.001354,0.000992,-0.002820,0.000462,-0.003374,-0.006641,-0.005801,-0.020647,-0.019849,-0.015741,-0.010365,-0.006711,-0.006377,-0.008891,-0.007934,0.000701,-0.004096,0.001175,-0.008304,0.008919,0.008696,0.010924,0.016107,0.014520,0.022188,0.020986,0.013629,0.010090,0.016759,0.026790,0.010850,0.008278,0.009189,0.015311,0.007142,0.002145,0.001490,0.001542,0.000770,0.000173,0.000223,0.000097,0.000108,0.000324,0.000076,0.000102,0.000005,0.000334,0.000133
0.000367,-0.000074,0.001363,0.000486,0.000426,0.000703,0.001055,-0.000222,0.001842,-0.000192,0.000527,0.001484,0.004844,0.001949,0.000794,0.002424,-0.000592,-0.002414,-0.004404,-0.006680,-0.004614,-0.000364,0.000864,-0.000935,-0.002576,-0.000636,-0.001364,-0.002101,0.002843,-0.001205,0.005424,0.006014,0.003883,0.005587,0.003369,0.006229,0.004481,0.002326,0.004979,0.005088,0.010850,0.015300,0.004861,0.004063,0.010556,0.004081,0.001326,-0.000517,-0.000047,0.000320,0.000130,0.000161,0.000040,0.000110,0.000161,0.000066,0.000072,-0.000081,0.000263,0.000075
0.000306,0.000598,0.000794,0.000429,0.000196,0.001032,0.001522,0.000999,-0.000923,0.002828,0.000662,0.001072,0.004710,0.000428,0.000036,0.002071,-0.002277,-0.003490,-0.008120,-0.004925,-0.003616,-0.002735,-0.003763,-0.005412,-0.003495,-0.004704,-0.005140,-0.002059,0.000681,0.000016,0.007335,0.003443,0.003489,0.003280,0.004080,0.006203,0.004531,0.006883,0.010894,0.009389,0.008278,0.004861,0.010424,0.005234,0.012211,0.004906,0.003964,0.002045,0.001472,0.000682,0.000077,0.000149,0.000129,0.000094,0.000207,0.000083,0.000147,0.000006,0.000245,0.000081
0.000089,0.000405,-0.000745,-0.000168,-0.001631,-0.000255,0.000759,0.000670,0.000078,0.002288,0.000883,0.001740,0.002130,0.000009,-0.002421,-0.000980,-0.002047,-0.002993,-0.006570,-0.004211,-0.000383,0.001912,0.002243,-0.001072,-0.000655,-0.001342,-0.002473,-0.004659,-0.004294,-0.002721,0.005092,0.005402,0.007669,0.007189,0.007521,0.011458,0.007742,0.007545,0.007161,0.007847,0.009189,0.004063,0.005234,0.009125,0.011528,0.005100,0.002990,0.000853,0.000958,0.000632,0.000098,0.000162,0.000074,0.000055,0.000146,0.000061,0.000134,-0.000014,0.000195,0.000052
0.000468,0.000615,0.000779,0.000233,-0.000907,0.000117,0.001855,0.000679,-0.000799,0.004903,0.001716,0.004932,0.006137,0.000802,-0.002765,-0.001642,-0.006144,-0.006400,-0.015205,-0.011316,-0.007720,-0.002461,-0.000735,-0.002668,0.001873,-0.001705,-0.004776,-0.003488,0.003326,0.004619,0.016349,0.010397,0.011903,0.007666,0.010040,0.014825,0.010839,0.010944,0.014607,0.014432,0.015311,0.010556,0.012211,0.011528,0.027483,0.009024,0.006842,0.002545,0.002260,0.000918,0.000110,0.000278,0.000118,0.000095,0.000333,0.000096,0.000153,-0.000081,0.000377,0.000097
0.000122,0.000248,-0.000660,-0.000883,-0.001054,-0.000887,0.000403,0.001139,-0.001278,-0.001297,-0.001236,-0.000394,0.000887,-0.002754,-0.002731,-0.001970,-0.004526,-0.002516,-0.006221,-0.003234,-0.001073,0.002020,-0.001127,-0.006437,-0.001739,-0.003233,-0.000493,0.000579,0.000477,-0.001037,0.004205,0.003880,0.004279,0.005755,0.006519,0.004177,0.004314,0.002714,0.006317,0.005901,0.007142,0.004081,0.004906,0.005100,0.009024,0.009120,0.004290,0.001032,0.001055,0.000529,0.000130,0.000111,0.000048,-0.000021,0.000161,0.000052,0.000006,0.000013,0.000118,0.000055
0.000084,0.000232,-0.000148,-0.000306,-0.000692,0.000073,0.001338,0.000453,-0.000904,0.001642,0.000660,-0.000085,0.001458,-0.001042,-0.002753,0.001682,-0.003338,-0.000538,-0.003058,-0.002276,-0.000622,-0.000101,-0.000631,-0.001929,0.001301,-0.001063,-0.001285,0.001081,0.002237,0.003250,0.005182,0.005033,0.003035,0.002586,0.003819,0.001223,-0.001034,0.001786,0.005093,0.004202,0.002145,0.001326,0.003964,0.002990,0.006842,0.004290,0.005295,0.000737,0.000947,0.000431,-0.000035,0.000092,0.000033,-0.000030,0.000090,0.000043,0.000039,-0.000003,0.000080,0.000012
0.000057,0.000219,0.000011,0.000041,0.000111,0.000161,0.000525,0.000086,-0.000381,0.000395,0.000064,0.000338,0.000511,0.000160,0.001630,0.000845,0.000743,-0.000602,-0.002333,-0.000781,-0.001363,-0.001613,-0.002726,-0.001541,-0.000648,-0.000916,0.000357,0.000250,0.000806,0.001529,0.002219,-0.000524,-0.000501,-0.001323,-0.001728,0.001331,0.001642,0.001432,0.001099,0.002031,0.001490,-0.000517,0.002045,0.000853,0.002545,0.001032,0.000737,0.002186,0.000693,0.000172,0.000029,0.000037,0.000033,-0.000030,0.000052,0.000008,0.000035,0.000030,0.000025,0.000010
0.000046,0.000238,0.000183,0.000132,0.000114,0.000103,0.000441,0.000111,0.000159,0.000791,0.000349,0.000251,0.000348,-0.000114,0.000579,0.000719,0.000309,0.000031,-0.001855,-0.001065,-0.000931,-0.000945,-0.001177,-0.001203,-0.000230,-0.000894,-0.000587,-0.000625,-0.000315,-0.000006,0.001427,0.000702,0.000565,0.000030,0.000601,0.000984,0.000873,0.000940,0.001502,0.001757,0.001542,-0.000047,0.001472,0.000958,0.002260,0.001055,0.000947,0.000693,0.000568,0.000137,0.000014,0.000030,0.000017,0.000003,0.000046,0.000012,0.000032,0.000012,0.000037,0.000012
0.000018,0.000069,0.000078,0.000109,0.000032,0.000031,0.000115,-0.000007,0.000015,0.000193,0.000016,-0.000019,0.000088,0.000119,0.000085,0.000474,0.000202,-0.000059,-0.000802,-0.000416,-0.000084,0.000293,0.000361,0.000058,-0.000067,-0.000137,-0.000365,-0.000496,-0.000519,-0.000341,0.000178,0.000211,0.000194,0.000133,0.000497,0.000720,0.000413,0.000583,0.000669,0.000727,0.000770,0.000320,0.000682,0.000632,0.000918,0.000529,0.000431,0.000172,0.000137,0.000141,0.000010,0.000017,0.000021,0.000004,0.000011,0.000010,0.000020,0.000001,0.000020,0.000009
0.000008,0.000010,0.000007,0.000023,0.000034,0.000040,0.000026,0.000052,0.000116,0.000063,0.000120,0.000118,0.000085,0.000133,0.000121,-0.000027,0.000063,-0.000125,0.000028,0.000140,0.000199,0.000241,0.000190,-0.000093,-0.000111,-0.000091,-0.000055,-0.000075,-0.000128,-0.000191,-0.000086,-0.000068,-0.000083,-0.000025,-0.000108,-0.000022,0.000005,-0.000103,0.000021,0.000033,0.000173,0.000130,0.000077,0.000098,0.000110,0.000130,-0.000035,0.000029,0.000014,0.000010,0.000037,0.000006,0.000006,0.000003,0.000005,0.000002,0.000003,-0.000001,0.000006,0.000001
0.000009,0.000016,0.000020,0.000016,0.000014,0.000049,0.000062,0.000019,0.000013,0.000120,0.000114,0.000137,0.000129,0.000077,0.000092,0.000039,0.000038,-0.000016,-0.000002,0.000015,0.000038,0.000116,0.000064,-0.000024,-0.000052,-0.000085,-0.000060,-0.000097,-0.000080,-0.000060,0.000197,0.000085,0.000024,0.000067,0.000066,0.000144,0.000077,0.000055,0.000176,0.000172,0.000223,0.000161,0.000149,0.000162,0.000278,0.000111,0.000092,0.000037,0.000030,0.000017,0.000006,0.000021,0.000007,0.000000,0.000009,0.000003,0.000006,-0.000002,0.000007,0.000000
0.000000,0.000004,0.000022,0.000024,0.000018,0.000006,-0.000016,0.000009,-0.000032,0.000032,0.000036,0.000043,0.000018,0.000008,-0.000043,-0.000042,-0.000038,-0.000028,-0.000085,-0.000004,0.000036,0.000100,0.000085,0.000061,-0.000029,-0.000005,-0.000026,-0.000035,-0.000047,-0.000054,0.000014,-0.000021,0.000004,0.000047,0.000049,0.000031,0.000050,0.000081,0.000127,0.000117,0.000097,0.000040,0.000129,0.000074,0.000118,0.000048,0.000033,0.000033,0.000017,0.000021,0.000006,0.000007,0.000021,0.000000,0.000002,0.000002,0.000006,-0.000001,0.000004,0.000002
0.000006,0.000018,0.000062,0.000047,0.000064,0.000063,0.000048,0.000013,0.000015,0.000086,0.000081,0.000136,0.000161,0.000141,0.000174,0.000095,0.000162,0.000010,0.000081,0.000015,-0.000031,0.000000,0.000007,-0.000037,-0.000155,-0.000152,-0.000179,-0.000167,-0.000198,-0.000186,0.000025,-0.000075,-0.000065,-0.000057,-0.000005,0.000091,0.000061,0.000021,0.000118,0.000047,0.000108,0.000110,0.000094,0.000055,0.000095,-0.000021,-0.000030,-0.000030,0.000003,0.000004,0.000003,0.000000,0.000000,0.000018,0.000005,0.000002,0.000007,0.000000,0.000007,0.000001
0.000015,0.000033,0.000067,0.000005,0.000019,0.000028,0.000043,0.000057,-0.000023,0.000064,0.000008,0.000057,0.000144,-0.000014,0.000074,0.000014,-0.000062,-0.000104,-0.000184,-0.000142,-0.000215,-0.000222,-0.000294,-0.000391,-0.000322,-0.000364,-0.000156,-0.000101,0.000023,-0.000002,0.000279,0.000210,0.000100,0.000238,0.000272,0.000321,0.000244,0.000260,0.000315,0.000304,0.000324,0.000161,0.000207,0.000146,0.000333,0.000161,0.000090,0.000052,0.000046,0.000011,0.000005,0.000009,0.000002,0.000005,0.000023,0.000003,0.000008,0.000002,0.000013,0.000003
0.000005,0.000014,0.000003,0.000012,0.000007,0.000021,0.000028,0.000007,-0.000000,0.000036,0.000032,0.000026,0.000066,0.000079,0.000065,0.000129,0.000103,0.000055,0.000033,0.000089,0.000094,0.000093,0.000022,0.000005,-0.000035,-0.000035,-0.000028,-0.000062,-0.000084,-0.000076,-0.000005,0.000073,-0.000010,-0.000023,0.000002,0.000019,-0.000011,0.000046,0.000111,0.000063,0.000076,0.000066,0.000083,0.000061,0.000096,0.000052,0.000043,0.000008,0.000012,0.000010,0.000002,0.000003,0.000002,0.000002,0.000003,0.000007,0.000003,0.000001,0.000002,0.000001
0.000007,0.000047,0.000070,0.000051,0.000065,0.000105,0.000102,0.000036,0.000068,0.000157,0.000165,0.000072,0.000167,0.000249,0.000345,0.000325,0.000410,0.000169,0.000226,0.000351,0.000268,0.000216,0.000001,-0.000154,-0.000275,-0.000339,-0.000308,-0.000480,-0.000418,-0.000148,0.000005,0.000053,-0.000081,-0.000040,0.000067,0.000152,-0.000004,0.000164,0.000176,0.000151,0.000102,0.000072,0.000147,0.000134,0.000153,0.000006,0.000039,0.000035,0.000032,0.000020,0.000003,0.000006,0.000006,0.000007,0.000008,0.000003,0.000025,0.000004,0.000009,0.000002
-0.000003,0.000017,0.000002,-0.000013,0.000012,0.000002,-0.000035,0.000004,-0.000090,-0.000101,-0.000125,-0.000087,-0.000030,-0.000017,0.000097,0.000115,0.000170,0.000102,0.000068,0.000165,0.000066,0.000004,-0.000231,-0.000196,-0.000210,-0.000186,0.000015,-0.000111,-0.000135,-0.000075,-0.000098,0.000041,-0.000008,0.000001,0.000057,0.000093,0.000067,0.000185,0.000087,0.000035,0.000005,-0.000081,0.000006,-0.000014,-0.000081,0.000013,-0.000003,0.000030,0.000012,0.000001,-0.000001,-0.000002,-0.000001,0.000000,0.000002,0.000001,0.000004,0.000009,0.000002,0.000001
0.000008,0.000031,0.000074,0.000028,0.000053,0.000052,0.000062,0.000007,0.000016,0.000054,-0.000002,-0.000002,0.000114,0.000072,0.000186,0.000179,0.000136,-0.000039,-0.000165,-0.000152,-0.000161,-0.000027,-0.000054,-0.000169,-0.000209,-0.000296,-0.000292,-0.000320,-0.000120,-0.000068,0.000224,0.000155,0.000119,0.000156,0.000269,0.000344,0.000218,0.000241,0.000253,0.000303,0.000334,0.000263,0.000245,0.000195,0.000377,0.000118,0.000080,0.000025,0.000037,0.000020,0.000006,0.000007,0.000004,0.000007,0.000013,0.000002,0.000009,0.000002,0.000021,0.000004
0.000003,0.000010,0.000034,0.000011,0.000014,0.000010,-0.000020,0.000019,-0.000023,-0.000015,-0.000050,-0.000015,-0.000015,-0.000053,-0.000015,-0.000000,0.000010,-0.000017,-0.000127,-0.000134,-0.000123,-0.000066,-0.000059,-0.000099,-0.000116,-0.000118,-0.000093,-0.000077,-0.000027,-0.000036,0.000058,0.000023,0.000063,0.000108,0.000205,0.000182,0.000158,0.000138,0.000104,0.000075,0.000133,0.000075,0.000081,0.000052,0.000097,0.000055,0.000012,0.000010,0.000012,0.000009,0.000001,0.000000,0.000002,0.000001,0.000003,0.000001,0.000002,0.000001,0.000004,0.000005
