0.285515,0.090342,0.161975,0.007733,0.218258,0.199417,0.543965,2.172280,0.210241,0.216287,0.280529,-0.025028,0.199050,-0.054608,0.447192,0.917731,0.006540,-0.003156,-0.004423,0.023892,0.025351,0.014057,0.358192,-0.000525,0.022141,0.009075,0.112233,-0.000687,0.004941,1.632302,-0.053402,0.074723,0.272550,0.167280,-0.003416,0.165297,0.023382,0.019159,0.313859,0.013403,0.272214
0.090342,0.640018,0.101880,-0.020927,-0.291749,0.169093,-0.485733,-1.702580,0.206068,0.296438,-0.253939,-0.093705,0.020013,0.235514,0.073939,0.469819,0.016684,0.008690,-0.002972,0.030377,0.054098,-0.018614,-0.701529,-0.003649,0.007797,-0.024526,0.002149,0.001107,-0.001684,1.033339,-0.093727,-0.114647,-0.134155,-0.298301,-0.026781,0.048043,0.239101,-0.046541,0.066935,-0.010307,0.340293
0.161975,0.101880,1.712957,0.010618,0.053710,0.095601,0.865164,1.814637,-0.261312,-0.172276,-0.036268,-0.001753,0.378155,-0.085644,0.242534,-0.234133,0.025146,-0.012099,0.001796,0.004170,0.039313,0.063882,0.282727,0.090237,0.243462,-0.007288,0.061494,0.002732,0.066167,-1.072571,-0.147666,0.092520,0.920207,-0.098713,-0.243382,0.610903,0.057731,-0.037405,0.932639,-0.034126,1.631941
0.007733,-0.020927,0.010618,0.053317,0.259367,0.025581,0.107930,-0.183322,0.061430,0.006647,0.369892,-0.005970,0.013796,-0.017417,0.024577,0.050704,0.000494,0.000997,0.006497,0.004316,-0.000065,-0.000694,0.065796,-0.003018,0.008191,0.012730,0.004030,-0.000240,-0.001677,0.250312,0.021435,-0.002785,0.045788,0.285350,0.041668,0.002391,0.005538,0.147289,0.010037,0.002069,-0.002870
0.218258,-0.291749,0.053710,0.259367,3.995937,0.136354,1.997979,2.016276,0.289914,0.399329,4.555170,-0.114652,0.347353,-0.099117,0.599049,1.289065,0.002016,0.000406,0.013718,0.190554,0.016973,0.011626,0.924310,-0.034699,0.046908,0.120120,0.120259,-0.003500,-0.017405,8.115112,0.692743,-0.051906,1.115675,3.738063,0.561702,0.073383,-0.022926,1.599234,0.372888,-0.021535,-0.183379
0.199417,0.169093,0.095601,0.025581,0.136354,0.693093,0.132438,-0.113973,0.815192,0.020189,0.062930,-0.081454,0.130746,0.011508,0.302950,0.618300,0.012157,0.007182,-0.001915,-0.009262,0.063264,-0.010412,0.109407,-0.004346,0.010152,-0.002080,0.065759,0.000835,-0.004968,0.357022,0.075239,0.106637,-0.026860,-0.005414,0.019533,0.023632,0.125695,-0.041200,0.127079,0.000968,0.630432
0.543965,-0.485733,0.865164,0.107930,1.997979,0.132438,5.240987,11.932334,0.515263,0.445356,2.144688,-0.155912,0.727375,-0.593174,1.110396,2.989797,0.008436,-0.031690,-0.008441,0.174573,-0.019269,0.101491,1.855321,0.037414,0.194063,0.088645,0.256261,-0.011969,0.049711,5.487939,0.008479,-0.147209,2.763728,1.744256,0.247485,0.554877,-0.104065,0.423807,1.189918,0.035826,0.746159
2.172280,-1.702580,1.814637,-0.183322,2.016276,-0.113973,11.932334,79.929946,-3.684565,-1.832871,2.403691,0.195059,2.121494,-2.760278,3.936791,2.945987,-0.001242,-0.186123,-0.081619,0.260771,0.130823,0.580389,8.363235,0.055632,0.739416,0.196959,1.216013,-0.009837,0.138128,1.924542,-2.457116,0.303940,5.989116,1.470189,-2.501253,1.624806,-1.085261,-1.130610,3.708594,0.128420,2.054408
0.210241,0.206068,-0.261312,0.061430,0.289914,0.815192,0.515263,-3.684565,3.276561,0.585888,0.226797,0.055703,0.200937,0.383264,0.428705,2.836315,-0.016153,0.010580,-0.012691,-0.027652,0.015769,-0.030055,-0.400382,-0.011370,-0.089521,-0.010504,0.032242,-0.003182,-0.011890,2.150160,0.859588,-0.005373,-0.241474,-0.025842,0.070020,-0.049994,-0.180045,-0.114487,0.069300,0.013934,-0.265966
0.216287,0.296438,-0.172276,0.006647,0.399329,0.020189,0.445356,-1.832871,0.585888,2.505658,0.439016,-0.624644,0.297677,0.402987,0.528566,5.669804,0.014468,0.002277,-0.007762,0.120001,-0.030678,-0.051976,0.024136,-0.029269,-0.052055,-0.015594,0.077461,-0.006017,-0.020127,14.355509,1.161930,-0.032720,0.267272,0.153751,0.272296,-0.062171,0.313923,-0.003469,0.229639,0.096837,-0.429025
0.280529,-0.253939,-0.036268,0.369892,4.555170,0.062930,2.144688,2.403691,0.226797,0.439016,6.551531,-0.131747,0.389878,-0.144254,0.727279,1.261713,0.003728,0.002630,0.017535,0.262027,0.002774,0.015300,1.112371,-0.049103,0.051636,0.176234,0.153503,0.000687,-0.028207,9.755903,0.662917,-0.108113,1.289005,4.992319,0.673670,0.027971,-0.008833,2.293078,0.389761,-0.010199,-0.305583
-0.025028,-0.093705,-0.001753,-0.005970,-0.114652,-0.081454,-0.155912,0.195059,0.055703,-0.624644,-0.131747,0.494516,-0.067087,-0.082995,-0.086708,-1.228459,-0.009793,-0.001142,-0.000716,0.003884,0.004650,0.015217,0.003846,0.005875,-0.007548,0.003649,-0.007611,0.000762,0.006345,-4.362480,-0.227819,0.041653,-0.044236,-0.033817,-0.171244,0.021137,-0.165579,-0.042781,-0.050629,-0.041017,-0.039627
0.199050,0.020013,0.378155,0.013796,0.347353,0.130746,0.727375,2.121494,0.200937,0.297677,0.389878,-0.067087,0.340535,0.082183,0.434239,1.139329,0.004546,-0.005618,-0.003263,0.019379,0.015878,0.025396,0.341395,0.036684,0.033548,0.011576,0.087956,0.004260,0.027892,2.177517,0.524208,0.027659,0.412484,0.246535,-0.084005,0.319277,-0.046199,0.045919,0.576544,0.015886,0.397747
-0.054608,0.235514,-0.085644,-0.017417,-0.099117,0.011508,-0.593174,-2.760278,0.383264,0.402987,-0.144254,-0.082995,0.082183,0.548749,0.027632,0.539604,-0.003021,0.006878,0.001091,-0.012348,0.006299,-0.023715,-0.573695,-0.005936,-0.034286,-0.020990,-0.033572,0.002789,-0.004004,1.645108,1.091911,-0.058467,-0.287672,-0.164702,-0.006360,-0.041927,-0.013651,-0.045452,-0.003397,0.010808,-0.092443
0.447192,0.073939,0.242534,0.024577,0.599049,0.302950,1.110396,3.936791,0.428705,0.528566,0.727279,-0.086708,0.434239,0.027632,0.837367,2.016892,0.006321,-0.006516,-0.006813,0.039321,0.030085,0.024184,0.684579,-0.004434,0.025887,0.022199,0.190722,-0.001397,0.007254,3.945175,0.483343,0.112870,0.516235,0.485300,-0.016898,0.235253,-0.035641,0.107365,0.574496,0.029781,0.378941
0.917731,0.469819,-0.234133,0.050704,1.289065,0.618300,2.989797,2.945987,2.836315,5.669804,1.261713,-1.228459,1.139329,0.539604,2.016892,17.432328,0.014485,-0.012389,-0.031997,0.262042,-0.089188,-0.048008,1.252987,-0.055542,-0.094808,-0.003141,0.368343,-0.008140,-0.034672,35.118307,2.499945,0.133643,1.211283,0.310725,0.449812,0.113794,0.320647,-0.051839,1.144651,0.326768,-0.725817
0.006540,0.016684,0.025146,0.000494,0.002016,0.012157,0.008436,-0.001242,-0.016153,0.014468,0.003728,-0.009793,0.004546,-0.003021,0.006321,0.014485,0.001888,0.000322,0.000125,0.003038,0.005521,-0.000466,-0.006222,0.000544,0.004157,-0.000515,0.001772,-0.000009,0.000283,0.128966,-0.016433,-0.000367,0.014909,-0.000874,0.002034,0.005759,0.021144,0.002894,0.011971,0.000043,0.045874
-0.003156,0.008690,-0.012099,0.000997,0.000406,0.007182,-0.031690,-0.186123,0.010580,0.002277,0.002630,-0.001142,-0.005618,0.006878,-0.006516,-0.012389,0.000322,0.000771,0.000276,-0.000127,0.002669,-0.002079,-0.022149,-0.001062,-0.002577,-0.000307,-0.002145,-0.000027,-0.000906,0.002664,0.005294,-0.000982,-0.018691,0.003797,0.007076,-0.008133,0.006935,0.006398,-0.013236,-0.000173,0.001336
-0.004423,-0.002972,0.001796,0.006497,0.013718,-0.001915,-0.008441,-0.081619,-0.012691,-0.007762,0.017535,-0.000716,-0.003263,0.001091,-0.006813,-0.031997,0.000125,0.000276,0.010539,-0.000224,-0.000120,-0.000635,-0.006060,-0.000291,0.001581,-0.000100,-0.001779,0.001033,-0.000220,-0.004619,-0.000955,-0.001399,-0.000027,0.024080,0.022206,-0.002826,0.002771,0.019564,-0.006385,-0.000785,-0.000565
0.023892,0.030377,0.004170,0.004316,0.190554,-0.009262,0.174573,0.260771,-0.027652,0.120001,0.262027,0.003884,0.019379,-0.012348,0.039321,0.262042,0.003038,-0.000127,-0.000224,0.087465,0.003735,0.000373,0.036615,-0.002087,0.016653,0.002051,0.010923,-0.000220,-0.000792,1.766679,-0.036346,-0.014021,0.138406,0.234462,-0.036112,0.008146,0.046259,0.092469,0.035774,-0.005280,0.007899
0.025351,0.054098,0.039313,-0.000065,0.016973,0.063264,-0.019269,0.130823,0.015769,-0.030678,0.002774,0.004650,0.015878,0.006299,0.030085,-0.089188,0.005521,0.002669,-0.000120,0.003735,0.050497,-0.003762,-0.046668,-0.001127,-0.001837,-0.001315,0.006494,-0.001023,-0.000841,-0.096580,-0.016037,-0.003511,-0.010609,-0.000023,-0.020438,0.001089,0.045700,-0.000561,0.017227,-0.001496,0.150394
0.014057,-0.018614,0.063882,-0.000694,0.011626,-0.010412,0.101491,0.580389,-0.030055,-0.051976,0.015300,0.015217,0.025396,-0.023715,0.024184,-0.048008,-0.000466,-0.002079,-0.000635,0.000373,-0.003762,0.008709,0.062728,0.006437,0.010897,0.001815,0.007442,0.001430,0.004390,-0.193258,-0.027807,0.002689,0.061685,0.005583,-0.031399,0.048950,-0.021408,-0.006253,0.069075,-0.001148,0.037902
0.358192,-0.701529,0.282727,0.065796,0.924310,0.109407,1.855321,8.363235,-0.400382,0.024136,1.112371,0.003846,0.341395,-0.573695,0.684579,1.252987,-0.006222,-0.022149,-0.006060,0.036615,-0.046668,0.062728,2.576168,-0.006739,0.054274,0.090576,0.229053,-0.003229,0.003324,2.713959,-0.320371,0.531555,0.677974,0.884213,-0.139411,0.209496,-0.223945,0.205521,0.473060,0.023244,0.242083
-0.000525,-0.003649,0.090237,-0.003018,-0.034699,-0.004346,0.037414,0.055632,-0.011370,-0.029269,-0.049103,0.005875,0.036684,-0.005936,-0.004434,-0.055542,0.000544,-0.001062,-0.000291,-0.002087,-0.001127,0.006437,-0.006739,0.032819,-0.001300,-0.001329,-0.001493,0.002806,0.021351,-0.292116,-0.015842,-0.003102,0.054516,-0.049168,-0.020592,0.107759,-0.011109,-0.024786,0.135583,-0.001653,0.089577
0.022141,0.007797,0.243462,0.008191,0.046908,0.010152,0.194063,0.739416,-0.089521,-0.052055,0.051636,-0.007548,0.033548,-0.034286,0.025887,-0.094808,0.004157,-0.002577,0.001581,0.016653,-0.001837,0.010897,0.054274,-0.001300,0.109118,-0.003933,0.010612,0.002459,-0.001211,-0.034695,-0.083194,0.006491,0.204953,0.048203,-0.047003,0.038870,0.025310,0.001065,0.080404,-0.005775,0.261392
0.009075,-0.024526,-0.007288,0.012730,0.120120,-0.002080,0.088645,0.196959,-0.010504,-0.015594,0.176234,0.003649,0.011576,-0.020990,0.022199,-0.003141,-0.000515,-0.000307,-0.000100,0.002051,-0.001315,0.001815,0.090576,-0.001329,-0.003933,0.030872,0.005871,-0.000571,-0.000692,-0.031008,0.009358,-0.002470,0.042549,0.161761,0.006908,0.009235,-0.012756,0.047563,0.015475,-0.000448,-0.019853
0.112233,0.002149,0.061494,0.004030,0.120259,0.065759,0.256261,1.216013,0.032242,0.077461,0.153503,-0.007611,0.087956,-0.033572,0.190722,0.368343,0.001772,-0.002145,-0.001779,0.010923,0.006494,0.007442,0.229053,-0.001493,0.010612,0.005871,0.051556,-0.000857,0.001749,0.694973,-0.002271,0.048112,0.120750,0.105537,-0.016753,0.057058,-0.007958,0.017899,0.125994,0.007254,0.108493
-0.000687,0.001107,0.002732,-0.000240,-0.003500,0.000835,-0.011969,-0.009837,-0.003182,-0.006017,0.000687,0.000762,0.004260,0.002789,-0.001397,-0.008140,-0.000009,-0.000027,0.001033,-0.000220,-0.001023,0.001430,-0.003229,0.002806,0.002459,-0.000571,-0.000857,0.020332,-0.000274,-0.040223,0.000261,-0.000103,-0.001981,0.002374,-0.008151,0.011922,-0.002432,-0.002276,0.013994,-0.000412,0.006836
0.004941,-0.001684,0.066167,-0.001677,-0.017405,-0.004968,0.049711,0.138128,-0.011890,-0.020127,-0.028207,0.006345,0.027892,-0.004004,0.007254,-0.034672,0.000283,-0.000906,-0.000220,-0.000792,-0.000841,0.004390,0.003324,0.021351,-0.001211,-0.000692,0.001749,-0.000274,0.018324,-0.203180,-0.000425,-0.002279,0.057459,-0.027840,-0.017422,0.067826,-0.010841,-0.014743,0.089109,-0.001179,0.066062
1.632302,1.033339,-1.072571,0.250312,8.115112,0.357022,5.487939,1.924542,2.150160,14.355509,9.755903,-4.362480,2.177517,1.645108,3.945175,35.118307,0.128966,0.002664,-0.004619,1.766679,-0.096580,-0.193258,2.713959,-0.292116,-0.034695,-0.031008,0.694973,-0.040223,-0.203180,133.237081,6.245271,0.128265,3.129131,7.315849,0.784111,0.071050,2.513405,3.429663,2.304008,0.655245,-2.450409
-0.053402,-0.093727,-0.147666,0.021435,0.692743,0.075239,0.008479,-2.457116,0.859588,1.161930,0.662917,-0.227819,0.524208,1.091911,0.483343,2.499945,-0.016433,0.005294,-0.000955,-0.036346,-0.016037,-0.027807,-0.320371,-0.015842,-0.083194,0.009358,-0.002271,0.000261,-0.000425,6.245271,3.846379,-0.099260,-0.041703,0.505321,-0.088525,-0.112830,-0.247592,0.149864,0.294475,0.039210,-0.254874
0.074723,-0.114647,0.092520,-0.002785,-0.051906,0.106637,-0.147209,0.303940,-0.005373,-0.032720,-0.108113,0.041653,0.027659,-0.058467,0.112870,0.133643,-0.000367,-0.000982,-0.001399,-0.014021,-0.003511,0.002689,0.531555,-0.003102,0.006491,-0.002470,0.048112,-0.000103,-0.002279,0.128265,-0.099260,0.360333,-0.084856,-0.102265,-0.059762,-0.003021,-0.028499,-0.045053,0.015542,-0.002024,0.214717
0.272550,-0.134155,0.920207,0.045788,1.115675,-0.026860,2.763728,5.989116,-0.241474,0.267272,1.289005,-0.044236,0.412484,-0.287672,0.516235,1.211283,0.014909,-0.018691,-0.000027,0.138406,-0.010609,0.061685,0.677974,0.054516,0.204953,0.042549,0.120750,-0.001981,0.057459,3.129131,-0.041703,-0.084856,2.131756,1.219620,0.177762,0.400613,0.026400,0.314567,0.787608,-0.024500,0.841019
0.167280,-0.298301,-0.098713,0.285350,3.738063,-0.005414,1.744256,1.470189,-0.025842,0.153751,4.992319,-0.033817,0.246535,-0.164702,0.485300,0.310725,-0.000874,0.003797,0.024080,0.234462,-0.000023,0.005583,0.884213,-0.049168,0.048203,0.161761,0.105537,0.002374,-0.027840,7.315849,0.505321,-0.102265,1.219620,5.004664,0.572592,-0.108257,-0.047691,1.923674,0.115314,-0.025374,-0.304889
-0.003416,-0.026781,-0.243382,0.041668,0.561702,0.019533,0.247485,-2.501253,0.070020,0.272296,0.673670,-0.171244,-0.084005,-0.006360,-0.016898,0.449812,0.002034,0.007076,0.022206,-0.036112,-0.020438,-0.031399,-0.139411,-0.020592,-0.047003,0.006908,-0.016753,-0.008151,-0.017422,0.784111,-0.088525,-0.059762,0.177762,0.572592,1.282102,-0.148319,0.151365,0.519450,-0.216233,-0.019086,-0.383072
0.165297,0.048043,0.610903,0.002391,0.073383,0.023632,0.554877,1.624806,-0.049994,-0.062171,0.027971,0.021137,0.319277,-0.041927,0.235253,0.113794,0.005759,-0.008133,-0.002826,0.008146,0.001089,0.048950,0.209496,0.107759,0.038870,0.009235,0.057058,0.011922,0.067826,0.071050,-0.112830,-0.003021,0.400613,-0.108257,-0.148319,0.913115,-0.026229,-0.069998,1.045870,-0.010881,0.505849
0.023382,0.239101,0.057731,0.005538,-0.022926,0.125695,-0.104065,-1.085261,-0.180045,0.313923,-0.008833,-0.165579,-0.046199,-0.013651,-0.035641,0.320647,0.021144,0.006935,0.002771,0.046259,0.045700,-0.021408,-0.223945,-0.011109,0.025310,-0.012756,-0.007958,-0.002432,-0.010841,2.513405,-0.247592,-0.028499,0.026400,-0.047691,0.151365,-0.026229,0.342605,0.048570,-0.031046,0.002470,0.322678
0.019159,-0.046541,-0.037405,0.147289,1.599234,-0.041200,0.423807,-1.130610,-0.114487,-0.003469,2.293078,-0.042781,0.045919,-0.045452,0.107365,-0.051839,0.002894,0.006398,0.019564,0.092469,-0.000561,-0.006253,0.205521,-0.024786,0.001065,0.047563,0.017899,-0.002276,-0.014743,3.429663,0.149864,-0.045053,0.314567,1.923674,0.519450,-0.069998,0.048570,1.102708,-0.016372,-0.010280,-0.189868
0.313859,0.066935,0.932639,0.010037,0.372888,0.127079,1.189918,3.708594,0.069300,0.229639,0.389761,-0.050629,0.576544,-0.003397,0.574496,1.144651,0.011971,-0.013236,-0.006385,0.035774,0.017227,0.069075,0.473060,0.135583,0.080404,0.015475,0.125994,0.013994,0.089109,2.304008,0.294475,0.015542,0.787608,0.115314,-0.216233,1.045870,-0.031046,-0.016372,1.429096,0.004172,0.872021
0.013403,-0.010307,-0.034126,0.002069,-0.021535,0.000968,0.035826,0.128420,0.013934,0.096837,-0.010199,-0.041017,0.015886,0.010808,0.029781,0.326768,0.000043,-0.000173,-0.000785,-0.005280,-0.001496,-0.001148,0.023244,-0.001653,-0.005775,-0.000448,0.007254,-0.000412,-0.001179,0.655245,0.039210,-0.002024,-0.024500,-0.025374,-0.019086,-0.010881,0.002470,-0.010280,0.004172,0.059162,-0.012118
0.272214,0.340293,1.631941,-0.002870,-0.183379,0.630432,0.746159,2.054408,-0.265966,-0.429025,-0.305583,-0.039627,0.397747,-0.092443,0.378941,-0.725817,0.045874,0.001336,-0.000565,0.007899,0.150394,0.037902,0.242083,0.089577,0.261392,-0.019853,0.108493,0.006836,0.066062,-2.450409,-0.254874,0.214717,0.841019,-0.304889,-0.383072,0.505849,0.322678,-0.189868,0.872021,-0.012118,2.639866
