0.013946,0.002481,0.002546,-0.000175,0.001301,0.003731,0.005683,0.007164,0.001772,0.004582,0.001461,-0.000765,0.010359,-0.001920,0.011651,0.005501,0.004309,-0.001635,-0.000743,0.001861,0.001710,0.003101,0.000780,-0.000345,0.004826,0.000474,0.013279,0.001306,0.000333,0.005628,-0.000247,0.002543,0.003897,0.001915,0.000408,0.003262,0.001449,0.000833,0.006670,0.000540,0.002405
0.002481,0.008749,0.001091,-0.000613,-0.000904,0.001775,-0.003117,-0.004128,0.001436,0.002882,-0.000411,-0.001301,0.000564,0.006185,0.001128,0.001824,0.005283,0.003007,-0.000284,0.001565,0.002133,-0.003173,-0.000620,-0.000148,-0.000469,-0.000781,0.000162,0.000262,-0.000023,0.002099,-0.000513,-0.001892,-0.001342,-0.001984,-0.000331,0.000667,0.005754,-0.000637,0.000937,-0.000175,0.001514
0.002546,0.001091,0.010406,0.000113,-0.000100,0.000261,0.003136,0.001456,-0.000788,-0.001176,-0.000180,0.000075,0.006122,-0.001523,0.002077,-0.000616,0.005360,-0.002402,0.000140,-0.000610,0.000506,0.005902,0.000187,0.005516,0.017688,0.000110,0.002116,0.000275,0.003447,-0.000584,-0.001147,0.001652,0.004966,-0.000780,-0.001567,0.005046,0.001487,-0.000617,0.007098,-0.000485,0.004192
-0.000175,-0.000613,0.000113,0.004119,0.001439,-0.000008,0.000772,-0.000935,0.000209,-0.000544,0.001391,0.000205,0.000064,-0.001217,0.000040,-0.000454,-0.000007,0.000454,0.001426,0.000196,-0.000017,0.000041,0.000008,-0.000370,0.001354,0.001015,-0.000056,-0.000205,-0.000121,-0.000117,0.000007,-0.000143,0.000792,0.003450,0.000948,0.000146,-0.000057,0.003740,0.000070,-0.000074,-0.000138
0.001301,-0.000904,-0.000100,0.001439,0.002736,0.000101,0.002010,0.000945,-0.000110,0.000568,0.002720,-0.000215,0.002021,-0.001140,0.001666,0.000655,0.000295,-0.000023,0.000011,0.001644,0.000214,0.000445,0.000394,-0.000555,0.000412,0.000928,0.001800,0.000049,-0.000144,0.002776,0.000594,-0.000081,0.001849,0.005072,0.002314,0.000312,-0.000004,0.005256,0.000975,-0.000137,-0.000161
0.003731,0.001775,0.000261,-0.000008,0.000101,0.004548,-0.000493,-0.000617,0.002334,0.000187,-0.000174,-0.000922,0.002451,0.000237,0.002697,0.000911,0.003417,0.002191,-0.000157,-0.000274,0.002182,-0.002049,0.000441,-0.000523,0.001524,0.000193,0.002732,0.000078,-0.000329,0.000260,0.000100,0.001388,-0.000834,0.000037,0.000379,0.000178,0.002277,-0.000736,0.000967,-0.000000,0.002399
0.005683,-0.003117,0.003136,0.000772,0.002010,-0.000493,0.013999,0.011218,-0.000102,0.000983,0.001759,-0.000197,0.008269,-0.007159,0.006141,0.002726,0.000723,-0.005071,-0.000238,0.002492,-0.000592,0.007294,0.001172,0.001023,0.008571,0.001446,0.007024,0.000370,0.001404,0.003139,-0.000572,-0.000917,0.010503,0.004183,0.001859,0.002964,-0.001617,0.002004,0.005763,0.000310,0.001018
0.007164,-0.004128,0.001456,-0.000935,0.000945,-0.000617,0.011218,0.022970,-0.003146,-0.003856,0.000650,0.000837,0.008380,-0.010190,0.007361,0.000562,-0.001862,-0.008831,-0.000777,0.000210,-0.000590,0.012163,0.001980,0.001002,0.013962,0.001292,0.010689,0.001269,0.002464,-0.000452,-0.002386,0.000762,0.007090,0.001610,-0.007444,0.002513,-0.005408,-0.002413,0.005730,0.000610,0.001088
0.001772,0.001436,-0.000788,0.000209,-0.000110,0.002334,-0.000102,-0.003146,0.005307,0.001831,-0.000381,0.000395,0.001436,0.003742,0.001685,0.002156,-0.001658,0.001371,-0.000237,-0.000462,0.000151,-0.001598,-0.000126,-0.000394,-0.005206,-0.000136,0.000480,-0.000055,-0.000641,0.000380,0.001784,-0.000083,-0.001373,-0.000561,0.000448,-0.000420,-0.001545,-0.001403,-0.000066,-0.000008,-0.000319
0.004582,0.002882,-0.001176,-0.000544,0.000568,0.000187,0.000983,-0.003856,0.001831,0.019154,0.000562,-0.004845,0.005950,0.008088,0.005357,0.012484,0.003701,0.000963,-0.000544,0.004772,-0.000686,-0.005663,-0.000240,-0.001804,-0.007218,-0.000179,0.003813,0.000264,-0.001308,0.016798,0.005954,-0.000421,0.001549,0.000666,0.004103,0.000113,0.006594,0.000332,0.002228,0.001539,-0.001346
0.001461,-0.000411,-0.000180,0.001391,0.002720,-0.000174,0.001759,0.000650,-0.000381,0.000562,0.003382,-0.000293,0.002053,-0.001099,0.001757,0.000805,0.000334,0.000094,0.000004,0.001961,0.000056,0.000484,0.000419,-0.000547,0.000369,0.000960,0.002012,0.000172,-0.000148,0.002987,0.000411,-0.000285,0.001788,0.005330,0.001742,0.000381,0.000038,0.006339,0.001067,-0.000130,-0.000212
-0.000765,-0.001301,0.000075,0.000205,-0.000215,-0.000922,-0.000197,0.000837,0.000395,-0.004845,-0.000293,0.004999,-0.001516,-0.001807,-0.000862,-0.002397,-0.003011,-0.000833,-0.000017,0.000155,-0.000235,0.002106,0.000056,-0.000086,-0.000421,0.000046,-0.000362,-0.000141,0.000224,-0.004699,-0.001004,0.000798,0.000160,-0.000206,-0.002290,-0.000317,-0.004050,-0.000636,-0.000813,-0.000694,-0.000560
0.010359,0.000564,0.006122,0.000064,0.002021,0.002451,0.008269,0.008380,0.001436,0.005950,0.002053,-0.001516,0.018536,0.003811,0.011814,0.006540,0.003515,-0.003314,-0.000706,0.001130,0.001137,0.006747,0.001673,0.005827,0.007852,0.001358,0.011306,0.001476,0.004121,0.007675,0.006579,0.001480,0.005709,0.003378,-0.001771,0.007354,-0.001944,0.001596,0.012899,0.000980,0.003448
-0.001920,0.006185,-0.001523,-0.001217,-0.001140,0.000237,-0.007159,-0.010190,0.003742,0.008088,-0.001099,-0.001807,0.003811,0.026216,0.000829,0.003446,-0.001894,0.004141,-0.000707,-0.000554,0.000265,-0.007061,-0.001047,-0.001683,-0.008189,-0.001151,-0.003403,0.000430,-0.000883,0.004879,0.013370,-0.001574,-0.004824,-0.003508,-0.001208,-0.001289,-0.000791,-0.002619,-0.000239,0.000950,-0.000651
0.011651,0.001128,0.002077,0.000040,0.001666,0.002697,0.006141,0.007361,0.001685,0.005357,0.001757,-0.000862,0.011814,0.000829,0.011447,0.005910,0.002372,-0.001947,-0.000650,0.001559,0.001176,0.003128,0.000794,-0.000533,0.002580,0.000674,0.012069,0.001299,0.000476,0.006539,0.003187,0.002029,0.004049,0.002900,0.000360,0.002634,-0.000753,0.001510,0.006595,0.000744,0.001801
0.005501,0.001824,-0.000616,-0.000454,0.000655,0.000911,0.002726,0.000562,0.002156,0.012484,0.000805,-0.002397,0.006540,0.003446,0.005910,0.010992,0.001477,-0.000372,-0.000321,0.002773,-0.000273,-0.001841,0.000067,-0.001015,-0.004884,0.000002,0.005242,0.000135,-0.000563,0.011369,0.003716,0.000100,0.001844,0.000743,0.001611,0.000690,0.002288,0.000128,0.002909,0.001497,-0.000637
0.004309,0.005283,0.005360,-0.000007,0.000295,0.003417,0.000723,-0.001862,-0.001658,0.003701,0.000334,-0.003011,0.003515,-0.001894,0.002372,0.001477,0.014579,0.002897,-0.000022,0.003148,0.004233,-0.002191,-0.000117,0.001147,0.011794,-0.000212,0.002788,0.000352,0.000324,0.005562,-0.002524,0.000385,0.003012,0.000543,0.001230,0.002572,0.012678,0.001483,0.004047,-0.000105,0.005197
-0.001635,0.003007,-0.002402,0.000454,-0.000023,0.002191,-0.005071,-0.008831,0.001371,0.000963,0.000094,-0.000833,-0.003314,0.004141,-0.001947,-0.000372,0.002897,0.005900,0.000315,0.000398,0.002522,-0.007772,-0.000818,-0.002068,-0.006315,-0.000471,-0.003044,-0.000467,-0.001673,0.000261,0.001073,-0.000570,-0.003549,0.000422,0.003074,-0.002241,0.004147,0.001762,-0.003413,-0.000168,0.000727
-0.000743,-0.000284,0.000140,0.001426,0.000011,-0.000157,-0.000238,-0.000777,-0.000237,-0.000544,0.000004,-0.000017,-0.000706,-0.000707,-0.000650,-0.000321,-0.000022,0.000315,0.001617,0.000020,-0.000105,-0.000353,-0.000052,-0.000067,0.001147,0.000117,-0.000765,-0.000040,-0.000033,-0.000440,-0.000297,0.000028,-0.000205,0.000510,0.000490,-0.000184,0.000152,0.000889,-0.000417,-0.000037,-0.000074
0.001861,0.001565,-0.000610,0.000196,0.001644,-0.000274,0.002492,0.000210,-0.000462,0.004772,0.001961,0.000155,0.001130,-0.000554,0.001559,0.002773,0.003148,0.000398,0.000020,0.010968,0.000407,-0.000625,0.000055,-0.001489,0.003773,0.000280,0.002254,0.000308,-0.000647,0.008728,-0.000874,-0.000398,0.003477,0.004343,-0.000875,0.000009,0.003984,0.004306,0.000706,-0.000222,-0.000029
0.001710,0.002133,0.000506,-0.000017,0.000214,0.002182,-0.000592,-0.000590,0.000151,-0.000686,0.000056,-0.000235,0.001137,0.000265,0.001176,-0.000273,0.004233,0.002522,-0.000105,0.000407,0.003754,-0.002265,-0.000042,-0.000233,-0.000371,-0.000003,0.001220,0.000023,-0.000128,-0.000099,-0.000152,-0.000078,-0.000378,0.000228,-0.000141,-0.000109,0.002727,0.000003,0.000391,-0.000056,0.002038
0.003101,-0.003173,0.005902,0.000041,0.000445,-0.002049,0.007294,0.012163,-0.001598,-0.005663,0.000484,0.002106,0.006747,-0.007061,0.003128,-0.001841,-0.002191,-0.007772,-0.000353,-0.000625,-0.002265,0.014649,0.000790,0.006726,0.011900,0.000699,0.004555,0.001093,0.004248,-0.002685,-0.002511,0.000846,0.005353,0.000462,-0.005722,0.006529,-0.006239,-0.000777,0.008414,-0.000161,0.000637
0.000780,-0.000620,0.000187,0.000008,0.000394,0.000441,0.001172,0.001980,-0.000126,-0.000240,0.000419,0.000056,0.001673,-0.001047,0.000794,0.000067,-0.000117,-0.000818,-0.000052,0.000055,-0.000042,0.000790,0.001670,-0.000895,0.001796,0.001193,0.001218,0.000133,-0.000155,0.000014,-0.000242,0.000447,-0.000213,0.000768,-0.000224,0.000372,-0.000486,0.000536,0.000751,0.000022,0.000102
-0.000345,-0.000148,0.005516,-0.000370,-0.000555,-0.000523,0.001023,0.001002,-0.000394,-0.001804,-0.000547,-0.000086,0.005827,-0.001683,-0.000533,-0.001015,0.001147,-0.002068,-0.000067,-0.001489,-0.000233,0.006726,-0.000895,0.026354,-0.001148,-0.000368,-0.000997,0.000274,0.016959,-0.001701,-0.001730,-0.000613,0.002088,-0.001603,-0.001557,0.010301,-0.001187,-0.001759,0.010897,-0.000254,0.001962
0.004826,-0.000469,0.017688,0.001354,0.000412,0.001524,0.008571,0.013962,-0.005206,-0.007218,0.000369,-0.000421,0.007852,-0.008189,0.002580,-0.004884,0.011794,-0.006315,0.001147,0.003773,-0.000371,0.011900,0.001796,-0.001148,0.108310,0.000154,0.005875,0.000624,0.000334,-0.003000,-0.006673,0.004060,0.013208,0.000318,-0.007441,0.004444,0.005468,-0.000247,0.008018,-0.001265,0.010186
0.000474,-0.000781,0.000110,0.001015,0.000928,0.000193,0.001446,0.001292,-0.000136,-0.000179,0.000960,0.000046,0.001358,-0.001151,0.000674,0.000002,-0.000212,-0.000471,0.000117,0.000280,-0.000003,0.000699,0.001193,-0.000368,0.000154,0.001986,0.000786,0.000089,-0.000091,-0.000137,0.000233,-0.000006,0.000619,0.002264,0.000125,0.000457,-0.000573,0.001557,0.000699,-0.000033,0.000024
0.013279,0.000162,0.002116,-0.000056,0.001800,0.002732,0.007024,0.010689,0.000480,0.003813,0.002012,-0.000362,0.011306,-0.003403,0.012069,0.005242,0.002788,-0.003044,-0.000765,0.002254,0.001220,0.004555,0.001218,-0.000997,0.005875,0.000786,0.014754,0.001345,0.000528,0.005542,0.000206,0.003397,0.004590,0.003179,-0.000316,0.002833,-0.000919,0.001786,0.006657,0.000680,0.002228
0.001306,0.000262,0.000275,-0.000205,0.000049,0.000078,0.000370,0.001269,-0.000055,0.000264,0.000172,-0.000141,0.001476,0.000430,0.001299,0.000135,0.000352,-0.000467,-0.000040,0.000308,0.000023,0.001093,0.000133,0.000274,0.000624,0.000089,0.001345,0.004535,-0.000020,0.000419,0.000362,-0.000063,0.000358,0.000096,-0.001130,0.000740,-0.000693,-0.000075,0.001086,0.000100,0.000250
0.000333,-0.000023,0.003447,-0.000121,-0.000144,-0.000329,0.001404,0.002464,-0.000641,-0.001308,-0.000148,0.000224,0.004121,-0.000883,0.000476,-0.000563,0.000324,-0.001673,-0.000033,-0.000647,-0.000128,0.004248,-0.000155,0.016959,0.000334,-0.000091,0.000528,-0.000020,0.015635,-0.000735,-0.000806,-0.000605,0.001550,-0.000535,-0.001148,0.006349,-0.001203,-0.000642,0.006677,-0.000128,0.001266
0.005628,0.002099,-0.000584,-0.000117,0.002776,0.000260,0.003139,-0.000452,0.000380,0.016798,0.002987,-0.004699,0.007675,0.004879,0.006539,0.011369,0.005562,0.000261,-0.000440,0.008728,-0.000099,-0.002685,0.000014,-0.001701,-0.003000,-0.000137,0.005542,0.000419,-0.000735,0.024538,0.004881,-0.000220,0.003615,0.005899,0.001332,0.001401,0.007985,0.006190,0.004316,0.001619,-0.000824
-0.000247,-0.000513,-0.001147,0.000007,0.000594,0.000100,-0.000572,-0.002386,0.001784,0.005954,0.000411,-0.001004,0.006579,0.013370,0.003187,0.003716,-0.002524,0.001073,-0.000297,-0.000874,-0.000152,-0.002511,-0.000242,-0.001730,-0.006673,0.000233,0.000206,0.000362,-0.000806,0.004881,0.012123,-0.000551,-0.000835,0.001146,-0.000308,-0.000703,-0.003050,0.000078,0.001474,0.000883,-0.000530
0.002543,-0.001892,0.001652,-0.000143,-0.000081,0.001388,-0.000917,0.000762,-0.000083,-0.000421,-0.000285,0.000798,0.001480,-0.001574,0.002029,0.000100,0.000385,-0.000570,0.000028,-0.000398,-0.000078,0.000846,0.000447,-0.000613,0.004060,-0.000006,0.003397,-0.000063,-0.000605,-0.000220,-0.000551,0.006102,-0.000862,-0.000530,-0.000585,0.000146,-0.000473,-0.000633,0.000772,-0.000101,0.001339
0.003897,-0.001342,0.004966,0.000792,0.001849,-0.000834,0.010503,0.007090,-0.001373,0.001549,0.001788,0.000160,0.005709,-0.004824,0.004049,0.001844,0.003012,-0.003549,-0.000205,0.003477,-0.000378,0.005353,-0.000213,0.002088,0.013208,0.000619,0.004590,0.000358,0.001550,0.003615,-0.000835,-0.000862,0.012560,0.004427,0.002504,0.002806,0.000970,0.002872,0.005044,-0.000325,0.001908
0.001915,-0.001984,-0.000780,0.003450,0.005072,0.000037,0.004183,0.001610,-0.000561,0.000666,0.005330,-0.000206,0.003378,-0.003508,0.002900,0.000743,0.000543,0.000422,0.000510,0.004343,0.000228,0.000462,0.000768,-0.001603,0.000318,0.002264,0.003179,0.000096,-0.000535,0.005899,0.001146,-0.000530,0.004427,0.013162,0.005056,-0.000034,0.000128,0.011714,0.001146,-0.000474,-0.000411
0.000408,-0.000331,-0.001567,0.000948,0.002314,0.000379,0.001859,-0.007444,0.000448,0.004103,0.001742,-0.002290,-0.001771,-0.001208,0.000360,0.001611,0.001230,0.003074,0.000490,-0.000875,-0.000141,-0.005722,-0.000224,-0.001557,-0.007441,0.000125,-0.000316,-0.001130,-0.001148,0.001332,-0.000308,-0.000585,0.002504,0.005056,0.026977,-0.001252,0.005111,0.008432,-0.002070,-0.001237,-0.001420
0.003262,0.000667,0.005046,0.000146,0.000312,0.000178,0.002964,0.002513,-0.000420,0.000113,0.000381,-0.000317,0.007354,-0.001289,0.002634,0.000690,0.002572,-0.002241,-0.000184,0.000009,-0.000109,0.006529,0.000372,0.010301,0.004444,0.000457,0.002833,0.000740,0.006349,0.001401,-0.000703,0.000146,0.002806,-0.000034,-0.001252,0.010261,0.000163,-0.000011,0.010730,-0.000088,0.001754
0.001449,0.005754,0.001487,-0.000057,-0.000004,0.002277,-0.001617,-0.005408,-0.001545,0.006594,0.000038,-0.004050,-0.001944,-0.000791,-0.000753,0.002288,0.012678,0.004147,0.000152,0.003984,0.002727,-0.006239,-0.000486,-0.001187,0.005468,-0.000573,-0.000919,-0.000693,-0.001203,0.007985,-0.003050,-0.000473,0.000970,0.000128,0.005111,0.000163,0.015995,0.001859,-0.000066,-0.000071,0.002712
0.000833,-0.000637,-0.000617,0.003740,0.005256,-0.000736,0.002004,-0.002413,-0.001403,0.000332,0.006339,-0.000636,0.001596,-0.002619,0.001510,0.000128,0.001483,0.001762,0.000889,0.004306,0.000003,-0.000777,0.000536,-0.001759,-0.000247,0.001557,0.001786,-0.000075,-0.000642,0.006190,0.000078,-0.000633,0.002872,0.011714,0.008432,-0.000011,0.001859,0.016071,0.000580,-0.000504,-0.000844
0.006670,0.000937,0.007098,0.000070,0.000975,0.000967,0.005763,0.005730,-0.000066,0.002228,0.001067,-0.000813,0.012899,-0.000239,0.006595,0.002909,0.004047,-0.003413,-0.000417,0.000706,0.000391,0.008414,0.000751,0.010897,0.008018,0.000699,0.006657,0.001086,0.006677,0.004316,0.001474,0.000772,0.005044,0.001146,-0.002070,0.010730,-0.000066,0.000580,0.013569,0.000255,0.002950
0.000540,-0.000175,-0.000485,-0.000074,-0.000137,-0.000000,0.000310,0.000610,-0.000008,0.001539,-0.000130,-0.000694,0.000980,0.000950,0.000744,0.001497,-0.000105,-0.000168,-0.000037,-0.000222,-0.000056,-0.000161,0.000022,-0.000254,-0.001265,-0.000033,0.000680,0.000100,-0.000128,0.001619,0.000883,-0.000101,-0.000325,-0.000474,-0.001237,-0.000088,-0.000071,-0.000504,0.000255,0.002568,-0.000120
0.002405,0.001514,0.004192,-0.000138,-0.000161,0.002399,0.001018,0.001088,-0.000319,-0.001346,-0.000212,-0.000560,0.003448,-0.000651,0.001801,-0.000637,0.005197,0.000727,-0.000074,-0.000029,0.002038,0.000637,0.000102,0.001962,0.010186,0.000024,0.002228,0.000250,0.001266,-0.000824,-0.000530,0.001339,0.001908,-0.000411,-0.001420,0.001754,0.002712,-0.000844,0.002950,-0.000120,0.004078
