0.013775,0.002428,0.003057,0.000833,0.001382,0.002998,0.006180,0.007355,0.001604,0.004027,0.001633,-0.001004,0.010337,-0.002561,0.011568,0.004928,0.003967,-0.001812,-0.000476,0.001431,0.001871,0.003808,0.000813,-0.001503,0.005845,0.000619,0.012788,-0.000034,0.000337,0.004994,-0.000816,0.001370,0.004623,0.001991,0.001404,0.003896,0.001275,0.001230,0.006793,0.000634,0.002273
0.002428,0.007679,0.001093,-0.000542,-0.000940,0.001289,-0.003188,-0.004148,0.000713,0.001734,-0.000479,-0.000937,0.000280,0.004897,0.001043,0.000916,0.005457,0.002725,-0.000251,0.000969,0.002124,-0.002562,-0.000550,-0.000175,0.000441,-0.000532,-0.000050,-0.000066,0.000099,0.000839,-0.000822,-0.001024,-0.001163,-0.002135,0.000514,0.000405,0.006355,-0.000514,0.000579,-0.000229,0.001920
0.003057,0.001093,0.011359,0.000073,-0.000094,0.000525,0.002978,0.001860,-0.000519,-0.001242,-0.000321,0.000220,0.007218,-0.001499,0.002318,-0.000166,0.005575,-0.002661,0.000065,-0.000219,0.001206,0.007042,0.000311,0.006540,0.019550,-0.000027,0.002515,0.000068,0.005362,-0.001728,-0.000881,0.000871,0.005722,-0.000942,-0.002403,0.006158,0.000953,-0.001038,0.008007,-0.000792,0.004548
0.000833,-0.000542,0.000073,0.006923,0.002703,0.000510,0.002148,-0.000593,0.000945,0.000004,0.002972,0.000208,0.001142,-0.001251,0.001241,0.000149,0.000216,0.000622,0.001635,0.000618,-0.000033,0.000229,0.000117,-0.000463,0.002458,0.001909,0.001041,0.000096,-0.000216,0.000768,0.000244,-0.000174,0.001969,0.005886,0.001871,0.000271,-0.000007,0.006147,0.000548,-0.000082,-0.000062
0.001382,-0.000940,-0.000094,0.002703,0.003401,0.000188,0.002959,0.001213,0.000412,0.001001,0.003369,-0.000294,0.002518,-0.000757,0.001980,0.000989,0.000019,0.000056,0.000126,0.001754,0.000019,0.000469,0.000415,-0.000830,0.001674,0.001232,0.001961,0.000009,-0.000385,0.002738,0.001087,-0.000217,0.002471,0.006181,0.002002,0.000411,-0.000253,0.006084,0.001175,-0.000301,-0.000246
0.002998,0.001289,0.000525,0.000510,0.000188,0.004194,0.000697,-0.000468,0.002645,0.000470,0.000059,-0.001086,0.002601,0.000255,0.002653,0.001115,0.002593,0.001527,-0.000107,-0.000174,0.001213,-0.000509,0.000294,-0.000416,0.001711,0.000084,0.002209,0.000036,-0.000103,0.000532,0.000407,0.000652,-0.000388,-0.000118,0.000865,0.000106,0.001936,-0.000405,0.000946,-0.000021,0.002231
0.006180,-0.003188,0.002978,0.002148,0.002959,0.000697,0.014378,0.011086,0.001367,0.002287,0.002452,-0.000368,0.009255,-0.006153,0.006826,0.003755,-0.000356,-0.004483,-0.000355,0.002414,-0.000822,0.006904,0.001309,0.001578,0.008399,0.001613,0.007750,-0.000076,0.002983,0.003858,0.000388,-0.000982,0.011308,0.004969,0.001880,0.003519,-0.002721,0.002659,0.006444,0.000106,0.000770
0.007355,-0.004148,0.001860,-0.000593,0.001213,-0.000468,0.011086,0.022559,-0.002788,-0.002322,0.000862,0.000290,0.008329,-0.009743,0.007112,0.001190,-0.001717,-0.008167,-0.001194,0.000837,-0.000248,0.011658,0.002549,0.000075,0.011537,0.001818,0.010434,0.000186,0.002470,0.000684,-0.001950,0.000465,0.007420,0.002264,-0.005832,0.002667,-0.005997,-0.001782,0.005744,0.000856,0.000401
0.001604,0.000713,-0.000519,0.000945,0.000412,0.002645,0.001367,-0.002788,0.005667,0.001947,0.000304,0.000117,0.002050,0.003560,0.001935,0.002286,-0.001924,0.001213,-0.000346,-0.000088,0.000037,-0.001186,-0.000035,-0.000428,-0.002323,-0.000053,0.000648,-0.000052,-0.000043,0.000661,0.002186,-0.000223,-0.000621,0.000051,0.000047,-0.000207,-0.001871,-0.000630,0.000358,0.000119,-0.000168
0.004027,0.001734,-0.001242,0.000004,0.001001,0.000470,0.002287,-0.002322,0.001947,0.018042,0.001008,-0.005290,0.005458,0.006277,0.004935,0.011844,0.003352,0.000473,-0.000349,0.003913,-0.001045,-0.006022,-0.000182,-0.002010,-0.005579,-0.000649,0.003577,-0.000235,-0.001021,0.016406,0.004926,-0.000453,0.002663,0.001060,0.004815,-0.000239,0.006797,0.000854,0.001880,0.002556,-0.001286
0.001633,-0.000479,-0.000321,0.002972,0.003369,0.000059,0.002452,0.000862,0.000304,0.001008,0.004177,-0.000251,0.002404,-0.000914,0.002140,0.001082,0.000085,0.000250,0.000108,0.002020,-0.000064,0.000449,0.000330,-0.000957,0.001247,0.001156,0.002165,0.000047,-0.000517,0.003311,0.000838,-0.000278,0.002343,0.006608,0.002306,0.000280,-0.000051,0.007478,0.001099,-0.000309,-0.000339
-0.001004,-0.000937,0.000220,0.000208,-0.000294,-0.001086,-0.000368,0.000290,0.000117,-0.005290,-0.000251,0.005048,-0.002072,-0.001958,-0.001349,-0.003427,-0.002989,-0.000544,0.000013,0.000087,-0.000134,0.001935,0.000014,-0.000098,-0.000211,0.000137,-0.000768,-0.000019,0.000255,-0.006102,-0.001445,0.000382,-0.000040,0.000252,-0.002797,0.000033,-0.004247,-0.000416,-0.000821,-0.001327,-0.000632
0.010337,0.000280,0.007218,0.001142,0.002518,0.002601,0.009255,0.008329,0.002050,0.005458,0.002404,-0.002072,0.019429,0.004262,0.011924,0.006531,0.002932,-0.003230,-0.000579,0.001448,0.001199,0.008121,0.001483,0.007797,0.009391,0.001088,0.011030,0.000364,0.007192,0.006760,0.006820,0.000352,0.007355,0.003317,-0.001302,0.009137,-0.002694,0.002094,0.014208,0.001004,0.003604
-0.002561,0.004897,-0.001499,-0.001251,-0.000757,0.000255,-0.006153,-0.009743,0.003560,0.006277,-0.000914,-0.001958,0.004262,0.026324,0.000794,0.002924,-0.002338,0.003828,0.000023,-0.000619,-0.000048,-0.006479,-0.001061,-0.001084,-0.005724,-0.001294,-0.003943,0.000049,-0.000885,0.003725,0.013978,-0.001337,-0.004073,-0.002751,-0.001488,-0.001355,-0.000960,-0.001640,-0.000141,0.001462,-0.000429
0.011568,0.001043,0.002318,0.001241,0.001980,0.002653,0.006826,0.007112,0.001935,0.004935,0.002140,-0.001349,0.011924,0.000794,0.011624,0.005654,0.001990,-0.001746,-0.000434,0.001431,0.001152,0.003365,0.000735,-0.001423,0.004022,0.000721,0.011733,-0.000065,0.000560,0.006126,0.003154,0.001019,0.004927,0.003143,0.001262,0.002837,-0.001036,0.002205,0.006540,0.000900,0.001773
0.004928,0.000916,-0.000166,0.000149,0.000989,0.001115,0.003755,0.001190,0.002286,0.011844,0.001082,-0.003427,0.006531,0.002924,0.005654,0.010166,0.001263,-0.000638,-0.000379,0.002418,-0.000587,-0.001707,0.000113,-0.000944,-0.004127,-0.000150,0.004912,-0.000111,-0.000101,0.011278,0.003510,-0.000162,0.002629,0.000647,0.002351,0.000738,0.002315,0.000406,0.002964,0.002308,-0.000502
0.003967,0.005457,0.005575,0.000216,0.000019,0.002593,-0.000356,-0.001717,-0.001924,0.003352,0.000085,-0.002989,0.002932,-0.002338,0.001990,0.001263,0.014588,0.002318,0.000390,0.002317,0.004608,-0.001030,-0.000112,0.001650,0.011679,-0.000297,0.001942,-0.000022,0.000873,0.004834,-0.002928,-0.000225,0.002937,-0.000537,0.002293,0.002050,0.013696,0.000784,0.003433,0.000121,0.005231
-0.001812,0.002725,-0.002661,0.000622,0.000056,0.001527,-0.004483,-0.008167,0.001213,0.000473,0.000250,-0.000544,-0.003230,0.003828,-0.001746,-0.000638,0.002318,0.005394,0.000654,0.000058,0.001920,-0.006772,-0.000359,-0.002720,-0.004997,-0.000138,-0.003131,0.000005,-0.002426,0.000184,0.000916,-0.000360,-0.003844,0.000273,0.002931,-0.002513,0.004243,0.001965,-0.003507,-0.000222,0.000695
-0.000476,-0.000251,0.000065,0.001635,0.000126,-0.000107,-0.000355,-0.001194,-0.000346,-0.000349,0.000108,0.000013,-0.000579,0.000023,-0.000434,-0.000379,0.000390,0.000654,0.002951,-0.000024,0.000247,-0.000570,-0.000204,-0.000231,0.000312,-0.000146,-0.000592,0.000135,-0.000364,0.000061,-0.000200,-0.000034,0.000001,0.000460,0.001775,0.000222,0.000604,0.001153,-0.000137,-0.000115,0.000078
0.001431,0.000969,-0.000219,0.000618,0.001754,-0.000174,0.002414,0.000837,-0.000088,0.003913,0.002020,0.000087,0.001448,-0.000619,0.001431,0.002418,0.002317,0.000058,-0.000024,0.008288,-0.000061,-0.000307,-0.000010,-0.000874,0.004149,0.000204,0.001764,0.000034,-0.000666,0.007546,-0.000300,-0.000034,0.003490,0.003992,-0.001420,0.000073,0.003269,0.003706,0.000954,-0.000427,-0.000100
0.001871,0.002124,0.001206,-0.000033,0.000019,0.001213,-0.000822,-0.000248,0.000037,-0.001045,-0.000064,-0.000134,0.001199,-0.000048,0.001152,-0.000587,0.004608,0.001920,0.000247,-0.000061,0.004742,-0.001001,0.000012,-0.000140,0.000605,-0.000057,0.000920,-0.000031,-0.000344,-0.000498,-0.000286,-0.000120,-0.000501,-0.000338,-0.000600,0.000087,0.003058,-0.000338,0.000651,-0.000072,0.001974
0.003808,-0.002562,0.007042,0.000229,0.000469,-0.000509,0.006904,0.011658,-0.001186,-0.006022,0.000449,0.001935,0.008121,-0.006479,0.003365,-0.001707,-0.001030,-0.006772,-0.000570,-0.000307,-0.001001,0.014664,0.000849,0.008629,0.011954,0.000810,0.004976,0.000744,0.006269,-0.003581,-0.002173,0.000533,0.005713,0.000830,-0.005759,0.008051,-0.006496,-0.000748,0.009732,-0.000515,0.001631
0.000813,-0.000550,0.000311,0.000117,0.000415,0.000294,0.001309,0.002549,-0.000035,-0.000182,0.000330,0.000014,0.001483,-0.001061,0.000735,0.000113,-0.000112,-0.000359,-0.000204,-0.000010,0.000012,0.000849,0.001523,-0.001074,0.001789,0.001077,0.001217,0.000039,0.000152,0.000086,-0.000239,0.000170,-0.000265,0.000540,-0.000290,0.000522,-0.000559,0.000550,0.000848,0.000065,0.000064
-0.001503,-0.000175,0.006540,-0.000463,-0.000830,-0.000416,0.001578,0.000075,-0.000428,-0.002010,-0.000957,-0.000098,0.007797,-0.001084,-0.001423,-0.000944,0.001650,-0.002720,-0.000231,-0.000874,-0.000140,0.008629,-0.001074,0.036083,-0.002625,-0.001040,-0.001450,0.000480,0.025450,-0.002848,-0.001030,-0.000393,0.003567,-0.002257,-0.002075,0.014001,-0.002007,-0.002616,0.014478,-0.000500,0.002935
0.005845,0.000441,0.019550,0.002458,0.001674,0.001711,0.008399,0.011537,-0.002323,-0.005579,0.001247,-0.000211,0.009391,-0.005724,0.004022,-0.004127,0.011679,-0.004997,0.000312,0.004149,0.000605,0.011954,0.001789,-0.002625,0.104494,-0.000429,0.006243,0.000298,-0.000246,-0.002223,-0.004319,0.000900,0.016323,0.003245,-0.007621,0.004125,0.004517,0.000717,0.008310,-0.001256,0.009839
0.000619,-0.000532,-0.000027,0.001909,0.001232,0.000084,0.001613,0.001818,-0.000053,-0.000649,0.001156,0.000137,0.001088,-0.001294,0.000721,-0.000150,-0.000297,-0.000138,-0.000146,0.000204,-0.000057,0.000810,0.001077,-0.001040,-0.000429,0.003529,0.001043,-0.000071,-0.000138,-0.000346,0.000075,-0.000014,0.000350,0.002464,0.000054,0.000401,-0.000749,0.001819,0.000590,-0.000192,-0.000157
0.012788,-0.000050,0.002515,0.001041,0.001961,0.002209,0.007750,0.010434,0.000648,0.003577,0.002165,-0.000768,0.011030,-0.003943,0.011733,0.004912,0.001942,-0.003131,-0.000592,0.001764,0.000920,0.004976,0.001217,-0.001450,0.006243,0.001043,0.013922,-0.000308,0.000884,0.005163,-0.000191,0.001959,0.005501,0.003233,0.000978,0.003328,-0.001639,0.002294,0.006702,0.001054,0.001591
-0.000034,-0.000066,0.000068,0.000096,0.000009,0.000036,-0.000076,0.000186,-0.000052,-0.000235,0.000047,-0.000019,0.000364,0.000049,-0.000065,-0.000111,-0.000022,0.000005,0.000135,0.000034,-0.000031,0.000744,0.000039,0.000480,0.000298,-0.000071,-0.000308,0.004522,0.000096,-0.000213,-0.000104,0.000005,-0.000088,-0.000035,-0.000459,0.000509,-0.000277,-0.000053,0.000484,-0.000008,0.000098
0.000337,0.000099,0.005362,-0.000216,-0.000385,-0.000103,0.002983,0.002470,-0.000043,-0.001021,-0.000517,0.000255,0.007192,-0.000885,0.000560,-0.000101,0.000873,-0.002426,-0.000364,-0.000666,-0.000344,0.006269,0.000152,0.025450,-0.000246,-0.000138,0.000884,0.000096,0.023613,-0.001986,-0.000230,-0.000402,0.004652,-0.001426,-0.001400,0.010162,-0.002131,-0.001621,0.010833,-0.000392,0.002400
0.004994,0.000839,-0.001728,0.000768,0.002738,0.000532,0.003858,0.000684,0.000661,0.016406,0.003311,-0.006102,0.006760,0.003725,0.006126,0.011278,0.004834,0.000184,0.000061,0.007546,-0.000498,-0.003581,0.000086,-0.002848,-0.002223,-0.000346,0.005163,-0.000213,-0.001986,0.024413,0.004547,0.000068,0.004044,0.005620,0.001762,0.000294,0.008484,0.005772,0.003124,0.002854,-0.001106
-0.000816,-0.000822,-0.000881,0.000244,0.001087,0.000407,0.000388,-0.001950,0.002186,0.004926,0.000838,-0.001445,0.006820,0.013978,0.003154,0.003510,-0.002928,0.000916,-0.000200,-0.000300,-0.000286,-0.002173,-0.000239,-0.001030,-0.004319,0.000075,-0.000191,-0.000104,-0.000230,0.004547,0.012411,-0.000798,0.000152,0.001450,-0.001023,-0.000758,-0.003691,0.000738,0.001594,0.000632,-0.000467
0.001370,-0.001024,0.000871,-0.000174,-0.000217,0.000652,-0.000982,0.000465,-0.000223,-0.000453,-0.000278,0.000382,0.000352,-0.001337,0.001019,-0.000162,-0.000225,-0.000360,-0.000034,-0.000034,-0.000120,0.000533,0.000170,-0.000393,0.000900,-0.000014,0.001959,0.000005,-0.000402,0.000068,-0.000798,0.003351,-0.001077,-0.000407,-0.000576,0.000034,-0.000774,-0.000411,0.000231,-0.000117,0.000227
0.004623,-0.001163,0.005722,0.001969,0.002471,-0.000388,0.011308,0.007420,-0.000621,0.002663,0.002343,-0.000040,0.007355,-0.004073,0.004927,0.002629,0.002937,-0.003844,0.000001,0.003490,-0.000501,0.005713,-0.000265,0.003567,0.016323,0.000350,0.005501,-0.000088,0.004652,0.004044,0.000152,-0.001077,0.014780,0.005181,0.002495,0.003578,0.000400,0.003248,0.006116,-0.000884,0.002161
0.001991,-0.002135,-0.000942,0.005886,0.006181,-0.000118,0.004969,0.002264,0.000051,0.001060,0.006608,0.000252,0.003317,-0.002751,0.003143,0.000647,-0.000537,0.000273,0.000460,0.003992,-0.000338,0.000830,0.000540,-0.002257,0.003245,0.002464,0.003233,-0.000035,-0.001426,0.005620,0.001450,-0.000407,0.005181,0.015264,0.004999,-0.000121,-0.000674,0.012990,0.001102,-0.000787,-0.000974
0.001404,0.000514,-0.002403,0.001871,0.002002,0.000865,0.001880,-0.005832,0.000047,0.004815,0.002306,-0.002797,-0.001302,-0.001488,0.001262,0.002351,0.002293,0.002931,0.001775,-0.001420,-0.000600,-0.005759,-0.000290,-0.002075,-0.007621,0.000054,0.000978,-0.000459,-0.001400,0.001762,-0.001023,-0.000576,0.002495,0.004999,0.027247,-0.001508,0.006826,0.009307,-0.001909,-0.001271,-0.001237
0.003896,0.000405,0.006158,0.000271,0.000411,0.000106,0.003519,0.002667,-0.000207,-0.000239,0.000280,0.000033,0.009137,-0.001355,0.002837,0.000738,0.002050,-0.002513,0.000222,0.000073,0.000087,0.008051,0.000522,0.014001,0.004125,0.000401,0.003328,0.000509,0.010162,0.000294,-0.000758,0.000034,0.003578,-0.000121,-0.001508,0.013589,-0.000453,-0.000195,0.013238,-0.000251,0.002113
0.001275,0.006355,0.000953,-0.000007,-0.000253,0.001936,-0.002721,-0.005997,-0.001871,0.006797,-0.000051,-0.004247,-0.002694,-0.000960,-0.001036,0.002315,0.013696,0.004243,0.000604,0.003269,0.003058,-0.006496,-0.000559,-0.002007,0.004517,-0.000749,-0.001639,-0.000277,-0.002131,0.008484,-0.003691,-0.000774,0.000400,-0.000674,0.006826,-0.000453,0.018811,0.001499,-0.000813,0.000246,0.002996
0.001230,-0.000514,-0.001038,0.006147,0.006084,-0.000405,0.002659,-0.001782,-0.000630,0.000854,0.007478,-0.000416,0.002094,-0.001640,0.002205,0.000406,0.000784,0.001965,0.001153,0.003706,-0.000338,-0.000748,0.000550,-0.002616,0.000717,0.001819,0.002294,-0.000053,-0.001621,0.005772,0.000738,-0.000411,0.003248,0.012990,0.009307,-0.000195,0.001499,0.017478,0.000585,-0.000836,-0.001019
0.006793,0.000579,0.008007,0.000548,0.001175,0.000946,0.006444,0.005744,0.000358,0.001880,0.001099,-0.000821,0.014208,-0.000141,0.006540,0.002964,0.003433,-0.003507,-0.000137,0.000954,0.000651,0.009732,0.000848,0.014478,0.008310,0.000590,0.006702,0.000484,0.010833,0.003124,0.001594,0.000231,0.006116,0.001102,-0.001909,0.013238,-0.000813,0.000585,0.015404,0.000118,0.003205
0.000634,-0.000229,-0.000792,-0.000082,-0.000301,-0.000021,0.000106,0.000856,0.000119,0.002556,-0.000309,-0.001327,0.001004,0.001462,0.000900,0.002308,0.000121,-0.000222,-0.000115,-0.000427,-0.000072,-0.000515,0.000065,-0.000500,-0.001256,-0.000192,0.001054,-0.000008,-0.000392,0.002854,0.000632,-0.000117,-0.000884,-0.000787,-0.001271,-0.000251,0.000246,-0.000836,0.000118,0.004349,-0.000282
0.002273,0.001920,0.004548,-0.000062,-0.000246,0.002231,0.000770,0.000401,-0.000168,-0.001286,-0.000339,-0.000632,0.003604,-0.000429,0.001773,-0.000502,0.005231,0.000695,0.000078,-0.000100,0.001974,0.001631,0.000064,0.002935,0.009839,-0.000157,0.001591,0.000098,0.002400,-0.001106,-0.000467,0.000227,0.002161,-0.000974,-0.001237,0.002113,0.002996,-0.001019,0.003205,-0.000282,0.004046
