10752.174419,-2418.944301,-2538.310402,-188.666395,70.136995,-937.084077,-1796.678453,486.051304
-2418.944301,7358.993450,-1762.100380,214.152612,24.740519,-1944.266310,-2013.156365,-258.359763
-2538.310402,-1762.100380,3874.414570,-338.800831,137.487729,-52.530134,382.676152,-634.010744
-188.666395,214.152612,-338.800831,450.970327,-85.352318,-308.160820,-773.168305,382.679294
70.136995,24.740519,137.487729,-85.352318,35.449396,-128.703427,109.455974,-77.099460
-937.084077,-1944.266310,-52.530134,-308.160820,-128.703427,6045.656228,-1112.795163,22.488550
-1796.678453,-2013.156365,382.676152,-773.168305,109.455974,-1112.795163,6428.099159,-796.115357
486.051304,-258.359763,-634.010744,382.679294,-77.099460,22.488550,-796.115357,3866.136165
