1.066469,-0.294042,0.144089,-0.009475,11.956158,0.008047,-0.027809,-0.003029
-0.294042,47.215921,-0.314305,-0.031110,-376.242609,-0.012306,-0.012193,-0.261402
0.144089,-0.314305,1.155580,0.028524,-23.175228,0.110598,0.027736,-0.006783
-0.009475,-0.031110,0.028524,0.096428,-2.788575,-0.002990,0.008730,-0.000727
11.956158,-376.242609,-23.175228,-2.788575,455453.510356,29.303951,-24.887610,38.236815
0.008047,-0.012306,0.110598,-0.002990,29.303951,17.013834,-0.024057,0.029702
-0.027809,-0.012193,0.027736,0.008730,-24.887610,-0.024057,1.392382,-0.372435
-0.003029,-0.261402,-0.006783,-0.000727,38.236815,0.029702,-0.372435,1.204994
