1.066469,-0.294477,0.144124,-0.009493,11.881101,0.008032,-0.027768,-0.002954
-0.294477,47.403105,-0.423109,-0.033189,-363.979910,0.000596,0.038337,-0.341123
0.144124,-0.423109,1.323304,0.063326,-20.020191,0.111677,0.027924,-0.005709
-0.009493,-0.033189,0.063326,0.098248,-2.580200,-0.002387,0.008587,0.002231
11.881101,-363.979910,-20.020191,-2.580200,406785.689118,24.896928,-25.660857,28.956991
0.008032,0.000596,0.111677,-0.002387,24.896928,17.255998,-0.026555,0.026747
-0.027768,0.038337,0.027924,0.008587,-25.660857,-0.026555,1.403535,-0.379845
-0.002954,-0.341123,-0.005709,0.002231,28.956991,0.026747,-0.379845,1.214593
