0.540624,-0.126982,0.074748,-0.006434,3.742743,-0.004090,-0.011861,0.002220
-0.126982,46.631017,-0.379382,-0.041833,-346.051505,-0.037359,-0.021332,-0.270713
0.074748,-0.379382,1.307016,0.076193,-20.787851,-0.016591,0.024191,-0.002018
-0.006434,-0.041833,0.076193,0.092915,-3.122688,-0.002834,0.003229,0.001624
3.742743,-346.051505,-20.787851,-3.122688,463066.539228,29.999024,-17.240906,35.961293
-0.004090,-0.037359,-0.016591,-0.002834,29.999024,0.479841,-0.024645,0.023232
-0.011861,-0.021332,0.024191,0.003229,-17.240906,-0.024645,1.374335,-0.367704
0.002220,-0.270713,-0.002018,0.001624,35.961293,0.023232,-0.367704,1.199322
