0.005072,-0.000398,0.000070,-0.000019,0.000023,0.000000,-0.000204,-0.000020
-0.000398,0.018163,-0.000054,-0.000021,-0.000224,-0.000000,0.000081,-0.000603
0.000070,-0.000054,0.000056,0.000015,-0.000003,0.000001,0.000018,-0.000002
-0.000019,-0.000021,0.000015,0.000083,-0.000002,-0.000000,0.000023,0.000004
0.000023,-0.000224,-0.000003,-0.000002,0.000310,0.000000,-0.000036,0.000081
0.000000,-0.000000,0.000001,-0.000000,0.000000,0.000011,-0.000002,0.000002
-0.000204,0.000081,0.000018,0.000023,-0.000036,-0.000002,0.015550,-0.003841
-0.000020,-0.000603,-0.000002,0.000004,0.000081,0.000002,-0.003841,0.011947
