0.002571,-0.000172,0.000037,-0.000013,0.000007,-0.000000,-0.000087,0.000015
-0.000172,0.017928,-0.000053,-0.000024,-0.000190,-0.000001,-0.000044,-0.000529
0.000037,-0.000053,0.000066,0.000016,-0.000004,-0.000000,0.000018,-0.000001
-0.000013,-0.000024,0.000016,0.000082,-0.000003,-0.000000,0.000010,0.000005
0.000007,-0.000190,-0.000004,-0.000003,0.000364,0.000001,-0.000051,0.000100
-0.000000,-0.000001,-0.000000,-0.000000,0.000001,0.000000,-0.000002,0.000002
-0.000087,-0.000044,0.000018,0.000010,-0.000051,-0.000002,0.015521,-0.003892
0.000015,-0.000529,-0.000001,0.000005,0.000100,0.000002,-0.003892,0.011898
