0.093513,0.018796,-0.011267,0.006447,0.002083,0.000367,0.001073,-0.003423
0.018796,0.015248,-0.007044,0.003101,0.000966,0.000264,0.000735,-0.001132
-0.011267,-0.007044,0.072786,0.001436,-0.000780,-0.000206,-0.002755,-0.002884
0.006447,0.003101,0.001436,0.043567,0.000544,-0.000231,-0.001249,-0.000747
0.002083,0.000966,-0.000780,0.000544,0.011110,-0.000063,0.000412,0.000128
0.000367,0.000264,-0.000206,-0.000231,-0.000063,0.004307,0.000085,-0.000160
0.001073,0.000735,-0.002755,-0.001249,0.000412,0.000085,0.003670,0.000776
-0.003423,-0.001132,-0.002884,-0.000747,0.000128,-0.000160,0.000776,0.012341
