0.094897,0.020332,-0.013662,0.003486,0.000238,-0.000157,0.000868,-0.003544
0.020332,0.015929,-0.008047,0.002793,-0.000039,-0.000106,0.000782,-0.001415
-0.013662,-0.008047,0.072923,-0.000187,-0.000839,-0.000719,-0.002884,-0.002320
0.003486,0.002793,-0.000187,0.042609,0.000193,-0.000069,-0.001390,-0.001528
0.000238,-0.000039,-0.000839,0.000193,0.008387,-0.000071,0.000117,0.000126
-0.000157,-0.000106,-0.000719,-0.000069,-0.000071,0.006461,0.000137,-0.000331
0.000868,0.000782,-0.002884,-0.001390,0.000117,0.000137,0.003400,0.000676
-0.003544,-0.001415,-0.002320,-0.001528,0.000126,-0.000331,0.000676,0.012456
