0.083285,0.020697,-0.008999,0.006215,0.002045,0.000389,0.001391,-0.003218
0.020697,0.020145,-0.006859,0.003565,0.001110,0.000365,0.001158,-0.001301
-0.008999,-0.006859,0.049343,0.001535,-0.000628,-0.000198,-0.003325,-0.002493
0.006215,0.003565,0.001535,0.043567,0.000544,-0.000278,-0.001711,-0.000747
0.002045,0.001110,-0.000628,0.000544,0.011110,-0.000076,0.000564,0.000128
0.000389,0.000365,-0.000198,-0.000278,-0.000076,0.006252,0.000141,-0.000193
0.001391,0.001158,-0.003325,-0.001711,0.000564,0.000141,0.006886,0.001063
-0.003218,-0.001301,-0.002493,-0.000747,0.000128,-0.000193,0.001063,0.012341
