0.083840,0.021667,-0.011285,0.006306,0.002486,0.000094,0.001217,-0.003598
0.021667,0.020158,-0.007423,0.004292,0.001571,-0.000319,0.000960,-0.001711
-0.011285,-0.007423,0.049096,-0.001651,-0.000892,0.000166,-0.003304,-0.001411
0.006306,0.004292,-0.001651,0.043828,0.000392,0.000412,-0.001257,-0.001035
0.002486,0.001571,-0.000892,0.000392,0.009276,-0.000082,0.000225,-0.000375
0.000094,-0.000319,0.000166,0.000412,-0.000082,0.007836,0.000086,-0.000447
0.001217,0.000960,-0.003304,-0.001257,0.000225,0.000086,0.006469,0.000782
-0.003598,-0.001711,-0.001411,-0.001035,-0.000375,-0.000447,0.000782,0.011538
