0.000083,0.000021,0.000045,0.000006,0.000004,0.000015,0.000030,0.000020,0.000076,0.000115,0.000110,0.000116,0.000042,0.000058,0.000023,0.000065,-0.000110,-0.000030,-0.000015,0.000055,-0.000014,-0.000141,0.000057,0.000056,0.000001,-0.000134,-0.000018,-0.000020,0.000030,-0.000066,0.000107,0.000135,0.000015,-0.000186,-0.000010,-0.000033,-0.000078,0.000011,0.000069,0.000028,0.000128,0.000179,0.000038,-0.000076,0.000061,0.000039,-0.000002,-0.000010,0.000013,0.000013,0.000005,0.000004,-0.000001,0.000002,0.000008,0.000003,0.000002,0.000000,-0.000001,0.000003
0.000021,0.000344,0.000036,0.000112,0.000047,0.000074,0.000004,0.000065,0.000050,0.000325,0.000198,-0.000002,0.000076,0.000200,0.000250,0.000466,0.000199,0.000138,-0.000126,-0.000046,0.000243,0.000061,-0.000190,-0.000014,-0.000423,-0.000526,-0.000521,-0.000257,-0.000123,-0.000263,-0.000005,0.000094,-0.000211,-0.000369,0.000440,0.000255,0.000083,0.000088,0.000189,0.000027,0.000068,-0.000061,0.000042,-0.000019,0.000322,0.000193,0.000058,0.000093,0.000124,0.000021,0.000005,0.000004,0.000002,0.000003,0.000010,0.000006,0.000009,0.000009,0.000002,0.000001
0.000045,0.000036,0.000777,0.000093,0.000576,0.000267,-0.000014,-0.000172,0.000099,0.000016,0.000136,0.000045,0.000042,0.000113,0.000309,0.000042,-0.000036,-0.000025,0.000185,-0.000584,-0.000982,-0.000076,-0.000271,-0.000251,-0.000374,-0.000249,-0.000302,-0.000181,0.000062,0.000128,0.000085,0.000197,-0.000622,-0.000290,0.000064,0.000378,-0.000042,0.000305,0.000142,0.000039,0.000356,0.000383,0.000050,-0.000176,0.000185,0.000188,0.000061,0.000143,0.000007,0.000019,0.000004,0.000011,-0.000002,0.000037,0.000032,0.000005,0.000012,0.000004,0.000030,0.000007
0.000006,0.000112,0.000093,0.000507,0.000096,0.000170,0.000084,0.000024,0.000067,0.000199,0.000129,-0.000079,-0.000013,0.000207,0.000313,0.000377,0.000237,0.000184,-0.000460,0.000190,-0.000117,0.000506,0.000377,0.000533,-0.000362,0.000046,-0.000243,-0.000086,-0.000231,-0.000305,-0.000268,-0.000009,-0.000333,-0.000748,-0.000326,0.000319,0.000230,-0.000178,0.000008,-0.000169,0.000143,0.000052,0.000033,-0.000059,0.000069,-0.000213,-0.000104,0.000111,0.000031,0.000038,0.000007,0.000006,0.000013,0.000018,0.000006,0.000005,0.000037,0.000001,0.000003,0.000003
0.000004,0.000047,0.000576,0.000096,0.001351,0.000325,0.000087,-0.000247,0.000019,0.000032,0.000061,0.000174,0.000045,0.000297,0.000539,0.000194,0.000486,0.000285,0.000384,0.000169,-0.001448,0.000445,-0.000076,-0.000047,-0.000461,-0.000232,0.000189,-0.000566,-0.000357,-0.000652,0.000185,-0.000129,-0.000556,-0.000861,-0.000756,-0.000062,0.000268,-0.000076,0.000073,0.000138,0.000187,0.000011,-0.000157,-0.000213,-0.000110,-0.000132,-0.000045,0.000160,-0.000013,-0.000012,0.000008,0.000000,-0.000001,0.000017,0.000003,-0.000004,-0.000006,0.000005,0.000016,-0.000002
0.000015,0.000074,0.000267,0.000170,0.000325,0.000870,0.000211,-0.000017,0.000216,0.000488,0.000108,0.000337,0.000179,0.000465,0.000330,0.000684,0.000505,-0.000140,0.000386,0.000451,0.000382,0.000449,-0.000063,0.000279,-0.000095,0.000222,-0.000659,-0.000206,-0.000188,-0.000058,0.000266,-0.000066,-0.000389,-0.000468,-0.000415,0.000027,-0.000559,-0.000122,0.000344,-0.000256,-0.000029,0.000216,0.000096,-0.000119,-0.000279,-0.000335,-0.000019,0.000001,0.000021,-0.000026,0.000008,0.000014,0.000006,0.000025,0.000009,0.000008,0.000018,0.000005,0.000027,0.000004
0.000030,0.000004,-0.000014,0.000084,0.000087,0.000211,0.001406,0.000148,0.000515,0.000201,0.000572,0.000165,0.000518,0.000435,0.000842,0.001220,0.000928,0.000119,0.000554,0.000401,0.000085,0.000206,0.000038,0.000428,0.000067,-0.000026,-0.000475,-0.000170,0.000121,0.000071,0.000040,-0.000002,-0.000711,-0.000806,-0.000801,-0.000656,-0.001497,-0.001242,-0.000193,0.000132,-0.000009,0.000124,0.000029,-0.000041,0.000020,-0.000122,0.000061,0.000075,0.000039,0.000031,0.000009,-0.000005,0.000007,0.000009,-0.000002,0.000008,0.000020,-0.000002,0.000010,0.000003
0.000020,0.000065,-0.000172,0.000024,-0.000247,-0.000017,0.000148,0.001238,0.000155,0.000197,0.000807,0.000241,0.000350,-0.000108,-0.000288,0.000353,-0.000901,-0.000067,0.000289,-0.000093,0.000475,0.000045,0.000082,-0.000206,-0.000449,-0.000809,-0.000171,0.000039,-0.000060,0.000276,-0.000350,0.000164,0.000140,0.000649,0.000212,-0.000474,-0.000168,-0.000325,0.000583,0.000172,0.000359,0.000270,0.000285,0.000122,0.000570,0.000388,0.000043,-0.000043,0.000047,0.000012,0.000015,-0.000003,-0.000007,-0.000000,0.000007,0.000000,0.000004,0.000002,-0.000004,0.000018
0.000076,0.000050,0.000099,0.000067,0.000019,0.000216,0.000515,0.000155,0.002567,0.000963,0.001748,0.000270,0.000069,0.000999,0.000692,0.000327,0.000329,-0.000129,-0.000672,0.000664,0.000606,-0.000405,0.000027,-0.001131,-0.000412,0.000267,-0.000023,-0.000124,-0.000518,0.000640,0.000116,0.000430,-0.000437,-0.000920,-0.001153,-0.000619,-0.000984,-0.000638,0.000285,0.000393,0.000321,0.000824,-0.000168,0.000065,0.000414,-0.000260,-0.000108,0.000129,0.000037,0.000027,0.000009,0.000010,0.000009,-0.000007,0.000011,0.000004,0.000027,-0.000004,0.000013,0.000002
0.000115,0.000325,0.000016,0.000199,0.000032,0.000488,0.000201,0.000197,0.000963,0.006474,0.003252,0.001641,0.001689,0.001290,0.000149,0.002411,0.001020,0.001881,0.000959,0.002438,0.001654,0.001025,0.000847,-0.000691,0.001873,0.001183,-0.000931,0.000674,-0.001332,-0.000903,0.001288,0.000332,-0.000491,-0.000754,-0.000898,-0.001366,-0.000734,-0.001659,0.000277,0.000390,0.000028,0.000227,0.000174,0.000228,0.001036,-0.001193,0.000586,-0.000042,0.000226,-0.000038,0.000034,0.000071,0.000008,0.000000,0.000038,-0.000002,0.000073,-0.000021,-0.000022,-0.000014
0.000110,0.000198,0.000136,0.000129,0.000061,0.000108,0.000572,0.000807,0.001748,0.003252,0.007824,0.001462,0.002186,0.001306,0.000540,0.001141,0.000675,0.001637,0.001462,0.002929,0.002012,0.000516,0.001633,-0.000505,0.000002,0.000518,-0.000296,-0.000202,-0.001447,-0.000792,-0.000661,0.000090,-0.000598,-0.001174,-0.001957,-0.000613,-0.001273,-0.001962,0.000038,0.000088,-0.000541,0.000320,-0.000509,-0.000243,-0.000209,-0.001345,-0.000032,0.000463,0.000061,-0.000035,-0.000002,0.000062,0.000002,0.000013,0.000034,0.000015,0.000038,-0.000030,-0.000026,-0.000006
0.000116,-0.000002,0.000045,-0.000079,0.000174,0.000337,0.000165,0.000241,0.000270,0.001641,0.001462,0.006407,0.001395,0.001546,0.000395,-0.001768,-0.000218,-0.000205,0.001420,-0.000777,-0.000057,0.000108,0.000198,-0.000419,0.000764,0.000400,0.000502,0.000081,-0.000429,-0.001741,0.000654,0.000140,-0.000734,-0.000279,-0.000888,0.000538,0.000175,-0.000353,0.001834,-0.000492,0.000456,0.001144,0.000492,0.000082,0.000821,0.000055,-0.000188,-0.000127,-0.000101,0.000018,0.000076,0.000032,-0.000005,0.000049,0.000003,0.000016,-0.000050,-0.000034,-0.000016,0.000009
0.000042,0.000076,0.000042,-0.000013,0.000045,0.000179,0.000518,0.000350,0.000069,0.001689,0.002186,0.001395,0.005579,0.000887,-0.000135,0.001032,-0.000364,0.001086,0.003288,0.001562,0.000173,0.000845,0.000117,0.000322,0.000105,0.000033,-0.000301,0.000026,-0.000374,-0.001013,-0.000185,0.000588,-0.000520,0.000561,-0.000762,-0.000050,-0.001126,-0.000731,0.000612,0.000395,0.000698,0.000829,0.000844,0.000800,0.001235,0.000263,0.000515,0.000047,0.000028,0.000063,-0.000062,0.000034,0.000002,0.000048,0.000032,0.000008,0.000063,-0.000011,0.000021,-0.000017
0.000058,0.000200,0.000113,0.000207,0.000297,0.000465,0.000435,-0.000108,0.000999,0.001290,0.001306,0.001546,0.000887,0.009312,0.003516,0.001829,0.002469,0.000895,0.001413,0.002247,0.002770,0.000906,0.002529,0.001348,0.000904,-0.000837,-0.001463,-0.001778,-0.001101,-0.000786,-0.001212,-0.000230,-0.001257,-0.001612,-0.003745,0.000226,-0.000930,-0.000044,0.000465,-0.000541,0.000360,0.000091,-0.000181,-0.000090,0.000569,-0.000751,-0.000391,-0.000164,-0.000091,-0.000041,0.000053,0.000001,-0.000017,0.000056,-0.000030,0.000012,0.000044,-0.000005,-0.000000,-0.000026
0.000023,0.000250,0.000309,0.000313,0.000539,0.000330,0.000842,-0.000288,0.000692,0.000149,0.000540,0.000395,-0.000135,0.003516,0.013795,0.001975,0.003274,0.002195,0.000719,0.000979,0.002099,0.001271,-0.000126,-0.000882,-0.000757,-0.002336,-0.001120,-0.001836,-0.001757,-0.001378,-0.001193,-0.001505,-0.002581,-0.002601,-0.003717,-0.000188,-0.001844,-0.001193,-0.000663,-0.000147,0.000592,0.000416,0.000471,-0.000020,-0.000189,-0.000025,-0.000374,0.000014,0.000197,0.000066,0.000064,-0.000005,0.000008,0.000106,0.000007,0.000041,0.000041,0.000033,0.000034,-0.000004
0.000065,0.000466,0.000042,0.000377,0.000194,0.000684,0.001220,0.000353,0.000327,0.002411,0.001141,-0.001768,0.001032,0.001829,0.001975,0.013237,0.004461,0.003679,0.003193,0.002087,0.000299,0.000582,0.000674,0.001763,-0.001074,-0.001709,-0.001689,-0.001036,-0.000130,-0.000578,-0.001716,0.000834,-0.001058,-0.002761,-0.002116,-0.001586,-0.002907,-0.000629,0.000570,-0.000487,0.000293,0.000101,0.000223,-0.000900,-0.000698,-0.000621,0.000384,0.000201,0.000452,0.000093,0.000015,-0.000035,-0.000038,-0.000018,0.000013,0.000031,0.000022,0.000047,0.000030,0.000018
-0.000110,0.000199,-0.000036,0.000237,0.000486,0.000505,0.000928,-0.000901,0.000329,0.001020,0.000675,-0.000218,-0.000364,0.002469,0.003274,0.004461,0.021324,0.003899,0.006135,0.006314,0.003338,0.005627,0.003201,0.002091,-0.000923,0.001115,-0.001712,-0.001512,-0.003896,-0.004976,-0.002728,-0.001628,-0.002114,-0.003886,-0.003304,0.000063,-0.000061,0.000166,-0.000481,-0.000261,-0.001790,-0.000323,-0.001070,0.000481,-0.000015,-0.001712,-0.000715,0.000079,0.000221,-0.000041,-0.000003,0.000000,0.000022,0.000035,-0.000047,0.000038,0.000094,0.000079,0.000044,0.000000
-0.000030,0.000138,-0.000025,0.000184,0.000285,-0.000140,0.000119,-0.000067,-0.000129,0.001881,0.001637,-0.000205,0.001086,0.000895,0.002195,0.003679,0.003899,0.012598,0.001504,0.003573,0.001552,0.001449,0.001094,0.001822,0.000913,0.001467,0.000766,-0.001465,-0.001786,-0.002312,-0.002340,-0.000537,-0.001337,-0.002003,-0.001292,-0.000882,-0.001267,-0.001132,-0.001405,-0.000415,-0.001000,-0.002290,-0.000355,-0.000921,-0.001539,-0.001534,-0.000048,-0.000048,0.000104,0.000017,-0.000130,-0.000001,0.000010,-0.000021,-0.000053,0.000026,0.000035,-0.000002,-0.000055,-0.000005
-0.000015,-0.000126,0.000185,-0.000460,0.000384,0.000386,0.000554,0.000289,-0.000672,0.000959,0.001462,0.001420,0.003288,0.001413,0.000719,0.003193,0.006135,0.001504,0.024345,0.007372,0.003140,0.007184,0.003563,0.001295,0.001385,0.000951,-0.001319,-0.001432,-0.002833,-0.002837,-0.003011,-0.000896,-0.003323,-0.002418,-0.004168,-0.001861,-0.003724,-0.003301,-0.002860,-0.003032,-0.002214,-0.000921,-0.000274,-0.000878,-0.000198,-0.000815,0.000060,-0.000190,-0.000193,0.000016,0.000005,0.000066,-0.000076,0.000104,0.000046,0.000022,-0.000019,0.000017,0.000042,-0.000014
0.000055,-0.000046,-0.000584,0.000190,0.000169,0.000451,0.000401,-0.000093,0.000664,0.002438,0.002929,-0.000777,0.001562,0.002247,0.000979,0.002087,0.006314,0.003573,0.007372,0.032335,0.006552,0.011264,0.005267,0.001341,0.000575,0.000566,0.001260,-0.000757,-0.002722,-0.003566,-0.004742,0.000192,-0.002393,-0.005790,-0.005840,-0.005268,-0.004672,-0.003197,-0.000682,-0.004067,-0.003993,-0.002591,-0.000789,-0.000452,-0.002881,-0.001459,-0.001301,-0.000358,-0.000238,-0.000260,0.000024,0.000094,0.000032,-0.000105,-0.000004,0.000011,0.000070,0.000052,-0.000085,-0.000057
-0.000014,0.000243,-0.000982,-0.000117,-0.001448,0.000382,0.000085,0.000475,0.000606,0.001654,0.002012,-0.000057,0.000173,0.002770,0.002099,0.000299,0.003338,0.001552,0.003140,0.006552,0.018005,0.004388,0.002330,0.000123,-0.000203,0.000006,-0.001348,-0.000236,-0.002763,-0.002457,-0.003830,-0.001336,-0.000574,0.001331,0.000303,0.000848,-0.001837,0.001353,0.001476,0.000133,-0.000539,-0.001090,0.000184,0.000164,-0.000702,0.000225,-0.000021,-0.000494,0.000148,-0.000074,0.000056,0.000010,0.000017,-0.000015,-0.000016,0.000033,0.000036,0.000050,-0.000019,-0.000017
-0.000141,0.000061,-0.000076,0.000506,0.000445,0.000449,0.000206,0.000045,-0.000405,0.001025,0.000516,0.000108,0.000845,0.000906,0.001271,0.000582,0.005627,0.001449,0.007184,0.011264,0.004388,0.024176,0.006745,0.003965,0.002769,0.003267,-0.000644,-0.001048,-0.002231,-0.005316,-0.004543,-0.001520,-0.001843,-0.002156,-0.000949,-0.002235,-0.002191,-0.002209,-0.001996,-0.004209,-0.003342,-0.001147,-0.000391,0.000648,-0.000823,0.000167,-0.000039,-0.000257,-0.000023,0.000083,0.000047,0.000073,0.000019,0.000031,-0.000069,0.000047,0.000054,0.000015,-0.000014,-0.000018
0.000057,-0.000190,-0.000271,0.000377,-0.000076,-0.000063,0.000038,0.000082,0.000027,0.000847,0.001633,0.000198,0.000117,0.002529,-0.000126,0.000674,0.003201,0.001094,0.003563,0.005267,0.002330,0.006745,0.023600,0.004317,0.004146,0.004246,0.000479,0.000306,-0.000617,-0.002245,-0.004095,-0.000264,0.000730,-0.002098,-0.000613,-0.001756,-0.001304,-0.005166,-0.002067,-0.002604,-0.004260,0.000424,-0.001311,0.000634,-0.000500,-0.001051,-0.000522,0.000328,-0.000434,0.000211,0.000089,-0.000045,0.000050,-0.000021,-0.000106,0.000001,-0.000019,-0.000074,-0.000035,-0.000007
0.000056,-0.000014,-0.000251,0.000533,-0.000047,0.000279,0.000428,-0.000206,-0.001131,-0.000691,-0.000505,-0.000419,0.000322,0.001348,-0.000882,0.001763,0.002091,0.001822,0.001295,0.001341,0.000123,0.003965,0.004317,0.013595,0.002644,0.003165,0.002050,0.001268,0.000666,0.000463,-0.002250,0.000680,-0.000641,-0.001923,-0.001337,-0.002570,-0.000863,-0.001283,-0.001548,-0.002997,-0.002391,-0.000450,0.000214,0.000616,-0.000752,-0.001131,-0.000517,-0.000104,-0.000191,-0.000031,-0.000044,0.000001,0.000021,0.000023,-0.000142,0.000027,-0.000052,-0.000020,-0.000011,-0.000019
0.000001,-0.000423,-0.000374,-0.000362,-0.000461,-0.000095,0.000067,-0.000449,-0.000412,0.001873,0.000002,0.000764,0.000105,0.000904,-0.000757,-0.001074,-0.000923,0.000913,0.001385,0.000575,-0.000203,0.002769,0.004146,0.002644,0.020049,0.007782,0.001457,0.001978,0.000699,0.000127,0.001103,-0.000691,0.000708,-0.003633,-0.001175,-0.001651,-0.002099,-0.005062,-0.005467,-0.002636,-0.001063,0.000782,0.000294,0.001319,0.000104,-0.000261,0.000213,0.000206,-0.000288,0.000013,-0.000080,0.000030,-0.000046,-0.000017,-0.000008,-0.000035,-0.000041,-0.000074,-0.000044,-0.000030
-0.000134,-0.000526,-0.000249,0.000046,-0.000232,0.000222,-0.000026,-0.000809,0.000267,0.001183,0.000518,0.000400,0.000033,-0.000837,-0.002336,-0.001709,0.001115,0.001467,0.000951,0.000566,0.000006,0.003267,0.004246,0.003165,0.007782,0.017359,0.001754,0.002550,0.000317,-0.000675,0.000012,-0.000402,0.001912,-0.002418,-0.003253,-0.002197,0.000690,-0.003676,-0.003390,-0.003523,-0.003932,0.000581,-0.000231,0.000925,-0.002038,-0.001076,-0.000530,0.000132,-0.000175,0.000015,0.000037,-0.000009,0.000052,-0.000006,-0.000132,-0.000005,-0.000036,-0.000061,-0.000066,-0.000016
-0.000018,-0.000521,-0.000302,-0.000243,0.000189,-0.000659,-0.000475,-0.000171,-0.000023,-0.000931,-0.000296,0.000502,-0.000301,-0.001463,-0.001120,-0.001689,-0.001712,0.000766,-0.001319,0.001260,-0.001348,-0.000644,0.000479,0.002050,0.001457,0.001754,0.011888,0.003412,0.000874,-0.000047,-0.000596,0.000960,0.000743,-0.000519,-0.003570,-0.002066,0.000631,-0.000246,-0.002028,0.000835,-0.000096,-0.001099,-0.001332,-0.000032,-0.001128,-0.001025,-0.000461,0.000233,-0.000323,-0.000001,-0.000015,0.000015,0.000033,-0.000095,-0.000068,0.000005,-0.000103,0.000017,-0.000094,-0.000040
-0.000020,-0.000257,-0.000181,-0.000086,-0.000566,-0.000206,-0.000170,0.000039,-0.000124,0.000674,-0.000202,0.000081,0.000026,-0.001778,-0.001836,-0.001036,-0.001512,-0.001465,-0.001432,-0.000757,-0.000236,-0.001048,0.000306,0.001268,0.001978,0.002550,0.003412,0.012942,0.004646,0.002408,0.000606,-0.000827,-0.000316,0.000376,0.001972,-0.001365,0.000803,-0.001937,0.001620,-0.000080,-0.001662,-0.000209,-0.000614,-0.000353,-0.000403,0.000815,0.000373,0.000250,-0.000199,0.000002,0.000059,-0.000007,0.000025,-0.000011,0.000022,0.000018,-0.000055,-0.000027,-0.000062,-0.000016
0.000030,-0.000123,0.000062,-0.000231,-0.000357,-0.000188,0.000121,-0.000060,-0.000518,-0.001332,-0.001447,-0.000429,-0.000374,-0.001101,-0.001757,-0.000130,-0.003896,-0.001786,-0.002833,-0.002722,-0.002763,-0.002231,-0.000617,0.000666,0.000699,0.000317,0.000874,0.004646,0.017115,0.005329,0.000788,0.000906,-0.000204,0.001883,0.001743,-0.000763,0.000216,0.000591,-0.000661,0.000669,-0.000008,0.000542,-0.000173,-0.001289,-0.000644,0.000477,0.000483,-0.000043,0.000120,-0.000182,-0.000024,-0.000083,0.000002,-0.000031,0.000006,-0.000015,-0.000122,0.000007,-0.000060,-0.000022
-0.000066,-0.000263,0.000128,-0.000305,-0.000652,-0.000058,0.000071,0.000276,0.000640,-0.000903,-0.000792,-0.001741,-0.001013,-0.000786,-0.001378,-0.000578,-0.004976,-0.002312,-0.002837,-0.003566,-0.002457,-0.005316,-0.002245,0.000463,0.000127,-0.000675,-0.000047,0.002408,0.005329,0.015853,0.004633,0.000335,0.000393,0.000874,0.001431,-0.000932,-0.002645,0.001284,-0.000114,0.000115,-0.001659,0.000762,0.001221,-0.000845,0.000366,0.000383,0.000944,0.000449,-0.000086,-0.000037,-0.000045,-0.000041,-0.000026,-0.000065,-0.000026,-0.000029,0.000007,-0.000018,-0.000029,0.000007
0.000107,-0.000005,0.000085,-0.000268,0.000185,0.000266,0.000040,-0.000350,0.000116,0.001288,-0.000661,0.000654,-0.000185,-0.001212,-0.001193,-0.001716,-0.002728,-0.002340,-0.003011,-0.004742,-0.003830,-0.004543,-0.004095,-0.002250,0.001103,0.000012,-0.000596,0.000606,0.000788,0.004633,0.019411,0.003269,0.000807,0.001714,0.004018,0.003108,0.002977,0.002308,0.002672,0.003191,0.003030,0.004687,0.002107,0.000662,0.004089,0.001602,0.001634,0.000339,0.000026,0.000055,0.000050,0.000151,0.000026,-0.000010,0.000073,-0.000001,0.000065,-0.000022,0.000076,0.000019
0.000135,0.000094,0.000197,-0.000009,-0.000129,-0.000066,-0.000002,0.000164,0.000430,0.000332,0.000090,0.000140,0.000588,-0.000230,-0.001505,0.000834,-0.001628,-0.000537,-0.000896,0.000192,-0.001336,-0.001520,-0.000264,0.000680,-0.000691,-0.000402,0.000960,-0.000827,0.000906,0.000335,0.003269,0.014403,0.002802,0.001979,0.000322,-0.000143,0.000500,0.001704,0.001611,0.001544,0.003041,0.003090,0.000109,0.002152,0.003315,0.001294,0.000112,0.000184,0.000087,0.000133,0.000054,0.000067,-0.000045,-0.000037,0.000098,0.000043,0.000059,0.000037,0.000083,0.000011
0.000015,-0.000211,-0.000622,-0.000333,-0.000556,-0.000389,-0.000711,0.000140,-0.000437,-0.000491,-0.000598,-0.000734,-0.000520,-0.001257,-0.002581,-0.001058,-0.002114,-0.001337,-0.003323,-0.002393,-0.000574,-0.001843,0.000730,-0.000641,0.000708,0.001912,0.000743,-0.000316,-0.000204,0.000393,0.000807,0.002802,0.009899,0.002956,0.001921,0.000079,0.001831,0.000923,0.000460,0.001360,0.000267,0.000806,-0.000675,0.001378,0.000052,-0.000018,0.000211,0.000163,0.000016,-0.000056,-0.000140,-0.000073,-0.000041,-0.000055,-0.000046,-0.000002,-0.000024,-0.000018,-0.000006,0.000002
-0.000186,-0.000369,-0.000290,-0.000748,-0.000861,-0.000468,-0.000806,0.000649,-0.000920,-0.000754,-0.001174,-0.000279,0.000561,-0.001612,-0.002601,-0.002761,-0.003886,-0.002003,-0.002418,-0.005790,0.001331,-0.002156,-0.002098,-0.001923,-0.003633,-0.002418,-0.000519,0.000376,0.001883,0.000874,0.001714,0.001979,0.002956,0.022020,0.007512,0.005429,0.002258,0.004852,0.001072,0.002969,0.004489,0.003320,0.000443,0.001717,0.002100,0.002283,0.000579,-0.000631,-0.000361,0.000034,-0.000003,0.000032,0.000045,-0.000020,0.000031,-0.000019,0.000044,-0.000048,-0.000022,0.000025
-0.000010,0.000440,0.000064,-0.000326,-0.000756,-0.000415,-0.000801,0.000212,-0.001153,-0.000898,-0.001957,-0.000888,-0.000762,-0.003745,-0.003717,-0.002116,-0.003304,-0.001292,-0.004168,-0.005840,0.000303,-0.000949,-0.000613,-0.001337,-0.001175,-0.003253,-0.003570,0.001972,0.001743,0.001431,0.004018,0.000322,0.001921,0.007512,0.023498,0.005952,0.006624,0.004857,0.002977,0.001968,0.002193,0.002070,0.000124,0.000545,0.003100,0.004278,0.000696,-0.000083,0.000272,0.000139,-0.000069,0.000039,-0.000025,-0.000051,0.000067,-0.000006,0.000031,0.000020,-0.000009,0.000051
-0.000033,0.000255,0.000378,0.000319,-0.000062,0.000027,-0.000656,-0.000474,-0.000619,-0.001366,-0.000613,0.000538,-0.000050,0.000226,-0.000188,-0.001586,0.000063,-0.000882,-0.001861,-0.005268,0.000848,-0.002235,-0.001756,-0.002570,-0.001651,-0.002197,-0.002066,-0.001365,-0.000763,-0.000932,0.003108,-0.000143,0.000079,0.005429,0.005952,0.023361,0.006906,0.006526,0.000494,0.005373,0.003205,0.001342,-0.000403,0.001245,0.002180,0.000855,-0.000298,0.000081,-0.000117,0.000072,-0.000072,-0.000006,-0.000026,0.000046,0.000077,-0.000022,0.000030,-0.000022,0.000059,0.000021
-0.000078,0.000083,-0.000042,0.000230,0.000268,-0.000559,-0.001497,-0.000168,-0.000984,-0.000734,-0.001273,0.000175,-0.001126,-0.000930,-0.001844,-0.002907,-0.000061,-0.001267,-0.003724,-0.004672,-0.001837,-0.002191,-0.001304,-0.000863,-0.002099,0.000690,0.000631,0.000803,0.000216,-0.002645,0.002977,0.000500,0.001831,0.002258,0.006624,0.006906,0.019443,0.006312,0.000419,0.001084,0.004818,0.000952,0.000057,0.001751,0.000607,0.000623,-0.000577,0.000086,0.000013,0.000010,0.000017,-0.000021,-0.000021,0.000001,-0.000019,-0.000030,-0.000018,0.000038,-0.000039,0.000015
0.000011,0.000088,0.000305,-0.000178,-0.000076,-0.000122,-0.001242,-0.000325,-0.000638,-0.001659,-0.001962,-0.000353,-0.000731,-0.000044,-0.001193,-0.000629,0.000166,-0.001132,-0.003301,-0.003197,0.001353,-0.002209,-0.005166,-0.001283,-0.005062,-0.003676,-0.000246,-0.001937,0.000591,0.001284,0.002308,0.001704,0.000923,0.004852,0.004857,0.006526,0.006312,0.018416,0.006901,0.003736,0.002997,0.001164,0.002831,0.001417,0.002021,0.001516,0.000275,-0.000197,0.000373,0.000030,-0.000050,-0.000006,0.000064,0.000014,0.000081,0.000049,-0.000003,0.000110,0.000071,0.000033
0.000069,0.000189,0.000142,0.000008,0.000073,0.000344,-0.000193,0.000583,0.000285,0.000277,0.000038,0.001834,0.000612,0.000465,-0.000663,0.000570,-0.000481,-0.001405,-0.002860,-0.000682,0.001476,-0.001996,-0.002067,-0.001548,-0.005467,-0.003390,-0.002028,0.001620,-0.000661,-0.000114,0.002672,0.001611,0.000460,0.001072,0.002977,0.000494,0.000419,0.006901,0.014469,0.003907,0.000653,0.002927,0.003172,0.000366,0.001319,0.002535,0.000357,-0.000081,0.000378,0.000137,0.000010,0.000030,0.000047,0.000013,0.000103,0.000040,-0.000012,0.000030,0.000097,0.000063
0.000028,0.000027,0.000039,-0.000169,0.000138,-0.000256,0.000132,0.000172,0.000393,0.000390,0.000088,-0.000492,0.000395,-0.000541,-0.000147,-0.000487,-0.000261,-0.000415,-0.003032,-0.004067,0.000133,-0.004209,-0.002604,-0.002997,-0.002636,-0.003523,0.000835,-0.000080,0.000669,0.000115,0.003191,0.001544,0.001360,0.002969,0.001968,0.005373,0.001084,0.003736,0.003907,0.011123,0.004230,0.001855,0.000540,0.001000,0.002608,0.001135,0.001128,0.000078,0.000329,0.000040,-0.000054,0.000042,0.000022,0.000010,0.000088,0.000013,0.000042,0.000029,0.000047,-0.000017
0.000128,0.000068,0.000356,0.000143,0.000187,-0.000029,-0.000009,0.000359,0.000321,0.000028,-0.000541,0.000456,0.000698,0.000360,0.000592,0.000293,-0.001790,-0.001000,-0.002214,-0.003993,-0.000539,-0.003342,-0.004260,-0.002391,-0.001063,-0.003932,-0.000096,-0.001662,-0.000008,-0.001659,0.003030,0.003041,0.000267,0.004489,0.002193,0.003205,0.004818,0.002997,0.000653,0.004230,0.013985,0.004543,0.001386,0.001803,0.004291,0.002387,0.000748,0.000116,0.000285,0.000254,0.000105,0.000098,0.000006,0.000003,0.000160,0.000041,0.000039,-0.000006,0.000090,0.000019
0.000179,-0.000061,0.000383,0.000052,0.000011,0.000216,0.000124,0.000270,0.000824,0.000227,0.000320,0.001144,0.000829,0.000091,0.000416,0.000101,-0.000323,-0.002290,-0.000921,-0.002591,-0.001090,-0.001147,0.000424,-0.000450,0.000782,0.000581,-0.001099,-0.000209,0.000542,0.000762,0.004687,0.003090,0.000806,0.003320,0.002070,0.001342,0.000952,0.001164,0.002927,0.001855,0.004543,0.011742,0.002364,0.001755,0.004028,0.003774,0.001123,0.000321,0.000034,0.000168,0.000114,0.000119,0.000038,0.000033,0.000098,0.000047,0.000044,-0.000043,0.000099,0.000047
0.000038,0.000042,0.000050,0.000033,-0.000157,0.000096,0.000029,0.000285,-0.000168,0.000174,-0.000509,0.000492,0.000844,-0.000181,0.000471,0.000223,-0.001070,-0.000355,-0.000274,-0.000789,0.000184,-0.000391,-0.001311,0.000214,0.000294,-0.000231,-0.001332,-0.000614,-0.000173,0.001221,0.002107,0.000109,-0.000675,0.000443,0.000124,-0.000403,0.000057,0.002831,0.003172,0.000540,0.001386,0.002364,0.005620,0.001460,0.001980,0.001280,0.000419,0.000426,0.000276,0.000134,0.000046,0.000041,0.000083,0.000013,0.000028,0.000027,0.000024,-0.000007,0.000067,0.000043
-0.000076,-0.000019,-0.000176,-0.000059,-0.000213,-0.000119,-0.000041,0.000122,0.000065,0.000228,-0.000243,0.000082,0.000800,-0.000090,-0.000020,-0.000900,0.000481,-0.000921,-0.000878,-0.000452,0.000164,0.000648,0.000634,0.000616,0.001319,0.000925,-0.000032,-0.000353,-0.001289,-0.000845,0.000662,0.002152,0.001378,0.001717,0.000545,0.001245,0.001751,0.001417,0.000366,0.001000,0.001803,0.001755,0.001460,0.005016,0.003086,0.000404,0.000297,0.000274,0.000079,0.000154,0.000024,0.000068,0.000044,0.000002,0.000045,0.000012,0.000063,0.000010,0.000073,0.000005
0.000061,0.000322,0.000185,0.000069,-0.000110,-0.000279,0.000020,0.000570,0.000414,0.001036,-0.000209,0.000821,0.001235,0.000569,-0.000189,-0.000698,-0.000015,-0.001539,-0.000198,-0.002881,-0.000702,-0.000823,-0.000500,-0.000752,0.000104,-0.002038,-0.001128,-0.000403,-0.000644,0.000366,0.004089,0.003315,0.000052,0.002100,0.003100,0.002180,0.000607,0.002021,0.001319,0.002608,0.004291,0.004028,0.001980,0.003086,0.011620,0.003681,0.001319,0.000483,0.000288,0.000275,0.000144,0.000116,0.000051,0.000031,0.000135,0.000022,0.000091,-0.000011,0.000092,-0.000014
0.000039,0.000193,0.000188,-0.000213,-0.000132,-0.000335,-0.000122,0.000388,-0.000260,-0.001193,-0.001345,0.000055,0.000263,-0.000751,-0.000025,-0.000621,-0.001712,-0.001534,-0.000815,-0.001459,0.000225,0.000167,-0.001051,-0.001131,-0.000261,-0.001076,-0.001025,0.000815,0.000477,0.000383,0.001602,0.001294,-0.000018,0.002283,0.004278,0.000855,0.000623,0.001516,0.002535,0.001135,0.002387,0.003774,0.001280,0.000404,0.003681,0.006729,0.001141,0.000245,0.000265,0.000301,0.000065,0.000032,-0.000005,0.000005,0.000059,0.000021,-0.000005,0.000013,0.000027,0.000027
-0.000002,0.000058,0.000061,-0.000104,-0.000045,-0.000019,0.000061,0.000043,-0.000108,0.000586,-0.000032,-0.000188,0.000515,-0.000391,-0.000374,0.000384,-0.000715,-0.000048,0.000060,-0.001301,-0.000021,-0.000039,-0.000522,-0.000517,0.000213,-0.000530,-0.000461,0.000373,0.000483,0.000944,0.001634,0.000112,0.000211,0.000579,0.000696,-0.000298,-0.000577,0.000275,0.000357,0.001128,0.000748,0.001123,0.000419,0.000297,0.001319,0.001141,0.002160,0.000223,0.000156,0.000081,-0.000006,0.000032,0.000004,0.000014,0.000023,0.000009,-0.000004,0.000001,-0.000001,-0.000010
-0.000010,0.000093,0.000143,0.000111,0.000160,0.000001,0.000075,-0.000043,0.000129,-0.000042,0.000463,-0.000127,0.000047,-0.000164,0.000014,0.000201,0.000079,-0.000048,-0.000190,-0.000358,-0.000494,-0.000257,0.000328,-0.000104,0.000206,0.000132,0.000233,0.000250,-0.000043,0.000449,0.000339,0.000184,0.000163,-0.000631,-0.000083,0.000081,0.000086,-0.000197,-0.000081,0.000078,0.000116,0.000321,0.000426,0.000274,0.000483,0.000245,0.000223,0.000888,0.000123,0.000105,0.000018,0.000016,0.000023,-0.000023,0.000011,0.000004,0.000024,-0.000001,0.000004,0.000001
0.000013,0.000124,0.000007,0.000031,-0.000013,0.000021,0.000039,0.000047,0.000037,0.000226,0.000061,-0.000101,0.000028,-0.000091,0.000197,0.000452,0.000221,0.000104,-0.000193,-0.000238,0.000148,-0.000023,-0.000434,-0.000191,-0.000288,-0.000175,-0.000323,-0.000199,0.000120,-0.000086,0.000026,0.000087,0.000016,-0.000361,0.000272,-0.000117,0.000013,0.000373,0.000378,0.000329,0.000285,0.000034,0.000276,0.000079,0.000288,0.000265,0.000156,0.000123,0.000308,0.000015,0.000006,0.000003,0.000002,-0.000003,0.000012,0.000002,-0.000001,0.000009,0.000007,0.000001
0.000013,0.000021,0.000019,0.000038,-0.000012,-0.000026,0.000031,0.000012,0.000027,-0.000038,-0.000035,0.000018,0.000063,-0.000041,0.000066,0.000093,-0.000041,0.000017,0.000016,-0.000260,-0.000074,0.000083,0.000211,-0.000031,0.000013,0.000015,-0.000001,0.000002,-0.000182,-0.000037,0.000055,0.000133,-0.000056,0.000034,0.000139,0.000072,0.000010,0.000030,0.000137,0.000040,0.000254,0.000168,0.000134,0.000154,0.000275,0.000301,0.000081,0.000105,0.000015,0.000090,0.000002,0.000011,0.000012,-0.000002,0.000003,0.000002,0.000012,0.000001,-0.000000,0.000004
0.000005,0.000005,0.000004,0.000007,0.000008,0.000008,0.000009,0.000015,0.000009,0.000034,-0.000002,0.000076,-0.000062,0.000053,0.000064,0.000015,-0.000003,-0.000130,0.000005,0.000024,0.000056,0.000047,0.000089,-0.000044,-0.000080,0.000037,-0.000015,0.000059,-0.000024,-0.000045,0.000050,0.000054,-0.000140,-0.000003,-0.000069,-0.000072,0.000017,-0.000050,0.000010,-0.000054,0.000105,0.000114,0.000046,0.000024,0.000144,0.000065,-0.000006,0.000018,0.000006,0.000002,0.000036,0.000005,0.000004,0.000001,0.000005,0.000001,0.000001,-0.000000,0.000005,0.000001
0.000004,0.000004,0.000011,0.000006,0.000000,0.000014,-0.000005,-0.000003,0.000010,0.000071,0.000062,0.000032,0.000034,0.000001,-0.000005,-0.000035,0.000000,-0.000001,0.000066,0.000094,0.000010,0.000073,-0.000045,0.000001,0.000030,-0.000009,0.000015,-0.000007,-0.000083,-0.000041,0.000151,0.000067,-0.000073,0.000032,0.000039,-0.000006,-0.000021,-0.000006,0.000030,0.000042,0.000098,0.000119,0.000041,0.000068,0.000116,0.000032,0.000032,0.000016,0.000003,0.000011,0.000005,0.000020,0.000005,-0.000002,0.000008,0.000002,0.000004,-0.000002,0.000003,0.000000
-0.000001,0.000002,-0.000002,0.000013,-0.000001,0.000006,0.000007,-0.000007,0.000009,0.000008,0.000002,-0.000005,0.000002,-0.000017,0.000008,-0.000038,0.000022,0.000010,-0.000076,0.000032,0.000017,0.000019,0.000050,0.000021,-0.000046,0.000052,0.000033,0.000025,0.000002,-0.000026,0.000026,-0.000045,-0.000041,0.000045,-0.000025,-0.000026,-0.000021,0.000064,0.000047,0.000022,0.000006,0.000038,0.000083,0.000044,0.000051,-0.000005,0.000004,0.000023,0.000002,0.000012,0.000004,0.000005,0.000019,-0.000001,0.000000,0.000001,0.000005,-0.000001,0.000001,0.000001
0.000002,0.000003,0.000037,0.000018,0.000017,0.000025,0.000009,-0.000000,-0.000007,0.000000,0.000013,0.000049,0.000048,0.000056,0.000106,-0.000018,0.000035,-0.000021,0.000104,-0.000105,-0.000015,0.000031,-0.000021,0.000023,-0.000017,-0.000006,-0.000095,-0.000011,-0.000031,-0.000065,-0.000010,-0.000037,-0.000055,-0.000020,-0.000051,0.000046,0.000001,0.000014,0.000013,0.000010,0.000003,0.000033,0.000013,0.000002,0.000031,0.000005,0.000014,-0.000023,-0.000003,-0.000002,0.000001,-0.000002,-0.000001,0.000016,0.000003,0.000001,0.000002,0.000001,0.000003,-0.000000
0.000008,0.000010,0.000032,0.000006,0.000003,0.000009,-0.000002,0.000007,0.000011,0.000038,0.000034,0.000003,0.000032,-0.000030,0.000007,0.000013,-0.000047,-0.000053,0.000046,-0.000004,-0.000016,-0.000069,-0.000106,-0.000142,-0.000008,-0.000132,-0.000068,0.000022,0.000006,-0.000026,0.000073,0.000098,-0.000046,0.000031,0.000067,0.000077,-0.000019,0.000081,0.000103,0.000088,0.000160,0.000098,0.000028,0.000045,0.000135,0.000059,0.000023,0.000011,0.000012,0.000003,0.000005,0.000008,0.000000,0.000003,0.000019,0.000001,0.000005,0.000000,0.000008,0.000002
0.000003,0.000006,0.000005,0.000005,-0.000004,0.000008,0.000008,0.000000,0.000004,-0.000002,0.000015,0.000016,0.000008,0.000012,0.000041,0.000031,0.000038,0.000026,0.000022,0.000011,0.000033,0.000047,0.000001,0.000027,-0.000035,-0.000005,0.000005,0.000018,-0.000015,-0.000029,-0.000001,0.000043,-0.000002,-0.000019,-0.000006,-0.000022,-0.000030,0.000049,0.000040,0.000013,0.000041,0.000047,0.000027,0.000012,0.000022,0.000021,0.000009,0.000004,0.000002,0.000002,0.000001,0.000002,0.000001,0.000001,0.000001,0.000006,0.000001,-0.000000,0.000000,0.000001
0.000002,0.000009,0.000012,0.000037,-0.000006,0.000018,0.000020,0.000004,0.000027,0.000073,0.000038,-0.000050,0.000063,0.000044,0.000041,0.000022,0.000094,0.000035,-0.000019,0.000070,0.000036,0.000054,-0.000019,-0.000052,-0.000041,-0.000036,-0.000103,-0.000055,-0.000122,0.000007,0.000065,0.000059,-0.000024,0.000044,0.000031,0.000030,-0.000018,-0.000003,-0.000012,0.000042,0.000039,0.000044,0.000024,0.000063,0.000091,-0.000005,-0.000004,0.000024,-0.000001,0.000012,0.000001,0.000004,0.000005,0.000002,0.000005,0.000001,0.000018,0.000001,0.000002,0.000000
0.000000,0.000009,0.000004,0.000001,0.000005,0.000005,-0.000002,0.000002,-0.000004,-0.000021,-0.000030,-0.000034,-0.000011,-0.000005,0.000033,0.000047,0.000079,-0.000002,0.000017,0.000052,0.000050,0.000015,-0.000074,-0.000020,-0.000074,-0.000061,0.000017,-0.000027,0.000007,-0.000018,-0.000022,0.000037,-0.000018,-0.000048,0.000020,-0.000022,0.000038,0.000110,0.000030,0.000029,-0.000006,-0.000043,-0.000007,0.000010,-0.000011,0.000013,0.000001,-0.000001,0.000009,0.000001,-0.000000,-0.000002,-0.000001,0.000001,0.000000,-0.000000,0.000001,0.000007,0.000002,-0.000000
-0.000001,0.000002,0.000030,0.000003,0.000016,0.000027,0.000010,-0.000004,0.000013,-0.000022,-0.000026,-0.000016,0.000021,-0.000000,0.000034,0.000030,0.000044,-0.000055,0.000042,-0.000085,-0.000019,-0.000014,-0.000035,-0.000011,-0.000044,-0.000066,-0.000094,-0.000062,-0.000060,-0.000029,0.000076,0.000083,-0.000006,-0.000022,-0.000009,0.000059,-0.000039,0.000071,0.000097,0.000047,0.000090,0.000099,0.000067,0.000073,0.000092,0.000027,-0.000001,0.000004,0.000007,-0.000000,0.000005,0.000003,0.000001,0.000003,0.000008,0.000000,0.000002,0.000002,0.000015,0.000001
0.000003,0.000001,0.000007,0.000003,-0.000002,0.000004,0.000003,0.000018,0.000002,-0.000014,-0.000006,0.000009,-0.000017,-0.000026,-0.000004,0.000018,0.000000,-0.000005,-0.000014,-0.000057,-0.000017,-0.000018,-0.000007,-0.000019,-0.000030,-0.000016,-0.000040,-0.000016,-0.000022,0.000007,0.000019,0.000011,0.000002,0.000025,0.000051,0.000021,0.000015,0.000033,0.000063,-0.000017,0.000019,0.000047,0.000043,0.000005,-0.000014,0.000027,-0.000010,0.000001,0.000001,0.000004,0.000001,0.000000,0.000001,-0.000000,0.000002,0.000001,0.000000,-0.000000,0.000001,0.000004
