0.000132,0.000068,0.000047,-0.000016,0.000021,0.000067,0.000034,0.000183,-0.000002,0.000308,0.000285,0.000142,0.000044,0.000118,0.000023,0.000063,0.000022,-0.000037,0.000022,0.000366,0.000188,0.000030,0.000020,0.000100,-0.000044,-0.000183,-0.000041,0.000038,-0.000088,-0.000193,0.000033,0.000071,0.000043,-0.000211,0.000120,-0.000003,-0.000179,0.000276,0.000037,0.000029,0.000029,0.000062,0.000059,-0.000066,0.000004,0.000248,0.000020,-0.000020,0.000018,0.000011,0.000004,0.000008,0.000006,-0.000000,0.000008,0.000002,0.000001,0.000009,-0.000000,0.000002
0.000068,0.000445,0.000071,0.000128,0.000045,0.000171,0.000010,0.000225,0.000072,0.000646,0.000390,0.000144,0.000063,0.000398,0.000281,0.000568,0.000630,0.000283,-0.000144,0.000290,0.000438,0.000156,-0.000390,-0.000060,-0.000435,-0.000925,-0.000439,-0.000125,-0.000244,-0.000360,-0.000034,0.000109,-0.000073,-0.000064,0.000304,0.000333,0.000095,0.000262,0.000079,-0.000065,0.000116,0.000054,0.000004,-0.000065,0.000294,0.000356,0.000115,0.000076,0.000095,0.000005,0.000010,0.000008,0.000007,0.000005,0.000010,0.000003,0.000007,0.000018,-0.000003,0.000004
0.000047,0.000071,0.000798,0.000085,0.000572,0.000290,-0.000004,-0.000178,0.000077,0.000064,0.000148,0.000097,0.000125,0.000129,0.000413,0.000068,-0.000083,0.000250,0.000042,-0.000362,-0.000851,-0.000022,-0.000210,-0.000283,-0.000134,-0.000429,-0.000430,-0.000210,-0.000174,0.000248,-0.000051,0.000099,-0.000512,-0.000189,0.000089,0.000346,-0.000038,0.000233,0.000181,-0.000008,0.000396,0.000369,0.000066,-0.000207,0.000145,0.000240,0.000070,0.000158,0.000015,0.000026,0.000002,0.000013,0.000000,0.000032,0.000032,0.000005,0.000015,0.000003,0.000026,0.000007
-0.000016,0.000128,0.000085,0.000531,0.000109,0.000250,0.000080,-0.000005,0.000074,0.000279,0.000116,-0.000029,0.000102,0.000111,0.000331,0.000433,0.000166,-0.000131,-0.000514,0.000270,0.000003,0.000162,0.000174,0.000126,-0.000464,-0.000175,-0.000058,-0.000100,-0.000107,-0.000257,-0.000434,-0.000011,-0.000212,-0.000696,-0.000021,0.000146,0.000478,-0.000100,0.000155,-0.000135,0.000314,0.000138,0.000067,-0.000205,-0.000134,-0.000139,-0.000051,0.000138,0.000068,0.000011,0.000007,0.000009,-0.000002,0.000010,0.000010,0.000003,0.000024,0.000007,0.000005,0.000004
0.000021,0.000045,0.000572,0.000109,0.001723,0.000349,-0.000010,-0.000232,0.000027,0.000209,0.000184,0.000180,-0.000056,0.000311,0.000579,0.000126,0.000679,0.000789,0.000813,0.000001,-0.001272,0.000030,0.000083,0.000049,-0.000365,-0.000256,0.000073,-0.000391,-0.000539,-0.000876,-0.000172,-0.000536,-0.000642,-0.000806,-0.000793,-0.000152,0.000246,-0.000383,0.000122,0.000000,0.000275,0.000258,0.000156,-0.000181,0.000013,-0.000179,-0.000007,0.000136,-0.000008,-0.000003,0.000026,0.000023,0.000009,0.000015,0.000005,-0.000003,-0.000004,0.000007,0.000016,0.000001
0.000067,0.000171,0.000290,0.000250,0.000349,0.001050,0.000163,0.000097,0.000117,0.000741,0.000399,0.000392,0.000231,0.000747,0.000665,0.000867,0.001229,0.000119,0.000590,0.001243,0.000553,0.000672,0.000261,0.000668,0.000189,0.000129,-0.000159,0.000074,-0.000454,-0.000589,-0.000396,-0.000000,-0.000296,-0.000437,-0.000064,0.000126,-0.000318,0.000172,0.000207,-0.000424,0.000038,-0.000050,0.000048,-0.000048,-0.000134,-0.000115,-0.000051,0.000057,0.000017,-0.000019,0.000005,0.000022,0.000016,0.000034,0.000015,0.000008,0.000021,0.000011,0.000014,0.000001
0.000034,0.000010,-0.000004,0.000080,-0.000010,0.000163,0.001422,0.000115,0.000438,0.000574,0.000795,-0.000134,0.000214,0.000220,0.000564,0.000994,0.000680,-0.000276,-0.000563,0.000502,0.000180,-0.000565,-0.000159,0.000163,-0.000024,-0.000126,-0.000467,0.000148,0.000511,0.000205,-0.000387,0.000512,-0.000378,-0.000494,-0.000083,-0.000339,-0.000933,-0.001056,0.000062,0.000187,-0.000285,0.000132,-0.000154,-0.000135,-0.000058,-0.000183,0.000003,0.000152,0.000042,-0.000004,0.000005,-0.000000,0.000017,-0.000004,-0.000002,0.000004,0.000007,0.000009,0.000006,0.000003
0.000183,0.000225,-0.000178,-0.000005,-0.000232,0.000097,0.000115,0.001181,0.000120,0.000914,0.000739,0.000092,0.000285,0.000053,-0.000064,0.000422,-0.000190,-0.000547,-0.000142,0.000832,0.000956,-0.000309,-0.000015,-0.000567,-0.000907,-0.000972,0.000048,0.000054,0.000006,0.000076,-0.000212,0.000208,0.000555,0.000584,0.000951,-0.000261,-0.000043,0.000773,0.000118,0.000403,0.000711,0.000246,0.000103,0.000161,0.000377,0.000721,0.000064,-0.000005,0.000033,0.000015,0.000004,0.000002,0.000027,-0.000002,0.000002,-0.000001,0.000007,0.000034,-0.000008,0.000005
-0.000002,0.000072,0.000077,0.000074,0.000027,0.000117,0.000438,0.000120,0.002425,0.000614,0.001628,0.000748,-0.000177,0.000902,0.000933,0.000051,0.000363,-0.000424,-0.000961,0.000587,0.000864,-0.000112,0.000279,-0.000598,0.000144,0.000286,0.000379,0.000024,-0.000716,-0.000322,-0.000435,0.000624,-0.000460,-0.001210,-0.001202,-0.000553,-0.000742,-0.000889,0.000365,0.000005,0.000110,0.000444,-0.000215,-0.000069,0.000220,-0.000190,-0.000199,0.000138,-0.000002,0.000017,0.000003,0.000015,-0.000000,-0.000006,0.000008,0.000002,0.000026,-0.000002,0.000005,0.000002
0.000308,0.000646,0.000064,0.000279,0.000209,0.000741,0.000574,0.000914,0.000614,0.008048,0.004107,0.001642,0.001263,0.001620,0.000391,0.001991,0.001262,0.001168,0.001043,0.004279,0.002557,0.000442,0.000385,-0.001618,0.000102,-0.000167,-0.001204,0.000734,-0.001260,-0.001482,0.000262,0.000195,-0.000154,-0.000630,0.001487,-0.000523,-0.000577,0.000010,0.001072,0.000246,0.000349,0.000774,0.001085,0.000421,0.001053,0.000181,0.000604,0.000423,0.000296,-0.000056,0.000044,0.000119,0.000053,0.000000,0.000049,-0.000006,0.000085,0.000042,0.000010,0.000004
0.000285,0.000390,0.000148,0.000116,0.000184,0.000399,0.000795,0.000739,0.001628,0.004107,0.008005,0.002010,0.001964,0.001880,0.000612,0.000514,0.001569,0.001240,0.000833,0.003131,0.002031,-0.001235,0.001129,-0.001080,-0.001168,-0.000036,0.000209,-0.000020,-0.001672,-0.000687,-0.000470,0.000556,-0.000352,-0.002155,-0.000223,-0.000270,-0.001638,-0.000725,0.000811,0.000113,0.000020,0.000945,0.000441,-0.000145,-0.000609,-0.000345,-0.000055,0.000573,0.000171,-0.000035,0.000033,0.000069,0.000007,-0.000003,0.000047,0.000018,0.000045,0.000012,-0.000025,0.000007
0.000142,0.000144,0.000097,-0.000029,0.000180,0.000392,-0.000134,0.000092,0.000748,0.001642,0.002010,0.007812,0.001571,0.001987,0.001101,-0.000930,0.000612,0.000687,0.002110,0.001253,0.001063,-0.001417,-0.000226,-0.001371,0.001409,0.000013,0.001585,0.001455,-0.003076,-0.002541,-0.000127,0.000286,-0.000634,-0.000820,-0.001830,0.000055,-0.000177,-0.000812,0.001740,-0.000587,0.000393,0.001199,0.000625,-0.000272,0.001002,0.000128,-0.000506,0.000004,-0.000167,0.000033,0.000076,0.000031,0.000004,0.000024,0.000001,0.000003,-0.000057,-0.000030,-0.000031,0.000020
0.000044,0.000063,0.000125,0.000102,-0.000056,0.000231,0.000214,0.000285,-0.000177,0.001263,0.001964,0.001571,0.005612,0.001468,-0.000402,0.001373,-0.000640,0.001310,0.002746,0.002250,0.000527,0.000714,0.000866,0.000647,0.000688,-0.000452,0.000091,0.000541,-0.001173,-0.000682,-0.000686,0.000995,0.000035,0.000729,-0.000747,0.000634,-0.001053,-0.000789,0.000649,-0.000284,0.001212,0.000635,0.000432,0.000577,0.001013,0.000203,0.000134,-0.000117,-0.000077,0.000034,-0.000025,0.000019,-0.000041,0.000033,0.000049,0.000004,0.000063,-0.000027,-0.000005,-0.000009
0.000118,0.000398,0.000129,0.000111,0.000311,0.000747,0.000220,0.000053,0.000902,0.001620,0.001880,0.001987,0.001468,0.009104,0.002201,0.001852,0.004827,0.003236,0.002144,0.002041,0.003235,0.001582,0.000449,0.000454,0.000988,-0.001091,-0.000768,-0.000205,-0.002559,-0.001185,-0.001244,-0.000584,-0.001510,-0.001230,-0.003868,0.001397,-0.000789,-0.000329,0.001179,-0.000607,0.001006,-0.000392,-0.000061,-0.000219,0.000336,-0.000403,-0.000566,-0.000096,-0.000027,-0.000036,0.000078,0.000003,-0.000059,0.000031,-0.000028,0.000005,0.000028,-0.000012,-0.000011,-0.000001
0.000023,0.000281,0.000413,0.000331,0.000579,0.000665,0.000564,-0.000064,0.000933,0.000391,0.000612,0.001101,-0.000402,0.002201,0.013633,0.002927,0.004675,0.005175,0.001675,0.000679,0.001206,0.003176,0.003414,0.000403,0.001563,-0.000104,0.000034,-0.000622,-0.002331,-0.002175,-0.002538,-0.000388,-0.001461,-0.003253,-0.003913,0.000209,-0.000475,-0.002237,-0.001414,-0.000998,-0.000117,-0.000405,-0.000707,-0.000699,-0.000924,-0.000525,-0.000274,0.000136,0.000034,0.000127,0.000038,-0.000001,-0.000010,0.000087,-0.000006,0.000011,0.000038,-0.000018,-0.000033,0.000037
0.000063,0.000568,0.000068,0.000433,0.000126,0.000867,0.000994,0.000422,0.000051,0.001991,0.000514,-0.000930,0.001373,0.001852,0.002927,0.016693,0.006101,0.005036,0.003621,0.001961,0.000124,0.002595,0.001948,0.001982,0.000629,-0.000063,-0.001036,-0.000438,-0.001633,-0.002323,-0.001394,0.000047,-0.000916,-0.002577,-0.001571,-0.001657,-0.000999,-0.000227,0.001237,-0.000084,0.000286,-0.000302,-0.000524,-0.001378,-0.000889,-0.000265,0.000439,0.000135,0.000396,0.000126,-0.000025,-0.000014,0.000022,0.000024,-0.000010,0.000055,0.000031,0.000019,0.000000,-0.000011
0.000022,0.000630,-0.000083,0.000166,0.000679,0.001229,0.000680,-0.000190,0.000363,0.001262,0.001569,0.000612,-0.000640,0.004827,0.004675,0.006101,0.029506,0.009125,0.009413,0.006507,0.003313,0.008492,0.002770,0.003555,0.000856,0.001391,-0.001230,-0.001106,-0.004471,-0.005660,-0.003825,-0.003367,-0.002592,-0.003773,-0.004624,-0.002423,-0.000591,0.000192,-0.001987,-0.001367,-0.002967,-0.002819,-0.002750,-0.000132,-0.000520,-0.002398,-0.000548,-0.000317,-0.000046,-0.000214,0.000041,0.000010,0.000044,0.000097,-0.000046,0.000026,0.000020,0.000036,-0.000030,0.000033
-0.000037,0.000283,0.000250,-0.000131,0.000789,0.000119,-0.000276,-0.000547,-0.000424,0.001168,0.001240,0.000687,0.001310,0.003236,0.005175,0.005036,0.009125,0.020062,0.003048,0.002796,0.000157,0.005301,0.002240,0.002729,0.005681,0.001168,0.001215,-0.000774,-0.003611,-0.002379,-0.001822,-0.002094,-0.001639,-0.001702,-0.006452,-0.001154,-0.001339,-0.003186,-0.001155,-0.002014,-0.000944,-0.002417,-0.000441,-0.000609,-0.002224,-0.001540,0.000244,-0.000254,-0.000120,-0.000009,-0.000039,0.000052,-0.000040,0.000001,-0.000073,0.000009,0.000010,-0.000083,-0.000138,0.000023
0.000022,-0.000144,0.000042,-0.000514,0.000813,0.000590,-0.000563,-0.000142,-0.000961,0.001043,0.000833,0.002110,0.002746,0.002144,0.001675,0.003621,0.009413,0.003048,0.025872,0.008492,0.002467,0.008002,0.004874,-0.000228,0.001645,0.001499,-0.000508,-0.000783,-0.005998,-0.004008,-0.004742,-0.002534,-0.001511,-0.002617,-0.001677,-0.000677,-0.002023,-0.002855,-0.003305,-0.002239,-0.001037,-0.000779,-0.000440,-0.000397,-0.000043,-0.001254,-0.000027,-0.000250,-0.000424,0.000021,-0.000011,0.000108,-0.000017,0.000087,0.000045,-0.000002,-0.000015,-0.000028,0.000032,0.000015
0.000366,0.000290,-0.000362,0.000270,0.000001,0.001243,0.000502,0.000832,0.000587,0.004279,0.003131,0.001253,0.002250,0.002041,0.000679,0.001961,0.006507,0.002796,0.008492,0.033353,0.006475,0.009233,0.003667,-0.000365,-0.000829,0.001835,0.000942,0.000397,-0.004433,-0.003120,-0.007059,0.000425,-0.001335,-0.005529,-0.003183,-0.006097,-0.004732,-0.000899,0.000469,-0.004582,-0.003342,-0.002472,0.000616,-0.000596,-0.002066,-0.000331,-0.001440,-0.000127,-0.000178,-0.000210,0.000020,0.000163,0.000097,-0.000039,-0.000001,0.000009,0.000027,0.000098,-0.000057,-0.000014
0.000188,0.000438,-0.000851,0.000003,-0.001272,0.000553,0.000180,0.000956,0.000864,0.002557,0.002031,0.001063,0.000527,0.003235,0.001206,0.000124,0.003313,0.000157,0.002467,0.006475,0.016506,0.003864,0.002009,-0.000428,-0.001043,0.000310,-0.002467,-0.000439,-0.002699,-0.002257,-0.002972,-0.000602,-0.000192,-0.000942,0.001443,0.000287,-0.000870,0.000849,0.001771,-0.000451,-0.001133,-0.001319,0.000115,0.000171,-0.000739,0.000478,-0.000184,-0.000383,0.000298,-0.000049,0.000027,0.000021,0.000055,0.000015,-0.000006,0.000021,0.000068,0.000072,-0.000029,-0.000004
0.000030,0.000156,-0.000022,0.000162,0.000030,0.000672,-0.000565,-0.000309,-0.000112,0.000442,-0.001235,-0.001417,0.000714,0.001582,0.003176,0.002595,0.008492,0.005301,0.008002,0.009233,0.003864,0.028136,0.008259,0.007250,0.006270,0.004742,0.001680,-0.000466,-0.002302,-0.005977,-0.005524,-0.001703,-0.002886,-0.004269,-0.006609,-0.002860,-0.002875,-0.004659,-0.005437,-0.006377,-0.004579,-0.002477,-0.001084,0.000475,-0.000993,-0.000711,0.000269,-0.000657,-0.000135,0.000055,0.000033,0.000040,-0.000078,0.000047,-0.000096,0.000021,0.000040,-0.000037,-0.000097,-0.000041
0.000020,-0.000390,-0.000210,0.000174,0.000083,0.000261,-0.000159,-0.000015,0.000279,0.000385,0.001129,-0.000226,0.000866,0.000449,0.003414,0.001948,0.002770,0.002240,0.004874,0.003667,0.002009,0.008259,0.025548,0.009858,0.008032,0.006168,0.001734,0.001411,0.003130,-0.000843,-0.005755,-0.000221,0.000150,-0.003861,-0.001439,-0.003234,0.000312,-0.004486,-0.003228,-0.003878,-0.003817,0.001005,-0.000682,0.000047,-0.000919,-0.000716,0.000102,0.000413,-0.000179,0.000078,0.000023,-0.000013,-0.000008,0.000036,-0.000095,-0.000005,-0.000048,-0.000098,-0.000115,-0.000036
0.000100,-0.000060,-0.000283,0.000126,0.000049,0.000668,0.000163,-0.000567,-0.000598,-0.001618,-0.001080,-0.001371,0.000647,0.000454,0.000403,0.001982,0.003555,0.002729,-0.000228,-0.000365,-0.000428,0.007250,0.009858,0.021853,0.009747,0.006179,0.002354,0.001394,0.003938,0.001246,-0.001130,0.002593,-0.000349,-0.002049,-0.004632,-0.002667,-0.000047,-0.001467,-0.003149,-0.004439,-0.003209,-0.001192,-0.000747,0.000968,-0.001023,-0.001293,0.000201,-0.000603,-0.000141,-0.000043,-0.000076,-0.000071,-0.000031,0.000027,-0.000136,0.000018,-0.000070,-0.000094,-0.000112,-0.000071
-0.000044,-0.000435,-0.000134,-0.000464,-0.000365,0.000189,-0.000024,-0.000907,0.000144,0.000102,-0.001168,0.001409,0.000688,0.000988,0.001563,0.000629,0.000856,0.005681,0.001645,-0.000829,-0.001043,0.006270,0.008032,0.009747,0.028664,0.009772,0.001801,0.003951,0.002544,-0.000872,0.000937,0.000307,0.000221,-0.000149,-0.007607,-0.000509,0.001084,-0.004204,-0.005226,-0.005498,-0.000768,-0.000216,-0.000496,0.001147,0.000342,-0.000317,0.000542,-0.000263,-0.000240,0.000048,0.000013,0.000016,-0.000084,0.000005,-0.000006,-0.000029,-0.000012,-0.000144,-0.000150,-0.000054
-0.000183,-0.000925,-0.000429,-0.000175,-0.000256,0.000129,-0.000126,-0.000972,0.000286,-0.000167,-0.000036,0.000013,-0.000452,-0.001091,-0.000104,-0.000063,0.001391,0.001168,0.001499,0.001835,0.000310,0.004742,0.006168,0.006179,0.009772,0.019301,0.004613,0.003554,0.001578,-0.001802,-0.000792,-0.000755,0.000871,-0.004789,-0.003731,-0.004865,-0.000672,-0.002903,-0.002726,-0.003337,-0.003824,-0.000038,0.000240,0.000954,-0.002420,-0.001186,-0.000403,-0.000289,-0.000129,-0.000079,0.000019,-0.000046,-0.000030,-0.000013,-0.000105,0.000009,-0.000051,-0.000077,-0.000076,-0.000041
-0.000041,-0.000439,-0.000430,-0.000058,0.000073,-0.000159,-0.000467,0.000048,0.000379,-0.001204,0.000209,0.001585,0.000091,-0.000768,0.000034,-0.001036,-0.001230,0.001215,-0.000508,0.000942,-0.002467,0.001680,0.001734,0.002354,0.001801,0.004613,0.016665,0.007142,0.003338,-0.000473,-0.000469,-0.000199,0.000455,-0.004235,-0.004553,-0.004437,-0.001752,-0.001194,-0.000446,-0.000827,-0.000731,-0.000277,0.000929,0.000107,-0.000545,-0.000889,-0.000408,0.000595,-0.000204,-0.000018,0.000009,-0.000002,-0.000008,-0.000066,-0.000058,0.000023,-0.000125,-0.000022,-0.000085,-0.000018
0.000038,-0.000125,-0.000210,-0.000100,-0.000391,0.000074,0.000148,0.000054,0.000024,0.000734,-0.000020,0.001455,0.000541,-0.000205,-0.000622,-0.000438,-0.001106,-0.000774,-0.000783,0.000397,-0.000439,-0.000466,0.001411,0.001394,0.003951,0.003554,0.007142,0.014313,0.005144,0.000967,0.000263,0.000263,-0.000216,-0.000577,-0.001216,-0.003081,-0.000715,-0.002838,0.001595,-0.000742,-0.001572,-0.000591,0.000305,-0.000703,0.000015,0.000553,0.000472,0.000175,0.000053,0.000038,0.000060,-0.000019,0.000026,-0.000001,0.000009,0.000042,-0.000064,-0.000028,-0.000070,-0.000022
-0.000088,-0.000244,-0.000174,-0.000107,-0.000539,-0.000454,0.000511,0.000006,-0.000716,-0.001260,-0.001672,-0.003076,-0.001173,-0.002559,-0.002331,-0.001633,-0.004471,-0.003611,-0.005998,-0.004433,-0.002699,-0.002302,0.003130,0.003938,0.002544,0.001578,0.003338,0.005144,0.019787,0.007015,0.002085,0.001231,-0.000223,0.003098,0.000266,-0.000015,-0.000468,0.002083,-0.001105,-0.001051,-0.001216,-0.000255,0.000445,-0.000445,0.000165,0.000025,0.000383,0.000396,0.000256,-0.000013,-0.000007,-0.000067,0.000010,-0.000076,-0.000000,-0.000010,-0.000035,0.000011,-0.000042,-0.000031
-0.000193,-0.000360,0.000248,-0.000257,-0.000876,-0.000589,0.000205,0.000076,-0.000322,-0.001482,-0.000687,-0.002541,-0.000682,-0.001185,-0.002175,-0.002323,-0.005660,-0.002379,-0.004008,-0.003120,-0.002257,-0.005977,-0.000843,0.001246,-0.000872,-0.001802,-0.000473,0.000967,0.007015,0.020182,0.005772,-0.000444,-0.000514,0.001489,0.002266,0.000943,-0.003120,0.001086,-0.001877,-0.000620,-0.000935,-0.000353,-0.001083,-0.001071,-0.000281,-0.000388,0.000229,0.000463,-0.000072,-0.000039,-0.000015,-0.000044,-0.000038,-0.000067,-0.000039,-0.000024,0.000019,-0.000027,-0.000059,-0.000001
0.000033,-0.000034,-0.000051,-0.000434,-0.000172,-0.000396,-0.000387,-0.000212,-0.000435,0.000262,-0.000470,-0.000127,-0.000686,-0.001244,-0.002538,-0.001394,-0.003825,-0.001822,-0.004742,-0.007059,-0.002972,-0.005524,-0.005755,-0.001130,0.000937,-0.000792,-0.000469,0.000263,0.002085,0.005772,0.024013,0.003380,0.000574,0.003946,0.004834,0.004278,0.003232,0.001942,0.001964,0.002788,0.003111,0.003718,0.000696,-0.000100,0.003481,0.001148,0.000614,-0.000178,-0.000099,-0.000020,0.000097,0.000143,-0.000047,-0.000032,0.000077,0.000003,0.000051,-0.000035,0.000078,-0.000007
0.000071,0.000109,0.000099,-0.000011,-0.000536,-0.000000,0.000512,0.000208,0.000624,0.000195,0.000556,0.000286,0.000995,-0.000584,-0.000388,0.000047,-0.003367,-0.002094,-0.002534,0.000425,-0.000602,-0.001703,-0.000221,0.002593,0.000307,-0.000755,-0.000199,0.000263,0.001231,-0.000444,0.003380,0.011344,0.001278,0.001595,-0.001297,-0.000862,0.001117,0.000533,0.001176,0.000575,0.002697,0.003527,0.000489,0.002542,0.003093,0.001576,0.000028,-0.000031,0.000062,0.000035,0.000042,0.000062,-0.000023,-0.000017,0.000099,0.000067,0.000067,-0.000025,0.000106,-0.000012
0.000043,-0.000073,-0.000512,-0.000212,-0.000642,-0.000296,-0.000378,0.000555,-0.000460,-0.000154,-0.000352,-0.000634,0.000035,-0.001510,-0.001461,-0.000916,-0.002592,-0.001639,-0.001511,-0.001335,-0.000192,-0.002886,0.000150,-0.000349,0.000221,0.000871,0.000455,-0.000216,-0.000223,-0.000514,0.000574,0.001278,0.007275,0.001987,0.002560,-0.000531,0.002266,0.001488,0.001352,0.000658,0.000823,0.001064,0.000114,0.000452,0.000230,0.000524,-0.000193,0.000000,-0.000038,-0.000118,-0.000098,-0.000055,-0.000039,-0.000003,-0.000014,0.000005,-0.000006,0.000003,-0.000018,0.000001
-0.000211,-0.000064,-0.000189,-0.000696,-0.000806,-0.000437,-0.000494,0.000584,-0.001210,-0.000630,-0.002155,-0.000820,0.000729,-0.001230,-0.003253,-0.002577,-0.003773,-0.001702,-0.002617,-0.005529,-0.000942,-0.004269,-0.003861,-0.002049,-0.000149,-0.004789,-0.004235,-0.000577,0.003098,0.001489,0.003946,0.001595,0.001987,0.024147,0.006446,0.007601,0.003850,0.006515,0.001714,0.002477,0.003294,0.002216,-0.000947,0.000632,0.002992,0.001899,0.000482,-0.000507,-0.000571,0.000054,-0.000058,0.000020,-0.000008,0.000017,0.000049,-0.000002,0.000063,-0.000038,-0.000048,0.000011
0.000120,0.000304,0.000089,-0.000021,-0.000793,-0.000064,-0.000083,0.000951,-0.001202,0.001487,-0.000223,-0.001830,-0.000747,-0.003868,-0.003913,-0.001571,-0.004624,-0.006452,-0.001677,-0.003183,0.001443,-0.006609,-0.001439,-0.004632,-0.007607,-0.003731,-0.004553,-0.001216,0.000266,0.002266,0.004834,-0.001297,0.002560,0.006446,0.030939,0.004979,0.007531,0.007471,0.003138,0.004285,0.002765,0.001817,0.000184,0.000536,0.002585,0.004200,0.001293,0.000456,0.000201,0.000052,-0.000176,0.000036,0.000071,0.000054,0.000076,0.000005,0.000052,0.000132,0.000028,0.000014
-0.000003,0.000333,0.000346,0.000146,-0.000152,0.000126,-0.000339,-0.000261,-0.000553,-0.000523,-0.000270,0.000055,0.000634,0.001397,0.000209,-0.001657,-0.002423,-0.001154,-0.000677,-0.006097,0.000287,-0.002860,-0.003234,-0.002667,-0.000509,-0.004865,-0.004437,-0.003081,-0.000015,0.000943,0.004278,-0.000862,-0.000531,0.007601,0.004979,0.023304,0.005422,0.005713,-0.000014,0.004243,0.003000,0.000428,0.000510,0.001033,0.002748,0.000682,-0.000022,0.000394,-0.000120,0.000098,-0.000092,0.000003,-0.000035,0.000076,0.000092,-0.000012,0.000076,-0.000015,0.000055,0.000016
-0.000179,0.000095,-0.000038,0.000478,0.000246,-0.000318,-0.000933,-0.000043,-0.000742,-0.000577,-0.001638,-0.000177,-0.001053,-0.000789,-0.000475,-0.000999,-0.000591,-0.001339,-0.002023,-0.004732,-0.000870,-0.002875,0.000312,-0.000047,0.001084,-0.000672,-0.001752,-0.000715,-0.000468,-0.003120,0.003232,0.001117,0.002266,0.003850,0.007531,0.005422,0.021066,0.006676,0.001265,0.000637,0.005122,0.000508,0.000763,0.001355,0.001092,0.000998,0.000433,0.000254,0.000153,0.000068,-0.000074,-0.000001,-0.000013,0.000039,0.000004,-0.000027,0.000047,0.000049,-0.000067,-0.000015
0.000276,0.000262,0.000233,-0.000100,-0.000383,0.000172,-0.001056,0.000773,-0.000889,0.000010,-0.000725,-0.000812,-0.000789,-0.000329,-0.002237,-0.000227,0.000192,-0.003186,-0.002855,-0.000899,0.000849,-0.004659,-0.004486,-0.001467,-0.004204,-0.002903,-0.001194,-0.002838,0.002083,0.001086,0.001942,0.000533,0.001488,0.006515,0.007471,0.005713,0.006676,0.020801,0.005340,0.003213,0.002641,-0.000148,0.001479,0.001254,0.001840,0.001212,0.000065,-0.000025,0.000114,-0.000011,-0.000039,0.000019,0.000051,0.000007,0.000086,0.000041,0.000033,0.000151,0.000040,-0.000001
0.000037,0.000079,0.000181,0.000155,0.000122,0.000207,0.000062,0.000118,0.000365,0.001072,0.000811,0.001740,0.000649,0.001179,-0.001414,0.001237,-0.001987,-0.001155,-0.003305,0.000469,0.001771,-0.005437,-0.003228,-0.003149,-0.005226,-0.002726,-0.000446,0.001595,-0.001105,-0.001877,0.001964,0.001176,0.001352,0.001714,0.003138,-0.000014,0.001265,0.005340,0.015210,0.003925,0.002686,0.002925,0.002150,0.000364,0.001085,0.001671,0.000240,0.000062,0.000189,0.000124,0.000029,0.000047,0.000026,0.000012,0.000082,0.000036,0.000006,0.000020,0.000042,0.000033
0.000029,-0.000065,-0.000008,-0.000135,0.000000,-0.000424,0.000187,0.000403,0.000005,0.000246,0.000113,-0.000587,-0.000284,-0.000607,-0.000998,-0.000084,-0.001367,-0.002014,-0.002239,-0.004582,-0.000451,-0.006377,-0.003878,-0.004439,-0.005498,-0.003337,-0.000827,-0.000742,-0.001051,-0.000620,0.002788,0.000575,0.000658,0.002477,0.004285,0.004243,0.000637,0.003213,0.003925,0.010372,0.003857,0.001764,0.000610,0.000769,0.002112,0.000448,0.000311,-0.000020,0.000120,0.000033,0.000005,0.000020,0.000032,-0.000010,0.000076,0.000007,0.000048,0.000029,0.000093,0.000016
0.000029,0.000116,0.000396,0.000314,0.000275,0.000038,-0.000285,0.000711,0.000110,0.000349,0.000020,0.000393,0.001212,0.001006,-0.000117,0.000286,-0.002967,-0.000944,-0.001037,-0.003342,-0.001133,-0.004579,-0.003817,-0.003209,-0.000768,-0.003824,-0.000731,-0.001572,-0.001216,-0.000935,0.003111,0.002697,0.000823,0.003294,0.002765,0.003000,0.005122,0.002641,0.002686,0.003857,0.013820,0.005228,0.001662,0.001570,0.004164,0.002301,0.000616,0.000292,0.000205,0.000266,0.000065,0.000101,-0.000031,-0.000017,0.000151,0.000038,0.000061,0.000009,0.000081,0.000051
0.000062,0.000054,0.000369,0.000138,0.000258,-0.000050,0.000132,0.000246,0.000444,0.000774,0.000945,0.001199,0.000635,-0.000392,-0.000405,-0.000302,-0.002819,-0.002417,-0.000779,-0.002472,-0.001319,-0.002477,0.001005,-0.001192,-0.000216,-0.000038,-0.000277,-0.000591,-0.000255,-0.000353,0.003718,0.003527,0.001064,0.002216,0.001817,0.000428,0.000508,-0.000148,0.002925,0.001764,0.005228,0.010490,0.001289,0.000837,0.003788,0.003180,0.001052,0.000443,0.000021,0.000230,0.000136,0.000130,-0.000000,0.000015,0.000104,0.000042,0.000031,-0.000044,0.000064,0.000037
0.000059,0.000004,0.000066,0.000067,0.000156,0.000048,-0.000154,0.000103,-0.000215,0.001085,0.000441,0.000625,0.000432,-0.000061,-0.000707,-0.000524,-0.002750,-0.000441,-0.000440,0.000616,0.000115,-0.001084,-0.000682,-0.000747,-0.000496,0.000240,0.000929,0.000305,0.000445,-0.001083,0.000696,0.000489,0.000114,-0.000947,0.000184,0.000510,0.000763,0.001479,0.002150,0.000610,0.001662,0.001289,0.004195,0.001103,0.001283,0.000281,0.000257,0.000270,0.000217,0.000043,0.000054,0.000037,0.000019,0.000000,0.000008,0.000023,0.000002,0.000018,0.000029,-0.000004
-0.000066,-0.000065,-0.000207,-0.000205,-0.000181,-0.000048,-0.000135,0.000161,-0.000069,0.000421,-0.000145,-0.000272,0.000577,-0.000219,-0.000699,-0.001378,-0.000132,-0.000609,-0.000397,-0.000596,0.000171,0.000475,0.000047,0.000968,0.001147,0.000954,0.000107,-0.000703,-0.000445,-0.001071,-0.000100,0.002542,0.000452,0.000632,0.000536,0.001033,0.001355,0.001254,0.000364,0.000769,0.001570,0.000837,0.001103,0.004448,0.002345,0.000223,0.000157,-0.000034,0.000055,0.000006,0.000033,0.000034,0.000005,0.000002,0.000048,0.000008,0.000020,0.000004,0.000077,-0.000004
0.000004,0.000294,0.000145,-0.000134,0.000013,-0.000134,-0.000058,0.000377,0.000220,0.001053,-0.000609,0.001002,0.001013,0.000336,-0.000924,-0.000889,-0.000520,-0.002224,-0.000043,-0.002066,-0.000739,-0.000993,-0.000919,-0.001023,0.000342,-0.002420,-0.000545,0.000015,0.000165,-0.000281,0.003481,0.003093,0.000230,0.002992,0.002585,0.002748,0.001092,0.001840,0.001085,0.002112,0.004164,0.003788,0.001283,0.002345,0.009788,0.003285,0.001276,0.000275,0.000200,0.000147,0.000147,0.000114,0.000010,0.000016,0.000100,0.000017,0.000020,-0.000002,0.000089,-0.000015
0.000248,0.000356,0.000240,-0.000139,-0.000179,-0.000115,-0.000183,0.000721,-0.000190,0.000181,-0.000345,0.000128,0.000203,-0.000403,-0.000525,-0.000265,-0.002398,-0.001540,-0.001254,-0.000331,0.000478,-0.000711,-0.000716,-0.001293,-0.000317,-0.001186,-0.000889,0.000553,0.000025,-0.000388,0.001148,0.001576,0.000524,0.001899,0.004200,0.000682,0.000998,0.001212,0.001671,0.000448,0.002301,0.003180,0.000281,0.000223,0.003285,0.006484,0.001185,0.000359,0.000146,0.000307,0.000059,0.000038,0.000022,-0.000006,0.000030,0.000013,0.000020,0.000041,-0.000007,-0.000005
0.000020,0.000115,0.000070,-0.000051,-0.000007,-0.000051,0.000003,0.000064,-0.000199,0.000604,-0.000055,-0.000506,0.000134,-0.000566,-0.000274,0.000439,-0.000548,0.000244,-0.000027,-0.001440,-0.000184,0.000269,0.000102,0.000201,0.000542,-0.000403,-0.000408,0.000472,0.000383,0.000229,0.000614,0.000028,-0.000193,0.000482,0.001293,-0.000022,0.000433,0.000065,0.000240,0.000311,0.000616,0.001052,0.000257,0.000157,0.001276,0.001185,0.001666,0.000281,0.000131,0.000099,0.000019,0.000037,0.000012,0.000002,0.000007,0.000006,0.000015,-0.000001,-0.000005,-0.000007
-0.000020,0.000076,0.000158,0.000138,0.000136,0.000057,0.000152,-0.000005,0.000138,0.000423,0.000573,0.000004,-0.000117,-0.000096,0.000136,0.000135,-0.000317,-0.000254,-0.000250,-0.000127,-0.000383,-0.000657,0.000413,-0.000603,-0.000263,-0.000289,0.000595,0.000175,0.000396,0.000463,-0.000178,-0.000031,0.000000,-0.000507,0.000456,0.000394,0.000254,-0.000025,0.000062,-0.000020,0.000292,0.000443,0.000270,-0.000034,0.000275,0.000359,0.000281,0.000935,0.000121,0.000048,0.000020,0.000019,0.000005,-0.000018,0.000004,0.000005,0.000009,0.000015,0.000004,0.000001
0.000018,0.000095,0.000015,0.000068,-0.000008,0.000017,0.000042,0.000033,-0.000002,0.000296,0.000171,-0.000167,-0.000077,-0.000027,0.000034,0.000396,-0.000046,-0.000120,-0.000424,-0.000178,0.000298,-0.000135,-0.000179,-0.000141,-0.000240,-0.000129,-0.000204,0.000053,0.000256,-0.000072,-0.000099,0.000062,-0.000038,-0.000571,0.000201,-0.000120,0.000153,0.000114,0.000189,0.000120,0.000205,0.000021,0.000217,0.000055,0.000200,0.000146,0.000131,0.000121,0.000290,0.000007,0.000004,0.000005,0.000001,-0.000013,0.000006,0.000000,0.000001,0.000010,0.000004,-0.000003
0.000011,0.000005,0.000026,0.000011,-0.000003,-0.000019,-0.000004,0.000015,0.000017,-0.000056,-0.000035,0.000033,0.000034,-0.000036,0.000127,0.000126,-0.000214,-0.000009,0.000021,-0.000210,-0.000049,0.000055,0.000078,-0.000043,0.000048,-0.000079,-0.000018,0.000038,-0.000013,-0.000039,-0.000020,0.000035,-0.000118,0.000054,0.000052,0.000098,0.000068,-0.000011,0.000124,0.000033,0.000266,0.000230,0.000043,0.000006,0.000147,0.000307,0.000099,0.000048,0.000007,0.000056,0.000003,0.000007,0.000003,-0.000000,0.000003,0.000002,0.000003,0.000000,-0.000002,0.000003
0.000004,0.000010,0.000002,0.000007,0.000026,0.000005,0.000005,0.000004,0.000003,0.000044,0.000033,0.000076,-0.000025,0.000078,0.000038,-0.000025,0.000041,-0.000039,-0.000011,0.000020,0.000027,0.000033,0.000023,-0.000076,0.000013,0.000019,0.000009,0.000060,-0.000007,-0.000015,0.000097,0.000042,-0.000098,-0.000058,-0.000176,-0.000092,-0.000074,-0.000039,0.000029,0.000005,0.000065,0.000136,0.000054,0.000033,0.000147,0.000059,0.000019,0.000020,0.000004,0.000003,0.000034,0.000006,0.000001,0.000001,0.000004,0.000001,0.000000,0.000001,0.000004,0.000001
0.000008,0.000008,0.000013,0.000009,0.000023,0.000022,-0.000000,0.000002,0.000015,0.000119,0.000069,0.000031,0.000019,0.000003,-0.000001,-0.000014,0.000010,0.000052,0.000108,0.000163,0.000021,0.000040,-0.000013,-0.000071,0.000016,-0.000046,-0.000002,-0.000019,-0.000067,-0.000044,0.000143,0.000062,-0.000055,0.000020,0.000036,0.000003,-0.000001,0.000019,0.000047,0.000020,0.000101,0.000130,0.000037,0.000034,0.000114,0.000038,0.000037,0.000019,0.000005,0.000007,0.000006,0.000021,0.000004,-0.000002,0.000009,0.000002,0.000002,-0.000001,0.000004,0.000001
0.000006,0.000007,0.000000,-0.000002,0.000009,0.000016,0.000017,0.000027,-0.000000,0.000053,0.000007,0.000004,-0.000041,-0.000059,-0.000010,0.000022,0.000044,-0.000040,-0.000017,0.000097,0.000055,-0.000078,-0.000008,-0.000031,-0.000084,-0.000030,-0.000008,0.000026,0.000010,-0.000038,-0.000047,-0.000023,-0.000039,-0.000008,0.000071,-0.000035,-0.000013,0.000051,0.000026,0.000032,-0.000031,-0.000000,0.000019,0.000005,0.000010,0.000022,0.000012,0.000005,0.000001,0.000003,0.000001,0.000004,0.000016,-0.000001,-0.000001,0.000001,0.000001,0.000002,0.000002,0.000000
-0.000000,0.000005,0.000032,0.000010,0.000015,0.000034,-0.000004,-0.000002,-0.000006,0.000000,-0.000003,0.000024,0.000033,0.000031,0.000087,0.000024,0.000097,0.000001,0.000087,-0.000039,0.000015,0.000047,0.000036,0.000027,0.000005,-0.000013,-0.000066,-0.000001,-0.000076,-0.000067,-0.000032,-0.000017,-0.000003,0.000017,0.000054,0.000076,0.000039,0.000007,0.000012,-0.000010,-0.000017,0.000015,0.000000,0.000002,0.000016,-0.000006,0.000002,-0.000018,-0.000013,-0.000000,0.000001,-0.000002,-0.000001,0.000014,0.000002,0.000000,0.000002,0.000001,0.000002,-0.000000
0.000008,0.000010,0.000032,0.000010,0.000005,0.000015,-0.000002,0.000002,0.000008,0.000049,0.000047,0.000001,0.000049,-0.000028,-0.000006,-0.000010,-0.000046,-0.000073,0.000045,-0.000001,-0.000006,-0.000096,-0.000095,-0.000136,-0.000006,-0.000105,-0.000058,0.000009,-0.000000,-0.000039,0.000077,0.000099,-0.000014,0.000049,0.000076,0.000092,0.000004,0.000086,0.000082,0.000076,0.000151,0.000104,0.000008,0.000048,0.000100,0.000030,0.000007,0.000004,0.000006,0.000003,0.000004,0.000009,-0.000001,0.000002,0.000017,0.000001,0.000004,0.000000,0.000008,0.000002
0.000002,0.000003,0.000005,0.000003,-0.000003,0.000008,0.000004,-0.000001,0.000002,-0.000006,0.000018,0.000003,0.000004,0.000005,0.000011,0.000055,0.000026,0.000009,-0.000002,0.000009,0.000021,0.000021,-0.000005,0.000018,-0.000029,0.000009,0.000023,0.000042,-0.000010,-0.000024,0.000003,0.000067,0.000005,-0.000002,0.000005,-0.000012,-0.000027,0.000041,0.000036,0.000007,0.000038,0.000042,0.000023,0.000008,0.000017,0.000013,0.000006,0.000005,0.000000,0.000002,0.000001,0.000002,0.000001,0.000000,0.000001,0.000006,0.000001,-0.000000,0.000000,0.000001
0.000001,0.000007,0.000015,0.000024,-0.000004,0.000021,0.000007,0.000007,0.000026,0.000085,0.000045,-0.000057,0.000063,0.000028,0.000038,0.000031,0.000020,0.000010,-0.000015,0.000027,0.000068,0.000040,-0.000048,-0.000070,-0.000012,-0.000051,-0.000125,-0.000064,-0.000035,0.000019,0.000051,0.000067,-0.000006,0.000063,0.000052,0.000076,0.000047,0.000033,0.000006,0.000048,0.000061,0.000031,0.000002,0.000020,0.000020,0.000020,0.000015,0.000009,0.000001,0.000003,0.000000,0.000002,0.000001,0.000002,0.000004,0.000001,0.000014,0.000001,0.000003,0.000000
0.000009,0.000018,0.000003,0.000007,0.000007,0.000011,0.000009,0.000034,-0.000002,0.000042,0.000012,-0.000030,-0.000027,-0.000012,-0.000018,0.000019,0.000036,-0.000083,-0.000028,0.000098,0.000072,-0.000037,-0.000098,-0.000094,-0.000144,-0.000077,-0.000022,-0.000028,0.000011,-0.000027,-0.000035,-0.000025,0.000003,-0.000038,0.000132,-0.000015,0.000049,0.000151,0.000020,0.000029,0.000009,-0.000044,0.000018,0.000004,-0.000002,0.000041,-0.000001,0.000015,0.000010,0.000000,0.000001,-0.000001,0.000002,0.000001,0.000000,-0.000000,0.000001,0.000009,0.000003,-0.000000
-0.000000,-0.000003,0.000026,0.000005,0.000016,0.000014,0.000006,-0.000008,0.000005,0.000010,-0.000025,-0.000031,-0.000005,-0.000011,-0.000033,0.000000,-0.000030,-0.000138,0.000032,-0.000057,-0.000029,-0.000097,-0.000115,-0.000112,-0.000150,-0.000076,-0.000085,-0.000070,-0.000042,-0.000059,0.000078,0.000106,-0.000018,-0.000048,0.000028,0.000055,-0.000067,0.000040,0.000042,0.000093,0.000081,0.000064,0.000029,0.000077,0.000089,-0.000007,-0.000005,0.000004,0.000004,-0.000002,0.000004,0.000004,0.000002,0.000002,0.000008,0.000000,0.000003,0.000003,0.000017,0.000000
0.000002,0.000004,0.000007,0.000004,0.000001,0.000001,0.000003,0.000005,0.000002,0.000004,0.000007,0.000020,-0.000009,-0.000001,0.000037,-0.000011,0.000033,0.000023,0.000015,-0.000014,-0.000004,-0.000041,-0.000036,-0.000071,-0.000054,-0.000041,-0.000018,-0.000022,-0.000031,-0.000001,-0.000007,-0.000012,0.000001,0.000011,0.000014,0.000016,-0.000015,-0.000001,0.000033,0.000016,0.000051,0.000037,-0.000004,-0.000004,-0.000015,-0.000005,-0.000007,0.000001,-0.000003,0.000003,0.000001,0.000001,0.000000,-0.000000,0.000002,0.000001,0.000000,-0.000000,0.000000,0.000004
