0.004527,0.000649,0.001088,0.000113,0.000069,0.000297,0.000605,0.000331,0.000828,0.001209,0.001155,0.001259,0.000441,0.000440,0.000172,0.000489,-0.000842,-0.000233,-0.000114,0.000438,-0.000106,-0.001060,0.000443,0.000424,0.000010,-0.001091,-0.000141,-0.000152,0.000223,-0.000520,0.000857,0.001119,0.000117,-0.001451,-0.000079,-0.000246,-0.000631,0.000087,0.000538,0.000225,0.001091,0.001610,0.000360,-0.000727,0.000638,0.000394,-0.000028,-0.000231,0.000468,0.001124,0.000332,0.000462,-0.000125,0.000376,0.001345,0.000533,0.000376,0.000069,-0.000231,0.000440
0.000649,0.006329,0.000513,0.001139,0.000508,0.000856,0.000042,0.000611,0.000320,0.001993,0.001205,-0.000013,0.000471,0.000883,0.001077,0.002035,0.000885,0.000616,-0.000570,-0.000211,0.001097,0.000265,-0.000862,-0.000063,-0.001857,-0.002484,-0.002345,-0.001134,-0.000534,-0.001199,-0.000024,0.000452,-0.000949,-0.001677,0.001931,0.001103,0.000389,0.000393,0.000854,0.000128,0.000340,-0.000317,0.000230,-0.000103,0.001962,0.001135,0.000451,0.001195,0.002681,0.001101,0.000198,0.000252,0.000246,0.000413,0.000927,0.000614,0.001095,0.000899,0.000253,0.000132
0.001088,0.000513,0.008388,0.000723,0.004795,0.002356,-0.000125,-0.001247,0.000483,0.000073,0.000634,0.000216,0.000198,0.000381,0.001018,0.000142,-0.000121,-0.000087,0.000639,-0.002052,-0.003400,-0.000254,-0.000943,-0.000844,-0.001259,-0.000901,-0.001043,-0.000611,0.000207,0.000447,0.000303,0.000727,-0.002146,-0.001009,0.000216,0.001252,-0.000150,0.001042,0.000491,0.000138,0.001353,0.001534,0.000213,-0.000746,0.000866,0.000846,0.000364,0.001407,0.000122,0.000764,0.000145,0.000503,-0.000141,0.003576,0.002379,0.000400,0.001108,0.000279,0.002682,0.000519
0.000113,0.001139,0.000723,0.002864,0.000577,0.001086,0.000540,0.000127,0.000236,0.000675,0.000436,-0.000274,-0.000045,0.000508,0.000747,0.000912,0.000584,0.000454,-0.001151,0.000484,-0.000294,0.001231,0.000949,0.001298,-0.000882,0.000121,-0.000607,-0.000210,-0.000557,-0.000771,-0.000694,-0.000024,-0.000830,-0.001886,-0.000792,0.000765,0.000598,-0.000441,0.000019,-0.000437,0.000394,0.000151,0.000100,-0.000180,0.000232,-0.000693,-0.000448,0.000790,0.000375,0.001081,0.000154,0.000201,0.000790,0.001259,0.000304,0.000300,0.002470,0.000053,0.000209,0.000165
0.000069,0.000508,0.004795,0.000577,0.008690,0.002215,0.000595,-0.001382,0.000072,0.000115,0.000218,0.000645,0.000164,0.000776,0.001370,0.000501,0.001276,0.000750,0.001024,0.000460,-0.003869,0.001154,-0.000205,-0.000123,-0.001197,-0.000647,0.000505,-0.001477,-0.000919,-0.001763,0.000511,-0.000368,-0.001480,-0.002314,-0.001960,-0.000159,0.000742,-0.000200,0.000195,0.000381,0.000550,0.000033,-0.000515,-0.000695,-0.000395,-0.000459,-0.000206,0.001218,-0.000168,-0.000378,0.000214,0.000003,-0.000098,0.001259,0.000193,-0.000235,-0.000433,0.000298,0.001087,-0.000113
0.000297,0.000856,0.002356,0.001086,0.002215,0.006281,0.001536,-0.000102,0.000860,0.001875,0.000413,0.001326,0.000692,0.001289,0.000891,0.001869,0.001406,-0.000390,0.001091,0.001296,0.001081,0.001235,-0.000179,0.000769,-0.000263,0.000657,-0.001861,-0.000571,-0.000514,-0.000166,0.000778,-0.000200,-0.001099,-0.001334,-0.001140,0.000073,-0.001643,-0.000342,0.000975,-0.000751,-0.000090,0.000707,0.000332,-0.000411,-0.001065,-0.001234,-0.000090,0.000012,0.000287,-0.000849,0.000203,0.000518,0.000393,0.001940,0.000562,0.000577,0.001362,0.000295,0.001990,0.000254
0.000605,0.000042,-0.000125,0.000540,0.000595,0.001536,0.010296,0.000881,0.002064,0.000779,0.002194,0.000655,0.002019,0.001213,0.002285,0.003359,0.002601,0.000334,0.001577,0.001162,0.000243,0.000569,0.000110,0.001185,0.000185,-0.000076,-0.001351,-0.000474,0.000331,0.000206,0.000117,-0.000006,-0.002021,-0.002312,-0.002217,-0.001789,-0.004429,-0.003495,-0.000551,0.000388,-0.000029,0.000411,0.000100,-0.000144,0.000075,-0.000453,0.000297,0.000607,0.000530,0.001012,0.000246,-0.000180,0.000509,0.000724,-0.000141,0.000570,0.001531,-0.000108,0.000753,0.000186
0.000331,0.000611,-0.001247,0.000127,-0.001382,-0.000102,0.000881,0.006018,0.000505,0.000621,0.002522,0.000777,0.001111,-0.000247,-0.000636,0.000792,-0.002059,-0.000154,0.000671,-0.000219,0.001105,0.000102,0.000192,-0.000465,-0.001014,-0.001964,-0.000395,0.000089,-0.000135,0.000648,-0.000842,0.000406,0.000324,0.001516,0.000478,-0.001054,-0.000406,-0.000744,0.001356,0.000414,0.000916,0.000728,0.000812,0.000347,0.001786,0.001173,0.000173,-0.000286,0.000519,0.000325,0.000338,-0.000097,-0.000407,-0.000003,0.000373,0.000028,0.000222,0.000083,-0.000216,0.000922
0.000828,0.000320,0.000483,0.000236,0.000072,0.000860,0.002064,0.000505,0.005628,0.002040,0.003670,0.000587,0.000148,0.001526,0.001028,0.000493,0.000505,-0.000199,-0.001047,0.001052,0.000945,-0.000614,0.000042,-0.001716,-0.000625,0.000435,-0.000036,-0.000189,-0.000778,0.001009,0.000188,0.000716,-0.000680,-0.001443,-0.001747,-0.000923,-0.001593,-0.000982,0.000445,0.000634,0.000550,0.001490,-0.000321,0.000124,0.000872,-0.000528,-0.000289,0.000570,0.000280,0.000490,0.000136,0.000216,0.000344,-0.000318,0.000367,0.000170,0.001126,-0.000149,0.000530,0.000058
0.001209,0.001993,0.000073,0.000675,0.000115,0.001875,0.000779,0.000621,0.002040,0.013238,0.006593,0.003439,0.003476,0.001903,0.000214,0.003508,0.001512,0.002794,0.001442,0.003732,0.002494,0.001499,0.001284,-0.001012,0.002744,0.001864,-0.001398,0.000992,-0.001933,-0.001376,0.002007,0.000533,-0.000738,-0.001143,-0.001314,-0.001969,-0.001148,-0.002468,0.000418,0.000607,0.000046,0.000396,0.000322,0.000420,0.002107,-0.002339,0.001517,-0.000178,0.001634,-0.000658,0.000485,0.001453,0.000288,0.000004,0.001228,-0.000074,0.002973,-0.000694,-0.000850,-0.000450
0.001155,0.001205,0.000634,0.000436,0.000218,0.000413,0.002194,0.002522,0.003670,0.006593,0.015727,0.003038,0.004462,0.001910,0.000768,0.001646,0.000991,0.002411,0.002180,0.004445,0.003007,0.000749,0.002454,-0.000734,0.000003,0.000809,-0.000440,-0.000294,-0.002082,-0.001196,-0.001021,0.000143,-0.000891,-0.001764,-0.002838,-0.000876,-0.001974,-0.002892,0.000057,0.000135,-0.000888,0.000554,-0.000933,-0.000443,-0.000421,-0.002616,-0.000083,0.001965,0.000437,-0.000606,-0.000033,0.001263,0.000057,0.000522,0.001078,0.000532,0.001539,-0.000973,-0.001002,-0.000204
0.001259,-0.000013,0.000216,-0.000274,0.000645,0.001326,0.000655,0.000777,0.000587,0.003439,0.003038,0.013759,0.002943,0.002336,0.000580,-0.002636,-0.000331,-0.000313,0.002189,-0.001219,-0.000087,0.000162,0.000308,-0.000630,0.001147,0.000646,0.000773,0.000122,-0.000637,-0.002718,0.001044,0.000230,-0.001130,-0.000434,-0.001331,0.000795,0.000281,-0.000538,0.002832,-0.000786,0.000774,0.002046,0.000932,0.000155,0.001711,0.000111,-0.000499,-0.000556,-0.000746,0.000320,0.001105,0.000663,-0.000200,0.002114,0.000109,0.000586,-0.002086,-0.001129,-0.000628,0.000309
0.000441,0.000471,0.000198,-0.000045,0.000164,0.000692,0.002019,0.001111,0.000148,0.003476,0.004462,0.002943,0.011559,0.001316,-0.000196,0.001512,-0.000543,0.001624,0.004979,0.002407,0.000263,0.001244,0.000178,0.000474,0.000154,0.000053,-0.000456,0.000038,-0.000547,-0.001554,-0.000291,0.000951,-0.000786,0.000855,-0.001123,-0.000072,-0.001771,-0.001094,0.000928,0.000619,0.001163,0.001457,0.001572,0.001483,0.002528,0.000519,0.001344,0.000203,0.000203,0.001098,-0.000889,0.000707,0.000066,0.002022,0.001054,0.000291,0.002583,-0.000370,0.000818,-0.000566
0.000440,0.000883,0.000381,0.000508,0.000776,0.001289,0.001213,-0.000247,0.001526,0.001903,0.001910,0.002336,0.001316,0.009903,0.003638,0.001919,0.002638,0.000959,0.001532,0.002479,0.003011,0.000956,0.002763,0.001424,0.000955,-0.000951,-0.001585,-0.001887,-0.001152,-0.000863,-0.001363,-0.000267,-0.001362,-0.001762,-0.003950,0.000235,-0.001049,-0.000048,0.000505,-0.000607,0.000430,0.000115,-0.000241,-0.000119,0.000834,-0.001062,-0.000731,-0.000506,-0.000476,-0.000518,0.000548,0.000011,-0.000458,0.001676,-0.000702,0.000313,0.001293,-0.000108,-0.000012,-0.000630
0.000172,0.001077,0.001018,0.000747,0.001370,0.000891,0.002285,-0.000636,0.001028,0.000214,0.000768,0.000580,-0.000196,0.003638,0.013881,0.002016,0.003403,0.002288,0.000759,0.001051,0.002219,0.001303,-0.000134,-0.000906,-0.000778,-0.002581,-0.001181,-0.001896,-0.001788,-0.001472,-0.001305,-0.001696,-0.002718,-0.002766,-0.003813,-0.000190,-0.002023,-0.001245,-0.000701,-0.000161,0.000688,0.000509,0.000611,-0.000026,-0.000270,-0.000035,-0.000680,0.000042,0.000997,0.000803,0.000639,-0.000069,0.000214,0.003097,0.000150,0.001064,0.001158,0.000758,0.000950,-0.000087
0.000489,0.002035,0.000142,0.000912,0.000501,0.001869,0.003359,0.000792,0.000493,0.003508,0.001646,-0.002636,0.001512,0.001919,0.002016,0.013710,0.004705,0.003890,0.003419,0.002273,0.000321,0.000605,0.000727,0.001838,-0.001120,-0.001916,-0.001806,-0.001085,-0.000135,-0.000627,-0.001904,0.000954,-0.001130,-0.002978,-0.002202,-0.001627,-0.003235,-0.000666,0.000611,-0.000540,0.000345,0.000126,0.000293,-0.001180,-0.001010,-0.000866,0.000708,0.000612,0.002323,0.001151,0.000156,-0.000511,-0.000994,-0.000525,0.000305,0.000801,0.000622,0.001084,0.000843,0.000431
-0.000842,0.000885,-0.000121,0.000584,0.001276,0.001406,0.002601,-0.002059,0.000505,0.001512,0.000991,-0.000331,-0.000543,0.002638,0.003403,0.004705,0.022894,0.004198,0.006687,0.007002,0.003646,0.005961,0.003514,0.002219,-0.000979,0.001273,-0.001864,-0.001613,-0.004096,-0.005493,-0.003081,-0.001895,-0.002300,-0.004267,-0.003502,0.000066,-0.000069,0.000179,-0.000526,-0.000295,-0.002148,-0.000408,-0.001433,0.000642,-0.000023,-0.002433,-0.001342,0.000244,0.001157,-0.000519,-0.000028,0.000007,0.000599,0.001050,-0.001093,0.001020,0.002769,0.001884,0.001270,0.000004
-0.000233,0.000616,-0.000087,0.000454,0.000750,-0.000390,0.000334,-0.000154,-0.000199,0.002794,0.002411,-0.000313,0.001624,0.000959,0.002288,0.003890,0.004198,0.013599,0.001644,0.003973,0.001699,0.001540,0.001205,0.001940,0.000971,0.001679,0.000836,-0.001567,-0.001883,-0.002559,-0.002649,-0.000627,-0.001458,-0.002205,-0.001373,-0.000924,-0.001440,-0.001223,-0.001538,-0.000470,-0.001204,-0.002906,-0.000477,-0.001233,-0.002273,-0.002185,-0.000090,-0.000149,0.000546,0.000211,-0.001350,-0.000018,0.000268,-0.000630,-0.001239,0.000694,0.001039,-0.000047,-0.001573,-0.000108
-0.000114,-0.000570,0.000639,-0.001151,0.001024,0.001091,0.001577,0.000671,-0.001047,0.001442,0.002180,0.002189,0.004979,0.001532,0.000759,0.003419,0.006687,0.001644,0.026941,0.008300,0.003481,0.007726,0.003972,0.001396,0.001493,0.001102,-0.001458,-0.001551,-0.003024,-0.003179,-0.003453,-0.001059,-0.003671,-0.002696,-0.004485,-0.001973,-0.004283,-0.003610,-0.003172,-0.003474,-0.002698,-0.001183,-0.000372,-0.001189,-0.000296,-0.001176,0.000115,-0.000599,-0.001025,0.000209,0.000048,0.000997,-0.002088,0.003194,0.001087,0.000592,-0.000579,0.000400,0.001208,-0.000341
0.000438,-0.000211,-0.002052,0.000484,0.000460,0.001296,0.001162,-0.000219,0.001052,0.003732,0.004445,-0.001219,0.002407,0.002479,0.001051,0.002273,0.007002,0.003973,0.008300,0.037035,0.007391,0.012325,0.005973,0.001470,0.000631,0.000668,0.001416,-0.000833,-0.002956,-0.004065,-0.005531,0.000231,-0.002690,-0.006567,-0.006392,-0.005684,-0.005467,-0.003557,-0.000770,-0.004741,-0.004949,-0.003386,-0.001092,-0.000624,-0.004384,-0.002142,-0.002521,-0.001147,-0.001286,-0.003368,0.000258,0.001432,0.000898,-0.003276,-0.000100,0.000310,0.002126,0.001264,-0.002512,-0.001405
-0.000106,0.001097,-0.003400,-0.000294,-0.003869,0.001081,0.000243,0.001105,0.000945,0.002494,0.003007,-0.000087,0.000263,0.003011,0.002219,0.000321,0.003646,0.001699,0.003481,0.007391,0.020001,0.004729,0.002603,0.000132,-0.000219,0.000007,-0.001493,-0.000256,-0.002955,-0.002759,-0.004400,-0.001581,-0.000635,0.001487,0.000327,0.000901,-0.002117,0.001483,0.001640,0.000153,-0.000658,-0.001403,0.000251,0.000222,-0.001052,0.000325,-0.000040,-0.001560,0.000787,-0.000949,0.000586,0.000157,0.000462,-0.000457,-0.000389,0.000880,0.001080,0.001200,-0.000548,-0.000424
-0.001060,0.000265,-0.000254,0.001231,0.001154,0.001235,0.000569,0.000102,-0.000614,0.001499,0.000749,0.000162,0.001244,0.000956,0.001303,0.000605,0.005961,0.001540,0.007726,0.012325,0.004729,0.025271,0.007308,0.004153,0.002900,0.003679,-0.000691,-0.001103,-0.002315,-0.005790,-0.005063,-0.001746,-0.001978,-0.002336,-0.000992,-0.002303,-0.002449,-0.002349,-0.002151,-0.004688,-0.003957,-0.001432,-0.000516,0.000854,-0.001196,0.000234,-0.000072,-0.000787,-0.000119,0.001023,0.000481,0.001070,0.000503,0.000933,-0.001594,0.001244,0.001579,0.000362,-0.000398,-0.000423
0.000443,-0.000862,-0.000943,0.000949,-0.000205,-0.000179,0.000110,0.000192,0.000042,0.001284,0.002454,0.000308,0.000178,0.002763,-0.000134,0.000727,0.003514,0.001205,0.003972,0.005973,0.002603,0.007308,0.026500,0.004687,0.004502,0.004956,0.000533,0.000333,-0.000663,-0.002535,-0.004730,-0.000314,0.000812,-0.002357,-0.000665,-0.001875,-0.001511,-0.005692,-0.002309,-0.003006,-0.005228,0.000549,-0.001797,0.000865,-0.000754,-0.001528,-0.001001,0.001040,-0.002323,0.002706,0.000943,-0.000679,0.001380,-0.000645,-0.002556,0.000040,-0.000560,-0.001794,-0.001034,-0.000170
0.000424,-0.000063,-0.000844,0.001298,-0.000123,0.000769,0.001185,-0.000465,-0.001716,-0.001012,-0.000734,-0.000630,0.000474,0.001424,-0.000906,0.001838,0.002219,0.001940,0.001396,0.001470,0.000132,0.004153,0.004687,0.014269,0.002775,0.003572,0.002206,0.001337,0.000692,0.000505,-0.002512,0.000782,-0.000690,-0.002088,-0.001401,-0.002654,-0.000966,-0.001367,-0.001672,-0.003345,-0.002836,-0.000563,0.000283,0.000814,-0.001095,-0.001588,-0.000960,-0.000318,-0.000990,-0.000382,-0.000449,0.000016,0.000546,0.000682,-0.003304,0.000722,-0.001517,-0.000466,-0.000312,-0.000444
0.000010,-0.001857,-0.001259,-0.000882,-0.001197,-0.000263,0.000185,-0.001014,-0.000625,0.002744,0.000003,0.001147,0.000154,0.000955,-0.000778,-0.001120,-0.000979,0.000971,0.001493,0.000631,-0.000219,0.002900,0.004502,0.002775,0.021047,0.008782,0.001568,0.002086,0.000727,0.000138,0.001232,-0.000796,0.000761,-0.003945,-0.001231,-0.001705,-0.002352,-0.005394,-0.005905,-0.002942,-0.001261,0.000978,0.000390,0.001741,0.000151,-0.000367,0.000394,0.000632,-0.001491,0.000157,-0.000817,0.000442,-0.001235,-0.000522,-0.000174,-0.000916,-0.001186,-0.001742,-0.001240,-0.000704
-0.001091,-0.002484,-0.000901,0.000121,-0.000647,0.000657,-0.000076,-0.001964,0.000435,0.001864,0.000809,0.000646,0.000053,-0.000951,-0.002581,-0.001916,0.001273,0.001679,0.001102,0.000668,0.000007,0.003679,0.004956,0.003572,0.008782,0.021059,0.002030,0.002891,0.000354,-0.000792,0.000014,-0.000498,0.002211,-0.002823,-0.003665,-0.002440,0.000830,-0.004210,-0.003937,-0.004227,-0.005015,0.000782,-0.000329,0.001312,-0.003192,-0.001625,-0.001057,0.000435,-0.000972,0.000206,0.000403,-0.000135,0.001477,-0.000203,-0.003292,-0.000154,-0.001128,-0.001526,-0.002013,-0.000396
-0.000141,-0.002345,-0.001043,-0.000607,0.000505,-0.001861,-0.001351,-0.000395,-0.000036,-0.001398,-0.000440,0.000773,-0.000456,-0.001585,-0.001181,-0.001806,-0.001864,0.000836,-0.001458,0.001416,-0.001493,-0.000691,0.000533,0.002206,0.001568,0.002030,0.013119,0.003689,0.000932,-0.000052,-0.000682,0.001133,0.000820,-0.000578,-0.003836,-0.002188,0.000725,-0.000269,-0.002246,0.000955,-0.000117,-0.001410,-0.001810,-0.000044,-0.001685,-0.001476,-0.000877,0.000734,-0.001712,-0.000008,-0.000159,0.000225,0.000894,-0.002906,-0.001628,0.000122,-0.003082,0.000419,-0.002717,-0.000972
-0.000152,-0.001134,-0.000611,-0.000210,-0.001477,-0.000571,-0.000474,0.000089,-0.000189,0.000992,-0.000294,0.000122,0.000038,-0.001887,-0.001896,-0.001085,-0.001613,-0.001567,-0.001551,-0.000833,-0.000256,-0.001103,0.000333,0.001337,0.002086,0.002891,0.003689,0.013709,0.004852,0.002641,0.000679,-0.000956,-0.000342,0.000410,0.002076,-0.001416,0.000904,-0.002073,0.001758,-0.000090,-0.001981,-0.000262,-0.000817,-0.000468,-0.000590,0.001151,0.000696,0.000771,-0.001036,0.000030,0.000608,-0.000099,0.000670,-0.000322,0.000515,0.000482,-0.001614,-0.000628,-0.001750,-0.000376
0.000223,-0.000534,0.000207,-0.000557,-0.000919,-0.000514,0.000331,-0.000135,-0.000778,-0.001933,-0.002082,-0.000637,-0.000547,-0.001152,-0.001788,-0.000135,-0.004096,-0.001883,-0.003024,-0.002956,-0.002955,-0.002315,-0.000663,0.000692,0.000727,0.000354,0.000932,0.004852,0.017618,0.005760,0.000872,0.001033,-0.000217,0.002025,0.001809,-0.000781,0.000240,0.000624,-0.000708,0.000740,-0.000009,0.000672,-0.000226,-0.001685,-0.000929,0.000664,0.000887,-0.000132,0.000613,-0.002235,-0.000238,-0.001204,0.000040,-0.000933,0.000129,-0.000389,-0.003518,0.000158,-0.001673,-0.000511
-0.000520,-0.001199,0.000447,-0.000771,-0.001763,-0.000166,0.000206,0.000648,0.001009,-0.001376,-0.001196,-0.002718,-0.001554,-0.000863,-0.001472,-0.000627,-0.005493,-0.002559,-0.003179,-0.004065,-0.002759,-0.005790,-0.002535,0.000505,0.000138,-0.000792,-0.000052,0.002641,0.005760,0.017992,0.005379,0.000401,0.000440,0.000986,0.001559,-0.001000,-0.003081,0.001423,-0.000128,0.000133,-0.002047,0.000991,0.001682,-0.001159,0.000554,0.000560,0.001821,0.001434,-0.000461,-0.000477,-0.000481,-0.000620,-0.000733,-0.002038,-0.000637,-0.000799,0.000199,-0.000437,-0.000854,0.000176
0.000857,-0.000024,0.000303,-0.000694,0.000511,0.000778,0.000117,-0.000842,0.000188,0.002007,-0.001021,0.001044,-0.000291,-0.001363,-0.001305,-0.001904,-0.003081,-0.002649,-0.003453,-0.005531,-0.004400,-0.005063,-0.004730,-0.002512,0.001232,0.000014,-0.000682,0.000679,0.000872,0.005379,0.023058,0.004003,0.000923,0.001980,0.004479,0.003415,0.003548,0.002615,0.003071,0.003788,0.003825,0.006238,0.002970,0.000929,0.006335,0.002394,0.003224,0.001108,0.000141,0.000726,0.000548,0.002346,0.000741,-0.000332,0.001801,-0.000018,0.002003,-0.000557,0.002272,0.000475
0.001119,0.000452,0.000727,-0.000024,-0.000368,-0.000200,-0.000006,0.000406,0.000716,0.000533,0.000143,0.000230,0.000951,-0.000267,-0.001696,0.000954,-0.001895,-0.000627,-0.001059,0.000231,-0.001581,-0.001746,-0.000314,0.000782,-0.000796,-0.000498,0.001133,-0.000956,0.001033,0.000401,0.004003,0.018175,0.003306,0.002356,0.000370,-0.000162,0.000614,0.001990,0.001908,0.001889,0.003957,0.004238,0.000158,0.003114,0.005294,0.001994,0.000229,0.000619,0.000496,0.001810,0.000604,0.001071,-0.001317,-0.001201,0.002495,0.001224,0.001893,0.000953,0.002559,0.000280
0.000117,-0.000949,-0.002146,-0.000830,-0.001480,-0.001099,-0.002021,0.000324,-0.000680,-0.000738,-0.000891,-0.001130,-0.000786,-0.001362,-0.002718,-0.001130,-0.002300,-0.001458,-0.003671,-0.002690,-0.000635,-0.001978,0.000812,-0.000690,0.000761,0.002211,0.000820,-0.000342,-0.000217,0.000440,0.000923,0.003306,0.010915,0.003290,0.002063,0.000084,0.002102,0.001008,0.000510,0.001556,0.000325,0.001033,-0.000917,0.001864,0.000077,-0.000026,0.000401,0.000512,0.000085,-0.000707,-0.001462,-0.001096,-0.001114,-0.001686,-0.001086,-0.000046,-0.000715,-0.000426,-0.000186,0.000055
-0.001451,-0.001677,-0.001009,-0.001886,-0.002314,-0.001334,-0.002312,0.001516,-0.001443,-0.001143,-0.001764,-0.000434,0.000855,-0.001762,-0.002766,-0.002978,-0.004267,-0.002205,-0.002696,-0.006567,0.001487,-0.002336,-0.002357,-0.002088,-0.003945,-0.002823,-0.000578,0.000410,0.002025,0.000986,0.001980,0.002356,0.003290,0.024736,0.008143,0.005801,0.002617,0.005347,0.001197,0.003428,0.005510,0.004296,0.000608,0.002344,0.003165,0.003318,0.001112,-0.002002,-0.001931,0.000431,-0.000036,0.000491,0.001233,-0.000634,0.000738,-0.000520,0.001311,-0.001175,-0.000646,0.000612
-0.000079,0.001931,0.000216,-0.000792,-0.001960,-0.001140,-0.002217,0.000478,-0.001747,-0.001314,-0.002838,-0.001331,-0.001123,-0.003950,-0.003813,-0.002202,-0.003502,-0.001373,-0.004485,-0.006392,0.000327,-0.000992,-0.000665,-0.001401,-0.001231,-0.003665,-0.003836,0.002076,0.001809,0.001559,0.004479,0.000370,0.002063,0.008143,0.024582,0.006137,0.007408,0.005165,0.003210,0.002193,0.002597,0.002585,0.000164,0.000719,0.004507,0.006001,0.001288,-0.000254,0.001405,0.001717,-0.000699,0.000572,-0.000668,-0.001537,0.001558,-0.000147,0.000911,0.000468,-0.000266,0.001198
-0.000246,0.001103,0.001252,0.000765,-0.000159,0.000073,-0.001789,-0.001054,-0.000923,-0.001969,-0.000876,0.000795,-0.000072,0.000235,-0.000190,-0.001627,0.000066,-0.000924,-0.001973,-0.005684,0.000901,-0.002303,-0.001875,-0.002654,-0.001705,-0.002440,-0.002188,-0.001416,-0.000781,-0.001000,0.003415,-0.000162,0.000084,0.005801,0.006137,0.023739,0.007612,0.006840,0.000525,0.005901,0.003742,0.001651,-0.000525,0.001617,0.003125,0.001182,-0.000545,0.000244,-0.000597,0.000875,-0.000724,-0.000082,-0.000675,0.001353,0.001758,-0.000574,0.000854,-0.000498,0.001646,0.000494
-0.000631,0.000389,-0.000150,0.000598,0.000742,-0.001643,-0.004429,-0.000406,-0.001593,-0.001148,-0.001974,0.000281,-0.001771,-0.001049,-0.002023,-0.003235,-0.000069,-0.001440,-0.004283,-0.005467,-0.002117,-0.002449,-0.001511,-0.000966,-0.002352,0.000830,0.000725,0.000904,0.000240,-0.003081,0.003548,0.000614,0.002102,0.002617,0.007408,0.007612,0.023243,0.007177,0.000483,0.001291,0.006100,0.001271,0.000080,0.002467,0.000944,0.000934,-0.001143,0.000282,0.000071,0.000138,0.000185,-0.000325,-0.000588,0.000022,-0.000461,-0.000851,-0.000559,0.000949,-0.001176,0.000371
0.000087,0.000393,0.001042,-0.000441,-0.000200,-0.000342,-0.003495,-0.000744,-0.000982,-0.002468,-0.002892,-0.000538,-0.001094,-0.000048,-0.001245,-0.000666,0.000179,-0.001223,-0.003610,-0.003557,0.001483,-0.002349,-0.005692,-0.001367,-0.005394,-0.004210,-0.000269,-0.002073,0.000624,0.001423,0.002615,0.001990,0.001008,0.005347,0.005165,0.006840,0.007177,0.019912,0.007565,0.004231,0.003609,0.001478,0.003807,0.001898,0.002987,0.002161,0.000518,-0.000612,0.001959,0.000384,-0.000518,-0.000094,0.001738,0.000435,0.001911,0.001304,-0.000084,0.002629,0.002037,0.000784
0.000538,0.000854,0.000491,0.000019,0.000195,0.000975,-0.000551,0.001356,0.000445,0.000418,0.000057,0.002832,0.000928,0.000505,-0.000701,0.000611,-0.000526,-0.001538,-0.003172,-0.000770,0.001640,-0.002151,-0.002309,-0.001672,-0.005905,-0.003937,-0.002246,0.001758,-0.000708,-0.000128,0.003071,0.001908,0.000510,0.001197,0.003210,0.000525,0.000483,0.007565,0.016080,0.004486,0.000798,0.003768,0.004325,0.000497,0.001976,0.003665,0.000681,-0.000255,0.002011,0.001745,0.000100,0.000458,0.001296,0.000395,0.002464,0.001072,-0.000362,0.000714,0.002829,0.001539
0.000225,0.000128,0.000138,-0.000437,0.000381,-0.000751,0.000388,0.000414,0.000634,0.000607,0.000135,-0.000786,0.000619,-0.000607,-0.000161,-0.000540,-0.000295,-0.000470,-0.003474,-0.004741,0.000153,-0.004688,-0.003006,-0.003345,-0.002942,-0.004227,0.000955,-0.000090,0.000740,0.000133,0.003788,0.001889,0.001556,0.003428,0.002193,0.005901,0.001291,0.004231,0.004486,0.013198,0.005337,0.002467,0.000761,0.001403,0.004039,0.001696,0.002225,0.000255,0.001808,0.000526,-0.000584,0.000647,0.000625,0.000304,0.002185,0.000362,0.001293,0.000733,0.001420,-0.000422
0.001091,0.000340,0.001353,0.000394,0.000550,-0.000090,-0.000029,0.000916,0.000550,0.000046,-0.000888,0.000774,0.001163,0.000430,0.000688,0.000345,-0.002148,-0.001204,-0.002698,-0.004949,-0.000658,-0.003957,-0.005228,-0.002836,-0.001261,-0.005015,-0.000117,-0.001981,-0.000009,-0.002047,0.003825,0.003957,0.000325,0.005510,0.002597,0.003742,0.006100,0.003609,0.000798,0.005337,0.018756,0.006424,0.002076,0.002690,0.007065,0.003790,0.001568,0.000402,0.001669,0.003567,0.001216,0.001624,0.000171,0.000108,0.004200,0.001206,0.001273,-0.000160,0.002865,0.000511
0.001610,-0.000317,0.001534,0.000151,0.000033,0.000707,0.000411,0.000728,0.001490,0.000396,0.000554,0.002046,0.001457,0.000115,0.000509,0.000126,-0.000408,-0.002906,-0.001183,-0.003386,-0.001403,-0.001432,0.000549,-0.000563,0.000978,0.000782,-0.001410,-0.000262,0.000672,0.000991,0.006238,0.004238,0.001033,0.004296,0.002585,0.001651,0.001271,0.001478,0.003768,0.002467,0.006424,0.017506,0.003732,0.002761,0.006992,0.006319,0.002484,0.001174,0.000207,0.002480,0.001391,0.002077,0.001217,0.001171,0.002715,0.001468,0.001526,-0.001194,0.003321,0.001338
0.000360,0.000230,0.000213,0.000100,-0.000515,0.000332,0.000100,0.000812,-0.000321,0.000322,-0.000933,0.000932,0.001572,-0.000241,0.000611,0.000293,-0.001433,-0.000477,-0.000372,-0.001092,0.000251,-0.000516,-0.001797,0.000283,0.000390,-0.000329,-0.001810,-0.000817,-0.000226,0.001682,0.002970,0.000158,-0.000917,0.000608,0.000164,-0.000525,0.000080,0.003807,0.004325,0.000761,0.002076,0.003732,0.009398,0.002432,0.003640,0.002270,0.000982,0.001649,0.001804,0.002101,0.000593,0.000748,0.002797,0.000505,0.000827,0.000881,0.000877,-0.000200,0.002386,0.001289
-0.000727,-0.000103,-0.000746,-0.000180,-0.000695,-0.000411,-0.000144,0.000347,0.000124,0.000420,-0.000443,0.000155,0.001483,-0.000119,-0.000026,-0.001180,0.000642,-0.001233,-0.001189,-0.000624,0.000222,0.000854,0.000865,0.000814,0.001741,0.001312,-0.000044,-0.000468,-0.001685,-0.001159,0.000929,0.003114,0.001864,0.002344,0.000719,0.001617,0.002467,0.001898,0.000497,0.001403,0.002690,0.002761,0.002432,0.008325,0.005651,0.000714,0.000694,0.001058,0.000511,0.002403,0.000308,0.001247,0.001471,0.000069,0.001328,0.000409,0.002309,0.000290,0.002588,0.000151
0.000638,0.001962,0.000866,0.000232,-0.000395,-0.001065,0.000075,0.001786,0.000872,0.002107,-0.000421,0.001711,0.002528,0.000834,-0.000270,-0.001010,-0.000023,-0.002273,-0.000296,-0.004384,-0.001052,-0.001196,-0.000754,-0.001095,0.000151,-0.003192,-0.001685,-0.000590,-0.000929,0.000554,0.006335,0.005294,0.000077,0.003165,0.004507,0.003125,0.000944,0.002987,0.001976,0.004039,0.007065,0.006992,0.003640,0.005651,0.023486,0.007176,0.003397,0.002055,0.002068,0.004744,0.002041,0.002362,0.001891,0.001293,0.004349,0.000815,0.003663,-0.000342,0.003604,-0.000465
0.000394,0.001135,0.000846,-0.000693,-0.000459,-0.001234,-0.000453,0.001173,-0.000528,-0.002339,-0.002616,0.000111,0.000519,-0.001062,-0.000035,-0.000866,-0.002433,-0.002185,-0.001176,-0.002142,0.000325,0.000234,-0.001528,-0.001588,-0.000367,-0.001625,-0.001476,0.001151,0.000664,0.000560,0.002394,0.001994,-0.000026,0.003318,0.006001,0.001182,0.000934,0.002161,0.003665,0.001696,0.003790,0.006319,0.002270,0.000714,0.007176,0.012655,0.002832,0.001005,0.001832,0.005008,0.000890,0.000631,-0.000167,0.000188,0.001842,0.000746,-0.000187,0.000412,0.001022,0.000847
-0.000028,0.000451,0.000364,-0.000448,-0.000206,-0.000090,0.000297,0.000173,-0.000289,0.001517,-0.000083,-0.000499,0.001344,-0.000731,-0.000680,0.000708,-0.001342,-0.000090,0.000115,-0.002521,-0.000040,-0.000072,-0.001001,-0.000960,0.000394,-0.001057,-0.000877,0.000696,0.000887,0.001821,0.003224,0.000229,0.000401,0.001112,0.001288,-0.000545,-0.001143,0.000518,0.000681,0.002225,0.001568,0.002484,0.000982,0.000694,0.003397,0.002832,0.007082,0.001209,0.001423,0.001772,-0.000113,0.000820,0.000189,0.000722,0.000940,0.000409,-0.000226,0.000035,-0.000064,-0.000426
-0.000231,0.001195,0.001407,0.000790,0.001218,0.000012,0.000607,-0.000286,0.000570,-0.000178,0.001965,-0.000556,0.000203,-0.000506,0.000042,0.000612,0.000244,-0.000149,-0.000599,-0.001147,-0.001560,-0.000787,0.001040,-0.000318,0.000632,0.000435,0.000734,0.000771,-0.000132,0.001434,0.001108,0.000619,0.000512,-0.002002,-0.000254,0.000244,0.000282,-0.000612,-0.000255,0.000255,0.000402,0.001174,0.001649,0.001058,0.002055,0.001005,0.001209,0.007964,0.001857,0.003810,0.000526,0.000681,0.001773,-0.002020,0.000734,0.000317,0.002069,-0.000043,0.000312,0.000074
0.000468,0.002681,0.000122,0.000375,-0.000168,0.000287,0.000530,0.000519,0.000280,0.001634,0.000437,-0.000746,0.000203,-0.000476,0.000997,0.002323,0.001157,0.000546,-0.001025,-0.001286,0.000787,-0.000119,-0.002323,-0.000990,-0.001491,-0.000972,-0.001712,-0.001036,0.000613,-0.000461,0.000141,0.000496,0.000085,-0.001931,0.001405,-0.000597,0.000071,0.001959,0.002011,0.001808,0.001669,0.000207,0.001804,0.000511,0.002068,0.001832,0.001423,0.001857,0.007840,0.000930,0.000320,0.000252,0.000322,-0.000494,0.001370,0.000294,-0.000183,0.000984,0.001031,0.000116
0.001124,0.001101,0.000764,0.001081,-0.000378,-0.000849,0.001012,0.000325,0.000490,-0.000658,-0.000606,0.000320,0.001098,-0.000518,0.000803,0.001151,-0.000519,0.000211,0.000209,-0.003368,-0.000949,0.001023,0.002706,-0.000382,0.000157,0.000206,-0.000008,0.000030,-0.002235,-0.000477,0.000726,0.001810,-0.000707,0.000431,0.001717,0.000875,0.000138,0.000384,0.001745,0.000526,0.003567,0.002480,0.002101,0.002403,0.004744,0.005008,0.001772,0.003810,0.000930,0.013275,0.000211,0.001829,0.003732,-0.000700,0.000879,0.000709,0.004063,0.000301,-0.000074,0.000993
0.000332,0.000198,0.000145,0.000154,0.000214,0.000203,0.000246,0.000338,0.000136,0.000485,-0.000033,0.001105,-0.000889,0.000548,0.000639,0.000156,-0.000028,-0.001350,0.000048,0.000258,0.000586,0.000481,0.000943,-0.000449,-0.000817,0.000403,-0.000159,0.000608,-0.000238,-0.000481,0.000548,0.000604,-0.001462,-0.000036,-0.000699,-0.000724,0.000185,-0.000518,0.000100,-0.000584,0.001216,0.001391,0.000593,0.000308,0.002041,0.000890,-0.000113,0.000526,0.000320,0.000211,0.003554,0.000667,0.001009,0.000407,0.001106,0.000290,0.000210,-0.000039,0.001383,0.000259
0.000462,0.000252,0.000503,0.000201,0.000003,0.000518,-0.000180,-0.000097,0.000216,0.001453,0.001263,0.000663,0.000707,0.000011,-0.000069,-0.000511,0.000007,-0.000018,0.000997,0.001432,0.000157,0.001070,-0.000679,0.000016,0.000442,-0.000135,0.000225,-0.000099,-0.001204,-0.000620,0.002346,0.001071,-0.001096,0.000491,0.000572,-0.000082,-0.000325,-0.000094,0.000458,0.000647,0.001624,0.002077,0.000748,0.001247,0.002362,0.000631,0.000820,0.000681,0.000252,0.001829,0.000667,0.003982,0.001813,-0.000728,0.002596,0.000659,0.001555,-0.000560,0.001333,0.000006
-0.000125,0.000246,-0.000141,0.000790,-0.000098,0.000393,0.000509,-0.000407,0.000344,0.000288,0.000057,-0.000200,0.000066,-0.000458,0.000214,-0.000994,0.000599,0.000268,-0.002088,0.000898,0.000462,0.000503,0.001380,0.000546,-0.001235,0.001477,0.000894,0.000670,0.000040,-0.000733,0.000741,-0.001317,-0.001114,0.001233,-0.000668,-0.000675,-0.000588,0.001738,0.001296,0.000625,0.000171,0.001217,0.002797,0.001471,0.001891,-0.000167,0.000189,0.001773,0.000322,0.003732,0.001009,0.001813,0.012984,-0.000621,0.000256,0.000812,0.003971,-0.000457,0.000390,0.000369
0.000376,0.000413,0.003576,0.001259,0.001259,0.001940,0.000724,-0.000003,-0.000318,0.000004,0.000522,0.002114,0.002022,0.001676,0.003097,-0.000525,0.001050,-0.000630,0.003194,-0.003276,-0.000457,0.000933,-0.000645,0.000682,-0.000522,-0.000203,-0.002906,-0.000322,-0.000933,-0.002038,-0.000332,-0.001201,-0.001686,-0.000634,-0.001537,0.001353,0.000022,0.000435,0.000395,0.000304,0.000108,0.001171,0.000505,0.000069,0.001293,0.000188,0.000722,-0.002020,-0.000494,-0.000700,0.000407,-0.000728,-0.000621,0.013571,0.001982,0.000686,0.001993,0.000366,0.002106,-0.000201
0.001345,0.000927,0.002379,0.000304,0.000193,0.000562,-0.000141,0.000373,0.000367,0.001228,0.001078,0.000109,0.001054,-0.000702,0.000150,0.000305,-0.001093,-0.001239,0.001087,-0.000100,-0.000389,-0.001594,-0.002556,-0.003304,-0.000174,-0.003292,-0.001628,0.000515,0.000129,-0.000637,0.001801,0.002495,-0.001086,0.000738,0.001558,0.001758,-0.000461,0.001911,0.002464,0.002185,0.004200,0.002715,0.000827,0.001328,0.004349,0.001842,0.000940,0.000734,0.001370,0.000879,0.001106,0.002596,0.000256,0.001982,0.009596,0.000756,0.003179,0.000050,0.004820,0.000928
0.000533,0.000614,0.000400,0.000300,-0.000235,0.000577,0.000570,0.000028,0.000170,-0.000074,0.000532,0.000586,0.000291,0.000313,0.001064,0.000801,0.001020,0.000694,0.000592,0.000310,0.000880,0.001244,0.000040,0.000722,-0.000916,-0.000154,0.000122,0.000482,-0.000389,-0.000799,-0.000018,0.001224,-0.000046,-0.000520,-0.000147,-0.000574,-0.000851,0.001304,0.001072,0.000362,0.001206,0.001468,0.000881,0.000409,0.000815,0.000746,0.000409,0.000317,0.000294,0.000709,0.000290,0.000659,0.000812,0.000686,0.000756,0.004144,0.000566,-0.000086,0.000275,0.000454
0.000376,0.001095,0.001108,0.002470,-0.000433,0.001362,0.001531,0.000222,0.001126,0.002973,0.001539,-0.002086,0.002583,0.001293,0.001158,0.000622,0.002769,0.001039,-0.000579,0.002126,0.001080,0.001579,-0.000560,-0.001517,-0.001186,-0.001128,-0.003082,-0.001614,-0.003518,0.000199,0.002003,0.001893,-0.000715,0.001311,0.000911,0.000854,-0.000559,-0.000084,-0.000362,0.001293,0.001273,0.001526,0.000877,0.002309,0.003663,-0.000187,-0.000226,0.002069,-0.000183,0.004063,0.000210,0.001555,0.003971,0.001993,0.003179,0.000566,0.014689,0.000637,0.001603,0.000063
0.000069,0.000899,0.000279,0.000053,0.000298,0.000295,-0.000108,0.000083,-0.000149,-0.000694,-0.000973,-0.001129,-0.000370,-0.000108,0.000758,0.001084,0.001884,-0.000047,0.000400,0.001264,0.001200,0.000362,-0.001794,-0.000466,-0.001742,-0.001526,0.000419,-0.000628,0.000158,-0.000437,-0.000557,0.000953,-0.000426,-0.001175,0.000468,-0.000498,0.000949,0.002629,0.000714,0.000733,-0.000160,-0.001194,-0.000200,0.000290,-0.000342,0.000412,0.000035,-0.000043,0.000984,0.000301,-0.000039,-0.000560,-0.000457,0.000366,0.000050,-0.000086,0.000637,0.003583,0.001159,-0.000015
-0.000231,0.000253,0.002682,0.000209,0.001087,0.001990,0.000753,-0.000216,0.000530,-0.000850,-0.001002,-0.000628,0.000818,-0.000012,0.000950,0.000843,0.001270,-0.001573,0.001208,-0.002512,-0.000548,-0.000398,-0.001034,-0.000312,-0.001240,-0.002013,-0.002717,-0.001750,-0.001673,-0.000854,0.002272,0.002559,-0.000186,-0.000646,-0.000266,0.001646,-0.001176,0.002037,0.002829,0.001420,0.002865,0.003321,0.002386,0.002588,0.003604,0.001022,-0.000064,0.000312,0.001031,-0.000074,0.001383,0.001333,0.000390,0.002106,0.004820,0.000275,0.001603,0.001159,0.011556,0.000942
0.000440,0.000132,0.000519,0.000165,-0.000113,0.000254,0.000186,0.000922,0.000058,-0.000450,-0.000204,0.000309,-0.000566,-0.000630,-0.000087,0.000431,0.000004,-0.000108,-0.000341,-0.001405,-0.000424,-0.000423,-0.000170,-0.000444,-0.000704,-0.000396,-0.000972,-0.000376,-0.000511,0.000176,0.000475,0.000280,0.000055,0.000612,0.001198,0.000494,0.000371,0.000784,0.001539,-0.000422,0.000511,0.001338,0.001289,0.000151,-0.000465,0.000847,-0.000426,0.000074,0.000116,0.000993,0.000259,0.000006,0.000369,-0.000201,0.000928,0.000454,0.000063,-0.000015,0.000942,0.002273
