0.007692,0.002027,0.001176,0.000013,0.000192,0.001262,0.001040,0.003071,0.001008,0.004168,0.003506,0.001451,0.000191,0.001467,0.000243,0.000571,-0.000245,-0.001035,0.000373,0.002253,0.001077,-0.001570,0.000471,0.000257,-0.001811,-0.001632,-0.000455,-0.000306,-0.000155,-0.000925,0.000335,0.000958,0.000426,-0.001612,0.002487,-0.001012,-0.000345,0.002540,0.000774,0.000400,0.001076,0.001577,0.000734,-0.000121,0.000792,0.002443,0.000072,-0.000146,0.000752,0.000990,0.000297,0.000438,0.001259,0.000533,0.001428,0.000500,0.000599,0.001461,-0.000098,0.000448
0.002027,0.007488,0.000764,0.001450,0.000927,0.001664,-0.000039,0.002454,0.000420,0.002535,0.001977,0.000881,0.000805,0.001595,0.001313,0.002441,0.003220,0.002009,0.000431,0.001229,0.000942,0.000745,-0.000973,0.000691,-0.002686,-0.003981,-0.000536,-0.001070,-0.001392,-0.001550,-0.000236,0.000207,-0.000236,-0.001613,0.001535,0.000635,0.000650,0.001179,0.000810,-0.000407,0.000416,0.000146,0.000005,-0.000185,0.002080,0.002174,-0.000063,0.001434,0.001807,0.000826,0.000407,0.000214,0.000474,0.000842,0.000603,0.000236,0.000615,0.001531,-0.000335,0.000312
0.001176,0.000764,0.008573,0.000882,0.004832,0.002528,-0.000117,-0.001273,0.000475,0.000202,0.000695,0.000701,0.000502,0.000492,0.000676,-0.000185,-0.000102,-0.000172,0.000478,-0.001840,-0.003265,-0.000042,-0.000840,-0.000900,-0.000895,-0.000902,-0.001046,-0.000359,-0.000112,0.000911,0.000354,0.000688,-0.002031,-0.000550,0.000472,0.001038,0.000085,0.001311,0.000979,0.000081,0.001873,0.001665,0.000156,-0.000635,0.001103,0.001093,0.000166,0.001113,0.000119,0.000603,0.000106,0.000572,-0.000058,0.004270,0.002758,0.000345,0.001234,0.000271,0.002490,0.000590
0.000013,0.001450,0.000882,0.003043,0.000584,0.001347,0.000461,0.000173,0.000162,0.000592,0.000482,-0.000438,0.000150,0.000557,0.000896,0.000872,0.000490,0.000290,-0.001269,-0.000053,0.000035,0.001045,0.000491,0.000984,-0.000685,-0.000081,-0.000668,-0.000293,-0.000494,-0.000697,-0.000125,-0.000132,-0.000735,-0.001381,-0.000768,0.001533,0.000908,0.000025,0.000206,0.000019,0.000804,0.000485,0.000154,-0.000268,0.000455,-0.000573,-0.000332,0.000874,0.000570,0.001021,0.000222,0.000434,0.000744,0.001406,0.000652,0.000355,0.002738,0.000025,0.000200,0.000195
0.000192,0.000927,0.004832,0.000584,0.008284,0.002525,0.000399,-0.001611,0.000007,0.000789,0.000414,0.000401,0.000170,0.000727,0.001424,0.000604,0.001352,0.000433,0.001405,0.000526,-0.004106,0.001165,-0.000451,-0.000538,-0.001335,-0.000583,0.000144,-0.000809,-0.000952,-0.002662,0.000490,0.000101,-0.001564,-0.002089,-0.001469,-0.000119,0.000769,-0.000157,0.000431,0.000468,0.001208,0.000213,-0.000015,-0.000415,0.000629,-0.000360,0.000252,0.001218,0.000195,-0.000121,0.000274,0.000347,0.000446,0.001741,0.001278,0.000212,-0.000038,0.000322,0.001974,-0.000034
0.001262,0.001664,0.002528,0.001347,0.002525,0.007150,0.001349,0.000537,0.000656,0.002260,0.000895,0.000867,0.000783,0.001540,0.002092,0.002450,0.002521,0.000632,0.002171,0.003041,0.000954,0.002245,0.000969,0.001956,0.000563,0.000262,-0.001292,-0.000512,-0.000792,-0.001518,-0.000649,-0.000353,-0.001070,-0.001038,-0.000742,-0.000240,-0.000964,-0.000212,0.000622,-0.001163,0.000232,0.000435,0.000345,-0.000461,-0.000699,-0.000035,0.000040,0.000107,0.000046,-0.000422,0.000215,0.000741,0.001087,0.003087,0.000797,0.000370,0.001535,0.000403,0.001075,0.000135
0.001040,-0.000039,-0.000117,0.000461,0.000399,0.001349,0.010384,0.000804,0.001851,0.000934,0.002089,-0.000055,0.001591,0.001492,0.000856,0.002761,0.002916,0.000736,0.001038,0.001157,0.000516,0.000520,-0.000028,0.002372,0.000992,0.000485,-0.001245,-0.000388,0.001537,0.000629,-0.000400,0.000258,-0.002244,-0.002300,-0.001936,-0.002361,-0.004685,-0.003236,-0.000431,0.000456,-0.000803,-0.000108,0.000406,0.000214,0.000439,-0.000096,0.000529,0.000552,0.000757,0.000938,0.000171,-0.000121,0.000814,0.000759,-0.000149,0.000537,0.001525,-0.000022,0.000706,0.000143
0.003071,0.002454,-0.001273,0.000173,-0.001611,0.000537,0.000804,0.008306,0.000329,0.002718,0.004036,0.000579,0.000857,-0.000150,-0.000704,0.000961,-0.001875,-0.001827,0.000978,0.001780,0.001977,0.000818,0.000351,0.000622,-0.002333,-0.002030,-0.000599,-0.000004,-0.000439,0.000642,-0.000673,0.000266,0.001228,0.001237,0.002664,-0.001152,-0.000265,0.002102,0.001075,-0.000632,-0.000057,0.000397,0.000912,0.000247,0.001360,0.002971,0.000184,-0.000484,0.000627,0.000360,0.000050,-0.000184,0.000813,0.000022,-0.000061,0.000130,0.000172,0.001457,-0.000323,0.000853
0.001008,0.000420,0.000475,0.000162,0.000007,0.000656,0.001851,0.000329,0.005017,0.001643,0.003199,0.000614,0.000212,0.001322,0.000916,0.000512,0.000321,-0.000167,-0.001141,-0.000079,0.000774,-0.000710,-0.000305,-0.001041,0.000222,0.000379,-0.000173,-0.000544,-0.000035,0.001258,0.000358,0.000693,-0.000693,-0.001228,-0.000877,0.000357,-0.000921,0.000052,0.000164,0.000743,0.000149,0.001119,0.000152,-0.000011,0.001173,-0.000351,-0.000096,0.000930,0.000294,0.000678,-0.000107,-0.000104,0.000331,-0.000159,-0.000216,0.000205,0.001454,-0.000158,-0.000126,-0.000039
0.004168,0.002535,0.000202,0.000592,0.000789,0.002260,0.000934,0.002718,0.001643,0.013798,0.007989,0.003338,0.003202,0.002211,0.000797,0.003235,0.002271,0.002606,0.002557,0.005768,0.002082,0.001532,0.000521,0.000299,0.001182,0.000796,0.001209,0.000913,-0.001667,-0.002276,0.001632,0.000876,-0.000540,-0.001720,-0.001383,-0.001129,-0.001801,-0.000471,-0.000149,0.000789,-0.000135,0.000006,0.000666,0.000280,0.002029,-0.000177,0.000941,0.000331,0.000562,-0.000969,0.000492,0.001666,0.001662,0.000530,0.001245,-0.000151,0.002357,0.000501,-0.000737,-0.000484
0.003506,0.001977,0.000695,0.000482,0.000414,0.000895,0.002089,0.004036,0.003199,0.007989,0.017439,0.003834,0.004791,0.003160,-0.000019,0.001578,0.000572,0.002549,0.002102,0.005083,0.003894,0.000648,0.002958,0.001160,0.000409,0.000173,0.001476,0.000271,-0.001552,-0.001831,-0.001778,0.001003,-0.000935,-0.002041,-0.001392,-0.000320,-0.002032,-0.001633,-0.000300,0.000614,-0.000511,0.000624,-0.000333,-0.000083,0.000559,-0.000938,-0.000593,0.001358,0.000487,-0.000992,0.000126,0.001099,0.000860,0.000869,0.001166,0.000426,0.001094,-0.000698,-0.002113,-0.000328
0.001451,0.000881,0.000701,-0.000438,0.000401,0.000867,-0.000055,0.000579,0.000614,0.003338,0.003834,0.015328,0.002886,0.002551,0.000511,-0.001998,-0.001189,0.001323,0.003388,0.000341,0.000169,-0.000888,-0.001674,-0.004471,-0.000569,-0.000698,0.000251,0.000463,-0.003423,-0.002668,0.000938,-0.000296,-0.000760,-0.000511,-0.000382,0.001448,0.000562,-0.000559,0.003484,0.000014,0.001455,0.002541,0.001573,-0.000608,0.001376,0.000749,-0.000575,-0.000134,-0.000334,0.000673,0.001270,0.000508,0.000335,0.001837,0.000499,0.000350,-0.001755,-0.001277,-0.000963,0.000634
0.000191,0.000805,0.000502,0.000150,0.000170,0.000783,0.001591,0.000857,0.000212,0.003202,0.004791,0.002886,0.012486,0.002044,-0.000046,0.001103,-0.000808,0.002109,0.005456,0.003153,0.000507,0.002058,0.000284,0.001080,0.001644,-0.000063,-0.000033,0.000106,-0.001349,-0.000796,-0.000324,0.000545,-0.000815,0.001887,-0.002553,0.000046,-0.001368,-0.000976,0.000533,0.000453,0.002472,0.001626,0.001152,0.001467,0.002781,0.001179,0.001340,0.000032,0.000076,0.000991,-0.000574,0.000866,-0.000205,0.002151,0.001010,0.000107,0.002912,-0.000935,-0.000304,-0.000455
0.001467,0.001595,0.000492,0.000557,0.000727,0.001540,0.001492,-0.000150,0.001322,0.002211,0.003160,0.002551,0.002044,0.011008,0.002723,0.001863,0.004243,0.003950,0.001935,0.003194,0.001695,0.001406,0.002192,0.001179,0.001274,-0.002218,0.000521,-0.001000,-0.001754,-0.001331,-0.001831,-0.000793,-0.001186,-0.001039,-0.005068,0.000605,-0.001045,-0.000041,-0.000105,-0.000692,0.001311,-0.000935,-0.000371,-0.000122,0.000776,-0.001057,-0.001061,-0.000129,-0.000387,-0.000756,0.000644,-0.000036,-0.000149,0.001132,-0.000838,0.000427,0.001347,-0.000179,-0.001010,-0.000240
0.000243,0.001313,0.000676,0.000896,0.001424,0.002092,0.000856,-0.000704,0.000916,0.000797,-0.000019,0.000511,-0.000046,0.002723,0.011576,0.002960,0.003022,0.005315,0.001348,0.002381,0.002218,0.002489,0.001151,0.001731,0.002223,-0.002354,0.000494,-0.002116,-0.002547,-0.001585,-0.001829,-0.000620,-0.001264,-0.001607,-0.003369,0.000336,-0.001083,-0.000769,-0.000674,-0.000649,0.000154,-0.000504,0.000436,-0.000539,-0.000685,-0.000170,0.000111,0.000619,0.000454,-0.000024,-0.000368,0.000252,0.000980,0.002658,0.000092,0.000804,0.001614,0.000143,-0.000654,-0.000259
0.000571,0.002441,-0.000185,0.000872,0.000604,0.002450,0.002761,0.000961,0.000512,0.003235,0.001578,-0.001998,0.001103,0.001863,0.002960,0.013972,0.004759,0.004035,0.004148,0.002479,0.000695,0.001182,0.001906,0.001446,0.001139,-0.002076,-0.001394,-0.001412,-0.002028,-0.002130,-0.000979,0.000836,-0.000964,-0.001956,-0.001728,-0.000951,-0.001804,-0.001378,-0.000268,-0.000447,0.001147,0.000272,-0.000475,-0.000845,-0.000814,-0.000638,0.000577,0.000655,0.001885,0.000897,0.000305,0.000628,0.000753,-0.000169,0.001192,0.000579,0.001824,0.000523,0.001083,0.000060
-0.000245,0.003220,-0.000102,0.000490,0.001352,0.002521,0.002916,-0.001875,0.000321,0.002271,0.000572,-0.001189,-0.000808,0.004243,0.003022,0.004759,0.028597,0.010913,0.008974,0.007559,0.004621,0.008094,0.002136,0.001365,0.001000,-0.001578,-0.000649,-0.002565,-0.006919,-0.008062,-0.002866,-0.002900,-0.002165,-0.003700,-0.004131,0.000337,0.001595,-0.000271,-0.002146,-0.001003,-0.001599,-0.003242,-0.003613,0.000979,0.001546,-0.002523,-0.001999,-0.000292,0.000252,-0.001555,-0.000317,0.000259,0.000831,0.001288,-0.000599,0.000498,0.002290,0.001960,0.000004,-0.000106
-0.001035,0.002009,-0.000172,0.000290,0.000433,0.000632,0.000736,-0.001827,-0.000167,0.002606,0.002549,0.001323,0.002109,0.003950,0.005315,0.004035,0.010913,0.023466,0.004312,0.003727,0.001707,0.005466,0.001832,0.002009,0.004521,-0.000352,0.001922,-0.002479,-0.005347,-0.005011,-0.002336,-0.001283,-0.002419,-0.001887,-0.004569,-0.001085,-0.001662,-0.004420,-0.001548,-0.001697,-0.000823,-0.004203,-0.001868,-0.000027,-0.000058,-0.002229,0.000160,-0.000301,0.000045,-0.000380,-0.000721,0.001019,-0.000366,-0.000059,-0.000068,0.000264,0.000662,-0.001796,-0.002631,0.000042
0.000373,0.000431,0.000478,-0.001269,0.001405,0.002171,0.001038,0.000978,-0.001141,0.002557,0.002102,0.003388,0.005456,0.001935,0.001348,0.004148,0.008974,0.004312,0.031054,0.010757,0.003356,0.008074,0.002951,-0.001557,0.001313,0.000581,-0.002355,-0.002338,-0.006958,-0.006096,-0.003768,-0.001715,-0.003454,-0.002441,-0.003346,-0.002290,-0.003348,-0.004148,-0.004471,-0.003306,-0.001234,-0.001542,-0.000631,-0.001152,-0.000112,-0.000822,0.000115,-0.001330,-0.001530,-0.000128,0.000095,0.001366,-0.001850,0.003596,0.001848,0.000491,-0.000227,0.000405,0.000811,0.000125
0.002253,0.001229,-0.001840,-0.000053,0.000526,0.003041,0.001157,0.001780,-0.000079,0.005768,0.005083,0.000341,0.003153,0.003194,0.002381,0.002479,0.007559,0.003727,0.010757,0.036176,0.007221,0.009541,0.002996,-0.000960,-0.000342,-0.001667,0.000098,-0.001834,-0.007415,-0.004932,-0.005672,0.000026,-0.002549,-0.004465,-0.002786,-0.002620,-0.004893,-0.000123,-0.000696,-0.001958,-0.000961,-0.003226,-0.000819,0.000455,-0.001342,-0.000845,-0.002967,-0.002083,-0.001987,-0.002714,-0.000390,0.001834,0.002436,-0.002385,0.000506,0.000543,0.000861,0.001448,-0.002765,-0.000820
0.001077,0.000942,-0.003265,0.000035,-0.004106,0.000954,0.000516,0.001977,0.000774,0.002082,0.003894,0.000169,0.000507,0.001695,0.002218,0.000695,0.004621,0.001707,0.003356,0.007221,0.018036,0.002659,0.002671,0.000882,-0.001519,-0.000984,-0.000938,-0.001279,-0.003234,-0.001557,-0.004003,-0.001458,-0.000090,0.001066,0.000630,0.001407,-0.000135,0.001841,-0.000080,0.000543,-0.000510,-0.001563,0.000008,-0.000362,-0.001605,0.000575,-0.000521,-0.002078,0.000791,-0.001760,-0.000317,-0.000349,0.000468,-0.000327,-0.000882,0.000789,-0.000063,0.001440,-0.001078,-0.000170
-0.001570,0.000745,-0.000042,0.001045,0.001165,0.002245,0.000520,0.000818,-0.000710,0.001532,0.000648,-0.000888,0.002058,0.001406,0.002489,0.001182,0.008094,0.005466,0.008074,0.009541,0.002659,0.024904,0.006860,0.005252,0.006377,0.001597,-0.000106,-0.001433,-0.001769,-0.003393,-0.004774,-0.001960,-0.001832,-0.001826,-0.003638,-0.001246,-0.002096,-0.003419,-0.004233,-0.003930,-0.001157,-0.002117,-0.002142,0.000617,0.000363,-0.000298,0.000326,-0.000859,-0.000663,-0.000099,0.000192,0.001192,-0.000136,0.001264,-0.000490,0.001282,0.001417,-0.001118,-0.003092,-0.000381
0.000471,-0.000973,-0.000840,0.000491,-0.000451,0.000969,-0.000028,0.000351,-0.000305,0.000521,0.002958,-0.001674,0.000284,0.002192,0.001151,0.001906,0.002136,0.001832,0.002951,0.002996,0.002671,0.006860,0.029406,0.009178,0.008635,0.005507,0.001754,-0.000105,0.001613,0.000019,-0.003074,0.000965,0.001255,-0.002400,-0.001873,0.001193,-0.000833,-0.004550,-0.003822,-0.001889,-0.003780,0.000373,-0.001846,0.000330,0.000671,-0.001722,-0.000100,0.001279,-0.001786,0.002214,0.000401,-0.000159,0.001762,0.000335,-0.001857,0.000538,-0.000872,-0.002928,-0.003591,-0.001217
0.000257,0.000691,-0.000900,0.000984,-0.000538,0.001956,0.002372,0.000622,-0.001041,0.000299,0.001160,-0.004471,0.001080,0.001179,0.001731,0.001446,0.001365,0.002009,-0.001557,-0.000960,0.000882,0.005252,0.009178,0.017080,0.006546,0.004146,0.001181,0.000967,0.003353,0.001728,-0.002773,0.002160,-0.000575,-0.001352,-0.002013,-0.001074,-0.000804,-0.002296,-0.002611,-0.001881,-0.000661,-0.000285,-0.000762,0.000762,-0.000079,-0.001360,0.000499,-0.000281,0.000178,-0.000220,-0.000161,0.000273,-0.000113,0.001714,-0.001864,0.000401,-0.000809,-0.001509,-0.002822,-0.001184
-0.001811,-0.002686,-0.000895,-0.000685,-0.001335,0.000563,0.000992,-0.002333,0.000222,0.001182,0.000409,-0.000569,0.001644,0.001274,0.002223,0.001139,0.001000,0.004521,0.001313,-0.000342,-0.001519,0.006377,0.008635,0.006546,0.024853,0.010399,0.002877,0.002826,0.001659,0.001298,0.000853,-0.000710,0.000301,-0.004371,-0.004559,-0.001336,-0.001180,-0.008052,-0.005069,-0.004450,-0.001641,0.000209,-0.000785,0.000751,-0.000796,-0.000985,0.001499,0.001371,-0.001269,0.000909,-0.001165,0.000540,-0.001835,0.000505,0.000070,-0.000751,-0.000654,-0.003404,-0.004257,-0.001192
-0.001632,-0.003981,-0.000902,-0.000081,-0.000583,0.000262,0.000485,-0.002030,0.000379,0.000796,0.000173,-0.000698,-0.000063,-0.002218,-0.002354,-0.002076,-0.001578,-0.000352,0.000581,-0.001667,-0.000984,0.001597,0.005507,0.004146,0.010399,0.020430,0.002061,0.002302,0.001856,-0.000353,0.000359,0.001409,0.002064,-0.002557,-0.003492,-0.001194,0.000986,-0.004654,-0.003754,-0.001961,-0.002160,0.001092,0.000292,0.002005,-0.000328,-0.002231,-0.000454,0.000392,-0.000591,0.000415,0.000112,0.000437,0.002054,0.000023,-0.001287,-0.000261,-0.001076,-0.001896,-0.000508,-0.000939
-0.000455,-0.000536,-0.001046,-0.000668,0.000144,-0.001292,-0.001245,-0.000599,-0.000173,0.001209,0.001476,0.000251,-0.000033,0.000521,0.000494,-0.001394,-0.000649,0.001922,-0.002355,0.000098,-0.000938,-0.000106,0.001754,0.001181,0.002877,0.002061,0.014127,0.006986,0.003845,-0.000096,-0.000619,0.000996,0.000206,-0.000790,-0.003126,-0.002062,0.000107,-0.001053,-0.002306,0.000152,0.000124,-0.000739,-0.000865,0.000164,-0.000383,-0.001014,0.000291,0.001364,-0.000147,0.000297,0.000433,0.000376,0.001112,-0.001853,-0.000949,0.000346,-0.001919,-0.000230,-0.003323,-0.001113
-0.000306,-0.001070,-0.000359,-0.000293,-0.000809,-0.000512,-0.000388,-0.000004,-0.000544,0.000913,0.000271,0.000463,0.000106,-0.001000,-0.002116,-0.001412,-0.002565,-0.002479,-0.002338,-0.001834,-0.001279,-0.001433,-0.000105,0.000967,0.002826,0.002302,0.006986,0.017101,0.007040,0.003291,0.000812,-0.001271,-0.000339,0.001320,0.001486,-0.000226,0.000532,-0.001963,0.001963,-0.000379,-0.002076,0.000018,0.000793,-0.000543,0.001015,0.001160,0.000723,0.001541,-0.000854,0.000404,0.000797,-0.000041,0.001341,0.000059,0.000686,0.000832,-0.001960,-0.000481,-0.001963,-0.000343
-0.000155,-0.001392,-0.000112,-0.000494,-0.000952,-0.000792,0.001537,-0.000439,-0.000035,-0.001667,-0.001552,-0.003423,-0.001349,-0.001754,-0.002547,-0.002028,-0.006919,-0.005347,-0.006958,-0.007415,-0.003234,-0.001769,0.001613,0.003353,0.001659,0.001856,0.003845,0.007040,0.025066,0.008184,0.003175,0.002732,0.000033,0.002314,0.000525,-0.000175,-0.000802,0.001595,0.000154,0.000369,-0.001270,0.000654,0.000955,-0.001314,-0.000454,0.000430,0.001591,0.000670,0.001746,-0.002064,-0.000275,-0.001058,-0.000753,-0.001583,0.000095,0.000600,-0.003106,0.000423,-0.001014,-0.001207
-0.000925,-0.001550,0.000911,-0.000697,-0.002662,-0.001518,0.000629,0.000642,0.001258,-0.002276,-0.001831,-0.002668,-0.000796,-0.001331,-0.001585,-0.002130,-0.008062,-0.005011,-0.006096,-0.004932,-0.001557,-0.003393,0.000019,0.001728,0.001298,-0.000353,-0.000096,0.003291,0.008184,0.021246,0.005860,0.000493,0.000293,0.001549,0.000459,-0.000996,-0.004624,0.001580,0.000279,-0.000167,-0.002458,0.000714,0.001423,-0.001656,-0.000207,0.000697,0.001681,0.001415,-0.000297,0.000714,-0.000373,-0.000167,-0.000737,-0.002487,-0.000792,-0.000620,0.000324,-0.000433,-0.001278,0.000206
0.000335,-0.000236,0.000354,-0.000125,0.000490,-0.000649,-0.000400,-0.000673,0.000358,0.001632,-0.001778,0.000938,-0.000324,-0.001831,-0.001829,-0.000979,-0.002866,-0.002336,-0.003768,-0.005672,-0.004003,-0.004774,-0.003074,-0.002773,0.000853,0.000359,-0.000619,0.000812,0.003175,0.005860,0.019792,0.001331,0.000686,0.001831,0.003656,0.001029,0.003359,0.001926,0.001799,0.002288,0.002479,0.003131,0.002562,-0.001044,0.002071,0.000348,0.002960,0.001113,0.000334,0.000283,-0.000108,0.001749,0.000040,-0.000567,0.000854,-0.000925,0.001770,0.000158,0.001290,0.000267
0.000958,0.000207,0.000688,-0.000132,0.000101,-0.000353,0.000258,0.000266,0.000693,0.000876,0.001003,-0.000296,0.000545,-0.000793,-0.000620,0.000836,-0.002900,-0.001283,-0.001715,0.000026,-0.001458,-0.001960,0.000965,0.002160,-0.000710,0.001409,0.000996,-0.001271,0.002732,0.000493,0.001331,0.015176,0.003078,0.001201,-0.000050,-0.000059,0.000643,0.001153,0.001829,0.002054,0.001359,0.002915,0.000553,0.001711,0.001243,0.000397,0.000407,0.000112,0.000950,0.001100,-0.000649,-0.000033,-0.001130,-0.000583,-0.000044,0.000464,0.000743,0.000386,0.000005,-0.000270
0.000426,-0.000236,-0.002031,-0.000735,-0.001564,-0.001070,-0.002244,0.001228,-0.000693,-0.000540,-0.000935,-0.000760,-0.000815,-0.001186,-0.001264,-0.000964,-0.002165,-0.002419,-0.003454,-0.002549,-0.000090,-0.001832,0.001255,-0.000575,0.000301,0.002064,0.000206,-0.000339,0.000033,0.000293,0.000686,0.003078,0.010914,0.003566,0.002923,0.000532,0.002423,0.001353,0.000169,0.001387,0.000388,0.001669,-0.000871,0.001927,0.000407,0.000661,0.000492,0.000633,0.000107,-0.000071,-0.001128,-0.001160,-0.000957,-0.001084,-0.001329,0.000069,-0.000693,-0.000149,-0.000239,0.000040
-0.001612,-0.001613,-0.000550,-0.001381,-0.002089,-0.001038,-0.002300,0.001237,-0.001228,-0.001720,-0.002041,-0.000511,0.001887,-0.001039,-0.001607,-0.001956,-0.003700,-0.001887,-0.002441,-0.004465,0.001066,-0.001826,-0.002400,-0.001352,-0.004371,-0.002557,-0.000790,0.001320,0.002314,0.001549,0.001831,0.001201,0.003566,0.024385,0.006301,0.004836,0.001131,0.004728,0.001393,0.001578,0.004637,0.004033,0.000987,0.001310,0.001866,0.002886,0.001739,-0.001461,-0.001984,0.000998,0.000495,0.000532,0.000527,0.000193,-0.000150,-0.000490,0.001448,-0.000976,-0.000487,0.000725
0.002487,0.001535,0.000472,-0.000768,-0.001469,-0.000742,-0.001936,0.002664,-0.000877,-0.001383,-0.001392,-0.000382,-0.002553,-0.005068,-0.003369,-0.001728,-0.004131,-0.004569,-0.003346,-0.002786,0.000630,-0.003638,-0.001873,-0.002013,-0.004559,-0.003492,-0.003126,0.001486,0.000525,0.000459,0.003656,-0.000050,0.002923,0.006301,0.025872,0.006317,0.007325,0.007239,0.004272,0.002606,0.002198,0.002930,0.001139,0.000317,0.002241,0.006557,0.000874,0.001223,0.000480,0.001673,-0.000680,0.000721,0.001371,-0.000879,0.001188,-0.000158,0.000651,0.002670,0.002212,0.000802
-0.001012,0.000635,0.001038,0.001533,-0.000119,-0.000240,-0.002361,-0.001152,0.000357,-0.001129,-0.000320,0.001448,0.000046,0.000605,0.000336,-0.000951,0.000337,-0.001085,-0.002290,-0.002620,0.001407,-0.001246,0.001193,-0.001074,-0.001336,-0.001194,-0.002062,-0.000226,-0.000175,-0.000996,0.001029,-0.000059,0.000532,0.004836,0.006317,0.018682,0.008635,0.005069,0.001278,0.003296,0.002544,0.002093,-0.000197,0.001379,0.001383,0.002155,0.000237,0.001636,-0.000430,0.001512,-0.000006,-0.000061,-0.000792,0.001522,0.000763,-0.000215,0.002990,-0.000346,0.001685,0.000312
-0.000345,0.000650,0.000085,0.000908,0.000769,-0.000964,-0.004685,-0.000265,-0.000921,-0.001801,-0.002032,0.000562,-0.001368,-0.001045,-0.001083,-0.001804,0.001595,-0.001662,-0.003348,-0.004893,-0.000135,-0.002096,-0.000833,-0.000804,-0.001180,0.000986,0.000107,0.000532,-0.000802,-0.004624,0.003359,0.000643,0.002423,0.001131,0.007325,0.008635,0.024933,0.006753,0.001095,0.000549,0.005938,0.001079,0.000257,0.001681,0.000359,0.001512,-0.000333,0.001526,0.000284,0.000896,-0.000076,-0.000050,-0.000236,0.000056,-0.000668,-0.000423,0.001192,0.001269,-0.001198,-0.000125
0.002540,0.001179,0.001311,0.000025,-0.000157,-0.000212,-0.003236,0.002102,0.000052,-0.000471,-0.001633,-0.000559,-0.000976,-0.000041,-0.000769,-0.001378,-0.000271,-0.004420,-0.004148,-0.000123,0.001841,-0.003419,-0.004550,-0.002296,-0.008052,-0.004654,-0.001053,-0.001963,0.001595,0.001580,0.001926,0.001153,0.001353,0.004728,0.007239,0.005069,0.006753,0.021016,0.008064,0.004558,0.004029,0.001804,0.003796,0.001572,0.001355,0.003857,0.000312,-0.000923,0.002161,0.000574,-0.000191,-0.000133,0.002790,0.001344,0.001642,0.000765,0.000945,0.004605,0.003326,0.000561
0.000774,0.000810,0.000979,0.000206,0.000431,0.000622,-0.000431,0.001075,0.000164,-0.000149,-0.000300,0.003484,0.000533,-0.000105,-0.000674,-0.000268,-0.002146,-0.001548,-0.004471,-0.000696,-0.000080,-0.004233,-0.003822,-0.002611,-0.005069,-0.003754,-0.002306,0.001963,0.000154,0.000279,0.001799,0.001829,0.000169,0.001393,0.004272,0.001278,0.001095,0.008064,0.015369,0.004112,0.001264,0.004453,0.005058,0.001041,0.001200,0.003678,0.000225,0.000437,0.002205,0.001496,-0.000158,-0.000205,0.000602,0.000525,0.001937,0.000754,-0.000026,0.001076,0.003127,0.001420
0.000400,-0.000407,0.000081,0.000019,0.000468,-0.001163,0.000456,-0.000632,0.000743,0.000789,0.000614,0.000014,0.000453,-0.000692,-0.000649,-0.000447,-0.001003,-0.001697,-0.003306,-0.001958,0.000543,-0.003930,-0.001889,-0.001881,-0.004450,-0.001961,0.000152,-0.000379,0.000369,-0.000167,0.002288,0.002054,0.001387,0.001578,0.002606,0.003296,0.000549,0.004558,0.004112,0.009929,0.002058,0.001881,0.001292,0.001442,0.002542,0.001018,0.002217,0.000419,0.002040,0.000326,-0.000514,0.000117,0.000414,0.000049,0.000878,0.000143,0.001701,0.001309,0.002679,-0.000526
0.001076,0.000416,0.001873,0.000804,0.001208,0.000232,-0.000803,-0.000057,0.000149,-0.000135,-0.000511,0.001455,0.002472,0.001311,0.000154,0.001147,-0.001599,-0.000823,-0.001234,-0.000961,-0.000510,-0.001157,-0.003780,-0.000661,-0.001641,-0.002160,0.000124,-0.002076,-0.001270,-0.002458,0.002479,0.001359,0.000388,0.004637,0.002198,0.002544,0.005938,0.004029,0.001264,0.002058,0.015577,0.005411,0.001772,0.001017,0.003076,0.003085,0.001333,0.000425,0.001509,0.003179,0.000466,0.000621,-0.000291,0.000155,0.001732,0.000459,0.000712,-0.000156,0.000978,0.000337
0.001577,0.000146,0.001665,0.000485,0.000213,0.000435,-0.000108,0.000397,0.001119,0.000006,0.000624,0.002541,0.001626,-0.000935,-0.000504,0.000272,-0.003242,-0.004203,-0.001542,-0.003226,-0.001563,-0.002117,0.000373,-0.000285,0.000209,0.001092,-0.000739,0.000018,0.000654,0.000714,0.003131,0.002915,0.001669,0.004033,0.002930,0.002093,0.001079,0.001804,0.004453,0.001881,0.005411,0.016658,0.004864,0.002014,0.005230,0.005653,0.002931,0.001509,0.000892,0.003240,0.000676,0.001389,0.001441,0.001256,0.001589,0.000668,0.000794,-0.001133,0.002061,0.001196
0.000734,0.000005,0.000156,0.000154,-0.000015,0.000345,0.000406,0.000912,0.000152,0.000666,-0.000333,0.001573,0.001152,-0.000371,0.000436,-0.000475,-0.003613,-0.001868,-0.000631,-0.000819,0.000008,-0.002142,-0.001846,-0.000762,-0.000785,0.000292,-0.000865,0.000793,0.000955,0.001423,0.002562,0.000553,-0.000871,0.000987,0.001139,-0.000197,0.000257,0.003796,0.005058,0.001292,0.001772,0.004864,0.010863,0.002613,0.003560,0.002867,0.000751,0.001882,0.002496,0.002210,0.000814,0.000605,0.002828,0.000566,0.000974,0.000772,0.001086,0.000272,0.002802,0.001277
-0.000121,-0.000185,-0.000635,-0.000268,-0.000415,-0.000461,0.000214,0.000247,-0.000011,0.000280,-0.000083,-0.000608,0.001467,-0.000122,-0.000539,-0.000845,0.000979,-0.000027,-0.001152,0.000455,-0.000362,0.000617,0.000330,0.000762,0.000751,0.002005,0.000164,-0.000543,-0.001314,-0.001656,-0.001044,0.001711,0.001927,0.001310,0.000317,0.001379,0.001681,0.001572,0.001041,0.001442,0.001017,0.002014,0.002613,0.006971,0.003188,0.000575,0.000678,0.001130,0.000580,0.002334,-0.000526,0.000157,0.001629,-0.000302,-0.000653,0.000476,0.002038,0.000321,0.000660,0.000022
0.000792,0.002080,0.001103,0.000455,0.000629,-0.000699,0.000439,0.001360,0.001173,0.002029,0.000559,0.001376,0.002781,0.000776,-0.000685,-0.000814,0.001546,-0.000058,-0.000112,-0.001342,-0.001605,0.000363,0.000671,-0.000079,-0.000796,-0.000328,-0.000383,0.001015,-0.000454,-0.000207,0.002071,0.001243,0.000407,0.001866,0.002241,0.001383,0.000359,0.001355,0.001200,0.002542,0.003076,0.005230,0.003560,0.003188,0.016102,0.004388,0.003680,0.001826,0.002337,0.003547,0.000845,0.001193,0.003133,0.001709,0.001259,0.000084,0.002896,-0.000188,0.000191,-0.000450
0.002443,0.002174,0.001093,-0.000573,-0.000360,-0.000035,-0.000096,0.002971,-0.000351,-0.000177,-0.000938,0.000749,0.001179,-0.001057,-0.000170,-0.000638,-0.002523,-0.002229,-0.000822,-0.000845,0.000575,-0.000298,-0.001722,-0.001360,-0.000985,-0.002231,-0.001014,0.001160,0.000430,0.000697,0.000348,0.000397,0.000661,0.002886,0.006557,0.002155,0.001512,0.003857,0.003678,0.001018,0.003085,0.005653,0.002867,0.000575,0.004388,0.010596,0.003105,0.001210,0.002147,0.003486,0.000249,0.000387,0.000395,0.000271,0.001773,-0.000015,-0.000245,0.001223,0.000866,0.000858
0.000072,-0.000063,0.000166,-0.000332,0.000252,0.000040,0.000529,0.000184,-0.000096,0.000941,-0.000593,-0.000575,0.001340,-0.001061,0.000111,0.000577,-0.001999,0.000160,0.000115,-0.002967,-0.000521,0.000326,-0.000100,0.000499,0.001499,-0.000454,0.000291,0.000723,0.001591,0.001681,0.002960,0.000407,0.000492,0.001739,0.000874,0.000237,-0.000333,0.000312,0.000225,0.002217,0.001333,0.002931,0.000751,0.000678,0.003680,0.003105,0.007162,0.001383,0.000941,0.001754,-0.000102,0.000905,0.000130,0.000692,0.000804,0.000259,0.000064,-0.000059,-0.000691,-0.000526
-0.000146,0.001434,0.001113,0.000874,0.001218,0.000107,0.000552,-0.000484,0.000930,0.000331,0.001358,-0.000134,0.000032,-0.000129,0.000619,0.000655,-0.000292,-0.000301,-0.001330,-0.002083,-0.002078,-0.000859,0.001279,-0.000281,0.001371,0.000392,0.001364,0.001541,0.000670,0.001415,0.001113,0.000112,0.000633,-0.001461,0.001223,0.001636,0.001526,-0.000923,0.000437,0.000419,0.000425,0.001509,0.001882,0.001130,0.001826,0.001210,0.001383,0.007508,0.002081,0.003483,0.000096,0.000565,0.002635,-0.001931,0.000506,0.000047,0.003106,-0.000042,-0.000104,-0.000067
0.000752,0.001807,0.000119,0.000570,0.000195,0.000046,0.000757,0.000627,0.000294,0.000562,0.000487,-0.000334,0.000076,-0.000387,0.000454,0.001885,0.000252,0.000045,-0.001530,-0.001987,0.000791,-0.000663,-0.001786,0.000178,-0.001269,-0.000591,-0.000147,-0.000854,0.001746,-0.000297,0.000334,0.000950,0.000107,-0.001984,0.000480,-0.000430,0.000284,0.002161,0.002205,0.002040,0.001509,0.000892,0.002496,0.000580,0.002337,0.002147,0.000941,0.002081,0.008349,0.000527,0.000245,0.000408,0.000088,-0.001435,0.001144,0.000369,-0.000803,0.001168,0.001323,0.000048
0.000990,0.000826,0.000603,0.001021,-0.000121,-0.000422,0.000938,0.000360,0.000678,-0.000969,-0.000992,0.000673,0.000991,-0.000756,-0.000024,0.000897,-0.001555,-0.000380,-0.000128,-0.002714,-0.001760,-0.000099,0.002214,-0.000220,0.000909,0.000415,0.000297,0.000404,-0.002064,0.000714,0.000283,0.001100,-0.000071,0.000998,0.001673,0.001512,0.000896,0.000574,0.001496,0.000326,0.003179,0.003240,0.002210,0.002334,0.003547,0.003486,0.001754,0.003483,0.000527,0.012228,-0.000127,0.001751,0.004275,-0.000692,0.001081,0.000382,0.004573,0.000125,-0.000678,0.000976
0.000297,0.000407,0.000106,0.000222,0.000274,0.000215,0.000171,0.000050,-0.000107,0.000492,0.000126,0.001270,-0.000574,0.000644,-0.000368,0.000305,-0.000317,-0.000721,0.000095,-0.000390,-0.000317,0.000192,0.000401,-0.000161,-0.001165,0.000112,0.000433,0.000797,-0.000275,-0.000373,-0.000108,-0.000649,-0.001128,0.000495,-0.000680,-0.000006,-0.000076,-0.000191,-0.000158,-0.000514,0.000466,0.000676,0.000814,-0.000526,0.000845,0.000249,-0.000102,0.000096,0.000245,-0.000127,0.002662,-0.000028,0.000880,0.000071,0.000079,-0.000013,-0.000393,-0.000208,-0.000078,0.000312
0.000438,0.000214,0.000572,0.000434,0.000347,0.000741,-0.000121,-0.000184,-0.000104,0.001666,0.001099,0.000508,0.000866,-0.000036,0.000252,0.000628,0.000259,0.001019,0.001366,0.001834,-0.000349,0.001192,-0.000159,0.000273,0.000540,0.000437,0.000376,-0.000041,-0.001058,-0.000167,0.001749,-0.000033,-0.001160,0.000532,0.000721,-0.000061,-0.000050,-0.000133,-0.000205,0.000117,0.000621,0.001389,0.000605,0.000157,0.001193,0.000387,0.000905,0.000565,0.000408,0.001751,-0.000028,0.003071,0.001420,-0.000683,0.001206,0.000224,0.001278,-0.000554,-0.000455,0.000104
0.001259,0.000474,-0.000058,0.000744,0.000446,0.001087,0.000814,0.000813,0.000331,0.001662,0.000860,0.000335,-0.000205,-0.000149,0.000980,0.000753,0.000831,-0.000366,-0.001850,0.002436,0.000468,-0.000136,0.001762,-0.000113,-0.001835,0.002054,0.001112,0.001341,-0.000753,-0.000737,0.000040,-0.001130,-0.000957,0.000527,0.001371,-0.000792,-0.000236,0.002790,0.000602,0.000414,-0.000291,0.001441,0.002828,0.001629,0.003133,0.000395,0.000130,0.002635,0.000088,0.004275,0.000880,0.001420,0.014175,-0.000279,0.000134,0.000613,0.004181,0.000404,0.000542,0.000310
0.000533,0.000842,0.004270,0.001406,0.001741,0.003087,0.000759,0.000022,-0.000159,0.000530,0.000869,0.001837,0.002151,0.001132,0.002658,-0.000169,0.001288,-0.000059,0.003596,-0.002385,-0.000327,0.001264,0.000335,0.001714,0.000505,0.000023,-0.001853,0.000059,-0.001583,-0.002487,-0.000567,-0.000583,-0.001084,0.000193,-0.000879,0.001522,0.000056,0.001344,0.000525,0.000049,0.000155,0.001256,0.000566,-0.000302,0.001709,0.000271,0.000692,-0.001931,-0.001435,-0.000692,0.000071,-0.000683,-0.000279,0.015642,0.002277,0.000594,0.002200,0.000533,0.001628,-0.000415
0.001428,0.000603,0.002758,0.000652,0.001278,0.000797,-0.000149,-0.000061,-0.000216,0.001245,0.001166,0.000499,0.001010,-0.000838,0.000092,0.001192,-0.000599,-0.000068,0.001848,0.000506,-0.000882,-0.000490,-0.001857,-0.001864,0.000070,-0.001287,-0.000949,0.000686,0.000095,-0.000792,0.000854,-0.000044,-0.001329,-0.000150,0.001188,0.000763,-0.000668,0.001642,0.001937,0.000878,0.001732,0.001589,0.000974,-0.000653,0.001259,0.001773,0.000804,0.000506,0.001144,0.001081,0.000079,0.001206,0.000134,0.002277,0.006095,0.000731,0.001829,-0.000035,0.001647,0.000935
0.000500,0.000236,0.000345,0.000355,0.000212,0.000370,0.000537,0.000130,0.000205,-0.000151,0.000426,0.000350,0.000107,0.000427,0.000804,0.000579,0.000498,0.000264,0.000491,0.000543,0.000789,0.001282,0.000538,0.000401,-0.000751,-0.000261,0.000346,0.000832,0.000600,-0.000620,-0.000925,0.000464,0.000069,-0.000490,-0.000158,-0.000215,-0.000423,0.000765,0.000754,0.000143,0.000459,0.000668,0.000772,0.000476,0.000084,-0.000015,0.000259,0.000047,0.000369,0.000382,-0.000013,0.000224,0.000613,0.000594,0.000731,0.002681,0.000430,0.000067,0.000169,0.000300
0.000599,0.000615,0.001234,0.002738,-0.000038,0.001535,0.001525,0.000172,0.001454,0.002357,0.001094,-0.001755,0.002912,0.001347,0.001614,0.001824,0.002290,0.000662,-0.000227,0.000861,-0.000063,0.001417,-0.000872,-0.000809,-0.000654,-0.001076,-0.001919,-0.001960,-0.003106,0.000324,0.001770,0.000743,-0.000693,0.001448,0.000651,0.002990,0.001192,0.000945,-0.000026,0.001701,0.000712,0.000794,0.001086,0.002038,0.002896,-0.000245,0.000064,0.003106,-0.000803,0.004573,-0.000393,0.001278,0.004181,0.002200,0.001829,0.000430,0.015938,0.000877,0.000862,-0.000097
0.001461,0.001531,0.000271,0.000025,0.000322,0.000403,-0.000022,0.001457,-0.000158,0.000501,-0.000698,-0.001277,-0.000935,-0.000179,0.000143,0.000523,0.001960,-0.001796,0.000405,0.001448,0.001440,-0.001118,-0.002928,-0.001509,-0.003404,-0.001896,-0.000230,-0.000481,0.000423,-0.000433,0.000158,0.000386,-0.000149,-0.000976,0.002670,-0.000346,0.001269,0.004605,0.001076,0.001309,-0.000156,-0.001133,0.000272,0.000321,-0.000188,0.001223,-0.000059,-0.000042,0.001168,0.000125,-0.000208,-0.000554,0.000404,0.000533,-0.000035,0.000067,0.000877,0.004965,0.002198,-0.000054
-0.000098,-0.000335,0.002490,0.000200,0.001974,0.001075,0.000706,-0.000323,-0.000126,-0.000737,-0.002113,-0.000963,-0.000304,-0.001010,-0.000654,0.001083,0.000004,-0.002631,0.000811,-0.002765,-0.001078,-0.003092,-0.003591,-0.002822,-0.004257,-0.000508,-0.003323,-0.001963,-0.001014,-0.001278,0.001290,0.000005,-0.000239,-0.000487,0.002212,0.001685,-0.001198,0.003326,0.003127,0.002679,0.000978,0.002061,0.002802,0.000660,0.000191,0.000866,-0.000691,-0.000104,0.001323,-0.000678,-0.000078,-0.000455,0.000542,0.001628,0.001647,0.000169,0.000862,0.002198,0.010564,0.001102
0.000448,0.000312,0.000590,0.000195,-0.000034,0.000135,0.000143,0.000853,-0.000039,-0.000484,-0.000328,0.000634,-0.000455,-0.000240,-0.000259,0.000060,-0.000106,0.000042,0.000125,-0.000820,-0.000170,-0.000381,-0.001217,-0.001184,-0.001192,-0.000939,-0.001113,-0.000343,-0.001207,0.000206,0.000267,-0.000270,0.000040,0.000725,0.000802,0.000312,-0.000125,0.000561,0.001420,-0.000526,0.000337,0.001196,0.001277,0.000022,-0.000450,0.000858,-0.000526,-0.000067,0.000048,0.000976,0.000312,0.000104,0.000310,-0.000415,0.000935,0.000300,-0.000097,-0.000054,0.001102,0.002413
