0.636083,0.000988,-0.017927,0.011263,-0.002484,-0.001877
0.000988,0.000051,0.000141,0.001341,-0.000110,-0.000007
-0.017927,0.000141,0.019824,0.004273,-0.001542,-0.000021
0.011263,0.001341,0.004273,0.317194,-0.004249,0.000060
-0.002484,-0.000110,-0.001542,-0.004249,0.000616,0.000010
-0.001877,-0.000007,-0.000021,0.000060,0.000010,0.000804
