0.732425,0.001481,-0.018132,0.043529,-0.003008,-0.000384
0.001481,0.000054,0.000098,0.001421,-0.000110,-0.000005
-0.018132,0.000098,0.018809,0.003819,-0.001530,0.000127
0.043529,0.001421,0.003819,0.292580,-0.004130,-0.000924
-0.003008,-0.000110,-0.001530,-0.004130,0.000610,0.000025
-0.000384,-0.000005,0.000127,-0.000924,0.000025,0.000873
