0.773529,0.001351,-0.013378,0.008400,-0.004054,-0.000382
0.001351,0.000055,0.000145,0.001557,-0.000126,-0.000010
-0.013378,0.000145,0.020095,0.004827,-0.001814,-0.000055
0.008400,0.001557,0.004827,0.304763,-0.005048,-0.000097
-0.004054,-0.000126,-0.001814,-0.005048,0.000727,0.000027
-0.000382,-0.000010,-0.000055,-0.000097,0.000027,0.000803
