0.031037,0.004204,-0.003263,0.003205,-0.000860,0.000209
0.004204,0.010257,0.002704,0.008147,-0.001873,0.000209
-0.003263,0.002704,0.030310,0.005313,-0.002268,0.000004
0.003205,0.008147,0.005313,0.045754,-0.002026,-0.000307
-0.000860,-0.001873,-0.002268,-0.002026,0.000799,0.000059
0.000209,0.000209,0.000004,-0.000307,0.000059,0.007138
