24066.905040,-819.574097,-1092.252366,288.627209,-7.818433,4435.475786,202.089276,-270.006117
-819.574097,6534.712820,-1008.467004,199.934472,32.223412,-604.410021,-981.606315,29.015543
-1092.252366,-1008.467004,3608.758125,-304.986031,63.108591,-1483.047128,-217.056880,-255.299494
288.627209,199.934472,-304.986031,7084.926576,-33.330460,-1380.154621,80.051547,175.194535
-7.818433,32.223412,63.108591,-33.330460,33.792905,-198.808292,106.806783,-30.889572
4435.475786,-604.410021,-1483.047128,-1380.154621,-198.808292,201488.537389,-949.790917,405.357117
202.089276,-981.606315,-217.056880,80.051547,106.806783,-949.790917,131913.799475,-858.950010
-270.006117,29.015543,-255.299494,175.194535,-30.889572,405.357117,-858.950010,2774.545826
