0.068034,0.003386,-0.002528,-0.000183,0.000469,-0.000612,0.000986,0.000321
0.003386,0.070388,0.000568,-0.001080,-0.000166,-0.000696,-0.002611,0.000737
-0.002528,0.000568,0.065423,-0.001046,-0.000887,0.000074,-0.001505,-0.000316
-0.000183,-0.001080,-0.001046,0.027520,0.002453,-0.000076,-0.001121,0.000802
0.000469,-0.000166,-0.000887,0.002453,0.063954,-0.000303,0.000454,0.003179
-0.000612,-0.000696,0.000074,-0.000076,-0.000303,0.002161,0.000803,0.000203
0.000986,-0.002611,-0.001505,-0.001121,0.000454,0.000803,0.064083,0.002367
0.000321,0.000737,-0.000316,0.000802,0.003179,0.000203,0.002367,0.026341
