0.046509,0.001429,-0.001317,0.000369,-0.000249,-0.000450,0.002215,0.000323
0.001429,0.054479,0.000957,0.000155,-0.000384,-0.000820,-0.003532,0.001599
-0.001317,0.000957,0.039954,0.000396,-0.000355,-0.000043,-0.002013,0.000393
0.000369,0.000155,0.000396,0.026628,-0.000101,0.000106,-0.002841,0.000408
-0.000249,-0.000384,-0.000355,-0.000101,0.001869,-0.000014,0.000672,0.000068
-0.000450,-0.000820,-0.000043,0.000106,-0.000014,0.006584,0.001661,-0.000096
0.002215,-0.003532,-0.002013,-0.002841,0.000672,0.001661,0.120268,0.002471
0.000323,0.001599,0.000393,0.000408,0.000068,-0.000096,0.002471,0.025650
