0.059813,0.005165,-0.001832,0.001538,0.000448,-0.000853,0.001678,0.000374
0.005165,0.054461,-0.000019,0.000039,0.000629,-0.000458,-0.007154,0.000527
-0.001832,-0.000019,0.039259,-0.000542,-0.000508,0.000006,-0.001107,0.000070
0.001538,0.000039,-0.000542,0.025872,-0.000359,0.000204,-0.001245,0.001361
0.000448,0.000629,-0.000508,-0.000359,0.002801,-0.000015,0.000334,-0.000098
-0.000853,-0.000458,0.000006,0.000204,-0.000015,0.004735,0.000936,-0.000235
0.001678,-0.007154,-0.001107,-0.001245,0.000334,0.000936,0.120790,0.001965
0.000374,0.000527,0.000070,0.001361,-0.000098,-0.000235,0.001965,0.025100
