0.013620,0.002174,0.001794,0.000312,0.000752,0.004179,0.006227,0.006435,0.000502,0.000361,0.000309,-0.000803,0.001646,-0.001056,0.010894,0.002963,0.001888,0.001332,0.000005,0.000226,0.000039,0.002902,0.000114,0.000000,0.000000,0.000023,0.009145,-0.001684,0.000000,0.002327,-0.001480,0.000612,0.000807,0.001855,0.000013,0.001947,0.002241,0.000197,0.006347,-0.000030,0.002101
0.002174,0.009273,-0.000293,-0.000237,-0.000786,0.002469,-0.003052,-0.004682,0.000234,0.000100,-0.000425,-0.001315,-0.000602,-0.000397,0.000666,0.000403,0.002583,0.001771,0.000056,0.000358,-0.000088,-0.003221,-0.000161,0.000000,0.000000,-0.000057,-0.001186,-0.000575,0.000000,-0.000538,-0.000518,-0.000193,-0.000246,-0.002430,0.000283,-0.000099,0.007143,-0.000101,0.000180,0.000137,0.001979
0.001794,-0.000293,0.006967,0.000022,0.000047,0.001045,0.002676,0.001384,-0.000008,0.000251,-0.000020,-0.000155,0.002729,-0.000262,0.001670,-0.000024,0.001048,0.000115,0.000005,0.000002,0.000098,0.002403,0.000072,0.000000,0.000000,0.000020,0.001829,0.000022,0.000000,0.000280,-0.000356,0.001483,0.003238,-0.000761,0.000048,0.001166,0.000267,-0.000098,0.002459,0.000050,0.002390
0.000312,-0.000237,0.000022,0.001349,0.000419,0.000034,0.000586,0.000386,0.000024,0.000109,0.000271,-0.000129,0.000148,0.000051,0.000395,-0.000036,-0.000022,-0.000138,0.000192,0.000073,0.000000,0.000268,0.000024,0.000000,0.000000,0.000352,0.000382,-0.000106,0.000000,0.000342,0.000186,-0.000000,0.000102,0.000762,-0.000165,0.000077,-0.000327,0.000418,0.000211,0.000033,-0.000019
0.000752,-0.000786,0.000047,0.000419,0.002911,0.000367,0.002041,0.000530,0.000204,0.000363,0.002068,-0.000385,0.001246,-0.000108,0.001252,0.000465,-0.000031,0.000007,0.000006,0.000229,-0.000014,0.000378,0.001162,0.000000,0.000000,0.000417,0.000970,-0.000003,0.000000,0.001331,0.000079,-0.000028,0.000864,0.003540,0.000005,0.000391,-0.000356,0.001781,0.000972,-0.000040,-0.000136
0.004179,0.002469,0.001045,0.000034,0.000367,0.005481,-0.000104,-0.000840,0.000909,0.000122,0.000180,-0.000645,0.001088,-0.000806,0.003202,0.000464,0.003143,0.002523,-0.000000,0.000059,-0.000034,-0.002033,0.000073,0.000000,0.000000,-0.000054,0.002871,-0.000089,0.000000,0.000041,-0.000444,0.000684,-0.000031,-0.000455,-0.000602,-0.000186,0.003127,0.000034,0.000845,-0.000038,0.003037
0.006227,-0.003052,0.002676,0.000586,0.002041,-0.000104,0.015171,0.011339,0.000775,0.000445,0.001349,-0.001049,0.003482,-0.000716,0.006695,0.002149,-0.000583,-0.000139,-0.000037,0.000177,-0.000057,0.007258,0.000372,0.000000,0.000000,0.000098,0.006671,-0.000459,0.000000,0.004118,-0.001142,-0.000294,0.003680,0.006145,-0.000201,0.003092,-0.001256,0.001015,0.007030,-0.000139,0.000101
0.006435,-0.004682,0.001384,0.000386,0.000530,-0.000840,0.011339,0.022355,0.000066,-0.000652,0.000146,0.000267,0.000683,-0.000117,0.006509,0.000495,-0.001083,-0.000784,-0.000041,-0.000404,-0.000037,0.011635,0.000303,0.000000,0.000000,0.000122,0.007483,-0.001192,0.000000,0.001537,-0.001085,0.000327,0.000686,0.001894,-0.004128,0.001515,-0.005208,-0.000337,0.005611,-0.000144,-0.000570
0.000502,0.000234,-0.000008,0.000024,0.000204,0.000909,0.000775,0.000066,0.001281,0.000120,0.000150,-0.000300,0.000226,-0.000015,0.000677,0.000893,-0.000003,-0.000019,0.000000,-0.000000,0.000008,0.000159,-0.000005,0.000000,0.000000,-0.000009,0.000474,-0.000033,0.000000,0.000367,-0.000133,-0.000021,-0.000060,-0.000005,0.000231,-0.000028,-0.000096,-0.000032,0.000347,-0.000028,0.000009
0.000361,0.000100,0.000251,0.000109,0.000363,0.000122,0.000445,-0.000652,0.000120,0.003679,0.000381,-0.000995,0.001121,0.000464,0.000950,0.002112,0.000081,-0.000042,0.000000,0.000405,0.000001,-0.000543,0.000004,0.000000,0.000000,-0.000007,0.000486,0.000030,0.000000,0.002508,0.000733,0.000089,0.000744,0.000676,0.001650,-0.000098,0.000088,0.000523,0.000584,0.000170,0.000040
0.000309,-0.000425,-0.000020,0.000271,0.002068,0.000180,0.001349,0.000146,0.000150,0.000381,0.002582,-0.000401,0.001009,-0.000152,0.000805,0.000315,-0.000067,0.000050,-0.000031,0.000019,0.000007,0.000128,0.001092,0.000000,0.000000,0.000398,0.000512,0.000017,0.000000,0.000716,0.000293,0.000023,0.000710,0.002643,-0.000329,0.000267,-0.000322,0.002278,0.000653,-0.000052,-0.000152
-0.000803,-0.001315,-0.000155,-0.000129,-0.000385,-0.000645,-0.001049,0.000267,-0.000300,-0.000995,-0.000401,0.005997,-0.000631,0.000184,-0.001085,-0.001582,-0.000732,-0.000600,-0.000021,0.000109,0.000131,0.002373,0.000029,0.000000,0.000000,0.000018,-0.000460,0.000156,0.000000,-0.001805,-0.000245,-0.000196,-0.000527,-0.000512,-0.000713,0.000328,-0.004803,-0.000512,-0.000565,-0.000169,-0.000608
0.001646,-0.000602,0.002729,0.000148,0.001246,0.001088,0.003482,0.000683,0.000226,0.001121,0.001009,-0.000631,0.006109,0.001214,0.002513,0.001558,0.000669,0.000428,-0.000066,0.000109,-0.000064,0.001878,0.000364,0.000000,0.000000,0.000043,0.001704,-0.000028,0.000000,0.001927,0.001118,0.000444,0.002775,0.001789,0.000284,0.003697,-0.000693,0.000831,0.005005,-0.000037,0.001407
-0.001056,-0.000397,-0.000262,0.000051,-0.000108,-0.000806,-0.000716,-0.000117,-0.000015,0.000464,-0.000152,0.000184,0.001214,0.007346,0.000951,0.000247,-0.000212,-0.000897,-0.000001,-0.000020,0.000074,0.000236,0.000021,0.000000,0.000000,0.000005,-0.000940,-0.000157,0.000000,-0.000048,0.005037,0.000046,0.000014,-0.000850,-0.000386,-0.000360,-0.003053,-0.000278,0.000633,0.000024,-0.000350
0.010894,0.000666,0.001670,0.000395,0.001252,0.003202,0.006695,0.006509,0.000677,0.000950,0.000805,-0.001085,0.002513,0.000951,0.010724,0.003393,0.001178,0.000721,0.000040,0.000183,-0.000010,0.002661,0.000265,0.000000,0.000000,0.000072,0.007797,-0.001722,0.000000,0.003088,0.000249,0.000560,0.001195,0.003428,0.000132,0.001237,-0.000321,0.000686,0.006134,-0.000031,0.001684
0.002963,0.000403,-0.000024,-0.000036,0.000465,0.000464,0.002149,0.000495,0.000893,0.002112,0.000315,-0.001582,0.001558,0.000247,0.003393,0.007350,-0.000443,-0.000419,-0.000045,0.000429,0.000041,0.000064,-0.000019,0.000000,0.000000,-0.000096,0.002834,0.000086,0.000000,0.004531,-0.000290,0.000052,0.000539,0.000949,0.002355,0.000283,-0.000283,0.000209,0.002124,0.000187,-0.000232
0.001888,0.002583,0.001048,-0.000022,-0.000031,0.003143,-0.000583,-0.001083,-0.000003,0.000081,-0.000067,-0.000732,0.000669,-0.000212,0.001178,-0.000443,0.005667,0.002667,0.000012,0.000305,0.000213,-0.001304,-0.000002,0.000000,0.000000,0.000010,0.001116,0.000188,0.000000,-0.000101,-0.000001,-0.000052,0.000368,-0.000757,-0.000931,0.000203,0.004169,-0.000109,0.000634,0.000008,0.002801
0.001332,0.001771,0.000115,-0.000138,0.000007,0.002523,-0.000139,-0.000784,-0.000019,-0.000042,0.000050,-0.000600,0.000428,-0.000897,0.000721,-0.000419,0.002667,0.002940,-0.000013,-0.000015,0.000048,-0.002300,0.000006,0.000000,0.000000,0.000006,0.001090,0.000108,0.000000,-0.000073,-0.000481,0.000032,0.000023,-0.000145,0.000446,0.000016,0.004034,0.000279,0.000131,-0.000004,0.002260
0.000005,0.000056,0.000005,0.000192,0.000006,-0.000000,-0.000037,-0.000041,0.000000,0.000000,-0.000031,-0.000021,-0.000066,-0.000001,0.000040,-0.000045,0.000012,-0.000013,0.000289,0.000000,0.000000,-0.000020,0.000001,0.000000,0.000000,0.000000,-0.000045,-0.000053,0.000000,0.000017,-0.000022,0.000000,-0.000012,0.000050,0.000247,-0.000037,0.000009,0.000134,-0.000016,0.000000,0.000004
0.000226,0.000358,0.000002,0.000073,0.000229,0.000059,0.000177,-0.000404,-0.000000,0.000405,0.000019,0.000109,0.000109,-0.000020,0.000183,0.000429,0.000305,-0.000015,0.000000,0.001906,-0.000024,-0.000203,0.000003,0.000000,0.000000,0.000015,0.000231,0.000002,0.000000,0.001551,0.000014,-0.000000,-0.000004,0.000373,0.000024,0.000048,0.000442,-0.000123,0.000123,0.000020,0.000006
0.000039,-0.000088,0.000098,0.000000,-0.000014,-0.000034,-0.000057,-0.000037,0.000008,0.000001,0.000007,0.000131,-0.000064,0.000074,-0.000010,0.000041,0.000213,0.000048,0.000000,-0.000024,0.000391,0.000005,0.000002,0.000000,0.000000,-0.000000,0.000015,-0.000033,0.000000,0.000000,0.000022,-0.000010,0.000029,-0.000081,0.000055,0.000010,0.000069,-0.000006,-0.000011,0.000000,-0.000027
0.002902,-0.003221,0.002403,0.000268,0.000378,-0.002033,0.007258,0.011635,0.000159,-0.000543,0.000128,0.002373,0.001878,0.000236,0.002661,0.000064,-0.001304,-0.002300,-0.000020,-0.000203,0.000005,0.015432,0.000224,0.000000,0.000000,0.000052,0.003555,-0.000138,0.000000,0.000556,-0.000675,0.000473,0.001707,0.001020,-0.002391,0.005989,-0.007618,-0.000164,0.008673,-0.000096,-0.001566
0.000114,-0.000161,0.000072,0.000024,0.001162,0.000073,0.000372,0.000303,-0.000005,0.000004,0.001092,0.000029,0.000364,0.000021,0.000265,-0.000019,-0.000002,0.000006,0.000001,0.000003,0.000002,0.000224,0.001310,0.000000,0.000000,0.000355,0.000308,-0.000000,0.000000,-0.000021,0.000062,0.000179,-0.000052,0.000996,-0.000066,0.000260,-0.000077,0.000843,0.000266,-0.000004,-0.000056
0.000000,0.000000,0.000000,0.000000,0.000000,0.000000,0.000000,0.000000,0.000000,0.000000,0.000000,0.000000,0.000000,0.000000,0.000000,0.000000,0.000000,0.000000,0.000000,0.000000,0.000000,0.000000,0.000000,0.000000,0.000000,0.000000,0.000000,0.000000,0.000000,0.000000,0.000000,0.000000,0.000000,0.000000,0.000000,0.000000,0.000000,0.000000,0.000000,0.000000,0.000000
0.000000,0.000000,0.000000,0.000000,0.000000,0.000000,0.000000,0.000000,0.000000,0.000000,0.000000,0.000000,0.000000,0.000000,0.000000,0.000000,0.000000,0.000000,0.000000,0.000000,0.000000,0.000000,0.000000,0.000000,0.000000,0.000000,0.000000,0.000000,0.000000,0.000000,0.000000,0.000000,0.000000,0.000000,0.000000,0.000000,0.000000,0.000000,0.000000,0.000000,0.000000
0.000023,-0.000057,0.000020,0.000352,0.000417,-0.000054,0.000098,0.000122,-0.000009,-0.000007,0.000398,0.000018,0.000043,0.000005,0.000072,-0.000096,0.000010,0.000006,0.000000,0.000015,-0.000000,0.000052,0.000355,0.000000,0.000000,0.000762,0.000171,0.000009,0.000000,-0.000032,-0.000000,0.000014,-0.000038,0.000415,0.000044,0.000123,-0.000008,0.000255,0.000112,0.000016,-0.000014
0.009145,-0.001186,0.001829,0.000382,0.000970,0.002871,0.006671,0.007483,0.000474,0.000486,0.000512,-0.000460,0.001704,-0.000940,0.007797,0.002834,0.001116,0.001090,-0.000045,0.000231,0.000015,0.003555,0.000308,0.000000,0.000000,0.000171,0.009954,-0.000252,0.000000,0.002960,-0.001047,0.000819,0.000832,0.002691,-0.000409,0.001959,0.000376,0.000270,0.005607,-0.000035,0.001590
-0.001684,-0.000575,0.000022,-0.000106,-0.000003,-0.000089,-0.000459,-0.001192,-0.000033,0.000030,0.000017,0.000156,-0.000028,-0.000157,-0.001722,0.000086,0.000188,0.000108,-0.000053,0.000002,-0.000033,-0.000138,-0.000000,0.000000,0.000000,0.000009,-0.000252,0.003045,0.000000,0.000027,0.000007,-0.000020,-0.000016,-0.000272,-0.000015,0.000407,0.000188,-0.000031,-0.000232,0.000001,-0.000043
0.000000,0.000000,0.000000,0.000000,0.000000,0.000000,0.000000,0.000000,0.000000,0.000000,0.000000,0.000000,0.000000,0.000000,0.000000,0.000000,0.000000,0.000000,0.000000,0.000000,0.000000,0.000000,0.000000,0.000000,0.000000,0.000000,0.000000,0.000000,0.000000,0.000000,0.000000,0.000000,0.000000,0.000000,0.000000,0.000000,0.000000,0.000000,0.000000,0.000000,0.000000
0.002327,-0.000538,0.000280,0.000342,0.001331,0.000041,0.004118,0.001537,0.000367,0.002508,0.000716,-0.001805,0.001927,-0.000048,0.003088,0.004531,-0.000101,-0.000073,0.000017,0.001551,0.000000,0.000556,-0.000021,0.000000,0.000000,-0.000032,0.002960,0.000027,0.000000,0.009918,0.000213,0.000301,0.001402,0.005133,0.001809,0.000661,0.001354,0.001004,0.002419,0.000231,-0.000301
-0.001480,-0.000518,-0.000356,0.000186,0.000079,-0.000444,-0.001142,-0.001085,-0.000133,0.000733,0.000293,-0.000245,0.001118,0.005037,0.000249,-0.000290,-0.000001,-0.000481,-0.000022,0.000014,0.000022,-0.000675,0.000062,0.000000,0.000000,-0.000000,-0.001047,0.000007,0.000000,0.000213,0.006652,0.000019,-0.000025,-0.000129,-0.000418,-0.000715,-0.001749,0.000442,-0.000111,0.000064,-0.000148
0.000612,-0.000193,0.001483,-0.000000,-0.000028,0.000684,-0.000294,0.000327,-0.000021,0.000089,0.000023,-0.000196,0.000444,0.000046,0.000560,0.000052,-0.000052,0.000032,0.000000,-0.000000,-0.000010,0.000473,0.000179,0.000000,0.000000,0.000014,0.000819,-0.000020,0.000000,0.000301,0.000019,0.002615,-0.000011,-0.000270,0.000149,0.000220,0.000322,0.000014,0.000545,0.000077,0.000546
0.000807,-0.000246,0.003238,0.000102,0.000864,-0.000031,0.003680,0.000686,-0.000060,0.000744,0.000710,-0.000527,0.002775,0.000014,0.001195,0.000539,0.000368,0.000023,-0.000012,-0.000004,0.000029,0.001707,-0.000052,0.000000,0.000000,-0.000038,0.000832,-0.000016,0.000000,0.001402,-0.000025,-0.000011,0.005516,0.001600,0.000387,0.001596,0.000042,0.000922,0.002628,-0.000018,0.001043
0.001855,-0.002430,-0.000761,0.000762,0.003540,-0.000455,0.006145,0.001894,-0.000005,0.000676,0.002643,-0.000512,0.001789,-0.000850,0.003428,0.000949,-0.000757,-0.000145,0.000050,0.000373,-0.000081,0.001020,0.000996,0.000000,0.000000,0.000415,0.002691,-0.000272,0.000000,0.005133,-0.000129,-0.000270,0.001600,0.017532,0.001778,-0.000319,-0.000488,0.002459,0.001579,-0.000406,-0.000774
0.000013,0.000283,0.000048,-0.000165,0.000005,-0.000602,-0.000201,-0.004128,0.000231,0.001650,-0.000329,-0.000713,0.000284,-0.000386,0.000132,0.002355,-0.000931,0.000446,0.000247,0.000024,0.000055,-0.002391,-0.000066,0.000000,0.000000,0.000044,-0.000409,-0.000015,0.000000,0.001809,-0.000418,0.000149,0.000387,0.001778,0.014229,0.000088,0.002734,0.000013,0.000158,0.000095,-0.000270
0.001947,-0.000099,0.001166,0.000077,0.000391,-0.000186,0.003092,0.001515,-0.000028,-0.000098,0.000267,0.000328,0.003697,-0.000360,0.001237,0.000283,0.000203,0.000016,-0.000037,0.000048,0.000010,0.005989,0.000260,0.000000,0.000000,0.000123,0.001959,0.000407,0.000000,0.000661,-0.000715,0.000220,0.001596,-0.000319,0.000088,0.011199,-0.000804,0.000155,0.010585,0.000002,0.000044
0.002241,0.007143,0.000267,-0.000327,-0.000356,0.003127,-0.001256,-0.005208,-0.000096,0.000088,-0.000322,-0.004803,-0.000693,-0.003053,-0.000321,-0.000283,0.004169,0.004034,0.000009,0.000442,0.000069,-0.007618,-0.000077,0.000000,0.000000,-0.000008,0.000376,0.000188,0.000000,0.001354,-0.001749,0.000322,0.000042,-0.000488,0.002734,-0.000804,0.020939,0.000232,-0.000124,0.000061,0.003044
0.000197,-0.000101,-0.000098,0.000418,0.001781,0.000034,0.001015,-0.000337,-0.000032,0.000523,0.002278,-0.000512,0.000831,-0.000278,0.000686,0.000209,-0.000109,0.000279,0.000134,-0.000123,-0.000006,-0.000164,0.000843,0.000000,0.000000,0.000255,0.000270,-0.000031,0.000000,0.001004,0.000442,0.000014,0.000922,0.002459,0.000013,0.000155,0.000232,0.003800,0.000529,-0.000059,-0.000157
0.006347,0.000180,0.002459,0.000211,0.000972,0.000845,0.007030,0.005611,0.000347,0.000584,0.000653,-0.000565,0.005005,0.000633,0.006134,0.002124,0.000634,0.000131,-0.000016,0.000123,-0.000011,0.008673,0.000266,0.000000,0.000000,0.000112,0.005607,-0.000232,0.000000,0.002419,-0.000111,0.000545,0.002628,0.001579,0.000158,0.010585,-0.000124,0.000529,0.014397,-0.000020,0.000691
-0.000030,0.000137,0.000050,0.000033,-0.000040,-0.000038,-0.000139,-0.000144,-0.000028,0.000170,-0.000052,-0.000169,-0.000037,0.000024,-0.000031,0.000187,0.000008,-0.000004,0.000000,0.000020,0.000000,-0.000096,-0.000004,0.000000,0.000000,0.000016,-0.000035,0.000001,0.000000,0.000231,0.000064,0.000077,-0.000018,-0.000406,0.000095,0.000002,0.000061,-0.000059,-0.000020,0.000531,0.000025
0.002101,0.001979,0.002390,-0.000019,-0.000136,0.003037,0.000101,-0.000570,0.000009,0.000040,-0.000152,-0.000608,0.001407,-0.000350,0.001684,-0.000232,0.002801,0.002260,0.000004,0.000006,-0.000027,-0.001566,-0.000056,0.000000,0.000000,-0.000014,0.001590,-0.000043,0.000000,-0.000301,-0.000148,0.000546,0.001043,-0.000774,-0.000270,0.000044,0.003044,-0.000157,0.000691,0.000025,0.003513
