0.000420,0.000000,0.000483,0.000000,0.000448,0.000000,0.000308,0.000489,0.000000,0.000655,0.000000,0.000000,0.000518,0.000713,0.000953,0.000000,0.000479,0.000160,-0.000173,0.000000,0.000015,-0.000606,0.000000,-0.000973,0.000000,0.000000,-0.001485,-0.000925,-0.000909,0.000000,0.000000,0.000078,-0.000183,-0.000138,0.000239,0.000542,0.000000,0.000843,0.000752,0.000000,0.000000,0.000861,0.000000,0.000279,0.000708,0.000672,0.000373,0.000291,0.000200,0.000070,0.000000,0.000064,0.000038,0.000028,0.000041,0.000028,0.000036,0.000051,0.000047,0.000040
0.000000,0.000000,0.000000,0.000000,0.000000,0.000000,0.000000,0.000000,0.000000,0.000000,0.000000,0.000000,0.000000,0.000000,0.000000,0.000000,0.000000,0.000000,0.000000,0.000000,0.000000,0.000000,0.000000,0.000000,0.000000,0.000000,0.000000,0.000000,0.000000,0.000000,0.000000,0.000000,0.000000,0.000000,0.000000,0.000000,0.000000,0.000000,0.000000,0.000000,0.000000,0.000000,0.000000,0.000000,0.000000,0.000000,0.000000,0.000000,0.000000,0.000000,0.000000,0.000000,0.000000,0.000000,0.000000,0.000000,0.000000,0.000000,0.000000,0.000000
0.000483,0.000000,0.001438,0.000000,0.001194,0.000000,0.000513,0.000533,0.000000,0.001174,0.000000,0.000000,0.001211,0.001460,0.001712,0.000000,0.001507,0.000935,0.000363,0.000000,-0.000494,-0.001124,0.000000,-0.001182,0.000000,0.000000,-0.002265,-0.001931,-0.002205,0.000000,0.000000,-0.000804,-0.001379,-0.001064,0.000052,0.001009,0.000000,0.000985,0.000840,0.000000,0.000000,0.001033,0.000000,0.000145,0.000666,0.000472,0.000475,0.000516,0.000238,0.000017,0.000000,0.000141,0.000086,0.000076,0.000085,0.000047,0.000075,0.000075,0.000092,0.000076
0.000000,0.000000,0.000000,0.000000,0.000000,0.000000,0.000000,0.000000,0.000000,0.000000,0.000000,0.000000,0.000000,0.000000,0.000000,0.000000,0.000000,0.000000,0.000000,0.000000,0.000000,0.000000,0.000000,0.000000,0.000000,0.000000,0.000000,0.000000,0.000000,0.000000,0.000000,0.000000,0.000000,0.000000,0.000000,0.000000,0.000000,0.000000,0.000000,0.000000,0.000000,0.000000,0.000000,0.000000,0.000000,0.000000,0.000000,0.000000,0.000000,0.000000,0.000000,0.000000,0.000000,0.000000,0.000000,0.000000,0.000000,0.000000,0.000000,0.000000
0.000448,0.000000,0.001194,0.000000,0.003210,0.000000,0.001470,0.000860,0.000000,0.002025,0.000000,0.000000,0.002797,0.003937,0.004309,0.000000,0.005152,0.004445,0.005123,0.000000,0.002670,0.001922,0.000000,-0.000856,0.000000,0.000000,-0.002690,-0.003356,-0.004334,0.000000,0.000000,-0.002218,-0.002297,-0.002056,-0.001266,-0.000905,0.000000,-0.000048,0.001021,0.000000,0.000000,0.000935,0.000000,0.000432,0.001158,0.000719,0.000460,0.000561,0.000258,0.000081,0.000000,0.000188,0.000129,0.000094,0.000119,0.000075,0.000073,0.000119,0.000138,0.000103
0.000000,0.000000,0.000000,0.000000,0.000000,0.000000,0.000000,0.000000,0.000000,0.000000,0.000000,0.000000,0.000000,0.000000,0.000000,0.000000,0.000000,0.000000,0.000000,0.000000,0.000000,0.000000,0.000000,0.000000,0.000000,0.000000,0.000000,0.000000,0.000000,0.000000,0.000000,0.000000,0.000000,0.000000,0.000000,0.000000,0.000000,0.000000,0.000000,0.000000,0.000000,0.000000,0.000000,0.000000,0.000000,0.000000,0.000000,0.000000,0.000000,0.000000,0.000000,0.000000,0.000000,0.000000,0.000000,0.000000,0.000000,0.000000,0.000000,0.000000
0.000308,0.000000,0.000513,0.000000,0.001470,0.000000,0.003569,0.003184,0.000000,0.003300,0.000000,0.000000,0.003344,0.004781,0.005075,0.000000,0.003325,0.002710,0.002837,0.000000,0.002136,0.002018,0.000000,0.001764,0.000000,0.000000,-0.001009,-0.000692,-0.001220,0.000000,0.000000,-0.001426,-0.002362,-0.002448,-0.001608,-0.001710,0.000000,-0.001230,-0.000573,0.000000,0.000000,0.000280,0.000000,0.000649,0.001184,0.000732,0.000568,0.000602,0.000366,0.000122,0.000000,0.000133,0.000038,0.000070,0.000092,0.000040,0.000074,0.000090,0.000069,0.000041
0.000489,0.000000,0.000533,0.000000,0.000860,0.000000,0.003184,0.006629,0.000000,0.006641,0.000000,0.000000,0.003726,0.005359,0.005920,0.000000,0.002084,0.000619,0.000408,0.000000,0.003696,0.001920,0.000000,-0.000306,0.000000,0.000000,-0.001604,-0.000461,-0.001622,0.000000,0.000000,-0.000949,-0.002173,-0.001764,-0.000661,-0.000214,0.000000,0.000818,0.001496,0.000000,0.000000,0.000670,0.000000,0.001330,0.002863,0.001522,0.000445,0.000687,0.000567,0.000155,0.000000,0.000163,0.000023,0.000058,0.000144,0.000084,0.000102,0.000132,0.000090,0.000023
0.000000,0.000000,0.000000,0.000000,0.000000,0.000000,0.000000,0.000000,0.000000,0.000000,0.000000,0.000000,0.000000,0.000000,0.000000,0.000000,0.000000,0.000000,0.000000,0.000000,0.000000,0.000000,0.000000,0.000000,0.000000,0.000000,0.000000,0.000000,0.000000,0.000000,0.000000,0.000000,0.000000,0.000000,0.000000,0.000000,0.000000,0.000000,0.000000,0.000000,0.000000,0.000000,0.000000,0.000000,0.000000,0.000000,0.000000,0.000000,0.000000,0.000000,0.000000,0.000000,0.000000,0.000000,0.000000,0.000000,0.000000,0.000000,0.000000,0.000000
0.000655,0.000000,0.001174,0.000000,0.002025,0.000000,0.003300,0.006641,0.000000,0.016161,0.000000,0.000000,0.008250,0.008076,0.007535,0.000000,0.005516,0.003580,0.004044,0.000000,0.006695,0.004441,0.000000,-0.003154,0.000000,0.000000,0.000671,0.000699,-0.003284,0.000000,0.000000,-0.000217,-0.002510,-0.004157,-0.004442,-0.003162,0.000000,0.001204,0.002802,0.000000,0.000000,-0.000525,0.000000,0.003659,0.005425,0.002442,0.001220,0.001786,0.001027,0.000197,0.000000,0.000193,0.000019,0.000058,0.000154,0.000049,0.000097,0.000129,0.000069,0.000035
0.000000,0.000000,0.000000,0.000000,0.000000,0.000000,0.000000,0.000000,0.000000,0.000000,0.000000,0.000000,0.000000,0.000000,0.000000,0.000000,0.000000,0.000000,0.000000,0.000000,0.000000,0.000000,0.000000,0.000000,0.000000,0.000000,0.000000,0.000000,0.000000,0.000000,0.000000,0.000000,0.000000,0.000000,0.000000,0.000000,0.000000,0.000000,0.000000,0.000000,0.000000,0.000000,0.000000,0.000000,0.000000,0.000000,0.000000,0.000000,0.000000,0.000000,0.000000,0.000000,0.000000,0.000000,0.000000,0.000000,0.000000,0.000000,0.000000,0.000000
0.000000,0.000000,0.000000,0.000000,0.000000,0.000000,0.000000,0.000000,0.000000,0.000000,0.000000,0.000000,0.000000,0.000000,0.000000,0.000000,0.000000,0.000000,0.000000,0.000000,0.000000,0.000000,0.000000,0.000000,0.000000,0.000000,0.000000,0.000000,0.000000,0.000000,0.000000,0.000000,0.000000,0.000000,0.000000,0.000000,0.000000,0.000000,0.000000,0.000000,0.000000,0.000000,0.000000,0.000000,0.000000,0.000000,0.000000,0.000000,0.000000,0.000000,0.000000,0.000000,0.000000,0.000000,0.000000,0.000000,0.000000,0.000000,0.000000,0.000000
0.000518,0.000000,0.001211,0.000000,0.002797,0.000000,0.003344,0.003726,0.000000,0.008250,0.000000,0.000000,0.018806,0.016686,0.014709,0.000000,0.013886,0.012432,0.013045,0.000000,0.009843,0.006422,0.000000,-0.001819,0.000000,0.000000,-0.004771,-0.005623,-0.006232,0.000000,0.000000,-0.002698,-0.005038,-0.006763,-0.009965,-0.010252,0.000000,-0.003266,0.001219,0.000000,0.000000,0.001920,0.000000,0.001671,0.003429,0.001621,0.000718,0.000792,0.000579,0.000167,0.000000,0.000194,0.000054,0.000160,0.000364,0.000119,0.000056,0.000102,0.000097,-0.000001
0.000713,0.000000,0.001460,0.000000,0.003937,0.000000,0.004781,0.005359,0.000000,0.008076,0.000000,0.000000,0.016686,0.027484,0.030319,0.000000,0.026650,0.023210,0.019830,0.000000,0.013838,0.010243,0.000000,0.000168,0.000000,0.000000,-0.009599,-0.013452,-0.013595,0.000000,0.000000,-0.008441,-0.010268,-0.011746,-0.012160,-0.011300,0.000000,-0.004906,-0.002097,0.000000,0.000000,-0.000724,0.000000,-0.001833,0.000187,-0.000574,-0.000207,0.000497,0.000615,0.000186,0.000000,0.000205,0.000129,0.000225,0.000511,0.000183,0.000170,0.000272,0.000182,0.000053
0.000953,0.000000,0.001712,0.000000,0.004309,0.000000,0.005075,0.005920,0.000000,0.007535,0.000000,0.000000,0.014709,0.030319,0.043432,0.000000,0.041434,0.035452,0.027523,0.000000,0.018149,0.013338,0.000000,-0.001903,0.000000,0.000000,-0.016555,-0.021489,-0.021048,0.000000,0.000000,-0.013646,-0.016352,-0.015706,-0.012524,-0.010958,0.000000,-0.006151,-0.006704,0.000000,0.000000,-0.004293,0.000000,-0.005706,-0.003731,-0.003461,-0.001574,-0.000809,-0.000090,-0.000031,0.000000,0.000240,0.000078,0.000256,0.000463,0.000186,0.000205,0.000249,0.000189,0.000103
0.000000,0.000000,0.000000,0.000000,0.000000,0.000000,0.000000,0.000000,0.000000,0.000000,0.000000,0.000000,0.000000,0.000000,0.000000,0.000000,0.000000,0.000000,0.000000,0.000000,0.000000,0.000000,0.000000,0.000000,0.000000,0.000000,0.000000,0.000000,0.000000,0.000000,0.000000,0.000000,0.000000,0.000000,0.000000,0.000000,0.000000,0.000000,0.000000,0.000000,0.000000,0.000000,0.000000,0.000000,0.000000,0.000000,0.000000,0.000000,0.000000,0.000000,0.000000,0.000000,0.000000,0.000000,0.000000,0.000000,0.000000,0.000000,0.000000,0.000000
0.000479,0.000000,0.001507,0.000000,0.005152,0.000000,0.003325,0.002084,0.000000,0.005516,0.000000,0.000000,0.013886,0.026650,0.041434,0.000000,0.071430,0.065857,0.051195,0.000000,0.031307,0.028420,0.000000,0.001914,0.000000,0.000000,-0.021737,-0.033324,-0.036676,0.000000,0.000000,-0.015536,-0.017810,-0.017655,-0.010027,-0.008933,0.000000,-0.004941,-0.010810,0.000000,0.000000,-0.007810,0.000000,-0.007869,-0.006602,-0.005914,-0.003102,-0.001974,-0.000655,-0.000092,0.000000,-0.000004,0.000008,0.000291,0.000514,0.000150,0.000217,0.000229,0.000143,0.000063
0.000160,0.000000,0.000935,0.000000,0.004445,0.000000,0.002710,0.000619,0.000000,0.003580,0.000000,0.000000,0.012432,0.023210,0.035452,0.000000,0.065857,0.069281,0.059693,0.000000,0.037878,0.033840,0.000000,0.007588,0.000000,0.000000,-0.022290,-0.033958,-0.035328,0.000000,0.000000,-0.016067,-0.015820,-0.016371,-0.011904,-0.012283,0.000000,-0.005656,-0.010495,0.000000,0.000000,-0.008872,0.000000,-0.008576,-0.009378,-0.007850,-0.003527,-0.002633,-0.000867,-0.000110,0.000000,-0.000075,-0.000030,0.000254,0.000440,0.000119,0.000124,0.000184,0.000036,0.000012
-0.000173,0.000000,0.000363,0.000000,0.005123,0.000000,0.002837,0.000408,0.000000,0.004044,0.000000,0.000000,0.013045,0.019830,0.027523,0.000000,0.051195,0.059693,0.066923,0.000000,0.047134,0.039221,0.000000,0.009826,0.000000,0.000000,-0.019786,-0.029863,-0.030111,0.000000,0.000000,-0.017641,-0.014050,-0.013533,-0.014714,-0.017030,0.000000,-0.006717,-0.006392,0.000000,0.000000,-0.008297,0.000000,-0.005492,-0.006239,-0.005824,-0.002489,-0.002140,-0.000598,-0.000049,0.000000,0.000108,0.000094,0.000305,0.000425,0.000210,0.000090,0.000292,0.000057,-0.000042
0.000000,0.000000,0.000000,0.000000,0.000000,0.000000,0.000000,0.000000,0.000000,0.000000,0.000000,0.000000,0.000000,0.000000,0.000000,0.000000,0.000000,0.000000,0.000000,0.000000,0.000000,0.000000,0.000000,0.000000,0.000000,0.000000,0.000000,0.000000,0.000000,0.000000,0.000000,0.000000,0.000000,0.000000,0.000000,0.000000,0.000000,0.000000,0.000000,0.000000,0.000000,0.000000,0.000000,0.000000,0.000000,0.000000,0.000000,0.000000,0.000000,0.000000,0.000000,0.000000,0.000000,0.000000,0.000000,0.000000,0.000000,0.000000,0.000000,0.000000
0.000015,0.000000,-0.000494,0.000000,0.002670,0.000000,0.002136,0.003696,0.000000,0.006695,0.000000,0.000000,0.009843,0.013838,0.018149,0.000000,0.031307,0.037878,0.047134,0.000000,0.063012,0.052096,0.000000,0.014612,0.000000,0.000000,-0.009311,-0.018953,-0.023046,0.000000,0.000000,-0.018733,-0.015985,-0.014779,-0.016703,-0.017124,0.000000,-0.007402,-0.004461,0.000000,0.000000,-0.009831,0.000000,-0.002465,-0.001796,-0.003898,-0.003101,-0.002623,-0.000651,0.000000,0.000000,-0.000045,-0.000042,0.000247,0.000208,0.000155,-0.000043,0.000165,-0.000150,-0.000164
-0.000606,0.000000,-0.001124,0.000000,0.001922,0.000000,0.002018,0.001920,0.000000,0.004441,0.000000,0.000000,0.006422,0.010243,0.013338,0.000000,0.028420,0.033840,0.039221,0.000000,0.052096,0.062945,0.000000,0.030902,0.000000,0.000000,0.001761,-0.012505,-0.017562,0.000000,0.000000,-0.014449,-0.014830,-0.017147,-0.018488,-0.017077,0.000000,-0.012828,-0.012164,0.000000,0.000000,-0.009741,0.000000,-0.002292,-0.001833,-0.002299,-0.001074,-0.001871,-0.000410,0.000091,0.000000,-0.000059,-0.000086,0.000108,-0.000026,0.000042,-0.000108,0.000029,-0.000274,-0.000151
0.000000,0.000000,0.000000,0.000000,0.000000,0.000000,0.000000,0.000000,0.000000,0.000000,0.000000,0.000000,0.000000,0.000000,0.000000,0.000000,0.000000,0.000000,0.000000,0.000000,0.000000,0.000000,0.000000,0.000000,0.000000,0.000000,0.000000,0.000000,0.000000,0.000000,0.000000,0.000000,0.000000,0.000000,0.000000,0.000000,0.000000,0.000000,0.000000,0.000000,0.000000,0.000000,0.000000,0.000000,0.000000,0.000000,0.000000,0.000000,0.000000,0.000000,0.000000,0.000000,0.000000,0.000000,0.000000,0.000000,0.000000,0.000000,0.000000,0.000000
-0.000973,0.000000,-0.001182,0.000000,-0.000856,0.000000,0.001764,-0.000306,0.000000,-0.003154,0.000000,0.000000,-0.001819,0.000168,-0.001903,0.000000,0.001914,0.007588,0.009826,0.000000,0.014612,0.030902,0.000000,0.050843,0.000000,0.000000,0.019222,0.008960,0.002519,0.000000,0.000000,-0.003830,-0.007182,-0.013559,-0.014978,-0.013497,0.000000,-0.017032,-0.015825,0.000000,0.000000,-0.007890,0.000000,-0.002197,-0.003613,-0.002022,-0.000264,-0.000873,-0.000168,-0.000229,0.000000,-0.000108,-0.000223,-0.000073,-0.000157,-0.000106,-0.000141,-0.000166,-0.000276,-0.000154
0.000000,0.000000,0.000000,0.000000,0.000000,0.000000,0.000000,0.000000,0.000000,0.000000,0.000000,0.000000,0.000000,0.000000,0.000000,0.000000,0.000000,0.000000,0.000000,0.000000,0.000000,0.000000,0.000000,0.000000,0.000000,0.000000,0.000000,0.000000,0.000000,0.000000,0.000000,0.000000,0.000000,0.000000,0.000000,0.000000,0.000000,0.000000,0.000000,0.000000,0.000000,0.000000,0.000000,0.000000,0.000000,0.000000,0.000000,0.000000,0.000000,0.000000,0.000000,0.000000,0.000000,0.000000,0.000000,0.000000,0.000000,0.000000,0.000000,0.000000
0.000000,0.000000,0.000000,0.000000,0.000000,0.000000,0.000000,0.000000,0.000000,0.000000,0.000000,0.000000,0.000000,0.000000,0.000000,0.000000,0.000000,0.000000,0.000000,0.000000,0.000000,0.000000,0.000000,0.000000,0.000000,0.000000,0.000000,0.000000,0.000000,0.000000,0.000000,0.000000,0.000000,0.000000,0.000000,0.000000,0.000000,0.000000,0.000000,0.000000,0.000000,0.000000,0.000000,0.000000,0.000000,0.000000,0.000000,0.000000,0.000000,0.000000,0.000000,0.000000,0.000000,0.000000,0.000000,0.000000,0.000000,0.000000,0.000000,0.000000
-0.001485,0.000000,-0.002265,0.000000,-0.002690,0.000000,-0.001009,-0.001604,0.000000,0.000671,0.000000,0.000000,-0.004771,-0.009599,-0.016555,0.000000,-0.021737,-0.022290,-0.019786,0.000000,-0.009311,0.001761,0.000000,0.019222,0.000000,0.000000,0.056459,0.047242,0.030493,0.000000,0.000000,0.003425,-0.004269,-0.010935,-0.012329,-0.011215,0.000000,-0.009888,-0.008420,0.000000,0.000000,-0.005167,0.000000,0.002714,0.002572,0.000958,0.000357,-0.000094,-0.000433,-0.000401,0.000000,-0.000410,-0.000354,-0.000346,-0.000505,-0.000317,-0.000342,-0.000439,-0.000539,-0.000302
-0.000925,0.000000,-0.001931,0.000000,-0.003356,0.000000,-0.000692,-0.000461,0.000000,0.000699,0.000000,0.000000,-0.005623,-0.013452,-0.021489,0.000000,-0.033324,-0.033958,-0.029863,0.000000,-0.018953,-0.012505,0.000000,0.008960,0.000000,0.000000,0.047242,0.060448,0.050406,0.000000,0.000000,0.011507,0.002583,-0.003374,-0.005312,-0.006973,0.000000,-0.004341,-0.002688,0.000000,0.000000,-0.003247,0.000000,0.004780,0.005040,0.002641,0.001561,0.001171,0.000111,-0.000302,0.000000,-0.000230,-0.000228,-0.000379,-0.000504,-0.000248,-0.000257,-0.000385,-0.000476,-0.000242
-0.000909,0.000000,-0.002205,0.000000,-0.004334,0.000000,-0.001220,-0.001622,0.000000,-0.003284,0.000000,0.000000,-0.006232,-0.013595,-0.021048,0.000000,-0.036676,-0.035328,-0.030111,0.000000,-0.023046,-0.017562,0.000000,0.002519,0.000000,0.000000,0.030493,0.050406,0.062128,0.000000,0.000000,0.013820,0.010448,0.005577,-0.002032,-0.006298,0.000000,-0.003708,-0.002107,0.000000,0.000000,0.000052,0.000000,0.004555,0.004589,0.003852,0.003348,0.002240,0.000527,-0.000254,0.000000,-0.000230,-0.000233,-0.000467,-0.000571,-0.000292,-0.000382,-0.000430,-0.000454,-0.000278
0.000000,0.000000,0.000000,0.000000,0.000000,0.000000,0.000000,0.000000,0.000000,0.000000,0.000000,0.000000,0.000000,0.000000,0.000000,0.000000,0.000000,0.000000,0.000000,0.000000,0.000000,0.000000,0.000000,0.000000,0.000000,0.000000,0.000000,0.000000,0.000000,0.000000,0.000000,0.000000,0.000000,0.000000,0.000000,0.000000,0.000000,0.000000,0.000000,0.000000,0.000000,0.000000,0.000000,0.000000,0.000000,0.000000,0.000000,0.000000,0.000000,0.000000,0.000000,0.000000,0.000000,0.000000,0.000000,0.000000,0.000000,0.000000,0.000000,0.000000
0.000000,0.000000,0.000000,0.000000,0.000000,0.000000,0.000000,0.000000,0.000000,0.000000,0.000000,0.000000,0.000000,0.000000,0.000000,0.000000,0.000000,0.000000,0.000000,0.000000,0.000000,0.000000,0.000000,0.000000,0.000000,0.000000,0.000000,0.000000,0.000000,0.000000,0.000000,0.000000,0.000000,0.000000,0.000000,0.000000,0.000000,0.000000,0.000000,0.000000,0.000000,0.000000,0.000000,0.000000,0.000000,0.000000,0.000000,0.000000,0.000000,0.000000,0.000000,0.000000,0.000000,0.000000,0.000000,0.000000,0.000000,0.000000,0.000000,0.000000
0.000078,0.000000,-0.000804,0.000000,-0.002218,0.000000,-0.001426,-0.000949,0.000000,-0.000217,0.000000,0.000000,-0.002698,-0.008441,-0.013646,0.000000,-0.015536,-0.016067,-0.017641,0.000000,-0.018733,-0.014449,0.000000,-0.003830,0.000000,0.000000,0.003425,0.011507,0.013820,0.000000,0.000000,0.037799,0.028898,0.021297,0.016230,0.012577,0.000000,0.008214,0.010209,0.000000,0.000000,0.009440,0.000000,0.007841,0.007265,0.005660,0.003070,0.002525,0.001038,0.000472,0.000000,0.000054,0.000000,-0.000161,-0.000128,0.000053,-0.000006,0.000023,-0.000025,-0.000041
-0.000183,0.000000,-0.001379,0.000000,-0.002297,0.000000,-0.002362,-0.002173,0.000000,-0.002510,0.000000,0.000000,-0.005038,-0.010268,-0.016352,0.000000,-0.017810,-0.015820,-0.014050,0.000000,-0.015985,-0.014830,0.000000,-0.007182,0.000000,0.000000,-0.004269,0.002583,0.010448,0.000000,0.000000,0.028898,0.037803,0.034496,0.023805,0.017679,0.000000,0.010659,0.011670,0.000000,0.000000,0.012126,0.000000,0.006421,0.004878,0.003896,0.001399,0.001792,0.000710,0.000393,0.000000,-0.000115,-0.000029,-0.000075,-0.000147,0.000068,0.000054,-0.000018,0.000072,-0.000032
-0.000138,0.000000,-0.001064,0.000000,-0.002056,0.000000,-0.002448,-0.001764,0.000000,-0.004157,0.000000,0.000000,-0.006763,-0.011746,-0.015706,0.000000,-0.017655,-0.016371,-0.013533,0.000000,-0.014779,-0.017147,0.000000,-0.013559,0.000000,0.000000,-0.010935,-0.003374,0.005577,0.000000,0.000000,0.021297,0.034496,0.047756,0.044235,0.033948,0.000000,0.018014,0.017224,0.000000,0.000000,0.013158,0.000000,0.007166,0.004901,0.004013,0.000486,0.000102,-0.000037,0.000471,0.000000,-0.000080,0.000075,0.000074,-0.000041,0.000137,0.000106,0.000084,0.000210,0.000072
0.000239,0.000000,0.000052,0.000000,-0.001266,0.000000,-0.001608,-0.000661,0.000000,-0.004442,0.000000,0.000000,-0.009965,-0.012160,-0.012524,0.000000,-0.010027,-0.011904,-0.014714,0.000000,-0.016703,-0.018488,0.000000,-0.014978,0.000000,0.000000,-0.012329,-0.005312,-0.002032,0.000000,0.000000,0.016230,0.023805,0.044235,0.060798,0.054152,0.000000,0.025837,0.019101,0.000000,0.000000,0.012754,0.000000,0.008710,0.005206,0.003780,-0.000417,-0.000891,-0.000439,0.000428,0.000000,0.000025,0.000163,0.000224,-0.000011,0.000164,0.000202,0.000181,0.000393,0.000250
0.000542,0.000000,0.001009,0.000000,-0.000905,0.000000,-0.001710,-0.000214,0.000000,-0.003162,0.000000,0.000000,-0.010252,-0.011300,-0.010958,0.000000,-0.008933,-0.012283,-0.017030,0.000000,-0.017124,-0.017077,0.000000,-0.013497,0.000000,0.000000,-0.011215,-0.006973,-0.006298,0.000000,0.000000,0.012577,0.017679,0.033948,0.054152,0.062784,0.000000,0.033277,0.023175,0.000000,0.000000,0.014132,0.000000,0.010480,0.006754,0.003508,-0.000084,0.000425,0.000438,0.000289,0.000000,0.000079,0.000131,0.000375,-0.000011,0.000042,0.000259,0.000210,0.000486,0.000318
0.000000,0.000000,0.000000,0.000000,0.000000,0.000000,0.000000,0.000000,0.000000,0.000000,0.000000,0.000000,0.000000,0.000000,0.000000,0.000000,0.000000,0.000000,0.000000,0.000000,0.000000,0.000000,0.000000,0.000000,0.000000,0.000000,0.000000,0.000000,0.000000,0.000000,0.000000,0.000000,0.000000,0.000000,0.000000,0.000000,0.000000,0.000000,0.000000,0.000000,0.000000,0.000000,0.000000,0.000000,0.000000,0.000000,0.000000,0.000000,0.000000,0.000000,0.000000,0.000000,0.000000,0.000000,0.000000,0.000000,0.000000,0.000000,0.000000,0.000000
0.000843,0.000000,0.000985,0.000000,-0.000048,0.000000,-0.001230,0.000818,0.000000,0.001204,0.000000,0.000000,-0.003266,-0.004906,-0.006151,0.000000,-0.004941,-0.005656,-0.006717,0.000000,-0.007402,-0.012828,0.000000,-0.017032,0.000000,0.000000,-0.009888,-0.004341,-0.003708,0.000000,0.000000,0.008214,0.010659,0.018014,0.025837,0.033277,0.000000,0.037530,0.027886,0.000000,0.000000,0.010741,0.000000,0.009334,0.008781,0.004818,0.001087,0.001262,0.000754,0.000470,0.000000,0.000159,0.000182,0.000258,0.000190,0.000164,0.000162,0.000220,0.000329,0.000199
0.000752,0.000000,0.000840,0.000000,0.001021,0.000000,-0.000573,0.001496,0.000000,0.002802,0.000000,0.000000,0.001219,-0.002097,-0.006704,0.000000,-0.010810,-0.010495,-0.006392,0.000000,-0.004461,-0.012164,0.000000,-0.015825,0.000000,0.000000,-0.008420,-0.002688,-0.002107,0.000000,0.000000,0.010209,0.011670,0.017224,0.019101,0.023175,0.000000,0.027886,0.034387,0.000000,0.000000,0.011264,0.000000,0.012310,0.011711,0.006401,0.002208,0.002276,0.001624,0.000601,0.000000,0.000083,0.000178,0.000244,0.000304,0.000200,0.000172,0.000315,0.000355,0.000168
0.000000,0.000000,0.000000,0.000000,0.000000,0.000000,0.000000,0.000000,0.000000,0.000000,0.000000,0.000000,0.000000,0.000000,0.000000,0.000000,0.000000,0.000000,0.000000,0.000000,0.000000,0.000000,0.000000,0.000000,0.000000,0.000000,0.000000,0.000000,0.000000,0.000000,0.000000,0.000000,0.000000,0.000000,0.000000,0.000000,0.000000,0.000000,0.000000,0.000000,0.000000,0.000000,0.000000,0.000000,0.000000,0.000000,0.000000,0.000000,0.000000,0.000000,0.000000,0.000000,0.000000,0.000000,0.000000,0.000000,0.000000,0.000000,0.000000,0.000000
0.000000,0.000000,0.000000,0.000000,0.000000,0.000000,0.000000,0.000000,0.000000,0.000000,0.000000,0.000000,0.000000,0.000000,0.000000,0.000000,0.000000,0.000000,0.000000,0.000000,0.000000,0.000000,0.000000,0.000000,0.000000,0.000000,0.000000,0.000000,0.000000,0.000000,0.000000,0.000000,0.000000,0.000000,0.000000,0.000000,0.000000,0.000000,0.000000,0.000000,0.000000,0.000000,0.000000,0.000000,0.000000,0.000000,0.000000,0.000000,0.000000,0.000000,0.000000,0.000000,0.000000,0.000000,0.000000,0.000000,0.000000,0.000000,0.000000,0.000000
0.000861,0.000000,0.001033,0.000000,0.000935,0.000000,0.000280,0.000670,0.000000,-0.000525,0.000000,0.000000,0.001920,-0.000724,-0.004293,0.000000,-0.007810,-0.008872,-0.008297,0.000000,-0.009831,-0.009741,0.000000,-0.007890,0.000000,0.000000,-0.005167,-0.003247,0.000052,0.000000,0.000000,0.009440,0.012126,0.013158,0.012754,0.014132,0.000000,0.010741,0.011264,0.000000,0.000000,0.025428,0.000000,0.010183,0.011492,0.009363,0.005555,0.004169,0.002210,0.000612,0.000000,0.000312,0.000204,0.000108,0.000120,0.000099,0.000073,0.000155,0.000222,0.000150
0.000000,0.000000,0.000000,0.000000,0.000000,0.000000,0.000000,0.000000,0.000000,0.000000,0.000000,0.000000,0.000000,0.000000,0.000000,0.000000,0.000000,0.000000,0.000000,0.000000,0.000000,0.000000,0.000000,0.000000,0.000000,0.000000,0.000000,0.000000,0.000000,0.000000,0.000000,0.000000,0.000000,0.000000,0.000000,0.000000,0.000000,0.000000,0.000000,0.000000,0.000000,0.000000,0.000000,0.000000,0.000000,0.000000,0.000000,0.000000,0.000000,0.000000,0.000000,0.000000,0.000000,0.000000,0.000000,0.000000,0.000000,0.000000,0.000000,0.000000
0.000279,0.000000,0.000145,0.000000,0.000432,0.000000,0.000649,0.001330,0.000000,0.003659,0.000000,0.000000,0.001671,-0.001833,-0.005706,0.000000,-0.007869,-0.008576,-0.005492,0.000000,-0.002465,-0.002292,0.000000,-0.002197,0.000000,0.000000,0.002714,0.004780,0.004555,0.000000,0.000000,0.007841,0.006421,0.007166,0.008710,0.010480,0.000000,0.009334,0.012310,0.000000,0.000000,0.010183,0.000000,0.016306,0.014712,0.008987,0.004599,0.003667,0.001880,0.000409,0.000000,0.000082,0.000086,-0.000014,0.000033,0.000106,0.000023,0.000093,0.000116,0.000062
0.000708,0.000000,0.000666,0.000000,0.001158,0.000000,0.001184,0.002863,0.000000,0.005425,0.000000,0.000000,0.003429,0.000187,-0.003731,0.000000,-0.006602,-0.009378,-0.006239,0.000000,-0.001796,-0.001833,0.000000,-0.003613,0.000000,0.000000,0.002572,0.005040,0.004589,0.000000,0.000000,0.007265,0.004878,0.004901,0.005206,0.006754,0.000000,0.008781,0.011711,0.000000,0.000000,0.011492,0.000000,0.014712,0.019719,0.014067,0.006990,0.005133,0.002722,0.000752,0.000000,0.000288,0.000113,0.000027,0.000163,0.000115,0.000037,0.000130,0.000115,0.000047
0.000672,0.000000,0.000472,0.000000,0.000719,0.000000,0.000732,0.001522,0.000000,0.002442,0.000000,0.000000,0.001621,-0.000574,-0.003461,0.000000,-0.005914,-0.007850,-0.005824,0.000000,-0.003898,-0.002299,0.000000,-0.002022,0.000000,0.000000,0.000958,0.002641,0.003852,0.000000,0.000000,0.005660,0.003896,0.004013,0.003780,0.003508,0.000000,0.004818,0.006401,0.000000,0.000000,0.009363,0.000000,0.008987,0.014067,0.013512,0.007253,0.004314,0.002254,0.000835,0.000000,0.000272,0.000109,0.000009,0.000155,0.000099,0.000033,0.000142,0.000098,0.000052
0.000373,0.000000,0.000475,0.000000,0.000460,0.000000,0.000568,0.000445,0.000000,0.001220,0.000000,0.000000,0.000718,-0.000207,-0.001574,0.000000,-0.003102,-0.003527,-0.002489,0.000000,-0.003101,-0.001074,0.000000,-0.000264,0.000000,0.000000,0.000357,0.001561,0.003348,0.000000,0.000000,0.003070,0.001399,0.000486,-0.000417,-0.000084,0.000000,0.001087,0.002208,0.000000,0.000000,0.005555,0.000000,0.004599,0.006990,0.007253,0.005628,0.003617,0.001791,0.000518,0.000000,0.000140,0.000068,-0.000021,0.000044,0.000054,0.000034,0.000082,0.000041,0.000014
0.000291,0.000000,0.000516,0.000000,0.000561,0.000000,0.000602,0.000687,0.000000,0.001786,0.000000,0.000000,0.000792,0.000497,-0.000809,0.000000,-0.001974,-0.002633,-0.002140,0.000000,-0.002623,-0.001871,0.000000,-0.000873,0.000000,0.000000,-0.000094,0.001171,0.002240,0.000000,0.000000,0.002525,0.001792,0.000102,-0.000891,0.000425,0.000000,0.001262,0.002276,0.000000,0.000000,0.004169,0.000000,0.003667,0.005133,0.004314,0.003617,0.003343,0.001670,0.000320,0.000000,0.000106,0.000042,0.000011,0.000052,0.000043,0.000050,0.000077,0.000057,0.000014
0.000200,0.000000,0.000238,0.000000,0.000258,0.000000,0.000366,0.000567,0.000000,0.001027,0.000000,0.000000,0.000579,0.000615,-0.000090,0.000000,-0.000655,-0.000867,-0.000598,0.000000,-0.000651,-0.000410,0.000000,-0.000168,0.000000,0.000000,-0.000433,0.000111,0.000527,0.000000,0.000000,0.001038,0.000710,-0.000037,-0.000439,0.000438,0.000000,0.000754,0.001624,0.000000,0.000000,0.002210,0.000000,0.001880,0.002722,0.002254,0.001791,0.001670,0.001084,0.000230,0.000000,0.000051,0.000011,0.000004,0.000050,0.000009,0.000028,0.000061,0.000039,0.000002
0.000070,0.000000,0.000017,0.000000,0.000081,0.000000,0.000122,0.000155,0.000000,0.000197,0.000000,0.000000,0.000167,0.000186,-0.000031,0.000000,-0.000092,-0.000110,-0.000049,0.000000,0.000000,0.000091,0.000000,-0.000229,0.000000,0.000000,-0.000401,-0.000302,-0.000254,0.000000,0.000000,0.000472,0.000393,0.000471,0.000428,0.000289,0.000000,0.000470,0.000601,0.000000,0.000000,0.000612,0.000000,0.000409,0.000752,0.000835,0.000518,0.000320,0.000230,0.000158,0.000000,0.000027,0.000023,0.000014,0.000028,0.000015,0.000015,0.000026,0.000014,0.000004
0.000000,0.000000,0.000000,0.000000,0.000000,0.000000,0.000000,0.000000,0.000000,0.000000,0.000000,0.000000,0.000000,0.000000,0.000000,0.000000,0.000000,0.000000,0.000000,0.000000,0.000000,0.000000,0.000000,0.000000,0.000000,0.000000,0.000000,0.000000,0.000000,0.000000,0.000000,0.000000,0.000000,0.000000,0.000000,0.000000,0.000000,0.000000,0.000000,0.000000,0.000000,0.000000,0.000000,0.000000,0.000000,0.000000,0.000000,0.000000,0.000000,0.000000,0.000000,0.000000,0.000000,0.000000,0.000000,0.000000,0.000000,0.000000,0.000000,0.000000
0.000064,0.000000,0.000141,0.000000,0.000188,0.000000,0.000133,0.000163,0.000000,0.000193,0.000000,0.000000,0.000194,0.000205,0.000240,0.000000,-0.000004,-0.000075,0.000108,0.000000,-0.000045,-0.000059,0.000000,-0.000108,0.000000,0.000000,-0.000410,-0.000230,-0.000230,0.000000,0.000000,0.000054,-0.000115,-0.000080,0.000025,0.000079,0.000000,0.000159,0.000083,0.000000,0.000000,0.000312,0.000000,0.000082,0.000288,0.000272,0.000140,0.000106,0.000051,0.000027,0.000000,0.000075,0.000025,0.000010,0.000017,0.000007,0.000004,0.000011,0.000012,0.000007
0.000038,0.000000,0.000086,0.000000,0.000129,0.000000,0.000038,0.000023,0.000000,0.000019,0.000000,0.000000,0.000054,0.000129,0.000078,0.000000,0.000008,-0.000030,0.000094,0.000000,-0.000042,-0.000086,0.000000,-0.000223,0.000000,0.000000,-0.000354,-0.000228,-0.000233,0.000000,0.000000,0.000000,-0.000029,0.000075,0.000163,0.000131,0.000000,0.000182,0.000178,0.000000,0.000000,0.000204,0.000000,0.000086,0.000113,0.000109,0.000068,0.000042,0.000011,0.000023,0.000000,0.000025,0.000044,0.000016,0.000013,0.000015,0.000011,0.000014,0.000013,0.000009
0.000028,0.000000,0.000076,0.000000,0.000094,0.000000,0.000070,0.000058,0.000000,0.000058,0.000000,0.000000,0.000160,0.000225,0.000256,0.000000,0.000291,0.000254,0.000305,0.000000,0.000247,0.000108,0.000000,-0.000073,0.000000,0.000000,-0.000346,-0.000379,-0.000467,0.000000,0.000000,-0.000161,-0.000075,0.000074,0.000224,0.000375,0.000000,0.000258,0.000244,0.000000,0.000000,0.000108,0.000000,-0.000014,0.000027,0.000009,-0.000021,0.000011,0.000004,0.000014,0.000000,0.000010,0.000016,0.000044,0.000021,0.000013,0.000014,0.000017,0.000015,0.000006
0.000041,0.000000,0.000085,0.000000,0.000119,0.000000,0.000092,0.000144,0.000000,0.000154,0.000000,0.000000,0.000364,0.000511,0.000463,0.000000,0.000514,0.000440,0.000425,0.000000,0.000208,-0.000026,0.000000,-0.000157,0.000000,0.000000,-0.000505,-0.000504,-0.000571,0.000000,0.000000,-0.000128,-0.000147,-0.000041,-0.000011,-0.000011,0.000000,0.000190,0.000304,0.000000,0.000000,0.000120,0.000000,0.000033,0.000163,0.000155,0.000044,0.000052,0.000050,0.000028,0.000000,0.000017,0.000013,0.000021,0.000049,0.000018,0.000019,0.000026,0.000018,0.000005
0.000028,0.000000,0.000047,0.000000,0.000075,0.000000,0.000040,0.000084,0.000000,0.000049,0.000000,0.000000,0.000119,0.000183,0.000186,0.000000,0.000150,0.000119,0.000210,0.000000,0.000155,0.000042,0.000000,-0.000106,0.000000,0.000000,-0.000317,-0.000248,-0.000292,0.000000,0.000000,0.000053,0.000068,0.000137,0.000164,0.000042,0.000000,0.000164,0.000200,0.000000,0.000000,0.000099,0.000000,0.000106,0.000115,0.000099,0.000054,0.000043,0.000009,0.000015,0.000000,0.000007,0.000015,0.000013,0.000018,0.000031,0.000018,0.000017,0.000014,0.000007
0.000036,0.000000,0.000075,0.000000,0.000073,0.000000,0.000074,0.000102,0.000000,0.000097,0.000000,0.000000,0.000056,0.000170,0.000205,0.000000,0.000217,0.000124,0.000090,0.000000,-0.000043,-0.000108,0.000000,-0.000141,0.000000,0.000000,-0.000342,-0.000257,-0.000382,0.000000,0.000000,-0.000006,0.000054,0.000106,0.000202,0.000259,0.000000,0.000162,0.000172,0.000000,0.000000,0.000073,0.000000,0.000023,0.000037,0.000033,0.000034,0.000050,0.000028,0.000015,0.000000,0.000004,0.000011,0.000014,0.000019,0.000018,0.000036,0.000022,0.000015,0.000008
0.000051,0.000000,0.000075,0.000000,0.000119,0.000000,0.000090,0.000132,0.000000,0.000129,0.000000,0.000000,0.000102,0.000272,0.000249,0.000000,0.000229,0.000184,0.000292,0.000000,0.000165,0.000029,0.000000,-0.000166,0.000000,0.000000,-0.000439,-0.000385,-0.000430,0.000000,0.000000,0.000023,-0.000018,0.000084,0.000181,0.000210,0.000000,0.000220,0.000315,0.000000,0.000000,0.000155,0.000000,0.000093,0.000130,0.000142,0.000082,0.000077,0.000061,0.000026,0.000000,0.000011,0.000014,0.000017,0.000026,0.000017,0.000022,0.000042,0.000023,0.000009
0.000047,0.000000,0.000092,0.000000,0.000138,0.000000,0.000069,0.000090,0.000000,0.000069,0.000000,0.000000,0.000097,0.000182,0.000189,0.000000,0.000143,0.000036,0.000057,0.000000,-0.000150,-0.000274,0.000000,-0.000276,0.000000,0.000000,-0.000539,-0.000476,-0.000454,0.000000,0.000000,-0.000025,0.000072,0.000210,0.000393,0.000486,0.000000,0.000329,0.000355,0.000000,0.000000,0.000222,0.000000,0.000116,0.000115,0.000098,0.000041,0.000057,0.000039,0.000014,0.000000,0.000012,0.000013,0.000015,0.000018,0.000014,0.000015,0.000023,0.000036,0.000018
0.000040,0.000000,0.000076,0.000000,0.000103,0.000000,0.000041,0.000023,0.000000,0.000035,0.000000,0.000000,-0.000001,0.000053,0.000103,0.000000,0.000063,0.000012,-0.000042,0.000000,-0.000164,-0.000151,0.000000,-0.000154,0.000000,0.000000,-0.000302,-0.000242,-0.000278,0.000000,0.000000,-0.000041,-0.000032,0.000072,0.000250,0.000318,0.000000,0.000199,0.000168,0.000000,0.000000,0.000150,0.000000,0.000062,0.000047,0.000052,0.000014,0.000014,0.000002,0.000004,0.000000,0.000007,0.000009,0.000006,0.000005,0.000007,0.000008,0.000009,0.000018,0.000024
