0.028635,0.000568,-0.001922,0.000117,-0.000676,0.002064,-0.000850,0.002013,-0.000084,0.000698,0.000589,0.001704,-0.000373,-0.000552,-0.002740,0.001838,0.002359,-0.002463
0.000568,0.082401,-0.000791,0.003473,-0.001876,-0.001338,0.000354,0.000045,-0.001788,-0.002271,0.003188,0.000575,0.002742,0.001396,-0.003557,0.000319,-0.000516,-0.000945
-0.001922,-0.000791,0.082573,0.000067,-0.002169,0.002305,0.000557,-0.002545,-0.000645,0.003242,0.000981,-0.001893,0.000191,0.000819,-0.000416,-0.001603,-0.005083,-0.001728
0.000117,0.003473,0.000067,0.027368,0.001497,-0.001599,0.001250,-0.001581,-0.000955,-0.002558,0.000927,-0.000483,-0.000116,0.001430,-0.002551,0.000734,0.001168,0.000026
-0.000676,-0.001876,-0.002169,0.001497,0.028963,-0.000005,0.001904,-0.000561,-0.001647,0.002988,0.001902,0.001050,-0.000029,0.001257,-0.001843,-0.005775,0.000064,-0.000688
0.002064,-0.001338,0.002305,-0.001599,-0.000005,0.084295,0.005088,-0.003089,0.001973,0.001996,-0.000515,0.003250,0.002897,0.002473,-0.002852,0.000518,0.000024,0.000643
-0.000850,0.000354,0.000557,0.001250,0.001904,0.005088,0.082280,-0.005454,-0.002441,0.000949,-0.005367,0.002692,0.005097,-0.001046,-0.003558,0.003222,-0.000170,-0.001081
0.002013,0.000045,-0.002545,-0.001581,-0.000561,-0.003089,-0.005454,0.084792,-0.002750,-0.002634,-0.001923,-0.000919,-0.001238,-0.003105,0.006001,0.005790,0.001874,0.001854
-0.000084,-0.001788,-0.000645,-0.000955,-0.001647,0.001973,-0.002441,-0.002750,0.082631,-0.005573,-0.000246,0.000816,-0.000705,0.000817,0.000525,-0.001819,-0.001712,-0.001376
0.000698,-0.002271,0.003242,-0.002558,0.002988,0.001996,0.000949,-0.002634,-0.005573,0.083178,-0.001112,-0.003145,-0.000286,-0.002789,0.002872,0.000275,0.001141,0.000531
0.000589,0.003188,0.000981,0.000927,0.001902,-0.000515,-0.005367,-0.001923,-0.000246,-0.001112,0.027963,-0.001231,-0.000571,0.002389,0.001002,-0.002989,0.001723,-0.001678
0.001704,0.000575,-0.001893,-0.000483,0.001050,0.003250,0.002692,-0.000919,0.000816,-0.003145,-0.001231,0.028604,0.001103,-0.000813,-0.001538,0.001842,0.001642,0.000064
-0.000373,0.002742,0.000191,-0.000116,-0.000029,0.002897,0.005097,-0.001238,-0.000705,-0.000286,-0.000571,0.001103,0.030104,0.000319,-0.003543,0.003508,0.000051,0.002688
-0.000552,0.001396,0.000819,0.001430,0.001257,0.002473,-0.001046,-0.003105,0.000817,-0.002789,0.002389,-0.000813,0.000319,0.029242,-0.000344,-0.002286,0.000785,-0.001699
-0.002740,-0.003557,-0.000416,-0.002551,-0.001843,-0.002852,-0.003558,0.006001,0.000525,0.002872,0.001002,-0.001538,-0.003543,-0.000344,0.029589,-0.002747,0.002852,0.004478
0.001838,0.000319,-0.001603,0.000734,-0.005775,0.000518,0.003222,0.005790,-0.001819,0.000275,-0.002989,0.001842,0.003508,-0.002286,-0.002747,0.085384,0.000399,-0.002412
0.002359,-0.000516,-0.005083,0.001168,0.000064,0.000024,-0.000170,0.001874,-0.001712,0.001141,0.001723,0.001642,0.000051,0.000785,0.002852,0.000399,0.027809,0.001035
-0.002463,-0.000945,-0.001728,0.000026,-0.000688,0.000643,-0.001081,0.001854,-0.001376,0.000531,-0.001678,0.000064,0.002688,-0.001699,0.004478,-0.002412,0.001035,0.081562
