1.601507,-1.680315,0.926096,0.083733,158.274857,1.436706,-0.178637,0.083342
-1.680315,137.770758,-1.980736,-2.082472,-7212.020268,-56.238239,0.737368,-7.509720
0.926096,-1.980736,4.261289,0.550983,-313.553780,-5.688117,0.507880,-0.392425
0.083733,-2.082472,0.550983,0.278676,101.886430,3.536109,0.084612,0.286943
158.274857,-7212.020268,-313.553780,101.886430,1011875.032925,3992.409412,-190.761384,479.717720
1.436706,-56.238239,-5.688117,3.536109,3992.409412,109.364149,0.124287,8.164758
-0.178637,0.737368,0.507880,0.084612,-190.761384,0.124287,3.367390,-2.985420
0.083342,-7.509720,-0.392425,0.286943,479.717720,8.164758,-2.985420,3.542125
