0.016475,0.009080,-0.001843,0.002584,0.000000,-0.000114,0.000096,-0.001776
0.009080,0.015687,-0.002411,0.002905,0.000000,-0.000087,0.000525,-0.001498
-0.001843,-0.002411,0.005695,0.000312,0.000000,-0.000024,-0.000775,-0.000219
0.002584,0.002905,0.000312,0.018583,0.000000,-0.000027,-0.000913,-0.001093
0.000000,0.000000,0.000000,0.000000,0.000000,0.000000,0.000000,0.000000
-0.000114,-0.000087,-0.000024,-0.000027,0.000000,0.007294,0.000112,-0.000359
0.000096,0.000525,-0.000775,-0.000913,0.000000,0.000112,0.003075,0.000451
-0.001776,-0.001498,-0.000219,-0.001093,0.000000,-0.000359,0.000451,0.011133
