0.016641,0.008967,-0.001695,0.002355,0.000000,-0.000171,0.000257,-0.001802
0.008967,0.015175,-0.002449,0.002578,0.000000,-0.000151,0.000684,-0.001629
-0.001695,-0.002449,0.005775,0.000535,0.000000,-0.000035,-0.000912,-0.000630
0.002355,0.002578,0.000535,0.019574,0.000000,0.000019,-0.000990,-0.001018
0.000000,0.000000,0.000000,0.000000,0.000000,0.000000,0.000000,0.000000
-0.000171,-0.000151,-0.000035,0.000019,0.000000,0.005805,0.000070,-0.000270
0.000257,0.000684,-0.000912,-0.000990,0.000000,0.000070,0.003398,0.000615
-0.001802,-0.001629,-0.000630,-0.001018,0.000000,-0.000270,0.000615,0.012590
