0.020799,0.011727,-0.002621,0.002903,0.000000,-0.000155,0.000148,-0.001995
0.011727,0.020725,-0.003508,0.003339,0.000000,-0.000121,0.000827,-0.001722
-0.002621,-0.003508,0.009125,0.000396,0.000000,-0.000037,-0.001344,-0.000278
0.002903,0.003339,0.000396,0.018583,0.000000,-0.000032,-0.001251,-0.001093
0.000000,0.000000,0.000000,0.000000,0.000000,0.000000,0.000000,0.000000
-0.000155,-0.000121,-0.000037,-0.000032,0.000000,0.010588,0.000185,-0.000432
0.000148,0.000827,-0.001344,-0.001251,0.000000,0.000185,0.005770,0.000618
-0.001995,-0.001722,-0.000278,-0.001093,0.000000,-0.000432,0.000618,0.011133
