0.021318,0.012207,-0.002984,0.002210,0.000000,-0.000186,0.000607,-0.002142
0.012207,0.021045,-0.003986,0.002253,0.000000,-0.000146,0.001216,-0.001627
-0.002984,-0.003986,0.009538,0.001166,0.000000,-0.000200,-0.001789,-0.000526
0.002210,0.002253,0.001166,0.018196,0.000000,-0.000096,-0.001623,-0.001189
0.000000,0.000000,0.000000,0.000000,0.000000,0.000000,0.000000,0.000000
-0.000186,-0.000146,-0.000200,-0.000096,0.000000,0.009379,0.000220,-0.000399
0.000607,0.001216,-0.001789,-0.001623,0.000000,0.000220,0.005940,0.000907
-0.002142,-0.001627,-0.000526,-0.001189,0.000000,-0.000399,0.000907,0.012456
