0.000000,0.000000,0.000000,0.000000,0.000000,0.000000,0.000000,0.000000
0.000000,158.268616,-4.559766,-0.448840,-4181.912714,0.000000,0.388696,-2.827920
0.000000,-4.559766,5.303890,0.792355,-192.013567,0.000000,0.560655,-0.161552
0.000000,-0.448840,0.792355,0.173471,-31.634534,0.000000,0.069773,0.007056
0.000000,-4181.912714,-192.013567,-31.634534,1306696.349623,0.000000,-283.046540,250.081781
0.000000,0.000000,0.000000,0.000000,0.000000,0.000000,0.000000,0.000000
0.000000,0.388696,0.560655,0.069773,-283.046540,0.000000,4.548226,-3.940991
0.000000,-2.827920,-0.161552,0.007056,250.081781,0.000000,-3.940991,3.999064
