0.000000,0.000000,0.000000,0.000000,0.000000,0.000000,0.000000,0.000000
0.000000,156.628910,-4.600429,-0.476688,-4247.245066,0.000000,0.231921,-2.700056
0.000000,-4.600429,5.928637,0.899586,-205.733008,0.000000,0.580234,-0.137358
0.000000,-0.476688,0.899586,0.189965,-34.810167,0.000000,0.071005,0.014073
0.000000,-4247.245066,-205.733008,-34.810167,1309404.427888,0.000000,-266.265134,228.745394
0.000000,0.000000,0.000000,0.000000,0.000000,0.000000,0.000000,0.000000
0.000000,0.231921,0.580234,0.071005,-266.265134,0.000000,4.553972,-3.947414
0.000000,-2.700056,-0.137358,0.014073,228.745394,0.000000,-3.947414,4.004902
