0.000000,0.000000,0.000000,0.000000,0.000000,0.000000,0.000000,0.000000
0.000000,0.060219,-0.000639,-0.000277,-0.002334,0.000000,0.000483,-0.005273
0.000000,-0.000639,0.000298,0.000189,-0.000041,0.000000,0.000437,-0.000097
0.000000,-0.000277,0.000189,0.000167,-0.000029,0.000000,0.000224,0.000042
0.000000,-0.002334,-0.000041,-0.000029,0.001029,0.000000,-0.000793,0.000639
0.000000,0.000000,0.000000,0.000000,0.000000,0.000000,0.000000,0.000000
0.000000,0.000483,0.000437,0.000224,-0.000793,0.000000,0.051429,-0.041782
0.000000,-0.005273,-0.000097,0.000042,0.000639,0.000000,-0.041782,0.039731
