0.017150,-0.003658,0.000636,-0.000038,0.000095,-0.000004,-0.002551,-0.001054
-0.003658,0.061069,-0.000572,-0.000180,-0.001158,0.000021,0.000269,-0.005403
0.000636,-0.000572,0.000264,0.000172,0.000009,0.000000,0.000335,-0.000058
-0.000038,-0.000180,0.000172,0.000152,-0.000001,0.000000,0.000191,0.000038
0.000095,-0.001158,0.000009,-0.000001,0.000562,0.000006,-0.000189,0.000154
-0.000004,0.000021,0.000000,0.000000,0.000006,0.000027,0.000009,-0.000002
-0.002551,0.000269,0.000335,0.000191,-0.000189,0.000009,0.049865,-0.037295
-0.001054,-0.005403,-0.000058,0.000038,0.000154,-0.000002,-0.037295,0.036893
