0.016994,-0.003740,0.000644,-0.000030,0.000093,0.000028,-0.002473,-0.001048
-0.003740,0.060770,-0.000569,-0.000192,-0.001142,0.000049,0.000471,-0.005637
0.000644,-0.000569,0.000252,0.000161,0.000007,0.000000,0.000336,-0.000066
-0.000030,-0.000192,0.000161,0.000143,-0.000002,0.000000,0.000191,0.000029
0.000093,-0.001142,0.000007,-0.000002,0.000636,0.000018,-0.000226,0.000208
0.000028,0.000049,0.000000,0.000000,0.000018,0.000096,0.000035,-0.000023
-0.002473,0.000471,0.000336,0.000191,-0.000226,0.000035,0.049800,-0.037378
-0.001048,-0.005637,-0.000066,0.000029,0.000208,-0.000023,-0.037378,0.036962
