0.017295,-0.003750,0.000648,-0.000034,0.000086,0.000022,-0.002462,-0.001127
-0.003750,0.060639,-0.000605,-0.000209,-0.001183,0.000032,0.000424,-0.005527
0.000648,-0.000605,0.000218,0.000137,0.000008,-0.000000,0.000331,-0.000054
-0.000034,-0.000209,0.000137,0.000123,-0.000002,0.000000,0.000178,0.000047
0.000086,-0.001183,0.000008,-0.000002,0.000637,0.000013,-0.000240,0.000207
0.000022,0.000032,-0.000000,0.000000,0.000013,0.000070,0.000018,-0.000015
-0.002462,0.000424,0.000331,0.000178,-0.000240,0.000018,0.050210,-0.037493
-0.001127,-0.005527,-0.000054,0.000047,0.000207,-0.000015,-0.037493,0.036994
