0.016912,-0.003490,0.000627,-0.000036,0.000081,0.000022,-0.002432,-0.001100
-0.003490,0.060199,-0.000579,-0.000211,-0.001190,0.000032,0.000210,-0.005476
0.000627,-0.000579,0.000283,0.000183,0.000007,-0.000000,0.000349,-0.000046
-0.000036,-0.000211,0.000183,0.000157,-0.000002,0.000000,0.000196,0.000051
0.000081,-0.001190,0.000007,-0.000002,0.000640,0.000013,-0.000216,0.000191
0.000022,0.000032,-0.000000,0.000000,0.000013,0.000070,0.000018,-0.000015
-0.002432,0.000210,0.000349,0.000196,-0.000216,0.000018,0.049918,-0.037140
-0.001100,-0.005476,-0.000046,0.000051,0.000191,-0.000015,-0.037140,0.036712
