5462.620185,-437.312404,-1112.213224,10.977496,30.545270,-2134.484995,2344.007054,79.481598
-437.312404,3312.455607,-1404.453119,91.064950,-17.849215,-784.951939,-2183.714109,642.463692
-1112.213224,-1404.453119,2110.174905,-174.519096,68.782180,-29.750037,598.447222,-347.427851
10.977496,91.064950,-174.519096,209.029363,-46.192097,-121.830234,-342.426086,185.735660
30.545270,-17.849215,68.782180,-46.192097,20.908158,-36.846112,79.540558,-24.188696
-2134.484995,-784.951939,-29.750037,-121.830234,-36.846112,2007.694109,-129.647401,-340.181553
2344.007054,-2183.714109,598.447222,-342.426086,79.540558,-129.647401,3259.514826,58.513352
79.481598,642.463692,-347.427851,185.735660,-24.188696,-340.181553,58.513352,1050.434223
