4564.315334,-1881.867252,-883.773508,-30.450274,39.701544,-1484.193731,-973.475742,156.680898
-1881.867252,4002.117487,-631.216074,-17.763220,25.666611,-860.852227,-613.821200,321.847176
-883.773508,-631.216074,1918.605785,-51.143770,31.838765,330.987430,193.973188,-141.603978
-30.450274,-17.763220,-51.143770,165.283912,-37.820774,-29.534060,-110.648932,73.020653
39.701544,25.666611,31.838765,-37.820774,27.935285,-42.062005,38.654888,-1.415333
-1484.193731,-860.852227,330.987430,-29.534060,-42.062005,2031.247722,-112.416669,-270.300218
-973.475742,-613.821200,193.973188,-110.648932,38.654888,-112.416669,2592.809276,325.467992
156.680898,321.847176,-141.603978,73.020653,-1.415333,-270.300218,325.467992,914.571839
