0.024888,-0.005446,-0.011834,-0.000805,0.004001,-0.010652,-0.005984,0.001715
-0.005446,0.021808,-0.008930,-0.000232,-0.000510,-0.004385,-0.003033,0.001371
-0.011834,-0.008930,0.048502,-0.003042,0.013034,-0.004730,0.004417,-0.002791
-0.000805,-0.000232,-0.003042,0.010198,-0.008349,-0.002240,-0.003249,0.003872
0.004001,-0.000510,0.013034,-0.008349,0.019118,-0.006091,0.004133,-0.001145
-0.010652,-0.004385,-0.004730,-0.002240,-0.006091,0.018928,-0.003060,-0.002636
-0.005984,-0.003033,0.004417,-0.003249,0.004133,-0.003060,0.018422,-0.003077
0.001715,0.001371,-0.002791,0.003872,-0.001145,-0.002636,-0.003077,0.008261
