1.213040,0.040455,0.974788,0.066742,0.431864,0.006877
0.040455,0.073073,0.056879,0.027395,-0.027894,-0.000311
0.974788,0.056879,4.559819,0.457965,1.064649,-0.001097
0.066742,0.027395,0.457965,0.292580,-0.287604,-0.005547
0.431864,-0.027894,1.064649,-0.287604,1.662596,0.013587
0.006877,-0.000311,-0.001097,-0.005547,0.013587,0.010337
