1.229047,0.036478,0.920941,0.053704,0.390407,-0.000870
0.036478,0.072882,0.067356,0.010659,0.007133,-0.001387
0.920941,0.067356,4.277514,0.486501,0.780072,0.001180
0.053704,0.010659,0.486501,0.295185,-0.257392,0.000902
0.390407,0.007133,0.780072,-0.257392,1.501700,-0.001720
-0.000870,-0.001387,0.001180,0.000902,-0.001720,0.010433
