0.086350,0.000334,0.002063,0.000279,0.002015,0.000927
0.000334,0.133200,-0.005474,0.018827,-0.005636,-0.002221
0.002063,-0.005474,0.120759,0.027242,0.064238,0.000341
0.000279,0.018827,0.027242,0.045350,-0.023985,-0.006720
0.002015,-0.005636,0.064238,-0.023985,0.088852,0.007808
0.000927,-0.002221,0.000341,-0.006720,0.007808,0.097861
