6.569020,-0.006144,0.003013,0.137850,0.002918,-0.213498,-1.616465,0.030510,-0.130309,-0.000216,-0.078121
-0.006144,0.037536,0.000664,-0.010208,0.000115,-0.007334,0.371162,0.000231,-0.019195,0.001286,-0.018513
0.003013,0.000664,0.019021,0.017740,0.000311,-0.017607,-0.193744,0.005498,-0.003288,0.000665,-0.013434
0.137850,-0.010208,0.017740,1.286109,0.000822,-0.136293,-1.492460,0.014542,0.044604,0.019955,0.024976
0.002918,0.000115,0.000311,0.000822,0.000682,-0.003169,-0.005815,-0.000395,0.000980,0.000006,0.004294
-0.213498,-0.007334,-0.017607,-0.136293,-0.003169,24.936160,8.182674,-0.034694,0.054957,-0.006979,0.118658
-1.616465,0.371162,-0.193744,-1.492460,-0.005815,8.182674,384.144041,-0.432385,0.720600,-0.020068,-3.134503
0.030510,0.000231,0.005498,0.014542,-0.000395,-0.034694,-0.432385,0.091471,-0.002916,0.003436,-0.028004
-0.130309,-0.019195,-0.003288,0.044604,0.000980,0.054957,0.720600,-0.002916,1.084952,-0.005827,0.267096
-0.000216,0.001286,0.000665,0.019955,0.000006,-0.006979,-0.020068,0.003436,-0.005827,0.044011,-0.015695
-0.078121,-0.018513,-0.013434,0.024976,0.004294,0.118658,-3.134503,-0.028004,0.267096,-0.015695,9.194787
