1.386031,-2.671913,1.340820,0.016498,168.985338,0.003663,-0.199783,0.044187
-2.671913,92.813944,-2.631447,-0.209331,-7640.111491,-9.949056,3.211986,-2.472466
1.340820,-2.631447,2.544777,0.296520,-13.192486,0.144098,0.361821,-0.024991
0.016498,-0.209331,0.296520,0.101264,-17.686010,-0.028651,0.048423,0.000221
168.985338,-7640.111491,-13.192486,-17.686010,2272240.978087,5653.142930,-1735.013996,656.219607
0.003663,-9.949056,0.144098,-0.028651,5653.142930,17.833229,-4.924917,1.738342
-0.199783,3.211986,0.361821,0.048423,-1735.013996,-4.924917,3.656719,-2.476229
0.044187,-2.472466,-0.024991,0.000221,656.219607,1.738342,-2.476229,2.276890
