1.319721,-2.916081,1.156875,0.031161,125.302746,-0.024667,-0.206231,0.001440
-2.916081,96.902973,-2.769332,-0.205902,-2231.621299,8.523255,-1.697519,-0.733460
1.156875,-2.769332,2.364088,0.400160,-102.235046,0.004487,0.350563,-0.053497
0.031161,-0.205902,0.400160,0.116413,-22.643707,-0.023865,0.055916,0.003114
125.302746,-2231.621299,-102.235046,-22.643707,934853.063450,2576.415314,-524.153977,131.841853
-0.024667,8.523255,0.004487,-0.023865,2576.415314,18.977395,-3.704239,0.513154
-0.206231,-1.697519,0.350563,0.055916,-524.153977,-3.704239,2.945254,-1.415822
0.001440,-0.733460,-0.053497,0.003114,131.841853,0.513154,-1.415822,1.367653
