0.003901,-0.000813,0.000230,0.000014,0.000000,-0.000004,-0.000454,0.000049
-0.000813,0.026666,-0.000400,-0.000122,-0.002359,-0.000030,-0.000018,-0.002321
0.000230,-0.000400,0.000159,0.000120,-0.000046,-0.000001,0.000359,-0.000030
0.000014,-0.000122,0.000120,0.000105,-0.000023,-0.000000,0.000211,0.000006
0.000000,-0.002359,-0.000046,-0.000023,0.000550,0.000010,-0.000510,0.000311
-0.000004,-0.000030,-0.000001,-0.000000,0.000010,0.000000,-0.000017,0.000011
-0.000454,-0.000018,0.000359,0.000211,-0.000510,-0.000017,0.025528,-0.022114
0.000049,-0.002321,-0.000030,0.000006,0.000311,0.000011,-0.022114,0.020580
