0.006267,-0.003887,0.000564,0.000061,0.000242,-0.000002,-0.001517,-0.000011
-0.003887,0.034609,-0.000404,-0.000132,-0.001618,0.000041,-0.001559,-0.001302
0.000564,-0.000404,0.000119,0.000084,-0.000021,-0.000000,0.000269,-0.000042
0.000061,-0.000132,0.000084,0.000102,-0.000021,-0.000001,0.000180,0.000007
0.000242,-0.001618,-0.000021,-0.000021,0.000723,0.000059,-0.001084,0.000293
-0.000002,0.000041,-0.000000,-0.000001,0.000059,0.000013,-0.000218,0.000025
-0.001517,-0.001559,0.000269,0.000180,-0.001084,-0.000218,0.029315,-0.014610
-0.000011,-0.001302,-0.000042,0.000007,0.000293,0.000025,-0.014610,0.013549
