0.008227,-0.000122,-0.000349,-0.000064,0.000029,0.000400,0.000615,-0.000004,0.000454,-0.000546,0.000168,0.000278,0.000294,-0.000453,-0.000173,0.000325,-0.000450,0.000376
-0.000122,0.008947,-0.000907,0.000722,-0.000158,-0.000261,0.000671,-0.000001,0.000195,-0.000064,0.000054,0.000878,-0.000295,-0.000481,-0.000106,-0.000105,0.000166,0.000422
-0.000349,-0.000907,0.008006,0.000237,-0.000401,0.000206,-0.000381,0.000119,0.000608,-0.000285,-0.000286,0.000689,-0.000567,-0.000030,-0.000197,0.000041,0.000779,-0.000053
-0.000064,0.000722,0.000237,0.008316,0.000186,-0.000023,-0.000829,0.000298,0.000182,0.000138,0.000129,0.000107,0.000374,0.000340,0.000322,0.000163,-0.000019,-0.000405
0.000029,-0.000158,-0.000401,0.000186,0.010289,-0.000174,-0.000270,-0.000477,0.000101,-0.000425,-0.000253,-0.000574,-0.000861,-0.000102,0.000323,0.000350,0.000240,-0.000562
0.000400,-0.000261,0.000206,-0.000023,-0.000174,0.006730,0.000071,0.000405,0.000550,-0.000329,0.000598,0.000473,-0.000111,0.000501,-0.000448,-0.000261,0.000218,0.000145
0.000615,0.000671,-0.000381,-0.000829,-0.000270,0.000071,0.008231,0.000098,-0.000192,0.000237,-0.000149,0.000091,-0.000158,-0.000532,-0.000428,-0.000061,-0.000428,-0.000577
-0.000004,-0.000001,0.000119,0.000298,-0.000477,0.000405,0.000098,0.005957,0.000141,0.000109,-0.000100,0.000063,0.000345,-0.000381,0.000030,0.000092,0.000187,-0.000165
0.000454,0.000195,0.000608,0.000182,0.000101,0.000550,-0.000192,0.000141,0.007625,-0.001185,0.000240,-0.000436,-0.000760,0.000872,0.000212,0.000280,0.000380,0.000054
-0.000546,-0.000064,-0.000285,0.000138,-0.000425,-0.000329,0.000237,0.000109,-0.001185,0.006691,-0.000005,-0.000236,0.000203,-0.000187,-0.000333,-0.000069,0.000689,-0.000468
0.000168,0.000054,-0.000286,0.000129,-0.000253,0.000598,-0.000149,-0.000100,0.000240,-0.000005,0.007333,-0.000102,0.000808,0.000398,-0.000101,-0.000045,0.000341,-0.000632
0.000278,0.000878,0.000689,0.000107,-0.000574,0.000473,0.000091,0.000063,-0.000436,-0.000236,-0.000102,0.007115,-0.000345,-0.000549,0.000856,0.000281,-0.000127,-0.000030
0.000294,-0.000295,-0.000567,0.000374,-0.000861,-0.000111,-0.000158,0.000345,-0.000760,0.000203,0.000808,-0.000345,0.008752,0.000063,-0.000421,0.000047,-0.000066,-0.000221
-0.000453,-0.000481,-0.000030,0.000340,-0.000102,0.000501,-0.000532,-0.000381,0.000872,-0.000187,0.000398,-0.000549,0.000063,0.007670,-0.000653,-0.000335,0.000208,-0.000392
-0.000173,-0.000106,-0.000197,0.000322,0.000323,-0.000448,-0.000428,0.000030,0.000212,-0.000333,-0.000101,0.000856,-0.000421,-0.000653,0.009208,-0.000032,0.000661,0.000013
0.000325,-0.000105,0.000041,0.000163,0.000350,-0.000261,-0.000061,0.000092,0.000280,-0.000069,-0.000045,0.000281,0.000047,-0.000335,-0.000032,0.004934,-0.000170,0.000135
-0.000450,0.000166,0.000779,-0.000019,0.000240,0.000218,-0.000428,0.000187,0.000380,0.000689,0.000341,-0.000127,-0.000066,0.000208,0.000661,-0.000170,0.008462,-0.000080
0.000376,0.000422,-0.000053,-0.000405,-0.000562,0.000145,-0.000577,-0.000165,0.000054,-0.000468,-0.000632,-0.000030,-0.000221,-0.000392,0.000013,0.000135,-0.000080,0.012087
