0.059428,-0.001902,0.000234,0.002452,0.001178,-0.000753,-0.000265,-0.000663,-0.000585,0.003535,-0.001580,-0.002249,-0.000577,-0.003005,0.005647,0.002663,-0.003186,-0.000456
-0.001902,0.061592,-0.001669,-0.001733,-0.001414,-0.002114,0.002245,-0.001507,-0.002188,0.003053,0.002961,-0.001334,-0.004355,-0.001378,0.004588,-0.004139,0.001010,-0.000598
0.000234,-0.001669,0.057138,0.000447,0.000189,0.001339,0.002974,-0.000117,0.005432,0.001098,0.001123,0.002179,-0.000413,-0.001635,-0.001756,0.001123,-0.001175,-0.000669
0.002452,-0.001733,0.000447,0.053809,0.005211,-0.001082,-0.005760,0.000615,0.000468,0.000308,0.000888,-0.006983,-0.001442,0.000371,0.006058,-0.007031,0.001136,0.000910
0.001178,-0.001414,0.000189,0.005211,0.056490,0.001223,-0.002049,0.001406,-0.002009,0.005695,0.001832,0.002114,0.000507,-0.002630,-0.000364,-0.000744,-0.000149,-0.002727
-0.000753,-0.002114,0.001339,-0.001082,0.001223,0.059830,0.006300,-0.005141,0.002973,0.000134,-0.003014,0.004104,0.001809,0.001582,-0.002768,0.000687,-0.001434,0.001056
-0.000265,0.002245,0.002974,-0.005760,-0.002049,0.006300,0.055605,-0.001395,-0.003758,0.001270,-0.002016,0.001772,0.004479,-0.005758,-0.007597,0.004670,0.000115,-0.000833
-0.000663,-0.001507,-0.000117,0.000615,0.001406,-0.005141,-0.001395,0.059192,-0.004742,0.002358,0.000420,-0.000692,-0.003045,-0.003565,0.004967,0.003363,0.002879,0.006029
-0.000585,-0.002188,0.005432,0.000468,-0.002009,0.002973,-0.003758,-0.004742,0.059618,-0.005554,0.000343,-0.000842,-0.000650,0.005794,0.001383,-0.000153,-0.000750,0.000857
0.003535,0.003053,0.001098,0.000308,0.005695,0.000134,0.001270,0.002358,-0.005554,0.054958,-0.002912,0.002357,0.000804,-0.003926,-0.002271,0.000527,0.001096,-0.003310
-0.001580,0.002961,0.001123,0.000888,0.001832,-0.003014,-0.002016,0.000420,0.000343,-0.002912,0.062374,0.000943,-0.002154,-0.001189,0.001643,-0.000895,0.000812,-0.004091
-0.002249,-0.001334,0.002179,-0.006983,0.002114,0.004104,0.001772,-0.000692,-0.000842,0.002357,0.000943,0.059175,-0.000520,-0.001468,-0.002553,0.000854,0.002682,-0.001968
-0.000577,-0.004355,-0.000413,-0.001442,0.000507,0.001809,0.004479,-0.003045,-0.000650,0.000804,-0.002154,-0.000520,0.054385,0.002322,-0.000238,-0.000349,-0.001697,0.002009
-0.003005,-0.001378,-0.001635,0.000371,-0.002630,0.001582,-0.005758,-0.003565,0.005794,-0.003926,-0.001189,-0.001468,0.002322,0.056800,-0.001012,0.001975,-0.003852,0.002258
0.005647,0.004588,-0.001756,0.006058,-0.000364,-0.002768,-0.007597,0.004967,0.001383,-0.002271,0.001643,-0.002553,-0.000238,-0.001012,0.061187,-0.000247,0.001367,-0.002065
0.002663,-0.004139,0.001123,-0.007031,-0.000744,0.000687,0.004670,0.003363,-0.000153,0.000527,-0.000895,0.000854,-0.000349,0.001975,-0.000247,0.060496,0.002476,-0.001132
-0.003186,0.001010,-0.001175,0.001136,-0.000149,-0.001434,0.000115,0.002879,-0.000750,0.001096,0.000812,0.002682,-0.001697,-0.003852,0.001367,0.002476,0.057926,0.003793
-0.000456,-0.000598,-0.000669,0.000910,-0.002727,0.001056,-0.000833,0.006029,0.000857,-0.003310,-0.004091,-0.001968,0.002009,0.002258,-0.002065,-0.001132,0.003793,0.058255
