0.000547,0.000367,0.000470,0.000091,0.000424,0.000194,0.000384,0.000485,0.000771,0.000535,0.000836,0.000142,0.000660,0.000785,0.000709,0.000892,0.000305,0.000817,0.000329,0.000492,0.000618,-0.000032,-0.001235,-0.000237,-0.001039,-0.001551,-0.001226,-0.000807,-0.000597,-0.000142,-0.000014,-0.000019,-0.000213,-0.001099,0.000480,0.001195,0.000067,-0.000424,0.001049,0.000140,0.000541,0.000083,0.000156,0.000676,0.000655,0.000555,0.000124,0.000057,0.000200,0.000012,0.000044,0.000059,0.000003,0.000018,0.000023,-0.000006,0.000039,0.000016,0.000033,0.000027
0.000367,0.000972,0.000683,0.000028,0.000578,0.000200,0.000392,0.000487,0.000496,0.000066,0.000790,0.000355,0.001044,0.001396,0.001354,0.001068,0.001079,0.000046,0.002124,0.000292,0.000898,-0.000509,-0.001460,-0.000178,-0.000843,-0.001035,-0.000537,-0.000924,-0.000613,0.000088,-0.000033,-0.000123,-0.000192,-0.000476,0.000966,0.000809,0.000057,0.000286,0.000508,0.000024,0.000691,0.000961,0.000054,0.000207,0.001026,0.000681,0.000205,0.000127,0.000218,0.000020,0.000088,0.000049,0.000029,0.000026,0.000067,0.000028,0.000063,0.000042,0.000047,0.000049
0.000470,0.000683,0.001530,0.000280,0.000852,-0.000172,0.000274,0.000692,0.001077,0.000262,0.001367,-0.000021,0.000805,0.000474,0.000733,0.000933,-0.000067,0.000498,-0.000068,0.001845,0.000055,0.001267,-0.001621,-0.000730,-0.001842,-0.000736,-0.000638,-0.000323,-0.001328,-0.000174,0.000839,0.000088,-0.000423,-0.000608,0.001024,0.000510,-0.000017,0.000084,0.000919,-0.000198,0.001528,0.000880,0.000703,0.000544,0.001418,0.000775,0.000233,0.000070,0.000299,0.000010,0.000094,0.000089,0.000029,0.000037,0.000040,0.000015,0.000052,0.000017,0.000075,0.000077
0.000091,0.000028,0.000280,0.001289,0.000044,-0.000058,-0.000047,0.000592,0.000979,0.000354,0.000441,-0.000065,0.000400,0.001205,0.001613,0.001831,0.001404,0.000792,0.001425,0.001245,0.001762,0.000193,-0.000382,0.000673,-0.001542,-0.000694,-0.001488,-0.000901,-0.000977,-0.000104,-0.000210,0.000297,0.000948,0.000431,0.000310,0.000752,-0.000688,-0.000085,0.000470,-0.000284,0.001285,0.000815,0.000230,0.000791,0.000522,0.000156,-0.000243,0.000441,0.000323,-0.000002,0.000039,0.000044,-0.000014,0.000056,0.000013,0.000037,0.000016,0.000036,0.000049,0.000029
0.000424,0.000578,0.000852,0.000044,0.003686,0.000579,0.000451,0.000313,0.000579,0.000501,-0.000591,-0.000516,0.001147,-0.001088,-0.002158,0.001376,0.000708,0.002904,0.001215,0.001204,0.001719,0.000878,-0.001453,-0.001610,-0.002279,0.000383,0.001552,0.000442,0.000309,-0.000137,0.000090,0.000269,-0.002460,-0.002721,-0.000879,0.000907,0.000737,-0.000026,0.002969,0.000506,0.000331,0.000277,0.001188,-0.000515,0.000751,0.000353,-0.000087,-0.000240,-0.000086,-0.000100,0.000007,0.000151,0.000043,-0.000003,0.000003,-0.000010,0.000057,0.000005,0.000080,0.000045
0.000194,0.000200,-0.000172,-0.000058,0.000579,0.004529,0.000083,0.000617,0.000530,0.001669,0.001681,0.001720,0.002278,0.003130,0.001607,0.002146,0.000617,0.002304,0.002497,-0.001253,0.003097,0.000454,-0.002860,0.002972,0.000500,0.001047,-0.000483,0.000692,0.000032,-0.000211,0.000562,0.000375,-0.002393,-0.001726,-0.001664,-0.000659,-0.000469,-0.001491,0.001537,-0.000049,-0.000796,0.000467,0.001245,0.001003,0.001281,-0.000743,0.000122,0.000174,-0.000193,0.000056,0.000073,0.000087,0.000069,-0.000039,0.000049,0.000043,0.000012,0.000025,-0.000016,-0.000015
0.000384,0.000392,0.000274,-0.000047,0.000451,0.000083,0.005244,0.000641,0.002934,0.000787,0.000665,0.001756,0.000603,0.001939,0.001872,-0.000659,-0.000446,-0.000404,0.002335,-0.000489,0.003962,-0.001107,-0.000145,0.003626,0.000733,0.001853,-0.000539,-0.000265,0.003495,0.001507,-0.001065,-0.002370,-0.003002,-0.001829,0.000342,0.000258,0.001450,-0.001070,0.002748,0.000470,0.000765,0.000100,-0.000513,-0.000369,0.000495,0.000692,-0.000816,-0.000387,-0.000081,-0.000015,0.000189,0.000029,0.000020,0.000050,-0.000036,0.000041,0.000096,0.000044,0.000075,0.000024
0.000485,0.000487,0.000692,0.000592,0.000313,0.000617,0.000641,0.007417,0.004817,0.001643,0.000329,0.000941,0.002681,0.002919,0.000931,0.004799,-0.000079,0.000378,0.000934,-0.001087,0.000691,0.001911,-0.005399,-0.000669,0.000382,-0.007204,-0.002244,-0.000399,0.001470,0.001610,-0.000128,-0.000620,-0.000622,-0.000817,0.004731,0.003834,0.004022,0.000584,0.000888,0.003601,0.001888,0.001598,0.001576,0.001334,0.000459,0.002479,0.000574,0.000697,0.000843,0.000065,0.000162,0.000143,0.000070,0.000113,0.000021,0.000072,0.000056,0.000038,0.000125,0.000044
0.000771,0.000496,0.001077,0.000979,0.000579,0.000530,0.002934,0.004817,0.016699,0.004877,0.005797,0.002686,0.003610,0.003921,-0.000188,0.005089,-0.001017,0.004653,0.002266,0.000591,0.003583,-0.002581,-0.000049,0.000549,-0.001714,-0.007361,-0.003135,0.002252,0.000739,0.000113,-0.006422,-0.000097,-0.001719,-0.004414,-0.000612,0.005468,0.002965,-0.005965,0.002994,0.002381,0.000204,-0.001625,0.001587,0.002511,0.002121,0.003904,-0.000474,0.001306,0.001150,-0.000075,0.000209,0.000295,-0.000057,0.000126,0.000085,0.000099,0.000132,0.000064,0.000061,0.000023
0.000535,0.000066,0.000262,0.000354,0.000501,0.001669,0.000787,0.001643,0.004877,0.018178,0.008643,0.004037,0.004717,0.002230,0.001655,0.002080,0.001845,0.000760,-0.001537,0.003871,-0.002202,0.004825,0.001529,-0.003722,-0.000905,-0.003010,-0.004519,-0.002602,-0.008339,-0.005487,0.002184,0.002469,-0.003055,-0.002264,-0.000882,0.002039,0.002826,-0.006507,0.000783,0.003603,0.001511,-0.002834,0.001674,0.000276,0.005042,0.003149,0.000949,0.001992,0.000532,0.000094,0.000005,0.000042,-0.000032,0.000092,-0.000062,-0.000027,-0.000007,-0.000085,-0.000062,-0.000000
0.000836,0.000790,0.001367,0.000441,-0.000591,0.001681,0.000665,0.000329,0.005797,0.008643,0.026179,0.008799,0.010534,0.007603,0.009589,0.004104,0.002259,0.005234,0.008243,0.007918,0.003379,0.002094,0.003700,-0.001104,-0.000724,-0.001638,-0.008248,-0.008821,-0.012790,-0.006587,-0.003332,-0.001461,-0.002893,-0.003085,-0.003649,-0.004660,-0.003748,-0.005275,0.005784,-0.001470,0.000202,-0.000744,0.003735,0.004803,0.008042,0.003109,0.001074,0.000915,0.001278,0.000120,0.000259,0.000228,-0.000046,0.000062,0.000191,0.000133,0.000199,0.000034,-0.000145,0.000007
0.000142,0.000355,-0.000021,-0.000065,-0.000516,0.001720,0.001756,0.000941,0.002686,0.004037,0.008799,0.030165,0.012710,0.005937,0.006391,0.003218,0.008312,0.010097,0.013349,0.012706,0.003630,0.002925,0.002708,-0.001414,-0.007946,-0.001259,-0.008403,-0.007103,-0.007624,-0.007291,-0.006430,-0.001634,-0.009054,-0.003597,-0.003813,-0.004534,-0.001263,-0.001710,0.003204,-0.004088,-0.004094,-0.001364,0.001437,0.004738,0.001922,-0.002407,0.000440,-0.001792,0.000105,-0.000093,0.000183,0.000064,-0.000049,0.000046,0.000202,0.000157,0.000097,-0.000054,0.000020,0.000001
0.000660,0.001044,0.000805,0.000400,0.001147,0.002278,0.000603,0.002681,0.003610,0.004717,0.010534,0.012710,0.031482,0.006854,0.011112,0.004075,0.009462,0.009101,0.017442,0.008234,0.008752,0.001711,-0.001931,-0.006076,-0.007275,0.001057,-0.001966,0.003296,-0.003243,-0.005482,-0.003725,-0.006041,-0.008586,-0.003032,-0.004199,-0.003039,-0.004599,-0.004719,0.001190,-0.002825,-0.003189,-0.000321,0.000917,0.003137,0.001756,-0.001673,-0.000397,-0.000961,0.000492,0.000005,0.000313,0.000005,0.000091,0.000100,0.000099,0.000113,0.000111,0.000059,0.000188,0.000053
0.000785,0.001396,0.000474,0.001205,-0.001088,0.003130,0.001939,0.002919,0.003921,0.002230,0.007603,0.005937,0.006854,0.035854,0.018020,0.010495,0.016710,0.009464,0.009718,0.005890,0.010325,-0.002766,0.002928,0.003775,0.003357,-0.005880,-0.005348,-0.007347,-0.004969,-0.003388,-0.002014,-0.008175,-0.006261,-0.002026,-0.003953,0.000441,-0.003973,-0.006243,0.000847,-0.002059,0.000622,0.005837,-0.001247,0.005478,0.001358,-0.000905,0.000933,0.000840,0.001581,0.000011,0.000513,0.000166,-0.000008,0.000066,0.000072,0.000236,0.000208,0.000170,0.000038,0.000081
0.000709,0.001354,0.000733,0.001613,-0.002158,0.001607,0.001872,0.000931,-0.000188,0.001655,0.009589,0.006391,0.011112,0.018020,0.050949,0.014768,0.017136,0.009826,0.019399,0.005932,0.022498,0.007618,0.006023,-0.009532,-0.005666,0.006767,-0.009992,-0.009380,-0.011432,-0.010383,-0.009278,-0.013613,-0.012570,-0.004506,-0.005987,-0.006040,-0.010171,-0.005605,-0.001494,-0.007273,0.003054,0.003192,-0.004634,-0.000434,0.002301,-0.001025,-0.000304,0.000798,0.001360,0.000308,0.000330,0.000072,0.000125,0.000185,0.000154,0.000221,0.000303,0.000157,0.000170,0.000055
0.000892,0.001068,0.000933,0.001831,0.001376,0.002146,-0.000659,0.004799,0.005089,0.002080,0.004104,0.003218,0.004075,0.010495,0.014768,0.065920,0.033154,0.019931,0.027713,0.007354,0.008946,0.016979,0.009893,0.010883,-0.001183,-0.007002,-0.000685,-0.004354,-0.024115,-0.014642,-0.011606,-0.006190,-0.016623,-0.003522,-0.003689,0.001674,-0.002089,-0.009752,0.000023,-0.005350,0.002464,0.000395,-0.004655,-0.001877,0.000202,-0.003302,-0.000204,0.001344,0.001123,-0.000110,0.000089,0.000407,-0.000136,0.000399,0.000343,0.000045,0.000137,0.000076,0.000288,0.000211
0.000305,0.001079,-0.000067,0.001404,0.000708,0.000617,-0.000446,-0.000079,-0.001017,0.001845,0.002259,0.008312,0.009462,0.016710,0.017136,0.033154,0.089573,0.034322,0.024489,0.019358,0.011683,-0.003234,0.002316,0.004900,0.000038,0.002651,-0.003733,-0.023772,-0.019939,-0.014446,-0.016537,-0.005326,-0.011782,-0.005981,-0.007172,0.000845,-0.010638,-0.008612,0.000343,-0.003977,-0.006505,-0.004519,-0.007111,-0.005000,-0.003168,-0.003023,-0.000362,-0.000787,0.000188,-0.000198,-0.000289,0.000001,-0.000199,0.000218,0.000250,0.000405,-0.000017,0.000296,0.000076,0.000095
0.000817,0.000046,0.000498,0.000792,0.002904,0.002304,-0.000404,0.000378,0.004653,0.000760,0.005234,0.010097,0.009101,0.009464,0.009826,0.019931,0.034322,0.090330,0.022923,0.013072,0.015623,0.004989,0.004329,0.009934,-0.000503,-0.000408,0.003710,-0.009587,-0.013400,-0.014054,-0.010758,-0.009294,-0.017690,-0.009126,-0.002426,-0.005613,-0.010532,-0.010244,0.002035,-0.006233,-0.002685,0.000484,-0.000498,-0.004672,-0.002069,-0.005074,-0.001840,-0.001382,-0.000295,-0.000104,-0.000503,0.000178,-0.000192,0.000063,-0.000041,0.000194,0.000093,-0.000194,0.000008,0.000112
0.000329,0.002124,-0.000068,0.001425,0.001215,0.002497,0.002335,0.000934,0.002266,-0.001537,0.008243,0.013349,0.017442,0.009718,0.019399,0.027713,0.024489,0.022923,0.109842,0.007980,0.019766,0.024426,0.028028,0.006312,-0.010528,-0.000069,0.000083,-0.008320,-0.023700,-0.006908,-0.019006,-0.014262,-0.009848,-0.015059,-0.008398,-0.004008,-0.003075,-0.000900,0.004805,-0.008474,-0.002849,-0.001983,0.000536,-0.005194,0.000146,-0.005950,-0.001962,0.000075,0.000216,0.000149,0.000338,0.000167,0.000167,0.000198,0.000257,0.000263,0.000458,0.000402,0.000241,0.000136
0.000492,0.000292,0.001845,0.001245,0.001204,-0.001253,-0.000489,-0.001087,0.000591,0.003871,0.007918,0.012706,0.008234,0.005890,0.005932,0.007354,0.019358,0.013072,0.007980,0.119121,0.026813,0.010593,-0.007604,-0.011869,-0.018080,0.005280,-0.015331,-0.031731,-0.025323,-0.023726,-0.009706,-0.005192,-0.009845,-0.002601,-0.001334,0.011382,-0.001702,-0.006481,0.006141,-0.005531,-0.010291,0.006152,-0.001657,0.000743,0.004168,-0.002590,-0.000118,-0.002231,-0.000644,-0.000304,-0.000121,0.000298,-0.000288,0.000304,-0.000125,0.000196,0.000243,0.000126,0.000026,0.000186
0.000618,0.000898,0.000055,0.001762,0.001719,0.003097,0.003962,0.000691,0.003583,-0.002202,0.003379,0.003630,0.008752,0.010325,0.022498,0.008946,0.011683,0.015623,0.019766,0.026813,0.131911,0.022866,0.010998,-0.007711,0.000171,0.012095,0.001026,-0.013725,0.002803,-0.018474,-0.027731,-0.006188,-0.027856,-0.018016,0.002242,0.001653,-0.004239,0.000165,0.001057,-0.009772,-0.004850,0.002554,-0.008389,-0.000405,-0.005153,-0.010656,-0.004061,-0.002894,-0.000358,0.000188,-0.000001,0.000269,0.000001,0.000476,-0.000086,0.000232,0.000021,0.000243,0.000163,0.000292
-0.000032,-0.000509,0.001267,0.000193,0.000878,0.000454,-0.001107,0.001911,-0.002581,0.004825,0.002094,0.002925,0.001711,-0.002766,0.007618,0.016979,-0.003234,0.004989,0.024426,0.010593,0.022866,0.130219,0.017935,0.012629,-0.000149,0.004881,0.029445,0.015436,-0.015948,-0.016043,-0.004647,0.005145,-0.013922,-0.009727,-0.009884,-0.020673,-0.006122,-0.000047,-0.002845,-0.008367,-0.004122,0.000125,0.003120,0.000942,0.000614,-0.003293,0.000773,-0.000495,-0.001687,-0.000465,-0.000180,-0.000245,-0.000126,0.000076,0.000032,0.000200,0.000081,0.000167,0.000019,0.000347
-0.001235,-0.001460,-0.001621,-0.000382,-0.001453,-0.002860,-0.000145,-0.005399,-0.000049,0.001529,0.003700,0.002708,-0.001931,0.002928,0.006023,0.009893,0.002316,0.004329,0.028028,-0.007604,0.010998,0.017935,0.130340,0.023254,0.009265,0.018915,-0.002813,0.007602,-0.002547,-0.000072,-0.012487,-0.005592,-0.013390,-0.011286,-0.020443,-0.005060,-0.012017,-0.006199,-0.001987,-0.018042,-0.009746,-0.005831,-0.004981,-0.000002,-0.004299,-0.006610,-0.001151,-0.001152,-0.000271,-0.000673,-0.000120,0.000010,-0.000155,0.000012,-0.000060,-0.000249,0.000087,-0.000136,-0.000233,-0.000170
-0.000237,-0.000178,-0.000730,0.000673,-0.001610,0.002972,0.003626,-0.000669,0.000549,-0.003722,-0.001104,-0.001414,-0.006076,0.003775,-0.009532,0.010883,0.004900,0.009934,0.006312,-0.011869,-0.007711,0.012629,0.023254,0.138051,0.028196,0.007163,0.016590,0.015421,0.010724,0.011731,-0.005986,0.001107,-0.007739,-0.002162,-0.017984,-0.011432,-0.006973,-0.006716,-0.003464,-0.008410,-0.010494,-0.006124,-0.005139,-0.003186,-0.003428,-0.004640,-0.002335,-0.002350,-0.001264,-0.000439,-0.000193,-0.000365,-0.000116,0.000090,-0.000260,-0.000090,-0.000044,0.000042,-0.000143,-0.000167
-0.001039,-0.000843,-0.001842,-0.001542,-0.002279,0.000500,0.000733,0.000382,-0.001714,-0.000905,-0.000724,-0.007946,-0.007275,0.003357,-0.005666,-0.001183,0.000038,-0.000503,-0.010528,-0.018080,0.000171,-0.000149,0.009265,0.028196,0.140347,0.023973,0.020582,0.022832,0.008271,-0.000640,0.001470,0.010739,0.005646,-0.013148,-0.006443,-0.006933,0.002621,0.001827,0.000203,-0.007451,-0.011471,-0.002190,0.001104,0.006564,-0.002344,-0.002358,0.000471,-0.001174,-0.001271,-0.000273,-0.000252,0.000269,0.000001,-0.000444,0.000054,-0.000169,0.000065,-0.000074,-0.000454,-0.000234
-0.001551,-0.001035,-0.000736,-0.000694,0.000383,0.001047,0.001853,-0.007204,-0.007361,-0.003010,-0.001638,-0.001259,0.001057,-0.005880,0.006767,-0.007002,0.002651,-0.000408,-0.000069,0.005280,0.012095,0.004881,0.018915,0.007163,0.023973,0.146501,0.008226,0.019870,0.000773,0.004558,-0.009383,0.006392,-0.015551,-0.000698,-0.018978,-0.011071,-0.014179,-0.006953,-0.000066,-0.008517,-0.002805,-0.000195,0.004728,-0.003762,0.003735,-0.004791,-0.002920,-0.002539,-0.002104,0.000157,-0.000088,-0.000492,0.000127,-0.000138,-0.000459,-0.000364,-0.000235,-0.000134,-0.000276,-0.000067
-0.001226,-0.000537,-0.000638,-0.001488,0.001552,-0.000483,-0.000539,-0.002244,-0.003135,-0.004519,-0.008248,-0.008403,-0.001966,-0.005348,-0.009992,-0.000685,-0.003733,0.003710,0.000083,-0.015331,0.001026,0.029445,-0.002813,0.016590,0.020582,0.008226,0.144666,0.036086,-0.000308,-0.004632,-0.004861,0.001630,-0.001546,0.006515,-0.000801,-0.017260,-0.002522,0.007193,-0.004988,-0.011452,0.000260,-0.010014,-0.004188,0.000661,-0.002689,-0.000407,0.000077,-0.002264,-0.001334,-0.000954,-0.000206,-0.000061,-0.000193,-0.000586,-0.000501,0.000012,-0.000114,-0.000269,-0.000236,-0.000005
-0.000807,-0.000924,-0.000323,-0.000901,0.000442,0.000692,-0.000265,-0.000399,0.002252,-0.002602,-0.008821,-0.007103,0.003296,-0.007347,-0.009380,-0.004354,-0.023772,-0.009587,-0.008320,-0.031731,-0.013725,0.015436,0.007602,0.015421,0.022832,0.019870,0.036086,0.147278,0.012787,0.014294,-0.000258,0.011317,0.011074,0.011565,-0.019503,-0.010440,-0.003977,-0.004294,-0.010652,-0.008464,-0.001895,-0.003081,0.002047,0.007307,0.003098,-0.001619,-0.001915,0.001105,-0.000079,-0.000109,-0.000345,-0.000076,0.000125,0.000151,-0.000031,-0.000623,-0.000235,-0.000353,-0.000148,-0.000300
-0.000597,-0.000613,-0.001328,-0.000977,0.000309,0.000032,0.003495,0.001470,0.000739,-0.008339,-0.012790,-0.007624,-0.003243,-0.004969,-0.011432,-0.024115,-0.019939,-0.013400,-0.023700,-0.025323,0.002803,-0.015948,-0.002547,0.010724,0.008271,0.000773,-0.000308,0.012787,0.121740,0.032481,0.013308,0.005079,0.019158,0.008829,0.014435,0.003957,0.007615,0.006636,0.001082,0.004226,0.002269,-0.001105,-0.000512,-0.001614,-0.013822,-0.000022,-0.002848,-0.002236,-0.000936,-0.000716,-0.000130,-0.000289,-0.000069,-0.000301,-0.000222,-0.000182,-0.000280,-0.000118,-0.000143,-0.000148
-0.000142,0.000088,-0.000174,-0.000104,-0.000137,-0.000211,0.001507,0.001610,0.000113,-0.005487,-0.006587,-0.007291,-0.005482,-0.003388,-0.010383,-0.014642,-0.014446,-0.014054,-0.006908,-0.023726,-0.018474,-0.016043,-0.000072,0.011731,-0.000640,0.004558,-0.004632,0.014294,0.032481,0.096174,0.024810,0.008571,0.017341,0.003546,0.007949,-0.009070,-0.002981,0.004374,0.002015,0.002370,0.015814,0.002865,-0.000033,0.007313,-0.004130,0.010241,-0.001468,0.002479,0.000250,-0.000037,0.000150,-0.000134,-0.000011,-0.000268,0.000155,0.000041,-0.000088,0.000189,-0.000055,-0.000187
-0.000014,-0.000033,0.000839,-0.000210,0.000090,0.000562,-0.001065,-0.000128,-0.006422,0.002184,-0.003332,-0.006430,-0.003725,-0.002014,-0.009278,-0.011606,-0.016537,-0.010758,-0.019006,-0.009706,-0.027731,-0.004647,-0.012487,-0.005986,0.001470,-0.009383,-0.004861,-0.000258,0.013308,0.024810,0.085860,0.011356,0.013129,0.006683,0.001924,-0.007706,0.000035,-0.000670,-0.004542,0.005232,0.006424,0.006404,0.005047,0.008443,0.001638,0.004162,0.004470,0.002071,0.000256,0.000239,-0.000002,-0.000068,0.000054,-0.000136,-0.000105,0.000207,0.000002,0.000084,-0.000035,0.000013
-0.000019,-0.000123,0.000088,0.000297,0.000269,0.000375,-0.002370,-0.000620,-0.000097,0.002469,-0.001461,-0.001634,-0.006041,-0.008175,-0.013613,-0.006190,-0.005326,-0.009294,-0.014262,-0.005192,-0.006188,0.005145,-0.005592,0.001107,0.010739,0.006392,0.001630,0.011317,0.005079,0.008571,0.011356,0.070757,0.020949,0.000356,0.003900,0.000002,0.011754,0.002035,0.002969,0.001153,0.007480,0.000075,0.009088,0.005337,0.003515,0.002269,0.000124,0.001845,-0.000746,0.000099,0.000129,0.000089,0.000073,-0.000049,-0.000077,0.000080,-0.000058,0.000029,-0.000237,-0.000087
-0.000213,-0.000192,-0.000423,0.000948,-0.002460,-0.002393,-0.003002,-0.000622,-0.001719,-0.003055,-0.002893,-0.009054,-0.008586,-0.006261,-0.012570,-0.016623,-0.011782,-0.017690,-0.009848,-0.009845,-0.027856,-0.013922,-0.013390,-0.007739,0.005646,-0.015551,-0.001546,0.011074,0.019158,0.017341,0.013129,0.020949,0.071006,0.020110,0.014971,0.014873,0.019616,0.014458,-0.000992,0.016610,0.012075,0.002707,0.003176,0.005633,0.002363,0.012292,0.002205,0.002440,0.002288,0.000339,-0.000006,0.000132,-0.000061,-0.000227,0.000077,-0.000049,-0.000033,0.000134,-0.000224,-0.000033
-0.001099,-0.000476,-0.000608,0.000431,-0.002721,-0.001726,-0.001829,-0.000817,-0.004414,-0.002264,-0.003085,-0.003597,-0.003032,-0.002026,-0.004506,-0.003522,-0.005981,-0.009126,-0.015059,-0.002601,-0.018016,-0.009727,-0.011286,-0.002162,-0.013148,-0.000698,0.006515,0.011565,0.008829,0.003546,0.006683,0.000356,0.020110,0.067202,0.020343,0.005288,0.010136,0.007351,-0.002401,0.006947,0.013417,0.004476,0.002141,0.002724,0.000811,0.006311,0.000654,0.001762,0.000637,-0.000176,-0.000176,-0.000203,0.000126,-0.000059,0.000144,0.000119,-0.000018,-0.000007,0.000108,0.000003
0.000480,0.000966,0.001024,0.000310,-0.000879,-0.001664,0.000342,0.004731,-0.000612,-0.000882,-0.003649,-0.003813,-0.004199,-0.003953,-0.005987,-0.003689,-0.007172,-0.002426,-0.008398,-0.001334,0.002242,-0.009884,-0.020443,-0.017984,-0.006443,-0.018978,-0.000801,-0.019503,0.014435,0.007949,0.001924,0.003900,0.014971,0.020343,0.075896,0.016188,0.032229,0.013200,0.005353,0.013966,0.015499,0.005390,0.000061,-0.002709,0.001324,0.010340,0.000245,0.001392,0.000609,-0.000251,-0.000192,-0.000037,-0.000250,-0.000094,-0.000041,0.000187,-0.000045,0.000068,0.000122,0.000078
0.001195,0.000809,0.000510,0.000752,0.000907,-0.000659,0.000258,0.003834,0.005468,0.002039,-0.004660,-0.004534,-0.003039,0.000441,-0.006040,0.001674,0.000845,-0.005613,-0.004008,0.011382,0.001653,-0.020673,-0.005060,-0.011432,-0.006933,-0.011071,-0.017260,-0.010440,0.003957,-0.009070,-0.007706,0.000002,0.014873,0.005288,0.016188,0.071496,0.031405,0.007232,0.011470,0.014880,0.010401,0.003056,-0.000887,-0.001111,-0.001930,0.003446,0.000333,0.003626,0.002118,0.000212,0.000075,0.000340,0.000282,0.000354,0.000071,-0.000071,0.000120,0.000041,0.000348,0.000181
0.000067,0.000057,-0.000017,-0.000688,0.000737,-0.000469,0.001450,0.004022,0.002965,0.002826,-0.003748,-0.001263,-0.004599,-0.003973,-0.010171,-0.002089,-0.010638,-0.010532,-0.003075,-0.001702,-0.004239,-0.006122,-0.012017,-0.006973,0.002621,-0.014179,-0.002522,-0.003977,0.007615,-0.002981,0.000035,0.011754,0.019616,0.010136,0.032229,0.031405,0.067571,0.011216,0.012261,0.017309,0.009159,0.004407,0.004372,-0.001486,-0.000616,0.009352,0.002712,0.003566,0.001969,-0.000078,-0.000051,0.000309,0.000092,0.000121,-0.000096,0.000037,0.000117,0.000069,0.000286,0.000015
-0.000424,0.000286,0.000084,-0.000085,-0.000026,-0.001491,-0.001070,0.000584,-0.005965,-0.006507,-0.005275,-0.001710,-0.004719,-0.006243,-0.005605,-0.009752,-0.008612,-0.010244,-0.000900,-0.006481,0.000165,-0.000047,-0.006199,-0.006716,0.001827,-0.006953,0.007193,-0.004294,0.006636,0.004374,-0.000670,0.002035,0.014458,0.007351,0.013200,0.007232,0.011216,0.044774,0.012852,0.015512,0.006328,0.002333,0.001322,0.002961,0.003283,0.003330,0.001645,-0.000708,0.000472,0.000303,0.000118,-0.000345,-0.000080,-0.000158,0.000179,-0.000048,0.000092,0.000101,0.000042,0.000174
0.001049,0.000508,0.000919,0.000470,0.002969,0.001537,0.002748,0.000888,0.002994,0.000783,0.005784,0.003204,0.001190,0.000847,-0.001494,0.000023,0.000343,0.002035,0.004805,0.006141,0.001057,-0.002845,-0.001987,-0.003464,0.000203,-0.000066,-0.004988,-0.010652,0.001082,0.002015,-0.004542,0.002969,-0.000992,-0.002401,0.005353,0.011470,0.012261,0.012852,0.040661,0.005544,0.001750,-0.001283,0.004475,0.004035,0.002691,0.002499,-0.002559,-0.001902,-0.000280,0.000055,0.000076,0.000079,0.000121,-0.000029,0.000059,0.000030,0.000199,0.000006,0.000223,0.000023
0.000140,0.000024,-0.000198,-0.000284,0.000506,-0.000049,0.000470,0.003601,0.002381,0.003603,-0.001470,-0.004088,-0.002825,-0.002059,-0.007273,-0.005350,-0.003977,-0.006233,-0.008474,-0.005531,-0.009772,-0.008367,-0.018042,-0.008410,-0.007451,-0.008517,-0.011452,-0.008464,0.004226,0.002370,0.005232,0.001153,0.016610,0.006947,0.013966,0.014880,0.017309,0.015512,0.005544,0.046719,0.014895,0.008184,0.002949,0.000527,0.005197,0.012424,0.003802,0.004810,0.002586,0.000882,0.000110,-0.000156,0.000117,0.000117,0.000048,0.000036,-0.000091,0.000289,0.000119,0.000043
0.000541,0.000691,0.001528,0.001285,0.000331,-0.000796,0.000765,0.001888,0.000204,0.001511,0.000202,-0.004094,-0.003189,0.000622,0.003054,0.002464,-0.006505,-0.002685,-0.002849,-0.010291,-0.004850,-0.004122,-0.009746,-0.010494,-0.011471,-0.002805,0.000260,-0.001895,0.002269,0.015814,0.006424,0.007480,0.012075,0.013417,0.015499,0.010401,0.009159,0.006328,0.001750,0.014895,0.037934,0.007688,0.000486,0.003856,0.002546,0.010797,0.003443,0.005297,0.002635,0.000714,0.000238,0.000146,0.000080,0.000236,0.000301,0.000217,0.000079,0.000098,0.000145,0.000140
0.000083,0.000961,0.000880,0.000815,0.000277,0.000467,0.000100,0.001598,-0.001625,-0.002834,-0.000744,-0.001364,-0.000321,0.005837,0.003192,0.000395,-0.004519,0.000484,-0.001983,0.006152,0.002554,0.000125,-0.005831,-0.006124,-0.002190,-0.000195,-0.010014,-0.003081,-0.001105,0.002865,0.006404,0.000075,0.002707,0.004476,0.005390,0.003056,0.004407,0.002333,-0.001283,0.008184,0.007688,0.034054,0.010102,0.004319,0.007422,0.003051,0.002925,0.003075,0.001509,0.000436,0.000236,0.000138,0.000221,0.000173,0.000168,0.000164,0.000098,0.000237,0.000190,0.000225
0.000156,0.000054,0.000703,0.000230,0.001188,0.001245,-0.000513,0.001576,0.001587,0.001674,0.003735,0.001437,0.000917,-0.001247,-0.004634,-0.004655,-0.007111,-0.000498,0.000536,-0.001657,-0.008389,0.003120,-0.004981,-0.005139,0.001104,0.004728,-0.004188,0.002047,-0.000512,-0.000033,0.005047,0.009088,0.003176,0.002141,0.000061,-0.000887,0.004372,0.001322,0.004475,0.002949,0.000486,0.010102,0.027029,0.005097,0.009734,0.004070,0.002098,0.001304,0.000450,0.000108,0.000212,0.000266,0.000027,-0.000025,0.000193,0.000106,0.000073,0.000085,0.000077,-0.000019
0.000676,0.000207,0.000544,0.000791,-0.000515,0.001003,-0.000369,0.001334,0.002511,0.000276,0.004803,0.004738,0.003137,0.005478,-0.000434,-0.001877,-0.005000,-0.004672,-0.005194,0.000743,-0.000405,0.000942,-0.000002,-0.003186,0.006564,-0.003762,0.000661,0.007307,-0.001614,0.007313,0.008443,0.005337,0.005633,0.002724,-0.002709,-0.001111,-0.001486,0.002961,0.004035,0.000527,0.003856,0.004319,0.005097,0.021472,0.004405,0.003960,0.002882,0.000562,0.000983,-0.000051,0.000316,0.000120,-0.000054,-0.000024,0.000228,0.000036,0.000122,0.000047,-0.000063,0.000017
0.000655,0.001026,0.001418,0.000522,0.000751,0.001281,0.000495,0.000459,0.002121,0.005042,0.008042,0.001922,0.001756,0.001358,0.002301,0.000202,-0.003168,-0.002069,0.000146,0.004168,-0.005153,0.000614,-0.004299,-0.003428,-0.002344,0.003735,-0.002689,0.003098,-0.013822,-0.004130,0.001638,0.003515,0.002363,0.000811,0.001324,-0.001930,-0.000616,0.003283,0.002691,0.005197,0.002546,0.007422,0.009734,0.004405,0.024243,0.006453,0.003316,0.002670,0.001587,0.000704,0.000435,0.000152,-0.000031,-0.000043,0.000176,-0.000060,0.000160,0.000105,-0.000057,0.000151
0.000555,0.000681,0.000775,0.000156,0.000353,-0.000743,0.000692,0.002479,0.003904,0.003149,0.003109,-0.002407,-0.001673,-0.000905,-0.001025,-0.003302,-0.003023,-0.005074,-0.005950,-0.002590,-0.010656,-0.003293,-0.006610,-0.004640,-0.002358,-0.004791,-0.000407,-0.001619,-0.000022,0.010241,0.004162,0.002269,0.012292,0.006311,0.010340,0.003446,0.009352,0.003330,0.002499,0.012424,0.010797,0.003051,0.004070,0.003960,0.006453,0.017324,0.003397,0.003417,0.001899,0.000450,0.000140,0.000160,0.000023,0.000044,0.000268,0.000079,0.000156,0.000246,0.000028,0.000005
0.000124,0.000205,0.000233,-0.000243,-0.000087,0.000122,-0.000816,0.000574,-0.000474,0.000949,0.001074,0.000440,-0.000397,0.000933,-0.000304,-0.000204,-0.000362,-0.001840,-0.001962,-0.000118,-0.004061,0.000773,-0.001151,-0.002335,0.000471,-0.002920,0.000077,-0.001915,-0.002848,-0.001468,0.004470,0.000124,0.002205,0.000654,0.000245,0.000333,0.002712,0.001645,-0.002559,0.003802,0.003443,0.002925,0.002098,0.002882,0.003316,0.003397,0.007281,0.002044,0.001447,0.000365,0.000080,0.000002,-0.000029,-0.000019,0.000097,-0.000042,0.000096,0.000068,-0.000049,0.000024
0.000057,0.000127,0.000070,0.000441,-0.000240,0.000174,-0.000387,0.000697,0.001306,0.001992,0.000915,-0.001792,-0.000961,0.000840,0.000798,0.001344,-0.000787,-0.001382,0.000075,-0.002231,-0.002894,-0.000495,-0.001152,-0.002350,-0.001174,-0.002539,-0.002264,0.001105,-0.002236,0.002479,0.002071,0.001845,0.002440,0.001762,0.001392,0.003626,0.003566,-0.000708,-0.001902,0.004810,0.005297,0.003075,0.001304,0.000562,0.002670,0.003417,0.002044,0.004370,0.001610,0.000302,0.000130,0.000040,0.000026,0.000058,0.000041,0.000051,0.000031,0.000117,0.000044,0.000014
0.000200,0.000218,0.000299,0.000323,-0.000086,-0.000193,-0.000081,0.000843,0.001150,0.000532,0.001278,0.000105,0.000492,0.001581,0.001360,0.001123,0.000188,-0.000295,0.000216,-0.000644,-0.000358,-0.001687,-0.000271,-0.001264,-0.001271,-0.002104,-0.001334,-0.000079,-0.000936,0.000250,0.000256,-0.000746,0.002288,0.000637,0.000609,0.002118,0.001969,0.000472,-0.000280,0.002586,0.002635,0.001509,0.000450,0.000983,0.001587,0.001899,0.001447,0.001610,0.001457,0.000220,0.000083,0.000036,0.000014,0.000031,0.000033,0.000014,0.000032,0.000061,0.000029,0.000016
0.000012,0.000020,0.000010,-0.000002,-0.000100,0.000056,-0.000015,0.000065,-0.000075,0.000094,0.000120,-0.000093,0.000005,0.000011,0.000308,-0.000110,-0.000198,-0.000104,0.000149,-0.000304,0.000188,-0.000465,-0.000673,-0.000439,-0.000273,0.000157,-0.000954,-0.000109,-0.000716,-0.000037,0.000239,0.000099,0.000339,-0.000176,-0.000251,0.000212,-0.000078,0.000303,0.000055,0.000882,0.000714,0.000436,0.000108,-0.000051,0.000704,0.000450,0.000365,0.000302,0.000220,0.000210,0.000022,-0.000004,0.000028,0.000017,0.000000,-0.000016,-0.000009,0.000009,0.000001,0.000002
0.000044,0.000088,0.000094,0.000039,0.000007,0.000073,0.000189,0.000162,0.000209,0.000005,0.000259,0.000183,0.000313,0.000513,0.000330,0.000089,-0.000289,-0.000503,0.000338,-0.000121,-0.000001,-0.000180,-0.000120,-0.000193,-0.000252,-0.000088,-0.000206,-0.000345,-0.000130,0.000150,-0.000002,0.000129,-0.000006,-0.000176,-0.000192,0.000075,-0.000051,0.000118,0.000076,0.000110,0.000238,0.000236,0.000212,0.000316,0.000435,0.000140,0.000080,0.000130,0.000083,0.000022,0.000115,0.000017,0.000013,0.000014,0.000017,0.000011,0.000010,0.000007,0.000010,0.000005
0.000059,0.000049,0.000089,0.000044,0.000151,0.000087,0.000029,0.000143,0.000295,0.000042,0.000228,0.000064,0.000005,0.000166,0.000072,0.000407,0.000001,0.000178,0.000167,0.000298,0.000269,-0.000245,0.000010,-0.000365,0.000269,-0.000492,-0.000061,-0.000076,-0.000289,-0.000134,-0.000068,0.000089,0.000132,-0.000203,-0.000037,0.000340,0.000309,-0.000345,0.000079,-0.000156,0.000146,0.000138,0.000266,0.000120,0.000152,0.000160,0.000002,0.000040,0.000036,-0.000004,0.000017,0.000079,0.000007,0.000002,0.000012,0.000009,0.000010,0.000009,0.000003,0.000005
0.000003,0.000029,0.000029,-0.000014,0.000043,0.000069,0.000020,0.000070,-0.000057,-0.000032,-0.000046,-0.000049,0.000091,-0.000008,0.000125,-0.000136,-0.000199,-0.000192,0.000167,-0.000288,0.000001,-0.000126,-0.000155,-0.000116,0.000001,0.000127,-0.000193,0.000125,-0.000069,-0.000011,0.000054,0.000073,-0.000061,0.000126,-0.000250,0.000282,0.000092,-0.000080,0.000121,0.000117,0.000080,0.000221,0.000027,-0.000054,-0.000031,0.000023,-0.000029,0.000026,0.000014,0.000028,0.000013,0.000007,0.000048,0.000005,-0.000002,0.000001,-0.000004,0.000003,0.000008,0.000003
0.000018,0.000026,0.000037,0.000056,-0.000003,-0.000039,0.000050,0.000113,0.000126,0.000092,0.000062,0.000046,0.000100,0.000066,0.000185,0.000399,0.000218,0.000063,0.000198,0.000304,0.000476,0.000076,0.000012,0.000090,-0.000444,-0.000138,-0.000586,0.000151,-0.000301,-0.000268,-0.000136,-0.000049,-0.000227,-0.000059,-0.000094,0.000354,0.000121,-0.000158,-0.000029,0.000117,0.000236,0.000173,-0.000025,-0.000024,-0.000043,0.000044,-0.000019,0.000058,0.000031,0.000017,0.000014,0.000002,0.000005,0.000055,0.000010,0.000006,-0.000001,0.000002,0.000010,0.000007
0.000023,0.000067,0.000040,0.000013,0.000003,0.000049,-0.000036,0.000021,0.000085,-0.000062,0.000191,0.000202,0.000099,0.000072,0.000154,0.000343,0.000250,-0.000041,0.000257,-0.000125,-0.000086,0.000032,-0.000060,-0.000260,0.000054,-0.000459,-0.000501,-0.000031,-0.000222,0.000155,-0.000105,-0.000077,0.000077,0.000144,-0.000041,0.000071,-0.000096,0.000179,0.000059,0.000048,0.000301,0.000168,0.000193,0.000228,0.000176,0.000268,0.000097,0.000041,0.000033,0.000000,0.000017,0.000012,-0.000002,0.000010,0.000055,0.000017,0.000019,0.000016,0.000003,0.000005
-0.000006,0.000028,0.000015,0.000037,-0.000010,0.000043,0.000041,0.000072,0.000099,-0.000027,0.000133,0.000157,0.000113,0.000236,0.000221,0.000045,0.000405,0.000194,0.000263,0.000196,0.000232,0.000200,-0.000249,-0.000090,-0.000169,-0.000364,0.000012,-0.000623,-0.000182,0.000041,0.000207,0.000080,-0.000049,0.000119,0.000187,-0.000071,0.000037,-0.000048,0.000030,0.000036,0.000217,0.000164,0.000106,0.000036,-0.000060,0.000079,-0.000042,0.000051,0.000014,-0.000016,0.000011,0.000009,0.000001,0.000006,0.000017,0.000043,0.000011,0.000012,0.000004,0.000005
0.000039,0.000063,0.000052,0.000016,0.000057,0.000012,0.000096,0.000056,0.000132,-0.000007,0.000199,0.000097,0.000111,0.000208,0.000303,0.000137,-0.000017,0.000093,0.000458,0.000243,0.000021,0.000081,0.000087,-0.000044,0.000065,-0.000235,-0.000114,-0.000235,-0.000280,-0.000088,0.000002,-0.000058,-0.000033,-0.000018,-0.000045,0.000120,0.000117,0.000092,0.000199,-0.000091,0.000079,0.000098,0.000073,0.000122,0.000160,0.000156,0.000096,0.000031,0.000032,-0.000009,0.000010,0.000010,-0.000004,-0.000001,0.000019,0.000011,0.000041,0.000013,0.000006,0.000003
0.000016,0.000042,0.000017,0.000036,0.000005,0.000025,0.000044,0.000038,0.000064,-0.000085,0.000034,-0.000054,0.000059,0.000170,0.000157,0.000076,0.000296,-0.000194,0.000402,0.000126,0.000243,0.000167,-0.000136,0.000042,-0.000074,-0.000134,-0.000269,-0.000353,-0.000118,0.000189,0.000084,0.000029,0.000134,-0.000007,0.000068,0.000041,0.000069,0.000101,0.000006,0.000289,0.000098,0.000237,0.000085,0.000047,0.000105,0.000246,0.000068,0.000117,0.000061,0.000009,0.000007,0.000009,0.000003,0.000002,0.000016,0.000012,0.000013,0.000040,0.000007,0.000005
0.000033,0.000047,0.000075,0.000049,0.000080,-0.000016,0.000075,0.000125,0.000061,-0.000062,-0.000145,0.000020,0.000188,0.000038,0.000170,0.000288,0.000076,0.000008,0.000241,0.000026,0.000163,0.000019,-0.000233,-0.000143,-0.000454,-0.000276,-0.000236,-0.000148,-0.000143,-0.000055,-0.000035,-0.000237,-0.000224,0.000108,0.000122,0.000348,0.000286,0.000042,0.000223,0.000119,0.000145,0.000190,0.000077,-0.000063,-0.000057,0.000028,-0.000049,0.000044,0.000029,0.000001,0.000010,0.000003,0.000008,0.000010,0.000003,0.000004,0.000006,0.000007,0.000035,0.000007
0.000027,0.000049,0.000077,0.000029,0.000045,-0.000015,0.000024,0.000044,0.000023,-0.000000,0.000007,0.000001,0.000053,0.000081,0.000055,0.000211,0.000095,0.000112,0.000136,0.000186,0.000292,0.000347,-0.000170,-0.000167,-0.000234,-0.000067,-0.000005,-0.000300,-0.000148,-0.000187,0.000013,-0.000087,-0.000033,0.000003,0.000078,0.000181,0.000015,0.000174,0.000023,0.000043,0.000140,0.000225,-0.000019,0.000017,0.000151,0.000005,0.000024,0.000014,0.000016,0.000002,0.000005,0.000005,0.000003,0.000007,0.000005,0.000005,0.000003,0.000005,0.000007,0.000021
