0.000494,0.000334,0.000387,0.000088,0.000292,-0.000010,0.000288,0.000292,0.000340,0.000256,0.000590,0.000218,0.000668,0.000157,0.000437,0.000215,0.000158,0.000429,-0.000380,0.000087,0.000294,-0.000484,-0.000943,-0.000285,-0.001587,-0.001306,-0.000642,-0.000832,-0.000377,-0.000083,0.000147,0.000032,-0.000200,-0.000604,0.000125,0.000909,-0.000112,0.000046,0.000794,0.000011,0.000576,0.000493,0.000277,0.000477,0.000666,0.000499,0.000079,0.000031,0.000118,0.000048,0.000047,0.000021,0.000001,0.000032,0.000026,0.000006,0.000024,-0.000002,0.000035,0.000045
0.000334,0.001026,0.000647,0.000071,0.000455,-0.000183,0.000348,0.000366,0.000188,-0.000084,0.000489,-0.000130,0.000442,0.000745,0.000613,0.000833,0.000965,-0.000677,0.000738,-0.000216,0.000386,-0.001294,-0.000472,-0.000059,-0.000273,-0.000311,0.000288,0.000196,-0.000962,0.000471,0.000711,-0.000062,-0.000404,-0.000333,0.000426,0.001211,-0.000163,0.000300,0.000678,0.000179,0.000958,0.001342,0.000720,0.000279,0.000701,0.000852,0.000497,0.000016,0.000207,0.000066,0.000078,0.000079,0.000023,0.000028,0.000068,0.000024,0.000039,0.000037,0.000045,0.000042
0.000387,0.000647,0.001464,0.000229,0.001026,-0.000025,0.000174,0.000062,0.000233,0.000007,0.001043,-0.000239,0.000430,0.000226,0.000217,0.001503,0.000675,-0.000145,-0.000050,0.001240,-0.000712,0.000879,-0.000378,0.000239,-0.001896,-0.000547,-0.000335,0.000182,-0.001720,-0.000806,0.000176,-0.000130,-0.000292,-0.000873,0.000177,0.000999,-0.000864,0.000485,0.000687,-0.000483,0.001012,0.000881,0.000688,0.000510,0.001520,0.000138,0.000316,-0.000103,0.000327,-0.000004,0.000072,0.000109,0.000054,0.000033,0.000032,0.000005,0.000025,0.000025,0.000048,0.000075
0.000088,0.000071,0.000229,0.001375,0.000194,0.000274,-0.000131,0.000235,0.000339,-0.000106,0.000023,0.000145,0.000752,0.000616,0.001486,0.001508,0.001771,-0.000063,0.001841,0.001386,0.002560,0.001507,-0.000058,0.000754,-0.002356,-0.000063,-0.001401,-0.001798,-0.001561,-0.000742,-0.001340,0.000083,0.000851,-0.000387,-0.001195,0.000292,-0.000522,0.000412,-0.000019,-0.000824,0.000601,0.000905,0.000251,0.000487,0.000422,0.000139,-0.000110,0.000496,0.000226,0.000019,0.000064,0.000026,-0.000016,0.000059,0.000047,0.000033,0.000044,0.000043,0.000060,0.000058
0.000292,0.000455,0.001026,0.000194,0.003637,0.000649,0.000606,-0.000010,0.000141,0.000488,-0.000408,-0.000739,0.001809,-0.001380,-0.002025,0.001834,0.001859,0.001711,-0.000327,0.001089,0.001013,0.003596,0.000504,-0.000162,-0.002362,-0.000614,-0.000335,-0.000171,-0.001447,-0.002119,0.000264,0.000832,-0.001980,-0.002833,-0.000727,0.000332,0.000173,-0.000271,0.001784,0.000230,-0.000033,0.001401,0.001253,-0.000782,0.000878,0.000284,0.000222,-0.000138,-0.000081,-0.000123,0.000026,0.000171,0.000027,-0.000000,0.000022,0.000015,0.000027,0.000018,0.000061,0.000081
-0.000010,-0.000183,-0.000025,0.000274,0.000649,0.004777,0.000232,0.000227,0.000314,0.001717,0.001645,0.001195,0.003221,0.003068,0.001151,0.002975,-0.000281,0.001042,0.001746,-0.000343,0.002625,0.001672,-0.001877,0.002789,0.000129,0.000844,-0.002182,0.000620,0.001591,-0.002109,0.001585,0.001468,-0.000211,-0.000173,-0.000334,0.000670,0.001264,0.000184,0.001371,0.000984,-0.001119,-0.000049,0.000937,0.000936,0.001435,-0.000661,-0.000436,0.000400,-0.000180,0.000086,0.000047,0.000038,0.000077,0.000012,0.000019,0.000054,0.000019,0.000012,-0.000004,0.000005
0.000288,0.000348,0.000174,-0.000131,0.000606,0.000232,0.005429,-0.000108,0.001815,0.000938,0.001152,0.002175,0.001210,0.001796,0.002786,-0.001490,-0.001528,0.000326,0.001664,-0.003174,0.000392,-0.002628,0.000764,0.004267,-0.001452,0.000673,-0.001325,-0.003537,0.000111,-0.000551,-0.000343,-0.001006,-0.001875,-0.002642,-0.000192,0.000254,-0.000040,-0.000798,0.003047,0.000426,0.000353,0.000653,0.000598,-0.000596,0.000570,0.000708,-0.000468,-0.000666,0.000010,0.000098,0.000188,0.000053,0.000021,0.000022,-0.000016,0.000038,0.000027,0.000083,0.000064,0.000041
0.000292,0.000366,0.000062,0.000235,-0.000010,0.000227,-0.000108,0.006630,0.002616,0.000063,0.000523,0.000935,0.002386,0.001544,0.001942,0.001806,-0.000056,0.002408,0.000518,-0.002100,-0.000097,0.000675,-0.004734,-0.001315,-0.001206,-0.002513,-0.001531,-0.001789,0.000226,0.002102,0.001275,-0.001132,-0.001353,0.000093,0.002239,0.002039,0.001617,0.002269,-0.000025,0.002721,0.000820,0.002102,0.002155,0.000812,0.000877,0.001238,0.000737,0.000186,0.000406,0.000246,0.000085,0.000034,-0.000000,0.000112,0.000044,0.000058,0.000012,0.000039,0.000081,0.000058
0.000340,0.000188,0.000233,0.000339,0.000141,0.000314,0.001815,0.002616,0.013832,0.002721,0.006110,0.002315,0.003964,0.000906,-0.000766,0.002503,0.000042,0.004615,0.003431,0.000695,0.001470,-0.004378,0.000347,0.000890,-0.004517,-0.003057,-0.001981,0.002581,-0.001205,-0.001245,-0.006068,0.001868,0.000313,-0.002688,-0.003716,0.000617,0.000972,-0.001162,-0.001224,0.001645,-0.001781,-0.003465,0.000768,0.001380,0.002139,0.001930,-0.000507,0.000464,0.000844,0.000097,0.000108,0.000094,-0.000113,0.000167,0.000139,0.000071,0.000069,0.000057,-0.000050,0.000004
0.000256,-0.000084,0.000007,-0.000106,0.000488,0.001717,0.000938,0.000063,0.002721,0.017463,0.007711,0.004823,0.007427,0.001670,0.004252,0.003236,0.004070,0.004058,0.001145,0.007440,-0.002635,0.001700,-0.000471,-0.000140,-0.002341,-0.000574,-0.003500,-0.002278,-0.009339,-0.007066,0.002983,0.000161,-0.002424,-0.003007,-0.001151,0.000775,0.002946,-0.003660,-0.001369,0.002096,-0.000357,-0.004786,-0.000924,-0.000082,0.005366,0.000010,0.000872,0.001751,0.000107,0.000148,0.000019,-0.000192,-0.000110,0.000139,-0.000058,-0.000014,-0.000048,-0.000073,-0.000117,-0.000003
0.000590,0.000489,0.001043,0.000023,-0.000408,0.001645,0.001152,0.000523,0.006110,0.007711,0.023536,0.006161,0.010217,0.005020,0.009529,0.003895,0.002790,0.003051,0.004864,0.006898,0.000321,-0.002014,0.002168,-0.001337,0.000275,0.001853,-0.007544,-0.003452,-0.008015,-0.004213,-0.000540,0.000390,-0.001520,-0.000540,-0.001627,-0.003382,-0.003034,-0.003870,0.006003,0.001859,0.000228,-0.003924,0.001029,0.005086,0.007120,0.002158,0.000914,0.000787,0.001298,0.000134,0.000224,0.000151,-0.000132,0.000107,0.000210,0.000056,0.000152,0.000085,-0.000130,-0.000058
0.000218,-0.000130,-0.000239,0.000145,-0.000739,0.001195,0.002175,0.000935,0.002315,0.004823,0.006161,0.028754,0.010309,0.002278,0.001634,0.000002,0.005440,0.007141,0.005286,0.011304,0.003096,0.000059,0.005903,0.002375,-0.007509,0.001852,-0.012666,-0.009195,-0.005651,-0.008276,-0.005322,0.000594,-0.009254,-0.000387,-0.004047,-0.001656,-0.004365,-0.001429,0.004336,-0.002198,-0.002716,-0.002318,0.002800,0.004292,0.001152,-0.001877,0.000108,-0.001579,0.000105,-0.000000,0.000188,0.000031,-0.000111,0.000082,0.000212,0.000146,0.000092,-0.000143,-0.000074,-0.000060
0.000668,0.000442,0.000430,0.000752,0.001809,0.003221,0.001210,0.002386,0.003964,0.007427,0.010217,0.010309,0.031550,0.004347,0.010498,0.006347,0.011449,0.010500,0.009430,0.010623,0.008302,0.002826,0.000082,-0.003002,-0.007080,0.000278,-0.004228,-0.002026,-0.010217,-0.006082,-0.001868,-0.003110,-0.006151,-0.004008,-0.003268,-0.003153,-0.002793,-0.005268,0.001149,-0.001644,-0.003119,-0.001449,0.001549,0.003037,0.002212,-0.001006,-0.000466,-0.000520,0.000720,0.000023,0.000251,-0.000098,-0.000111,0.000074,0.000106,0.000010,0.000077,0.000059,0.000105,0.000017
0.000157,0.000745,0.000226,0.000616,-0.001380,0.003068,0.001796,0.001544,0.000906,0.001670,0.005020,0.002278,0.004347,0.035186,0.014808,0.007101,0.007570,0.004305,0.009695,-0.001360,0.001375,-0.002928,0.006298,0.004494,0.003063,-0.000430,-0.003664,-0.007468,-0.000776,-0.007238,-0.000268,-0.007108,-0.006888,0.000709,-0.000336,0.000924,-0.007506,-0.001148,-0.000241,-0.000224,0.000493,0.004851,-0.003228,0.003442,-0.000174,-0.001217,0.000626,0.000285,0.001301,0.000086,0.000327,0.000048,0.000057,0.000119,0.000014,0.000074,0.000063,0.000081,0.000024,-0.000010
0.000437,0.000613,0.000217,0.001486,-0.002025,0.001151,0.002786,0.001942,-0.000766,0.004252,0.009529,0.001634,0.010498,0.014808,0.052822,0.012969,0.015127,0.010432,0.010263,0.005490,0.015239,0.004462,0.007551,-0.007190,-0.001688,0.008138,-0.005573,-0.011754,-0.009763,-0.007160,-0.001917,-0.015063,-0.011645,-0.004440,-0.003611,-0.003977,-0.007136,-0.004293,0.000513,-0.003569,0.003020,0.005205,-0.003875,-0.000441,0.003107,-0.002088,0.001012,0.001123,0.000913,0.000233,0.000214,-0.000057,-0.000105,0.000154,0.000147,0.000144,0.000167,0.000252,0.000242,0.000040
0.000215,0.000833,0.001503,0.001508,0.001834,0.002975,-0.001490,0.001806,0.002503,0.003236,0.003895,0.000002,0.006347,0.007101,0.012969,0.060748,0.028260,0.015756,0.018928,0.014148,0.014928,0.017382,0.005224,-0.001639,-0.004821,-0.007874,0.001817,-0.001278,-0.026901,-0.015126,-0.000741,-0.003286,-0.015070,-0.002798,0.002675,-0.000167,0.002192,-0.001375,0.001149,-0.003437,-0.000067,-0.001430,-0.002594,-0.000047,0.001922,-0.004489,-0.000577,0.000851,0.001001,0.000040,0.000185,0.000167,-0.000232,0.000279,0.000273,0.000123,0.000147,0.000099,0.000162,0.000193
0.000158,0.000965,0.000675,0.001771,0.001859,-0.000281,-0.001528,-0.000056,0.000042,0.004070,0.002790,0.005440,0.011449,0.007570,0.015127,0.028260,0.084454,0.024465,0.017205,0.031561,0.024446,0.003543,0.003273,0.000427,-0.007780,-0.011332,-0.004902,-0.018720,-0.023823,-0.015102,-0.012887,-0.003785,-0.014547,-0.003217,-0.003052,0.001019,-0.009077,-0.010927,-0.001623,-0.002736,-0.005535,-0.007077,-0.008010,-0.004148,-0.002728,-0.003134,0.001562,0.001246,0.000776,-0.000387,-0.000149,-0.000078,-0.000234,0.000168,0.000330,0.000373,0.000162,0.000293,0.000050,0.000074
0.000429,-0.000677,-0.000145,-0.000063,0.001711,0.001042,0.000326,0.002408,0.004615,0.004058,0.003051,0.007141,0.010500,0.004305,0.010432,0.015756,0.024465,0.082171,0.022064,0.011407,0.012555,0.010397,0.000797,0.005362,-0.008827,-0.004714,0.002487,-0.007463,-0.002418,-0.000790,-0.005899,-0.007527,-0.015155,-0.004510,0.003354,-0.005546,-0.004108,-0.010565,0.002225,0.002197,0.000468,-0.002538,-0.000380,-0.005718,-0.001135,-0.002488,-0.001632,-0.000535,-0.000008,0.000016,-0.000289,0.000079,-0.000035,-0.000077,-0.000181,0.000093,0.000020,-0.000166,0.000134,0.000058
-0.000380,0.000738,-0.000050,0.001841,-0.000327,0.001746,0.001664,0.000518,0.003431,0.001145,0.004864,0.005286,0.009430,0.009695,0.010263,0.018928,0.017205,0.022064,0.091749,0.006603,0.018909,0.021995,0.014371,-0.000208,-0.008384,-0.001592,-0.000751,-0.010003,-0.023257,-0.006313,-0.008615,-0.005683,-0.006667,-0.010903,-0.002596,-0.006151,-0.003847,-0.000628,0.002193,-0.001761,-0.003028,-0.004353,-0.000566,-0.004430,-0.000943,-0.002277,-0.002877,0.000628,0.000189,0.000400,0.000217,0.000101,0.000194,0.000199,0.000151,0.000303,0.000345,0.000358,0.000333,0.000056
0.000087,-0.000216,0.001240,0.001386,0.001089,-0.000343,-0.003174,-0.002100,0.000695,0.007440,0.006898,0.011304,0.010623,-0.001360,0.005490,0.014148,0.031561,0.011407,0.006603,0.111084,0.024476,0.017927,0.003086,0.005554,-0.013347,-0.000549,-0.010304,-0.012018,-0.024956,-0.018467,-0.018786,0.000523,-0.007925,-0.007269,-0.002824,0.004734,-0.006290,-0.006588,-0.000090,-0.011523,-0.008994,-0.004395,-0.001660,0.000283,0.006122,-0.005818,0.001426,-0.000238,-0.000309,-0.000917,-0.000145,-0.000128,-0.000339,-0.000107,0.000040,0.000177,0.000113,-0.000086,-0.000344,0.000051
0.000294,0.000386,-0.000712,0.002560,0.001013,0.002625,0.000392,-0.000097,0.001470,-0.002635,0.000321,0.003096,0.008302,0.001375,0.015239,0.014928,0.024446,0.012555,0.018909,0.024476,0.122806,0.017250,0.016735,-0.001073,0.011990,0.006309,0.005011,-0.006140,0.001054,-0.019556,-0.029419,0.003843,-0.019019,-0.016093,0.004730,0.000116,0.003266,0.002298,0.003418,-0.012812,0.001347,-0.002010,-0.006603,0.001948,-0.002553,-0.011021,-0.001859,-0.001276,-0.000310,0.000140,-0.000136,0.000067,-0.000175,0.000323,0.000026,0.000181,0.000114,0.000138,0.000129,0.000240
-0.000484,-0.001294,0.000879,0.001507,0.003596,0.001672,-0.002628,0.000675,-0.004378,0.001700,-0.002014,0.000059,0.002826,-0.002928,0.004462,0.017382,0.003543,0.010397,0.021995,0.017927,0.017250,0.122616,0.006638,0.003775,0.010949,0.009131,0.011181,0.012615,-0.006529,-0.011361,-0.002037,0.013215,-0.008411,-0.005542,-0.005333,-0.016515,-0.009039,0.000576,-0.005677,-0.004438,-0.003832,-0.001915,0.000457,0.000525,-0.000359,-0.006437,-0.001130,-0.000477,-0.001558,-0.000393,-0.000226,-0.000252,-0.000164,-0.000003,-0.000033,0.000048,0.000070,0.000027,0.000056,0.000310
-0.000943,-0.000472,-0.000378,-0.000058,0.000504,-0.001877,0.000764,-0.004734,0.000347,-0.000471,0.002168,0.005903,0.000082,0.006298,0.007551,0.005224,0.003273,0.000797,0.014371,0.003086,0.016735,0.006638,0.128833,0.002170,0.004765,0.015142,-0.000747,0.006899,-0.009647,-0.007406,-0.012538,0.001818,-0.016678,-0.006268,-0.022452,-0.004412,-0.008555,-0.001355,0.003890,-0.013566,-0.005988,0.000457,-0.004058,0.003370,-0.006106,-0.003386,0.000666,-0.000618,-0.000023,-0.000455,0.000136,0.000538,-0.000040,0.000008,-0.000074,-0.000123,0.000167,-0.000121,-0.000139,-0.000031
-0.000285,-0.000059,0.000239,0.000754,-0.000162,0.002789,0.004267,-0.001315,0.000890,-0.000140,-0.001337,0.002375,-0.003002,0.004494,-0.007190,-0.001639,0.000427,0.005362,-0.000208,0.005554,-0.001073,0.003775,0.002170,0.128516,0.022407,-0.006832,0.014417,0.009850,0.008430,0.006059,-0.003387,0.009358,-0.002860,-0.009401,-0.008465,-0.005774,-0.004460,-0.004767,-0.003075,-0.003607,-0.007203,-0.007180,-0.002981,-0.001675,-0.006624,-0.003144,-0.002960,-0.000942,-0.000909,-0.000172,0.000287,0.000081,0.000105,-0.000035,-0.000255,0.000177,-0.000293,0.000197,-0.000021,-0.000086
-0.001587,-0.000273,-0.001896,-0.002356,-0.002362,0.000129,-0.001452,-0.001206,-0.004517,-0.002341,0.000275,-0.007509,-0.007080,0.003063,-0.001688,-0.004821,-0.007780,-0.008827,-0.008384,-0.013347,0.011990,0.010949,0.004765,0.022407,0.136218,0.032896,0.034209,0.015719,0.008829,-0.007990,0.000860,0.002994,-0.006377,-0.014411,-0.010153,-0.018157,-0.000658,-0.008648,-0.000336,0.000150,-0.015118,-0.001479,0.001086,0.005278,-0.002422,-0.005027,0.002092,-0.001737,-0.001040,-0.000262,0.000081,0.000202,-0.000106,-0.000401,0.000033,-0.000178,-0.000031,0.000057,-0.000312,-0.000327
-0.001306,-0.000311,-0.000547,-0.000063,-0.000614,0.000844,0.000673,-0.002513,-0.003057,-0.000574,0.001853,0.001852,0.000278,-0.000430,0.008138,-0.007874,-0.011332,-0.004714,-0.001592,-0.000549,0.006309,0.009131,0.015142,-0.006832,0.032896,0.139968,0.006101,0.027693,0.014734,0.002507,-0.002418,0.008205,-0.011662,-0.005787,-0.021935,-0.011611,-0.013964,-0.009433,-0.001919,-0.005443,-0.004572,0.000212,0.001362,-0.001072,0.000613,-0.003101,-0.001508,-0.001161,-0.000212,0.000035,0.000050,-0.000226,0.000123,-0.000013,-0.000495,-0.000295,-0.000246,-0.000096,-0.000076,-0.000093
-0.000642,0.000288,-0.000335,-0.001401,-0.000335,-0.002182,-0.001325,-0.001531,-0.001981,-0.003500,-0.007544,-0.012666,-0.004228,-0.003664,-0.005573,0.001817,-0.004902,0.002487,-0.000751,-0.010304,0.005011,0.011181,-0.000747,0.014417,0.034209,0.006101,0.143066,0.020622,0.005019,-0.009038,-0.008608,0.006712,0.002746,-0.002298,0.002661,-0.016317,0.006323,0.005975,-0.000955,-0.011883,0.001181,-0.005307,-0.001873,0.001216,-0.002410,-0.003740,-0.000622,-0.001969,-0.002425,-0.001130,-0.000061,0.000175,-0.000228,-0.000534,-0.000475,0.000079,-0.000176,-0.000225,-0.000126,0.000048
-0.000832,0.000196,0.000182,-0.001798,-0.000171,0.000620,-0.003537,-0.001789,0.002581,-0.002278,-0.003452,-0.009195,-0.002026,-0.007468,-0.011754,-0.001278,-0.018720,-0.007463,-0.010003,-0.012018,-0.006140,0.012615,0.006899,0.009850,0.015719,0.027693,0.020622,0.147878,0.011926,0.022106,0.009636,0.016786,0.006854,-0.002390,-0.014258,-0.011600,-0.004273,-0.004521,-0.015171,-0.010214,-0.000722,-0.007305,-0.003062,0.005051,0.006057,-0.002894,-0.001928,0.003214,0.000496,-0.000101,-0.000051,-0.000061,0.000041,-0.000031,-0.000440,-0.000523,-0.000218,-0.000411,-0.000446,-0.000437
-0.000377,-0.000962,-0.001720,-0.001561,-0.001447,0.001591,0.000111,0.000226,-0.001205,-0.009339,-0.008015,-0.005651,-0.010217,-0.000776,-0.009763,-0.026901,-0.023823,-0.002418,-0.023257,-0.024956,0.001054,-0.006529,-0.009647,0.008430,0.008829,0.014734,0.005019,0.011926,0.131612,0.024325,0.015905,0.004857,0.012362,0.001673,0.008031,-0.005207,-0.002327,-0.000888,-0.006594,-0.001671,-0.001951,-0.006274,-0.003701,-0.004849,-0.015565,-0.001470,-0.004461,-0.002760,-0.000551,-0.000923,-0.000156,-0.000343,-0.000054,-0.000228,-0.000343,-0.000258,-0.000237,-0.000312,-0.000221,-0.000234
-0.000083,0.000471,-0.000806,-0.000742,-0.002119,-0.002109,-0.000551,0.002102,-0.001245,-0.007066,-0.004213,-0.008276,-0.006082,-0.007238,-0.007160,-0.015126,-0.015102,-0.000790,-0.006313,-0.018467,-0.019556,-0.011361,-0.007406,0.006059,-0.007990,0.002507,-0.009038,0.022106,0.024325,0.101141,0.025709,0.002279,0.012296,0.005798,0.008484,-0.009944,-0.004099,-0.001807,0.001699,-0.002773,0.016604,0.002910,0.003920,0.005830,-0.003868,0.010537,-0.001485,0.003529,0.000719,-0.000045,0.000227,-0.000417,-0.000066,-0.000239,0.000114,0.000014,-0.000055,-0.000118,-0.000042,-0.000274
0.000147,0.000711,0.000176,-0.001340,0.000264,0.001585,-0.000343,0.001275,-0.006068,0.002983,-0.000540,-0.005322,-0.001868,-0.000268,-0.001917,-0.000741,-0.012887,-0.005899,-0.008615,-0.018786,-0.029419,-0.002037,-0.012538,-0.003387,0.000860,-0.002418,-0.008608,0.009636,0.015905,0.025709,0.087617,0.006098,0.010482,0.006971,0.008693,-0.006428,-0.002194,-0.005813,-0.006966,0.005699,0.006023,0.004412,0.007187,0.006156,0.003519,0.005315,0.004129,0.002194,0.002023,0.000277,0.000206,-0.000229,-0.000017,-0.000393,-0.000235,0.000062,0.000069,-0.000056,-0.000154,-0.000044
0.000032,-0.000062,-0.000130,0.000083,0.000832,0.001468,-0.001006,-0.001132,0.001868,0.000161,0.000390,0.000594,-0.003110,-0.007108,-0.015063,-0.003286,-0.003785,-0.007527,-0.005683,0.000523,0.003843,0.013215,0.001818,0.009358,0.002994,0.008205,0.006712,0.016786,0.004857,0.002279,0.006098,0.065568,0.018816,0.007939,-0.001984,0.001270,0.011571,0.003584,-0.003922,-0.001764,0.004063,-0.002946,0.006915,0.003755,0.001877,0.001780,-0.000648,0.000798,-0.000182,0.000106,0.000005,0.000250,0.000133,0.000090,-0.000038,0.000056,0.000043,-0.000103,-0.000270,-0.000048
-0.000200,-0.000404,-0.000292,0.000851,-0.001980,-0.000211,-0.001875,-0.001353,0.000313,-0.002424,-0.001520,-0.009254,-0.006151,-0.006888,-0.011645,-0.015070,-0.014547,-0.015155,-0.006667,-0.007925,-0.019019,-0.008411,-0.016678,-0.002860,-0.006377,-0.011662,0.002746,0.006854,0.012362,0.012296,0.010482,0.018816,0.067617,0.025365,0.018515,0.014265,0.016516,0.017477,-0.008438,0.012483,0.010155,0.003298,0.001139,0.003865,0.000540,0.010099,0.001315,0.001935,0.001730,0.000370,-0.000069,0.000104,-0.000036,-0.000051,0.000271,0.000026,0.000008,0.000233,-0.000190,0.000056
-0.000604,-0.000333,-0.000873,-0.000387,-0.002833,-0.000173,-0.002642,0.000093,-0.002688,-0.003007,-0.000540,-0.000387,-0.004008,0.000709,-0.004440,-0.002798,-0.003217,-0.004510,-0.010903,-0.007269,-0.016093,-0.005542,-0.006268,-0.009401,-0.014411,-0.005787,-0.002298,-0.002390,0.001673,0.005798,0.006971,0.007939,0.025365,0.061622,0.014872,0.011948,0.009523,0.011848,0.002621,0.008172,0.015876,0.004001,0.006325,0.006153,-0.001548,0.007083,-0.000286,0.001318,0.001211,0.000225,-0.000524,-0.000108,-0.000047,-0.000138,0.000287,-0.000005,0.000045,0.000128,-0.000118,-0.000049
0.000125,0.000426,0.000177,-0.001195,-0.000727,-0.000334,-0.000192,0.002239,-0.003716,-0.001151,-0.001627,-0.004047,-0.003268,-0.000336,-0.003611,0.002675,-0.003052,0.003354,-0.002596,-0.002824,0.004730,-0.005333,-0.022452,-0.008465,-0.010153,-0.021935,0.002661,-0.014258,0.008031,0.008484,0.008693,-0.001984,0.018515,0.014872,0.073940,0.023236,0.017557,0.016554,0.002909,0.006841,0.017069,0.003079,0.001048,-0.001871,-0.000797,0.006175,-0.000338,0.000159,0.000674,0.000278,-0.000455,-0.000387,-0.000278,-0.000273,-0.000064,0.000084,-0.000149,-0.000060,-0.000020,0.000046
0.000909,0.001211,0.000999,0.000292,0.000332,0.000670,0.000254,0.002039,0.000617,0.000775,-0.003382,-0.001656,-0.003153,0.000924,-0.003977,-0.000167,0.001019,-0.005546,-0.006151,0.004734,0.000116,-0.016515,-0.004412,-0.005774,-0.018157,-0.011611,-0.016317,-0.011600,-0.005207,-0.009944,-0.006428,0.001270,0.014265,0.011948,0.023236,0.069046,0.021175,0.011961,0.008038,0.008570,0.008313,0.008575,0.000082,0.000280,-0.000389,0.002387,0.000432,0.001542,0.001309,0.000678,-0.000033,0.000191,0.000221,0.000257,0.000192,0.000056,0.000104,0.000007,0.000211,0.000279
-0.000112,-0.000163,-0.000864,-0.000522,0.000173,0.001264,-0.000040,0.001617,0.000972,0.002946,-0.003034,-0.004365,-0.002793,-0.007506,-0.007136,0.002192,-0.009077,-0.004108,-0.003847,-0.006290,0.003266,-0.009039,-0.008555,-0.004460,-0.000658,-0.013964,0.006323,-0.004273,-0.002327,-0.004099,-0.002194,0.011571,0.016516,0.009523,0.017557,0.021175,0.060357,0.011862,0.006075,0.007394,0.012956,0.007569,0.006738,0.002133,-0.001104,0.004521,0.001356,0.001436,0.000776,0.000037,-0.000375,-0.000071,-0.000001,0.000204,0.000162,0.000089,0.000057,0.000024,0.000270,0.000116
0.000046,0.000300,0.000485,0.000412,-0.000271,0.000184,-0.000798,0.002269,-0.001162,-0.003660,-0.003870,-0.001429,-0.005268,-0.001148,-0.004293,-0.001375,-0.010927,-0.010565,-0.000628,-0.006588,0.002298,0.000576,-0.001355,-0.004767,-0.008648,-0.009433,0.005975,-0.004521,-0.000888,-0.001807,-0.005813,0.003584,0.017477,0.011848,0.016554,0.011961,0.011862,0.045020,0.007534,0.009022,0.007946,0.005159,0.001647,0.005058,0.004077,0.003016,0.001242,-0.001015,0.001630,0.000414,-0.000171,-0.000007,-0.000042,0.000020,0.000321,0.000112,0.000098,0.000122,-0.000051,0.000066
0.000794,0.000678,0.000687,-0.000019,0.001784,0.001371,0.003047,-0.000025,-0.001224,-0.001369,0.006003,0.004336,0.001149,-0.000241,0.000513,0.001149,-0.001623,0.002225,0.002193,-0.000090,0.003418,-0.005677,0.003890,-0.003075,-0.000336,-0.001919,-0.000955,-0.015171,-0.006594,0.001699,-0.006966,-0.003922,-0.008438,0.002621,0.002909,0.008038,0.006075,0.007534,0.040656,0.003382,0.000467,0.005322,0.005292,0.005555,0.004808,0.003899,-0.001479,-0.001622,-0.000617,0.000125,0.000148,-0.000107,0.000051,-0.000057,0.000086,0.000056,0.000207,-0.000063,0.000222,0.000120
0.000011,0.000179,-0.000483,-0.000824,0.000230,0.000984,0.000426,0.002721,0.001645,0.002096,0.001859,-0.002198,-0.001644,-0.000224,-0.003569,-0.003437,-0.002736,0.002197,-0.001761,-0.011523,-0.012812,-0.004438,-0.013566,-0.003607,0.000150,-0.005443,-0.011883,-0.010214,-0.001671,-0.002773,0.005699,-0.001764,0.012483,0.008172,0.006841,0.008570,0.007394,0.009022,0.003382,0.043919,0.008603,0.007760,0.004137,-0.000408,0.006719,0.011754,0.003601,0.002996,0.002417,0.001111,-0.000156,-0.000207,0.000048,-0.000073,0.000087,0.000027,-0.000077,0.000267,-0.000013,-0.000030
0.000576,0.000958,0.001012,0.000601,-0.000033,-0.001119,0.000353,0.000820,-0.001781,-0.000357,0.000228,-0.002716,-0.003119,0.000493,0.003020,-0.000067,-0.005535,0.000468,-0.003028,-0.008994,0.001347,-0.003832,-0.005988,-0.007203,-0.015118,-0.004572,0.001181,-0.000722,-0.001951,0.016604,0.006023,0.004063,0.010155,0.015876,0.017069,0.008313,0.012956,0.007946,0.000467,0.008603,0.037599,0.009491,0.002584,0.003241,0.004595,0.010306,0.002678,0.003927,0.002324,0.000714,-0.000003,0.000149,0.000041,0.000157,0.000256,0.000158,0.000076,0.000071,0.000086,0.000063
0.000493,0.001342,0.000881,0.000905,0.001401,-0.000049,0.000653,0.002102,-0.003465,-0.004786,-0.003924,-0.002318,-0.001449,0.004851,0.005205,-0.001430,-0.007077,-0.002538,-0.004353,-0.004395,-0.002010,-0.001915,0.000457,-0.007180,-0.001479,0.000212,-0.005307,-0.007305,-0.006274,0.002910,0.004412,-0.002946,0.003298,0.004001,0.003079,0.008575,0.007569,0.005159,0.005322,0.007760,0.009491,0.036062,0.012593,0.004895,0.005673,0.004708,0.003502,0.002381,0.001207,0.000416,0.000255,0.000328,0.000240,0.000141,0.000236,0.000098,0.000130,0.000233,0.000322,0.000294
0.000277,0.000720,0.000688,0.000251,0.001253,0.000937,0.000598,0.002155,0.000768,-0.000924,0.001029,0.002800,0.001549,-0.003228,-0.003875,-0.002594,-0.008010,-0.000380,-0.000566,-0.001660,-0.006603,0.000457,-0.004058,-0.002981,0.001086,0.001362,-0.001873,-0.003062,-0.003701,0.003920,0.007187,0.006915,0.001139,0.006325,0.001048,0.000082,0.006738,0.001647,0.005292,0.004137,0.002584,0.012593,0.026355,0.005695,0.007851,0.004125,0.002996,0.001513,0.000343,0.000238,0.000484,0.000230,0.000010,0.000022,0.000232,0.000152,0.000150,0.000113,0.000159,0.000072
0.000477,0.000279,0.000510,0.000487,-0.000782,0.000936,-0.000596,0.000812,0.001380,-0.000082,0.005086,0.004292,0.003037,0.003442,-0.000441,-0.000047,-0.004148,-0.005718,-0.004430,0.000283,0.001948,0.000525,0.003370,-0.001675,0.005278,-0.001072,0.001216,0.005051,-0.004849,0.005830,0.006156,0.003755,0.003865,0.006153,-0.001871,0.000280,0.002133,0.005058,0.005555,-0.000408,0.003241,0.004895,0.005695,0.020688,0.006347,0.002841,0.001684,0.000284,0.000791,0.000010,0.000297,-0.000034,-0.000065,0.000012,0.000185,0.000031,0.000141,-0.000033,-0.000070,0.000040
0.000666,0.000701,0.001520,0.000422,0.000878,0.001435,0.000570,0.000877,0.002139,0.005366,0.007120,0.001152,0.002212,-0.000174,0.003107,0.001922,-0.002728,-0.001135,-0.000943,0.006122,-0.002553,-0.000359,-0.006106,-0.006624,-0.002422,0.000613,-0.002410,0.006057,-0.015565,-0.003868,0.003519,0.001877,0.000540,-0.001548,-0.000797,-0.000389,-0.001104,0.004077,0.004808,0.006719,0.004595,0.005673,0.007851,0.006347,0.023858,0.006582,0.003521,0.002729,0.001596,0.000734,0.000380,0.000086,-0.000080,0.000035,0.000193,-0.000083,0.000186,0.000145,-0.000037,0.000111
0.000499,0.000852,0.000138,0.000139,0.000284,-0.000661,0.000708,0.001238,0.001930,0.000010,0.002158,-0.001877,-0.001006,-0.001217,-0.002088,-0.004489,-0.003134,-0.002488,-0.002277,-0.005818,-0.011021,-0.006437,-0.003386,-0.003144,-0.005027,-0.003101,-0.003740,-0.002894,-0.001470,0.010537,0.005315,0.001780,0.010099,0.007083,0.006175,0.002387,0.004521,0.003016,0.003899,0.011754,0.010306,0.004708,0.004125,0.002841,0.006582,0.017863,0.003057,0.003053,0.001557,0.000687,0.000201,0.000117,-0.000008,0.000030,0.000337,0.000073,0.000177,0.000208,0.000067,0.000045
0.000079,0.000497,0.000316,-0.000110,0.000222,-0.000436,-0.000468,0.000737,-0.000507,0.000872,0.000914,0.000108,-0.000466,0.000626,0.001012,-0.000577,0.001562,-0.001632,-0.002877,0.001426,-0.001859,-0.001130,0.000666,-0.002960,0.002092,-0.001508,-0.000622,-0.001928,-0.004461,-0.001485,0.004129,-0.000648,0.001315,-0.000286,-0.000338,0.000432,0.001356,0.001242,-0.001479,0.003601,0.002678,0.003502,0.002996,0.001684,0.003521,0.003057,0.007725,0.002060,0.001289,0.000399,0.000185,0.000090,-0.000017,-0.000026,0.000082,0.000015,0.000043,0.000071,-0.000017,0.000057
0.000031,0.000016,-0.000103,0.000496,-0.000138,0.000400,-0.000666,0.000186,0.000464,0.001751,0.000787,-0.001579,-0.000520,0.000285,0.001123,0.000851,0.001246,-0.000535,0.000628,-0.000238,-0.001276,-0.000477,-0.000618,-0.000942,-0.001737,-0.001161,-0.001969,0.003214,-0.002760,0.003529,0.002194,0.000798,0.001935,0.001318,0.000159,0.001542,0.001436,-0.001015,-0.001622,0.002996,0.003927,0.002381,0.001513,0.000284,0.002729,0.003053,0.002060,0.004162,0.001152,0.000329,0.000087,-0.000001,-0.000002,0.000052,0.000078,0.000041,0.000005,0.000122,0.000026,0.000028
0.000118,0.000207,0.000327,0.000226,-0.000081,-0.000180,0.000010,0.000406,0.000844,0.000107,0.001298,0.000105,0.000720,0.001301,0.000913,0.001001,0.000776,-0.000008,0.000189,-0.000309,-0.000310,-0.001558,-0.000023,-0.000909,-0.001040,-0.000212,-0.002425,0.000496,-0.000551,0.000719,0.002023,-0.000182,0.001730,0.001211,0.000674,0.001309,0.000776,0.001630,-0.000617,0.002417,0.002324,0.001207,0.000343,0.000791,0.001596,0.001557,0.001289,0.001152,0.001588,0.000261,0.000083,0.000041,0.000003,0.000022,0.000047,0.000005,0.000018,0.000088,-0.000004,0.000001
0.000048,0.000066,-0.000004,0.000019,-0.000123,0.000086,0.000098,0.000246,0.000097,0.000148,0.000134,-0.000000,0.000023,0.000086,0.000233,0.000040,-0.000387,0.000016,0.000400,-0.000917,0.000140,-0.000393,-0.000455,-0.000172,-0.000262,0.000035,-0.001130,-0.000101,-0.000923,-0.000045,0.000277,0.000106,0.000370,0.000225,0.000278,0.000678,0.000037,0.000414,0.000125,0.001111,0.000714,0.000416,0.000238,0.000010,0.000734,0.000687,0.000399,0.000329,0.000261,0.000238,0.000029,0.000001,0.000017,0.000015,0.000014,-0.000016,-0.000001,0.000012,0.000007,0.000004
0.000047,0.000078,0.000072,0.000064,0.000026,0.000047,0.000188,0.000085,0.000108,0.000019,0.000224,0.000188,0.000251,0.000327,0.000214,0.000185,-0.000149,-0.000289,0.000217,-0.000145,-0.000136,-0.000226,0.000136,0.000287,0.000081,0.000050,-0.000061,-0.000051,-0.000156,0.000227,0.000206,0.000005,-0.000069,-0.000524,-0.000455,-0.000033,-0.000375,-0.000171,0.000148,-0.000156,-0.000003,0.000255,0.000484,0.000297,0.000380,0.000201,0.000185,0.000087,0.000083,0.000029,0.000111,0.000021,0.000011,0.000004,0.000020,0.000004,0.000007,0.000007,0.000005,0.000004
0.000021,0.000079,0.000109,0.000026,0.000171,0.000038,0.000053,0.000034,0.000094,-0.000192,0.000151,0.000031,-0.000098,0.000048,-0.000057,0.000167,-0.000078,0.000079,0.000101,-0.000128,0.000067,-0.000252,0.000538,0.000081,0.000202,-0.000226,0.000175,-0.000061,-0.000343,-0.000417,-0.000229,0.000250,0.000104,-0.000108,-0.000387,0.000191,-0.000071,-0.000007,-0.000107,-0.000207,0.000149,0.000328,0.000230,-0.000034,0.000086,0.000117,0.000090,-0.000001,0.000041,0.000001,0.000021,0.000082,0.000012,0.000002,0.000018,0.000010,0.000008,0.000008,0.000001,0.000007
0.000001,0.000023,0.000054,-0.000016,0.000027,0.000077,0.000021,-0.000000,-0.000113,-0.000110,-0.000132,-0.000111,-0.000111,0.000057,-0.000105,-0.000232,-0.000234,-0.000035,0.000194,-0.000339,-0.000175,-0.000164,-0.000040,0.000105,-0.000106,0.000123,-0.000228,0.000041,-0.000054,-0.000066,-0.000017,0.000133,-0.000036,-0.000047,-0.000278,0.000221,-0.000001,-0.000042,0.000051,0.000048,0.000041,0.000240,0.000010,-0.000065,-0.000080,-0.000008,-0.000017,-0.000002,0.000003,0.000017,0.000011,0.000012,0.000049,0.000007,-0.000002,0.000001,-0.000004,0.000002,0.000009,0.000005
0.000032,0.000028,0.000033,0.000059,-0.000000,0.000012,0.000022,0.000112,0.000167,0.000139,0.000107,0.000082,0.000074,0.000119,0.000154,0.000279,0.000168,-0.000077,0.000199,-0.000107,0.000323,-0.000003,0.000008,-0.000035,-0.000401,-0.000013,-0.000534,-0.000031,-0.000228,-0.000239,-0.000393,0.000090,-0.000051,-0.000138,-0.000273,0.000257,0.000204,0.000020,-0.000057,-0.000073,0.000157,0.000141,0.000022,0.000012,0.000035,0.000030,-0.000026,0.000052,0.000022,0.000015,0.000004,0.000002,0.000007,0.000055,0.000017,0.000008,0.000004,0.000009,0.000011,0.000009
0.000026,0.000068,0.000032,0.000047,0.000022,0.000019,-0.000016,0.000044,0.000139,-0.000058,0.000210,0.000212,0.000106,0.000014,0.000147,0.000273,0.000330,-0.000181,0.000151,0.000040,0.000026,-0.000033,-0.000074,-0.000255,0.000033,-0.000495,-0.000475,-0.000440,-0.000343,0.000114,-0.000235,-0.000038,0.000271,0.000287,-0.000064,0.000192,0.000162,0.000321,0.000086,0.000087,0.000256,0.000236,0.000232,0.000185,0.000193,0.000337,0.000082,0.000078,0.000047,0.000014,0.000020,0.000018,-0.000002,0.000017,0.000062,0.000020,0.000019,0.000020,0.000006,0.000007
0.000006,0.000024,0.000005,0.000033,0.000015,0.000054,0.000038,0.000058,0.000071,-0.000014,0.000056,0.000146,0.000010,0.000074,0.000144,0.000123,0.000373,0.000093,0.000303,0.000177,0.000181,0.000048,-0.000123,0.000177,-0.000178,-0.000295,0.000079,-0.000523,-0.000258,0.000014,0.000062,0.000056,0.000026,-0.000005,0.000084,0.000056,0.000089,0.000112,0.000056,0.000027,0.000158,0.000098,0.000152,0.000031,-0.000083,0.000073,0.000015,0.000041,0.000005,-0.000016,0.000004,0.000010,0.000001,0.000008,0.000020,0.000039,0.000011,0.000015,0.000002,0.000005
0.000024,0.000039,0.000025,0.000044,0.000027,0.000019,0.000027,0.000012,0.000069,-0.000048,0.000152,0.000092,0.000077,0.000063,0.000167,0.000147,0.000162,0.000020,0.000345,0.000113,0.000114,0.000070,0.000167,-0.000293,-0.000031,-0.000246,-0.000176,-0.000218,-0.000237,-0.000055,0.000069,0.000043,0.000008,0.000045,-0.000149,0.000104,0.000057,0.000098,0.000207,-0.000077,0.000076,0.000130,0.000150,0.000141,0.000186,0.000177,0.000043,0.000005,0.000018,-0.000001,0.000007,0.000008,-0.000004,0.000004,0.000019,0.000011,0.000037,0.000011,0.000005,0.000006
-0.000002,0.000037,0.000025,0.000043,0.000018,0.000012,0.000083,0.000039,0.000057,-0.000073,0.000085,-0.000143,0.000059,0.000081,0.000252,0.000099,0.000293,-0.000166,0.000358,-0.000086,0.000138,0.000027,-0.000121,0.000197,0.000057,-0.000096,-0.000225,-0.000411,-0.000312,-0.000118,-0.000056,-0.000103,0.000233,0.000128,-0.000060,0.000007,0.000024,0.000122,-0.000063,0.000267,0.000071,0.000233,0.000113,-0.000033,0.000145,0.000208,0.000071,0.000122,0.000088,0.000012,0.000007,0.000008,0.000002,0.000009,0.000020,0.000015,0.000011,0.000044,0.000010,0.000007
0.000035,0.000045,0.000048,0.000060,0.000061,-0.000004,0.000064,0.000081,-0.000050,-0.000117,-0.000130,-0.000074,0.000105,0.000024,0.000242,0.000162,0.000050,0.000134,0.000333,-0.000344,0.000129,0.000056,-0.000139,-0.000021,-0.000312,-0.000076,-0.000126,-0.000446,-0.000221,-0.000042,-0.000154,-0.000270,-0.000190,-0.000118,-0.000020,0.000211,0.000270,-0.000051,0.000222,-0.000013,0.000086,0.000322,0.000159,-0.000070,-0.000037,0.000067,-0.000017,0.000026,-0.000004,0.000007,0.000005,0.000001,0.000009,0.000011,0.000006,0.000002,0.000005,0.000010,0.000036,0.000015
0.000045,0.000042,0.000075,0.000058,0.000081,0.000005,0.000041,0.000058,0.000004,-0.000003,-0.000058,-0.000060,0.000017,-0.000010,0.000040,0.000193,0.000074,0.000058,0.000056,0.000051,0.000240,0.000310,-0.000031,-0.000086,-0.000327,-0.000093,0.000048,-0.000437,-0.000234,-0.000274,-0.000044,-0.000048,0.000056,-0.000049,0.000046,0.000279,0.000116,0.000066,0.000120,-0.000030,0.000063,0.000294,0.000072,0.000040,0.000111,0.000045,0.000057,0.000028,0.000001,0.000004,0.000004,0.000007,0.000005,0.000009,0.000007,0.000005,0.000006,0.000007,0.000015,0.000031
