0.026919,0.010154,0.009425,0.000846,0.005289,0.003927,0.006213,0.008788,0.006431,0.006510,0.005069,0.003436,0.006141,0.004394,0.002738,0.007754,0.001251,0.007084,0.000314,0.000513,0.000770,0.001186,-0.004518,-0.001524,-0.005826,-0.011003,-0.002181,-0.006700,-0.003250,-0.000650,-0.000357,-0.000552,-0.002783,-0.007210,0.001854,0.007481,0.006667,-0.004002,0.005242,0.001386,0.004853,0.001135,0.002463,0.005555,0.001360,0.005377,0.002304,0.003147,0.003724,0.000051,0.003272,0.005475,0.000388,0.004502,0.004162,-0.000805,0.005952,0.000739,0.008313,0.006211
0.010154,0.018968,0.010199,0.000161,0.005509,0.001006,0.003446,0.003291,0.000233,0.000437,0.004019,0.001895,0.003906,0.004810,0.003228,0.004694,0.001571,-0.001772,0.005382,-0.002039,-0.000323,-0.000729,-0.000402,0.000412,0.002901,-0.001878,0.003402,0.001286,-0.004226,0.000213,0.003071,-0.001207,-0.003799,-0.002360,0.000250,0.001741,0.000012,0.000189,0.001066,-0.001183,0.003959,0.006138,0.002531,0.001738,0.003012,0.003265,0.004712,-0.000050,0.003050,0.001315,0.003567,0.004279,0.001974,0.000607,0.006544,0.002259,0.005115,0.002410,0.003805,0.004211
0.009425,0.010199,0.015698,0.001422,0.008635,0.002336,0.002226,0.001219,0.002624,0.001266,0.005214,0.000723,0.005542,0.000992,0.000284,0.002241,0.000833,0.000426,0.002583,0.005001,-0.001369,0.002213,-0.005992,-0.000157,-0.004880,-0.002538,-0.000343,-0.001014,-0.002730,-0.003349,-0.001052,0.000859,-0.001610,-0.003323,0.001266,0.003344,-0.000757,-0.000358,0.002369,-0.001826,0.003693,0.000782,0.002682,0.001364,0.003897,0.000788,0.001554,-0.000563,0.003365,-0.001593,0.002719,0.005601,0.004711,0.002264,0.003802,0.001590,0.003750,0.002762,0.005410,0.004741
0.000846,0.000161,0.001422,0.006410,0.001835,0.002967,-0.000989,0.002186,0.001813,0.000546,-0.000355,0.000291,0.002060,0.000726,0.001508,0.002807,0.004327,0.000061,0.005095,0.003036,0.003445,0.002019,-0.000223,0.002144,-0.005130,-0.001792,-0.001787,-0.004894,-0.001020,0.000134,-0.002511,0.000420,0.001651,-0.001652,-0.000776,0.001727,0.000629,0.000991,0.002306,-0.000489,0.001462,0.000300,0.001497,0.001373,0.000320,0.001043,-0.000352,0.002972,0.001911,-0.000215,0.001171,0.001220,-0.000149,0.002099,0.002479,0.001915,0.002149,0.003167,0.004214,0.001961
0.005289,0.005509,0.008635,0.001835,0.022562,0.005707,0.004966,0.001999,0.001218,0.002591,-0.000888,-0.002715,0.005649,-0.002711,-0.004978,0.005422,0.005812,0.002219,0.001707,0.000684,0.001848,0.008919,0.000044,0.001423,-0.002000,-0.001073,0.001406,-0.000546,-0.001769,-0.001136,0.000286,0.003583,-0.004283,-0.008623,0.000238,0.003036,0.001135,-0.000715,0.005884,0.000007,0.001401,0.003368,0.003679,-0.001534,0.000501,0.001369,-0.000820,-0.001921,-0.002802,-0.004320,0.000579,0.006120,0.003218,0.000129,0.002147,0.001363,0.002393,0.001944,0.005317,0.004256
0.003927,0.001006,0.002336,0.002967,0.005707,0.033277,0.006050,0.005935,0.005137,0.008340,0.006838,0.009308,0.012518,0.012099,0.005064,0.011607,0.002838,0.005167,0.009392,0.001450,0.011860,0.005338,-0.006008,0.007658,0.000560,0.001119,-0.004979,0.000761,0.002285,-0.003186,0.002676,0.003124,-0.003116,-0.004258,0.000955,0.002961,0.001560,-0.000049,0.003900,0.000342,-0.001213,0.000920,0.003137,0.005823,0.006241,-0.002547,-0.001518,0.002256,-0.002704,0.003053,0.001926,0.001636,0.003738,0.001737,0.002611,0.004011,0.003002,0.001912,0.000805,0.002484
0.006213,0.003446,0.002226,-0.000989,0.004966,0.006050,0.037369,0.001300,0.006639,0.005553,0.003693,0.002825,0.001743,0.004793,0.006820,0.001023,-0.006948,-0.001315,0.000560,-0.011192,0.001624,-0.001631,0.004274,0.016926,0.001182,0.006231,-0.001108,-0.003754,0.002174,-0.001790,0.000838,-0.002313,-0.005214,-0.006352,-0.001627,0.000306,0.003776,-0.001940,0.004505,0.002694,0.002581,0.003330,0.002066,-0.001808,0.000675,0.003713,0.001627,-0.000371,0.002581,0.005594,0.004075,0.003377,0.001050,0.002101,-0.000630,0.000098,0.002703,0.005238,0.003026,0.001900
0.008788,0.003291,0.001219,0.002186,0.001999,0.005935,0.001300,0.034269,0.013567,0.005997,0.001353,0.002570,0.006067,0.003928,0.002884,0.010857,-0.000806,0.004387,-0.000236,-0.004458,0.002113,0.006765,-0.007832,-0.001581,0.000341,-0.006649,-0.002902,-0.000217,0.000838,0.002531,0.000439,0.000896,-0.005418,-0.001885,0.005417,0.007555,0.009124,0.000154,0.000157,0.006977,0.003399,0.002274,0.005737,0.004514,-0.002170,0.004830,0.003534,0.004047,0.003525,0.003387,0.001462,0.004830,0.000623,0.006049,0.003266,0.002638,0.002508,0.002628,0.004434,0.000287
0.006431,0.000233,0.002624,0.001813,0.001218,0.005137,0.006639,0.013567,0.032462,0.010004,0.010987,0.002400,0.004668,0.002584,-0.003128,0.008990,-0.003904,0.003786,0.002216,-0.002979,-0.000124,-0.001214,0.001921,0.001376,-0.000950,-0.006930,-0.001272,0.004013,-0.002222,0.001744,-0.003660,0.003720,0.002158,-0.005910,-0.000701,0.003177,0.008810,-0.002950,-0.001710,0.004702,-0.000115,-0.006359,0.002646,0.005116,0.001588,0.006386,0.001903,0.006776,0.007779,0.000028,0.000655,0.004958,-0.003140,0.004322,0.005466,0.000801,0.003472,0.003675,-0.001020,0.000216
0.006510,0.000437,0.001266,0.000546,0.002591,0.008340,0.005553,0.005997,0.010004,0.036696,0.014918,0.007836,0.009330,0.001681,0.005343,0.005199,0.000501,-0.000842,-0.001472,0.005476,-0.001809,0.002565,-0.000961,-0.000783,-0.001824,-0.004406,-0.003214,-0.003787,-0.008435,-0.003284,0.006993,0.005042,-0.001207,-0.006973,0.005118,0.005817,0.007430,-0.005333,-0.000312,0.003994,0.003133,-0.008362,-0.001792,0.002528,0.008112,0.004171,0.002362,0.008275,0.001422,0.001848,0.000404,-0.000992,-0.002380,0.004377,-0.000027,-0.000144,-0.000407,-0.000180,-0.005107,-0.000864
0.005069,0.004019,0.005214,-0.000355,-0.000888,0.006838,0.003693,0.001353,0.010987,0.014918,0.043308,0.018937,0.024319,0.009046,0.015846,0.004758,0.001729,0.006382,0.015246,0.012818,0.001930,0.003758,0.002893,-0.007598,-0.002620,-0.001309,-0.008647,-0.010731,-0.011249,-0.008599,-0.001591,0.000625,-0.003213,-0.003412,-0.000897,-0.005164,-0.002871,-0.007251,0.002045,0.002189,0.000883,-0.003742,0.000044,0.007172,0.011034,0.002018,0.003184,0.003999,0.009313,0.002860,0.002400,0.002677,-0.002131,0.001407,0.005761,0.003004,0.005653,0.002890,-0.005595,-0.000512
0.003436,0.001895,0.000723,0.000291,-0.002715,0.009308,0.002825,0.002570,0.002400,0.007836,0.018937,0.058111,0.020515,0.007922,0.006733,0.005261,0.006432,0.012721,0.012107,0.008302,0.009573,0.007788,0.005126,0.000081,-0.010932,0.000195,-0.015114,-0.013063,-0.011305,-0.013279,-0.006319,0.001554,-0.012762,-0.001090,-0.006059,-0.006005,-0.007041,-0.000591,0.002690,-0.000801,-0.002859,-0.000168,0.004339,0.006929,0.003502,-0.004781,0.002101,-0.003987,0.003360,0.004550,0.002157,0.001962,-0.001657,0.002614,0.007638,0.004474,0.004660,-0.002923,-0.003614,-0.000304
0.006141,0.003906,0.005542,0.002060,0.005649,0.012518,0.001743,0.006067,0.004668,0.009330,0.024319,0.020515,0.059503,0.007469,0.018589,0.010049,0.011330,0.010192,0.014905,0.008589,0.011848,0.009789,0.001835,-0.002637,-0.011081,-0.004892,-0.005302,-0.002317,-0.011322,-0.005859,0.001193,-0.004083,-0.007606,-0.005778,-0.001032,-0.009311,-0.003712,-0.004417,-0.000650,-0.002474,-0.006103,0.001965,-0.000264,0.005858,0.003959,-0.003594,0.000358,-0.004581,0.004329,0.001121,0.003571,-0.002413,-0.001447,-0.001428,0.003612,0.000359,0.004700,0.002378,0.002393,0.002112
0.004394,0.004810,0.000992,0.000726,-0.002711,0.012099,0.004793,0.003928,0.002584,0.001681,0.009046,0.007922,0.007469,0.037307,0.013611,0.010076,0.012956,0.009398,0.014006,-0.000196,0.004581,-0.001633,0.003182,0.005988,0.001034,-0.005498,-0.006473,-0.011378,-0.000615,-0.009352,-0.002250,-0.005682,-0.006774,-0.000619,-0.000499,0.001269,-0.004647,-0.002373,-0.001611,0.001129,-0.000332,0.003292,-0.005673,0.005622,-0.001763,-0.001256,0.001680,0.001285,0.006825,-0.000481,0.003178,0.002361,0.001226,0.000389,0.002766,0.004443,0.002271,0.003234,-0.000631,-0.000371
0.002738,0.003228,0.000284,0.001508,-0.004978,0.005064,0.006820,0.002884,-0.003128,0.005343,0.015846,0.006733,0.018589,0.013611,0.054414,0.013478,0.013535,0.009497,0.012100,0.009645,0.015729,0.007897,0.003830,-0.006746,-0.000435,0.002687,-0.008091,-0.014849,-0.008725,-0.011175,-0.004018,-0.015336,-0.012947,-0.004578,-0.003242,-0.006319,-0.002702,-0.003544,-0.002444,-0.002318,0.000775,0.002158,-0.009436,-0.001324,0.001883,-0.002282,0.001652,0.002293,0.002605,0.001974,0.002282,-0.001720,-0.001689,0.000336,0.004638,0.005084,0.003734,0.004887,0.001894,-0.000931
0.007754,0.004694,0.002241,0.002807,0.005422,0.011607,0.001023,0.010857,0.008990,0.005199,0.004758,0.005261,0.010049,0.010076,0.013478,0.069226,0.037932,0.021456,0.034192,0.016707,0.016630,0.016320,0.008279,0.005101,0.002519,-0.009923,-0.002425,-0.002263,-0.021131,-0.013007,-0.006572,-0.005585,-0.013883,-0.005431,0.003862,0.004270,0.005749,-0.001989,-0.000031,-0.002661,-0.001243,-0.007587,-0.004690,0.000056,0.000195,-0.002434,-0.001273,0.002008,0.005948,-0.000363,0.000308,0.003930,-0.004545,0.007532,0.008450,0.002057,0.004127,0.003135,0.001507,0.002458
0.001251,0.001571,0.000833,0.004327,0.005812,0.002838,-0.006948,-0.000806,-0.003904,0.000501,0.001729,0.006432,0.011330,0.012956,0.013535,0.037932,0.090730,0.027267,0.024985,0.035268,0.026231,0.008611,0.008857,0.002908,-0.004193,-0.007929,-0.005628,-0.021687,-0.022334,-0.013408,-0.013602,-0.002884,-0.013261,-0.003167,-0.005892,-0.002876,-0.010671,-0.008544,-0.004980,-0.005189,-0.003516,-0.006464,-0.012148,-0.002964,-0.003600,-0.006390,0.002762,-0.000559,0.001851,-0.003019,-0.001743,-0.000267,-0.004587,0.004867,0.008151,0.005974,0.002398,0.004841,0.000018,0.002213
0.007084,-0.001772,0.000426,0.000061,0.002219,0.005167,-0.001315,0.004387,0.003786,-0.000842,0.006382,0.012721,0.010192,0.009398,0.009497,0.021456,0.027267,0.091347,0.026935,0.016192,0.015152,0.011684,0.002845,0.007847,-0.002700,-0.008280,0.001256,-0.016793,-0.011674,-0.008738,-0.006967,-0.007227,-0.016442,-0.007070,0.005049,-0.006398,-0.006184,-0.007907,-0.001029,0.000499,0.000967,-0.001548,-0.004810,-0.004582,-0.002325,-0.004697,-0.002491,-0.003329,-0.002252,0.001187,-0.002177,0.002819,-0.002684,-0.001328,-0.001108,0.002676,0.002628,-0.003743,0.001954,0.002726
0.000314,0.005382,0.002583,0.005095,0.001707,0.009392,0.000560,-0.000236,0.002216,-0.001472,0.015246,0.012107,0.014905,0.014006,0.012100,0.034192,0.024985,0.026935,0.099487,0.003744,0.017038,0.026471,0.021723,0.011165,-0.005294,-0.011635,-0.004339,-0.008738,-0.028759,-0.010360,-0.011488,-0.007928,-0.001885,-0.010839,-0.005521,-0.010666,-0.005068,0.002209,-0.001039,-0.002304,-0.002820,-0.003588,-0.002386,-0.001614,0.000721,-0.002795,-0.000516,0.005240,0.005002,0.006346,0.003365,0.003821,0.005592,0.006305,0.008074,0.006777,0.011586,0.007917,0.004056,0.001665
0.000513,-0.002039,0.005001,0.003036,0.000684,0.001450,-0.011192,-0.004458,-0.002979,0.005476,0.012818,0.008302,0.008589,-0.000196,0.009645,0.016707,0.035268,0.016192,0.003744,0.115377,0.037190,0.014848,-0.006772,-0.000871,-0.010169,0.002954,-0.015951,-0.024093,-0.025420,-0.014003,-0.010311,-0.002625,-0.006244,-0.009849,0.005464,-0.000469,-0.001887,-0.003087,0.000986,-0.006798,-0.010353,-0.002012,-0.001508,0.002235,0.005792,-0.004716,0.001379,-0.002072,-0.002242,-0.006229,-0.003431,0.003193,-0.012379,-0.001639,-0.000569,0.004908,0.000366,0.000248,-0.011698,-0.001476
0.000770,-0.000323,-0.001369,0.003445,0.001848,0.011860,0.001624,0.002113,-0.000124,-0.001809,0.001930,0.009573,0.011848,0.004581,0.015729,0.016630,0.026231,0.015152,0.017038,0.037190,0.124109,0.023014,0.024897,-0.003712,0.013447,0.001504,-0.004179,-0.014790,0.004558,-0.016913,-0.024592,-0.004652,-0.021961,-0.022375,0.009566,-0.008938,0.007002,0.002068,0.002054,-0.008036,-0.002692,-0.002934,-0.006853,0.005994,-0.004084,-0.012844,-0.003761,-0.007718,-0.005016,0.000507,-0.001132,0.002194,-0.008747,0.006338,0.003466,0.002844,-0.003204,0.003985,-0.000973,0.001989
0.001186,-0.000729,0.002213,0.002019,0.008919,0.005338,-0.001631,0.006765,-0.001214,0.002565,0.003758,0.007788,0.009789,-0.001633,0.007897,0.016320,0.008611,0.011684,0.026471,0.014848,0.023014,0.123041,0.011506,0.004630,-0.003037,0.005349,0.008542,0.002658,0.002640,-0.010072,-0.000269,0.009665,-0.003436,-0.006763,-0.001380,-0.016553,-0.006775,0.002357,-0.005068,-0.000448,-0.005857,-0.005471,0.002985,0.002108,0.000033,-0.000018,-0.001165,-0.000249,-0.004886,-0.004898,-0.000197,-0.001691,-0.004137,-0.000174,0.004167,0.005757,0.005531,0.005333,-0.001724,0.006290
-0.004518,-0.000402,-0.005992,-0.000223,0.000044,-0.006008,0.004274,-0.007832,0.001921,-0.000961,0.002893,0.005126,0.001835,0.003182,0.003830,0.008279,0.008857,0.002845,0.021723,-0.006772,0.024897,0.011506,0.132218,0.020469,0.013014,0.013063,0.002332,0.006541,-0.008768,-0.015307,-0.017419,0.001044,-0.016665,-0.010653,-0.022571,-0.003623,-0.009946,0.000118,-0.001028,-0.015601,-0.009541,-0.007287,-0.010547,-0.001916,-0.008720,-0.006952,0.002591,-0.000857,-0.000308,-0.007906,-0.000228,0.006129,-0.004285,-0.001406,0.000335,-0.002890,0.004282,-0.000789,-0.007053,-0.001760
-0.001524,0.000412,-0.000157,0.002144,0.001423,0.007658,0.016926,-0.001581,0.001376,-0.000783,-0.007598,0.000081,-0.002637,0.005988,-0.006746,0.005101,0.002908,0.007847,0.011165,-0.000871,-0.003712,0.004630,0.020469,0.129210,0.029509,0.005370,0.011936,0.003986,0.010775,0.001518,0.001408,0.006440,-0.001060,-0.013035,-0.008662,-0.002941,-0.003287,-0.003627,-0.010188,-0.002142,-0.007763,-0.003345,-0.004617,-0.002686,-0.001732,-0.004065,-0.000633,-0.000827,-0.001078,-0.000530,0.002295,-0.000118,0.007227,-0.005085,-0.005833,0.001919,-0.005329,0.003660,-0.002431,0.001947
-0.005826,0.002901,-0.004880,-0.005130,-0.002000,0.000560,0.001182,0.000341,-0.000950,-0.001824,-0.002620,-0.010932,-0.011081,0.001034,-0.000435,0.002519,-0.004193,-0.002700,-0.005294,-0.010169,0.013447,-0.003037,0.013014,0.029509,0.137163,0.034245,0.027885,0.013417,0.010293,-0.013526,-0.002551,0.002015,-0.013165,-0.018748,-0.013115,-0.013603,-0.002729,-0.003506,0.001718,0.002718,-0.015932,0.000589,-0.000718,0.003888,0.001763,-0.007070,0.008360,-0.002956,-0.004461,-0.001914,0.000101,0.003007,-0.003811,-0.013269,0.000279,-0.006908,0.003896,-0.000354,-0.008958,-0.005156
-0.011003,-0.001878,-0.002538,-0.001792,-0.001073,0.001119,0.006231,-0.006649,-0.006930,-0.004406,-0.001309,0.000195,-0.004892,-0.005498,0.002687,-0.009923,-0.007929,-0.008280,-0.011635,0.002954,0.001504,0.005349,0.013063,0.005370,0.034245,0.140215,0.006012,0.021845,0.014559,0.004749,-0.000383,0.001107,-0.016485,-0.007831,-0.016416,-0.015331,-0.020829,-0.013747,-0.010768,-0.007292,-0.006679,-0.002642,-0.003377,-0.005958,0.001097,-0.003119,0.000564,-0.004062,0.000599,0.003300,0.000480,-0.006038,-0.001075,-0.006507,-0.011580,-0.007762,-0.011500,-0.003692,-0.007579,-0.001218
-0.002181,0.003402,-0.000343,-0.001787,0.001406,-0.004979,-0.001108,-0.002902,-0.001272,-0.003214,-0.008647,-0.015114,-0.005302,-0.006473,-0.008091,-0.002425,-0.005628,0.001256,-0.004339,-0.015951,-0.004179,0.008542,0.002332,0.011936,0.027885,0.006012,0.136677,0.021718,-0.001564,-0.007091,-0.007307,0.002377,0.004573,-0.003294,-0.000814,-0.009572,0.000144,0.006630,-0.008195,-0.008434,0.002468,0.001543,-0.005254,-0.000152,-0.000774,-0.001958,0.000132,-0.003877,-0.006109,-0.011493,-0.000746,0.001791,-0.004789,-0.011440,-0.004341,0.001746,-0.001525,-0.003010,-0.002186,0.004093
-0.006700,0.001286,-0.001014,-0.004894,-0.000546,0.000761,-0.003754,-0.000217,0.004013,-0.003787,-0.010731,-0.013063,-0.002317,-0.011378,-0.014849,-0.002263,-0.021687,-0.016793,-0.008738,-0.024093,-0.014790,0.002658,0.006541,0.003986,0.013417,0.021845,0.021718,0.150830,0.024728,0.028872,0.015335,0.013014,0.006830,0.000296,-0.002037,-0.008108,-0.000899,-0.002807,-0.011262,-0.004864,0.000669,-0.007155,-0.006462,0.007797,0.009157,-0.001620,-0.001305,0.007912,0.003012,-0.005446,-0.001093,-0.000400,0.002479,-0.004569,-0.009256,-0.013658,-0.007099,-0.007833,-0.008851,-0.007585
-0.003250,-0.004226,-0.002730,-0.001020,-0.001769,0.002285,0.002174,0.000838,-0.002222,-0.008435,-0.011249,-0.011305,-0.011322,-0.000615,-0.008725,-0.021131,-0.022334,-0.011674,-0.028759,-0.025420,0.004558,0.002640,-0.008768,0.010775,0.010293,0.014559,-0.001564,0.024728,0.125330,0.023349,0.009372,0.003040,0.012170,0.004496,0.006599,-0.003068,-0.002046,0.000815,-0.001899,-0.000365,-0.001227,-0.006831,-0.002676,-0.005017,-0.012977,-0.002594,-0.007661,-0.005414,0.000560,-0.011642,-0.000514,-0.007705,-0.000448,-0.005091,-0.008251,-0.007689,-0.005066,-0.007482,-0.002737,-0.002611
-0.000650,0.000213,-0.003349,0.000134,-0.001136,-0.003186,-0.001790,0.002531,0.001744,-0.003284,-0.008599,-0.013279,-0.005859,-0.009352,-0.011175,-0.013007,-0.013408,-0.008738,-0.010360,-0.014003,-0.016913,-0.010072,-0.015307,0.001518,-0.013526,0.004749,-0.007091,0.028872,0.023349,0.096625,0.026564,0.004319,0.011789,0.009043,0.008047,-0.010584,-0.005273,-0.006662,0.001562,-0.001838,0.013695,0.001822,0.006421,0.004808,0.002013,0.012532,-0.001044,0.011899,0.004053,-0.003137,0.000334,-0.004937,-0.004542,-0.015431,-0.001619,-0.000387,-0.004930,-0.002162,-0.003018,-0.004756
-0.000357,0.003071,-0.001052,-0.002511,0.000286,0.002676,0.000838,0.000439,-0.003660,0.006993,-0.001591,-0.006319,0.001193,-0.002250,-0.004018,-0.006572,-0.013602,-0.006967,-0.011488,-0.010311,-0.024592,-0.000269,-0.017419,0.001408,-0.002551,-0.000383,-0.007307,0.015335,0.009372,0.026564,0.083153,0.005537,0.004820,0.007232,0.004974,-0.007169,-0.010736,-0.007789,-0.005183,0.004984,0.003340,0.004857,0.006863,0.004192,0.005933,0.007670,0.003788,0.001453,0.006456,0.005768,0.003147,-0.002565,-0.001579,-0.008000,-0.003210,0.003147,0.000771,0.001717,-0.003851,-0.002039
-0.000552,-0.001207,0.000859,0.000420,0.003583,0.003124,-0.002313,0.000896,0.003720,0.005042,0.000625,0.001554,-0.004083,-0.005682,-0.015336,-0.005585,-0.002884,-0.007227,-0.007928,-0.002625,-0.004652,0.009665,0.001044,0.006440,0.002015,0.001107,0.002377,0.013014,0.003040,0.004319,0.005537,0.066889,0.019202,0.001893,0.000380,0.003312,0.012325,0.003582,0.002425,0.002731,0.008812,-0.004453,0.010655,0.002382,0.003747,0.002674,0.000092,0.003141,0.001737,0.000326,0.000643,0.004474,0.003331,-0.000845,-0.001407,0.002241,-0.000159,-0.001012,-0.003165,-0.001028
-0.002783,-0.003799,-0.001610,0.001651,-0.004283,-0.003116,-0.005214,-0.005418,0.002158,-0.001207,-0.003213,-0.012762,-0.007606,-0.006774,-0.012947,-0.013883,-0.013261,-0.016442,-0.001885,-0.006244,-0.021961,-0.003436,-0.016665,-0.001060,-0.013165,-0.016485,0.004573,0.006830,0.012170,0.011789,0.004820,0.019202,0.061747,0.022666,0.017897,0.014407,0.014334,0.012389,-0.003803,0.012272,0.010027,-0.001224,0.003741,0.001311,0.000740,0.008240,-0.000052,0.006438,0.006103,0.001020,-0.001433,0.000383,-0.002350,-0.000945,0.001808,0.001025,0.000278,0.004846,-0.003505,-0.000266
-0.007210,-0.002360,-0.003323,-0.001652,-0.008623,-0.004258,-0.006352,-0.001885,-0.005910,-0.006973,-0.003412,-0.001090,-0.005778,-0.000619,-0.004578,-0.005431,-0.003167,-0.007070,-0.010839,-0.009849,-0.022375,-0.006763,-0.010653,-0.013035,-0.018748,-0.007831,-0.003294,0.000296,0.004496,0.009043,0.007232,0.001893,0.022666,0.066182,0.019293,0.011766,0.007081,0.010715,0.001590,0.013262,0.016964,0.007342,0.007622,0.003122,-0.001627,0.004645,-0.002265,0.002740,0.005338,0.004041,-0.006551,-0.003625,0.000670,-0.003539,0.004216,-0.000591,-0.000545,0.002961,-0.000333,-0.000677
0.001854,0.000250,0.001266,-0.000776,0.000238,0.000955,-0.001627,0.005417,-0.000701,0.005118,-0.000897,-0.006059,-0.001032,-0.000499,-0.003242,0.003862,-0.005892,0.005049,-0.005521,0.005464,0.009566,-0.001380,-0.022571,-0.008662,-0.013115,-0.016416,-0.000814,-0.002037,0.006599,0.008047,0.004974,0.000380,0.017897,0.019293,0.068630,0.020762,0.019658,0.010745,0.002766,0.007011,0.017456,0.002518,0.004932,-0.000422,0.000216,0.009822,-0.000066,0.003471,0.004070,0.002362,-0.004489,-0.002284,-0.007251,-0.002240,-0.001946,0.000708,-0.003599,-0.001053,-0.001243,-0.000993
0.007481,0.001741,0.003344,0.001727,0.003036,0.002961,0.000306,0.007555,0.003177,0.005817,-0.005164,-0.006005,-0.009311,0.001269,-0.006319,0.004270,-0.002876,-0.006398,-0.010666,-0.000469,-0.008938,-0.016553,-0.003623,-0.002941,-0.013603,-0.015331,-0.009572,-0.008108,-0.003068,-0.010584,-0.007169,0.003312,0.014407,0.011766,0.020762,0.072291,0.030123,0.010631,0.014326,0.008057,0.011549,0.005099,0.005459,0.002527,-0.003961,0.002075,0.003138,0.009180,0.007412,0.004293,-0.001472,0.004539,0.005325,0.010442,-0.000826,-0.001784,0.004926,-0.001764,0.008204,0.002754
0.006667,0.000012,-0.000757,0.000629,0.001135,0.001560,0.003776,0.009124,0.008810,0.007430,-0.002871,-0.007041,-0.003712,-0.004647,-0.002702,0.005749,-0.010671,-0.006184,-0.005068,-0.001887,0.007002,-0.006775,-0.009946,-0.003287,-0.002729,-0.020829,0.000144,-0.000899,-0.002046,-0.005273,-0.010736,0.012325,0.014334,0.007081,0.019658,0.030123,0.065456,0.010568,0.013018,0.010707,0.016853,0.009083,0.012097,0.004399,-0.000510,0.007109,0.001213,0.007438,0.005670,-0.000264,-0.003557,0.001239,0.000507,0.014218,0.002196,0.002149,0.008669,0.002400,0.010885,0.001167
-0.004002,0.000189,-0.000358,0.000991,-0.000715,-0.000049,-0.001940,0.000154,-0.002950,-0.005333,-0.007251,-0.000591,-0.004417,-0.002373,-0.003544,-0.001989,-0.008544,-0.007907,0.002209,-0.003087,0.002068,0.002357,0.000118,-0.003627,-0.003506,-0.013747,0.006630,-0.002807,0.000815,-0.006662,-0.007789,0.003582,0.012389,0.010715,0.010745,0.010631,0.010568,0.036418,0.007060,0.006186,0.003964,0.005712,0.000730,0.002454,-0.001821,-0.002096,-0.002684,-0.005066,0.001674,0.000868,-0.003336,-0.001153,-0.000280,0.002795,0.003434,0.003239,0.002596,0.001214,0.000539,-0.001269
0.005242,0.001066,0.002369,0.002306,0.005884,0.003900,0.004505,0.000157,-0.001710,-0.000312,0.002045,0.002690,-0.000650,-0.001611,-0.002444,-0.000031,-0.004980,-0.001029,-0.001039,0.000986,0.002054,-0.005068,-0.001028,-0.010188,0.001718,-0.010768,-0.008195,-0.011262,-0.001899,0.001562,-0.005183,0.002425,-0.003803,0.001590,0.002766,0.014326,0.013018,0.007060,0.040407,0.008163,0.005504,0.011214,0.011063,0.006168,0.002746,0.004751,-0.001370,0.000959,-0.002808,0.003658,-0.001314,0.001264,0.002142,0.003454,0.002077,0.000291,0.005254,-0.000155,0.009122,0.002592
0.001386,-0.001183,-0.001826,-0.000489,0.000007,0.000342,0.002694,0.006977,0.004702,0.003994,0.002189,-0.000801,-0.002474,0.001129,-0.002318,-0.002661,-0.005189,0.000499,-0.002304,-0.006798,-0.008036,-0.000448,-0.015601,-0.002142,0.002718,-0.007292,-0.008434,-0.004864,-0.000365,-0.001838,0.004984,0.002731,0.012272,0.013262,0.007011,0.008057,0.010707,0.006186,0.008163,0.046312,0.011890,0.007041,0.006057,0.002957,0.006510,0.017031,0.002774,0.007604,0.009960,0.010306,-0.001352,-0.002302,0.002137,0.002403,0.000229,0.000744,-0.001866,0.004711,0.000751,-0.002707
0.004853,0.003959,0.003693,0.001462,0.001401,-0.001213,0.002581,0.003399,-0.000115,0.003133,0.000883,-0.002859,-0.006103,-0.000332,0.000775,-0.001243,-0.003516,0.000967,-0.002820,-0.010353,-0.002692,-0.005857,-0.009541,-0.007763,-0.015932,-0.006679,0.002468,0.000669,-0.001227,0.013695,0.003340,0.008812,0.010027,0.016964,0.017456,0.011549,0.016853,0.003964,0.005504,0.011890,0.040826,0.005515,0.003810,0.002785,0.003330,0.012471,0.001384,0.010466,0.008192,0.004128,-0.000412,0.001350,0.002237,0.000767,0.003388,0.004646,0.003744,0.000393,0.004287,-0.000645
0.001135,0.006138,0.000782,0.000300,0.003368,0.000920,0.003330,0.002274,-0.006359,-0.008362,-0.003742,-0.000168,0.001965,0.003292,0.002158,-0.007587,-0.006464,-0.001548,-0.003588,-0.002012,-0.002934,-0.005471,-0.007287,-0.003345,0.000589,-0.002642,0.001543,-0.007155,-0.006831,0.001822,0.004857,-0.004453,-0.001224,0.007342,0.002518,0.005099,0.009083,0.005712,0.011214,0.007041,0.005515,0.046035,0.017929,0.007984,0.008095,0.005001,0.005308,0.002549,0.001082,0.001953,0.003057,0.002751,0.005807,0.001161,0.003230,0.003413,0.002116,0.005583,0.008434,0.004851
0.002463,0.002531,0.002682,0.001497,0.003679,0.003137,0.002066,0.005737,0.002646,-0.001792,0.000044,0.004339,-0.000264,-0.005673,-0.009436,-0.004690,-0.012148,-0.004810,-0.002386,-0.001508,-0.006853,0.002985,-0.010547,-0.004617,-0.000718,-0.003377,-0.005254,-0.006462,-0.002676,0.006421,0.006863,0.010655,0.003741,0.007622,0.004932,0.005459,0.012097,0.000730,0.011063,0.006057,0.003810,0.017929,0.043119,0.009259,0.009229,0.005194,0.004877,0.004101,0.000818,0.001340,0.005755,0.004375,0.000067,-0.000290,0.006158,0.005612,0.004006,0.003813,0.008991,0.001587
0.005555,0.001738,0.001364,0.001373,-0.001534,0.005823,-0.001808,0.004514,0.005116,0.002528,0.007172,0.006929,0.005858,0.005622,-0.001324,0.000056,-0.002964,-0.004582,-0.001614,0.002235,0.005994,0.002108,-0.001916,-0.002686,0.003888,-0.005958,-0.000152,0.007797,-0.005017,0.004808,0.004192,0.002382,0.001311,0.003122,-0.000422,0.002527,0.004399,0.002454,0.006168,0.002957,0.002785,0.007984,0.009259,0.028500,0.009846,0.002051,0.004741,0.002105,0.004174,-0.001861,0.000851,0.001456,-0.004058,-0.000980,0.003865,0.000811,0.004444,0.001556,-0.000350,0.001578
0.001360,0.003012,0.003897,0.000320,0.000501,0.006241,0.000675,-0.002170,0.001588,0.008112,0.011034,0.003502,0.003959,-0.001763,0.001883,0.000195,-0.003600,-0.002325,0.000721,0.005792,-0.004084,0.000033,-0.008720,-0.001732,0.001763,0.001097,-0.000774,0.009157,-0.012977,0.002013,0.005933,0.003747,0.000740,-0.001627,0.000216,-0.003961,-0.000510,-0.001821,0.002746,0.006510,0.003330,0.008095,0.009229,0.009846,0.038607,0.010038,0.005182,0.009686,0.007329,0.007298,0.004700,0.001369,-0.001836,-0.001580,0.006132,-0.000667,0.002720,0.004034,-0.002751,0.001330
0.005377,0.003265,0.000788,0.001043,0.001369,-0.002547,0.003713,0.004830,0.006386,0.004171,0.002018,-0.004781,-0.003594,-0.001256,-0.002282,-0.002434,-0.006390,-0.004697,-0.002795,-0.004716,-0.012844,-0.000018,-0.006952,-0.004065,-0.007070,-0.003119,-0.001958,-0.001620,-0.002594,0.012532,0.007670,0.002674,0.008240,0.004645,0.009822,0.002075,0.007109,-0.002096,0.004751,0.017031,0.012471,0.005001,0.005194,0.002051,0.010038,0.027263,0.005684,0.012057,0.007014,0.006671,0.000663,0.002023,-0.002645,-0.001985,0.005826,0.000770,0.005891,0.005911,0.002997,0.001055
0.002304,0.004712,0.001554,-0.000352,-0.000820,-0.001518,0.001627,0.003534,0.001903,0.002362,0.003184,0.002101,0.000358,0.001680,0.001652,-0.001273,0.002762,-0.002491,-0.000516,0.001379,-0.003761,-0.001165,0.002591,-0.000633,0.008360,0.000564,0.000132,-0.001305,-0.007661,-0.001044,0.003788,0.000092,-0.000052,-0.002265,-0.000066,0.003138,0.001213,-0.002684,-0.001370,0.002774,0.001384,0.005308,0.004877,0.004741,0.005182,0.005684,0.019721,0.007398,0.005038,0.003495,0.004311,0.002352,0.000353,-0.002716,0.003823,0.002093,0.005226,0.002638,-0.000609,0.001105
0.003147,-0.000050,-0.000563,0.002972,-0.001921,0.002256,-0.000371,0.004047,0.006776,0.008275,0.003999,-0.003987,-0.004581,0.001285,0.002293,0.002008,-0.000559,-0.003329,0.005240,-0.002072,-0.007718,-0.000249,-0.000857,-0.000827,-0.002956,-0.004062,-0.003877,0.007912,-0.005414,0.011899,0.001453,0.003141,0.006438,0.002740,0.003471,0.009180,0.007438,-0.005066,0.000959,0.007604,0.010466,0.002549,0.004101,0.002105,0.009686,0.012057,0.007398,0.033882,0.014563,0.004587,0.003960,-0.001139,-0.000958,-0.000559,0.003764,0.003200,0.004199,0.006440,0.002953,0.001061
0.003724,0.003050,0.003365,0.001911,-0.002802,-0.002704,0.002581,0.003525,0.007779,0.001422,0.009313,0.003360,0.004329,0.006825,0.002605,0.005948,0.001851,-0.002252,0.005002,-0.002242,-0.005016,-0.004886,-0.000308,-0.001078,-0.004461,0.000599,-0.006109,0.003012,0.000560,0.004053,0.006456,0.001737,0.006103,0.005338,0.004070,0.007412,0.005670,0.001674,-0.002808,0.009960,0.008192,0.001082,0.000818,0.004174,0.007329,0.007014,0.005038,0.014563,0.032385,0.006397,0.004889,0.002507,-0.000088,-0.000089,0.004307,0.001862,0.003888,0.008381,-0.001159,-0.001584
0.000051,0.001315,-0.001593,-0.000215,-0.004320,0.003053,0.005594,0.003387,0.000028,0.001848,0.002860,0.004550,0.001121,-0.000481,0.001974,-0.000363,-0.003019,0.001187,0.006346,-0.006229,0.000507,-0.004898,-0.007906,-0.000530,-0.001914,0.003300,-0.011493,-0.005446,-0.011642,-0.003137,0.005768,0.000326,0.001020,0.004041,0.002362,0.004293,-0.000264,0.000868,0.003658,0.010306,0.004128,0.001953,0.001340,-0.001861,0.007298,0.006671,0.003495,0.004587,0.006397,0.027671,0.003500,-0.000988,0.005234,0.002918,0.001761,-0.002719,-0.002721,0.000733,0.001194,0.000369
0.003272,0.003567,0.002719,0.001171,0.000579,0.001926,0.004075,0.001462,0.000655,0.000404,0.002400,0.002157,0.003571,0.003178,0.002282,0.000308,-0.001743,-0.002177,0.003365,-0.003431,-0.001132,-0.000197,-0.000228,0.002295,0.000101,0.000480,-0.000746,-0.001093,-0.000514,0.000334,0.003147,0.000643,-0.001433,-0.006551,-0.004489,-0.001472,-0.003557,-0.003336,-0.001314,-0.001352,-0.000412,0.003057,0.005755,0.000851,0.004700,0.000663,0.004311,0.003960,0.004889,0.003500,0.009834,0.002334,0.002034,-0.001507,0.002883,0.001413,0.001426,0.001387,0.001078,0.001783
0.005475,0.004279,0.005601,0.001220,0.006120,0.001636,0.003377,0.004830,0.004958,-0.000992,0.002677,0.001962,-0.002413,0.002361,-0.001720,0.003930,-0.000267,0.002819,0.003821,0.003193,0.002194,-0.001691,0.006129,-0.000118,0.003007,-0.006038,0.001791,-0.000400,-0.007705,-0.004937,-0.002565,0.004474,0.000383,-0.003625,-0.002284,0.004539,0.001239,-0.001153,0.001264,-0.002302,0.001350,0.002751,0.004375,0.001456,0.001369,0.002023,0.002352,-0.001139,0.002507,-0.000988,0.002334,0.017128,0.003686,-0.000280,0.004700,0.002184,0.003068,0.003526,0.001239,0.001745
0.000388,0.001974,0.004711,-0.000149,0.003218,0.003738,0.001050,0.000623,-0.003140,-0.002380,-0.002131,-0.001657,-0.001447,0.001226,-0.001689,-0.004545,-0.004587,-0.002684,0.005592,-0.012379,-0.008747,-0.004137,-0.004285,0.007227,-0.003811,-0.001075,-0.004789,0.002479,-0.000448,-0.004542,-0.001579,0.003331,-0.002350,0.000670,-0.007251,0.005325,0.000507,-0.000280,0.002142,0.002137,0.002237,0.005807,0.000067,-0.004058,-0.001836,-0.002645,0.000353,-0.000958,-0.000088,0.005234,0.002034,0.003686,0.032906,0.003924,-0.002111,0.000333,-0.003388,0.000403,0.005816,0.002325
0.004502,0.000607,0.002264,0.002099,0.000129,0.001737,0.002101,0.006049,0.004322,0.004377,0.001407,0.002614,-0.001428,0.000389,0.000336,0.007532,0.004867,-0.001328,0.006305,-0.001639,0.006338,-0.000174,-0.001406,-0.005085,-0.013269,-0.006507,-0.011440,-0.004569,-0.005091,-0.015431,-0.008000,-0.000845,-0.000945,-0.003539,-0.002240,0.010442,0.014218,0.002795,0.003454,0.002403,0.000767,0.001161,-0.000290,-0.000980,-0.001580,-0.001985,-0.002716,-0.000559,-0.000089,0.002918,-0.001507,-0.000280,0.003924,0.038530,0.006421,0.003592,-0.000949,0.003348,0.008112,0.003838
0.004162,0.006544,0.003802,0.002479,0.002147,0.002611,-0.000630,0.003266,0.005466,-0.000027,0.005761,0.007638,0.003612,0.002766,0.004638,0.008450,0.008151,-0.001108,0.008074,-0.000569,0.003466,0.004167,0.000335,-0.005833,0.000279,-0.011580,-0.004341,-0.009256,-0.008251,-0.001619,-0.003210,-0.001407,0.001808,0.004216,-0.001946,-0.000826,0.002196,0.003434,0.002077,0.000229,0.003388,0.003230,0.006158,0.003865,0.006132,0.005826,0.003823,0.003764,0.004307,0.001761,0.002883,0.004700,-0.002111,0.006421,0.026255,0.009852,0.012461,0.009856,0.005337,0.004253
-0.000805,0.002259,0.001590,0.001915,0.001363,0.004011,0.000098,0.002638,0.000801,-0.000144,0.003004,0.004474,0.000359,0.004443,0.005084,0.002057,0.005974,0.002676,0.006777,0.004908,0.002844,0.005757,-0.002890,0.001919,-0.006908,-0.007762,0.001746,-0.013658,-0.007689,-0.000387,0.003147,0.002241,0.001025,-0.000591,0.000708,-0.001784,0.002149,0.003239,0.000291,0.000744,0.004646,0.003413,0.005612,0.000811,-0.000667,0.000770,0.002093,0.003200,0.001862,-0.002719,0.001413,0.002184,0.000333,0.003592,0.009852,0.023733,0.008321,0.008172,0.002411,0.004024
0.005952,0.005115,0.003750,0.002149,0.002393,0.003002,0.002703,0.002508,0.003472,-0.000407,0.005653,0.004660,0.004700,0.002271,0.003734,0.004127,0.002398,0.002628,0.011586,0.000366,-0.003204,0.005531,0.004282,-0.005329,0.003896,-0.011500,-0.001525,-0.007099,-0.005066,-0.004930,0.000771,-0.000159,0.000278,-0.000545,-0.003599,0.004926,0.008669,0.002596,0.005254,-0.001866,0.003744,0.002116,0.004006,0.004444,0.002720,0.005891,0.005226,0.004199,0.003888,-0.002721,0.001426,0.003068,-0.003388,-0.000949,0.012461,0.008321,0.032578,0.006895,0.004671,0.003082
0.000739,0.002410,0.002762,0.003167,0.001944,0.001912,0.005238,0.002628,0.003675,-0.000180,0.002890,-0.002923,0.002378,0.003234,0.004887,0.003135,0.004841,-0.003743,0.007917,0.000248,0.003985,0.005333,-0.000789,0.003660,-0.000354,-0.003692,-0.003010,-0.007833,-0.007482,-0.002162,0.001717,-0.001012,0.004846,0.002961,-0.001053,-0.001764,0.002400,0.001214,-0.000155,0.004711,0.000393,0.005583,0.003813,0.001556,0.004034,0.005911,0.002638,0.006440,0.008381,0.000733,0.001387,0.003526,0.000403,0.003348,0.009856,0.008172,0.006895,0.023156,0.006542,0.003240
0.008313,0.003805,0.005410,0.004214,0.005317,0.000805,0.003026,0.004434,-0.001020,-0.005107,-0.005595,-0.003614,0.002393,-0.000631,0.001894,0.001507,0.000018,0.001954,0.004056,-0.011698,-0.000973,-0.001724,-0.007053,-0.002431,-0.008958,-0.007579,-0.002186,-0.008851,-0.002737,-0.003018,-0.003851,-0.003165,-0.003505,-0.000333,-0.001243,0.008204,0.010885,0.000539,0.009122,0.000751,0.004287,0.008434,0.008991,-0.000350,-0.002751,0.002997,-0.000609,0.002953,-0.001159,0.001194,0.001078,0.001239,0.005816,0.008112,0.005337,0.002411,0.004671,0.006542,0.029466,0.007968
0.006211,0.004211,0.004741,0.001961,0.004256,0.002484,0.001900,0.000287,0.000216,-0.000864,-0.000512,-0.000304,0.002112,-0.000371,-0.000931,0.002458,0.002213,0.002726,0.001665,-0.001476,0.001989,0.006290,-0.001760,0.001947,-0.005156,-0.001218,0.004093,-0.007585,-0.002611,-0.004756,-0.002039,-0.001028,-0.000266,-0.000677,-0.000993,0.002754,0.001167,-0.001269,0.002592,-0.002707,-0.000645,0.004851,0.001587,0.001578,0.001330,0.001055,0.001105,0.001061,-0.001584,0.000369,0.001783,0.001745,0.002325,0.003838,0.004253,0.004024,0.003082,0.003240,0.007968,0.013874
