0.024114,0.007008,0.003508,0.001942,0.001638,0.000805,0.007679,0.008567,0.007446,0.003268,0.002033,0.003574,-0.001149,0.005625,0.005968,0.004898,-0.000717,0.001384,0.002668,-0.000525,0.006344,-0.000187,0.000262,-0.002710,-0.003543,-0.007195,-0.006494,-0.006171,-0.005385,-0.001546,-0.003977,0.000500,-0.000910,-0.005237,0.000776,0.007724,0.001956,0.001966,0.007064,0.002045,0.003669,0.001638,0.001078,0.005456,0.002103,0.005956,0.001769,0.002601,0.002795,0.001453,0.002150,0.003238,-0.003523,0.004538,0.004291,0.000737,0.008667,0.000968,0.005541,0.004195
0.007008,0.013593,0.003551,0.000456,0.000787,0.000309,0.005355,0.004999,0.002955,-0.000496,0.002584,0.004932,0.000658,0.004920,0.005655,0.002825,0.001686,-0.000535,0.005485,-0.003655,0.003809,-0.003839,-0.000600,0.000923,0.003348,0.001290,0.001105,-0.003934,-0.004649,0.000680,-0.003357,-0.000503,-0.004250,-0.002901,-0.000486,0.002171,0.000220,0.001922,0.002038,0.000797,0.003780,0.005298,0.001274,0.000560,0.002966,0.003749,0.002936,0.002907,0.004327,0.003532,0.004448,0.002869,0.000299,0.001228,0.005165,0.004821,0.005345,0.003608,0.003794,0.001934
0.003508,0.003551,0.010731,0.002479,0.003892,0.000433,0.003344,0.004027,0.004029,0.001524,0.003266,0.001971,-0.000088,0.003715,0.003532,0.003610,-0.000603,0.000382,-0.001253,0.004095,0.002552,0.003221,0.000417,-0.001126,-0.002453,-0.002144,-0.000735,-0.001174,-0.006168,-0.003552,0.000285,0.001927,-0.001366,-0.001558,0.000895,0.003491,0.000253,0.002509,0.001566,0.001298,0.004859,0.003184,0.001314,0.002967,0.003695,0.000359,0.002845,0.001656,0.004481,0.000428,0.002863,0.003240,0.001978,0.002444,0.001540,0.004813,0.005017,0.001900,0.003718,0.003194
0.001942,0.000456,0.002479,0.006684,0.004031,0.001775,-0.000022,0.003529,0.003778,0.001277,0.000608,0.001278,0.002931,0.001455,0.000905,0.004411,0.002854,0.001946,0.002754,0.003573,0.004494,0.002157,-0.000130,0.000481,-0.003202,-0.002587,-0.003856,-0.002537,-0.002281,-0.000774,-0.002157,0.001371,0.001922,-0.000227,-0.002577,0.001799,-0.000335,-0.000997,0.001011,-0.000794,0.002811,0.002839,0.001892,0.001832,0.001600,0.001337,0.000058,0.002571,0.001997,0.000697,0.001320,0.003453,-0.000162,0.004039,0.003651,0.003162,0.003618,0.001916,0.003441,0.003023
0.001638,0.000787,0.003892,0.004031,0.019174,0.006726,0.003940,-0.000099,-0.000080,0.001385,-0.001599,0.002072,0.005579,-0.001795,0.002087,0.004518,0.004829,0.000832,0.005352,0.006923,0.007240,0.006088,0.002849,0.000420,-0.007158,0.003849,-0.000482,-0.002613,-0.002680,-0.005438,-0.001679,-0.000475,-0.003568,-0.005988,-0.004948,0.001804,-0.000968,0.001497,0.004190,0.000450,-0.000157,0.002123,0.002323,-0.001181,0.002578,-0.000870,0.002154,0.000535,0.000212,-0.002195,0.000904,0.004562,0.001074,-0.001454,-0.000481,-0.001044,0.003073,0.002446,0.005350,0.001903
0.000805,0.000309,0.000433,0.001775,0.006726,0.021756,0.000444,-0.000593,0.000271,0.004157,0.002271,0.001973,0.002476,0.004404,0.001040,0.005853,0.000172,0.001290,0.007702,-0.001094,0.006585,0.003507,0.002231,0.004658,0.000919,0.003549,-0.002417,-0.000082,0.003695,-0.003668,-0.004607,0.002314,0.002774,-0.000515,-0.002427,0.002116,0.000328,0.000547,0.002435,-0.000403,-0.001310,-0.002894,0.000200,0.001977,0.000889,0.000257,0.000404,0.002668,-0.002355,-0.000128,-0.000199,0.002411,0.001534,-0.002945,0.003348,-0.001202,0.003468,0.001982,-0.001485,-0.000690
0.007679,0.005355,0.003344,-0.000022,0.003940,0.000444,0.035041,0.010521,0.012402,0.004509,0.001190,0.004001,0.004867,0.007074,0.007574,0.003057,-0.002413,0.002684,0.001529,-0.000798,0.004405,0.000692,0.001394,0.010190,0.003836,0.001420,-0.002158,-0.008936,0.002941,0.001417,-0.000851,-0.007481,-0.004550,-0.000520,0.006695,0.006651,0.004422,-0.000339,0.005945,0.004363,0.000971,0.001263,-0.003863,-0.002728,0.000747,0.005302,-0.002764,-0.002832,-0.000383,0.000872,0.005036,0.002976,-0.001693,0.002831,-0.001994,0.002642,0.002887,0.003797,0.007786,0.004156
0.008567,0.004999,0.004027,0.003529,-0.000099,-0.000593,0.010521,0.035643,0.018359,0.010221,0.003577,0.005628,0.002816,0.005218,0.008759,0.006493,-0.000797,0.005183,0.001971,0.001518,0.009480,0.001956,-0.004191,-0.005326,-0.001116,-0.007717,-0.006385,-0.007426,0.001204,-0.002051,-0.004883,-0.004792,-0.003731,0.000821,0.012749,0.011819,0.012856,0.002443,0.001774,0.006323,0.007766,0.003105,0.005017,0.000764,0.000574,0.007855,0.003022,0.005394,0.008629,0.006268,0.002179,0.005484,0.001555,0.011139,0.002415,0.006222,0.003449,0.004114,0.008774,0.003506
0.007446,0.002955,0.004029,0.003778,-0.000080,0.000271,0.012402,0.018359,0.034808,0.010610,0.011761,0.005068,0.003798,0.005341,0.001853,0.007293,-0.000155,0.004405,0.003183,0.006517,0.010489,-0.000028,-0.001779,0.000136,-0.001608,-0.011686,-0.004194,-0.002046,-0.004512,-0.005162,-0.010838,0.002943,-0.001593,-0.004253,0.000224,0.008188,0.007722,-0.005867,0.000090,0.000227,0.000343,-0.005684,0.001993,0.002119,0.002988,0.005834,-0.000028,0.004721,0.006487,0.000849,0.001988,0.006014,-0.000963,0.010051,0.005669,0.008270,0.006921,0.004756,0.002812,0.001684
0.003268,-0.000496,0.001524,0.001277,0.001385,0.004157,0.004509,0.010221,0.010610,0.030212,0.010929,0.001725,0.006257,0.000643,0.005555,0.001496,-0.002271,-0.004136,-0.003877,0.005249,0.000086,0.007100,-0.003728,-0.000603,0.000919,-0.004008,-0.002831,-0.002846,-0.012348,-0.007207,-0.001399,-0.002543,-0.003199,-0.003094,0.000702,0.003881,0.003687,-0.003093,-0.001709,0.001884,0.000564,-0.005344,-0.000204,0.002164,0.007140,0.003089,0.001027,0.008580,0.001162,0.001987,-0.000620,-0.001447,0.001024,0.003380,-0.002197,0.000371,-0.004207,-0.000135,-0.001777,-0.000286
0.002033,0.002584,0.003266,0.000608,-0.001599,0.002271,0.001190,0.003577,0.011761,0.010929,0.034384,0.006206,0.008007,0.007624,0.012976,0.000834,-0.000529,0.004942,0.006515,0.001216,0.003086,0.004920,0.002781,-0.000930,0.005021,-0.000034,-0.001504,-0.003088,-0.012481,-0.006653,-0.005485,-0.000908,-0.000900,-0.000365,-0.004641,-0.004674,-0.006098,-0.004311,0.002184,-0.000407,-0.000610,-0.002381,0.002399,0.005337,0.008761,0.004020,0.000095,0.003181,0.004565,0.000323,0.001073,0.001633,-0.000622,0.002112,0.003090,0.004844,0.001951,0.001640,-0.007204,-0.001001
0.003574,0.004932,0.001971,0.001278,0.002072,0.001973,0.004001,0.005628,0.005068,0.001725,0.006206,0.047743,0.018745,0.007303,0.002784,0.000450,0.012972,0.012351,0.019641,0.010624,0.006968,0.006854,0.014645,-0.003696,-0.009789,-0.006847,-0.008217,-0.012947,-0.007204,-0.010797,-0.011689,-0.004202,-0.009307,-0.000952,-0.006712,-0.001634,-0.008017,0.001160,0.003905,-0.003905,-0.004044,-0.002978,0.000949,0.006681,-0.002457,-0.003392,-0.001861,-0.005771,0.001070,-0.002273,0.003623,0.002014,-0.000309,-0.000453,0.005828,0.004827,0.003049,-0.000954,-0.002485,0.001115
-0.001149,0.000658,-0.000088,0.002931,0.005579,0.002476,0.004867,0.002816,0.003798,0.006257,0.008007,0.018745,0.048373,0.001265,0.016210,0.003270,0.016052,0.008078,0.022846,0.013181,0.012072,0.006459,0.004811,-0.005142,-0.004578,-0.001099,-0.003039,0.001816,-0.009591,-0.009103,-0.007805,-0.008146,-0.006158,0.000047,-0.005095,-0.003678,-0.004054,-0.004226,-0.000655,-0.003622,-0.002514,-0.002837,-0.003387,-0.000233,-0.002307,-0.003799,-0.003012,-0.002786,-0.000652,-0.001296,0.000976,-0.002922,0.000252,0.004392,0.003647,0.002341,0.002890,0.003280,0.002292,0.000482
0.005625,0.004920,0.003715,0.001455,-0.001795,0.004404,0.007074,0.005218,0.005341,0.000643,0.007624,0.007303,0.001265,0.028146,0.013625,0.007121,0.006077,0.010101,0.011991,0.001611,0.003524,0.005167,0.001722,0.001604,0.010680,0.003125,-0.002901,-0.008958,0.002418,-0.007819,-0.004188,-0.004061,-0.002036,-0.003064,-0.001865,-0.000536,-0.005418,-0.002484,-0.000558,-0.001196,0.001879,0.004387,-0.000683,0.005077,0.001201,0.000736,-0.000169,0.000437,0.006702,-0.000158,0.003468,0.005166,0.002024,0.003037,0.001984,0.003411,0.003165,0.002175,0.001227,0.002317
0.005968,0.005655,0.003532,0.000905,0.002087,0.001040,0.007574,0.008759,0.001853,0.005555,0.012976,0.002784,0.016210,0.013625,0.046946,0.012654,0.011117,0.014492,0.009702,0.011284,0.016726,0.009138,0.003060,-0.008605,0.006827,0.013562,0.000480,-0.005796,-0.007821,-0.009794,-0.006518,-0.014920,-0.014050,-0.007792,-0.005901,-0.004173,-0.009167,-0.006460,0.000520,-0.000324,0.001650,0.005786,-0.005912,-0.001315,0.002309,-0.002457,-0.000703,0.000276,0.002563,0.000476,0.001716,-0.000432,0.000440,0.003521,0.000863,0.005105,0.004196,0.000132,0.002639,0.000313
0.004898,0.002825,0.003610,0.004411,0.004518,0.005853,0.003057,0.006493,0.007293,0.001496,0.000834,0.000450,0.003270,0.007121,0.012654,0.058105,0.024795,0.016261,0.020695,0.012638,0.018844,0.016440,0.014138,0.013224,0.005251,0.003918,0.002428,0.002761,-0.020385,-0.011886,-0.010987,-0.008962,-0.010379,-0.005959,0.000516,0.001080,-0.002008,-0.003766,-0.003432,-0.004389,0.000621,-0.001982,-0.004410,0.002285,0.002463,-0.003911,0.000991,0.000016,0.006173,-0.000660,0.000394,0.002752,-0.006366,0.003889,0.005098,-0.001811,0.005236,0.000464,0.002048,0.001215
-0.000717,0.001686,-0.000603,0.002854,0.004829,0.000172,-0.002413,-0.000797,-0.000155,-0.002271,-0.000529,0.012972,0.016052,0.006077,0.011117,0.024795,0.083351,0.029993,0.017581,0.028616,0.028470,0.005606,0.002364,0.002035,0.009832,0.002137,0.001961,-0.007253,-0.014491,-0.013629,-0.010680,-0.003944,-0.011534,-0.008369,-0.008478,-0.002661,-0.016372,-0.008284,-0.001752,-0.006645,-0.008439,-0.006845,-0.005791,-0.003035,-0.003619,-0.007614,-0.000891,-0.003553,0.001395,-0.004340,-0.002905,0.001278,-0.005351,-0.003683,0.006544,0.005867,0.001177,0.002755,-0.001618,-0.000839
0.001384,-0.000535,0.000382,0.001946,0.000832,0.001290,0.002684,0.005183,0.004405,-0.004136,0.004942,0.012351,0.008078,0.010101,0.014492,0.016261,0.029993,0.084475,0.028040,0.010568,0.014821,-0.002815,0.005522,0.010134,0.008312,0.008167,-0.004636,-0.003854,-0.011929,-0.011395,-0.004068,-0.012444,-0.018225,-0.007236,-0.007181,-0.011785,-0.015038,-0.015226,-0.002487,-0.001758,-0.002723,-0.002654,-0.000556,-0.005944,-0.005578,-0.009494,-0.001071,-0.004629,0.000015,-0.000463,-0.004952,0.001406,-0.002869,-0.000566,-0.003734,-0.000282,0.000360,-0.004419,0.001966,-0.001041
0.002668,0.005485,-0.001253,0.002754,0.005352,0.007702,0.001529,0.001971,0.003183,-0.003877,0.006515,0.019641,0.022846,0.011991,0.009702,0.020695,0.017581,0.028040,0.096056,0.014217,0.020006,0.024155,0.018577,0.010981,-0.005694,0.004056,0.000971,-0.006721,-0.014389,-0.005940,-0.015809,-0.014762,-0.003658,-0.016817,-0.008399,-0.002042,-0.007212,-0.001211,0.003115,-0.002907,-0.006315,-0.005401,-0.005638,-0.002624,-0.002566,-0.003778,-0.003607,-0.004098,-0.001374,-0.001770,-0.001030,0.000891,0.003457,0.001903,0.003010,-0.000276,0.010952,0.004261,0.003114,0.000257
-0.000525,-0.003655,0.004095,0.003573,0.006923,-0.001094,-0.000798,0.001518,0.006517,0.005249,0.001216,0.010624,0.013181,0.001611,0.011284,0.012638,0.028616,0.010568,0.014217,0.117275,0.042435,0.010949,-0.001541,-0.001099,-0.016322,-0.004388,-0.012944,-0.016652,-0.024154,-0.016213,-0.013018,-0.009544,-0.014271,-0.012712,-0.009577,0.007812,-0.006173,-0.008099,-0.006138,-0.006555,-0.013070,-0.003049,-0.009379,0.000425,0.002213,-0.008508,0.002867,0.001575,-0.000449,-0.005161,0.001442,0.003131,-0.006652,0.000711,-0.004685,0.004845,0.004048,0.001955,-0.004498,0.000351
0.006344,0.003809,0.002552,0.004494,0.007240,0.006585,0.004405,0.009480,0.010489,0.000086,0.003086,0.006968,0.012072,0.003524,0.016726,0.018844,0.028470,0.014821,0.020006,0.042435,0.124653,0.030752,0.016768,-0.001240,0.001313,0.011496,0.003971,-0.001129,-0.000154,-0.016026,-0.030014,-0.003525,-0.025281,-0.019418,-0.008442,0.002776,-0.001229,-0.006879,-0.001323,-0.011031,-0.004647,-0.008883,-0.007654,0.000808,-0.001894,-0.011899,-0.002922,-0.001365,-0.002063,-0.000129,0.000331,0.003712,-0.007454,0.015738,0.004187,0.001523,0.001654,0.003435,0.004858,0.003799
-0.000187,-0.003839,0.003221,0.002157,0.006088,0.003507,0.000692,0.001956,-0.000028,0.007100,0.004920,0.006854,0.006459,0.005167,0.009138,0.016440,0.005606,-0.002815,0.024155,0.010949,0.030752,0.121068,0.026859,0.016527,0.009581,0.015061,0.013772,0.008130,-0.008351,-0.012760,-0.006829,0.000409,-0.013815,-0.014826,-0.008902,-0.016037,-0.010181,-0.003082,-0.009509,-0.005152,-0.008503,-0.002278,-0.003637,0.001492,-0.002912,-0.008352,0.000290,-0.000411,-0.001165,-0.003004,-0.001355,-0.004859,-0.007042,-0.000183,-0.000756,-0.003038,0.004267,-0.001766,-0.003644,0.003695
0.000262,-0.000600,0.000417,-0.000130,0.002849,0.002231,0.001394,-0.004191,-0.001779,-0.003728,0.002781,0.014645,0.004811,0.001722,0.003060,0.014138,0.002364,0.005522,0.018577,-0.001541,0.016768,0.026859,0.125384,0.020998,0.007278,0.027033,-0.002124,0.009896,-0.006302,-0.006600,-0.011749,0.002757,-0.022317,-0.018333,-0.029174,-0.012114,-0.015200,-0.007886,0.001784,-0.019657,-0.007212,-0.000123,-0.002126,0.003720,-0.006466,-0.007939,0.004541,-0.005853,-0.003796,-0.006937,0.000427,0.006018,0.000917,-0.003429,-0.002033,-0.007799,0.000473,-0.008219,-0.007836,-0.001023
-0.002710,0.000923,-0.001126,0.000481,0.000420,0.004658,0.010190,-0.005326,0.000136,-0.000603,-0.000930,-0.003696,-0.005142,0.001604,-0.008605,0.013224,0.002035,0.010134,0.010981,-0.001099,-0.001240,0.016527,0.020998,0.136240,0.032118,0.008693,0.018701,0.009373,-0.001608,0.003343,-0.004386,-0.000592,-0.006141,-0.006823,-0.010036,-0.012900,-0.008727,-0.011510,-0.010818,-0.011304,-0.009268,-0.013040,-0.006903,-0.007808,-0.010851,-0.004369,0.000571,-0.004037,-0.004873,-0.000938,0.000323,-0.003092,-0.002600,-0.005810,-0.002401,-0.002314,-0.002838,-0.002039,-0.004608,-0.003299
-0.003543,0.003348,-0.002453,-0.003202,-0.007158,0.000919,0.003836,-0.001116,-0.001608,0.000919,0.005021,-0.009789,-0.004578,0.010680,0.006827,0.005251,0.009832,0.008312,-0.005694,-0.016322,0.001313,0.009581,0.007278,0.032118,0.135201,0.041130,0.025672,0.022415,0.017263,-0.001109,0.009589,0.003285,-0.006109,-0.016034,-0.017243,-0.015766,-0.004332,-0.016719,-0.002184,-0.008506,-0.014426,-0.004753,-0.000326,0.004969,-0.010485,-0.003960,0.004438,-0.003313,-0.000919,-0.005431,-0.001959,-0.000823,-0.001606,-0.013058,-0.004221,-0.007770,-0.003160,-0.000742,-0.010473,-0.006969
-0.007195,0.001290,-0.002144,-0.002587,0.003849,0.003549,0.001420,-0.007717,-0.011686,-0.004008,-0.000034,-0.006847,-0.001099,0.003125,0.013562,0.003918,0.002137,0.008167,0.004056,-0.004388,0.011496,0.015061,0.027033,0.008693,0.041130,0.134791,0.012327,0.028426,0.014710,0.006228,0.000763,0.004237,-0.023488,-0.011229,-0.023227,-0.015810,-0.026604,-0.013470,-0.008922,-0.016006,-0.013448,-0.006514,-0.002722,-0.010714,0.001512,-0.011296,-0.004587,-0.010200,-0.007845,0.001296,0.001523,-0.002701,-0.000803,-0.007712,-0.012761,-0.012443,-0.004624,-0.006872,-0.009491,-0.002523
-0.006494,0.001105,-0.000735,-0.003856,-0.000482,-0.002417,-0.002158,-0.006385,-0.004194,-0.002831,-0.001504,-0.008217,-0.003039,-0.002901,0.000480,0.002428,0.001961,-0.004636,0.000971,-0.012944,0.003971,0.013772,-0.002124,0.018701,0.025672,0.012327,0.140805,0.026486,-0.010425,-0.013744,-0.007985,-0.003787,-0.004030,0.000956,-0.009110,-0.014636,0.002991,-0.003429,-0.004060,-0.016268,-0.002496,-0.013322,-0.005482,0.004925,-0.004646,-0.003186,0.004920,-0.002572,-0.004787,-0.009235,-0.001083,-0.001440,-0.000575,-0.008904,-0.007333,-0.000507,-0.001955,-0.001866,-0.001688,0.001421
-0.006171,-0.003934,-0.001174,-0.002537,-0.002613,-0.000082,-0.008936,-0.007426,-0.002046,-0.002846,-0.003088,-0.012947,0.001816,-0.008958,-0.005796,0.002761,-0.007253,-0.003854,-0.006721,-0.016652,-0.001129,0.008130,0.009896,0.009373,0.022415,0.028426,0.026486,0.139907,0.016449,0.023150,-0.001598,0.005704,-0.004096,0.003222,-0.009766,-0.015346,-0.010650,-0.006622,-0.002190,-0.015087,0.003192,-0.016716,-0.007523,0.008632,0.004232,-0.002883,-0.002200,0.002410,0.001179,0.000455,-0.004912,-0.005641,0.002484,0.000734,-0.004463,-0.016156,-0.004151,-0.013435,-0.009252,-0.009368
-0.005385,-0.004649,-0.006168,-0.002281,-0.002680,0.003695,0.002941,0.001204,-0.004512,-0.012348,-0.012481,-0.007204,-0.009591,0.002418,-0.007821,-0.020385,-0.014491,-0.011929,-0.014389,-0.024154,-0.000154,-0.008351,-0.006302,-0.001608,0.017263,0.014710,-0.010425,0.016449,0.124216,0.024862,0.013859,0.011763,0.016211,0.005863,0.009125,-0.000118,0.008081,0.001478,-0.001523,0.003253,0.001410,-0.008483,-0.002198,-0.002014,-0.017042,-0.002153,-0.008533,-0.006918,-0.004150,-0.008014,-0.000880,-0.004205,0.000558,-0.006251,-0.006206,-0.004153,-0.002977,-0.004522,0.000755,-0.004622
-0.001546,0.000680,-0.003552,-0.000774,-0.005438,-0.003668,0.001417,-0.002051,-0.005162,-0.007207,-0.006653,-0.010797,-0.009103,-0.007819,-0.009794,-0.011886,-0.013629,-0.011395,-0.005940,-0.016213,-0.016026,-0.012760,-0.006600,0.003343,-0.001109,0.006228,-0.013744,0.023150,0.024862,0.099936,0.028054,0.007919,0.011141,0.001324,0.011788,-0.012762,0.000529,0.000181,0.006187,-0.001737,0.015249,0.004983,0.006309,0.011505,0.005129,0.013498,-0.004523,0.005693,-0.000971,0.001732,0.004858,-0.003118,-0.002564,-0.011768,0.003243,-0.002281,-0.005124,0.000957,-0.003118,-0.004417
-0.003977,-0.003357,0.000285,-0.002157,-0.001679,-0.004607,-0.000851,-0.004883,-0.010838,-0.001399,-0.005485,-0.011689,-0.007805,-0.004188,-0.006518,-0.010987,-0.010680,-0.004068,-0.015809,-0.013018,-0.030014,-0.006829,-0.011749,-0.004386,0.009589,0.000763,-0.007985,-0.001598,0.013859,0.028054,0.089534,0.008231,0.008060,0.003434,0.008814,-0.015272,-0.003952,-0.000142,-0.002799,0.007474,0.000888,0.005983,0.004451,0.006817,0.002705,0.008327,0.004573,0.001125,0.004956,0.006176,0.000788,-0.003137,-0.002038,-0.013512,-0.007676,0.000093,-0.003560,0.003216,-0.004429,0.000691
0.000500,-0.000503,0.001927,0.001371,-0.000475,0.002314,-0.007481,-0.004792,0.002943,-0.002543,-0.000908,-0.004202,-0.008146,-0.004061,-0.014920,-0.008962,-0.003944,-0.012444,-0.014762,-0.009544,-0.003525,0.000409,0.002757,-0.000592,0.003285,0.004237,-0.003787,0.005704,0.011763,0.007919,0.008231,0.075473,0.020999,0.006167,0.004571,0.004166,0.010290,0.006192,0.000290,-0.000574,0.010079,0.001248,0.009194,0.009521,0.003291,0.006896,0.000435,0.006750,0.003070,0.005940,0.001224,0.002983,0.006404,-0.000844,0.001150,0.000082,0.000058,-0.000022,-0.006505,-0.000257
-0.000910,-0.004250,-0.001366,0.001922,-0.003568,0.002774,-0.004550,-0.003731,-0.001593,-0.003199,-0.000900,-0.009307,-0.006158,-0.002036,-0.014050,-0.010379,-0.011534,-0.018225,-0.003658,-0.014271,-0.025281,-0.013815,-0.022317,-0.006141,-0.006109,-0.023488,-0.004030,-0.004096,0.016211,0.011141,0.008060,0.020999,0.066263,0.018436,0.021650,0.014074,0.022167,0.018131,0.000332,0.012841,0.010473,0.004394,0.004868,0.005021,0.001055,0.013681,-0.000904,0.005162,0.010041,0.005932,0.000724,0.001468,0.001705,-0.000539,0.005300,0.002297,0.000136,0.005182,-0.003262,0.001902
-0.005237,-0.002901,-0.001558,-0.000227,-0.005988,-0.000515,-0.000520,0.000821,-0.004253,-0.003094,-0.000365,-0.000952,0.000047,-0.003064,-0.007792,-0.005959,-0.008369,-0.007236,-0.016817,-0.012712,-0.019418,-0.014826,-0.018333,-0.006823,-0.016034,-0.011229,0.000956,0.003222,0.005863,0.001324,0.003434,0.006167,0.018436,0.077226,0.028597,0.006611,0.019084,0.012867,0.001769,0.010650,0.016835,0.011412,0.012517,0.005273,0.005933,0.009276,-0.003348,0.002728,0.006723,0.003802,-0.000311,-0.001954,0.002373,0.000437,0.005488,0.002164,0.001253,0.000592,0.003093,-0.001810
0.000776,-0.000486,0.000895,-0.002577,-0.004948,-0.002427,0.006695,0.012749,0.000224,0.000702,-0.004641,-0.006712,-0.005095,-0.001865,-0.005901,0.000516,-0.008478,-0.007181,-0.008399,-0.009577,-0.008442,-0.008902,-0.029174,-0.010036,-0.017243,-0.023227,-0.009110,-0.009766,0.009125,0.011788,0.008814,0.004571,0.021650,0.028597,0.087887,0.024385,0.032590,0.018244,0.004866,0.017862,0.016706,0.008213,0.006405,-0.000756,0.006096,0.012164,-0.001034,0.003705,0.005374,0.001748,0.000378,-0.002548,-0.004565,-0.003477,-0.001290,0.003950,-0.007011,0.003902,0.000849,0.000267
0.007724,0.002171,0.003491,0.001799,0.001804,0.002116,0.006651,0.011819,0.008188,0.003881,-0.004674,-0.001634,-0.003678,-0.000536,-0.004173,0.001080,-0.002661,-0.011785,-0.002042,0.007812,0.002776,-0.016037,-0.012114,-0.012900,-0.015766,-0.015810,-0.014636,-0.015346,-0.000118,-0.012762,-0.015272,0.004166,0.014074,0.006611,0.024385,0.073754,0.028857,0.014095,0.015264,0.013360,0.009426,0.004445,0.003114,0.000302,-0.003739,0.005460,-0.000009,0.005520,0.006518,0.008175,0.002324,0.007326,0.006542,0.010985,0.002872,0.002873,0.007398,0.001967,0.011194,0.005595
0.001956,0.000220,0.000253,-0.000335,-0.000968,0.000328,0.004422,0.012856,0.007722,0.003687,-0.006098,-0.008017,-0.004054,-0.005418,-0.009167,-0.002008,-0.016372,-0.015038,-0.007212,-0.006173,-0.001229,-0.010181,-0.015200,-0.008727,-0.004332,-0.026604,0.002991,-0.010650,0.008081,0.000529,-0.003952,0.010290,0.022167,0.019084,0.032590,0.028857,0.076825,0.020447,0.013127,0.014128,0.013418,0.008073,0.010243,0.003602,0.000249,0.012117,0.003344,0.005475,0.006509,0.001050,-0.001018,0.003226,0.003632,0.006224,-0.000703,0.000941,0.004210,0.003211,0.013907,0.002590
0.001966,0.001922,0.002509,-0.000997,0.001497,0.000547,-0.000339,0.002443,-0.005867,-0.003093,-0.004311,0.001160,-0.004226,-0.002484,-0.006460,-0.003766,-0.008284,-0.015226,-0.001211,-0.008099,-0.006879,-0.003082,-0.007886,-0.011510,-0.016719,-0.013470,-0.003429,-0.006622,0.001478,0.000181,-0.000142,0.006192,0.018131,0.012867,0.018244,0.014095,0.020447,0.051685,0.012142,0.018040,0.012857,0.004813,0.002713,0.004896,0.007339,0.006404,0.002726,-0.002260,0.007738,0.006532,0.001198,-0.002018,-0.001753,0.005062,0.007313,0.001722,0.002582,0.002896,-0.000775,0.003034
0.007064,0.002038,0.001566,0.001011,0.004190,0.002435,0.005945,0.001774,0.000090,-0.001709,0.002184,0.003905,-0.000655,-0.000558,0.000520,-0.003432,-0.001752,-0.002487,0.003115,-0.006138,-0.001323,-0.009509,0.001784,-0.010818,-0.002184,-0.008922,-0.004060,-0.002190,-0.001523,0.006187,-0.002799,0.000290,0.000332,0.001769,0.004866,0.015264,0.013127,0.012142,0.042653,0.007529,0.002831,0.003601,0.009565,0.008613,0.007903,0.007611,-0.001215,-0.002908,-0.002334,0.003594,0.002092,0.001870,0.000244,-0.001665,0.001122,-0.001468,0.006829,0.000426,0.006957,0.000330
0.002045,0.000797,0.001298,-0.000794,0.000450,-0.000403,0.004363,0.006323,0.000227,0.001884,-0.000407,-0.003905,-0.003622,-0.001196,-0.000324,-0.004389,-0.006645,-0.001758,-0.002907,-0.006555,-0.011031,-0.005152,-0.019657,-0.011304,-0.008506,-0.016006,-0.016268,-0.015087,0.003253,-0.001737,0.007474,-0.000574,0.012841,0.010650,0.017862,0.013360,0.014128,0.018040,0.007529,0.052055,0.018444,0.009826,0.005582,-0.001598,0.007325,0.018499,0.003686,0.012331,0.013897,0.015048,0.001310,-0.000438,0.000898,0.004394,0.003633,0.002198,-0.000510,0.007797,0.004263,0.000846
0.003669,0.003780,0.004859,0.002811,-0.000157,-0.001310,0.000971,0.007766,0.000343,0.000564,-0.000610,-0.004044,-0.002514,0.001879,0.001650,0.000621,-0.008439,-0.002723,-0.006315,-0.013070,-0.004647,-0.008503,-0.007212,-0.009268,-0.014426,-0.013448,-0.002496,0.003192,0.001410,0.015249,0.000888,0.010079,0.010473,0.016835,0.016706,0.009426,0.013418,0.012857,0.002831,0.018444,0.045971,0.014769,0.007768,0.006978,0.008020,0.016115,0.004941,0.013961,0.013727,0.011263,0.004004,0.003789,0.004657,0.007725,0.008971,0.005884,0.001701,0.002328,0.005452,0.002244
0.001638,0.005298,0.003184,0.002839,0.002123,-0.002894,0.001263,0.003105,-0.005684,-0.005344,-0.002381,-0.002978,-0.002837,0.004387,0.005786,-0.001982,-0.006845,-0.002654,-0.005401,-0.003049,-0.008883,-0.002278,-0.000123,-0.013040,-0.004753,-0.006514,-0.013322,-0.016716,-0.008483,0.004983,0.005983,0.001248,0.004394,0.011412,0.008213,0.004445,0.008073,0.004813,0.003601,0.009826,0.014769,0.050976,0.017958,0.002617,0.008538,0.009007,0.008517,0.011860,0.007338,0.008360,0.003246,0.005993,0.003131,0.005752,0.006132,0.005070,0.004312,0.008263,0.010553,0.008241
0.001078,0.001274,0.001314,0.001892,0.002323,0.000200,-0.003863,0.005017,0.001993,-0.000204,0.002399,0.000949,-0.003387,-0.000683,-0.005912,-0.004410,-0.005791,-0.000556,-0.005638,-0.009379,-0.007654,-0.003637,-0.002126,-0.006903,-0.000326,-0.002722,-0.005482,-0.007523,-0.002198,0.006309,0.004451,0.009194,0.004868,0.012517,0.006405,0.003114,0.010243,0.002713,0.009565,0.005582,0.007768,0.017958,0.042532,0.007285,0.010904,0.010509,0.006030,0.007860,0.004815,0.002822,0.001026,0.004770,-0.001813,-0.003907,0.004395,0.003761,0.003250,0.004777,0.004603,0.002066
0.005456,0.000560,0.002967,0.001832,-0.001181,0.001977,-0.002728,0.000764,0.002119,0.002164,0.005337,0.006681,-0.000233,0.005077,-0.001315,0.002285,-0.003035,-0.005944,-0.002624,0.000425,0.000808,0.001492,0.003720,-0.007808,0.004969,-0.010714,0.004925,0.008632,-0.002014,0.011505,0.006817,0.009521,0.005021,0.005273,-0.000756,0.000302,0.003602,0.004896,0.008613,-0.001598,0.006978,0.002617,0.007285,0.029248,0.004765,0.006158,0.004147,0.004039,0.005164,-0.001699,0.002965,0.001980,-0.001346,0.002158,0.006840,0.001449,0.004762,0.001497,-0.002746,0.001960
0.002103,0.002966,0.003695,0.001600,0.002578,0.000889,0.000747,0.000574,0.002988,0.007140,0.008761,-0.002457,-0.002307,0.001201,0.002309,0.002463,-0.003619,-0.005578,-0.002566,0.002213,-0.001894,-0.002912,-0.006466,-0.010851,-0.010485,0.001512,-0.004646,0.004232,-0.017042,0.005129,0.002705,0.003291,0.001055,0.005933,0.006096,-0.003739,0.000249,0.007339,0.007903,0.007325,0.008020,0.008538,0.010904,0.004765,0.039604,0.013388,0.005432,0.013414,0.011469,0.010380,0.002288,-0.000285,-0.003367,-0.001603,0.003227,0.000979,0.004423,0.005690,-0.003181,0.003935
0.005956,0.003749,0.000359,0.001337,-0.000870,0.000257,0.005302,0.007855,0.005834,0.003089,0.004020,-0.003392,-0.003799,0.000736,-0.002457,-0.003911,-0.007614,-0.009494,-0.003778,-0.008508,-0.011899,-0.008352,-0.007939,-0.004369,-0.003960,-0.011296,-0.003186,-0.002883,-0.002153,0.013498,0.008327,0.006896,0.013681,0.009276,0.012164,0.005460,0.012117,0.006404,0.007611,0.018499,0.016115,0.009007,0.010509,0.006158,0.013388,0.032364,0.005544,0.014178,0.012341,0.011022,0.003577,0.005041,0.001976,0.001991,0.009098,0.004553,0.005904,0.007873,0.001768,0.001749
0.001769,0.002936,0.002845,0.000058,0.002154,0.000404,-0.002764,0.003022,-0.000028,0.001027,0.000095,-0.001861,-0.003012,-0.000169,-0.000703,0.000991,-0.000891,-0.001071,-0.003607,0.002867,-0.002922,0.000290,0.004541,0.000571,0.004438,-0.004587,0.004920,-0.002200,-0.008533,-0.004523,0.004573,0.000435,-0.000904,-0.003348,-0.001034,-0.000009,0.003344,0.002726,-0.001215,0.003686,0.004941,0.008517,0.006030,0.004147,0.005432,0.005544,0.021810,0.011926,0.011239,0.004780,0.001415,0.003380,-0.000883,-0.001180,0.002287,0.001050,0.002819,0.004354,-0.000962,0.003796
0.002601,0.002907,0.001656,0.002571,0.000535,0.002668,-0.002832,0.005394,0.004721,0.008580,0.003181,-0.005771,-0.002786,0.000437,0.000276,0.000016,-0.003553,-0.004629,-0.004098,0.001575,-0.001365,-0.000411,-0.005853,-0.004037,-0.003313,-0.010200,-0.002572,0.002410,-0.006918,0.005693,0.001125,0.006750,0.005162,0.002728,0.003705,0.005520,0.005475,-0.002260,-0.002908,0.012331,0.013961,0.011860,0.007860,0.004039,0.013414,0.014178,0.011926,0.034959,0.015366,0.008900,0.004071,0.002825,0.002501,0.006283,0.005642,0.007271,0.002922,0.006444,0.002999,0.004676
0.002795,0.004327,0.004481,0.001997,0.000212,-0.002355,-0.000383,0.008629,0.006487,0.001162,0.004565,0.001070,-0.000652,0.006702,0.002563,0.006173,0.001395,0.000015,-0.001374,-0.000449,-0.002063,-0.001165,-0.003796,-0.004873,-0.000919,-0.007845,-0.004787,0.001179,-0.004150,-0.000971,0.004956,0.003070,0.010041,0.006723,0.005374,0.006518,0.006509,0.007738,-0.002334,0.013897,0.013727,0.007338,0.004815,0.005164,0.011469,0.012341,0.011239,0.015366,0.037132,0.014370,0.004061,0.005154,0.002755,0.004556,0.005157,0.005669,0.003021,0.008294,-0.001283,0.001441
0.001453,0.003532,0.000428,0.000697,-0.002195,-0.000128,0.000872,0.006268,0.000849,0.001987,0.000323,-0.002273,-0.001296,-0.000158,0.000476,-0.000660,-0.004340,-0.000463,-0.001770,-0.005161,-0.000129,-0.003004,-0.006937,-0.000938,-0.005431,0.001296,-0.009235,0.000455,-0.008014,0.001732,0.006176,0.005940,0.005932,0.003802,0.001748,0.008175,0.001050,0.006532,0.003594,0.015048,0.011263,0.008360,0.002822,-0.001699,0.010380,0.011022,0.004780,0.008900,0.014370,0.032537,0.001480,0.000261,0.004908,0.007769,0.001912,-0.002296,-0.002705,0.003004,-0.000469,0.002803
0.002150,0.004448,0.002863,0.001320,0.000904,-0.000199,0.005036,0.002179,0.001988,-0.000620,0.001073,0.003623,0.000976,0.003468,0.001716,0.000394,-0.002905,-0.004952,-0.001030,0.001442,0.000331,-0.001355,0.000427,0.000323,-0.001959,0.001523,-0.001083,-0.004912,-0.000880,0.004858,0.000788,0.001224,0.000724,-0.000311,0.000378,0.002324,-0.001018,0.001198,0.002092,0.001310,0.004004,0.003246,0.001026,0.002965,0.002288,0.003577,0.001415,0.004071,0.004061,0.001480,0.010365,0.002810,0.001883,0.002679,0.003947,0.004848,0.002872,0.001659,0.002193,0.003157
0.003238,0.002869,0.003240,0.003453,0.004562,0.002411,0.002976,0.005484,0.006014,-0.001447,0.001633,0.002014,-0.002922,0.005166,-0.000432,0.002752,0.001278,0.001406,0.000891,0.003131,0.003712,-0.004859,0.006018,-0.003092,-0.000823,-0.002701,-0.001440,-0.005641,-0.004205,-0.003118,-0.003137,0.002983,0.001468,-0.001954,-0.002548,0.007326,0.003226,-0.002018,0.001870,-0.000438,0.003789,0.005993,0.004770,0.001980,-0.000285,0.005041,0.003380,0.002825,0.005154,0.000261,0.002810,0.016584,0.004948,0.001459,0.003181,0.004202,0.001915,0.004416,0.001964,0.000960
-0.003523,0.000299,0.001978,-0.000162,0.001074,0.001534,-0.001693,0.001555,-0.000963,0.001024,-0.000622,-0.000309,0.000252,0.002024,0.000440,-0.006366,-0.005351,-0.002869,0.003457,-0.006652,-0.007454,-0.007042,0.000917,-0.002600,-0.001606,-0.000803,-0.000575,0.002484,0.000558,-0.002564,-0.002038,0.006404,0.001705,0.002373,-0.004565,0.006542,0.003632,-0.001753,0.000244,0.000898,0.004657,0.003131,-0.001813,-0.001346,-0.003367,0.001976,-0.000883,0.002501,0.002755,0.004908,0.001883,0.004948,0.027917,0.004680,-0.002277,0.002721,-0.000249,-0.001174,0.004663,0.000030
0.004538,0.001228,0.002444,0.004039,-0.001454,-0.002945,0.002831,0.011139,0.010051,0.003380,0.002112,-0.000453,0.004392,0.003037,0.003521,0.003889,-0.003683,-0.000566,0.001903,0.000711,0.015738,-0.000183,-0.003429,-0.005810,-0.013058,-0.007712,-0.008904,0.000734,-0.006251,-0.011768,-0.013512,-0.000844,-0.000539,0.000437,-0.003477,0.010985,0.006224,0.005062,-0.001665,0.004394,0.007725,0.005752,-0.003907,0.002158,-0.001603,0.001991,-0.001180,0.006283,0.004556,0.007769,0.002679,0.001459,0.004680,0.044486,0.008837,0.006599,0.002455,0.004243,0.011552,0.005066
0.004291,0.005165,0.001540,0.003651,-0.000481,0.003348,-0.001994,0.002415,0.005669,-0.002197,0.003090,0.005828,0.003647,0.001984,0.000863,0.005098,0.006544,-0.003734,0.003010,-0.004685,0.004187,-0.000756,-0.002033,-0.002401,-0.004221,-0.012761,-0.007333,-0.004463,-0.006206,0.003243,-0.007676,0.001150,0.005300,0.005488,-0.001290,0.002872,-0.000703,0.007313,0.001122,0.003633,0.008971,0.006132,0.004395,0.006840,0.003227,0.009098,0.002287,0.005642,0.005157,0.001912,0.003947,0.003181,-0.002277,0.008837,0.029380,0.011518,0.008831,0.010382,0.003930,0.003459
0.000737,0.004821,0.004813,0.003162,-0.001044,-0.001202,0.002642,0.006222,0.008270,0.000371,0.004844,0.004827,0.002341,0.003411,0.005105,-0.001811,0.005867,-0.000282,-0.000276,0.004845,0.001523,-0.003038,-0.007799,-0.002314,-0.007770,-0.012443,-0.000507,-0.016156,-0.004153,-0.002281,0.000093,0.000082,0.002297,0.002164,0.003950,0.002873,0.000941,0.001722,-0.001468,0.002198,0.005884,0.005070,0.003761,0.001449,0.000979,0.004553,0.001050,0.007271,0.005669,-0.002296,0.004848,0.004202,0.002721,0.006599,0.011518,0.026115,0.004867,0.007756,0.004335,0.004226
0.008667,0.005345,0.005017,0.003618,0.003073,0.003468,0.002887,0.003449,0.006921,-0.004207,0.001951,0.003049,0.002890,0.003165,0.004196,0.005236,0.001177,0.000360,0.010952,0.004048,0.001654,0.004267,0.000473,-0.002838,-0.003160,-0.004624,-0.001955,-0.004151,-0.002977,-0.005124,-0.003560,0.000058,0.000136,0.001253,-0.007011,0.007398,0.004210,0.002582,0.006829,-0.000510,0.001701,0.004312,0.003250,0.004762,0.004423,0.005904,0.002819,0.002922,0.003021,-0.002705,0.002872,0.001915,-0.000249,0.002455,0.008831,0.004867,0.029976,0.007636,0.007890,0.004441
0.000968,0.003608,0.001900,0.001916,0.002446,0.001982,0.003797,0.004114,0.004756,-0.000135,0.001640,-0.000954,0.003280,0.002175,0.000132,0.000464,0.002755,-0.004419,0.004261,0.001955,0.003435,-0.001766,-0.008219,-0.002039,-0.000742,-0.006872,-0.001866,-0.013435,-0.004522,0.000957,0.003216,-0.000022,0.005182,0.000592,0.003902,0.001967,0.003211,0.002896,0.000426,0.007797,0.002328,0.008263,0.004777,0.001497,0.005690,0.007873,0.004354,0.006444,0.008294,0.003004,0.001659,0.004416,-0.001174,0.004243,0.010382,0.007756,0.007636,0.020273,0.004553,0.002948
0.005541,0.003794,0.003718,0.003441,0.005350,-0.001485,0.007786,0.008774,0.002812,-0.001777,-0.007204,-0.002485,0.002292,0.001227,0.002639,0.002048,-0.001618,0.001966,0.003114,-0.004498,0.004858,-0.003644,-0.007836,-0.004608,-0.010473,-0.009491,-0.001688,-0.009252,0.000755,-0.003118,-0.004429,-0.006505,-0.003262,0.003093,0.000849,0.011194,0.013907,-0.000775,0.006957,0.004263,0.005452,0.010553,0.004603,-0.002746,-0.003181,0.001768,-0.000962,0.002999,-0.001283,-0.000469,0.002193,0.001964,0.004663,0.011552,0.003930,0.004335,0.007890,0.004553,0.030344,0.007933
0.004195,0.001934,0.003194,0.003023,0.001903,-0.000690,0.004156,0.003506,0.001684,-0.000286,-0.001001,0.001115,0.000482,0.002317,0.000313,0.001215,-0.000839,-0.001041,0.000257,0.000351,0.003799,0.003695,-0.001023,-0.003299,-0.006969,-0.002523,0.001421,-0.009368,-0.004622,-0.004417,0.000691,-0.000257,0.001902,-0.001810,0.000267,0.005595,0.002590,0.003034,0.000330,0.000846,0.002244,0.008241,0.002066,0.001960,0.003935,0.001749,0.003796,0.004676,0.001441,0.002803,0.003157,0.000960,0.000030,0.005066,0.003459,0.004226,0.004441,0.002948,0.007933,0.015184
