0.181998,0.048620,0.073246,0.005500,0.121926,0.111561,0.395136,1.484919,0.205264,0.165414,0.237856,-0.005117,0.152065,-0.030545,0.319196,0.659206,0.004743,-0.002154,-0.002731,0.022509,0.012069,0.008370,0.227787,0.000986,0.009342,0.005037,0.073785,-0.004145,0.001271,1.394403,-0.008787,0.040847,0.180561,0.121561,0.023585,0.096571,0.011696,0.004098,0.199522,0.014046,0.133604
0.048620,0.580710,0.016991,-0.019256,-0.144138,0.060431,-0.434615,-1.680245,0.120446,0.256895,-0.218160,-0.013540,0.023051,0.211185,0.030798,0.317647,0.011600,0.009058,0.000707,0.025353,0.000188,-0.012468,-0.535409,-0.003320,0.005065,-0.027804,-0.005692,0.000325,0.003235,1.324257,-0.019324,-0.119451,-0.058505,-0.229373,-0.063355,0.043964,0.152728,-0.063866,0.044719,0.016655,0.242085
0.073246,0.016991,1.184597,0.009721,-0.036428,-0.001487,0.586324,1.213694,-0.269669,-0.128943,-0.108184,-0.021254,0.295442,-0.091989,0.192843,-0.173136,0.021259,-0.009590,0.005837,-0.011540,0.030858,0.045404,0.120026,0.105325,0.149082,-0.005770,0.040923,0.001527,0.045376,-1.208571,-0.188396,0.057840,0.660418,-0.138234,-0.237608,0.476500,0.033855,-0.056623,0.706150,-0.004368,0.804190
0.005500,-0.019256,0.009721,0.045823,0.001518,0.022285,0.071400,-0.025972,0.046936,-0.003363,0.259561,-0.000259,0.006879,-0.018159,0.004985,-0.012314,0.000549,0.000507,0.000017,0.008394,-0.000721,0.000450,0.054034,-0.000540,0.006263,0.013633,0.001730,-0.000287,-0.000355,-0.010821,-0.012433,0.005289,0.036071,0.192641,0.028117,-0.000443,0.004479,0.087275,0.004096,-0.000569,-0.007554
0.121926,-0.144138,-0.036428,0.001518,2.644988,0.110989,1.399014,2.677807,0.161223,0.355636,3.039393,-0.136234,0.249844,-0.121331,0.490899,1.030699,0.002381,-0.001714,0.007406,0.190253,-0.005585,0.019400,0.718051,-0.022020,-0.003406,0.021784,0.082766,-0.004848,-0.013876,6.117598,0.473890,-0.042456,0.496926,2.359844,0.386183,0.082812,-0.001457,0.942996,0.321717,-0.026052,0.042724
0.111561,0.060431,-0.001487,0.022285,0.110989,0.462527,0.130630,-0.731048,0.805014,-0.005975,0.087749,-0.078806,0.063454,0.012093,0.143338,0.216148,0.006619,0.004862,0.000327,-0.001665,0.021813,-0.008277,0.077818,0.005272,0.004240,-0.004395,0.037002,-0.001434,-0.001360,-0.234300,-0.007369,0.057377,0.031168,-0.085827,0.186298,0.012243,0.081955,-0.049071,0.053944,-0.010868,0.201610
0.395136,-0.434615,0.586324,0.071400,1.399014,0.130630,4.331009,11.576693,0.423275,0.410958,1.743943,-0.056817,0.638498,-0.513077,1.017362,2.052334,0.006642,-0.027210,-0.010391,0.151435,-0.011235,0.086189,1.455441,0.027310,0.192384,0.079671,0.210428,-0.010966,0.031839,2.719881,0.144998,-0.152226,2.057406,1.211312,0.215759,0.399285,-0.116469,0.296104,0.960840,0.004220,0.448558
1.484919,-1.680245,1.213694,-0.025972,2.677807,-0.731048,11.576693,62.621637,-2.456802,-0.463645,2.910673,0.447611,1.828149,-2.623839,3.455562,4.016552,-0.004368,-0.146119,-0.127353,0.249152,0.015819,0.455874,5.904589,0.010554,0.552217,0.257104,0.870911,-0.024703,0.092196,2.281159,-1.968675,0.005301,4.338748,1.227875,-1.783876,1.221043,-0.865441,-0.375705,2.885282,0.013482,1.302908
0.205264,0.120446,-0.269669,0.046936,0.161223,0.805014,0.423275,-2.456802,2.679216,0.419231,0.136345,-0.002469,0.176134,0.213875,0.351030,1.517406,-0.008346,0.007448,-0.005106,-0.002399,0.012433,-0.028936,-0.165383,0.002673,-0.045122,-0.024439,0.042428,-0.000945,-0.000314,0.551482,0.471146,0.014033,-0.133596,-0.318670,0.030592,-0.013934,-0.070752,-0.171536,0.054269,0.016007,-0.150005
0.165414,0.256895,-0.128943,-0.003363,0.355636,-0.005975,0.410958,-0.463645,0.419231,1.929757,0.545543,-0.526394,0.263264,0.313477,0.465808,4.428817,0.010753,-0.000330,-0.002514,0.147131,-0.013003,-0.039537,0.024035,-0.030718,-0.046540,-0.011641,0.055278,-0.006432,-0.014873,11.921556,0.752613,-0.035438,0.264560,0.103879,0.207487,-0.015147,0.203623,-0.001374,0.193889,0.093699,-0.266472
0.237856,-0.218160,-0.108184,0.259561,3.039393,0.087749,1.743943,2.910673,0.136345,0.545543,6.028321,-0.221070,0.363071,-0.133097,0.701508,1.310180,0.002763,0.000946,0.016731,0.411689,-0.032784,0.024488,1.051872,-0.048235,0.017184,0.094922,0.124967,-0.010596,-0.029809,10.414549,0.642075,-0.080184,0.803601,4.832048,0.565117,0.010929,0.003641,2.022033,0.371742,-0.033757,-0.245129
-0.005117,-0.013540,-0.021254,-0.000259,-0.136234,-0.078806,-0.056817,0.447611,-0.002469,-0.526394,-0.221070,0.464191,-0.061798,-0.062060,-0.094832,-1.238352,-0.007455,-0.001049,-0.001857,-0.044342,0.002706,0.016849,0.008773,0.007848,0.002920,0.002048,-0.002836,0.002180,0.010088,-4.017409,-0.214516,0.006069,-0.049199,-0.005189,-0.216895,0.032994,-0.121955,-0.027075,-0.029792,-0.037350,0.007577
0.152065,0.023051,0.295442,0.006879,0.249844,0.063454,0.638498,1.828149,0.176134,0.263264,0.363071,-0.061798,0.310542,0.056835,0.402614,0.932403,0.004443,-0.005451,-0.002190,0.024311,0.010057,0.022562,0.296771,0.032061,0.023916,0.009421,0.075015,-0.002080,0.021049,1.954927,0.332801,0.011479,0.344328,0.199179,-0.033857,0.269046,-0.050681,0.031993,0.505236,0.022930,0.256049
-0.030545,0.211185,-0.091989,-0.018159,-0.121331,0.012093,-0.513077,-2.623839,0.213875,0.313477,-0.133097,-0.062060,0.056835,0.460862,0.026520,0.496227,-0.001594,0.006592,0.002274,-0.003867,-0.005925,-0.020589,-0.377091,-0.006453,-0.028307,-0.027402,-0.021884,-0.001388,-0.002362,1.839241,0.808454,-0.032743,-0.237616,-0.154947,0.035290,-0.005292,-0.006136,-0.052577,0.009937,0.028722,-0.083121
0.319196,0.030798,0.192843,0.004985,0.490899,0.143338,1.017362,3.455562,0.351030,0.465808,0.701508,-0.094832,0.402614,0.026520,0.745544,1.755607,0.004816,-0.007052,-0.004772,0.057633,0.018803,0.022507,0.555833,0.006352,0.022030,0.015811,0.150537,-0.009484,0.003696,4.135283,0.352046,0.075403,0.394478,0.434058,0.070684,0.217013,-0.066363,0.082607,0.519507,0.027764,0.246761
0.659206,0.317647,-0.173136,-0.012314,1.030699,0.216148,2.052334,4.016552,1.517406,4.428817,1.310180,-1.238352,0.932403,0.496227,1.755607,14.415275,0.013515,-0.017056,-0.023070,0.355257,-0.020833,-0.047391,1.066122,-0.042243,-0.044622,-0.046845,0.291801,-0.039179,-0.031772,31.900693,1.356606,0.181148,0.691621,-0.274866,0.468773,0.005775,0.228460,-0.100366,0.813532,0.328835,-0.405901
0.004743,0.011600,0.021259,0.000549,0.002381,0.006619,0.006642,-0.004368,-0.008346,0.010753,0.002763,-0.007455,0.004443,-0.001594,0.004816,0.013515,0.001716,0.000181,0.000190,0.003055,0.003862,-0.000285,-0.002770,0.000887,0.002632,-0.000502,0.001472,0.000141,0.000521,0.094235,-0.012442,0.000382,0.014542,-0.002671,0.004037,0.008603,0.016936,0.000914,0.012018,-0.000064,0.031304
-0.002154,0.009058,-0.009590,0.000507,-0.001714,0.004862,-0.027210,-0.146119,0.007448,-0.000330,0.000946,-0.001049,-0.005451,0.006592,-0.007052,-0.017056,0.000181,0.000753,0.000314,0.000150,-0.000259,-0.001594,-0.014789,-0.000900,-0.001716,-0.000492,-0.001713,-0.000015,-0.000596,-0.001481,0.004910,-0.000631,-0.012319,0.005050,0.007719,-0.007351,0.005401,0.004350,-0.012141,0.000046,0.001647
-0.002731,0.000707,0.005837,0.000017,0.007406,0.000327,-0.010391,-0.127353,-0.005106,-0.002514,0.016731,-0.001857,-0.002190,0.002274,-0.004772,-0.023070,0.000190,0.000314,0.009331,0.001681,0.000130,-0.000463,-0.010440,-0.000114,0.001569,0.000086,-0.001184,0.000058,-0.000271,0.018190,0.002009,-0.000729,0.000195,0.026927,0.010400,-0.003431,0.003590,0.016064,-0.004537,-0.001614,0.003842
0.022509,0.025353,-0.011540,0.008394,0.190253,-0.001665,0.151435,0.249152,-0.002399,0.147131,0.411689,-0.044342,0.024311,-0.003867,0.057633,0.355257,0.003055,0.000150,0.001681,0.091979,0.003058,-0.001267,0.047545,-0.005473,0.011687,0.000360,0.011126,0.000173,-0.002646,2.018664,0.010152,-0.010057,0.107789,0.325069,-0.001712,0.004750,0.046288,0.135976,0.028415,0.000049,0.005062
0.012069,0.000188,0.030858,-0.000721,-0.005585,0.021813,-0.011235,0.015819,0.012433,-0.013003,-0.032784,0.002706,0.010057,-0.005925,0.018803,-0.020833,0.003862,-0.000259,0.000130,0.003058,0.038285,-0.003671,-0.012568,-0.000118,-0.000343,-0.001386,0.004584,-0.000417,-0.000450,0.004439,-0.024943,0.004933,-0.009711,-0.027159,-0.014624,0.010004,0.029679,-0.014885,0.014399,-0.001303,0.110068
0.008370,-0.012468,0.045404,0.000450,0.019400,-0.008277,0.086189,0.455874,-0.028936,-0.039537,0.024488,0.016849,0.022562,-0.020589,0.022507,-0.047391,-0.000285,-0.001594,-0.000463,-0.001267,-0.003671,0.008010,0.044168,0.005981,0.008058,0.002341,0.006013,0.000262,0.003974,-0.189329,-0.019952,-0.000140,0.046454,0.016175,-0.028358,0.043854,-0.017789,-0.001006,0.064517,-0.001848,0.018583
0.227787,-0.535409,0.120026,0.054034,0.718051,0.077818,1.455441,5.904589,-0.165383,0.024035,1.051872,0.008773,0.296771,-0.377091,0.555833,1.066122,-0.002770,-0.014789,-0.010440,0.047545,-0.012568,0.044168,1.674067,-0.002956,0.003877,0.080302,0.154629,-0.007779,0.004905,1.789737,-0.160068,0.305638,0.528732,0.948796,0.134395,0.102628,-0.134425,0.235485,0.380538,-0.006695,0.166237
0.000986,-0.003320,0.105325,-0.000540,-0.022020,0.005272,0.027310,0.010554,0.002673,-0.030718,-0.048235,0.007848,0.032061,-0.006453,0.006352,-0.042243,0.000887,-0.000900,-0.000114,-0.005473,-0.000118,0.005981,-0.002956,0.029718,0.004212,-0.000833,0.001761,0.002229,0.014638,-0.294550,-0.020954,0.001391,0.045525,-0.052778,-0.031126,0.082950,-0.005980,-0.021672,0.114147,-0.001639,0.056669
0.009342,0.005065,0.149082,0.006263,-0.003406,0.004240,0.192384,0.552217,-0.045122,-0.046540,0.017184,0.002920,0.023916,-0.028307,0.022030,-0.044622,0.002632,-0.001716,0.001569,0.011687,-0.000343,0.008058,0.003877,0.004212,0.095719,-0.002588,0.006019,0.000321,0.001921,-0.236920,-0.057989,0.000374,0.129186,-0.013204,-0.044301,0.029099,0.011015,-0.015537,0.066258,-0.013772,0.186939
0.005037,-0.027804,-0.005770,0.013633,0.021784,-0.004395,0.079671,0.257104,-0.024439,-0.011641,0.094922,0.002048,0.009421,-0.027402,0.015811,-0.046845,-0.000502,-0.000492,0.000086,0.000360,-0.001386,0.002341,0.080302,-0.000833,-0.002588,0.028522,0.003471,-0.000365,0.000201,-0.146579,0.000833,0.006217,0.039411,0.137442,0.010692,-0.013169,-0.013800,0.035649,0.014157,-0.000530,-0.010322
0.073785,-0.005692,0.040923,0.001730,0.082766,0.037002,0.210428,0.870911,0.042428,0.055278,0.124967,-0.002836,0.075015,-0.021884,0.150537,0.291801,0.001472,-0.001713,-0.001184,0.011126,0.004584,0.006013,0.154629,0.001761,0.006019,0.003471,0.037253,-0.002040,0.000909,0.665423,0.006267,0.029099,0.089338,0.077909,0.016357,0.043944,-0.006803,0.012590,0.099273,0.003703,0.066154
-0.004145,0.000325,0.001527,-0.000287,-0.004848,-0.001434,-0.010966,-0.024703,-0.000945,-0.006432,-0.010596,0.002180,-0.002080,-0.001388,-0.009484,-0.039179,0.000141,-0.000015,0.000058,0.000173,-0.000417,0.000262,-0.007779,0.002229,0.000321,-0.000365,-0.002040,0.011692,0.001190,-0.075154,-0.006960,-0.001928,-0.000936,-0.005948,-0.007730,0.006588,0.001977,-0.004801,0.006246,-0.000378,0.006149
0.001271,0.003235,0.045376,-0.000355,-0.013876,-0.001360,0.031839,0.092196,-0.000314,-0.014873,-0.029809,0.010088,0.021049,-0.002362,0.003696,-0.031772,0.000521,-0.000596,-0.000271,-0.002646,-0.000450,0.003974,0.004905,0.014638,0.001921,0.000201,0.000909,0.001190,0.012059,-0.160430,-0.000799,-0.000406,0.037688,-0.029742,-0.023745,0.061445,-0.003029,-0.013085,0.072159,-0.000282,0.031743
1.394403,1.324257,-1.208571,-0.010821,6.117598,-0.234300,2.719881,2.281159,0.551482,11.921556,10.414549,-4.017409,1.954927,1.839241,4.135283,31.900693,0.094235,-0.001481,0.018190,2.018664,0.004439,-0.189329,1.789737,-0.294550,-0.236920,-0.146579,0.665423,-0.075154,-0.160430,111.283316,4.362941,0.466849,1.492544,6.075881,1.372975,0.405817,1.646254,2.704317,1.754176,0.666730,-1.689985
-0.008787,-0.019324,-0.188396,-0.012433,0.473890,-0.007369,0.144998,-1.968675,0.471146,0.752613,0.642075,-0.214516,0.332801,0.808454,0.352046,1.356606,-0.012442,0.004910,0.002009,0.010152,-0.024943,-0.019952,-0.160068,-0.020954,-0.057989,0.000833,0.006267,-0.006960,-0.000799,4.362941,2.545039,-0.103586,-0.030522,0.518839,0.093287,-0.020315,-0.169229,0.114426,0.231898,0.052901,-0.183166
0.040847,-0.119451,0.057840,0.005289,-0.042456,0.057377,-0.152226,0.005301,0.014033,-0.035438,-0.080184,0.006069,0.011479,-0.032743,0.075403,0.181148,0.000382,-0.000631,-0.000729,-0.010057,0.004933,-0.000140,0.305638,0.001391,0.000374,0.006217,0.029099,-0.001928,-0.000406,0.466849,-0.103586,0.231851,-0.073466,-0.046221,0.022956,-0.009243,-0.021101,-0.026233,-0.013742,-0.004222,0.035260
0.180561,-0.058505,0.660418,0.036071,0.496926,0.031168,2.057406,4.338748,-0.133596,0.264560,0.803601,-0.049199,0.344328,-0.237616,0.394478,0.691621,0.014542,-0.012319,0.000195,0.107789,-0.009711,0.046454,0.528732,0.045525,0.129186,0.039411,0.089338,-0.000936,0.037688,1.492544,-0.030522,-0.073466,1.532412,0.605844,0.121803,0.299877,0.041926,0.154252,0.608071,-0.008176,0.447662
0.121561,-0.229373,-0.138234,0.192641,2.359844,-0.085827,1.211312,1.227875,-0.318670,0.103879,4.832048,-0.005189,0.199179,-0.154947,0.434058,-0.274866,-0.002671,0.005050,0.026927,0.325069,-0.027159,0.016175,0.948796,-0.052778,-0.013204,0.137442,0.077909,-0.005948,-0.029742,6.075881,0.518839,-0.046221,0.605844,4.773546,0.547850,-0.105817,-0.049063,1.800430,0.134256,-0.043882,-0.156449
0.023585,-0.063355,-0.237608,0.028117,0.386183,0.186298,0.215759,-1.783876,0.030592,0.207487,0.565117,-0.216895,-0.033857,0.035290,0.070684,0.468773,0.004037,0.007719,0.010400,-0.001712,-0.014624,-0.028358,0.134395,-0.031126,-0.044301,0.010692,0.016357,-0.007730,-0.023745,1.372975,0.093287,0.022956,0.121803,0.547850,1.071145,-0.111882,0.143905,0.283578,-0.145487,-0.023277,-0.087061
0.096571,0.043964,0.476500,-0.000443,0.082812,0.012243,0.399285,1.221043,-0.013934,-0.015147,0.010929,0.032994,0.269046,-0.005292,0.217013,0.005775,0.008603,-0.007351,-0.003431,0.004750,0.010004,0.043854,0.102628,0.082950,0.029099,-0.013169,0.043944,0.006588,0.061445,0.405817,-0.020315,-0.009243,0.299877,-0.105817,-0.111882,0.726655,-0.000151,-0.071178,0.801695,-0.003930,0.278937
0.011696,0.152728,0.033855,0.004479,-0.001457,0.081955,-0.116469,-0.865441,-0.070752,0.203623,0.003641,-0.121955,-0.050681,-0.006136,-0.066363,0.228460,0.016936,0.005401,0.003590,0.046288,0.029679,-0.017789,-0.134425,-0.005980,0.011015,-0.013800,-0.006803,0.001977,-0.003029,1.646254,-0.169229,-0.021101,0.041926,-0.049063,0.143905,-0.000151,0.257933,0.021063,-0.042694,-0.001740,0.198159
0.004098,-0.063866,-0.056623,0.087275,0.942996,-0.049071,0.296104,-0.375705,-0.171536,-0.001374,2.022033,-0.027075,0.031993,-0.052577,0.082607,-0.100366,0.000914,0.004350,0.016064,0.135976,-0.014885,-0.001006,0.235485,-0.021672,-0.015537,0.035649,0.012590,-0.004801,-0.013085,2.704317,0.114426,-0.026233,0.154252,1.800430,0.283578,-0.071178,0.021063,0.879515,-0.017981,-0.018808,-0.096901
0.199522,0.044719,0.706150,0.004096,0.321717,0.053944,0.960840,2.885282,0.054269,0.193889,0.371742,-0.029792,0.505236,0.009937,0.519507,0.813532,0.012018,-0.012141,-0.004537,0.028415,0.014399,0.064517,0.380538,0.114147,0.066258,0.014157,0.099273,0.006246,0.072159,1.754176,0.231898,-0.013742,0.608071,0.134256,-0.145487,0.801695,-0.042694,-0.017981,1.214739,0.013380,0.493670
0.014046,0.016655,-0.004368,-0.000569,-0.026052,-0.010868,0.004220,0.013482,0.016007,0.093699,-0.033757,-0.037350,0.022930,0.028722,0.027764,0.328835,-0.000064,0.000046,-0.001614,0.000049,-0.001303,-0.001848,-0.006695,-0.001639,-0.013772,-0.000530,0.003703,-0.000378,-0.000282,0.666730,0.052901,-0.004222,-0.008176,-0.043882,-0.023277,-0.003930,-0.001740,-0.018808,0.013380,0.050836,-0.001261
0.133604,0.242085,0.804190,-0.007554,0.042724,0.201610,0.448558,1.302908,-0.150005,-0.266472,-0.245129,0.007577,0.256049,-0.083121,0.246761,-0.405901,0.031304,0.001647,0.003842,0.005062,0.110068,0.018583,0.166237,0.056669,0.186939,-0.010322,0.066154,0.006149,0.031743,-1.689985,-0.183166,0.035260,0.447662,-0.156449,-0.087061,0.278937,0.198159,-0.096901,0.493670,-0.001261,1.486773
