0.213345,0.079064,0.057963,0.004374,0.192350,0.135749,0.358493,1.156123,0.263494,0.194135,0.254382,-0.040358,0.165339,-0.046896,0.317499,0.878685,0.006832,-0.002203,-0.003977,0.018510,0.020892,0.004907,0.407608,-0.001479,0.022424,0.004769,0.078959,-0.000705,0.004454,1.352231,-0.075563,0.065681,0.184756,0.091458,0.043475,0.109736,0.031711,0.010098,0.194483,0.010121,0.107120
0.079064,0.554501,0.002934,-0.009242,-0.236613,0.039255,-0.467458,-2.109322,0.141043,0.294417,-0.118118,-0.071427,0.004369,0.178788,0.042418,0.459408,0.014163,0.010080,0.002013,0.020380,0.011165,-0.016186,-0.721713,-0.009112,-0.005714,-0.017209,0.000292,0.001552,-0.000632,1.145229,-0.067954,-0.111101,-0.171195,-0.118751,-0.002560,0.030533,0.192431,-0.050081,0.025960,0.005210,0.196388
0.057963,0.002934,0.749553,-0.005022,-0.040248,-0.010712,0.328526,0.111694,-0.162458,-0.093684,0.052126,0.003087,0.158182,-0.030807,0.061016,-0.155006,0.008044,-0.007553,0.003936,-0.018988,-0.009676,0.029345,-0.206311,0.060595,0.082024,-0.003469,0.010960,0.006411,0.030227,-0.693964,-0.079346,-0.029927,0.340818,-0.030095,-0.109263,0.236338,0.018125,0.001667,0.298953,-0.002951,0.328758
0.004374,-0.009242,-0.005022,0.032248,0.159656,0.014078,0.064426,-0.027295,0.058969,0.010180,0.221564,-0.006150,0.009609,-0.007115,0.015168,0.049998,0.000538,0.000572,-0.002217,0.011914,-0.000032,-0.001028,-0.002828,-0.005284,0.004557,0.001636,0.001841,0.001225,-0.000769,0.397755,0.026363,0.001041,0.033008,0.145092,0.022920,-0.002394,0.004769,0.076986,0.002898,-0.000563,-0.009564
0.192350,-0.236613,-0.040248,0.159656,3.632348,0.156590,1.970841,3.660347,-0.042261,0.449626,4.262259,-0.239808,0.385922,-0.204977,0.469944,1.275535,0.002814,-0.001692,0.003385,0.249500,-0.013025,0.019550,2.887333,-0.030430,0.013753,0.081867,0.105824,-0.008401,-0.010281,7.769957,0.371066,-0.119664,0.875895,3.261619,0.545231,0.084856,0.056592,1.389602,0.272734,-0.019811,-0.065481
0.135749,0.039255,-0.010712,0.014078,0.156590,0.511126,0.176168,-0.356686,0.796859,0.005185,0.071132,-0.045516,0.121957,-0.003409,0.160090,0.417405,0.002163,0.002845,-0.005743,-0.004697,-0.003686,-0.006816,1.649201,0.003066,0.015150,0.001195,0.034936,0.001979,-0.001839,-0.879977,0.010980,0.043014,0.055246,-0.145459,0.066892,0.041730,0.066530,-0.003871,0.098096,-0.003966,0.124900
0.358493,-0.467458,0.328526,0.064426,1.970841,0.176168,4.525692,10.793371,0.352502,0.221311,1.800782,-0.124606,0.644091,-0.485949,0.780057,2.364651,0.006008,-0.026852,-0.014707,0.134476,-0.004210,0.076483,3.024267,0.026971,0.213712,0.076672,0.188787,-0.015514,0.043164,2.170990,0.101053,-0.186045,2.063224,1.266158,0.320641,0.362709,-0.105168,0.366547,0.703373,0.010160,0.271977
1.156123,-2.109322,0.111694,-0.027295,3.660347,-0.356686,10.793371,56.001905,-3.254034,-1.001598,1.810828,0.322843,1.946972,-2.446850,2.489947,4.423439,-0.011632,-0.130648,-0.115677,0.166940,0.027737,0.370217,15.239011,0.026653,0.654209,0.347147,0.750308,-0.065962,0.116229,2.656811,-2.111697,0.369938,4.324956,1.138416,-1.675624,0.694535,-0.952552,-0.288503,2.071990,0.109868,0.524632
0.263494,0.141043,-0.162458,0.058969,-0.042261,0.796859,0.352502,-3.254034,3.086063,0.484721,0.261050,-0.017293,0.182957,0.201510,0.408776,2.073904,-0.008690,0.008140,-0.027078,-0.013309,0.008464,-0.037838,0.613301,0.005606,-0.080152,-0.020529,0.051305,0.005460,-0.008108,-1.144876,0.440193,0.025849,-0.127141,-0.387965,-0.077268,0.045680,-0.107778,-0.141581,0.083472,0.006911,-0.155300
0.194135,0.294417,-0.093684,0.010180,0.449626,0.005185,0.221311,-1.001598,0.484721,2.371070,0.667481,-0.688910,0.250107,0.302943,0.429414,5.239597,0.015865,0.002622,-0.005288,0.121395,-0.037635,-0.051664,-0.250410,-0.046751,-0.096193,-0.005614,0.067401,-0.005352,-0.005330,13.324183,0.654637,-0.112164,0.179596,0.205514,0.391459,-0.023084,0.260667,0.045328,0.138415,0.097970,-0.328014
0.254382,-0.118118,0.052126,0.221564,4.262259,0.071132,1.800782,1.810828,0.261050,0.667481,6.407386,-0.284634,0.344056,-0.233723,0.567797,1.448092,0.004670,0.001950,0.021028,0.352102,-0.032412,0.019187,0.496555,-0.041963,-0.014316,0.115408,0.121495,-0.008092,-0.015894,10.133904,0.604591,-0.136639,0.904649,5.239825,0.785468,0.064487,0.052178,2.053191,0.296933,-0.018991,-0.251848
-0.040358,-0.071427,0.003087,-0.006150,-0.239808,-0.045516,-0.124606,0.322843,-0.017293,-0.688910,-0.284634,0.477235,-0.065675,-0.050714,-0.108254,-1.519490,-0.008476,-0.001574,-0.000002,-0.032585,0.004313,0.018417,0.076665,0.013972,0.022654,-0.000847,-0.012251,0.001268,0.004684,-4.532832,-0.200330,0.083337,-0.057015,-0.070515,-0.281235,0.035779,-0.161738,-0.063494,-0.024789,-0.031352,0.062413
0.165339,0.004369,0.158182,0.009609,0.385922,0.121957,0.644091,1.946972,0.182957,0.250107,0.344056,-0.065675,0.357200,0.046071,0.357519,1.004603,0.003827,-0.005015,-0.008057,0.017246,0.010723,0.018200,2.016029,0.029236,0.037199,0.021303,0.072246,0.000640,0.022522,1.785542,0.276229,0.015596,0.318134,0.227162,-0.030312,0.248477,-0.051412,0.061607,0.434550,0.012724,0.176983
-0.046896,0.178788,-0.030807,-0.007115,-0.204977,-0.003409,-0.485949,-2.446850,0.201510,0.302943,-0.233723,-0.050714,0.046071,0.426283,-0.000505,0.348189,-0.002853,0.006135,0.002976,-0.005566,-0.010886,-0.017443,-0.501813,-0.001837,-0.032501,-0.027699,-0.024891,-0.000240,0.003383,1.127398,0.548807,-0.044573,-0.215828,-0.187946,0.018337,0.009072,-0.031451,-0.052820,0.011223,0.005295,-0.056503
0.317499,0.042418,0.061016,0.015168,0.469944,0.160090,0.780057,2.489947,0.408776,0.429414,0.567797,-0.108254,0.357519,-0.000505,0.613447,1.760477,0.005381,-0.005537,-0.007427,0.027427,0.020762,0.010594,0.989211,-0.005842,0.025066,0.019571,0.135761,-0.003255,0.006398,3.220089,0.194086,0.097507,0.346862,0.288297,0.089550,0.159100,-0.053099,0.073002,0.372047,0.021575,0.090589
0.878685,0.459408,-0.155006,0.049998,1.275535,0.417405,2.364651,4.423439,2.073904,5.239597,1.448092,-1.519490,1.004603,0.348189,1.760477,15.863964,0.019493,-0.012135,-0.031620,0.266340,-0.046318,-0.063470,0.931408,-0.059742,-0.157300,0.001778,0.358034,-0.020865,0.014295,31.074898,1.226881,0.018902,0.757326,-0.182132,0.686497,0.169424,0.310648,-0.063513,0.812214,0.329669,-0.621818
0.006832,0.014163,0.008044,0.000538,0.002814,0.002163,0.006008,-0.011632,-0.008690,0.015865,0.004670,-0.008476,0.003827,-0.002853,0.005381,0.019493,0.001896,0.000206,0.000059,0.002980,0.003867,-0.000478,-0.009774,-0.000402,0.003067,-0.000458,0.001577,0.000259,0.000093,0.126751,-0.009271,-0.001483,0.011001,-0.000352,0.005330,0.005493,0.016808,0.000248,0.008176,0.000474,0.022437
-0.002203,0.010080,-0.007553,0.000572,-0.001692,0.002845,-0.026852,-0.130648,0.008140,0.002622,0.001950,-0.001574,-0.005015,0.006135,-0.005537,-0.012135,0.000206,0.000681,0.000243,0.000293,0.000341,-0.001373,-0.019186,-0.000857,-0.001941,-0.000574,-0.001638,0.000001,-0.000638,0.003129,0.005256,-0.001211,-0.012745,0.003645,0.008189,-0.004138,0.005627,0.003402,-0.008444,-0.000477,0.002879
-0.003977,0.002013,0.003936,-0.002217,0.003385,-0.005743,-0.014707,-0.115677,-0.027078,-0.005288,0.021028,-0.000002,-0.008057,0.002976,-0.007427,-0.031620,0.000059,0.000243,0.009734,0.001057,-0.000164,-0.000070,-0.120192,-0.000106,0.000473,-0.000448,-0.001777,-0.000642,-0.000127,-0.001805,0.001346,-0.001464,0.000991,0.030862,0.013979,0.002378,0.002731,0.014795,-0.002233,0.000800,0.004887
0.018510,0.020380,-0.018988,0.011914,0.249500,-0.004697,0.134476,0.166940,-0.013309,0.121395,0.352102,-0.032585,0.017246,-0.005566,0.027427,0.266340,0.002980,0.000293,0.001057,0.093172,0.002969,-0.000095,-0.033346,-0.002870,0.007847,0.000258,0.009167,0.000746,-0.000000,1.970000,0.018908,-0.016001,0.113625,0.317452,-0.024144,0.004549,0.052061,0.124307,0.015796,0.002236,0.005694
0.020892,0.011165,-0.009676,-0.000032,-0.013025,-0.003686,-0.004210,0.027737,0.008464,-0.037635,-0.032412,0.004313,0.010723,-0.010886,0.020762,-0.046318,0.003867,0.000341,-0.000164,0.002969,0.036035,-0.002040,-0.026455,0.000438,0.002357,-0.000965,0.005687,-0.000596,0.000856,-0.139501,-0.023894,0.017565,-0.002907,-0.030196,-0.027203,0.014001,0.025860,-0.014546,0.018779,-0.000236,0.083922
0.004907,-0.016186,0.029345,-0.001028,0.019550,-0.006816,0.076483,0.370217,-0.037838,-0.051664,0.019187,0.018417,0.018200,-0.017443,0.010594,-0.063470,-0.000478,-0.001373,-0.000070,-0.000095,-0.002040,0.007062,0.077892,0.006315,0.009350,0.001866,0.003654,0.000295,0.003715,-0.190618,-0.021160,0.001588,0.039181,0.016353,-0.028097,0.032456,-0.017531,0.000401,0.042285,-0.000963,0.015831
0.407608,-0.721713,-0.206311,-0.002828,2.887333,1.649201,3.024267,15.239011,0.613301,-0.250410,0.496555,0.076665,2.016029,-0.501813,0.989211,0.931408,-0.009774,-0.019186,-0.120192,-0.033346,-0.026455,0.077892,35.208106,0.044979,0.225527,0.284587,0.253065,-0.023680,0.000975,-1.338608,-0.628391,0.305590,1.259762,1.239913,-0.223507,0.559370,-0.101356,0.562393,1.504300,-0.031979,0.546934
-0.001479,-0.009112,0.060595,-0.005284,-0.030430,0.003066,0.026971,0.026653,0.005606,-0.046751,-0.041963,0.013972,0.029236,-0.001837,-0.005842,-0.059742,-0.000402,-0.000857,-0.000106,-0.002870,0.000438,0.006315,0.044979,0.031102,0.003542,-0.001056,-0.001520,0.002558,0.015004,-0.279453,0.009214,-0.005678,0.033559,-0.034420,-0.024399,0.090122,-0.010236,-0.017288,0.093138,-0.003215,0.039147
0.022424,-0.005714,0.082024,0.004557,0.013753,0.015150,0.213712,0.654209,-0.080152,-0.096193,-0.014316,0.022654,0.037199,-0.032501,0.025066,-0.157300,0.003067,-0.001941,0.000473,0.007847,0.002357,0.009350,0.225527,0.003542,0.081099,-0.000250,0.008710,0.000888,0.003087,-0.359620,-0.060472,0.015361,0.157236,-0.030754,-0.033253,0.028445,0.009369,-0.012798,0.062047,-0.004174,0.142931
0.004769,-0.017209,-0.003469,0.001636,0.081867,0.001195,0.076672,0.347147,-0.020529,-0.005614,0.115408,-0.000847,0.021303,-0.027699,0.019571,0.001778,-0.000458,-0.000574,-0.000448,0.000258,-0.000965,0.001866,0.284587,-0.001056,-0.000250,0.029713,0.002619,-0.000545,0.000279,-0.079089,0.007781,-0.006536,0.032669,0.132053,0.000187,-0.004652,-0.015204,0.037568,0.019618,0.000513,-0.008535
0.078959,0.000292,0.010960,0.001841,0.105824,0.034936,0.188787,0.750308,0.051305,0.067401,0.121495,-0.012251,0.072246,-0.024891,0.135761,0.358034,0.001577,-0.001638,-0.001777,0.009167,0.005687,0.003654,0.253065,-0.001520,0.008710,0.002619,0.036748,-0.001098,0.001279,0.672572,-0.025542,0.035304,0.090806,0.066972,0.021159,0.034627,-0.004904,0.018100,0.077976,0.005871,0.026897
-0.000705,0.001552,0.006411,0.001225,-0.008401,0.001979,-0.015514,-0.065962,0.005460,-0.005352,-0.008092,0.001268,0.000640,-0.000240,-0.003255,-0.020865,0.000259,0.000001,-0.000642,0.000746,-0.000596,0.000295,-0.023680,0.002558,0.000888,-0.000545,-0.001098,0.010701,0.000719,-0.023363,-0.005173,-0.000968,-0.001398,-0.006970,-0.006478,0.009084,0.002696,-0.004473,0.008840,-0.000217,0.003034
0.004454,-0.000632,0.030227,-0.000769,-0.010281,-0.001839,0.043164,0.116229,-0.008108,-0.005330,-0.015894,0.004684,0.022522,0.003383,0.006398,0.014295,0.000093,-0.000638,-0.000127,-0.000000,0.000856,0.003715,0.000975,0.015004,0.003087,0.000279,0.001279,0.000719,0.014542,-0.040208,0.002770,-0.001834,0.043576,-0.019293,-0.017727,0.069427,-0.005561,-0.009592,0.051280,-0.000438,0.022963
1.352231,1.145229,-0.693964,0.397755,7.769957,-0.879977,2.170990,2.656811,-1.144876,13.324183,10.133904,-4.532832,1.785542,1.127398,3.220089,31.074898,0.126751,0.003129,-0.001805,1.970000,-0.139501,-0.190618,-1.338608,-0.279453,-0.359620,-0.079089,0.672572,-0.023363,-0.040208,119.843544,3.438932,0.102439,1.947989,7.453888,1.478650,0.161610,2.064948,2.999354,1.388682,0.699790,-1.909463
-0.075563,-0.067954,-0.079346,0.026363,0.371066,0.010980,0.101053,-2.111697,0.440193,0.654637,0.604591,-0.200330,0.276229,0.548807,0.194086,1.226881,-0.009271,0.005256,0.001346,0.018908,-0.023894,-0.021160,-0.628391,0.009214,-0.060472,0.007781,-0.025542,-0.005173,0.002770,3.438932,2.355505,-0.121706,-0.108094,0.410842,0.106613,-0.023305,-0.171153,0.141938,0.193610,0.018396,-0.199682
0.065681,-0.111101,-0.029927,0.001041,-0.119664,0.043014,-0.186045,0.369938,0.025849,-0.112164,-0.136639,0.083337,0.015596,-0.044573,0.097507,0.018902,-0.001483,-0.001211,-0.001464,-0.016001,0.017565,0.001588,0.305590,-0.005678,0.015361,-0.006536,0.035304,-0.000968,-0.001834,0.102439,-0.121706,0.276309,0.015952,-0.129073,-0.039743,-0.012509,-0.048222,-0.039454,-0.002104,-0.003276,0.023930
0.184756,-0.171195,0.340818,0.033008,0.875895,0.055246,2.063224,4.324956,-0.127141,0.179596,0.904649,-0.057015,0.318134,-0.215828,0.346862,0.757326,0.011001,-0.012745,0.000991,0.113625,-0.002907,0.039181,1.259762,0.033559,0.157236,0.032669,0.090806,-0.001398,0.043576,1.947989,-0.108094,0.015952,1.425351,0.775831,0.189070,0.243023,0.025770,0.221160,0.385479,-0.019864,0.311740
0.091458,-0.118751,-0.030095,0.145092,3.261619,-0.145459,1.266158,1.138416,-0.387965,0.205514,5.239825,-0.070515,0.227162,-0.187946,0.288297,-0.182132,-0.000352,0.003645,0.030862,0.317452,-0.030196,0.016353,1.239913,-0.034420,-0.030754,0.132053,0.066972,-0.006970,-0.019293,7.453888,0.410842,-0.129073,0.775831,5.155696,0.601984,-0.001334,0.006761,1.833273,0.135661,-0.036426,-0.176603
0.043475,-0.002560,-0.109263,0.022920,0.545231,0.066892,0.320641,-1.675624,-0.077268,0.391459,0.785468,-0.281235,-0.030312,0.018337,0.089550,0.686497,0.005330,0.008189,0.013979,-0.024144,-0.027203,-0.028097,-0.223507,-0.024399,-0.033253,0.000187,0.021159,-0.006478,-0.017727,1.478650,0.106613,-0.039743,0.189070,0.601984,1.173020,-0.026701,0.188398,0.319581,-0.104854,-0.017264,-0.104407
0.109736,0.030533,0.236338,-0.002394,0.084856,0.041730,0.362709,0.694535,0.045680,-0.023084,0.064487,0.035779,0.248477,0.009072,0.159100,0.169424,0.005493,-0.004138,0.002378,0.004549,0.014001,0.032456,0.559370,0.090122,0.028445,-0.004652,0.034627,0.009084,0.069427,0.161610,-0.023305,-0.012509,0.243023,-0.001334,-0.026701,0.675986,-0.026953,-0.017882,0.562167,-0.003257,0.194449
0.031711,0.192431,0.018125,0.004769,0.056592,0.066530,-0.105168,-0.952552,-0.107778,0.260667,0.052178,-0.161738,-0.051412,-0.031451,-0.053099,0.310648,0.016808,0.005627,0.002731,0.052061,0.025860,-0.017531,-0.101356,-0.010236,0.009369,-0.015204,-0.004904,0.002696,-0.005561,2.064948,-0.171153,-0.048222,0.025770,0.006761,0.188398,-0.026953,0.286356,0.049914,-0.059868,0.002784,0.124822
0.010098,-0.050081,0.001667,0.076986,1.389602,-0.003871,0.366547,-0.288503,-0.141581,0.045328,2.053191,-0.063494,0.061607,-0.052820,0.073002,-0.063513,0.000248,0.003402,0.014795,0.124307,-0.014546,0.000401,0.562393,-0.017288,-0.012798,0.037568,0.018100,-0.004473,-0.009592,2.999354,0.141938,-0.039454,0.221160,1.833273,0.319581,-0.017882,0.049914,0.848393,0.016269,-0.015765,-0.106104
0.194483,0.025960,0.298953,0.002898,0.272734,0.098096,0.703373,2.071990,0.083472,0.138415,0.296933,-0.024789,0.434550,0.011223,0.372047,0.812214,0.008176,-0.008444,-0.002233,0.015796,0.018779,0.042285,1.504300,0.093138,0.062047,0.019618,0.077976,0.008840,0.051280,1.388682,0.193610,-0.002104,0.385479,0.135661,-0.104854,0.562167,-0.059868,0.016269,0.904219,0.003182,0.248107
0.010121,0.005210,-0.002951,-0.000563,-0.019811,-0.003966,0.010160,0.109868,0.006911,0.097970,-0.018991,-0.031352,0.012724,0.005295,0.021575,0.329669,0.000474,-0.000477,0.000800,0.002236,-0.000236,-0.000963,-0.031979,-0.003215,-0.004174,0.000513,0.005871,-0.000217,-0.000438,0.699790,0.018396,-0.003276,-0.019864,-0.036426,-0.017264,-0.003257,0.002784,-0.015765,0.003182,0.056511,-0.020060
0.107120,0.196388,0.328758,-0.009564,-0.065481,0.124900,0.271977,0.524632,-0.155300,-0.328014,-0.251848,0.062413,0.176983,-0.056503,0.090589,-0.621818,0.022437,0.002879,0.004887,0.005694,0.083922,0.015831,0.546934,0.039147,0.142931,-0.008535,0.026897,0.003034,0.022963,-1.909463,-0.199682,0.023930,0.311740,-0.176603,-0.104407,0.194449,0.124822,-0.106104,0.248107,-0.020060,1.117075
