0.013111,0.002362,0.002256,0.000786,0.001206,0.002572,0.005385,0.005905,0.002640,0.004269,0.001474,-0.000597,0.009721,-0.001599,0.009337,0.005613,0.003231,-0.001821,-0.000778,0.002002,0.001201,0.002203,0.000772,0.000528,0.006294,0.000541,0.011455,-0.000283,0.001174,0.004467,-0.000546,0.001868,0.004091,0.001186,0.000509,0.003642,0.001778,0.000495,0.006029,0.000691,0.001483
0.002362,0.006856,0.000008,-0.000433,-0.000899,0.000306,-0.002488,-0.002937,0.001327,0.002660,-0.000499,-0.000711,-0.000285,0.003339,0.000468,0.001491,0.003569,0.002325,-0.000458,0.001201,0.000586,-0.003196,-0.000609,-0.000113,-0.000483,-0.000417,0.000336,-0.000167,-0.000405,0.001486,-0.000924,-0.000972,-0.001096,-0.000899,0.000503,0.000397,0.004457,-0.000731,0.000321,-0.000099,0.001067
0.002256,0.000008,0.007917,-0.000515,-0.000155,0.000381,0.003418,0.002065,-0.000293,-0.000750,-0.000216,-0.000574,0.005155,-0.001102,0.001389,-0.000512,0.003109,-0.001874,0.000206,-0.000633,-0.000007,0.004340,-0.000209,0.005291,0.011339,-0.000389,0.001884,0.000072,0.005027,-0.001409,-0.000641,0.000593,0.005627,-0.000922,-0.001564,0.004057,0.000673,-0.000224,0.004943,-0.000385,0.001640
0.000786,-0.000433,-0.000515,0.007105,0.002827,0.000563,0.002246,-0.000191,0.000736,-0.000090,0.003015,0.000060,0.000997,-0.001205,0.000824,0.000046,0.000223,0.000840,0.000041,0.001201,0.000167,-0.000445,0.000655,-0.001186,0.002762,0.002567,0.000707,-0.000131,-0.000729,0.000101,0.000131,0.000124,0.001399,0.003835,0.001464,0.000683,-0.000009,0.005190,0.000596,-0.000130,0.000078
0.001206,-0.000899,-0.000155,0.002827,0.003513,0.000379,0.002665,0.000644,0.000097,0.000769,0.003404,-0.000359,0.002222,-0.000515,0.001579,0.000701,0.000094,-0.000256,0.000132,0.002584,-0.000037,0.000882,0.000467,-0.001163,0.000819,0.000912,0.001641,-0.000035,-0.000474,0.002531,0.000797,-0.000001,0.002045,0.005774,0.002056,0.000688,-0.000256,0.006305,0.001168,-0.000297,-0.000253
0.002572,0.000306,0.000381,0.000563,0.000379,0.002226,0.000395,-0.000431,0.001873,0.000019,0.000108,0.000014,0.000658,0.000130,0.001007,0.000702,0.000660,0.000023,-0.000074,0.000040,0.000284,-0.000351,0.000678,-0.000184,0.001449,0.000051,0.001832,-0.000011,-0.000076,-0.000141,-0.000337,0.000731,-0.000163,-0.000555,0.000658,0.000040,0.001124,-0.000311,0.000312,-0.000081,0.000011
0.005385,-0.002488,0.003418,0.002246,0.002665,0.000395,0.011776,0.007318,0.000046,0.001443,0.002357,-0.000087,0.007638,-0.003840,0.005048,0.002252,0.000796,-0.003287,-0.000502,0.002589,-0.000189,0.005784,0.001335,0.002403,0.008951,0.000851,0.006080,-0.000110,0.003014,0.002523,0.000065,-0.000285,0.009639,0.003515,0.000340,0.002911,-0.000991,0.002726,0.005377,-0.000072,0.000437
0.005905,-0.002937,0.002065,-0.000191,0.000644,-0.000431,0.007318,0.015127,-0.002688,-0.001616,0.000553,0.000641,0.007020,-0.006582,0.005080,0.000579,0.000238,-0.005654,-0.001010,0.001250,0.000899,0.008836,0.001216,0.002437,0.008082,0.001045,0.007108,0.000072,0.003028,-0.000115,-0.001826,0.000224,0.005644,0.000689,-0.005216,0.003133,-0.002566,-0.001107,0.005077,0.000413,0.000873
0.002640,0.001327,-0.000293,0.000736,0.000097,0.001873,0.000046,-0.002688,0.004184,0.001525,0.000074,0.000790,0.000921,0.002584,0.001397,0.001900,-0.000976,0.001101,-0.000236,0.000075,0.000012,-0.001989,-0.000135,-0.000109,-0.002425,-0.000297,0.001395,-0.000084,-0.000217,-0.000127,0.000899,0.000582,-0.001168,-0.000997,-0.000317,-0.000116,-0.000567,-0.000696,0.000112,0.000078,-0.000202
0.004269,0.002660,-0.000750,-0.000090,0.000769,0.000019,0.001443,-0.001616,0.001525,0.016017,0.001064,-0.004940,0.004823,0.005397,0.003917,0.010943,0.002808,0.000414,-0.000390,0.004415,-0.000451,-0.004605,-0.000439,-0.002186,-0.004197,-0.000569,0.003506,-0.000092,-0.001257,0.015196,0.003059,-0.000160,0.001256,0.001194,0.003655,-0.000088,0.005867,0.000482,0.001597,0.001999,-0.000968
0.001474,-0.000499,-0.000216,0.003015,0.003404,0.000108,0.002357,0.000553,0.000074,0.001064,0.003990,-0.000239,0.002332,-0.000632,0.001766,0.000970,0.000110,-0.000026,0.000289,0.002941,-0.000141,0.000861,0.000031,-0.000759,0.000956,0.000773,0.001899,0.000017,-0.000241,0.002952,0.000752,0.000056,0.002063,0.006886,0.002020,0.000602,-0.000183,0.006957,0.001176,-0.000341,-0.000268
-0.000597,-0.000711,-0.000574,0.000060,-0.000359,0.000014,-0.000087,0.000641,0.000790,-0.004940,-0.000239,0.005095,-0.001425,-0.001103,-0.000711,-0.002845,-0.002777,-0.000487,-0.000193,-0.000858,-0.000139,0.002136,0.000070,0.000634,-0.000475,0.000089,-0.000338,0.000112,0.000295,-0.004895,-0.001357,-0.000141,-0.000318,-0.000295,-0.003418,-0.000104,-0.004147,-0.000537,-0.000394,-0.000888,-0.000892
0.009721,-0.000285,0.005155,0.000997,0.002222,0.000658,0.007638,0.007020,0.000921,0.004823,0.002332,-0.001425,0.016247,0.003120,0.009353,0.005231,0.001917,-0.003411,-0.000761,0.001908,0.000657,0.006059,0.000862,0.007244,0.008267,0.000512,0.009507,0.000587,0.006117,0.005620,0.005092,0.000764,0.007791,0.003238,-0.001353,0.007938,-0.002089,0.001957,0.011325,0.000936,0.002230
-0.001599,0.003339,-0.001102,-0.001205,-0.000515,0.000130,-0.003840,-0.006582,0.002584,0.005397,-0.000632,-0.001103,0.003120,0.018604,0.000410,0.002452,-0.001362,0.002387,0.000193,0.000251,-0.000170,-0.004297,-0.001084,-0.001455,-0.003683,-0.001572,-0.002583,-0.000173,-0.000852,0.004012,0.008312,-0.001076,-0.002422,-0.001510,-0.000597,-0.001006,-0.000513,-0.001570,0.000026,0.000910,-0.000549
0.009337,0.000468,0.001389,0.000824,0.001579,0.001007,0.005048,0.005080,0.001397,0.003917,0.001766,-0.000711,0.009353,0.000410,0.008501,0.004663,0.001117,-0.001732,-0.000768,0.001668,0.000586,0.001981,0.000525,-0.000306,0.003594,0.000462,0.008964,-0.000171,0.000541,0.004524,0.001970,0.001065,0.003882,0.002392,0.000302,0.002732,-0.000831,0.001533,0.005172,0.000736,0.000928
0.005613,0.001491,-0.000512,0.000046,0.000701,0.000702,0.002252,0.000579,0.001900,0.010943,0.000970,-0.002845,0.005231,0.002452,0.004663,0.009401,0.000932,-0.000358,-0.000429,0.002998,-0.000281,-0.001852,-0.000079,-0.001110,-0.003404,-0.000229,0.005082,-0.000383,-0.000320,0.011013,0.001647,0.000636,0.001239,0.001035,0.001573,0.000369,0.002396,0.000277,0.002039,0.002014,-0.000731
0.003231,0.003569,0.003109,0.000223,0.000094,0.000660,0.000796,0.000238,-0.000976,0.002808,0.000110,-0.002777,0.001917,-0.001362,0.001117,0.000932,0.010935,0.001082,0.000332,0.002437,0.002529,-0.001890,0.000136,0.000727,0.010548,-0.000415,0.001818,0.000134,-0.000210,0.003945,-0.001790,0.000378,0.002227,-0.000347,0.002481,0.001839,0.009759,0.000483,0.002009,0.000193,0.002706
-0.001821,0.002325,-0.001874,0.000840,-0.000256,0.000023,-0.003287,-0.005654,0.001101,0.000414,-0.000026,-0.000487,-0.003411,0.002387,-0.001732,-0.000358,0.001082,0.003956,0.000755,0.000249,0.000024,-0.005175,-0.000960,-0.001887,-0.004667,-0.000398,-0.002466,-0.000334,-0.001826,-0.000020,0.000716,-0.000111,-0.002876,0.000294,0.003438,-0.002098,0.002606,0.001312,-0.002899,-0.000161,0.000381
-0.000778,-0.000458,0.000206,0.000041,0.000132,-0.000074,-0.000502,-0.001010,-0.000236,-0.000390,0.000289,-0.000193,-0.000761,0.000193,-0.000768,-0.000429,0.000332,0.000755,0.003359,0.000291,0.000030,-0.000298,-0.000865,0.000089,0.001675,-0.000254,-0.000785,-0.000742,-0.000017,0.000027,0.000026,-0.000113,-0.000082,0.001480,0.001641,-0.000478,0.000733,0.002003,-0.000656,-0.000069,0.000078
0.002002,0.001201,-0.000633,0.001201,0.002584,0.000040,0.002589,0.001250,0.000075,0.004415,0.002941,-0.000858,0.001908,0.000251,0.001668,0.002998,0.002437,0.000249,0.000291,0.010857,0.000269,-0.000498,-0.000006,-0.001125,0.003884,-0.000190,0.002498,-0.000119,-0.000645,0.009435,-0.000006,0.000118,0.003049,0.005374,-0.001172,0.000015,0.004085,0.005713,0.000992,-0.000235,0.000056
0.001201,0.000586,-0.000007,0.000167,-0.000037,0.000284,-0.000189,0.000899,0.000012,-0.000451,-0.000141,-0.000139,0.000657,-0.000170,0.000586,-0.000281,0.002529,0.000024,0.000030,0.000269,0.002995,-0.001171,-0.000126,0.000423,0.000102,0.000049,0.000734,-0.000066,-0.000221,-0.000331,-0.000314,0.000281,-0.000309,-0.000134,-0.000532,0.000332,0.001376,-0.000199,0.000288,0.000107,0.001212
0.002203,-0.003196,0.004340,-0.000445,0.000882,-0.000351,0.005784,0.008836,-0.001989,-0.004605,0.000861,0.002136,0.006059,-0.004297,0.001981,-0.001852,-0.001890,-0.005175,-0.000298,-0.000498,-0.001171,0.011447,0.001007,0.005903,0.009607,0.000722,0.003367,0.000439,0.004952,-0.002800,-0.001304,0.000101,0.005564,0.001423,-0.005016,0.005588,-0.005376,0.000368,0.006705,-0.000363,0.000196
0.000772,-0.000609,-0.000209,0.000655,0.000467,0.000678,0.001335,0.001216,-0.000135,-0.000439,0.000031,0.000070,0.000862,-0.001084,0.000525,-0.000079,0.000136,-0.000960,-0.000865,-0.000006,-0.000126,0.001007,0.001762,-0.000302,0.002490,0.000599,0.001110,0.000057,0.000462,-0.000239,-0.000447,0.000237,0.000812,-0.000327,-0.000457,0.000661,-0.000120,-0.000812,0.000878,0.000031,0.000205
0.000528,-0.000113,0.005291,-0.001186,-0.001163,-0.000184,0.002403,0.002437,-0.000109,-0.002186,-0.000759,0.000634,0.007244,-0.001455,-0.000306,-0.001110,0.000727,-0.001887,0.000089,-0.001125,0.000423,0.005903,-0.000302,0.027296,-0.002369,-0.000486,0.000647,0.001444,0.018260,-0.002046,0.000048,-0.000420,0.004962,-0.001597,-0.003149,0.010692,-0.000890,-0.001231,0.011137,-0.000312,0.001789
0.006294,-0.000483,0.011339,0.002762,0.000819,0.001449,0.008951,0.008082,-0.002425,-0.004197,0.000956,-0.000475,0.008267,-0.003683,0.003594,-0.003404,0.010548,-0.004667,0.001675,0.003884,0.000102,0.009607,0.002490,-0.002369,0.089094,0.000336,0.006109,0.001399,-0.001608,-0.002016,-0.004308,0.001976,0.012316,-0.000326,-0.005806,0.005144,0.006406,-0.000719,0.006336,-0.001662,0.008364
0.000541,-0.000417,-0.000389,0.002567,0.000912,0.000051,0.000851,0.001045,-0.000297,-0.000569,0.000773,0.000089,0.000512,-0.001572,0.000462,-0.000229,-0.000415,-0.000398,-0.000254,-0.000190,0.000049,0.000722,0.000599,-0.000486,0.000336,0.003064,0.000042,-0.000017,-0.000234,-0.000696,-0.000127,0.000031,0.000546,0.001937,-0.000000,0.000396,-0.000933,0.000851,0.000487,-0.000104,0.000011
0.011455,0.000336,0.001884,0.000707,0.001641,0.001832,0.006080,0.007108,0.001395,0.003506,0.001899,-0.000338,0.009507,-0.002583,0.008964,0.005082,0.001818,-0.002466,-0.000785,0.002498,0.000734,0.003367,0.001110,0.000647,0.006109,0.000042,0.011646,-0.000380,0.001606,0.004573,-0.000637,0.002167,0.004695,0.002160,0.000143,0.003526,0.000060,0.001563,0.005903,0.000567,0.001068
-0.000283,-0.000167,0.000072,-0.000131,-0.000035,-0.000011,-0.000110,0.000072,-0.000084,-0.000092,0.000017,0.000112,0.000587,-0.000173,-0.000171,-0.000383,0.000134,-0.000334,-0.000742,-0.000119,-0.000066,0.000439,0.000057,0.001444,0.001399,-0.000017,-0.000380,0.002482,-0.000498,-0.000314,0.000091,0.000088,0.000100,-0.000080,-0.000643,0.000890,-0.000250,-0.000538,0.000857,0.000035,0.000260
0.001174,-0.000405,0.005027,-0.000729,-0.000474,-0.000076,0.003014,0.003028,-0.000217,-0.001257,-0.000241,0.000295,0.006117,-0.000852,0.000541,-0.000320,-0.000210,-0.001826,-0.000017,-0.000645,-0.000221,0.004952,0.000462,0.018260,-0.001608,-0.000234,0.001606,-0.000498,0.016497,-0.001217,0.000638,-0.000370,0.005320,-0.000696,-0.001578,0.006591,-0.001236,-0.000024,0.007236,-0.000236,0.001376
0.004467,0.001486,-0.001409,0.000101,0.002531,-0.000141,0.002523,-0.000115,-0.000127,0.015196,0.002952,-0.004895,0.005620,0.004012,0.004524,0.011013,0.003945,-0.000020,0.000027,0.009435,-0.000331,-0.002800,-0.000239,-0.002046,-0.002016,-0.000696,0.004573,-0.000314,-0.001217,0.021803,0.002813,0.000769,0.002913,0.005043,0.003463,0.000587,0.007362,0.005019,0.002668,0.002142,-0.001368
-0.000546,-0.000924,-0.000641,0.000131,0.000797,-0.000337,0.000065,-0.001826,0.000899,0.003059,0.000752,-0.001357,0.005092,0.008312,0.001970,0.001647,-0.001790,0.000716,0.000026,-0.000006,-0.000314,-0.001304,-0.000447,0.000048,-0.004308,-0.000127,-0.000637,0.000091,0.000638,0.002813,0.009047,-0.000612,0.000008,0.001815,0.000699,0.000090,-0.002617,0.000999,0.001553,0.000320,-0.000099
0.001868,-0.000972,0.000593,0.000124,-0.000001,0.000731,-0.000285,0.000224,0.000582,-0.000160,0.000056,-0.000141,0.000764,-0.001076,0.001065,0.000636,0.000378,-0.000111,-0.000113,0.000118,0.000281,0.000101,0.000237,-0.000420,0.001976,0.000031,0.002167,0.000088,-0.000370,0.000769,-0.000612,0.003574,-0.000594,-0.000096,-0.000136,0.000200,-0.000513,0.000233,0.000436,0.000031,0.000148
0.004091,-0.001096,0.005627,0.001399,0.002045,-0.000163,0.009639,0.005644,-0.001168,0.001256,0.002063,-0.000318,0.007791,-0.002422,0.003882,0.001239,0.002227,-0.002876,-0.000082,0.003049,-0.000309,0.005564,0.000812,0.004962,0.012316,0.000546,0.004695,0.000100,0.005320,0.002913,0.000008,-0.000594,0.011575,0.003561,0.001432,0.003607,0.000491,0.002959,0.005902,-0.000735,0.001106
0.001186,-0.000899,-0.000922,0.003835,0.005774,-0.000555,0.003515,0.000689,-0.000997,0.001194,0.006886,-0.000295,0.003238,-0.001510,0.002392,0.001035,-0.000347,0.000294,0.001480,0.005374,-0.000134,0.001423,-0.000327,-0.001597,-0.000326,0.001937,0.002160,-0.000080,-0.000696,0.005043,0.001815,-0.000096,0.003561,0.014657,0.003736,0.000087,-0.000912,0.012812,0.001222,-0.000865,-0.000416
0.000509,0.000503,-0.001564,0.001464,0.002056,0.000658,0.000340,-0.005216,-0.000317,0.003655,0.002020,-0.003418,-0.001353,-0.000597,0.000302,0.001573,0.002481,0.003438,0.001641,-0.001172,-0.000532,-0.005016,-0.000457,-0.003149,-0.005806,-0.000000,0.000143,-0.000643,-0.001578,0.003463,0.000699,-0.000136,0.001432,0.003736,0.019066,-0.001600,0.006751,0.006297,-0.001744,-0.000890,-0.000291
0.003642,0.000397,0.004057,0.000683,0.000688,0.000040,0.002911,0.003133,-0.000116,-0.000088,0.000602,-0.000104,0.007938,-0.001006,0.002732,0.000369,0.001839,-0.002098,-0.000478,0.000015,0.000332,0.005588,0.000661,0.010692,0.005144,0.000396,0.003526,0.000890,0.006591,0.000587,0.000090,0.000200,0.003607,0.000087,-0.001600,0.010076,-0.000383,0.000411,0.010095,-0.000013,0.001608
0.001778,0.004457,0.000673,-0.000009,-0.000256,0.001124,-0.000991,-0.002566,-0.000567,0.005867,-0.000183,-0.004147,-0.002089,-0.000513,-0.000831,0.002396,0.009759,0.002606,0.000733,0.004085,0.001376,-0.005376,-0.000120,-0.000890,0.006406,-0.000933,0.000060,-0.000250,-0.001236,0.007362,-0.002617,-0.000513,0.000491,-0.000912,0.006751,-0.000383,0.013937,0.000821,-0.000617,0.000188,0.001296
0.000495,-0.000731,-0.000224,0.005190,0.006305,-0.000311,0.002726,-0.001107,-0.000696,0.000482,0.006957,-0.000537,0.001957,-0.001570,0.001533,0.000277,0.000483,0.001312,0.002003,0.005713,-0.000199,0.000368,-0.000812,-0.001231,-0.000719,0.000851,0.001563,-0.000538,-0.000024,0.005019,0.000999,0.000233,0.002959,0.012812,0.006297,0.000411,0.000821,0.015908,0.000858,-0.000937,-0.000549
0.006029,0.000321,0.004943,0.000596,0.001168,0.000312,0.005377,0.005077,0.000112,0.001597,0.001176,-0.000394,0.011325,0.000026,0.005172,0.002039,0.002009,-0.002899,-0.000656,0.000992,0.000288,0.006705,0.000878,0.011137,0.006336,0.000487,0.005903,0.000857,0.007236,0.002668,0.001553,0.000436,0.005902,0.001222,-0.001744,0.010095,-0.000617,0.000858,0.011952,0.000183,0.001557
0.000691,-0.000099,-0.000385,-0.000130,-0.000297,-0.000081,-0.000072,0.000413,0.000078,0.001999,-0.000341,-0.000888,0.000936,0.000910,0.000736,0.002014,0.000193,-0.000161,-0.000069,-0.000235,0.000107,-0.000363,0.000031,-0.000312,-0.001662,-0.000104,0.000567,0.000035,-0.000236,0.002142,0.000320,0.000031,-0.000735,-0.000865,-0.000890,-0.000013,0.000188,-0.000937,0.000183,0.003060,-0.000082
0.001483,0.001067,0.001640,0.000078,-0.000253,0.000011,0.000437,0.000873,-0.000202,-0.000968,-0.000268,-0.000892,0.002230,-0.000549,0.000928,-0.000731,0.002706,0.000381,0.000078,0.000056,0.001212,0.000196,0.000205,0.001789,0.008364,0.000011,0.001068,0.000260,0.001376,-0.001368,-0.000099,0.000148,0.001106,-0.000416,-0.000291,0.001608,0.001296,-0.000549,0.001557,-0.000082,0.002864
