0.010784,0.001613,0.001629,0.000729,0.001108,0.001809,0.005310,0.005515,0.002654,0.004189,0.001155,-0.001266,0.008097,-0.001987,0.008686,0.004542,0.001942,-0.002258,-0.000474,0.001239,-0.000034,0.003369,0.000385,-0.000102,0.005555,0.000176,0.009962,-0.000047,0.000421,0.003867,0.000090,0.001608,0.004169,0.000747,0.000589,0.003251,0.000255,0.000869,0.005924,0.000445,0.001488
0.001613,0.006307,0.000196,-0.000852,-0.000581,0.000176,-0.002450,-0.002327,0.000435,0.002511,-0.000136,-0.000937,0.000151,0.004296,0.000739,0.000811,0.003610,0.002647,-0.000171,0.000707,0.000141,-0.002510,-0.000879,-0.001326,0.001063,-0.000330,-0.000058,-0.000116,-0.000266,0.001312,-0.000181,-0.000800,-0.000823,-0.000698,0.000165,0.000189,0.003660,0.000210,0.000110,-0.000243,0.001432
0.001629,0.000196,0.008006,-0.000467,-0.000262,-0.000159,0.001902,0.000533,-0.000677,-0.000538,0.000002,-0.000087,0.004392,-0.001750,0.001295,0.000419,0.003772,-0.001958,0.000304,-0.000694,0.000018,0.004346,-0.001057,0.004415,0.010562,-0.000269,0.001514,0.000008,0.002789,-0.000499,-0.000546,0.000907,0.004166,-0.000946,-0.001934,0.004412,0.000423,-0.000497,0.005364,-0.000663,0.002427
0.000729,-0.000852,-0.000467,0.008296,0.003388,0.000645,0.003399,0.000605,0.000745,0.000450,0.002465,-0.000192,0.001670,-0.001717,0.001067,0.000411,0.000074,0.000377,0.000301,0.001049,-0.000098,0.000319,0.000428,-0.000178,0.002240,0.003503,0.000812,0.000029,-0.000103,0.000377,0.000859,-0.000450,0.002161,0.003438,0.000746,-0.000236,-0.000059,0.005405,0.000756,-0.000255,-0.000270
0.001108,-0.000581,-0.000262,0.003388,0.003187,0.000332,0.002681,0.001103,0.000463,0.000700,0.002744,-0.000565,0.002040,-0.001007,0.001570,0.000690,-0.000089,0.000082,0.000036,0.001356,-0.000144,0.000588,0.000308,-0.000136,0.000888,0.000446,0.001920,-0.000050,-0.000320,0.001415,0.000967,-0.000302,0.002026,0.003777,0.002435,0.000234,-0.000232,0.005540,0.001166,-0.000313,-0.000290
0.001809,0.000176,-0.000159,0.000645,0.000332,0.002598,0.000799,-0.000460,0.003270,0.000361,0.000163,-0.000616,0.001117,0.000078,0.001245,0.000746,0.000621,0.000065,-0.000052,0.000080,0.000574,-0.000314,0.000020,-0.000001,0.001015,0.000037,0.001417,-0.000011,-0.000079,-0.000443,0.000109,0.000334,0.000110,0.000126,0.000335,-0.000190,0.001123,-0.000057,0.000289,-0.000124,0.000428
0.005310,-0.002450,0.001902,0.003399,0.002681,0.000799,0.012545,0.008371,0.001585,0.001972,0.001706,-0.000364,0.007698,-0.005276,0.005475,0.003289,0.000444,-0.003756,-0.000280,0.001556,0.000059,0.005319,0.001227,0.001131,0.006472,0.001121,0.006846,-0.000099,0.001651,0.001728,0.000857,-0.000588,0.009453,0.002843,0.002078,0.002968,-0.001724,0.001631,0.005702,-0.000364,0.000397
0.005515,-0.002327,0.000533,0.000605,0.001103,-0.000460,0.008371,0.015598,-0.001755,-0.001583,0.000307,0.000736,0.005954,-0.007100,0.005245,0.000635,-0.000969,-0.006058,-0.001080,0.000851,0.000506,0.008460,0.001991,0.000518,0.006596,0.000714,0.007416,0.000072,0.001616,-0.000632,-0.001375,0.000560,0.005837,0.001189,-0.002343,0.002391,-0.003638,-0.001556,0.004974,0.000027,0.000555
0.002654,0.000435,-0.000677,0.000745,0.000463,0.003270,0.001585,-0.001755,0.005948,0.001612,0.000284,-0.000691,0.002035,0.002893,0.002122,0.002036,-0.001213,0.000668,-0.000389,0.000218,-0.000039,-0.001196,-0.000065,0.000088,-0.001824,-0.000233,0.001858,0.000022,-0.000165,-0.000266,0.001691,0.000299,-0.000510,-0.000437,-0.000275,-0.000055,-0.000367,-0.000428,0.000279,0.000224,-0.000115
0.004189,0.002511,-0.000538,0.000450,0.000700,0.000361,0.001972,-0.001583,0.001612,0.015140,0.001148,-0.005019,0.004853,0.005027,0.004214,0.009557,0.003724,0.000631,-0.000082,0.003250,-0.000449,-0.004990,-0.000465,-0.002019,-0.001471,-0.000414,0.003500,-0.000108,-0.000548,0.012620,0.003999,-0.000444,0.002155,0.000910,0.003147,-0.000104,0.005838,0.000527,0.001623,0.002417,-0.000736
0.001155,-0.000136,0.000002,0.002465,0.002744,0.000163,0.001706,0.000307,0.000284,0.001148,0.003471,-0.000371,0.001771,-0.000719,0.001475,0.000908,-0.000272,0.000160,0.000147,0.001185,-0.000110,0.000291,-0.000061,-0.000006,0.000676,0.000523,0.001864,-0.000025,-0.000163,0.001923,0.000876,-0.000312,0.001643,0.003740,0.002048,0.000056,-0.000340,0.005582,0.000990,-0.000295,-0.000337
-0.001266,-0.000937,-0.000087,-0.000192,-0.000565,-0.000616,-0.000364,0.000736,-0.000691,-0.005019,-0.000371,0.005236,-0.001842,-0.001646,-0.001398,-0.003306,-0.003106,-0.000437,0.000154,-0.000388,-0.000034,0.002390,0.000236,0.001088,0.000689,0.000149,-0.001105,0.000060,0.000678,-0.004813,-0.001830,0.000068,-0.000285,-0.000529,-0.003817,0.000381,-0.004090,-0.000877,-0.000396,-0.001214,-0.000792
0.008097,0.000151,0.004392,0.001670,0.002040,0.001117,0.007698,0.005954,0.002035,0.004853,0.001771,-0.001842,0.014400,0.001674,0.008770,0.005178,0.001854,-0.002723,-0.000514,0.000773,0.000522,0.005749,0.000463,0.005344,0.007898,0.000328,0.008275,0.000264,0.004409,0.003961,0.005317,0.000571,0.006449,0.001738,-0.000930,0.007022,-0.002029,0.001266,0.011167,0.000672,0.002785
-0.001987,0.004296,-0.001750,-0.001717,-0.001007,0.000078,-0.005276,-0.007100,0.002893,0.005027,-0.000719,-0.001646,0.001674,0.024890,0.000179,0.001959,-0.002389,0.004064,0.000478,-0.000444,-0.000397,-0.005739,-0.001224,-0.001714,-0.003926,-0.001324,-0.003899,-0.000700,-0.000469,0.003516,0.011728,-0.001064,-0.004391,-0.002028,0.000612,-0.001639,-0.001175,-0.001002,-0.000688,0.001663,-0.000467
0.008686,0.000739,0.001295,0.001067,0.001570,0.001245,0.005475,0.005245,0.002122,0.004214,0.001475,-0.001398,0.008770,0.000179,0.008938,0.004484,0.001069,-0.002088,-0.000482,0.001135,0.000486,0.002785,0.000683,0.000069,0.004401,0.000264,0.008968,0.000020,0.000568,0.004265,0.002349,0.001166,0.004080,0.001659,0.000789,0.002811,-0.001281,0.001350,0.005977,0.000608,0.001414
0.004542,0.000811,0.000419,0.000411,0.000690,0.000746,0.003289,0.000635,0.002036,0.009557,0.000908,-0.003306,0.005178,0.001959,0.004484,0.008302,0.001416,-0.000758,-0.000292,0.001693,-0.000417,-0.001279,-0.000095,-0.000687,-0.002522,-0.000277,0.004425,-0.000158,0.000268,0.008763,0.002601,0.000264,0.002118,0.000423,0.001419,0.000638,0.001812,0.000118,0.002427,0.002581,-0.000409
0.001942,0.003610,0.003772,0.000074,-0.000089,0.000621,0.000444,-0.000969,-0.001213,0.003724,-0.000272,-0.003106,0.001854,-0.002389,0.001069,0.001416,0.011207,0.000723,0.000254,0.001458,0.002433,-0.001510,-0.000330,-0.000499,0.010273,-0.000096,0.001228,0.000460,0.000159,0.003573,-0.002106,-0.000353,0.003116,0.000064,0.001660,0.001710,0.009841,0.000046,0.002542,0.000118,0.003951
-0.002258,0.002647,-0.001958,0.000377,0.000082,0.000065,-0.003756,-0.006058,0.000668,0.000631,0.000160,-0.000437,-0.002723,0.004064,-0.002088,-0.000758,0.000723,0.004545,0.000581,-0.000007,-0.000364,-0.005473,-0.000761,-0.001369,-0.004479,-0.000012,-0.003317,-0.000075,-0.001154,-0.000343,0.000805,-0.000465,-0.003148,0.000538,0.001995,-0.002249,0.002221,0.001766,-0.003158,-0.000138,0.000330
-0.000474,-0.000171,0.000304,0.000301,0.000036,-0.000052,-0.000280,-0.001080,-0.000389,-0.000082,0.000147,0.000154,-0.000514,0.000478,-0.000482,-0.000292,0.000254,0.000581,0.003085,0.000252,-0.000003,-0.000521,-0.000681,0.000007,-0.000161,-0.000083,-0.000700,-0.000409,0.000041,0.000149,0.000030,-0.000374,0.000271,0.000030,0.000779,-0.000261,0.000473,0.001167,-0.000283,-0.000717,-0.000110
0.001239,0.000707,-0.000694,0.001049,0.001356,0.000080,0.001556,0.000851,0.000218,0.003250,0.001185,-0.000388,0.000773,-0.000444,0.001135,0.001693,0.001458,-0.000007,0.000252,0.006891,-0.000192,-0.000415,0.000010,-0.001022,0.003494,-0.000258,0.001528,-0.000155,-0.001056,0.006260,0.000356,-0.000410,0.002862,0.001877,-0.000793,-0.000444,0.002519,0.003102,0.000466,-0.000067,-0.000375
-0.000034,0.000141,0.000018,-0.000098,-0.000144,0.000574,0.000059,0.000506,-0.000039,-0.000449,-0.000110,-0.000034,0.000522,-0.000397,0.000486,-0.000417,0.002433,-0.000364,-0.000003,-0.000192,0.003165,-0.000704,0.000263,-0.000247,0.001616,0.000067,0.000362,-0.000037,-0.000359,-0.000731,-0.000342,-0.000008,-0.000234,-0.000329,-0.000083,-0.000003,0.001293,-0.000574,0.000411,0.000214,0.001452
0.003369,-0.002510,0.004346,0.000319,0.000588,-0.000314,0.005319,0.008460,-0.001196,-0.004990,0.000291,0.002390,0.005749,-0.005739,0.002785,-0.001279,-0.001510,-0.005473,-0.000521,-0.000415,-0.000704,0.011940,0.000897,0.005689,0.007341,0.000463,0.004268,0.000479,0.003390,-0.002387,-0.001139,0.000549,0.004714,0.000539,-0.003335,0.007110,-0.005134,-0.000628,0.008040,-0.000923,0.000530
0.000385,-0.000879,-0.001057,0.000428,0.000308,0.000020,0.001227,0.001991,-0.000065,-0.000465,-0.000061,0.000236,0.000463,-0.001224,0.000683,-0.000095,-0.000330,-0.000761,-0.000681,0.000010,0.000263,0.000897,0.001620,-0.000397,0.001971,0.000453,0.000817,0.000050,0.000159,-0.000148,-0.000287,0.000181,0.000376,0.000525,-0.000463,0.000530,-0.000572,-0.000510,0.000538,0.000055,-0.000041
-0.000102,-0.001326,0.004415,-0.000178,-0.000136,-0.000001,0.001131,0.000518,0.000088,-0.002019,-0.000006,0.001088,0.005344,-0.001714,0.000069,-0.000687,-0.000499,-0.001369,0.000007,-0.001022,-0.000247,0.005689,-0.000397,0.021193,0.000167,-0.000245,0.000378,0.000921,0.010968,-0.001726,-0.000144,-0.000174,0.000104,-0.000369,-0.002025,0.008458,-0.001690,-0.000600,0.009617,-0.000590,0.001419
0.005555,0.001063,0.010562,0.002240,0.000888,0.001015,0.006472,0.006596,-0.001824,-0.001471,0.000676,0.000689,0.007898,-0.003926,0.004401,-0.002522,0.010273,-0.004479,-0.000161,0.003494,0.001616,0.007341,0.001971,0.000167,0.084099,0.000935,0.005525,0.000549,-0.000838,-0.000191,-0.002919,0.002022,0.011636,0.000175,-0.004319,0.004160,0.004254,-0.000795,0.008668,-0.001850,0.008401
0.000176,-0.000330,-0.000269,0.003503,0.000446,0.000037,0.001121,0.000714,-0.000233,-0.000414,0.000523,0.000149,0.000328,-0.001324,0.000264,-0.000277,-0.000096,-0.000012,-0.000083,-0.000258,0.000067,0.000463,0.000453,-0.000245,0.000935,0.002920,-0.000154,-0.000022,-0.000084,-0.000796,-0.000043,-0.000126,0.000466,0.001242,-0.000155,0.000028,-0.000324,0.000688,0.000288,-0.000092,0.000024
0.009962,-0.000058,0.001514,0.000812,0.001920,0.001417,0.006846,0.007416,0.001858,0.003500,0.001864,-0.001105,0.008275,-0.003899,0.008968,0.004425,0.001228,-0.003317,-0.000700,0.001528,0.000362,0.004268,0.000817,0.000378,0.005525,-0.000154,0.010945,-0.000201,0.001075,0.004086,-0.000134,0.001699,0.005333,0.001682,0.001546,0.003274,-0.001043,0.002025,0.006219,0.000677,0.001157
-0.000047,-0.000116,0.000008,0.000029,-0.000050,-0.000011,-0.000099,0.000072,0.000022,-0.000108,-0.000025,0.000060,0.000264,-0.000700,0.000020,-0.000158,0.000460,-0.000075,-0.000409,-0.000155,-0.000037,0.000479,0.000050,0.000921,0.000549,-0.000022,-0.000201,0.003125,0.000282,-0.000054,-0.000249,0.000006,0.000094,0.000135,-0.000349,0.000825,0.000417,-0.000281,0.000640,0.000115,0.000251
0.000421,-0.000266,0.002789,-0.000103,-0.000320,-0.000079,0.001651,0.001616,-0.000165,-0.000548,-0.000163,0.000678,0.004409,-0.000469,0.000568,0.000268,0.000159,-0.001154,0.000041,-0.001056,-0.000359,0.003390,0.000159,0.010968,-0.000838,-0.000084,0.001075,0.000282,0.013055,-0.000638,0.000727,-0.000144,0.002585,-0.000672,-0.001986,0.005071,-0.001668,-0.001067,0.005408,-0.000596,0.001250
0.003867,0.001312,-0.000499,0.000377,0.001415,-0.000443,0.001728,-0.000632,-0.000266,0.012620,0.001923,-0.004813,0.003961,0.003516,0.004265,0.008763,0.003573,-0.000343,0.000149,0.006260,-0.000731,-0.002387,-0.000148,-0.001726,-0.000191,-0.000796,0.004086,-0.000054,-0.000638,0.017725,0.003394,0.000327,0.002847,0.002718,0.002340,0.000299,0.005742,0.003092,0.001991,0.002779,-0.001179
0.000090,-0.000181,-0.000546,0.000859,0.000967,0.000109,0.000857,-0.001375,0.001691,0.003999,0.000876,-0.001830,0.005317,0.011728,0.002349,0.002601,-0.002106,0.000805,0.000030,0.000356,-0.000342,-0.001139,-0.000287,-0.000144,-0.002919,-0.000043,-0.000134,-0.000249,0.000727,0.003394,0.009158,-0.000698,0.000361,0.001185,-0.000328,0.000184,-0.002665,0.000937,0.002308,0.000983,-0.000156
0.001608,-0.000800,0.000907,-0.000450,-0.000302,0.000334,-0.000588,0.000560,0.000299,-0.000444,-0.000312,0.000068,0.000571,-0.001064,0.001166,0.000264,-0.000353,-0.000465,-0.000374,-0.000410,-0.000008,0.000549,0.000181,-0.000174,0.002022,-0.000126,0.001699,0.000006,-0.000144,0.000327,-0.000698,0.002749,-0.000717,-0.000639,-0.000463,0.000123,-0.000770,-0.000568,0.000218,-0.000021,0.000304
0.004169,-0.000823,0.004166,0.002161,0.002026,0.000110,0.009453,0.005837,-0.000510,0.002155,0.001643,-0.000285,0.006449,-0.004391,0.004080,0.002118,0.003116,-0.003148,0.000271,0.002862,-0.000234,0.004714,0.000376,0.000104,0.011636,0.000466,0.005333,0.000094,0.002585,0.002847,0.000361,-0.000717,0.011305,0.002668,0.002139,0.003216,0.000679,0.002335,0.005558,-0.001295,0.001146
0.000747,-0.000698,-0.000946,0.003438,0.003777,0.000126,0.002843,0.001189,-0.000437,0.000910,0.003740,-0.000529,0.001738,-0.002028,0.001659,0.000423,0.000064,0.000538,0.000030,0.001877,-0.000329,0.000539,0.000525,-0.000369,0.000175,0.001242,0.001682,0.000135,-0.000672,0.002718,0.001185,-0.000639,0.002668,0.008617,0.003327,-0.000528,0.000128,0.007215,0.000716,-0.000553,-0.000600
0.000589,0.000165,-0.001934,0.000746,0.002435,0.000335,0.002078,-0.002343,-0.000275,0.003147,0.002048,-0.003817,-0.000930,0.000612,0.000789,0.001419,0.001660,0.001995,0.000779,-0.000793,-0.000083,-0.003335,-0.000463,-0.002025,-0.004319,-0.000155,0.001546,-0.000349,-0.001986,0.002340,-0.000328,-0.000463,0.002139,0.003327,0.020035,-0.001224,0.003865,0.007079,-0.001230,-0.000767,-0.001061
0.003251,0.000189,0.004412,-0.000236,0.000234,-0.000190,0.002968,0.002391,-0.000055,-0.000104,0.000056,0.000381,0.007022,-0.001639,0.002811,0.000638,0.001710,-0.002249,-0.000261,-0.000444,-0.000003,0.007110,0.000530,0.008458,0.004160,0.000028,0.003274,0.000825,0.005071,0.000299,0.000184,0.000123,0.003216,-0.000528,-0.001224,0.012533,-0.000765,-0.000615,0.011026,-0.000491,0.001505
0.000255,0.003660,0.000423,-0.000059,-0.000232,0.001123,-0.001724,-0.003638,-0.000367,0.005838,-0.000340,-0.004090,-0.002029,-0.001175,-0.001281,0.001812,0.009841,0.002221,0.000473,0.002519,0.001293,-0.005134,-0.000572,-0.001690,0.004254,-0.000324,-0.001043,0.000417,-0.001668,0.005742,-0.002665,-0.000770,0.000679,0.000128,0.003865,-0.000765,0.013554,0.000844,-0.001213,0.000197,0.001849
0.000869,0.000210,-0.000497,0.005405,0.005540,-0.000057,0.001631,-0.001556,-0.000428,0.000527,0.005582,-0.000877,0.001266,-0.001002,0.001350,0.000118,0.000046,0.001766,0.001167,0.003102,-0.000574,-0.000628,-0.000510,-0.000600,-0.000795,0.000688,0.002025,-0.000281,-0.001067,0.003092,0.000937,-0.000568,0.002335,0.007215,0.007079,-0.000615,0.000844,0.014094,0.000507,-0.001017,-0.000937
0.005924,0.000110,0.005364,0.000756,0.001166,0.000289,0.005702,0.004974,0.000279,0.001623,0.000990,-0.000396,0.011167,-0.000688,0.005977,0.002427,0.002542,-0.003158,-0.000283,0.000466,0.000411,0.008040,0.000538,0.009617,0.008668,0.000288,0.006219,0.000640,0.005408,0.001991,0.002308,0.000218,0.005558,0.000716,-0.001230,0.011026,-0.001213,0.000507,0.012948,-0.000052,0.002472
0.000445,-0.000243,-0.000663,-0.000255,-0.000313,-0.000124,-0.000364,0.000027,0.000224,0.002417,-0.000295,-0.001214,0.000672,0.001663,0.000608,0.002581,0.000118,-0.000138,-0.000717,-0.000067,0.000214,-0.000923,0.000055,-0.000590,-0.001850,-0.000092,0.000677,0.000115,-0.000596,0.002779,0.000983,-0.000021,-0.001295,-0.000553,-0.000767,-0.000491,0.000197,-0.001017,-0.000052,0.004450,-0.000010
0.001488,0.001432,0.002427,-0.000270,-0.000290,0.000428,0.000397,0.000555,-0.000115,-0.000736,-0.000337,-0.000792,0.002785,-0.000467,0.001414,-0.000409,0.003951,0.000330,-0.000110,-0.000375,0.001452,0.000530,-0.000041,0.001419,0.008401,0.000024,0.001157,0.000251,0.001250,-0.001179,-0.000156,0.000304,0.001146,-0.000600,-0.001061,0.001505,0.001849,-0.000937,0.002472,-0.000010,0.003382
