1.674647,-0.006230,-0.359471,-0.054989,-0.029852,-0.007683
-0.006230,0.070776,0.021435,-0.032949,0.006053,0.001858
-0.359471,0.021435,4.408181,0.080937,0.150219,-0.008627
-0.054989,-0.032949,0.080937,3.191232,-0.003707,0.021960
-0.029852,0.006053,0.150219,-0.003707,2.228180,-0.010306
-0.007683,0.001858,-0.008627,0.021960,-0.010306,0.020315
