0.087451,0.007929,-0.001437,-0.001118,-0.001065,0.003411
0.007929,0.076996,0.000755,0.005079,0.004160,-0.001701
-0.001437,0.000755,0.091500,0.001967,-0.002143,-0.001830
-0.001118,0.005079,0.001967,0.054815,-0.002261,-0.003007
-0.001065,0.004160,-0.002143,-0.002261,0.080504,0.001522
0.003411,-0.001701,-0.001830,-0.003007,0.001522,0.077756
