0.007076,0.003118,-0.000057,-0.000883,0.000597,-0.001338
0.003118,0.094019,0.001453,0.000987,0.002705,0.001411
-0.000057,0.001453,0.083367,0.003548,0.004824,-0.001470
-0.000883,0.000987,0.003548,0.057854,-0.002924,0.000675
0.000597,0.002705,0.004824,-0.002924,0.086754,0.003705
-0.001338,0.001411,-0.001470,0.000675,0.003705,0.077993
