0.087451,0.001463,0.001695,-0.001297,0.000112,0.000314
0.001463,0.103180,0.001538,0.004766,0.007332,-0.006158
0.001695,0.001538,0.083469,0.004080,0.002975,0.005841
-0.001297,0.004766,0.004080,0.056416,-0.000247,0.001111
0.000112,0.007332,0.002975,-0.000247,0.074436,0.001805
0.000314,-0.006158,0.005841,0.001111,0.001805,0.091842
