16961.676128,-2199.058658,-1773.183772,-7.774399,57.056000,-497.016664,-1350.341260,615.527742
-2199.058658,7517.169649,-1405.892607,299.529302,15.391945,-1806.723629,-1912.136784,-234.674857
-1773.183772,-1405.892607,3648.445971,-236.603452,94.615142,-3.591256,330.514239,-473.958008
-7.774399,299.529302,-236.603452,3357.696436,-46.109969,-220.609916,-332.276656,312.376489
57.056000,15.391945,94.615142,-46.109969,36.399998,-120.842421,106.092070,-60.193379
-497.016664,-1806.723629,-3.591256,-220.609916,-120.842421,6045.656228,-1112.795163,-24.729529
-1350.341260,-1912.136784,330.514239,-332.276656,106.092070,-1112.795163,6428.099159,-700.546658
615.527742,-234.674857,-473.958008,312.376489,-60.193379,-24.729529,-700.546658,4021.331654
