23480.812966,-638.470037,-990.742951,241.977740,31.373190,-349.698203,-1593.044493,307.226731
-638.470037,7249.075402,-1080.853374,-22.334277,8.750236,-1461.277791,-1924.571477,-169.677220
-990.742951,-1080.853374,3040.572907,-269.526867,46.467451,107.453136,302.967617,-332.593980
241.977740,-22.334277,-269.526867,7105.824459,-11.308595,-371.294043,60.853013,215.725604
31.373190,8.750236,46.467451,-11.308595,33.883240,-102.011988,88.151950,-49.024941
-349.698203,-1461.277791,107.453136,-371.294043,-102.011988,6045.656228,-1112.795163,-50.570124
-1593.044493,-1924.571477,302.967617,60.853013,88.151950,-1112.795163,6428.099159,-656.486720
307.226731,-169.677220,-332.593980,215.725604,-49.024941,-50.570124,-656.486720,3947.875434
