21690.227107,70.616358,-574.589451,163.938224,32.833597,-403.678222,-520.367930,-36.007289
70.616358,6824.097715,-954.837249,57.698088,4.945611,-1080.492842,-1923.912487,-204.127438
-574.589451,-954.837249,3040.572907,-171.707723,27.026245,107.453136,302.967617,-338.146778
163.938224,57.698088,-171.707723,8144.122492,18.686029,-437.111929,209.192127,-91.317763
32.833597,4.945611,27.026245,18.686029,27.718975,-85.630290,81.100113,-35.161666
-403.678222,-1080.492842,107.453136,-437.111929,-85.630290,6045.656228,-1112.795163,-37.880452
-520.367930,-1923.912487,302.967617,209.192127,81.100113,-1112.795163,6428.099159,-623.804435
-36.007289,-204.127438,-338.146778,-91.317763,-35.161666,-37.880452,-623.804435,3923.859610
