0.290810,0.094050,0.259534,0.070358,0.542387,0.236398,0.541352,1.939525,0.262430,0.188032,0.622225,-0.042619,0.192830,-0.081384,0.443051,1.143866,0.007510,-0.002453,0.066184,-0.085503,0.024603,0.012352,0.457624,0.000000,0.000000,0.007605,0.109729,-0.009359,0.000000,1.781634,-0.063527,0.149511,0.121882,0.168780,0.076572,0.169918,0.028814,0.035526,0.297073,0.013978,0.349285
0.094050,0.646637,0.316358,-0.160387,-0.323679,0.294530,-0.486722,-2.398455,0.220952,0.104696,-0.376071,-0.107752,0.001697,0.153040,0.063066,0.035800,0.018863,0.011009,0.071842,0.314105,0.057400,-0.020229,-0.900221,0.000000,0.000000,-0.005585,-0.000211,-0.003258,0.000000,-0.301962,-0.085893,-0.086859,-0.021600,-0.308085,0.092610,0.049682,0.274805,-0.048053,0.044342,-0.013247,0.674489
0.259534,0.316358,1.438817,0.116531,0.290032,0.695662,0.532277,0.745143,0.283588,0.018589,-0.161690,-0.120708,0.318402,-0.008842,0.416893,0.352785,0.027928,0.003820,0.039316,0.052047,0.110787,0.014963,0.176433,0.000000,0.000000,0.002767,0.091351,0.001458,0.000000,-0.281715,0.114278,0.163356,0.414450,-0.177298,0.003191,0.238258,0.182280,-0.144254,0.520477,0.021924,1.827899
0.070358,-0.160387,0.116531,1.204182,1.646172,0.025717,0.517245,1.622829,-1.204151,0.021847,1.957306,0.013103,0.092460,-0.447713,0.161662,1.154267,0.000344,-0.002755,0.327719,0.697962,0.001443,0.013354,5.886353,0.000000,0.000000,0.041266,0.049536,-0.001188,0.000000,5.980656,-0.154095,1.755009,-0.009809,0.886580,0.420141,0.112825,-0.047171,0.409898,0.158974,-0.010626,0.031317
0.542387,-0.323679,0.290032,1.646172,6.509685,0.382327,2.984285,7.435790,-0.287546,0.839875,8.022787,-0.193612,0.653366,-0.602316,1.254204,4.992759,-0.005895,-0.009303,1.073650,1.003123,-0.024398,0.045726,8.311336,0.000000,0.000000,0.095227,0.287825,-0.017330,0.000000,17.668343,0.675792,2.645225,0.772671,4.027053,0.944409,0.096946,-0.269992,1.999058,0.614848,0.024676,0.262096
0.236398,0.294530,0.695662,0.025717,0.382327,1.026503,0.306119,-0.563092,0.988389,0.072809,0.259562,-0.117079,0.152745,-0.017828,0.372640,0.678804,0.017009,0.013214,0.077526,0.194773,0.100660,-0.017883,0.059130,0.000000,0.000000,-0.000388,0.071827,-0.000553,0.000000,0.237055,0.079779,0.171251,-0.277951,-0.050542,0.005939,0.009581,0.166868,-0.072980,0.136025,-0.013964,1.423435
0.541352,-0.486722,0.532277,0.517245,2.984285,0.306119,5.045672,12.598834,0.971254,0.518683,3.256562,-0.168790,0.705008,-0.645350,1.111739,3.782850,0.008902,-0.030975,0.192996,-0.522596,-0.030562,0.094476,3.300691,0.000000,0.000000,0.041087,0.270711,-0.004639,0.000000,7.861400,-0.029879,0.354084,2.067062,1.634467,0.160437,0.557654,-0.145143,0.400061,1.141772,0.069514,0.560929
1.939525,-2.398455,0.745143,1.622829,7.435790,-0.563092,12.598834,84.869056,-4.365268,-1.963498,7.163669,0.238141,1.886894,-2.874430,3.632150,8.042058,-0.019355,-0.190150,-2.098067,-4.643620,-0.169295,0.552750,12.911935,0.000000,0.000000,0.138501,1.177911,-0.042713,0.000000,14.191364,-2.609591,0.849048,2.992882,2.061624,-2.641302,1.551122,-1.558238,-1.036643,3.032073,0.275097,0.259451
0.262430,0.220952,0.283588,-1.204151,-0.287546,0.988389,0.971254,-4.365268,4.343033,0.658654,-0.170335,-0.004868,0.240952,0.521784,0.507462,1.765786,-0.010609,0.008458,0.055233,-0.550268,0.005916,-0.017035,-5.529898,0.000000,0.000000,-0.035611,0.058756,-0.000337,0.000000,-3.149565,0.613815,-1.494508,0.200156,-0.552812,-0.094241,0.018723,-0.161384,-0.300414,0.207847,-0.000993,0.559924
0.188032,0.104696,0.018589,0.021847,0.839875,0.072809,0.518683,-1.963498,0.658654,1.970909,1.140660,-0.523932,0.311947,0.232636,0.500579,4.389858,0.011408,0.003159,0.633810,0.622241,-0.028454,-0.039790,0.856483,0.000000,0.000000,0.023987,0.074286,-0.008861,0.000000,9.006905,1.076486,0.652470,0.406985,0.339358,0.621882,-0.019487,0.215065,0.125534,0.239238,0.091850,0.137388
0.622225,-0.376071,-0.161690,1.957306,8.022787,0.259562,3.256562,7.163669,-0.170335,1.140660,11.439850,-0.141991,0.680717,-0.831234,1.458133,5.967071,-0.008932,-0.006369,1.439499,1.219021,-0.052190,0.041252,10.004617,0.000000,0.000000,0.117637,0.337974,-0.022263,0.000000,22.575747,0.506916,3.464327,0.821414,5.525731,1.363723,-0.017758,-0.328571,2.944815,0.535951,-0.017765,-0.142973
-0.042619,-0.107752,-0.120708,0.013103,-0.193612,-0.117079,-0.168790,0.238141,-0.004868,-0.523932,-0.141991,0.534316,-0.072019,-0.053762,-0.106544,-0.947081,-0.011654,-0.003255,-0.160034,-0.091182,-0.006018,0.018959,0.066517,0.000000,0.000000,-0.005100,-0.014276,0.002074,0.000000,-2.625752,-0.221132,-0.140420,0.028499,-0.035834,-0.137269,0.016960,-0.200919,-0.026925,-0.053843,-0.050927,-0.281379
0.192830,0.001697,0.318402,0.092460,0.653366,0.152745,0.705008,1.886894,0.240952,0.311947,0.680717,-0.072019,0.330728,0.057876,0.412229,1.301793,0.003418,-0.004936,0.142043,0.049410,0.013282,0.024469,0.619184,0.000000,0.000000,0.009224,0.083264,-0.004189,0.000000,2.409264,0.537068,0.133366,0.399802,0.262855,0.058853,0.342151,-0.049143,0.069525,0.573804,0.024208,0.352865
-0.081384,0.153040,-0.008842,-0.447713,-0.602316,-0.017828,-0.645350,-2.874430,0.521784,0.232636,-0.831234,-0.053762,0.057876,0.640558,-0.013317,-0.292628,-0.010515,0.006553,0.040525,0.301656,-0.005836,-0.024720,-2.334322,0.000000,0.000000,-0.015642,-0.040820,-0.003399,0.000000,-1.660392,1.222322,-0.639832,-0.139086,-0.381174,-0.102770,-0.102419,-0.066547,-0.151444,-0.076849,0.025235,-0.059964
0.443051,0.063066,0.416893,0.161662,1.254204,0.372640,1.111739,3.632150,0.507462,0.500579,1.458133,-0.106544,0.412229,-0.013317,0.821715,2.356905,0.006245,-0.004857,0.206850,0.067708,0.028539,0.019402,1.079219,0.000000,0.000000,0.017254,0.185039,-0.018548,0.000000,4.207778,0.499368,0.324447,0.289148,0.519415,0.163794,0.231177,-0.037577,0.149181,0.521451,0.033932,0.542947
1.143866,0.035800,0.352785,1.154267,4.992759,0.678804,3.782850,8.042058,1.765786,4.389858,5.967071,-0.947081,1.301793,-0.292628,2.356905,17.112113,0.012807,-0.021453,1.679162,1.629230,-0.045501,0.021788,9.339897,0.000000,0.000000,0.100508,0.487225,-0.040401,0.000000,30.871863,1.806936,3.378792,1.248034,1.187945,1.746868,0.509169,0.010734,0.551565,1.462519,0.343336,0.663877
0.007510,0.018863,0.027928,0.000344,-0.005895,0.017009,0.008902,-0.019355,-0.010609,0.011408,-0.008932,-0.011654,0.003418,-0.010515,0.006245,0.012807,0.002210,0.000393,0.004279,0.001864,0.004934,-0.000570,-0.002882,0.000000,0.000000,0.000166,0.001968,0.000270,0.000000,0.077721,-0.029680,0.008341,0.014790,-0.002097,0.005618,0.006287,0.025529,0.001358,0.011407,0.000253,0.052540
-0.002453,0.011009,0.003820,-0.002755,-0.009303,0.013214,-0.030975,-0.190150,0.008458,0.003159,-0.006369,-0.003255,-0.004936,0.006553,-0.004857,-0.021453,0.000393,0.000864,0.005787,0.017137,0.002407,-0.002241,-0.028489,0.000000,0.000000,-0.000250,-0.001894,0.000090,0.000000,-0.021303,0.007613,0.001753,-0.016889,0.001507,0.006691,-0.009067,0.008870,0.005960,-0.012831,-0.000622,0.020128
0.066184,0.071842,0.039316,0.327719,1.073650,0.077526,0.192996,-2.098067,0.055233,0.633810,1.439499,-0.160034,0.142043,0.040525,0.206850,1.679162,0.004279,0.005787,0.462716,0.622802,0.001229,-0.017414,1.633687,0.000000,0.000000,0.019884,0.023299,-0.002056,0.000000,5.780967,0.529784,0.712529,0.164022,0.800537,0.423457,0.016775,0.089146,0.471258,0.128127,0.019436,0.043269
-0.085503,0.314105,0.052047,0.697962,1.003123,0.194773,-0.522596,-4.643620,-0.550268,0.622241,1.219021,-0.091182,0.049410,0.301656,0.067708,1.629230,0.001864,0.017137,0.622802,2.002851,0.038518,-0.055343,3.550838,0.000000,0.000000,0.023969,-0.052849,-0.000668,0.000000,6.451857,1.645811,1.290469,-0.201271,0.334403,0.606672,-0.449839,0.154929,0.399356,-0.366220,-0.021879,0.224183
0.024603,0.057400,0.110787,0.001443,-0.024398,0.100660,-0.030562,-0.169295,0.005916,-0.028454,-0.052190,-0.006018,0.013282,-0.005836,0.028539,-0.045501,0.004934,0.002407,0.001229,0.038518,0.048046,-0.002198,-0.032455,0.000000,0.000000,-0.000489,0.004689,-0.000525,0.000000,-0.136293,-0.008687,0.010146,-0.020522,-0.022328,-0.006071,0.006985,0.046592,-0.014913,0.019266,-0.001424,0.213352
0.012352,-0.020229,0.014963,0.013354,0.045726,-0.017883,0.094476,0.552750,-0.017035,-0.039790,0.041252,0.018959,0.024469,-0.024720,0.019402,0.021788,-0.000570,-0.002241,-0.017414,-0.055343,-0.002198,0.009535,0.090700,0.000000,0.000000,0.000682,0.006525,0.000446,0.000000,-0.002393,-0.033436,-0.005042,0.058321,0.010519,-0.025192,0.055617,-0.027684,-0.004164,0.071992,-0.000476,-0.018815
0.457624,-0.900221,0.176433,5.886353,8.311336,0.059130,3.300691,12.911935,-5.529898,0.856483,10.004617,0.066517,0.619184,-2.334322,1.079219,9.339897,-0.002882,-0.028489,1.633687,3.550838,-0.032455,0.090700,30.594140,0.000000,0.000000,0.210250,0.305116,-0.004654,0.000000,33.667571,-0.610898,9.001420,0.157416,3.676282,1.894208,0.596475,-0.332358,1.590551,0.957158,0.014736,-0.128160
0.000000,0.000000,0.000000,0.000000,0.000000,0.000000,0.000000,0.000000,0.000000,0.000000,0.000000,0.000000,0.000000,0.000000,0.000000,0.000000,0.000000,0.000000,0.000000,0.000000,0.000000,0.000000,0.000000,0.000000,0.000000,0.000000,0.000000,0.000000,0.000000,0.000000,0.000000,0.000000,0.000000,0.000000,0.000000,0.000000,0.000000,0.000000,0.000000,0.000000,0.000000
0.000000,0.000000,0.000000,0.000000,0.000000,0.000000,0.000000,0.000000,0.000000,0.000000,0.000000,0.000000,0.000000,0.000000,0.000000,0.000000,0.000000,0.000000,0.000000,0.000000,0.000000,0.000000,0.000000,0.000000,0.000000,0.000000,0.000000,0.000000,0.000000,0.000000,0.000000,0.000000,0.000000,0.000000,0.000000,0.000000,0.000000,0.000000,0.000000,0.000000,0.000000
0.007605,-0.005585,0.002767,0.041266,0.095227,-0.000388,0.041087,0.138501,-0.035611,0.023987,0.117637,-0.005100,0.009224,-0.015642,0.017254,0.100508,0.000166,-0.000250,0.019884,0.023969,-0.000489,0.000682,0.210250,0.000000,0.000000,0.006734,0.004851,-0.000190,0.000000,0.389590,0.003539,0.068301,0.007804,0.059297,0.015050,0.005506,-0.000088,0.024312,0.012312,0.001295,0.001849
0.109729,-0.000211,0.091351,0.049536,0.287825,0.071827,0.270711,1.177911,0.058756,0.074286,0.337974,-0.014276,0.083264,-0.040820,0.185039,0.487225,0.001968,-0.001894,0.023299,-0.052849,0.004689,0.006525,0.305116,0.000000,0.000000,0.004851,0.049499,-0.004834,0.000000,0.875453,-0.015304,0.086918,0.047479,0.112515,0.023205,0.059496,-0.010667,0.031478,0.116769,0.007965,0.116361
-0.009359,-0.003258,0.001458,-0.001188,-0.017330,-0.000553,-0.004639,-0.042713,-0.000337,-0.008861,-0.022263,0.002074,-0.004189,-0.003399,-0.018548,-0.040401,0.000270,0.000090,-0.002056,-0.000668,-0.000525,0.000446,-0.004654,0.000000,0.000000,-0.000190,-0.004834,0.027154,0.000000,-0.047886,-0.006172,-0.011184,0.008174,-0.000488,-0.000952,0.004309,0.004041,-0.002708,0.000830,-0.000146,-0.001656
0.000000,0.000000,0.000000,0.000000,0.000000,0.000000,0.000000,0.000000,0.000000,0.000000,0.000000,0.000000,0.000000,0.000000,0.000000,0.000000,0.000000,0.000000,0.000000,0.000000,0.000000,0.000000,0.000000,0.000000,0.000000,0.000000,0.000000,0.000000,0.000000,0.000000,0.000000,0.000000,0.000000,0.000000,0.000000,0.000000,0.000000,0.000000,0.000000,0.000000,0.000000
1.781634,-0.301962,-0.281715,5.980656,17.668343,0.237055,7.861400,14.191364,-3.149565,9.006905,22.575747,-2.625752,2.409264,-1.660392,4.207778,30.871863,0.077721,-0.021303,5.780967,6.451857,-0.136293,-0.002393,33.667571,0.000000,0.000000,0.389590,0.875453,-0.047886,0.000000,104.418771,3.668693,12.416275,2.602252,11.667991,4.109549,0.772358,1.081097,5.508917,2.703306,0.543143,-0.735476
-0.063527,-0.085893,0.114278,-0.154095,0.675792,0.079779,-0.029879,-2.609591,0.613815,1.076486,0.506916,-0.221132,0.537068,1.222322,0.499368,1.806936,-0.029680,0.007613,0.529784,1.645811,-0.008687,-0.033436,-0.610898,0.000000,0.000000,0.003539,-0.015304,-0.006172,0.000000,3.668693,4.374619,-0.236310,0.252871,0.387211,0.121396,-0.151786,-0.300986,0.073319,0.239948,0.074319,-0.029738
0.149511,-0.086859,0.163356,1.755009,2.645225,0.171251,0.354084,0.849048,-1.494508,0.652470,3.464327,-0.140420,0.133366,-0.639832,0.324447,3.378792,0.008341,0.001753,0.712529,1.290469,0.010146,-0.005042,9.001420,0.000000,0.000000,0.068301,0.086918,-0.011184,0.000000,12.416275,-0.236310,3.089852,-0.293792,1.146928,0.730720,-0.016549,0.061107,0.644811,0.079561,0.043610,0.261978
0.121882,-0.021600,0.414450,-0.009809,0.772671,-0.277951,2.067062,2.992882,0.200156,0.406985,0.821414,0.028499,0.399802,-0.139086,0.289148,1.248034,0.014790,-0.016889,0.164022,-0.201271,-0.020522,0.058321,0.157416,0.000000,0.000000,0.007804,0.047479,0.008174,0.000000,2.602252,0.252871,-0.293792,2.004360,0.921476,0.175572,0.565477,0.055151,0.246313,0.909342,0.006201,0.141362
0.168780,-0.308085,-0.177298,0.886580,4.027053,-0.050542,1.634467,2.061624,-0.552812,0.339358,5.525731,-0.035834,0.262855,-0.381174,0.519415,1.187945,-0.002097,0.001507,0.800537,0.334403,-0.022328,0.010519,3.676282,0.000000,0.000000,0.059297,0.112515,-0.000488,0.000000,11.667991,0.387211,1.146928,0.921476,5.211419,0.645943,-0.041521,-0.053955,2.004952,0.202766,-0.042409,-0.481007
0.076572,0.092610,0.003191,0.420141,0.944409,0.005939,0.160437,-2.641302,-0.094241,0.621882,1.363723,-0.137269,0.058853,-0.102770,0.163794,1.746868,0.005618,0.006691,0.423457,0.606672,-0.006071,-0.025192,1.894208,0.000000,0.000000,0.015050,0.023205,-0.000952,0.000000,4.109549,0.121396,0.730720,0.175572,0.645943,1.064345,-0.062547,0.134112,0.586509,-0.014563,-0.002966,-0.031223
0.169918,0.049682,0.238258,0.112825,0.096946,0.009581,0.557654,1.551122,0.018723,-0.019487,-0.017758,0.016960,0.342151,-0.102419,0.231177,0.509169,0.006287,-0.009067,0.016775,-0.449839,0.006985,0.055617,0.596475,0.000000,0.000000,0.005506,0.059496,0.004309,0.000000,0.772358,-0.151786,-0.016549,0.565477,-0.041521,-0.062547,1.064071,-0.026140,-0.034528,1.180223,-0.002867,0.183409
0.028814,0.274805,0.182280,-0.047171,-0.269992,0.166868,-0.145143,-1.558238,-0.161384,0.215065,-0.328571,-0.200919,-0.049143,-0.066547,-0.037577,0.010734,0.025529,0.008870,0.089146,0.154929,0.046592,-0.027684,-0.332358,0.000000,0.000000,-0.000088,-0.010667,0.004041,0.000000,1.081097,-0.300986,0.061107,0.055151,-0.053955,0.134112,-0.026140,0.409944,0.029117,-0.036208,0.001586,0.500662
0.035526,-0.048053,-0.144254,0.409898,1.999058,-0.072980,0.400061,-1.036643,-0.300414,0.125534,2.944815,-0.026925,0.069525,-0.151444,0.149181,0.551565,0.001358,0.005960,0.471258,0.399356,-0.014913,-0.004164,1.590551,0.000000,0.000000,0.024312,0.031478,-0.002708,0.000000,5.508917,0.073319,0.644811,0.246313,2.004952,0.586509,-0.034528,0.029117,1.259684,0.036893,-0.027131,-0.258710
0.297073,0.044342,0.520477,0.158974,0.614848,0.136025,1.141772,3.032073,0.207847,0.239238,0.535951,-0.053843,0.573804,-0.076849,0.521451,1.462519,0.011407,-0.012831,0.128127,-0.366220,0.019266,0.071992,0.957158,0.000000,0.000000,0.012312,0.116769,0.000830,0.000000,2.703306,0.239948,0.079561,0.909342,0.202766,-0.014563,1.180223,-0.036208,0.036893,1.513335,0.015410,0.511003
0.013978,-0.013247,0.021924,-0.010626,0.024676,-0.013964,0.069514,0.275097,-0.000993,0.091850,-0.017765,-0.050927,0.024208,0.025235,0.033932,0.343336,0.000253,-0.000622,0.019436,-0.021879,-0.001424,-0.000476,0.014736,0.000000,0.000000,0.001295,0.007965,-0.000146,0.000000,0.543143,0.074319,0.043610,0.006201,-0.042409,-0.002966,-0.002867,0.001586,-0.027131,0.015410,0.096301,0.023719
0.349285,0.674489,1.827899,0.031317,0.262096,1.423435,0.560929,0.259451,0.559924,0.137388,-0.142973,-0.281379,0.352865,-0.059964,0.542947,0.663877,0.052540,0.020128,0.043269,0.224183,0.213352,-0.018815,-0.128160,0.000000,0.000000,0.001849,0.116361,-0.001656,0.000000,-0.735476,-0.029738,0.261978,0.141362,-0.481007,-0.031223,0.183409,0.500662,-0.258710,0.511003,0.023719,3.281425
