0.014491,0.002418,0.004896,-0.000236,0.003305,0.004037,0.006656,0.006988,0.002626,0.002442,0.003236,-0.000965,0.010255,-0.005112,0.011802,0.004673,0.005367,-0.001495,-0.000205,-0.004268,0.001821,0.003391,0.000689,0.000000,0.000000,0.007916,0.013058,-0.001138,0.000000,0.004758,-0.000860,0.009634,-0.000858,0.002061,0.004307,0.002375,0.001586,0.000958,0.006412,0.000773,0.002718
0.002418,0.009222,0.002406,-0.000412,-0.001496,0.002706,-0.003229,-0.004719,0.000365,0.003620,-0.001362,-0.001297,-0.001143,0.003989,0.000794,0.001781,0.006657,0.003703,-0.001354,0.006486,0.002285,-0.003105,-0.000731,0.000000,0.000000,0.005280,0.000043,-0.000179,0.000000,-0.000271,-0.000600,-0.002979,-0.001424,-0.002044,-0.004020,0.000517,0.007546,-0.000717,0.000551,-0.000396,0.002848
0.004896,0.002406,0.009680,0.001552,0.000677,0.003136,0.003002,0.001783,0.000499,0.002271,-0.000122,-0.000793,0.006772,0.000594,0.004339,0.002093,0.006504,-0.000399,0.000628,-0.004355,0.002731,0.002857,0.000184,0.000000,0.000000,0.012008,0.004729,-0.000031,0.000000,0.001167,0.000839,0.005582,0.003241,-0.000478,0.000594,0.002804,0.002465,-0.001283,0.005433,0.000820,0.005331
-0.000236,-0.000412,0.001552,0.006672,0.000123,-0.001054,-0.001114,-0.001966,-0.001125,-0.001117,0.000396,0.000512,-0.000794,-0.001485,-0.001190,-0.001916,0.000273,-0.000848,0.001053,-0.011114,0.000216,0.002929,0.000606,0.000000,0.000000,0.004629,-0.000674,0.000735,0.000000,-0.000936,-0.001746,0.002211,0.001114,0.001607,-0.006713,0.004241,-0.001047,0.001735,0.003386,-0.000406,-0.000257
0.003305,-0.001496,0.000677,0.000123,0.006938,0.000378,0.004811,0.002801,0.002000,-0.006732,0.006258,-0.000399,0.008364,-0.005500,0.004082,-0.003055,-0.001330,-0.000954,0.001369,0.001628,-0.000292,0.001129,0.001522,0.000000,0.000000,-0.003267,0.003384,-0.000891,0.000000,0.002444,0.000826,-0.003785,0.004418,0.006426,0.006283,-0.000729,-0.001329,0.007109,0.001860,-0.000069,0.000008
0.004037,0.002706,0.003136,-0.001054,0.000378,0.006074,0.001308,-0.000714,0.003050,0.000763,0.000211,-0.000899,0.002697,-0.000427,0.003389,0.001658,0.003966,0.002863,-0.001625,0.002467,0.002581,-0.001768,0.000031,0.000000,0.000000,0.003777,0.002977,-0.000020,0.000000,0.000854,0.000359,0.000526,-0.001369,-0.000216,-0.002747,-0.000064,0.002948,-0.000702,0.001066,-0.000269,0.003920
0.006656,-0.003229,0.003002,-0.001114,0.004811,0.001308,0.015573,0.011531,0.003269,0.003961,0.004575,-0.000922,0.008845,-0.006813,0.007282,0.005719,0.001876,-0.004847,-0.001135,-0.008183,-0.000566,0.006746,0.001247,0.000000,0.000000,0.001516,0.008113,-0.000119,0.000000,0.006974,-0.000097,0.005918,0.007286,0.005045,0.001861,0.003003,-0.001840,0.002778,0.006468,0.000965,0.001285
0.006988,-0.004719,0.001783,-0.001966,0.002801,-0.000714,0.011531,0.023034,-0.001776,0.000217,0.002414,0.000399,0.005447,-0.007674,0.006947,0.004156,-0.001140,-0.008824,-0.001551,-0.013657,-0.000930,0.011705,0.001447,0.000000,0.000000,0.001402,0.010523,-0.000324,0.000000,0.005539,-0.002515,0.016238,-0.000796,0.001887,0.006011,0.001986,-0.005888,-0.002135,0.005063,0.001133,0.000563
0.002626,0.000365,0.000499,-0.001125,0.002000,0.003050,0.003269,-0.001776,0.007242,0.003194,0.002340,0.000130,0.003067,0.001006,0.003115,0.003932,-0.001141,0.000650,0.002783,-0.001174,0.000004,-0.000214,0.000874,0.000000,0.000000,0.000692,0.002097,-0.000026,0.000000,0.003681,0.001291,0.001284,-0.000898,0.001063,0.006194,0.000541,-0.002262,0.000948,0.001372,-0.000079,0.000046
0.002442,0.003620,0.002271,-0.001117,-0.006732,0.000763,0.003961,0.000217,0.003194,0.079967,-0.001686,-0.005535,-0.014268,0.028922,0.003705,0.056165,0.004952,-0.000306,0.019710,-0.019203,-0.002231,-0.002799,0.000132,0.000000,0.000000,0.010395,0.006432,0.004359,0.000000,0.031851,0.007447,0.040490,-0.015706,0.001520,0.007990,0.008090,0.003073,0.001305,0.005538,0.002432,0.000456
0.003236,-0.001362,-0.000122,0.000396,0.006258,0.000211,0.004575,0.002414,0.002340,-0.001686,0.007235,-0.000223,0.005749,-0.004027,0.004078,0.000304,-0.001268,-0.000550,0.003010,0.001436,-0.000424,0.001190,0.001557,0.000000,0.000000,-0.003454,0.003934,-0.000173,0.000000,0.005110,0.000572,-0.000661,0.002153,0.008018,0.007330,-0.000353,-0.001889,0.009638,0.001658,-0.000203,-0.000324
-0.000965,-0.001297,-0.000793,0.000512,-0.000399,-0.000899,-0.000922,0.000399,0.000130,-0.005535,-0.000223,0.005473,-0.001646,-0.001122,-0.001282,-0.003330,-0.003669,-0.000924,-0.000225,0.000488,-0.000199,0.002457,0.000046,0.000000,0.000000,0.000233,-0.000801,0.000096,0.000000,-0.002797,-0.001305,-0.001837,0.000393,-0.000218,0.003842,0.000355,-0.004646,-0.000393,-0.000561,-0.001274,-0.000987
0.010255,-0.001143,0.006772,-0.000794,0.008364,0.002697,0.008845,0.005447,0.003067,-0.014268,0.005749,-0.001646,0.030237,-0.005755,0.011821,-0.006487,0.003134,-0.002576,-0.001124,0.005221,0.001008,0.005501,0.000952,0.000000,0.000000,0.006348,0.008977,-0.001258,0.000000,0.000789,0.007019,-0.009389,0.013581,0.003142,0.008133,0.004899,-0.001202,0.001807,0.013471,0.001376,0.003593
-0.005112,0.003989,0.000594,-0.001485,-0.005500,-0.000427,-0.006813,-0.007674,0.001006,0.028922,-0.004027,-0.001122,-0.005755,0.035750,-0.001134,0.018098,-0.006747,0.003083,0.012307,-0.002975,-0.000487,-0.004681,-0.001783,0.000000,0.000000,0.001761,-0.003644,0.001219,0.000000,0.006654,0.015791,0.007876,-0.011202,-0.002972,0.000263,0.001173,-0.005676,-0.002476,-0.000429,0.001330,-0.000182
0.011802,0.000794,0.004339,-0.001190,0.004082,0.003389,0.007282,0.006947,0.003115,0.003705,0.004078,-0.001282,0.011821,-0.001134,0.011683,0.005054,0.002666,-0.001570,0.002135,-0.003348,0.001124,0.002783,0.000866,0.000000,0.000000,0.004982,0.011720,-0.001234,0.000000,0.005600,0.003422,0.008929,-0.000311,0.003391,0.006944,0.001177,-0.000877,0.002174,0.005961,0.001000,0.002455
0.004673,0.001781,0.002093,-0.001916,-0.003055,0.001658,0.005719,0.004156,0.003932,0.056165,0.000304,-0.003330,-0.006487,0.018098,0.005054,0.044510,0.002256,-0.001688,0.013040,-0.012355,-0.000682,0.001036,0.000570,0.000000,0.000000,0.007767,0.007480,0.003712,0.000000,0.024660,0.004457,0.030093,-0.011118,0.001162,0.007953,0.007484,-0.000133,0.001084,0.006397,0.002560,0.000514
0.005367,0.006657,0.006504,0.000273,-0.001330,0.003966,0.001876,-0.001140,-0.001141,0.004952,-0.001268,-0.003669,0.003134,-0.006747,0.002666,0.002256,0.021467,0.003207,-0.006598,0.007272,0.004753,-0.002334,-0.000031,0.000000,0.000000,0.011452,0.003543,0.000173,0.000000,0.002789,-0.004511,-0.000726,0.005156,-0.000889,-0.011152,0.001722,0.017873,0.000306,0.004085,0.000592,0.005458
-0.001495,0.003703,-0.000399,-0.000848,-0.000954,0.002863,-0.004847,-0.008824,0.000650,-0.000306,-0.000550,-0.000924,-0.002576,0.003083,-0.001570,-0.001688,0.003207,0.006856,-0.000686,0.010436,0.002260,-0.008113,-0.000546,0.000000,0.000000,-0.001169,-0.002900,0.000117,0.000000,-0.002317,0.001255,-0.007264,-0.001854,0.000236,-0.004355,-0.002597,0.005733,0.002098,-0.003668,-0.000438,0.001989
-0.000205,-0.001354,0.000628,0.001053,0.001369,-0.001625,-0.001135,-0.001551,0.002783,0.019710,0.003010,-0.000225,-0.001124,0.012307,0.002135,0.013040,-0.006598,-0.000686,0.027623,-0.013891,-0.002785,-0.000022,0.002153,0.000000,0.000000,0.002627,0.001924,0.000287,0.000000,0.008933,0.006264,0.015199,-0.006520,0.004888,0.058990,0.003660,-0.006305,0.005106,0.003360,-0.001647,-0.001659
-0.004268,0.006486,-0.004355,-0.011114,0.001628,0.002467,-0.008183,-0.013657,-0.001174,-0.019203,0.001436,0.000488,0.005221,-0.002975,-0.003348,-0.012355,0.007272,0.010436,-0.013891,0.062403,0.002855,-0.013238,-0.002201,0.000000,0.000000,-0.011893,-0.007658,0.003063,0.000000,-0.004144,0.003049,-0.035673,0.007868,-0.003363,-0.007310,-0.012519,0.012959,0.006686,-0.010024,-0.001344,0.001740
0.001821,0.002285,0.002731,0.000216,-0.000292,0.002581,-0.000566,-0.000930,0.000004,-0.002231,-0.000424,-0.000199,0.001008,-0.000487,0.001124,-0.000682,0.004753,0.002260,-0.002785,0.002855,0.005338,-0.000942,-0.000074,0.000000,0.000000,0.003730,0.000843,-0.000081,0.000000,-0.001502,-0.000169,-0.001084,-0.000058,-0.000413,-0.006026,0.000210,0.003565,-0.000621,0.000655,-0.000119,0.002727
0.003391,-0.003105,0.002857,0.002929,0.001129,-0.001768,0.006746,0.011705,-0.000214,-0.002799,0.001190,0.002457,0.005501,-0.004681,0.002783,0.001036,-0.002334,-0.008113,-0.000022,-0.013238,-0.000942,0.015753,0.000793,0.000000,0.000000,0.007448,0.004611,0.000264,0.000000,0.003865,-0.002514,0.009352,0.003286,0.000751,0.004583,0.007871,-0.008163,-0.000669,0.009481,-0.000153,-0.000413
0.000689,-0.000731,0.000184,0.000606,0.001522,0.000031,0.001247,0.001447,0.000874,0.000132,0.001557,0.000046,0.000952,-0.001783,0.000866,0.000570,-0.000031,-0.000546,0.002153,-0.002201,-0.000074,0.000793,0.001416,0.000000,0.000000,0.000425,0.001119,-0.000015,0.000000,0.001867,-0.000243,0.002327,-0.000138,0.001389,0.005624,0.000417,-0.000520,0.001353,0.000664,0.000025,-0.000013
0.000000,0.000000,0.000000,0.000000,0.000000,0.000000,0.000000,0.000000,0.000000,0.000000,0.000000,0.000000,0.000000,0.000000,0.000000,0.000000,0.000000,0.000000,0.000000,0.000000,0.000000,0.000000,0.000000,0.000000,0.000000,0.000000,0.000000,0.000000,0.000000,0.000000,0.000000,0.000000,0.000000,0.000000,0.000000,0.000000,0.000000,0.000000,0.000000,0.000000,0.000000
0.000000,0.000000,0.000000,0.000000,0.000000,0.000000,0.000000,0.000000,0.000000,0.000000,0.000000,0.000000,0.000000,0.000000,0.000000,0.000000,0.000000,0.000000,0.000000,0.000000,0.000000,0.000000,0.000000,0.000000,0.000000,0.000000,0.000000,0.000000,0.000000,0.000000,0.000000,0.000000,0.000000,0.000000,0.000000,0.000000,0.000000,0.000000,0.000000,0.000000,0.000000
0.007916,0.005280,0.012008,0.004629,-0.003267,0.003777,0.001516,0.001402,0.000692,0.010395,-0.003454,0.000233,0.006348,0.001761,0.004982,0.007767,0.011452,-0.001169,0.002627,-0.011893,0.003730,0.007448,0.000425,0.000000,0.000000,0.025453,0.006866,0.001118,0.000000,0.004312,-0.002048,0.013726,0.000511,-0.005155,0.004245,0.012577,0.004794,-0.005994,0.013451,0.000638,0.006300
0.013058,0.000043,0.004729,-0.000674,0.003384,0.002977,0.008113,0.010523,0.002097,0.006432,0.003934,-0.000801,0.008977,-0.003644,0.011720,0.007480,0.003543,-0.002900,0.001924,-0.007658,0.000843,0.004611,0.001119,0.000000,0.000000,0.006866,0.014371,-0.001071,0.000000,0.007382,-0.000458,0.014860,-0.002782,0.003380,0.007402,0.002273,-0.001405,0.002138,0.006255,0.001074,0.002386
-0.001138,-0.000179,-0.000031,0.000735,-0.000891,-0.000020,-0.000119,-0.000324,-0.000026,0.004359,-0.000173,0.000096,-0.001258,0.001219,-0.001234,0.003712,0.000173,0.000117,0.000287,0.003063,-0.000081,0.000264,-0.000015,0.000000,0.000000,0.001118,-0.001071,0.005756,0.000000,0.002476,-0.000166,-0.000187,0.000922,-0.000012,-0.000697,0.001100,0.000427,-0.000156,0.000463,-0.000017,-0.000034
0.000000,0.000000,0.000000,0.000000,0.000000,0.000000,0.000000,0.000000,0.000000,0.000000,0.000000,0.000000,0.000000,0.000000,0.000000,0.000000,0.000000,0.000000,0.000000,0.000000,0.000000,0.000000,0.000000,0.000000,0.000000,0.000000,0.000000,0.000000,0.000000,0.000000,0.000000,0.000000,0.000000,0.000000,0.000000,0.000000,0.000000,0.000000,0.000000,0.000000,0.000000
0.004758,-0.000271,0.001167,-0.000936,0.002444,0.000854,0.006974,0.005539,0.003681,0.031851,0.005110,-0.002797,0.000789,0.006654,0.005600,0.024660,0.002789,-0.002317,0.008933,-0.004144,-0.001502,0.003865,0.001867,0.000000,0.000000,0.004312,0.007382,0.002476,0.000000,0.026672,0.002311,0.019495,-0.004205,0.008023,0.008216,0.004035,0.000199,0.007887,0.005879,0.001453,-0.000304
-0.000860,-0.000600,0.000839,-0.001746,0.000826,0.000359,-0.000097,-0.002515,0.001291,0.007447,0.000572,-0.001305,0.007019,0.015791,0.003422,0.004457,-0.004511,0.001255,0.006264,0.003049,-0.000169,-0.002514,-0.000243,0.000000,0.000000,-0.002048,-0.000458,-0.000166,0.000000,0.002311,0.014973,-0.000531,-0.000213,0.001259,0.003336,-0.001215,-0.004030,0.000536,0.001430,0.001087,0.000496
0.009634,-0.002979,0.005582,0.002211,-0.003785,0.000526,0.005918,0.016238,0.001284,0.040490,-0.000661,-0.001837,-0.009389,0.007876,0.008929,0.030093,-0.000726,-0.007264,0.015199,-0.035673,-0.001084,0.009352,0.002327,0.000000,0.000000,0.013726,0.014860,-0.000187,0.000000,0.019495,-0.000531,0.054484,-0.021122,0.000139,0.017517,0.003472,-0.006888,-0.003440,0.004529,0.003454,0.001076
-0.000858,-0.001424,0.003241,0.001114,0.004418,-0.001369,0.007286,-0.000796,-0.000898,-0.015706,0.002153,0.000393,0.013581,-0.011202,-0.000311,-0.011118,0.005156,-0.001854,-0.006520,0.007868,-0.000058,0.003286,-0.000138,0.000000,0.000000,0.000511,-0.002782,0.000922,0.000000,-0.004205,-0.000213,-0.021122,0.021875,0.003493,-0.003457,0.002492,0.004162,0.002110,0.005654,-0.001184,0.001103
0.002061,-0.002044,-0.000478,0.001607,0.006426,-0.000216,0.005045,0.001887,0.001063,0.001520,0.008018,-0.000218,0.003142,-0.002972,0.003391,0.001162,-0.000889,0.000236,0.004888,-0.003363,-0.000413,0.000751,0.001389,0.000000,0.000000,-0.005155,0.003380,-0.000012,0.000000,0.008023,0.001259,0.000139,0.003493,0.016085,0.004328,-0.000307,-0.000680,0.013923,0.001152,-0.000589,-0.000477
0.004307,-0.004020,0.000594,-0.006713,0.006283,-0.002747,0.001861,0.006011,0.006194,0.007990,0.007330,0.003842,0.008133,0.000263,0.006944,0.007953,-0.011152,-0.004355,0.058990,-0.007310,-0.006026,0.004583,0.005624,0.000000,0.000000,0.004245,0.007402,-0.000697,0.000000,0.008216,0.003336,0.017517,-0.003457,0.004328,0.184236,0.004920,-0.011670,0.006323,0.007177,-0.007589,-0.002871
0.002375,0.000517,0.002804,0.004241,-0.000729,-0.000064,0.003003,0.001986,0.000541,0.008090,-0.000353,0.000355,0.004899,0.001173,0.001177,0.007484,0.001722,-0.002597,0.003660,-0.012519,0.000210,0.007871,0.000417,0.000000,0.000000,0.012577,0.002273,0.001100,0.000000,0.004035,-0.001215,0.003472,0.002492,-0.000307,0.004920,0.016362,-0.001567,-0.000447,0.013349,-0.000178,0.000830
0.001586,0.007546,0.002465,-0.001047,-0.001329,0.002948,-0.001840,-0.005888,-0.002262,0.003073,-0.001889,-0.004646,-0.001202,-0.005676,-0.000877,-0.000133,0.017873,0.005733,-0.006305,0.012959,0.003565,-0.008163,-0.000520,0.000000,0.000000,0.004794,-0.001405,0.000427,0.000000,0.000199,-0.004030,-0.006888,0.004162,-0.000680,-0.011670,-0.001567,0.021625,0.000845,-0.000906,0.000092,0.003710
0.000958,-0.000717,-0.001283,0.001735,0.007109,-0.000702,0.002778,-0.002135,0.000948,0.001305,0.009638,-0.000393,0.001807,-0.002476,0.002174,0.001084,0.000306,0.002098,0.005106,0.006686,-0.000621,-0.000669,0.001353,0.000000,0.000000,-0.005994,0.002138,-0.000156,0.000000,0.007887,0.000536,-0.003440,0.002110,0.013923,0.006323,-0.000447,0.000845,0.019683,0.000509,-0.000848,-0.000891
0.006412,0.000551,0.005433,0.003386,0.001860,0.001066,0.006468,0.005063,0.001372,0.005538,0.001658,-0.000561,0.013471,-0.000429,0.005961,0.006397,0.004085,-0.003668,0.003360,-0.010024,0.000655,0.009481,0.000664,0.000000,0.000000,0.013451,0.006255,0.000463,0.000000,0.005879,0.001430,0.004529,0.005654,0.001152,0.007177,0.013349,-0.000906,0.000509,0.016040,0.000392,0.002217
0.000773,-0.000396,0.000820,-0.000406,-0.000069,-0.000269,0.000965,0.001133,-0.000079,0.002432,-0.000203,-0.001274,0.001376,0.001330,0.001000,0.002560,0.000592,-0.000438,-0.001647,-0.001344,-0.000119,-0.000153,0.000025,0.000000,0.000000,0.000638,0.001074,-0.000017,0.000000,0.001453,0.001087,0.003454,-0.001184,-0.000589,-0.007589,-0.000178,0.000092,-0.000848,0.000392,0.006019,0.000219
0.002718,0.002848,0.005331,-0.000257,0.000008,0.003920,0.001285,0.000563,0.000046,0.000456,-0.000324,-0.000987,0.003593,-0.000182,0.002455,0.000514,0.005458,0.001989,-0.001659,0.001740,0.002727,-0.000413,-0.000013,0.000000,0.000000,0.006300,0.002386,-0.000034,0.000000,-0.000304,0.000496,0.001076,0.001103,-0.000477,-0.002871,0.000830,0.003710,-0.000891,0.002217,0.000219,0.004869
