0.065694,0.002822,-0.002037,-0.000552,0.002552,0.000325,0.002044,-0.000527,0.002074,0.001069,-0.002351,-0.003133,-0.001280,-0.001586,-0.001223,-0.000836,-0.001399,0.002086
0.002822,0.058363,-0.002571,-0.000427,-0.003812,-0.000714,-0.002305,-0.002567,0.002474,-0.003060,-0.000361,-0.000452,0.002314,0.002147,-0.000343,0.001470,-0.000148,0.002476
-0.002037,-0.002571,0.058167,0.002008,-0.000078,0.001908,0.003187,-0.002636,-0.001837,-0.000452,-0.001313,-0.003704,0.000294,0.002462,-0.004175,0.004557,0.000717,-0.003604
-0.000552,-0.000427,0.002008,0.053970,-0.001344,0.000605,0.000067,-0.000673,0.000221,-0.005568,0.004171,-0.000247,-0.001762,0.002818,0.000631,0.001639,-0.000768,-0.000381
0.002552,-0.003812,-0.000078,-0.001344,0.054665,-0.003113,-0.001942,0.003278,-0.000672,0.000930,0.004031,-0.002181,0.000716,-0.002577,-0.003454,-0.001688,0.003196,0.002196
0.000325,-0.000714,0.001908,0.000605,-0.003113,0.061873,0.004690,-0.001770,0.001913,-0.000096,0.002045,0.002975,-0.002743,-0.002706,-0.000233,0.000149,0.001297,0.002338
0.002044,-0.002305,0.003187,0.000067,-0.001942,0.004690,0.059307,-0.005866,-0.005235,-0.000868,-0.001378,0.000424,0.000440,0.001586,0.000610,0.000476,0.002643,-0.004746
-0.000527,-0.002567,-0.002636,-0.000673,0.003278,-0.001770,-0.005866,0.062692,0.003574,0.000395,0.003220,-0.004149,-0.002710,-0.003672,0.000859,0.003431,-0.000444,-0.000933
0.002074,0.002474,-0.001837,0.000221,-0.000672,0.001913,-0.005235,0.003574,0.057311,-0.001883,0.000548,0.000502,0.000565,0.002107,0.002197,0.000194,0.000945,-0.004222
0.001069,-0.003060,-0.000452,-0.005568,0.000930,-0.000096,-0.000868,0.000395,-0.001883,0.059814,-0.004078,0.000872,0.004909,-0.003806,-0.005432,-0.000539,0.004657,-0.002092
-0.002351,-0.000361,-0.001313,0.004171,0.004031,0.002045,-0.001378,0.003220,0.000548,-0.004078,0.055775,-0.000260,-0.001411,0.001765,-0.000942,0.002866,0.002598,-0.001859
-0.003133,-0.000452,-0.003704,-0.000247,-0.002181,0.002975,0.000424,-0.004149,0.000502,0.000872,-0.000260,0.059194,0.000908,0.004770,-0.002135,-0.001079,0.006066,0.000946
-0.001280,0.002314,0.000294,-0.001762,0.000716,-0.002743,0.000440,-0.002710,0.000565,0.004909,-0.001411,0.000908,0.059069,-0.000062,0.001247,0.000158,-0.001404,-0.006477
-0.001586,0.002147,0.002462,0.002818,-0.002577,-0.002706,0.001586,-0.003672,0.002107,-0.003806,0.001765,0.004770,-0.000062,0.058296,0.000284,0.000636,-0.000460,0.004032
-0.001223,-0.000343,-0.004175,0.000631,-0.003454,-0.000233,0.000610,0.000859,0.002197,-0.005432,-0.000942,-0.002135,0.001247,0.000284,0.063025,-0.002975,0.000783,-0.001054
-0.000836,0.001470,0.004557,0.001639,-0.001688,0.000149,0.000476,0.003431,0.000194,-0.000539,0.002866,-0.001079,0.000158,0.000636,-0.002975,0.059451,0.000626,0.000146
-0.001399,-0.000148,0.000717,-0.000768,0.003196,0.001297,0.002643,-0.000444,0.000945,0.004657,0.002598,0.006066,-0.001404,-0.000460,0.000783,0.000626,0.054865,-0.003003
0.002086,0.002476,-0.003604,-0.000381,0.002196,0.002338,-0.004746,-0.000933,-0.004222,-0.002092,-0.001859,0.000946,-0.006477,0.004032,-0.001054,0.000146,-0.003003,0.057333
