0.051013,0.000862,-0.001832,-0.002545,-0.000178,-0.003118,-0.001577,-0.000994,-0.002874,-0.000417,-0.002528,-0.003817,0.000988,-0.000618,-0.000345,0.002794,-0.000844,-0.000498
0.000862,0.060450,-0.001079,-0.002313,-0.004671,0.000962,-0.005824,-0.003695,0.002642,-0.003711,-0.003552,0.000266,0.001770,0.001281,0.000144,0.000445,0.002213,0.002739
-0.001832,-0.001079,0.057735,0.001953,-0.002868,0.000624,0.001896,-0.000701,0.003116,-0.000673,-0.001981,-0.004810,0.000262,0.002150,-0.002596,0.005716,0.002826,-0.002498
-0.002545,-0.002313,0.001953,0.057550,-0.002702,-0.001776,-0.001245,-0.002176,0.001609,-0.006092,0.002070,-0.000471,-0.003578,0.003387,-0.001473,-0.000228,0.000832,-0.000852
-0.000178,-0.004671,-0.002868,-0.002702,0.052344,0.000619,-0.002750,0.004194,0.000903,0.001099,0.003875,-0.000996,0.000487,-0.005323,-0.000172,0.000019,0.001457,0.002323
-0.003118,0.000962,0.000624,-0.001776,0.000619,0.062477,0.002675,-0.000555,-0.000341,-0.002960,0.000121,0.002498,-0.004654,-0.002789,0.001663,-0.000978,0.001448,0.000511
-0.001577,-0.005824,0.001896,-0.001245,-0.002750,0.002675,0.060677,-0.005512,-0.001410,-0.002357,0.002363,-0.000467,-0.001076,0.002178,-0.000015,0.001919,0.001367,-0.003227
-0.000994,-0.003695,-0.000701,-0.002176,0.004194,-0.000555,-0.005512,0.060453,0.002991,-0.000343,0.000664,-0.002837,-0.000564,-0.006042,-0.000774,0.003056,0.002489,0.001206
-0.002874,0.002642,0.003116,0.001609,0.000903,-0.000341,-0.001410,0.002991,0.058910,-0.000431,0.001637,-0.001766,-0.002340,-0.001407,-0.000389,0.001221,0.001488,0.001804
-0.000417,-0.003711,-0.000673,-0.006092,0.001099,-0.002960,-0.002357,-0.000343,-0.000431,0.056349,-0.003820,-0.000157,0.003832,-0.002616,-0.001528,0.001469,0.005333,-0.004753
-0.002528,-0.003552,-0.001981,0.002070,0.003875,0.000121,0.002363,0.000664,0.001637,-0.003820,0.061043,0.002771,-0.002827,0.003905,-0.000484,0.003735,0.001967,-0.000829
-0.003817,0.000266,-0.004810,-0.000471,-0.000996,0.002498,-0.000467,-0.002837,-0.001766,-0.000157,0.002771,0.061965,-0.001223,0.002759,-0.000762,-0.001986,0.004764,0.003311
0.000988,0.001770,0.000262,-0.003578,0.000487,-0.004654,-0.001076,-0.000564,-0.002340,0.003832,-0.002827,-0.001223,0.059446,-0.002641,0.001398,-0.000308,-0.002827,-0.004716
-0.000618,0.001281,0.002150,0.003387,-0.005323,-0.002789,0.002178,-0.006042,-0.001407,-0.002616,0.003905,0.002759,-0.002641,0.055279,-0.001380,-0.001267,-0.000161,-0.000850
-0.000345,0.000144,-0.002596,-0.001473,-0.000172,0.001663,-0.000015,-0.000774,-0.000389,-0.001528,-0.000484,-0.000762,0.001398,-0.001380,0.058047,-0.003549,-0.001818,0.000165
0.002794,0.000445,0.005716,-0.000228,0.000019,-0.000978,0.001919,0.003056,0.001221,0.001469,0.003735,-0.001986,-0.000308,-0.001267,-0.003549,0.060469,-0.000614,-0.001544
-0.000844,0.002213,0.002826,0.000832,0.001457,0.001448,0.001367,0.002489,0.001488,0.005333,0.001967,0.004764,-0.002827,-0.000161,-0.001818,-0.000614,0.057750,0.001506
-0.000498,0.002739,-0.002498,-0.000852,0.002323,0.000511,-0.003227,0.001206,0.001804,-0.004753,-0.000829,0.003311,-0.004716,-0.000850,0.000165,-0.001544,0.001506,0.059569
