0.076416,0.002100,-0.000973,-0.000040,0.003250,-0.000196,0.000855,-0.002027,-0.000291,-0.000198,-0.002838,-0.003141,-0.002436,-0.001102,-0.000319,0.000755,-0.001080,0.000359
0.002100,0.057012,0.000121,-0.001557,-0.002308,0.000825,-0.005560,-0.001339,0.005723,-0.001762,0.001204,-0.001715,0.001597,0.001381,-0.000478,0.001932,0.001567,0.005298
-0.000973,0.000121,0.057136,0.002287,-0.004173,-0.001298,0.005168,-0.003348,0.000227,-0.003935,-0.002257,-0.000087,0.001171,0.003110,-0.000654,0.002480,0.002559,-0.002087
-0.000040,-0.001557,0.002287,0.057299,-0.000623,-0.001160,0.001776,-0.001251,-0.001083,-0.007438,0.002175,-0.000541,-0.002555,0.000946,-0.001706,0.000985,-0.000953,0.000162
0.003250,-0.002308,-0.004173,-0.000623,0.054932,0.000317,-0.002609,0.001251,-0.000170,0.000257,0.001821,-0.001030,0.000993,-0.003200,-0.001755,0.003540,0.002780,0.000821
-0.000196,0.000825,-0.001298,-0.001160,0.000317,0.060704,0.000761,-0.003411,0.000090,-0.001237,0.002712,0.000675,-0.002818,-0.002885,0.002572,0.000245,0.000205,0.001649
0.000855,-0.005560,0.005168,0.001776,-0.002609,0.000761,0.059936,-0.006833,-0.000209,0.001777,0.001053,0.000893,0.000134,0.002340,-0.001058,-0.003123,0.001246,-0.002419
-0.002027,-0.001339,-0.003348,-0.001251,0.001251,-0.003411,-0.006833,0.064052,0.005247,0.002076,0.005379,-0.002071,-0.001006,-0.000618,0.000951,0.002192,0.004716,-0.000696
-0.000291,0.005723,0.000227,-0.001083,-0.000170,0.000090,-0.000209,0.005247,0.058084,0.002539,0.003295,-0.001355,-0.002394,-0.001625,-0.000543,0.000646,0.002220,-0.002682
-0.000198,-0.001762,-0.003935,-0.007438,0.000257,-0.001237,0.001777,0.002076,0.002539,0.058559,-0.003425,-0.000382,0.002167,-0.000962,-0.003535,0.002272,0.005207,-0.003273
-0.002838,0.001204,-0.002257,0.002175,0.001821,0.002712,0.001053,0.005379,0.003295,-0.003425,0.055452,0.001163,-0.001163,-0.001898,-0.001099,0.003014,0.000283,-0.000100
-0.003141,-0.001715,-0.000087,-0.000541,-0.001030,0.000675,0.000893,-0.002071,-0.001355,-0.000382,0.001163,0.059488,0.000122,0.004326,-0.001874,-0.001508,0.003641,0.002484
-0.002436,0.001597,0.001171,-0.002555,0.000993,-0.002818,0.000134,-0.001006,-0.002394,0.002167,-0.001163,0.000122,0.058541,-0.001924,-0.000027,0.001332,-0.001152,-0.000575
-0.001102,0.001381,0.003110,0.000946,-0.003200,-0.002885,0.002340,-0.000618,-0.001625,-0.000962,-0.001898,0.004326,-0.001924,0.055779,0.000249,0.000448,-0.001529,0.000897
-0.000319,-0.000478,-0.000654,-0.001706,-0.001755,0.002572,-0.001058,0.000951,-0.000543,-0.003535,-0.001099,-0.001874,-0.000027,0.000249,0.058142,0.001518,0.000499,0.001228
0.000755,0.001932,0.002480,0.000985,0.003540,0.000245,-0.003123,0.002192,0.000646,0.002272,0.003014,-0.001508,0.001332,0.000448,0.001518,0.059569,0.000872,-0.000787
-0.001080,0.001567,0.002559,-0.000953,0.002780,0.000205,0.001246,0.004716,0.002220,0.005207,0.000283,0.003641,-0.001152,-0.001529,0.000499,0.000872,0.055401,-0.002580
0.000359,0.005298,-0.002087,0.000162,0.000821,0.001649,-0.002419,-0.000696,-0.002682,-0.003273,-0.000100,0.002484,-0.000575,0.000897,0.001228,-0.000787,-0.002580,0.057791
