2.329874,-0.037986,0.116947,0.123441,0.004610,-0.769170,-2.946818,0.001181,-0.098578,0.035864,-0.072762
-0.037986,0.023216,-0.009704,-0.004470,0.000248,0.011381,0.231161,0.000011,0.003922,-0.004243,-0.018613
0.116947,-0.009704,0.026832,0.018127,0.000505,-0.031514,0.185319,0.000063,-0.008273,0.004502,0.018134
0.123441,-0.004470,0.018127,1.292159,-0.000370,0.941030,4.230342,0.000402,-0.004101,0.002598,0.021343
0.004610,0.000248,0.000505,-0.000370,0.001068,-0.012177,0.037958,0.000008,-0.000663,0.000869,-0.004567
-0.769170,0.011381,-0.031514,0.941030,-0.012177,78.710306,118.120508,0.000107,0.028740,0.045388,-0.387705
-2.946818,0.231161,0.185319,4.230342,0.037958,118.120508,835.961285,0.002351,-0.409423,0.420451,-3.957520
0.001181,0.000011,0.000063,0.000402,0.000008,0.000107,0.002351,0.000002,-0.000043,0.000024,-0.000439
-0.098578,0.003922,-0.008273,-0.004101,-0.000663,0.028740,-0.409423,-0.000043,0.016885,-0.003754,0.012789
0.035864,-0.004243,0.004502,0.002598,0.000869,0.045388,0.420451,0.000024,-0.003754,0.022980,0.004480
-0.072762,-0.018613,0.018134,0.021343,-0.004567,-0.387705,-3.957520,-0.000439,0.012789,0.004480,0.751566
