0.833227,0.008913,0.095174,0.115389,0.064183,0.004182
0.008913,0.033322,-0.014099,-0.003020,-0.003151,-0.000205
0.095174,-0.014099,1.842890,0.033200,0.026546,0.001207
0.115389,-0.003020,0.033200,1.727021,-0.029844,-0.009834
0.064183,-0.003151,0.026546,-0.029844,0.841818,-0.001858
0.004182,-0.000205,0.001207,-0.009834,-0.001858,0.005621
