0.045737,0.000299,-0.000765,-0.000710,-0.000910,-0.001807
0.000299,0.046641,0.002885,0.000229,-0.000111,-0.000336
-0.000765,0.002885,0.033995,0.000460,0.003401,0.000774
-0.000710,0.000229,0.000460,0.020748,0.000027,-0.001608
-0.000910,-0.000111,0.003401,0.000027,0.028964,-0.000677
-0.001807,-0.000336,0.000774,-0.001608,-0.000677,0.018225
