3.578708,-2.820813,1.737013,-0.243042,-8.262458,0.511045,0.051909,-2.656950
-2.820813,157.878340,-5.157263,-0.975774,-5375.195315,1.504548,1.933370,-6.406642
1.737013,-5.157263,7.020235,1.024367,-273.666676,-0.567676,0.967702,0.723613
-0.243042,-0.975774,1.024367,0.550663,-18.952013,-0.136691,0.166441,0.715446
-8.262458,-5375.195315,-273.666676,-18.952013,1858368.185257,1470.001370,-402.319093,-1056.949858
0.511045,1.504548,-0.567676,-0.136691,1470.001370,152.472496,-0.693107,-2.441065
0.051909,1.933370,0.967702,0.166441,-402.319093,-0.693107,23.656257,4.964033
-2.656950,-6.406642,0.723613,0.715446,-1056.949858,-2.441065,4.964033,252.982298
