0.017397,-0.003781,0.000831,-0.000377,-0.000052,0.000021,-0.002223,-0.000421
-0.003781,0.060678,-0.000708,-0.000460,-0.002989,0.000012,0.000693,-0.005310
0.000831,-0.000708,0.000265,0.000153,-0.000048,-0.000003,0.000472,-0.000144
-0.000377,-0.000460,0.000153,0.000286,-0.000016,-0.000003,0.000294,0.000035
-0.000052,-0.002989,-0.000048,-0.000016,0.001496,0.000024,-0.000981,0.000838
0.000021,0.000012,-0.000003,-0.000003,0.000024,0.000071,-0.000027,0.000027
-0.002223,0.000693,0.000472,0.000294,-0.000981,-0.000027,0.051831,-0.042772
-0.000421,-0.005310,-0.000144,0.000035,0.000838,0.000027,-0.042772,0.041375
