6.217217,-0.009331,0.015535,0.029426,0.001986,0.604016,3.915468,0.007421,-0.029341,0.007925,0.080841
-0.009331,0.023352,-0.001436,0.027029,-0.000007,-0.138070,0.074177,-0.001960,0.004958,0.000865,0.018527
0.015535,-0.001436,0.033110,0.006775,0.000207,0.312181,0.489259,-0.000668,0.000255,0.000169,-0.016535
0.029426,0.027029,0.006775,25.340418,0.001652,9.843942,38.465835,-0.040504,0.056712,-0.010729,-1.055800
0.001986,-0.000007,0.000207,0.001652,0.000727,0.026613,0.088708,-0.000097,0.000217,0.000006,-0.004785
0.604016,-0.138070,0.312181,9.843942,0.026613,479.161140,231.729285,0.439066,0.431088,0.157231,-3.437929
3.915468,0.074177,0.489259,38.465835,0.088708,231.729285,5259.666464,-0.382857,2.638910,0.562190,-5.801382
0.007421,-0.001960,-0.000668,-0.040504,-0.000097,0.439066,-0.382857,0.206177,-0.003631,-0.000870,-0.032660
-0.029341,0.004958,0.000255,0.056712,0.000217,0.431088,2.638910,-0.003631,2.160731,0.003036,0.119592
0.007925,0.000865,0.000169,-0.010729,0.000006,0.157231,0.562190,-0.000870,0.003036,0.058412,-0.015504
0.080841,0.018527,-0.016535,-1.055800,-0.004785,-3.437929,-5.801382,-0.032660,0.119592,-0.015504,24.317095
