10854.861178,-1710.234430,-2419.739827,-255.798373,52.335681,-1045.485235,-1724.047988,441.194447
-1710.234430,5846.279611,-1925.767355,246.566351,-16.581139,-1965.016173,-1580.529113,-152.407834
-2419.739827,-1925.767355,2987.899110,20.159102,51.682837,281.976851,-65.634178,673.950799
-255.798373,246.566351,20.159102,437.055599,-85.145263,-214.418471,-744.083680,301.315153
52.335681,-16.581139,51.682837,-85.145263,34.705255,-126.889343,102.419103,-100.000492
-1045.485235,-1965.016173,281.976851,-214.418471,-126.889343,5933.850771,-1065.119359,515.238505
-1724.047988,-1580.529113,-65.634178,-744.083680,102.419103,-1065.119359,5987.812472,-183.185195
441.194447,-152.407834,673.950799,301.315153,-100.000492,515.238505,-183.185195,3082.323599
