0.055564,-0.009758,-0.027184,-0.005937,0.006638,-0.008283,-0.007817,0.004640
-0.009758,0.043766,-0.025816,0.005481,0.000783,-0.014161,-0.014766,-0.002929
-0.027184,-0.025816,0.077939,0.002418,0.006345,0.000017,-0.001494,0.011465
-0.005937,0.005481,0.002418,0.030480,-0.024272,-0.005357,-0.016702,0.008625
0.006638,0.000783,0.006345,-0.024272,0.037264,-0.011850,0.008267,-0.009387
-0.008283,-0.014161,0.000017,-0.005357,-0.011850,0.053189,-0.008353,0.003919
-0.007817,-0.014766,-0.001494,-0.016702,0.008267,-0.008353,0.041456,-0.005065
0.004640,-0.002929,0.011465,0.008625,-0.009387,0.003919,-0.005065,0.026462
