0.005812,0.001150,-0.000270,0.000413,0.000174,0.000006,0.000052,0.000045
0.001150,0.004889,-0.000293,0.000418,0.000181,-0.000007,-0.000016,-0.000161
-0.000270,-0.000293,0.002053,0.000108,-0.000002,0.000041,-0.000028,-0.000033
0.000413,0.000418,0.000108,0.005989,-0.000054,0.000037,-0.000022,0.000011
0.000174,0.000181,-0.000002,-0.000054,0.000696,-0.000001,0.000003,0.000028
0.000006,-0.000007,0.000041,0.000037,-0.000001,0.001511,0.000018,0.000003
0.000052,-0.000016,-0.000028,-0.000022,0.000003,0.000018,0.000982,0.000045
0.000045,-0.000161,-0.000033,0.000011,0.000028,0.000003,0.000045,0.003309
