0.007337,0.001485,-0.000384,0.000464,0.000391,0.000008,0.000081,0.000051
0.001485,0.006459,-0.000426,0.000480,0.000416,-0.000010,-0.000026,-0.000185
-0.000384,-0.000426,0.003290,0.000136,-0.000005,0.000063,-0.000048,-0.000042
0.000464,0.000480,0.000136,0.005989,-0.000107,0.000045,-0.000030,0.000011
0.000391,0.000416,-0.000005,-0.000107,0.002783,-0.000003,0.000009,0.000057
0.000008,-0.000010,0.000063,0.000045,-0.000003,0.002193,0.000030,0.000003
0.000081,-0.000026,-0.000048,-0.000030,0.000009,0.000030,0.001842,0.000061
0.000051,-0.000185,-0.000042,0.000011,0.000057,0.000003,0.000061,0.003309
