0.007337,0.001483,-0.000380,0.000468,0.000391,0.000005,0.000080,0.000048
0.001483,0.006283,-0.000366,0.000407,0.000406,-0.000006,-0.000023,-0.000045
-0.000380,-0.000366,0.003275,0.000180,-0.000007,0.000008,0.000067,0.000033
0.000468,0.000407,0.000180,0.005739,-0.000106,-0.000006,-0.000041,0.000112
0.000391,0.000406,-0.000007,-0.000106,0.002782,0.000004,0.000006,0.000059
0.000005,-0.000006,0.000008,-0.000006,0.000004,0.001268,0.000052,-0.000050
0.000080,-0.000023,0.000067,-0.000041,0.000006,0.000052,0.001605,0.000065
0.000048,-0.000045,0.000033,0.000112,0.000059,-0.000050,0.000065,0.003299
