0.571543,-0.001518,0.025170,0.356199,-0.000201,-1.394446,1.278183,0.000598,-0.049138,-0.004066,-0.130389
-0.001518,0.008172,-0.002492,0.023606,0.000102,-0.270229,0.397686,-0.000003,-0.000668,-0.000304,0.010583
0.025170,-0.002492,0.010462,0.048710,0.000296,0.096296,0.716873,0.000050,-0.003267,0.000493,-0.015256
0.356199,0.023606,0.048710,22.850203,0.007367,24.168840,76.776798,0.011111,-0.153887,-0.016180,-2.643633
-0.000201,0.000102,0.000296,0.007367,0.000383,0.035408,0.165062,0.000016,-0.000438,0.000065,-0.009330
-1.394446,-0.270229,0.096296,24.168840,0.035408,262.267818,450.846118,0.013917,0.018605,0.032962,-5.154786
1.278183,0.397686,0.716873,76.776798,0.165062,450.846118,1533.207673,0.060487,-0.005184,0.727653,-22.993493
0.000598,-0.000003,0.000050,0.011111,0.000016,0.013917,0.060487,0.000008,-0.000049,0.000021,-0.002692
-0.049138,-0.000668,-0.003267,-0.153887,-0.000438,0.018605,-0.005184,-0.000049,0.019876,0.002703,0.023508
-0.004066,-0.000304,0.000493,-0.016180,0.000065,0.032962,0.727653,0.000021,0.002703,0.010522,0.002738
-0.130389,0.010583,-0.015256,-2.643633,-0.009330,-5.154786,-22.993493,-0.002692,0.023508,0.002738,1.376034
