0.000480,0.000568,0.000413,0.000450,0.000453,0.000171,0.000131,0.000435,0.000431,0.000769,0.000840,0.000547,0.000334,0.000775,0.001294,0.001047,0.000115,0.000261,0.000112,0.000768,0.000696,-0.000297,-0.000060,-0.000467,-0.001224,-0.001515,-0.001381,-0.001504,-0.001153,-0.000243,-0.000322,-0.000323,-0.000505,-0.000125,0.000127,0.000233,0.000309,0.000606,0.000634,0.000126,0.000301,0.000576,0.000226,0.000220,0.000761,0.000645,0.000166,0.000224,0.000164,0.000036,0.000036,0.000052,0.000023,0.000011,0.000022,0.000029,0.000042,0.000028,0.000034,0.000043
0.000568,0.001215,0.000908,0.000956,0.000910,0.000480,0.000390,0.000792,0.000743,0.001048,0.001218,0.000771,0.000714,0.001468,0.002156,0.002002,0.000592,0.000533,0.000120,0.000740,0.000519,-0.000717,-0.000370,-0.000956,-0.002207,-0.002719,-0.002088,-0.002502,-0.002444,-0.000554,-0.000582,-0.000117,-0.001029,0.000019,0.001049,0.001344,0.001126,0.001231,0.000835,-0.000004,0.000617,0.000995,0.000309,0.000217,0.001215,0.000934,0.000268,0.000399,0.000288,0.000043,0.000095,0.000106,0.000043,0.000032,0.000056,0.000054,0.000055,0.000040,0.000051,0.000073
0.000413,0.000908,0.001288,0.001234,0.001048,0.000357,0.000241,0.000514,0.000517,0.000596,0.000631,0.000040,0.000111,0.000672,0.001191,0.001051,0.000482,0.000553,-0.000045,0.000147,0.000043,-0.000614,-0.000355,-0.000458,-0.001711,-0.002460,-0.002304,-0.002207,-0.002122,-0.000538,-0.000386,0.000037,-0.001348,-0.000327,0.000574,0.001006,0.000330,0.000966,0.000526,-0.000102,0.000523,0.000510,-0.000103,-0.000208,0.000550,0.000601,0.000282,0.000385,0.000181,-0.000004,0.000067,0.000088,0.000047,0.000044,0.000041,0.000042,0.000064,0.000033,0.000061,0.000067
0.000450,0.000956,0.001234,0.001904,0.001701,0.000577,0.000421,0.000610,0.000405,0.000620,0.000664,0.000232,0.000165,0.001187,0.001675,0.001415,0.000541,0.000423,0.000606,0.000569,0.000304,-0.000245,-0.000797,-0.000789,-0.001447,-0.002324,-0.002476,-0.002260,-0.002617,-0.000965,-0.001365,-0.000636,-0.002257,-0.001139,-0.000823,-0.000078,-0.000109,0.000125,0.000045,-0.000594,0.000169,0.000228,-0.000283,-0.000256,0.000347,0.000269,0.000206,0.000366,0.000173,-0.000005,0.000081,0.000106,0.000057,0.000034,0.000037,0.000029,0.000061,0.000038,0.000077,0.000092
0.000453,0.000910,0.001048,0.001701,0.003244,0.001340,0.000910,0.000762,0.000348,0.001490,0.001949,0.001860,0.001207,0.003234,0.004000,0.004619,0.002614,0.003527,0.004363,0.003634,0.002911,0.002236,0.000199,0.000021,-0.000614,-0.001644,-0.002935,-0.003830,-0.004758,-0.002613,-0.003112,-0.001189,-0.003369,-0.001875,-0.001544,-0.001210,-0.001278,-0.001275,-0.000546,-0.000731,0.000033,0.000575,0.000074,-0.000463,0.000033,-0.000201,0.000028,0.000132,0.000103,-0.000021,0.000098,0.000110,0.000070,0.000023,0.000021,0.000018,0.000064,0.000049,0.000068,0.000089
0.000171,0.000480,0.000357,0.000577,0.001340,0.002223,0.001376,0.001241,0.001167,0.001464,0.001715,0.002108,0.002008,0.002987,0.003015,0.003273,0.001522,0.002152,0.001862,0.001961,0.001562,0.001153,0.000179,-0.000576,-0.000607,-0.001405,-0.002255,-0.001492,-0.001801,-0.000964,-0.000662,-0.000119,-0.002362,-0.001265,-0.000555,-0.000241,-0.000816,-0.001197,-0.000108,-0.000326,-0.000099,0.000113,-0.000300,-0.000487,-0.000177,-0.000234,0.000061,-0.000135,-0.000034,0.000031,0.000023,0.000091,0.000028,0.000032,0.000014,0.000028,0.000037,0.000029,0.000022,0.000031
0.000131,0.000390,0.000241,0.000421,0.000910,0.001376,0.002502,0.002004,0.002103,0.002504,0.002071,0.001200,0.001686,0.003555,0.004035,0.004113,0.001961,0.002377,0.001703,0.001163,0.000991,-0.000228,0.000366,-0.000457,-0.001184,-0.002128,-0.002678,-0.002214,-0.001610,-0.001526,-0.001597,-0.000857,-0.002283,-0.000451,0.000010,0.001027,0.001270,0.000836,0.000935,0.000118,-0.000016,0.000642,-0.000123,-0.000224,0.000236,0.000045,0.000371,0.000441,0.000257,0.000039,0.000106,0.000052,0.000016,0.000017,0.000067,0.000046,0.000083,0.000050,0.000058,0.000061
0.000435,0.000792,0.000514,0.000610,0.000762,0.001241,0.002004,0.004769,0.004706,0.004409,0.003538,0.001485,0.002018,0.004321,0.005172,0.004997,0.001052,0.001807,-0.000219,0.002473,0.002246,-0.002435,-0.000931,-0.003945,-0.005374,-0.004700,-0.004273,-0.003426,-0.003639,-0.000656,-0.001839,-0.001501,-0.001713,0.000461,0.002551,0.004256,0.003730,0.004211,0.003391,0.000646,0.000299,0.000983,0.000255,0.000351,0.001681,0.000740,0.000087,0.000598,0.000493,0.000084,0.000139,0.000083,0.000014,0.000057,0.000120,0.000124,0.000154,0.000112,0.000084,0.000052
0.000431,0.000743,0.000517,0.000405,0.000348,0.001167,0.002103,0.004706,0.008475,0.007722,0.005300,0.002068,0.002732,0.003436,0.003656,0.003406,0.000412,0.001425,-0.001651,0.003351,0.003249,-0.002500,-0.000580,-0.004812,-0.005797,-0.003679,-0.004403,-0.002702,-0.002978,0.000808,-0.000268,0.000616,0.000849,0.002005,0.005260,0.007095,0.004953,0.006870,0.005481,0.002385,0.000796,0.001082,0.000886,0.002907,0.004339,0.001621,0.000135,0.001167,0.000492,0.000090,0.000190,0.000099,0.000014,0.000065,0.000046,0.000161,0.000158,0.000079,0.000046,0.000038
0.000769,0.001048,0.000596,0.000620,0.001490,0.001464,0.002504,0.004409,0.007722,0.015688,0.012923,0.007993,0.005619,0.008900,0.009443,0.009621,0.003562,0.003752,0.003955,0.008084,0.008594,0.003171,0.001017,-0.003638,-0.004066,-0.001137,-0.000711,-0.001990,-0.004803,-0.001334,-0.003002,-0.000878,-0.003463,-0.003290,-0.003830,-0.001915,0.000645,0.002818,0.004925,0.002496,0.000513,0.000178,0.001099,0.004264,0.005631,0.001893,0.000438,0.002107,0.001260,0.000109,0.000328,0.000050,-0.000013,-0.000030,0.000058,0.000097,0.000143,0.000086,0.000033,0.000027
0.000840,0.001218,0.000631,0.000664,0.001949,0.001715,0.002071,0.003538,0.005300,0.012923,0.015536,0.013538,0.008101,0.011218,0.010697,0.011152,0.004103,0.005327,0.008431,0.011096,0.010201,0.005997,0.000724,-0.000569,-0.000441,-0.000219,-0.000587,-0.001750,-0.004213,-0.002330,-0.003940,-0.001929,-0.005135,-0.004956,-0.007988,-0.006882,-0.003013,-0.002416,0.001295,-0.000133,-0.000518,0.000543,0.001514,0.003780,0.004640,0.001059,-0.000133,0.001223,0.000879,0.000038,0.000295,0.000071,0.000010,-0.000056,0.000132,0.000079,0.000120,0.000073,0.000018,0.000019
0.000547,0.000771,0.000040,0.000232,0.001860,0.002108,0.001200,0.001485,0.002068,0.007993,0.013538,0.019524,0.010061,0.010767,0.007892,0.008466,0.003147,0.005663,0.009722,0.009896,0.006427,0.003288,-0.002708,-0.001623,-0.001511,-0.002061,-0.000486,-0.001133,-0.003116,-0.001915,-0.002015,-0.000469,-0.003214,-0.004475,-0.009275,-0.009471,-0.005028,-0.003836,0.001009,0.000199,0.000735,0.001564,0.002417,0.003064,0.002587,-0.000163,-0.000417,0.000222,0.000273,0.000020,0.000177,0.000085,-0.000001,-0.000062,0.000080,0.000076,0.000047,0.000002,-0.000004,0.000036
0.000334,0.000714,0.000111,0.000165,0.001207,0.002008,0.001686,0.002018,0.002732,0.005619,0.008101,0.010061,0.011902,0.011150,0.010289,0.010033,0.006696,0.007150,0.008708,0.009125,0.006413,0.004177,0.000320,-0.003799,-0.007177,-0.006656,-0.004180,-0.005254,-0.005702,-0.002596,-0.003020,-0.001574,-0.003545,-0.003221,-0.005632,-0.004899,-0.003922,-0.001698,0.001655,-0.000159,-0.000986,-0.000131,0.000083,-0.000249,-0.000124,-0.000277,-0.000396,-0.000469,-0.000161,0.000059,0.000199,0.000115,0.000057,-0.000016,0.000092,0.000059,0.000042,0.000032,-0.000013,0.000021
0.000775,0.001468,0.000672,0.001187,0.003234,0.002987,0.003555,0.004321,0.003436,0.008900,0.011218,0.010767,0.011150,0.028409,0.032069,0.031643,0.018048,0.022483,0.022901,0.020734,0.017466,0.013489,0.003856,0.000441,-0.002178,-0.004475,-0.008393,-0.013923,-0.016605,-0.008877,-0.010592,-0.005998,-0.015225,-0.010126,-0.015341,-0.013553,-0.009117,-0.009022,-0.006014,-0.004934,-0.002181,-0.000746,-0.002674,-0.003543,-0.002555,-0.002305,-0.000932,-0.000336,0.000181,0.000086,0.000349,0.000104,0.000026,0.000033,0.000272,0.000135,0.000157,0.000135,0.000067,0.000110
0.001294,0.002156,0.001191,0.001675,0.004000,0.003015,0.004035,0.005172,0.003656,0.009443,0.010697,0.007892,0.010289,0.032069,0.046167,0.048490,0.030044,0.034978,0.033174,0.028451,0.024432,0.018710,0.007495,0.002283,-0.003971,-0.009113,-0.013377,-0.021696,-0.025815,-0.012704,-0.014751,-0.009988,-0.022020,-0.012183,-0.015392,-0.014392,-0.010570,-0.010170,-0.008858,-0.006827,-0.003027,-0.002651,-0.004729,-0.007453,-0.005391,-0.002786,-0.001376,-0.001067,-0.000068,0.000065,0.000302,0.000115,0.000026,0.000028,0.000312,0.000223,0.000280,0.000188,0.000101,0.000196
0.001047,0.002002,0.001051,0.001415,0.004619,0.003273,0.004113,0.004997,0.003406,0.009621,0.011152,0.008466,0.010033,0.031643,0.048490,0.059815,0.039407,0.045715,0.044052,0.034428,0.028313,0.022750,0.010143,0.003347,-0.003978,-0.010792,-0.014893,-0.025010,-0.031948,-0.017237,-0.018214,-0.012641,-0.023778,-0.013553,-0.014211,-0.012375,-0.008799,-0.009163,-0.009957,-0.005885,-0.002393,-0.003381,-0.005032,-0.007818,-0.006422,-0.003164,-0.001805,-0.001817,-0.000484,0.000050,0.000231,0.000124,0.000028,0.000036,0.000289,0.000242,0.000276,0.000178,0.000128,0.000209
0.000115,0.000592,0.000482,0.000541,0.002614,0.001522,0.001961,0.001052,0.000412,0.003562,0.004103,0.003147,0.006696,0.018048,0.030044,0.039407,0.045692,0.039609,0.031288,0.016610,0.009942,0.012289,0.005262,-0.000601,-0.007482,-0.012538,-0.015270,-0.021760,-0.021136,-0.009177,-0.007596,-0.004717,-0.010412,-0.005057,-0.004097,-0.005085,-0.004085,-0.005270,-0.009704,-0.006028,-0.003439,-0.004607,-0.004064,-0.008555,-0.008916,-0.003227,-0.001332,-0.001445,-0.000774,-0.000162,-0.000108,0.000009,0.000063,-0.000012,0.000060,0.000084,0.000150,0.000031,-0.000008,0.000082
0.000261,0.000533,0.000553,0.000423,0.003527,0.002152,0.002377,0.001807,0.001425,0.003752,0.005327,0.005663,0.007150,0.022483,0.034978,0.045715,0.039609,0.053069,0.044726,0.032238,0.024137,0.020654,0.009891,0.002293,-0.005592,-0.012968,-0.018531,-0.025356,-0.028057,-0.015513,-0.016477,-0.008396,-0.016017,-0.005711,-0.004569,-0.007419,-0.007308,-0.007098,-0.008897,-0.005728,-0.001230,-0.003654,-0.004647,-0.007026,-0.008254,-0.004647,-0.002647,-0.003115,-0.001571,-0.000166,-0.000088,0.000083,0.000050,0.000074,0.000156,0.000131,0.000082,0.000082,0.000075,0.000113
0.000112,0.000120,-0.000045,0.000606,0.004363,0.001862,0.001703,-0.000219,-0.001651,0.003955,0.008431,0.009722,0.008708,0.022901,0.033174,0.044052,0.031288,0.044726,0.066015,0.056310,0.046920,0.042416,0.017488,0.011928,0.007251,-0.003146,-0.008513,-0.020872,-0.028686,-0.022266,-0.030467,-0.018865,-0.026366,-0.016303,-0.023288,-0.025884,-0.017963,-0.016326,-0.013964,-0.008695,-0.005124,-0.007446,-0.006368,-0.009090,-0.011789,-0.008125,-0.003866,-0.004754,-0.002161,-0.000262,-0.000136,-0.000014,0.000017,0.000032,0.000110,-0.000011,0.000056,0.000104,-0.000097,-0.000026
0.000768,0.000740,0.000147,0.000569,0.003634,0.001961,0.001163,0.002473,0.003351,0.008084,0.011096,0.009896,0.009125,0.020734,0.028451,0.034428,0.016610,0.032238,0.056310,0.068187,0.063181,0.047044,0.020179,0.009450,0.005854,0.000112,-0.007026,-0.016587,-0.027661,-0.021004,-0.034224,-0.020853,-0.025894,-0.014675,-0.021770,-0.025633,-0.019225,-0.012765,-0.008407,-0.007701,-0.006978,-0.006545,-0.005636,-0.007281,-0.006963,-0.005748,-0.004354,-0.004763,-0.002018,-0.000072,0.000018,0.000055,0.000007,0.000148,0.000171,0.000165,0.000087,0.000154,-0.000034,-0.000064
0.000696,0.000519,0.000043,0.000304,0.002911,0.001562,0.000991,0.002246,0.003249,0.008594,0.010201,0.006427,0.006413,0.017466,0.024432,0.028313,0.009942,0.024137,0.046920,0.063181,0.070001,0.057754,0.027915,0.016198,0.013248,0.007865,-0.000841,-0.010915,-0.024734,-0.020879,-0.033829,-0.021174,-0.026803,-0.015914,-0.022707,-0.025829,-0.018560,-0.014620,-0.010882,-0.008638,-0.006576,-0.005281,-0.004673,-0.006242,-0.005282,-0.004591,-0.004244,-0.004055,-0.001405,0.000014,0.000143,0.000014,0.000004,0.000180,0.000101,0.000161,0.000115,0.000200,-0.000019,-0.000046
-0.000297,-0.000717,-0.000614,-0.000245,0.002236,0.001153,-0.000228,-0.002435,-0.002500,0.003171,0.005997,0.003288,0.004177,0.013489,0.018710,0.022750,0.012289,0.020654,0.042416,0.047044,0.057754,0.069423,0.036691,0.030402,0.032206,0.023259,0.009725,-0.003362,-0.018080,-0.019739,-0.026114,-0.016223,-0.027045,-0.020594,-0.029089,-0.028954,-0.021835,-0.024093,-0.021722,-0.012257,-0.006815,-0.005417,-0.002895,-0.005292,-0.005875,-0.004084,-0.002547,-0.003727,-0.001171,-0.000057,0.000013,-0.000055,-0.000012,0.000045,-0.000059,-0.000104,-0.000037,0.000073,-0.000187,-0.000138
-0.000060,-0.000370,-0.000355,-0.000797,0.000199,0.000179,0.000366,-0.000931,-0.000580,0.001017,0.000724,-0.002708,0.000320,0.003856,0.007495,0.010143,0.005262,0.009891,0.017488,0.020179,0.027915,0.036691,0.035603,0.026521,0.019710,0.014324,0.003560,-0.002007,-0.010380,-0.013311,-0.014253,-0.010398,-0.014096,-0.008400,-0.011229,-0.008060,-0.005904,-0.007787,-0.008885,-0.003347,-0.002217,-0.000278,-0.000658,-0.003993,-0.004924,-0.002130,-0.001799,-0.002072,-0.000586,-0.000004,0.000033,0.000007,0.000130,0.000076,-0.000019,-0.000011,-0.000026,0.000107,-0.000084,-0.000094
-0.000467,-0.000956,-0.000458,-0.000789,0.000021,-0.000576,-0.000457,-0.003945,-0.004812,-0.003638,-0.000569,-0.001623,-0.003799,0.000441,0.002283,0.003347,-0.000601,0.002293,0.011928,0.009450,0.016198,0.030402,0.026521,0.045633,0.043121,0.028687,0.013837,0.008053,-0.000399,-0.011990,-0.008267,-0.006566,-0.012453,-0.008296,-0.015031,-0.013780,-0.009323,-0.016669,-0.018099,-0.007557,-0.002001,0.000742,-0.000251,-0.001302,-0.004404,-0.003174,-0.001337,-0.001842,-0.000793,-0.000239,0.000027,-0.000104,-0.000054,-0.000107,-0.000075,-0.000177,-0.000076,-0.000010,-0.000111,-0.000137
-0.001224,-0.002207,-0.001711,-0.001447,-0.000614,-0.000607,-0.001184,-0.005374,-0.005797,-0.004066,-0.000441,-0.001511,-0.007177,-0.002178,-0.003971,-0.003978,-0.007482,-0.005592,0.007251,0.005854,0.013248,0.032206,0.019710,0.043121,0.063894,0.051343,0.029742,0.019725,0.010488,-0.006796,-0.003409,-0.004829,-0.010969,-0.011886,-0.020196,-0.018940,-0.013172,-0.024193,-0.024074,-0.012477,-0.008599,-0.004821,-0.001742,0.000310,-0.003551,-0.004917,-0.001229,-0.002286,-0.001284,-0.000341,-0.000298,-0.000341,-0.000275,-0.000210,-0.000207,-0.000269,-0.000186,-0.000160,-0.000302,-0.000342
-0.001515,-0.002719,-0.002460,-0.002324,-0.001644,-0.001405,-0.002128,-0.004700,-0.003679,-0.001137,-0.000219,-0.002061,-0.006656,-0.004475,-0.009113,-0.010792,-0.012538,-0.012968,-0.003146,0.000112,0.007865,0.023259,0.014324,0.028687,0.051343,0.058250,0.038228,0.026043,0.018370,-0.000275,0.000824,-0.001734,-0.007646,-0.012174,-0.019110,-0.017178,-0.011243,-0.019111,-0.016810,-0.009512,-0.009847,-0.005679,0.000864,0.003293,0.000010,-0.003862,-0.001217,-0.001778,-0.001003,-0.000333,-0.000283,-0.000443,-0.000279,-0.000250,-0.000348,-0.000296,-0.000360,-0.000176,-0.000384,-0.000418
-0.001381,-0.002088,-0.002304,-0.002476,-0.002935,-0.002255,-0.002678,-0.004273,-0.004403,-0.000711,-0.000587,-0.000486,-0.004180,-0.008393,-0.013377,-0.014893,-0.015270,-0.018531,-0.008513,-0.007026,-0.000841,0.009725,0.003560,0.013837,0.029742,0.038228,0.044902,0.034182,0.022708,0.006864,0.005640,-0.000678,-0.004925,-0.009525,-0.013985,-0.012866,-0.008099,-0.010480,-0.010115,-0.006807,-0.005369,-0.002659,0.002176,0.003929,0.002221,-0.000628,0.000165,-0.000494,-0.000141,-0.000120,-0.000175,-0.000344,-0.000268,-0.000270,-0.000222,-0.000321,-0.000461,-0.000203,-0.000361,-0.000399
-0.001504,-0.002502,-0.002207,-0.002260,-0.003830,-0.001492,-0.002214,-0.003426,-0.002702,-0.001990,-0.001750,-0.001133,-0.005254,-0.013923,-0.021696,-0.025010,-0.021760,-0.025356,-0.020872,-0.016587,-0.010915,-0.003362,-0.002007,0.008053,0.019725,0.026043,0.034182,0.050003,0.044131,0.020059,0.018766,0.003406,0.002494,-0.003631,-0.007774,-0.008144,-0.003276,-0.005548,-0.006331,-0.003472,-0.003429,-0.001859,0.002627,0.005091,0.004090,0.001078,0.000221,0.000417,-0.000262,-0.000204,-0.000168,-0.000166,-0.000136,-0.000193,-0.000253,-0.000282,-0.000420,-0.000272,-0.000329,-0.000366
-0.001153,-0.002444,-0.002122,-0.002617,-0.004758,-0.001801,-0.001610,-0.003639,-0.002978,-0.004803,-0.004213,-0.003116,-0.005702,-0.016605,-0.025815,-0.031948,-0.021136,-0.028057,-0.028686,-0.027661,-0.024734,-0.018080,-0.010380,-0.000399,0.010488,0.018370,0.022708,0.044131,0.063247,0.035350,0.032408,0.009443,0.015248,0.006224,0.000247,-0.002598,0.001610,-0.003035,-0.001934,-0.001394,-0.004378,-0.000818,0.003321,0.005866,0.006133,0.002462,0.001616,0.002402,0.000648,-0.000127,-0.000102,-0.000197,-0.000118,-0.000217,-0.000320,-0.000298,-0.000426,-0.000269,-0.000295,-0.000313
-0.000243,-0.000554,-0.000538,-0.000965,-0.002613,-0.000964,-0.001526,-0.000656,0.000808,-0.001334,-0.002330,-0.001915,-0.002596,-0.008877,-0.012704,-0.017237,-0.009177,-0.015513,-0.022266,-0.021004,-0.020879,-0.019739,-0.013311,-0.011990,-0.006796,-0.000275,0.006864,0.020059,0.035350,0.038326,0.031827,0.014920,0.019184,0.011239,0.012495,0.007655,0.006140,0.006300,0.003268,0.002231,0.002045,0.001815,0.002171,0.003672,0.006599,0.004810,0.002029,0.002295,0.000895,0.000122,-0.000025,0.000105,-0.000045,-0.000075,-0.000188,0.000008,-0.000162,-0.000136,-0.000208,-0.000141
-0.000322,-0.000582,-0.000386,-0.001365,-0.003112,-0.000662,-0.001597,-0.001839,-0.000268,-0.003002,-0.003940,-0.002015,-0.003020,-0.010592,-0.014751,-0.018214,-0.007596,-0.016477,-0.030467,-0.034224,-0.033829,-0.026114,-0.014253,-0.008267,-0.003409,0.000824,0.005640,0.018766,0.032408,0.031827,0.048992,0.026484,0.025976,0.013019,0.017111,0.012102,0.007080,0.007052,0.004899,0.006547,0.006119,0.005888,0.004913,0.007524,0.008774,0.006397,0.003200,0.003144,0.000968,-0.000009,-0.000093,0.000097,-0.000005,-0.000201,-0.000147,-0.000069,-0.000096,-0.000124,-0.000145,-0.000087
-0.000323,-0.000117,0.000037,-0.000636,-0.001189,-0.000119,-0.000857,-0.001501,0.000616,-0.000878,-0.001929,-0.000469,-0.001574,-0.005998,-0.009988,-0.012641,-0.004717,-0.008396,-0.018865,-0.020853,-0.021174,-0.016223,-0.010398,-0.006566,-0.004829,-0.001734,-0.000678,0.003406,0.009443,0.014920,0.026484,0.030078,0.023290,0.013314,0.019294,0.015534,0.010203,0.010407,0.010084,0.008116,0.007883,0.006981,0.006408,0.009580,0.010181,0.005932,0.002963,0.001978,0.000863,0.000172,0.000156,0.000063,0.000002,-0.000058,-0.000028,-0.000016,-0.000052,-0.000038,-0.000041,-0.000020
-0.000505,-0.001029,-0.001348,-0.002257,-0.003369,-0.002362,-0.002283,-0.001713,0.000849,-0.003463,-0.005135,-0.003214,-0.003545,-0.015225,-0.022020,-0.023778,-0.010412,-0.016017,-0.026366,-0.025894,-0.026803,-0.027045,-0.014096,-0.012453,-0.010969,-0.007646,-0.004925,0.002494,0.015248,0.019184,0.025976,0.023290,0.041671,0.025487,0.031402,0.027186,0.017049,0.018177,0.016100,0.012647,0.007950,0.008509,0.007491,0.009434,0.009240,0.005728,0.002491,0.002609,0.000941,0.000201,0.000019,0.000020,-0.000018,-0.000066,-0.000126,0.000095,-0.000003,-0.000064,0.000017,-0.000004
-0.000125,0.000019,-0.000327,-0.001139,-0.001875,-0.001265,-0.000451,0.000461,0.002005,-0.003290,-0.004956,-0.004475,-0.003221,-0.010126,-0.012183,-0.013553,-0.005057,-0.005711,-0.016303,-0.014675,-0.015914,-0.020594,-0.008400,-0.008296,-0.011886,-0.012174,-0.009525,-0.003631,0.006224,0.011239,0.013019,0.013314,0.025487,0.035022,0.038651,0.034633,0.017136,0.018201,0.013859,0.008689,0.005766,0.004394,0.003884,0.004868,0.004173,0.002514,0.000178,0.000779,0.000390,0.000188,0.000002,0.000023,-0.000007,0.000061,0.000042,0.000159,0.000104,0.000057,0.000087,0.000113
0.000127,0.001049,0.000574,-0.000823,-0.001544,-0.000555,0.000010,0.002551,0.005260,-0.003830,-0.007988,-0.009275,-0.005632,-0.015341,-0.015392,-0.014211,-0.004097,-0.004569,-0.023288,-0.021770,-0.022707,-0.029089,-0.011229,-0.015031,-0.020196,-0.019110,-0.013985,-0.007774,0.000247,0.012495,0.017111,0.019294,0.031402,0.038651,0.072801,0.065743,0.034707,0.034970,0.024364,0.013511,0.010034,0.008105,0.006853,0.010368,0.010630,0.006454,0.001331,0.000456,0.000146,0.000337,-0.000093,0.000160,-0.000005,0.000113,0.000070,0.000293,0.000290,0.000115,0.000269,0.000272
0.000233,0.001344,0.001006,-0.000078,-0.001210,-0.000241,0.001027,0.004256,0.007095,-0.001915,-0.006882,-0.009471,-0.004899,-0.013553,-0.014392,-0.012375,-0.005085,-0.007419,-0.025884,-0.025633,-0.025829,-0.028954,-0.008060,-0.013780,-0.018940,-0.017178,-0.012866,-0.008144,-0.002598,0.007655,0.012102,0.015534,0.027186,0.034633,0.065743,0.076537,0.041149,0.041664,0.027917,0.014607,0.009154,0.008235,0.008067,0.011992,0.010664,0.004121,0.001006,0.002245,0.001270,0.000352,0.000027,0.000126,0.000016,0.000123,0.000039,0.000219,0.000333,0.000178,0.000286,0.000239
0.000309,0.001126,0.000330,-0.000109,-0.001278,-0.000816,0.001270,0.003730,0.004953,0.000645,-0.003013,-0.005028,-0.003922,-0.009117,-0.010570,-0.008799,-0.004085,-0.007308,-0.017963,-0.019225,-0.018560,-0.021835,-0.005904,-0.009323,-0.013172,-0.011243,-0.008099,-0.003276,0.001610,0.006140,0.007080,0.010203,0.017049,0.017136,0.034707,0.041149,0.037453,0.028696,0.018461,0.011301,0.007537,0.006714,0.004654,0.007320,0.007917,0.004322,0.001470,0.002225,0.001253,0.000236,0.000137,0.000049,0.000061,0.000010,0.000090,0.000112,0.000187,0.000137,0.000204,0.000125
0.000606,0.001231,0.000966,0.000125,-0.001275,-0.001197,0.000836,0.004211,0.006870,0.002818,-0.002416,-0.003836,-0.001698,-0.009022,-0.010170,-0.009163,-0.005270,-0.007098,-0.016326,-0.012765,-0.014620,-0.024093,-0.007787,-0.016669,-0.024193,-0.019111,-0.010480,-0.005548,-0.003035,0.006300,0.007052,0.010407,0.018177,0.018201,0.034970,0.041664,0.028696,0.047405,0.035907,0.015658,0.009142,0.006776,0.006731,0.009493,0.012202,0.005942,0.002275,0.003035,0.001773,0.000543,0.000259,0.000239,0.000119,0.000155,0.000145,0.000241,0.000168,0.000156,0.000224,0.000240
0.000634,0.000835,0.000526,0.000045,-0.000546,-0.000108,0.000935,0.003391,0.005481,0.004925,0.001295,0.001009,0.001655,-0.006014,-0.008858,-0.009957,-0.009704,-0.008897,-0.013964,-0.008407,-0.010882,-0.021722,-0.008885,-0.018099,-0.024074,-0.016810,-0.010115,-0.006331,-0.001934,0.003268,0.004899,0.010084,0.016100,0.013859,0.024364,0.027917,0.018461,0.035907,0.041244,0.019408,0.007713,0.006125,0.006346,0.009514,0.011994,0.005891,0.002487,0.003146,0.001944,0.000563,0.000345,0.000175,0.000127,0.000157,0.000147,0.000183,0.000128,0.000154,0.000179,0.000213
0.000126,-0.000004,-0.000102,-0.000594,-0.000731,-0.000326,0.000118,0.000646,0.002385,0.002496,-0.000133,0.000199,-0.000159,-0.004934,-0.006827,-0.005885,-0.006028,-0.005728,-0.008695,-0.007701,-0.008638,-0.012257,-0.003347,-0.007557,-0.012477,-0.009512,-0.006807,-0.003472,-0.001394,0.002231,0.006547,0.008116,0.012647,0.008689,0.013511,0.014607,0.011301,0.015658,0.019408,0.019365,0.009403,0.005917,0.004066,0.005506,0.006911,0.004575,0.002506,0.002464,0.001522,0.000398,0.000176,-0.000018,0.000071,-0.000031,-0.000012,0.000059,0.000045,0.000003,0.000032,0.000102
0.000301,0.000617,0.000523,0.000169,0.000033,-0.000099,-0.000016,0.000299,0.000796,0.000513,-0.000518,0.000735,-0.000986,-0.002181,-0.003027,-0.002393,-0.003439,-0.001230,-0.005124,-0.006978,-0.006576,-0.006815,-0.002217,-0.002001,-0.008599,-0.009847,-0.005369,-0.003429,-0.004378,0.002045,0.006119,0.007883,0.007950,0.005766,0.010034,0.009154,0.007537,0.009142,0.007713,0.009403,0.014043,0.009685,0.004519,0.004740,0.005933,0.005325,0.002841,0.002464,0.001534,0.000386,0.000338,0.000152,0.000101,0.000039,0.000016,0.000123,0.000064,0.000028,0.000121,0.000190
0.000576,0.000995,0.000510,0.000228,0.000575,0.000113,0.000642,0.000983,0.001082,0.000178,0.000543,0.001564,-0.000131,-0.000746,-0.002651,-0.003381,-0.004607,-0.003654,-0.007446,-0.006545,-0.005281,-0.005417,-0.000278,0.000742,-0.004821,-0.005679,-0.002659,-0.001859,-0.000818,0.001815,0.005888,0.006981,0.008509,0.004394,0.008105,0.008235,0.006714,0.006776,0.006125,0.005917,0.009685,0.014628,0.007117,0.004643,0.007098,0.005791,0.003161,0.002617,0.001621,0.000352,0.000482,0.000193,0.000107,0.000004,0.000066,0.000095,0.000023,0.000072,0.000130,0.000146
0.000226,0.000309,-0.000103,-0.000283,0.000074,-0.000300,-0.000123,0.000255,0.000886,0.001099,0.001514,0.002417,0.000083,-0.002674,-0.004729,-0.005032,-0.004064,-0.004647,-0.006368,-0.005636,-0.004673,-0.002895,-0.000658,-0.000251,-0.001742,0.000864,0.002176,0.002627,0.003321,0.002171,0.004913,0.006408,0.007491,0.003884,0.006853,0.008067,0.004654,0.006731,0.006346,0.004066,0.004519,0.007117,0.009020,0.007282,0.007382,0.004069,0.001849,0.001981,0.001332,0.000278,0.000262,0.000066,0.000039,-0.000074,-0.000022,0.000022,-0.000020,0.000009,0.000006,0.000065
0.000220,0.000217,-0.000208,-0.000256,-0.000463,-0.000487,-0.000224,0.000351,0.002907,0.004264,0.003780,0.003064,-0.000249,-0.003543,-0.007453,-0.007818,-0.008555,-0.007026,-0.009090,-0.007281,-0.006242,-0.005292,-0.003993,-0.001302,0.000310,0.003293,0.003929,0.005091,0.005866,0.003672,0.007524,0.009580,0.009434,0.004868,0.010368,0.011992,0.007320,0.009493,0.009514,0.005506,0.004740,0.004643,0.007282,0.015805,0.014036,0.005099,0.002197,0.002996,0.001657,0.000141,0.000318,0.000049,-0.000010,-0.000055,0.000011,0.000051,0.000004,-0.000017,0.000051,0.000025
0.000761,0.001215,0.000550,0.000347,0.000033,-0.000177,0.000236,0.001681,0.004339,0.005631,0.004640,0.002587,-0.000124,-0.002555,-0.005391,-0.006422,-0.008916,-0.008254,-0.011789,-0.006963,-0.005282,-0.005875,-0.004924,-0.004404,-0.003551,0.000010,0.002221,0.004090,0.006133,0.006599,0.008774,0.010181,0.009240,0.004173,0.010630,0.010664,0.007917,0.012202,0.011994,0.006911,0.005933,0.007098,0.007382,0.014036,0.019808,0.010058,0.004632,0.004569,0.002650,0.000518,0.000562,0.000212,0.000013,-0.000028,0.000114,0.000096,0.000012,0.000008,0.000108,0.000102
0.000645,0.000934,0.000601,0.000269,-0.000201,-0.000234,0.000045,0.000740,0.001621,0.001893,0.001059,-0.000163,-0.000277,-0.002305,-0.002786,-0.003164,-0.003227,-0.004647,-0.008125,-0.005748,-0.004591,-0.004084,-0.002130,-0.003174,-0.004917,-0.003862,-0.000628,0.001078,0.002462,0.004810,0.006397,0.005932,0.005728,0.002514,0.006454,0.004121,0.004322,0.005942,0.005891,0.004575,0.005325,0.005791,0.004069,0.005099,0.010058,0.009630,0.004304,0.002722,0.001489,0.000465,0.000317,0.000182,0.000042,-0.000018,0.000100,0.000103,0.000034,0.000007,0.000092,0.000128
0.000166,0.000268,0.000282,0.000206,0.000028,0.000061,0.000371,0.000087,0.000135,0.000438,-0.000133,-0.000417,-0.000396,-0.000932,-0.001376,-0.001805,-0.001332,-0.002647,-0.003866,-0.004354,-0.004244,-0.002547,-0.001799,-0.001337,-0.001229,-0.001217,0.000165,0.000221,0.001616,0.002029,0.003200,0.002963,0.002491,0.000178,0.001331,0.001006,0.001470,0.002275,0.002487,0.002506,0.002841,0.003161,0.001849,0.002197,0.004632,0.004304,0.003951,0.002313,0.001230,0.000290,0.000214,0.000086,0.000004,0.000022,0.000052,0.000057,0.000011,0.000003,0.000031,0.000021
0.000224,0.000399,0.000385,0.000366,0.000132,-0.000135,0.000441,0.000598,0.001167,0.002107,0.001223,0.000222,-0.000469,-0.000336,-0.001067,-0.001817,-0.001445,-0.003115,-0.004754,-0.004763,-0.004055,-0.003727,-0.002072,-0.001842,-0.002286,-0.001778,-0.000494,0.000417,0.002402,0.002295,0.003144,0.001978,0.002609,0.000779,0.000456,0.002245,0.002225,0.003035,0.003146,0.002464,0.002464,0.002617,0.001981,0.002996,0.004569,0.002722,0.002313,0.003459,0.001787,0.000189,0.000332,0.000076,0.000010,0.000009,0.000014,0.000050,0.000034,0.000029,0.000048,0.000032
0.000164,0.000288,0.000181,0.000173,0.000103,-0.000034,0.000257,0.000493,0.000492,0.001260,0.000879,0.000273,-0.000161,0.000181,-0.000068,-0.000484,-0.000774,-0.001571,-0.002161,-0.002018,-0.001405,-0.001171,-0.000586,-0.000793,-0.001284,-0.001003,-0.000141,-0.000262,0.000648,0.000895,0.000968,0.000863,0.000941,0.000390,0.000146,0.001270,0.001253,0.001773,0.001944,0.001522,0.001534,0.001621,0.001332,0.001657,0.002650,0.001489,0.001230,0.001787,0.001201,0.000163,0.000167,0.000028,0.000001,0.000006,0.000025,0.000017,0.000018,0.000028,0.000024,0.000011
0.000036,0.000043,-0.000004,-0.000005,-0.000021,0.000031,0.000039,0.000084,0.000090,0.000109,0.000038,0.000020,0.000059,0.000086,0.000065,0.000050,-0.000162,-0.000166,-0.000262,-0.000072,0.000014,-0.000057,-0.000004,-0.000239,-0.000341,-0.000333,-0.000120,-0.000204,-0.000127,0.000122,-0.000009,0.000172,0.000201,0.000188,0.000337,0.000352,0.000236,0.000543,0.000563,0.000398,0.000386,0.000352,0.000278,0.000141,0.000518,0.000465,0.000290,0.000189,0.000163,0.000089,0.000021,0.000004,-0.000001,-0.000002,0.000009,0.000006,0.000002,0.000001,0.000001,0.000003
0.000036,0.000095,0.000067,0.000081,0.000098,0.000023,0.000106,0.000139,0.000190,0.000328,0.000295,0.000177,0.000199,0.000349,0.000302,0.000231,-0.000108,-0.000088,-0.000136,0.000018,0.000143,0.000013,0.000033,0.000027,-0.000298,-0.000283,-0.000175,-0.000168,-0.000102,-0.000025,-0.000093,0.000156,0.000019,0.000002,-0.000093,0.000027,0.000137,0.000259,0.000345,0.000176,0.000338,0.000482,0.000262,0.000318,0.000562,0.000317,0.000214,0.000332,0.000167,0.000021,0.000098,0.000020,0.000007,0.000012,0.000011,0.000012,0.000008,0.000007,0.000014,0.000014
0.000052,0.000106,0.000088,0.000106,0.000110,0.000091,0.000052,0.000083,0.000099,0.000050,0.000071,0.000085,0.000115,0.000104,0.000115,0.000124,0.000009,0.000083,-0.000014,0.000055,0.000014,-0.000055,0.000007,-0.000104,-0.000341,-0.000443,-0.000344,-0.000166,-0.000197,0.000105,0.000097,0.000063,0.000020,0.000023,0.000160,0.000126,0.000049,0.000239,0.000175,-0.000018,0.000152,0.000193,0.000066,0.000049,0.000212,0.000182,0.000086,0.000076,0.000028,0.000004,0.000020,0.000043,0.000011,0.000008,0.000011,0.000010,0.000003,0.000008,0.000012,0.000010
0.000023,0.000043,0.000047,0.000057,0.000070,0.000028,0.000016,0.000014,0.000014,-0.000013,0.000010,-0.000001,0.000057,0.000026,0.000026,0.000028,0.000063,0.000050,0.000017,0.000007,0.000004,-0.000012,0.000130,-0.000054,-0.000275,-0.000279,-0.000268,-0.000136,-0.000118,-0.000045,-0.000005,0.000002,-0.000018,-0.000007,-0.000005,0.000016,0.000061,0.000119,0.000127,0.000071,0.000101,0.000107,0.000039,-0.000010,0.000013,0.000042,0.000004,0.000010,0.000001,-0.000001,0.000007,0.000011,0.000020,0.000004,0.000003,0.000005,0.000005,0.000003,0.000004,0.000005
0.000011,0.000032,0.000044,0.000034,0.000023,0.000032,0.000017,0.000057,0.000065,-0.000030,-0.000056,-0.000062,-0.000016,0.000033,0.000028,0.000036,-0.000012,0.000074,0.000032,0.000148,0.000180,0.000045,0.000076,-0.000107,-0.000210,-0.000250,-0.000270,-0.000193,-0.000217,-0.000075,-0.000201,-0.000058,-0.000066,0.000061,0.000113,0.000123,0.000010,0.000155,0.000157,-0.000031,0.000039,0.000004,-0.000074,-0.000055,-0.000028,-0.000018,0.000022,0.000009,0.000006,-0.000002,0.000012,0.000008,0.000004,0.000029,0.000007,0.000009,0.000008,0.000007,0.000010,0.000005
0.000022,0.000056,0.000041,0.000037,0.000021,0.000014,0.000067,0.000120,0.000046,0.000058,0.000132,0.000080,0.000092,0.000272,0.000312,0.000289,0.000060,0.000156,0.000110,0.000171,0.000101,-0.000059,-0.000019,-0.000075,-0.000207,-0.000348,-0.000222,-0.000253,-0.000320,-0.000188,-0.000147,-0.000028,-0.000126,0.000042,0.000070,0.000039,0.000090,0.000145,0.000147,-0.000012,0.000016,0.000066,-0.000022,0.000011,0.000114,0.000100,0.000052,0.000014,0.000025,0.000009,0.000011,0.000011,0.000003,0.000007,0.000029,0.000005,0.000005,0.000009,0.000010,0.000005
0.000029,0.000054,0.000042,0.000029,0.000018,0.000028,0.000046,0.000124,0.000161,0.000097,0.000079,0.000076,0.000059,0.000135,0.000223,0.000242,0.000084,0.000131,-0.000011,0.000165,0.000161,-0.000104,-0.000011,-0.000177,-0.000269,-0.000296,-0.000321,-0.000282,-0.000298,0.000008,-0.000069,-0.000016,0.000095,0.000159,0.000293,0.000219,0.000112,0.000241,0.000183,0.000059,0.000123,0.000095,0.000022,0.000051,0.000096,0.000103,0.000057,0.000050,0.000017,0.000006,0.000012,0.000010,0.000005,0.000009,0.000005,0.000027,0.000016,0.000006,0.000008,0.000009
0.000042,0.000055,0.000064,0.000061,0.000064,0.000037,0.000083,0.000154,0.000158,0.000143,0.000120,0.000047,0.000042,0.000157,0.000280,0.000276,0.000150,0.000082,0.000056,0.000087,0.000115,-0.000037,-0.000026,-0.000076,-0.000186,-0.000360,-0.000461,-0.000420,-0.000426,-0.000162,-0.000096,-0.000052,-0.000003,0.000104,0.000290,0.000333,0.000187,0.000168,0.000128,0.000045,0.000064,0.000023,-0.000020,0.000004,0.000012,0.000034,0.000011,0.000034,0.000018,0.000002,0.000008,0.000003,0.000005,0.000008,0.000005,0.000016,0.000032,0.000009,0.000010,0.000010
0.000028,0.000040,0.000033,0.000038,0.000049,0.000029,0.000050,0.000112,0.000079,0.000086,0.000073,0.000002,0.000032,0.000135,0.000188,0.000178,0.000031,0.000082,0.000104,0.000154,0.000200,0.000073,0.000107,-0.000010,-0.000160,-0.000176,-0.000203,-0.000272,-0.000269,-0.000136,-0.000124,-0.000038,-0.000064,0.000057,0.000115,0.000178,0.000137,0.000156,0.000154,0.000003,0.000028,0.000072,0.000009,-0.000017,0.000008,0.000007,0.000003,0.000029,0.000028,0.000001,0.000007,0.000008,0.000003,0.000007,0.000009,0.000006,0.000009,0.000021,0.000009,0.000004
0.000034,0.000051,0.000061,0.000077,0.000068,0.000022,0.000058,0.000084,0.000046,0.000033,0.000018,-0.000004,-0.000013,0.000067,0.000101,0.000128,-0.000008,0.000075,-0.000097,-0.000034,-0.000019,-0.000187,-0.000084,-0.000111,-0.000302,-0.000384,-0.000361,-0.000329,-0.000295,-0.000208,-0.000145,-0.000041,0.000017,0.000087,0.000269,0.000286,0.000204,0.000224,0.000179,0.000032,0.000121,0.000130,0.000006,0.000051,0.000108,0.000092,0.000031,0.000048,0.000024,0.000001,0.000014,0.000012,0.000004,0.000010,0.000010,0.000008,0.000010,0.000009,0.000027,0.000016
0.000043,0.000073,0.000067,0.000092,0.000089,0.000031,0.000061,0.000052,0.000038,0.000027,0.000019,0.000036,0.000021,0.000110,0.000196,0.000209,0.000082,0.000113,-0.000026,-0.000064,-0.000046,-0.000138,-0.000094,-0.000137,-0.000342,-0.000418,-0.000399,-0.000366,-0.000313,-0.000141,-0.000087,-0.000020,-0.000004,0.000113,0.000272,0.000239,0.000125,0.000240,0.000213,0.000102,0.000190,0.000146,0.000065,0.000025,0.000102,0.000128,0.000021,0.000032,0.000011,0.000003,0.000014,0.000010,0.000005,0.000005,0.000005,0.000009,0.000010,0.000004,0.000016,0.000028
