0.000441,0.000517,0.000396,0.000450,0.000463,0.000197,0.000161,0.000313,0.000433,0.000888,0.000952,0.000574,0.000483,0.000992,0.001360,0.001174,0.000362,0.000493,0.000453,0.000846,0.000555,-0.000144,-0.000006,-0.000394,-0.001231,-0.001470,-0.001047,-0.001317,-0.001251,-0.000232,-0.000227,0.000009,-0.000570,-0.000087,0.000042,0.000132,0.000199,0.000599,0.000583,0.000030,0.000361,0.000531,0.000236,0.000422,0.000793,0.000596,0.000108,0.000189,0.000130,0.000042,0.000035,0.000044,0.000030,0.000003,0.000022,0.000020,0.000043,0.000028,0.000025,0.000041
0.000517,0.001079,0.000846,0.000919,0.000944,0.000475,0.000410,0.000649,0.000727,0.001226,0.001320,0.000812,0.000734,0.001826,0.002317,0.002035,0.000898,0.000902,0.000631,0.000995,0.000700,-0.000682,-0.000746,-0.001129,-0.002202,-0.002718,-0.001925,-0.002203,-0.001995,-0.000200,-0.000467,0.000073,-0.001102,0.000008,0.000579,0.000813,0.000762,0.001174,0.000909,-0.000133,0.000560,0.000755,0.000184,0.000560,0.001222,0.000712,0.000154,0.000438,0.000264,0.000028,0.000080,0.000071,0.000042,0.000023,0.000045,0.000049,0.000059,0.000034,0.000046,0.000075
0.000396,0.000846,0.001197,0.001183,0.001016,0.000312,0.000178,0.000451,0.000448,0.000680,0.000708,0.000112,0.000249,0.001176,0.001658,0.001406,0.000748,0.001029,0.000539,0.000786,0.000472,-0.000523,-0.000515,-0.000748,-0.001966,-0.002415,-0.002070,-0.002044,-0.002092,-0.000233,-0.000347,0.000131,-0.001333,-0.000102,0.000540,0.000802,0.000234,0.001115,0.000679,-0.000232,0.000458,0.000326,-0.000287,-0.000078,0.000546,0.000385,0.000019,0.000272,0.000115,-0.000008,0.000065,0.000067,0.000043,0.000040,0.000037,0.000036,0.000063,0.000028,0.000049,0.000066
0.000450,0.000919,0.001183,0.001803,0.001697,0.000454,0.000216,0.000391,0.000283,0.000393,0.000601,0.000118,0.000184,0.001441,0.001786,0.001370,0.000723,0.000970,0.001012,0.000838,0.000337,-0.000389,-0.000722,-0.000646,-0.001223,-0.002147,-0.002328,-0.002189,-0.002190,-0.000533,-0.001112,-0.000387,-0.001972,-0.000650,-0.000171,0.000116,-0.000217,0.000374,0.000485,-0.000476,0.000105,0.000174,-0.000394,0.000016,0.000536,0.000171,0.000093,0.000344,0.000144,-0.000006,0.000050,0.000089,0.000052,0.000036,0.000053,0.000047,0.000062,0.000041,0.000070,0.000086
0.000463,0.000944,0.001016,0.001697,0.003227,0.001100,0.000591,0.000489,0.000280,0.001224,0.001734,0.001596,0.001153,0.003476,0.003729,0.003905,0.001820,0.002812,0.004482,0.003902,0.002220,0.001573,0.000541,0.000115,-0.000386,-0.001126,-0.001877,-0.002495,-0.002957,-0.001045,-0.002481,-0.000929,-0.003005,-0.001617,-0.001182,-0.001457,-0.001584,-0.000580,0.000809,-0.000373,0.000009,0.000724,0.000540,0.000410,0.001054,0.000318,0.000274,0.000412,0.000202,0.000049,0.000067,0.000106,0.000074,0.000026,0.000077,0.000086,0.000068,0.000069,0.000077,0.000076
0.000197,0.000475,0.000312,0.000454,0.001100,0.001869,0.001160,0.001174,0.000895,0.001175,0.001557,0.001799,0.001824,0.003286,0.003551,0.003356,0.001198,0.002329,0.001988,0.002220,0.001325,0.000558,0.000183,-0.000817,-0.001326,-0.002152,-0.002903,-0.001841,-0.001303,0.000123,-0.000789,-0.000355,-0.002225,-0.000823,-0.000500,-0.000332,-0.000759,-0.001024,0.000051,-0.000001,0.000078,0.000221,-0.000158,-0.000053,0.000283,-0.000154,-0.000029,-0.000120,-0.000030,0.000022,0.000039,0.000071,0.000025,0.000017,0.000018,0.000042,0.000035,0.000022,0.000013,0.000033
0.000161,0.000410,0.000178,0.000216,0.000591,0.001160,0.002299,0.001981,0.001949,0.002417,0.001999,0.000944,0.001219,0.003256,0.003738,0.003398,0.001355,0.002254,0.001927,0.001758,0.001195,-0.000205,0.000206,-0.001161,-0.001641,-0.002164,-0.002232,-0.001436,-0.000513,-0.000332,-0.001126,-0.001326,-0.002230,0.000157,0.000063,0.000477,0.000909,0.000799,0.001081,-0.000061,-0.000054,0.000354,-0.000052,0.000034,0.000604,0.000080,0.000266,0.000417,0.000274,0.000074,0.000094,0.000046,0.000010,0.000025,0.000073,0.000061,0.000069,0.000051,0.000039,0.000046
0.000313,0.000649,0.000451,0.000391,0.000489,0.001174,0.001981,0.004250,0.004254,0.004160,0.003619,0.001714,0.001989,0.003972,0.004411,0.003340,0.000798,0.001098,0.000138,0.001807,0.001531,-0.001541,-0.000360,-0.002041,-0.003547,-0.003650,-0.002882,-0.001503,-0.001302,0.000115,-0.001224,-0.001610,-0.001867,0.000555,0.001920,0.003624,0.002758,0.003490,0.003039,0.000472,0.000272,0.000690,-0.000051,0.000613,0.001363,0.000181,0.000046,0.000717,0.000416,-0.000014,0.000152,0.000099,0.000000,0.000052,0.000056,0.000107,0.000099,0.000071,0.000056,0.000055
0.000433,0.000727,0.000448,0.000283,0.000280,0.000895,0.001949,0.004254,0.007704,0.007133,0.005836,0.003189,0.002894,0.003387,0.002755,0.001534,-0.000495,0.000410,-0.000878,0.002407,0.001599,-0.002869,-0.000995,-0.003551,-0.004935,-0.003713,-0.003104,-0.000429,-0.000733,0.001448,0.000741,0.000762,0.001431,0.002036,0.004072,0.006098,0.004035,0.006164,0.005885,0.002065,0.001093,0.000911,0.001060,0.003631,0.004549,0.001388,0.000267,0.001473,0.000580,0.000046,0.000150,0.000100,0.000027,0.000046,0.000046,0.000162,0.000156,0.000068,0.000062,0.000090
0.000888,0.001226,0.000680,0.000393,0.001224,0.001175,0.002417,0.004160,0.007133,0.015309,0.013620,0.009501,0.005506,0.007254,0.006314,0.004663,0.000723,0.000524,0.001693,0.005853,0.005396,0.001799,0.000808,-0.003108,-0.003261,-0.000866,0.001418,0.001795,-0.001708,-0.000219,-0.001787,-0.000757,-0.001516,-0.001786,-0.004005,-0.001334,0.000788,0.003592,0.005473,0.001646,0.000299,0.000012,0.001181,0.005037,0.006662,0.001964,0.000521,0.002610,0.001426,0.000114,0.000290,0.000112,0.000026,-0.000027,0.000107,0.000118,0.000155,0.000100,0.000038,0.000071
0.000952,0.001320,0.000708,0.000601,0.001734,0.001557,0.001999,0.003619,0.005836,0.013620,0.016827,0.015550,0.008158,0.009971,0.008436,0.007446,0.002035,0.002850,0.005822,0.008470,0.007301,0.003787,0.000165,-0.000702,-0.000442,-0.000567,0.000969,0.001152,-0.002381,-0.002160,-0.003558,-0.001837,-0.004234,-0.003995,-0.007923,-0.004779,-0.002267,0.000151,0.003013,-0.000369,-0.000398,0.000143,0.001239,0.004984,0.005904,0.000813,-0.000242,0.001830,0.001039,-0.000041,0.000271,0.000118,0.000005,-0.000034,0.000132,0.000102,0.000132,0.000052,0.000033,0.000088
0.000574,0.000812,0.000112,0.000118,0.001596,0.001799,0.000944,0.001714,0.003189,0.009501,0.015550,0.021486,0.010323,0.011173,0.008209,0.007848,0.002362,0.005158,0.008478,0.008938,0.005976,0.002672,-0.002549,-0.000685,-0.000248,-0.002194,0.000388,0.000981,-0.001860,-0.002594,-0.003264,-0.000808,-0.004425,-0.005030,-0.010479,-0.008514,-0.004842,-0.001528,0.002706,-0.000439,0.000354,0.000696,0.001335,0.004773,0.004375,-0.000195,-0.000660,0.000789,0.000470,-0.000047,0.000187,0.000099,-0.000050,-0.000054,0.000088,0.000083,0.000057,-0.000051,0.000004,0.000056
0.000483,0.000734,0.000249,0.000184,0.001153,0.001824,0.001219,0.001989,0.002894,0.005506,0.008158,0.010323,0.011937,0.011494,0.009967,0.009025,0.004553,0.005269,0.005845,0.007155,0.005203,0.002876,-0.000407,-0.003483,-0.005668,-0.006020,-0.002175,-0.002754,-0.003515,-0.002198,-0.003057,-0.000933,-0.003873,-0.003220,-0.005365,-0.003607,-0.003657,-0.000657,0.002466,-0.000504,-0.001023,-0.000648,-0.000596,0.000973,0.001746,0.000482,-0.000334,0.000219,0.000131,0.000056,0.000177,0.000113,0.000045,0.000006,0.000131,0.000083,0.000102,0.000047,0.000033,0.000038
0.000992,0.001826,0.001176,0.001441,0.003476,0.003286,0.003256,0.003972,0.003387,0.007254,0.009971,0.011173,0.011494,0.027354,0.029663,0.028293,0.015888,0.020139,0.021367,0.021562,0.017601,0.012539,0.004113,-0.001334,-0.004139,-0.006940,-0.008036,-0.010726,-0.012418,-0.007580,-0.011634,-0.005775,-0.015243,-0.009894,-0.015025,-0.012854,-0.008405,-0.006621,-0.002746,-0.004682,-0.002527,-0.001125,-0.002180,-0.001406,0.000402,-0.000434,-0.000307,0.000678,0.000763,0.000216,0.000362,0.000128,0.000047,0.000084,0.000341,0.000275,0.000238,0.000156,0.000129,0.000091
0.001360,0.002317,0.001658,0.001786,0.003729,0.003551,0.003738,0.004411,0.002755,0.006314,0.008436,0.008209,0.009967,0.029663,0.042375,0.043279,0.025831,0.030716,0.029730,0.027697,0.023946,0.016591,0.006411,0.000199,-0.006143,-0.012250,-0.013991,-0.018604,-0.019404,-0.009734,-0.016196,-0.011109,-0.021927,-0.012187,-0.016017,-0.014436,-0.009481,-0.008680,-0.007129,-0.005476,-0.002316,-0.002939,-0.004859,-0.006469,-0.003766,-0.001488,-0.000848,-0.000514,0.000286,0.000071,0.000273,0.000119,-0.000026,0.000052,0.000291,0.000297,0.000302,0.000122,0.000116,0.000151
0.001174,0.002035,0.001406,0.001370,0.003905,0.003356,0.003398,0.003340,0.001534,0.004663,0.007446,0.007848,0.009025,0.028293,0.043279,0.053444,0.033856,0.040224,0.039884,0.033146,0.027899,0.020466,0.008587,0.002265,-0.003587,-0.012736,-0.016402,-0.020777,-0.024180,-0.013391,-0.018535,-0.013619,-0.022858,-0.013021,-0.015250,-0.014111,-0.008600,-0.009509,-0.008780,-0.004651,-0.002040,-0.003804,-0.005174,-0.007470,-0.005292,-0.002270,-0.001564,-0.001031,-0.000070,0.000059,0.000170,0.000054,-0.000025,0.000032,0.000260,0.000358,0.000321,0.000118,0.000094,0.000166
0.000362,0.000898,0.000748,0.000723,0.001820,0.001198,0.001355,0.000798,-0.000495,0.000723,0.002035,0.002362,0.004553,0.015888,0.025831,0.033856,0.039913,0.033727,0.027493,0.016855,0.011496,0.009300,0.001985,-0.001590,-0.005334,-0.012062,-0.014403,-0.016719,-0.016681,-0.008679,-0.010447,-0.007229,-0.011093,-0.006215,-0.007123,-0.009257,-0.004316,-0.006770,-0.010060,-0.007237,-0.005051,-0.006192,-0.005726,-0.010146,-0.009568,-0.003608,-0.002053,-0.001249,-0.000627,-0.000181,-0.000229,-0.000138,-0.000023,0.000013,0.000126,0.000243,0.000178,0.000081,0.000069,0.000104
0.000493,0.000902,0.001029,0.000970,0.002812,0.002329,0.002254,0.001098,0.000410,0.000524,0.002850,0.005158,0.005269,0.020139,0.030716,0.040224,0.033727,0.048687,0.043059,0.032815,0.023807,0.015463,0.007450,0.001963,-0.005848,-0.015752,-0.020270,-0.021037,-0.023440,-0.014422,-0.017307,-0.009415,-0.016047,-0.007139,-0.007865,-0.010730,-0.007539,-0.009773,-0.009666,-0.007508,-0.003324,-0.005910,-0.005217,-0.009495,-0.009455,-0.004431,-0.002800,-0.002525,-0.001152,-0.000088,-0.000155,0.000073,0.000023,0.000091,0.000216,0.000261,0.000198,0.000117,0.000103,0.000115
0.000453,0.000631,0.000539,0.001012,0.004482,0.001988,0.001927,0.000138,-0.000878,0.001693,0.005822,0.008478,0.005845,0.021367,0.029730,0.039884,0.027493,0.043059,0.069087,0.060855,0.049325,0.039370,0.017783,0.010179,0.003116,-0.009123,-0.013169,-0.020735,-0.028427,-0.021383,-0.029367,-0.019004,-0.023312,-0.013652,-0.019091,-0.022026,-0.015960,-0.012575,-0.008460,-0.008145,-0.006057,-0.007290,-0.004571,-0.009688,-0.010111,-0.007748,-0.004297,-0.003103,-0.001233,0.000003,-0.000135,-0.000086,0.000012,0.000112,0.000222,0.000273,0.000204,0.000211,-0.000007,0.000052
0.000846,0.000995,0.000786,0.000838,0.003902,0.002220,0.001758,0.001807,0.002407,0.005853,0.008470,0.008938,0.007155,0.021562,0.027697,0.033146,0.016855,0.032815,0.060855,0.070793,0.062358,0.045278,0.021399,0.008663,0.000959,-0.006308,-0.010539,-0.016678,-0.028544,-0.021494,-0.033620,-0.021387,-0.022664,-0.013569,-0.019938,-0.021531,-0.017502,-0.009282,-0.004972,-0.008976,-0.008377,-0.006806,-0.004927,-0.009233,-0.007346,-0.006845,-0.005171,-0.003148,-0.001389,-0.000007,0.000081,0.000044,0.000043,0.000203,0.000224,0.000310,0.000254,0.000229,0.000063,0.000058
0.000555,0.000700,0.000472,0.000337,0.002220,0.001325,0.001195,0.001531,0.001599,0.005396,0.007301,0.005976,0.005203,0.017601,0.023946,0.027899,0.011496,0.023807,0.049325,0.062358,0.068789,0.056668,0.027435,0.014094,0.008817,0.002386,-0.005121,-0.012410,-0.025968,-0.022614,-0.034231,-0.022467,-0.025376,-0.016254,-0.021933,-0.022830,-0.016972,-0.011133,-0.007895,-0.008933,-0.007589,-0.005684,-0.003758,-0.007649,-0.006207,-0.006185,-0.005173,-0.002996,-0.001153,-0.000164,0.000077,-0.000058,-0.000036,0.000187,0.000082,0.000237,0.000169,0.000180,0.000022,0.000058
-0.000144,-0.000682,-0.000523,-0.000389,0.001573,0.000558,-0.000205,-0.001541,-0.002869,0.001799,0.003787,0.002672,0.002876,0.012539,0.016591,0.020466,0.009300,0.015463,0.039370,0.045278,0.056668,0.067276,0.037804,0.025505,0.025346,0.016751,0.005239,-0.004843,-0.018326,-0.020022,-0.025834,-0.016839,-0.022595,-0.017903,-0.024738,-0.025242,-0.019063,-0.018573,-0.016509,-0.009316,-0.007494,-0.005002,-0.002324,-0.006256,-0.006418,-0.004733,-0.003802,-0.003761,-0.001409,-0.000111,-0.000081,-0.000140,-0.000017,0.000152,-0.000059,0.000051,0.000002,0.000073,-0.000103,-0.000025
-0.000006,-0.000746,-0.000515,-0.000722,0.000541,0.000183,0.000206,-0.000360,-0.000995,0.000808,0.000165,-0.002549,-0.000407,0.004113,0.006411,0.008587,0.001985,0.007450,0.017783,0.021399,0.027435,0.037804,0.039671,0.028126,0.018179,0.011989,0.002707,-0.003052,-0.011266,-0.014107,-0.013958,-0.008713,-0.010869,-0.007961,-0.009941,-0.007929,-0.005906,-0.006448,-0.006332,-0.002028,-0.002854,-0.001127,-0.001336,-0.004494,-0.005259,-0.002409,-0.002477,-0.002054,-0.000749,-0.000016,-0.000006,-0.000024,0.000100,0.000101,-0.000004,0.000068,0.000020,0.000132,-0.000004,0.000006
-0.000394,-0.001129,-0.000748,-0.000646,0.000115,-0.000817,-0.001161,-0.002041,-0.003551,-0.003108,-0.000702,-0.000685,-0.003483,-0.001334,0.000199,0.002265,-0.001590,0.001963,0.010179,0.008663,0.014094,0.025505,0.028126,0.041347,0.036080,0.023648,0.010468,0.006404,-0.000942,-0.012323,-0.007227,-0.005163,-0.009428,-0.006770,-0.011738,-0.010831,-0.006806,-0.012379,-0.011963,-0.004566,-0.002827,0.000149,-0.000146,-0.001914,-0.004772,-0.002903,-0.001689,-0.002270,-0.000875,-0.000252,-0.000160,-0.000152,-0.000114,-0.000021,-0.000103,-0.000083,-0.000037,0.000011,-0.000028,-0.000085
-0.001231,-0.002202,-0.001966,-0.001223,-0.000386,-0.001326,-0.001641,-0.003547,-0.004935,-0.003261,-0.000442,-0.000248,-0.005668,-0.004139,-0.006143,-0.003587,-0.005334,-0.005848,0.003116,0.000959,0.008817,0.025346,0.018179,0.036080,0.056528,0.047094,0.026340,0.017997,0.008926,-0.006977,-0.001862,-0.002886,-0.007703,-0.009425,-0.016102,-0.016215,-0.009053,-0.019462,-0.018318,-0.008302,-0.008612,-0.004046,-0.001088,0.000020,-0.003438,-0.004447,-0.001365,-0.002345,-0.001099,-0.000371,-0.000505,-0.000386,-0.000273,-0.000085,-0.000229,-0.000187,-0.000124,-0.000133,-0.000226,-0.000294
-0.001470,-0.002718,-0.002415,-0.002147,-0.001126,-0.002152,-0.002164,-0.003650,-0.003713,-0.000866,-0.000567,-0.002194,-0.006020,-0.006940,-0.012250,-0.012736,-0.012062,-0.015752,-0.009123,-0.006308,0.002386,0.016751,0.011989,0.023648,0.047094,0.057278,0.037681,0.024492,0.016638,0.000573,0.002747,-0.001027,-0.003285,-0.008408,-0.015254,-0.014910,-0.008066,-0.015004,-0.012905,-0.005556,-0.008438,-0.003258,0.001635,0.002782,0.000661,-0.002875,-0.000907,-0.001305,-0.000710,-0.000376,-0.000416,-0.000395,-0.000248,-0.000131,-0.000363,-0.000240,-0.000289,-0.000123,-0.000289,-0.000342
-0.001047,-0.001925,-0.002070,-0.002328,-0.001877,-0.002903,-0.002232,-0.002882,-0.003104,0.001418,0.000969,0.000388,-0.002175,-0.008036,-0.013991,-0.016402,-0.014403,-0.020270,-0.013169,-0.010539,-0.005121,0.005239,0.002707,0.010468,0.026340,0.037681,0.045715,0.031563,0.019939,0.006195,0.005346,-0.000330,0.000980,-0.005378,-0.012413,-0.011150,-0.005867,-0.006266,-0.007558,-0.004657,-0.004907,0.000003,0.001585,0.002108,0.002040,-0.000441,0.000383,-0.000219,-0.000037,-0.000154,-0.000224,-0.000209,-0.000236,-0.000134,-0.000209,-0.000306,-0.000355,-0.000148,-0.000280,-0.000344
-0.001317,-0.002203,-0.002044,-0.002189,-0.002495,-0.001841,-0.001436,-0.001503,-0.000429,0.001795,0.001152,0.000981,-0.002754,-0.010726,-0.018604,-0.020777,-0.016719,-0.021037,-0.020735,-0.016678,-0.012410,-0.004843,-0.003052,0.006404,0.017997,0.024492,0.031563,0.045910,0.037848,0.015014,0.015635,0.004323,0.005056,-0.003259,-0.008627,-0.006836,-0.001138,-0.003939,-0.007084,-0.003578,-0.004902,-0.000992,0.001306,0.002943,0.002828,0.000466,0.000054,0.000055,-0.000256,-0.000247,-0.000171,-0.000056,-0.000130,-0.000125,-0.000171,-0.000329,-0.000281,-0.000192,-0.000260,-0.000277
-0.001251,-0.001995,-0.002092,-0.002190,-0.002957,-0.001303,-0.000513,-0.001302,-0.000733,-0.001708,-0.002381,-0.001860,-0.003515,-0.012418,-0.019404,-0.024180,-0.016681,-0.023440,-0.028427,-0.028544,-0.025968,-0.018326,-0.011266,-0.000942,0.008926,0.016638,0.019939,0.037848,0.056577,0.030980,0.028826,0.010773,0.015002,0.005486,0.001909,0.000880,0.003936,-0.001045,-0.003052,-0.000445,-0.003498,0.001574,0.003405,0.006306,0.006601,0.002318,0.001600,0.001641,0.000587,-0.000210,-0.000016,-0.000102,-0.000179,-0.000242,-0.000225,-0.000413,-0.000396,-0.000230,-0.000189,-0.000184
-0.000232,-0.000200,-0.000233,-0.000533,-0.001045,0.000123,-0.000332,0.000115,0.001448,-0.000219,-0.002160,-0.002594,-0.002198,-0.007580,-0.009734,-0.013391,-0.008679,-0.014422,-0.021383,-0.021494,-0.022614,-0.020022,-0.014107,-0.012323,-0.006977,0.000573,0.006195,0.015014,0.030980,0.036430,0.031407,0.015601,0.019459,0.011926,0.015522,0.011305,0.007341,0.007947,0.003918,0.003743,0.003320,0.004072,0.003262,0.006302,0.008958,0.005934,0.003186,0.002742,0.001266,0.000142,0.000054,0.000128,-0.000008,-0.000064,-0.000080,-0.000043,-0.000109,-0.000029,-0.000050,-0.000017
-0.000227,-0.000467,-0.000347,-0.001112,-0.002481,-0.000789,-0.001126,-0.001224,0.000741,-0.001787,-0.003558,-0.003264,-0.003057,-0.011634,-0.016196,-0.018535,-0.010447,-0.017307,-0.029367,-0.033620,-0.034231,-0.025834,-0.013958,-0.007227,-0.001862,0.002747,0.005346,0.015635,0.028826,0.031407,0.049189,0.028210,0.027700,0.013599,0.017235,0.014082,0.009473,0.009276,0.005805,0.007593,0.006400,0.007494,0.006504,0.010455,0.010773,0.007808,0.004078,0.003526,0.001458,0.000169,0.000025,0.000064,0.000077,-0.000190,-0.000044,-0.000093,-0.000053,0.000003,-0.000016,-0.000018
0.000009,0.000073,0.000131,-0.000387,-0.000929,-0.000355,-0.001326,-0.001610,0.000762,-0.000757,-0.001837,-0.000808,-0.000933,-0.005775,-0.011109,-0.013619,-0.007229,-0.009415,-0.019004,-0.021387,-0.022467,-0.016839,-0.008713,-0.005163,-0.002886,-0.001027,-0.000330,0.004323,0.010773,0.015601,0.028210,0.033242,0.025451,0.014577,0.017935,0.015299,0.009461,0.009994,0.010334,0.006686,0.007112,0.007343,0.006565,0.010294,0.010219,0.005829,0.002863,0.002628,0.001324,0.000334,0.000205,0.000017,0.000096,-0.000032,0.000084,0.000015,0.000061,0.000044,0.000040,0.000034
-0.000570,-0.001102,-0.001333,-0.001972,-0.003005,-0.002225,-0.002230,-0.001867,0.001431,-0.001516,-0.004234,-0.004425,-0.003873,-0.015243,-0.021927,-0.022858,-0.011093,-0.016047,-0.023312,-0.022664,-0.025376,-0.022595,-0.010869,-0.009428,-0.007703,-0.003285,0.000980,0.005056,0.015002,0.019459,0.027700,0.025451,0.042856,0.025505,0.031608,0.028352,0.015700,0.017746,0.014640,0.009627,0.007058,0.008028,0.007933,0.010568,0.010363,0.005952,0.002943,0.003360,0.001289,0.000375,0.000129,0.000006,0.000025,-0.000083,-0.000056,0.000025,-0.000017,-0.000018,0.000042,-0.000069
-0.000087,0.000008,-0.000102,-0.000650,-0.001617,-0.000823,0.000157,0.000555,0.002036,-0.001786,-0.003995,-0.005030,-0.003220,-0.009894,-0.012187,-0.013021,-0.006215,-0.007139,-0.013652,-0.013569,-0.016254,-0.017903,-0.007961,-0.006770,-0.009425,-0.008408,-0.005378,-0.003259,0.005486,0.011926,0.013599,0.014577,0.025505,0.032526,0.034887,0.031988,0.015176,0.016549,0.010842,0.005669,0.005747,0.003914,0.002861,0.004138,0.003235,0.001684,0.000629,0.000812,0.000187,0.000184,0.000136,0.000119,-0.000004,0.000080,0.000058,0.000066,0.000104,0.000106,0.000111,0.000036
0.000042,0.000579,0.000540,-0.000171,-0.001182,-0.000500,0.000063,0.001920,0.004072,-0.004005,-0.007923,-0.010479,-0.005365,-0.015025,-0.016017,-0.015250,-0.007123,-0.007865,-0.019091,-0.019938,-0.021933,-0.024738,-0.009941,-0.011738,-0.016102,-0.015254,-0.012413,-0.008627,0.001909,0.015522,0.017235,0.017935,0.031608,0.034887,0.064333,0.058412,0.029225,0.030362,0.019520,0.010206,0.009431,0.007279,0.004708,0.007932,0.006913,0.004623,0.001678,0.000652,-0.000132,0.000224,0.000057,0.000278,0.000043,0.000083,-0.000009,0.000213,0.000282,0.000143,0.000293,0.000182
0.000132,0.000813,0.000802,0.000116,-0.001457,-0.000332,0.000477,0.003624,0.006098,-0.001334,-0.004779,-0.008514,-0.003607,-0.012854,-0.014436,-0.014111,-0.009257,-0.010730,-0.022026,-0.021531,-0.022830,-0.025242,-0.007929,-0.010831,-0.016215,-0.014910,-0.011150,-0.006836,0.000880,0.011305,0.014082,0.015299,0.028352,0.031988,0.058412,0.068937,0.033491,0.036521,0.025062,0.012305,0.008567,0.007329,0.006603,0.010968,0.008274,0.002644,0.000904,0.002023,0.000749,0.000190,0.000102,0.000182,0.000009,0.000014,-0.000065,0.000093,0.000270,0.000118,0.000231,0.000117
0.000199,0.000762,0.000234,-0.000217,-0.001584,-0.000759,0.000909,0.002758,0.004035,0.000788,-0.002267,-0.004842,-0.003657,-0.008405,-0.009481,-0.008600,-0.004316,-0.007539,-0.015960,-0.017502,-0.016972,-0.019063,-0.005906,-0.006806,-0.009053,-0.008066,-0.005867,-0.001138,0.003936,0.007341,0.009473,0.009461,0.015700,0.015176,0.029225,0.033491,0.029828,0.022832,0.014797,0.008519,0.006606,0.005189,0.003961,0.006856,0.006857,0.003768,0.001423,0.002544,0.001264,0.000198,0.000046,0.000014,0.000034,-0.000044,0.000043,0.000083,0.000157,0.000124,0.000118,0.000051
0.000599,0.001174,0.001115,0.000374,-0.000580,-0.001024,0.000799,0.003490,0.006164,0.003592,0.000151,-0.001528,-0.000657,-0.006621,-0.008680,-0.009509,-0.006770,-0.009773,-0.012575,-0.009282,-0.011133,-0.018573,-0.006448,-0.012379,-0.019462,-0.015004,-0.006266,-0.003939,-0.001045,0.007947,0.009276,0.009994,0.017746,0.016549,0.030362,0.036521,0.022832,0.042872,0.033951,0.014253,0.008530,0.007956,0.007317,0.010097,0.012331,0.005767,0.002335,0.003941,0.001835,0.000477,0.000382,0.000222,0.000178,0.000049,0.000199,0.000273,0.000180,0.000187,0.000218,0.000208
0.000583,0.000909,0.000679,0.000485,0.000809,0.000051,0.001081,0.003039,0.005885,0.005473,0.003013,0.002706,0.002466,-0.002746,-0.007129,-0.008780,-0.010060,-0.009666,-0.008460,-0.004972,-0.007895,-0.016509,-0.006332,-0.011963,-0.018318,-0.012905,-0.007558,-0.007084,-0.003052,0.003918,0.005805,0.010334,0.014640,0.010842,0.019520,0.025062,0.014797,0.033951,0.041199,0.018046,0.008343,0.009050,0.008960,0.013163,0.014796,0.006246,0.002833,0.004914,0.002485,0.000547,0.000600,0.000184,0.000209,0.000087,0.000213,0.000269,0.000149,0.000242,0.000246,0.000233
0.000030,-0.000133,-0.000232,-0.000476,-0.000373,-0.000001,-0.000061,0.000472,0.002065,0.001646,-0.000369,-0.000439,-0.000504,-0.004682,-0.005476,-0.004651,-0.007237,-0.007508,-0.008145,-0.008976,-0.008933,-0.009316,-0.002028,-0.004566,-0.008302,-0.005556,-0.004657,-0.003578,-0.000445,0.003743,0.007593,0.006686,0.009627,0.005669,0.010206,0.012305,0.008519,0.014253,0.018046,0.018979,0.010312,0.007187,0.005889,0.008427,0.008757,0.004943,0.002906,0.003044,0.001593,0.000342,0.000339,0.000032,0.000093,-0.000060,-0.000015,0.000034,-0.000026,0.000025,0.000054,0.000102
0.000361,0.000560,0.000458,0.000105,0.000009,0.000078,-0.000054,0.000272,0.001093,0.000299,-0.000398,0.000354,-0.001023,-0.002527,-0.002316,-0.002040,-0.005051,-0.003324,-0.006057,-0.008377,-0.007589,-0.007494,-0.002854,-0.002827,-0.008612,-0.008438,-0.004907,-0.004902,-0.003498,0.003320,0.006400,0.007112,0.007058,0.005747,0.009431,0.008567,0.006606,0.008530,0.008343,0.010312,0.015550,0.011053,0.006567,0.007905,0.008521,0.006843,0.004083,0.003124,0.001590,0.000415,0.000428,0.000170,0.000138,0.000052,0.000067,0.000154,0.000054,0.000057,0.000133,0.000155
0.000531,0.000755,0.000326,0.000174,0.000724,0.000221,0.000354,0.000690,0.000911,0.000012,0.000143,0.000696,-0.000648,-0.001125,-0.002939,-0.003804,-0.006192,-0.005910,-0.007290,-0.006806,-0.005684,-0.005002,-0.001127,0.000149,-0.004046,-0.003258,0.000003,-0.000992,0.001574,0.004072,0.007494,0.007343,0.008028,0.003914,0.007279,0.007329,0.005189,0.007956,0.009050,0.007187,0.011053,0.016085,0.009297,0.008504,0.010513,0.007249,0.004285,0.003650,0.001914,0.000455,0.000522,0.000184,0.000135,0.000003,0.000080,0.000106,0.000014,0.000101,0.000161,0.000111
0.000236,0.000184,-0.000287,-0.000394,0.000540,-0.000158,-0.000052,-0.000051,0.001060,0.001181,0.001239,0.001335,-0.000596,-0.002180,-0.004859,-0.005174,-0.005726,-0.005217,-0.004571,-0.004927,-0.003758,-0.002324,-0.001336,-0.000146,-0.001088,0.001635,0.001585,0.001306,0.003405,0.003262,0.006504,0.006565,0.007933,0.002861,0.004708,0.006603,0.003961,0.007317,0.008960,0.005889,0.006567,0.009297,0.011358,0.010569,0.011030,0.005625,0.002870,0.003134,0.001762,0.000367,0.000281,0.000063,0.000072,-0.000073,0.000004,0.000030,-0.000011,0.000071,0.000059,0.000051
0.000422,0.000560,-0.000078,0.000016,0.000410,-0.000053,0.000034,0.000613,0.003631,0.005037,0.004984,0.004773,0.000973,-0.001406,-0.006469,-0.007470,-0.010146,-0.009495,-0.009688,-0.009233,-0.007649,-0.006256,-0.004494,-0.001914,0.000020,0.002782,0.002108,0.002943,0.006306,0.006302,0.010455,0.010294,0.010568,0.004138,0.007932,0.010968,0.006856,0.010097,0.013163,0.008427,0.007905,0.008504,0.010569,0.020121,0.019021,0.007428,0.003467,0.004726,0.002473,0.000280,0.000404,0.000085,0.000054,-0.000073,0.000084,0.000108,0.000064,0.000070,0.000139,0.000079
0.000793,0.001222,0.000546,0.000536,0.001054,0.000283,0.000604,0.001363,0.004549,0.006662,0.005904,0.004375,0.001746,0.000402,-0.003766,-0.005292,-0.009568,-0.009455,-0.010111,-0.007346,-0.006207,-0.006418,-0.005259,-0.004772,-0.003438,0.000661,0.002040,0.002828,0.006601,0.008958,0.010773,0.010219,0.010363,0.003235,0.006913,0.008274,0.006857,0.012331,0.014796,0.008757,0.008521,0.010513,0.011030,0.019021,0.024681,0.012013,0.005744,0.006364,0.003314,0.000562,0.000617,0.000228,0.000102,-0.000034,0.000179,0.000144,0.000087,0.000105,0.000170,0.000149
0.000596,0.000712,0.000385,0.000171,0.000318,-0.000154,0.000080,0.000181,0.001388,0.001964,0.000813,-0.000195,0.000482,-0.000434,-0.001488,-0.002270,-0.003608,-0.004431,-0.007748,-0.006845,-0.006185,-0.004733,-0.002409,-0.002903,-0.004447,-0.002875,-0.000441,0.000466,0.002318,0.005934,0.007808,0.005829,0.005952,0.001684,0.004623,0.002644,0.003768,0.005767,0.006246,0.004943,0.006843,0.007249,0.005625,0.007428,0.012013,0.011063,0.005080,0.003343,0.001667,0.000561,0.000318,0.000193,0.000126,-0.000013,0.000164,0.000151,0.000081,0.000087,0.000125,0.000140
0.000108,0.000154,0.000019,0.000093,0.000274,-0.000029,0.000266,0.000046,0.000267,0.000521,-0.000242,-0.000660,-0.000334,-0.000307,-0.000848,-0.001564,-0.002053,-0.002800,-0.004297,-0.005171,-0.005173,-0.003802,-0.002477,-0.001689,-0.001365,-0.000907,0.000383,0.000054,0.001600,0.003186,0.004078,0.002863,0.002943,0.000629,0.001678,0.000904,0.001423,0.002335,0.002833,0.002906,0.004083,0.004285,0.002870,0.003467,0.005744,0.005080,0.003970,0.002334,0.001242,0.000367,0.000200,0.000068,0.000032,0.000009,0.000094,0.000072,0.000021,0.000034,0.000042,0.000033
0.000189,0.000438,0.000272,0.000344,0.000412,-0.000120,0.000417,0.000717,0.001473,0.002610,0.001830,0.000789,0.000219,0.000678,-0.000514,-0.001031,-0.001249,-0.002525,-0.003103,-0.003148,-0.002996,-0.003761,-0.002054,-0.002270,-0.002345,-0.001305,-0.000219,0.000055,0.001641,0.002742,0.003526,0.002628,0.003360,0.000812,0.000652,0.002023,0.002544,0.003941,0.004914,0.003044,0.003124,0.003650,0.003134,0.004726,0.006364,0.003343,0.002334,0.003613,0.001908,0.000262,0.000284,0.000018,0.000039,-0.000006,0.000072,0.000067,0.000051,0.000061,0.000049,0.000028
0.000130,0.000264,0.000115,0.000144,0.000202,-0.000030,0.000274,0.000416,0.000580,0.001426,0.001039,0.000470,0.000131,0.000763,0.000286,-0.000070,-0.000627,-0.001152,-0.001233,-0.001389,-0.001153,-0.001409,-0.000749,-0.000875,-0.001099,-0.000710,-0.000037,-0.000256,0.000587,0.001266,0.001458,0.001324,0.001289,0.000187,-0.000132,0.000749,0.001264,0.001835,0.002485,0.001593,0.001590,0.001914,0.001762,0.002473,0.003314,0.001667,0.001242,0.001908,0.001246,0.000187,0.000148,-0.000010,0.000017,-0.000005,0.000037,0.000022,0.000024,0.000037,0.000016,0.000010
0.000042,0.000028,-0.000008,-0.000006,0.000049,0.000022,0.000074,-0.000014,0.000046,0.000114,-0.000041,-0.000047,0.000056,0.000216,0.000071,0.000059,-0.000181,-0.000088,0.000003,-0.000007,-0.000164,-0.000111,-0.000016,-0.000252,-0.000371,-0.000376,-0.000154,-0.000247,-0.000210,0.000142,0.000169,0.000334,0.000375,0.000184,0.000224,0.000190,0.000198,0.000477,0.000547,0.000342,0.000415,0.000455,0.000367,0.000280,0.000562,0.000561,0.000367,0.000262,0.000187,0.000111,0.000027,0.000004,0.000014,0.000001,0.000016,0.000014,0.000014,0.000012,0.000003,0.000006
0.000035,0.000080,0.000065,0.000050,0.000067,0.000039,0.000094,0.000152,0.000150,0.000290,0.000271,0.000187,0.000177,0.000362,0.000273,0.000170,-0.000229,-0.000155,-0.000135,0.000081,0.000077,-0.000081,-0.000006,-0.000160,-0.000505,-0.000416,-0.000224,-0.000171,-0.000016,0.000054,0.000025,0.000205,0.000129,0.000136,0.000057,0.000102,0.000046,0.000382,0.000600,0.000339,0.000428,0.000522,0.000281,0.000404,0.000617,0.000318,0.000200,0.000284,0.000148,0.000027,0.000091,0.000020,0.000010,0.000014,0.000010,0.000012,0.000009,0.000008,0.000012,0.000013
0.000044,0.000071,0.000067,0.000089,0.000106,0.000071,0.000046,0.000099,0.000100,0.000112,0.000118,0.000099,0.000113,0.000128,0.000119,0.000054,-0.000138,0.000073,-0.000086,0.000044,-0.000058,-0.000140,-0.000024,-0.000152,-0.000386,-0.000395,-0.000209,-0.000056,-0.000102,0.000128,0.000064,0.000017,0.000006,0.000119,0.000278,0.000182,0.000014,0.000222,0.000184,0.000032,0.000170,0.000184,0.000063,0.000085,0.000228,0.000193,0.000068,0.000018,-0.000010,0.000004,0.000020,0.000041,0.000010,0.000006,0.000010,0.000009,0.000004,0.000007,0.000010,0.000009
0.000030,0.000042,0.000043,0.000052,0.000074,0.000025,0.000010,0.000000,0.000027,0.000026,0.000005,-0.000050,0.000045,0.000047,-0.000026,-0.000025,-0.000023,0.000023,0.000012,0.000043,-0.000036,-0.000017,0.000100,-0.000114,-0.000273,-0.000248,-0.000236,-0.000130,-0.000179,-0.000008,0.000077,0.000096,0.000025,-0.000004,0.000043,0.000009,0.000034,0.000178,0.000209,0.000093,0.000138,0.000135,0.000072,0.000054,0.000102,0.000126,0.000032,0.000039,0.000017,0.000014,0.000010,0.000010,0.000024,0.000005,0.000007,0.000009,0.000007,0.000008,0.000006,0.000006
0.000003,0.000023,0.000040,0.000036,0.000026,0.000017,0.000025,0.000052,0.000046,-0.000027,-0.000034,-0.000054,0.000006,0.000084,0.000052,0.000032,0.000013,0.000091,0.000112,0.000203,0.000187,0.000152,0.000101,-0.000021,-0.000085,-0.000131,-0.000134,-0.000125,-0.000242,-0.000064,-0.000190,-0.000032,-0.000083,0.000080,0.000083,0.000014,-0.000044,0.000049,0.000087,-0.000060,0.000052,0.000003,-0.000073,-0.000073,-0.000034,-0.000013,0.000009,-0.000006,-0.000005,0.000001,0.000014,0.000006,0.000005,0.000025,0.000007,0.000010,0.000009,0.000006,0.000008,0.000005
0.000022,0.000045,0.000037,0.000053,0.000077,0.000018,0.000073,0.000056,0.000046,0.000107,0.000132,0.000088,0.000131,0.000341,0.000291,0.000260,0.000126,0.000216,0.000222,0.000224,0.000082,-0.000059,-0.000004,-0.000103,-0.000229,-0.000363,-0.000209,-0.000171,-0.000225,-0.000080,-0.000044,0.000084,-0.000056,0.000058,-0.000009,-0.000065,0.000043,0.000199,0.000213,-0.000015,0.000067,0.000080,0.000004,0.000084,0.000179,0.000164,0.000094,0.000072,0.000037,0.000016,0.000010,0.000010,0.000007,0.000007,0.000034,0.000014,0.000010,0.000012,0.000012,0.000007
0.000020,0.000049,0.000036,0.000047,0.000086,0.000042,0.000061,0.000107,0.000162,0.000118,0.000102,0.000083,0.000083,0.000275,0.000297,0.000358,0.000243,0.000261,0.000273,0.000310,0.000237,0.000051,0.000068,-0.000083,-0.000187,-0.000240,-0.000306,-0.000329,-0.000413,-0.000043,-0.000093,0.000015,0.000025,0.000066,0.000213,0.000093,0.000083,0.000273,0.000269,0.000034,0.000154,0.000106,0.000030,0.000108,0.000144,0.000151,0.000072,0.000067,0.000022,0.000014,0.000012,0.000009,0.000009,0.000010,0.000014,0.000035,0.000021,0.000013,0.000012,0.000010
0.000043,0.000059,0.000063,0.000062,0.000068,0.000035,0.000069,0.000099,0.000156,0.000155,0.000132,0.000057,0.000102,0.000238,0.000302,0.000321,0.000178,0.000198,0.000204,0.000254,0.000169,0.000002,0.000020,-0.000037,-0.000124,-0.000289,-0.000355,-0.000281,-0.000396,-0.000109,-0.000053,0.000061,-0.000017,0.000104,0.000282,0.000270,0.000157,0.000180,0.000149,-0.000026,0.000054,0.000014,-0.000011,0.000064,0.000087,0.000081,0.000021,0.000051,0.000024,0.000014,0.000009,0.000004,0.000007,0.000009,0.000010,0.000021,0.000035,0.000013,0.000008,0.000006
0.000028,0.000034,0.000028,0.000041,0.000069,0.000022,0.000051,0.000071,0.000068,0.000100,0.000052,-0.000051,0.000047,0.000156,0.000122,0.000118,0.000081,0.000117,0.000211,0.000229,0.000180,0.000073,0.000132,0.000011,-0.000133,-0.000123,-0.000148,-0.000192,-0.000230,-0.000029,0.000003,0.000044,-0.000018,0.000106,0.000143,0.000118,0.000124,0.000187,0.000242,0.000025,0.000057,0.000101,0.000071,0.000070,0.000105,0.000087,0.000034,0.000061,0.000037,0.000012,0.000008,0.000007,0.000008,0.000006,0.000012,0.000013,0.000013,0.000026,0.000009,0.000004
0.000025,0.000046,0.000049,0.000070,0.000077,0.000013,0.000039,0.000056,0.000062,0.000038,0.000033,0.000004,0.000033,0.000129,0.000116,0.000094,0.000069,0.000103,-0.000007,0.000063,0.000022,-0.000103,-0.000004,-0.000028,-0.000226,-0.000289,-0.000280,-0.000260,-0.000189,-0.000050,-0.000016,0.000040,0.000042,0.000111,0.000293,0.000231,0.000118,0.000218,0.000246,0.000054,0.000133,0.000161,0.000059,0.000139,0.000170,0.000125,0.000042,0.000049,0.000016,0.000003,0.000012,0.000010,0.000006,0.000008,0.000012,0.000012,0.000008,0.000009,0.000024,0.000012
0.000041,0.000075,0.000066,0.000086,0.000076,0.000033,0.000046,0.000055,0.000090,0.000071,0.000088,0.000056,0.000038,0.000091,0.000151,0.000166,0.000104,0.000115,0.000052,0.000058,0.000058,-0.000025,0.000006,-0.000085,-0.000294,-0.000342,-0.000344,-0.000277,-0.000184,-0.000017,-0.000018,0.000034,-0.000069,0.000036,0.000182,0.000117,0.000051,0.000208,0.000233,0.000102,0.000155,0.000111,0.000051,0.000079,0.000149,0.000140,0.000033,0.000028,0.000010,0.000006,0.000013,0.000009,0.000006,0.000005,0.000007,0.000010,0.000006,0.000004,0.000012,0.000020
