0.022058,0.015208,0.009448,0.006899,0.007246,0.002703,0.001893,0.004326,0.002896,0.004764,0.004815,0.004072,0.001911,0.004107,0.005369,0.004409,-0.001320,0.000075,-0.000757,0.002771,0.001010,-0.004405,-0.001543,-0.005946,-0.010743,-0.013530,-0.008906,-0.010248,-0.006966,-0.000746,0.000142,0.000831,-0.000904,0.002616,0.002507,0.002615,0.002556,0.005889,0.007014,0.002508,0.003361,0.005399,0.001234,0.001546,0.007742,0.006111,0.002789,0.005626,0.006613,0.005097,0.003032,0.004138,0.004196,0.004247,0.004274,0.005532,0.007558,0.004922,0.006439,0.006503
0.015208,0.019817,0.011399,0.008501,0.008181,0.004764,0.003907,0.004931,0.002254,0.003021,0.003676,0.002636,0.002353,0.005170,0.006797,0.006222,0.000857,0.000323,-0.000852,0.000107,-0.000063,-0.003699,-0.002601,-0.004866,-0.009045,-0.012286,-0.007302,-0.008894,-0.007998,-0.001332,-0.000602,0.000371,-0.003916,-0.000092,0.002971,0.004694,0.004591,0.005171,0.004868,0.000806,0.003158,0.005798,0.001506,0.001266,0.007183,0.005118,0.002687,0.006371,0.007893,0.003409,0.003777,0.005007,0.003659,0.003522,0.005470,0.004397,0.005211,0.003658,0.005259,0.006091
0.009448,0.011399,0.011607,0.008023,0.006519,0.002483,0.002262,0.002454,0.001152,0.002052,0.001974,-0.000120,0.000282,0.002095,0.003070,0.002435,0.000453,0.000015,-0.001234,-0.001517,-0.001754,-0.002290,-0.002023,-0.001998,-0.004851,-0.007774,-0.005625,-0.005570,-0.004511,-0.000851,0.001327,0.000825,-0.003514,-0.000397,0.000903,0.003006,0.001012,0.002412,0.001457,-0.000645,0.001700,0.002017,-0.000279,0.000131,0.003138,0.002739,0.001811,0.004341,0.004262,0.000478,0.001686,0.003614,0.002769,0.002586,0.003209,0.001707,0.004901,0.002572,0.004720,0.004560
0.006899,0.008501,0.008023,0.009119,0.008642,0.002677,0.002265,0.001808,0.000567,0.001670,0.002074,0.001499,0.001312,0.003096,0.003389,0.002997,0.001388,0.000744,0.001319,-0.000062,-0.000668,-0.000687,-0.001536,-0.001184,-0.002758,-0.005048,-0.003677,-0.003610,-0.004351,-0.002457,-0.002094,-0.001502,-0.004726,-0.002764,-0.002719,-0.000816,-0.000689,0.000098,-0.000034,-0.001477,0.000335,0.000448,-0.000557,-0.000243,0.001284,0.001037,0.000788,0.002419,0.002048,-0.000043,0.001085,0.002965,0.002518,0.001242,0.003064,0.001626,0.003562,0.002269,0.004989,0.004941
0.007246,0.008181,0.006519,0.008642,0.020406,0.007609,0.005997,0.003889,0.002131,0.005479,0.006005,0.006160,0.005813,0.009451,0.009525,0.011291,0.006474,0.007714,0.011865,0.009264,0.005775,0.004654,0.000875,-0.000908,-0.003322,-0.005328,-0.006063,-0.008158,-0.010064,-0.005581,-0.005894,-0.003071,-0.005894,-0.004334,-0.004719,-0.003895,-0.003138,-0.000902,0.001478,-0.000489,0.000828,0.002892,0.000955,0.000316,0.002967,0.000996,0.001781,0.003566,0.003183,0.000608,0.002470,0.003633,0.004296,0.001286,0.004050,0.003877,0.004698,0.004601,0.006657,0.005598
0.002703,0.004764,0.002483,0.002677,0.007609,0.015100,0.009765,0.006759,0.004082,0.004956,0.005101,0.006441,0.007101,0.007822,0.008066,0.009003,0.003662,0.005537,0.005176,0.004825,0.004135,0.003411,0.001986,-0.001878,-0.003512,-0.005660,-0.006151,-0.004692,-0.005089,-0.001994,-0.000862,-0.001354,-0.006231,-0.003971,-0.001775,-0.000356,-0.002344,-0.003312,-0.000605,-0.000559,0.000562,0.000894,-0.000393,-0.000448,0.000842,-0.000253,0.001029,0.000551,0.000913,0.001269,0.001161,0.003110,0.002015,0.001933,0.000036,0.002107,0.002960,0.001548,0.001039,0.001526
0.001893,0.003907,0.002262,0.002265,0.005997,0.009765,0.017677,0.010356,0.006741,0.009419,0.007346,0.004498,0.005248,0.009116,0.009485,0.009362,0.004468,0.005886,0.005961,0.002642,0.001739,-0.000135,0.001126,-0.000956,-0.003226,-0.005378,-0.005792,-0.006729,-0.005403,-0.004827,-0.004344,-0.002664,-0.005683,-0.000853,-0.001731,0.000333,0.002425,0.000567,0.002438,0.001036,0.000232,0.001588,-0.000249,0.000327,0.001124,0.000056,0.002204,0.002874,0.003018,0.002146,0.002828,0.001450,0.001440,0.001667,0.003179,0.002767,0.005042,0.003527,0.003083,0.002720
0.004326,0.004931,0.002454,0.001808,0.003889,0.006759,0.010356,0.019152,0.010855,0.012209,0.011798,0.008344,0.006644,0.009833,0.010983,0.011292,0.003747,0.004854,0.003789,0.005139,0.004455,-0.001391,-0.000190,-0.005243,-0.008083,-0.009255,-0.006467,-0.007497,-0.007907,-0.005295,-0.005102,-0.003692,-0.006415,-0.002180,-0.000218,0.002733,0.003784,0.003392,0.005350,0.001219,-0.000848,0.001258,-0.000675,-0.000300,0.001716,0.000202,-0.000145,0.000899,0.003206,0.001452,0.002191,0.000606,-0.001119,0.001750,0.004301,0.003345,0.005442,0.003616,0.002724,0.001524
0.002896,0.002254,0.001152,0.000567,0.002131,0.004082,0.006741,0.010855,0.014092,0.014850,0.012465,0.008629,0.006436,0.006184,0.005622,0.005606,0.001703,0.003640,0.002142,0.004881,0.004162,-0.000215,-0.000150,-0.003874,-0.003505,-0.003847,-0.002997,-0.003234,-0.004714,-0.002117,0.000742,0.003432,0.000886,0.000566,0.001588,0.003833,0.003593,0.004208,0.005468,0.003012,0.000766,0.000786,0.000833,0.004917,0.006668,0.001859,0.000801,0.003757,0.003315,0.002564,0.000944,-0.000660,-0.000913,0.000308,0.001918,0.002636,0.004197,0.001143,-0.000130,-0.000405
0.004764,0.003021,0.002052,0.001670,0.005479,0.004956,0.009419,0.012209,0.014850,0.031046,0.025163,0.016866,0.010673,0.010549,0.009175,0.008525,0.002518,0.002471,0.004901,0.009272,0.008782,0.005008,0.000601,-0.004154,-0.003241,-0.000941,0.003035,0.001095,-0.003396,-0.000809,-0.001212,0.002646,-0.002522,-0.003584,-0.007765,-0.004953,-0.000312,0.001918,0.006400,0.003549,-0.000349,-0.001070,-0.000065,0.006141,0.010516,0.003461,0.002256,0.009120,0.008663,0.003551,0.003776,-0.000371,-0.001203,-0.001274,0.002061,0.000421,0.004143,0.002300,-0.000063,-0.000907
0.004815,0.003676,0.001974,0.002074,0.006005,0.005101,0.007346,0.011798,0.012465,0.025163,0.029197,0.027106,0.014592,0.012600,0.009984,0.008995,0.001900,0.003325,0.009183,0.013000,0.011890,0.007831,0.000806,0.000838,0.000966,0.000306,0.002796,0.001386,-0.002875,-0.002590,-0.003561,-0.000175,-0.004980,-0.005385,-0.012222,-0.009982,-0.004946,-0.003524,0.003251,0.000331,-0.001143,0.000447,0.000148,0.005669,0.009316,0.000872,0.000031,0.006054,0.006218,0.000398,0.003725,0.000483,-0.001887,-0.001674,0.003499,0.000670,0.003496,0.001599,-0.000546,-0.001171
0.004072,0.002636,-0.000120,0.001499,0.006160,0.006441,0.004498,0.008344,0.008629,0.016866,0.027106,0.040888,0.019847,0.014423,0.009583,0.008235,0.000348,0.004340,0.011292,0.014662,0.011645,0.006058,-0.003119,-0.000927,-0.000547,-0.003131,0.000172,0.001204,-0.002309,-0.001917,-0.002973,0.000468,-0.003714,-0.006423,-0.014743,-0.013141,-0.007611,-0.004253,0.003964,0.000914,0.001493,0.003669,0.002436,0.006331,0.007843,-0.000436,-0.000470,0.004296,0.004144,0.000260,0.002922,0.001681,-0.002085,-0.001351,0.001911,0.003036,0.003269,-0.000919,-0.001108,-0.000394
0.001911,0.002353,0.000282,0.001312,0.005813,0.007101,0.005248,0.006644,0.006436,0.010673,0.014592,0.019847,0.023604,0.016833,0.014436,0.013401,0.007781,0.008401,0.009921,0.011627,0.008224,0.005419,-0.000371,-0.005218,-0.007011,-0.006580,-0.003599,-0.005243,-0.005555,-0.002420,-0.004344,0.000636,-0.002727,-0.003746,-0.006723,-0.006134,-0.005439,-0.002431,0.003821,-0.000704,-0.002793,-0.000456,-0.000352,0.000900,0.002304,0.000279,-0.000141,-0.000769,-0.000517,0.001661,0.001881,0.002052,0.000279,-0.000412,0.002899,0.002012,0.002516,0.000721,-0.000984,-0.001566
0.004107,0.005170,0.002095,0.003096,0.009451,0.007822,0.009116,0.009833,0.006184,0.010549,0.012600,0.014423,0.016833,0.029838,0.031230,0.029876,0.016933,0.021191,0.021674,0.019783,0.015113,0.011291,0.003589,0.000223,-0.003953,-0.007481,-0.009267,-0.014514,-0.015756,-0.008972,-0.010751,-0.003494,-0.012080,-0.008144,-0.013674,-0.011117,-0.008056,-0.007017,-0.002353,-0.005096,-0.003449,-0.000742,-0.003263,-0.001729,-0.000400,-0.002132,-0.001374,0.000973,0.002343,0.001926,0.003762,0.001397,0.000714,0.001052,0.006689,0.005435,0.005868,0.004311,0.003433,0.000859
0.005369,0.006797,0.003070,0.003389,0.009525,0.008066,0.009485,0.010983,0.005622,0.009175,0.009984,0.009583,0.014436,0.031230,0.043418,0.044426,0.027341,0.031344,0.027685,0.022451,0.017909,0.013308,0.004702,-0.000055,-0.007747,-0.013319,-0.014125,-0.021533,-0.021609,-0.011223,-0.014686,-0.009229,-0.019207,-0.009845,-0.013537,-0.010628,-0.008269,-0.007701,-0.006198,-0.006504,-0.004107,-0.004005,-0.006491,-0.007038,-0.005208,-0.003724,-0.002350,-0.002802,-0.000027,-0.000352,0.003285,0.001190,-0.001520,0.000967,0.005329,0.005837,0.006819,0.003240,0.003389,0.002459
0.004409,0.006222,0.002435,0.002997,0.011291,0.009003,0.009362,0.011292,0.005606,0.008525,0.008995,0.008235,0.013401,0.029876,0.044426,0.055562,0.037289,0.041588,0.037582,0.027907,0.022009,0.017243,0.006791,-0.000275,-0.008750,-0.016486,-0.018387,-0.026351,-0.028970,-0.015891,-0.018036,-0.011951,-0.021182,-0.011461,-0.012096,-0.007871,-0.004988,-0.005749,-0.006340,-0.005441,-0.003371,-0.004042,-0.006636,-0.007353,-0.005660,-0.004278,-0.002788,-0.003978,0.000103,-0.000157,0.002451,0.000838,-0.001532,0.001758,0.004815,0.006599,0.007774,0.004440,0.004336,0.002817
-0.001320,0.000857,0.000453,0.001388,0.006474,0.003662,0.004468,0.003747,0.001703,0.002518,0.001900,0.000348,0.007781,0.016933,0.027341,0.037289,0.045622,0.037417,0.029197,0.014304,0.008706,0.010753,0.001340,-0.003235,-0.007723,-0.014403,-0.016668,-0.020220,-0.019646,-0.010165,-0.010060,-0.006058,-0.010432,-0.004687,-0.005431,-0.003905,-0.001149,-0.003939,-0.008870,-0.007691,-0.006907,-0.008748,-0.006833,-0.009604,-0.011916,-0.005782,-0.003127,-0.004296,-0.002707,-0.003196,-0.002154,-0.002235,-0.001388,0.000615,0.001489,0.002730,0.004293,0.001014,0.000888,0.000574
0.000075,0.000323,0.000015,0.000744,0.007714,0.005537,0.005886,0.004854,0.003640,0.002471,0.003325,0.004340,0.008401,0.021191,0.031344,0.041588,0.037417,0.051396,0.044028,0.031812,0.022182,0.016095,0.006417,0.000213,-0.008202,-0.018775,-0.023794,-0.026255,-0.026983,-0.016860,-0.016388,-0.008012,-0.013111,-0.003745,-0.003875,-0.004409,-0.004585,-0.005425,-0.007083,-0.006671,-0.004039,-0.007338,-0.007134,-0.007751,-0.010598,-0.007618,-0.004771,-0.008511,-0.004915,-0.001700,-0.001746,-0.000230,-0.001556,0.002014,0.003097,0.003247,0.004345,0.002158,0.001699,0.000567
-0.000757,-0.000852,-0.001234,0.001319,0.011865,0.005176,0.005961,0.003789,0.002142,0.004901,0.009183,0.011292,0.009921,0.021674,0.027685,0.037582,0.029197,0.044028,0.070817,0.062882,0.050078,0.039427,0.017849,0.010358,-0.000660,-0.011090,-0.016248,-0.022841,-0.027083,-0.020702,-0.028830,-0.018834,-0.019089,-0.011619,-0.018349,-0.019013,-0.012928,-0.009509,-0.007062,-0.008859,-0.007941,-0.009361,-0.007055,-0.009636,-0.012807,-0.012684,-0.007788,-0.009448,-0.004855,-0.001836,-0.001358,-0.001443,-0.000720,0.001972,0.002525,0.004165,0.004472,0.006165,0.000533,-0.001241
0.002771,0.000107,-0.001517,-0.000062,0.009264,0.004825,0.002642,0.005139,0.004881,0.009272,0.013000,0.014662,0.011627,0.019783,0.022451,0.027907,0.014304,0.031812,0.062882,0.075328,0.066606,0.048763,0.023125,0.008964,0.000690,-0.004656,-0.008827,-0.016157,-0.024796,-0.020782,-0.032926,-0.020646,-0.019355,-0.013014,-0.020124,-0.022927,-0.017712,-0.010271,-0.005661,-0.010206,-0.012267,-0.009620,-0.007032,-0.008910,-0.007540,-0.009963,-0.009001,-0.010974,-0.005246,0.001182,-0.000874,-0.001718,-0.002142,0.002193,0.002648,0.004588,0.003583,0.005505,-0.001216,-0.004653
0.001010,-0.000063,-0.001754,-0.000668,0.005775,0.004135,0.001739,0.004455,0.004162,0.008782,0.011890,0.011645,0.008224,0.015113,0.017909,0.022009,0.008706,0.022182,0.050078,0.066606,0.073092,0.058206,0.027146,0.014463,0.008922,0.003134,-0.004348,-0.012243,-0.021420,-0.021312,-0.032648,-0.019607,-0.021287,-0.013006,-0.018929,-0.022046,-0.016376,-0.011349,-0.007898,-0.009196,-0.010053,-0.007833,-0.005612,-0.006624,-0.005305,-0.008710,-0.009351,-0.009663,-0.003466,-0.000556,-0.000220,-0.003011,-0.003943,0.002319,-0.000020,0.002899,0.001028,0.004145,-0.000553,-0.003126
-0.004405,-0.003699,-0.002290,-0.000687,0.004654,0.003411,-0.000135,-0.001391,-0.000215,0.005008,0.007831,0.006058,0.005419,0.011291,0.013308,0.017243,0.010753,0.016095,0.039427,0.048763,0.058206,0.066150,0.036795,0.027023,0.023274,0.016169,0.001974,-0.006394,-0.015482,-0.017421,-0.023634,-0.012575,-0.018017,-0.012290,-0.018014,-0.019368,-0.015847,-0.016055,-0.016151,-0.010050,-0.007684,-0.007197,-0.004422,-0.005419,-0.005811,-0.006841,-0.006808,-0.008287,-0.003783,-0.001084,0.001337,-0.001257,-0.001946,0.002058,-0.002287,0.000782,-0.001929,0.001971,-0.001310,-0.001705
-0.001543,-0.002601,-0.002023,-0.001536,0.000875,0.001986,0.001126,-0.000190,-0.000150,0.000601,0.000806,-0.003119,-0.000371,0.003589,0.004702,0.006791,0.001340,0.006417,0.017849,0.023125,0.027146,0.036795,0.040132,0.028614,0.019136,0.011216,0.000194,-0.003278,-0.006570,-0.009822,-0.011505,-0.005161,-0.005658,-0.002121,-0.004590,-0.002599,-0.003744,-0.004992,-0.006374,-0.002645,-0.003807,-0.001770,-0.002387,-0.005182,-0.006591,-0.004220,-0.004563,-0.005545,-0.001710,0.001382,0.000637,0.000890,0.000783,0.002550,-0.000597,0.001479,-0.002052,0.002765,-0.000961,-0.001526
-0.005946,-0.004866,-0.001998,-0.001184,-0.000908,-0.001878,-0.000956,-0.005243,-0.003874,-0.004154,0.000838,-0.000927,-0.005218,0.000223,-0.000055,-0.000275,-0.003235,0.000213,0.010358,0.008964,0.014463,0.027023,0.028614,0.046676,0.041897,0.028374,0.012804,0.008381,0.002703,-0.008365,-0.005946,-0.003041,-0.006750,-0.004701,-0.011042,-0.010493,-0.008112,-0.015343,-0.015955,-0.006805,-0.001918,0.000573,-0.002287,-0.001673,-0.006167,-0.005421,-0.003167,-0.003778,-0.002245,-0.003576,0.000199,-0.001061,-0.004417,-0.001255,-0.002347,-0.001824,-0.003897,0.000256,-0.000650,-0.001268
-0.010743,-0.009045,-0.004851,-0.002758,-0.003322,-0.003512,-0.003226,-0.008083,-0.003505,-0.003241,0.000966,-0.000547,-0.007011,-0.003953,-0.007747,-0.008750,-0.007723,-0.008202,-0.000660,0.000690,0.008922,0.023274,0.019136,0.041897,0.057548,0.051222,0.027845,0.019597,0.010345,-0.004936,-0.000179,-0.000632,-0.005932,-0.007404,-0.013449,-0.015365,-0.008906,-0.020073,-0.019943,-0.009708,-0.007651,-0.004255,-0.004570,0.000181,-0.004329,-0.006547,-0.003941,-0.004622,-0.005717,-0.005790,-0.003203,-0.004705,-0.006384,-0.004137,-0.004543,-0.003123,-0.005818,-0.002098,-0.003352,-0.004899
-0.013530,-0.012286,-0.007774,-0.005048,-0.005328,-0.005660,-0.005378,-0.009255,-0.003847,-0.000941,0.000306,-0.003131,-0.006580,-0.007481,-0.013319,-0.016486,-0.014403,-0.018775,-0.011090,-0.004656,0.003134,0.016169,0.011216,0.028374,0.051222,0.064702,0.043623,0.028191,0.017149,0.000506,0.002950,0.000854,-0.004684,-0.007930,-0.014237,-0.015047,-0.008175,-0.018163,-0.017332,-0.009371,-0.010184,-0.005837,-0.002177,0.002368,-0.001551,-0.006092,-0.003570,-0.004545,-0.006394,-0.006164,-0.003216,-0.006758,-0.006311,-0.006134,-0.006622,-0.006838,-0.010034,-0.002732,-0.006966,-0.009193
-0.008906,-0.007302,-0.005625,-0.003677,-0.006063,-0.006151,-0.005792,-0.006467,-0.002997,0.003035,0.002796,0.000172,-0.003599,-0.009267,-0.014125,-0.018387,-0.016668,-0.023794,-0.016248,-0.008827,-0.004348,0.001974,0.000194,0.012804,0.027845,0.043623,0.050348,0.035901,0.021056,0.007403,0.005305,0.000948,-0.003248,-0.005887,-0.009669,-0.010163,-0.005194,-0.006757,-0.007708,-0.007259,-0.007144,-0.003067,-0.000510,0.002282,0.002452,-0.001654,-0.000959,-0.000494,-0.002790,-0.002626,-0.000587,-0.003457,-0.006121,-0.005550,-0.003214,-0.007794,-0.010632,-0.003945,-0.006651,-0.007613
-0.010248,-0.008894,-0.005570,-0.003610,-0.008158,-0.004692,-0.006729,-0.007497,-0.003234,0.001095,0.001386,0.001204,-0.005243,-0.014514,-0.021533,-0.026351,-0.020220,-0.026255,-0.022841,-0.016157,-0.012243,-0.006394,-0.003278,0.008381,0.019597,0.028191,0.035901,0.049449,0.039801,0.017893,0.018960,0.005822,0.001942,-0.004044,-0.007319,-0.009840,-0.004841,-0.007130,-0.007125,-0.004486,-0.006739,-0.003845,-0.000260,0.003602,0.003187,-0.000130,0.000123,0.000834,-0.003764,-0.004036,-0.001116,-0.001717,-0.003010,-0.004982,-0.004943,-0.008342,-0.009473,-0.006523,-0.009060,-0.008196
-0.006966,-0.007998,-0.004511,-0.004351,-0.010064,-0.005089,-0.005403,-0.007907,-0.004714,-0.003396,-0.002875,-0.002309,-0.005555,-0.015756,-0.021609,-0.028970,-0.019646,-0.026983,-0.027083,-0.024796,-0.021420,-0.015482,-0.006570,0.002703,0.010345,0.017149,0.021056,0.039801,0.056014,0.032623,0.030618,0.009601,0.013194,0.004217,-0.001014,-0.005791,-0.000951,-0.004808,-0.003382,0.001162,-0.003241,-0.000101,0.002523,0.007348,0.006943,0.002992,0.003856,0.006448,0.000567,-0.004124,0.000047,-0.001606,-0.002131,-0.005905,-0.005732,-0.007133,-0.010526,-0.008186,-0.007379,-0.007308
-0.000746,-0.001332,-0.000851,-0.002457,-0.005581,-0.001994,-0.004827,-0.005295,-0.002117,-0.000809,-0.002590,-0.001917,-0.002420,-0.008972,-0.011223,-0.015891,-0.010165,-0.016860,-0.020702,-0.020782,-0.021312,-0.017421,-0.009822,-0.008365,-0.004936,0.000506,0.007403,0.017893,0.032623,0.039421,0.035278,0.016784,0.019660,0.011849,0.011674,0.005133,0.004484,0.005776,0.002760,0.005362,0.006466,0.004626,0.004509,0.007760,0.011314,0.009040,0.006210,0.008284,0.004740,0.002920,0.000873,0.000917,0.001047,-0.003727,-0.002157,-0.000397,-0.003548,-0.004764,-0.004572,-0.003334
0.000142,-0.000602,0.001327,-0.002094,-0.005894,-0.000862,-0.004344,-0.005102,0.000742,-0.001212,-0.003561,-0.002973,-0.004344,-0.010751,-0.014686,-0.018036,-0.010060,-0.016388,-0.028830,-0.032926,-0.032648,-0.023634,-0.011505,-0.005946,-0.000179,0.002950,0.005305,0.018960,0.030618,0.035278,0.055713,0.032818,0.028245,0.014919,0.018813,0.013187,0.007306,0.008164,0.006917,0.008885,0.010834,0.010064,0.009471,0.013141,0.015276,0.011602,0.007903,0.011884,0.006526,0.004117,0.000456,0.001267,0.004764,-0.003307,-0.001570,-0.000200,0.000398,-0.002310,-0.003002,-0.000784
0.000831,0.000371,0.000825,-0.001502,-0.003071,-0.001354,-0.002664,-0.003692,0.003432,0.002646,-0.000175,0.000468,0.000636,-0.003494,-0.009229,-0.011951,-0.006058,-0.008012,-0.018834,-0.020646,-0.019607,-0.012575,-0.005161,-0.003041,-0.000632,0.000854,0.000948,0.005822,0.009601,0.016784,0.032818,0.040079,0.027768,0.015381,0.020356,0.016905,0.009740,0.011548,0.011340,0.008236,0.012061,0.011356,0.010870,0.015360,0.016856,0.010191,0.006879,0.009627,0.007770,0.006727,0.001959,0.000719,0.003925,-0.000082,0.002533,0.001262,0.003390,0.000303,-0.000801,0.000229
-0.000904,-0.003916,-0.003514,-0.004726,-0.005894,-0.006231,-0.005683,-0.006415,0.000886,-0.002522,-0.004980,-0.003714,-0.002727,-0.012080,-0.019207,-0.021182,-0.010432,-0.013111,-0.019089,-0.019355,-0.021287,-0.018017,-0.005658,-0.006750,-0.005932,-0.004684,-0.003248,0.001942,0.013194,0.019660,0.028245,0.027768,0.045811,0.025190,0.028118,0.022288,0.013813,0.015489,0.014697,0.012440,0.011223,0.012997,0.011715,0.011772,0.011882,0.009364,0.005288,0.008215,0.005057,0.006628,0.000042,0.000006,0.003787,-0.001425,-0.000555,0.001939,0.001764,-0.001729,-0.000050,-0.000305
0.002616,-0.000092,-0.000397,-0.002764,-0.004334,-0.003971,-0.000853,-0.002180,0.000566,-0.003584,-0.005385,-0.006423,-0.003746,-0.008144,-0.009845,-0.011461,-0.004687,-0.003745,-0.011619,-0.013014,-0.013006,-0.012290,-0.002121,-0.004701,-0.007404,-0.007930,-0.005887,-0.004044,0.004217,0.011849,0.014919,0.015381,0.025190,0.032975,0.034119,0.027718,0.013039,0.014475,0.010291,0.009304,0.009993,0.008410,0.007086,0.005378,0.004302,0.004868,0.001866,0.000595,0.000907,0.005283,-0.000368,-0.000094,0.002239,0.001944,0.000776,0.001993,0.003690,-0.000023,0.000177,0.002818
0.002507,0.002971,0.000903,-0.002719,-0.004719,-0.001775,-0.001731,-0.000218,0.001588,-0.007765,-0.012222,-0.014743,-0.006723,-0.013674,-0.013537,-0.012096,-0.005431,-0.003875,-0.018349,-0.020124,-0.018929,-0.018014,-0.004590,-0.011042,-0.013449,-0.014237,-0.009669,-0.007319,-0.001014,0.011674,0.018813,0.020356,0.028118,0.034119,0.061905,0.053227,0.026297,0.028264,0.018764,0.014197,0.013866,0.011600,0.009864,0.010727,0.009711,0.009286,0.004049,-0.002347,-0.001892,0.006759,-0.001918,-0.000005,0.001674,0.002271,0.000535,0.004048,0.004400,-0.000037,0.004484,0.006529
0.002615,0.004694,0.003006,-0.000816,-0.003895,-0.000356,0.000333,0.002733,0.003833,-0.004953,-0.009982,-0.013141,-0.006134,-0.011117,-0.010628,-0.007871,-0.003905,-0.004409,-0.019013,-0.022927,-0.022046,-0.019368,-0.002599,-0.010493,-0.015365,-0.015047,-0.010163,-0.009840,-0.005791,0.005133,0.013187,0.016905,0.022288,0.027718,0.053227,0.063732,0.031789,0.035018,0.023339,0.014249,0.012336,0.011575,0.011006,0.012564,0.010079,0.005227,0.002448,0.002867,0.002948,0.005299,-0.000504,-0.000085,0.001344,0.000997,-0.000448,0.001289,0.004672,0.000798,0.004690,0.006447
0.002556,0.004591,0.001012,-0.000689,-0.003138,-0.002344,0.002425,0.003784,0.003593,-0.000312,-0.004946,-0.007611,-0.005439,-0.008056,-0.008269,-0.004988,-0.001149,-0.004585,-0.012928,-0.017712,-0.016376,-0.015847,-0.003744,-0.008112,-0.008906,-0.008175,-0.005194,-0.004841,-0.000951,0.004484,0.007306,0.009740,0.013813,0.013039,0.026297,0.031789,0.032333,0.023169,0.013993,0.010877,0.008598,0.008627,0.005681,0.007468,0.008443,0.005840,0.004136,0.006054,0.006448,0.004028,-0.000109,-0.001286,0.001719,-0.000119,0.001503,0.000986,0.002893,0.002047,0.002663,0.001569
0.005889,0.005171,0.002412,0.000098,-0.000902,-0.003312,0.000567,0.003392,0.004208,0.001918,-0.003524,-0.004253,-0.002431,-0.007017,-0.007701,-0.005749,-0.003939,-0.005425,-0.009509,-0.010271,-0.011349,-0.016055,-0.004992,-0.015343,-0.020073,-0.018163,-0.006757,-0.007130,-0.004808,0.005776,0.008164,0.011548,0.015489,0.014475,0.028264,0.035018,0.023169,0.043114,0.033611,0.014167,0.010183,0.010121,0.010430,0.013026,0.015490,0.007861,0.004617,0.008752,0.009092,0.008534,0.000865,0.001322,0.004627,0.001015,0.004305,0.004420,0.002975,0.003396,0.004543,0.004649
0.007014,0.004868,0.001457,-0.000034,0.001478,-0.000605,0.002438,0.005350,0.005468,0.006400,0.003251,0.003964,0.003821,-0.002353,-0.006198,-0.006340,-0.008870,-0.007083,-0.007062,-0.005661,-0.007898,-0.016151,-0.006374,-0.015955,-0.019943,-0.017332,-0.007708,-0.007125,-0.003382,0.002760,0.006917,0.011340,0.014697,0.010291,0.018764,0.023339,0.013993,0.033611,0.041652,0.018767,0.009693,0.011124,0.012546,0.017061,0.020128,0.009697,0.006227,0.013000,0.013759,0.008969,0.002309,0.000929,0.006281,0.001331,0.005608,0.006048,0.005039,0.005030,0.006053,0.004303
0.002508,0.000806,-0.000645,-0.001477,-0.000489,-0.000559,0.001036,0.001219,0.003012,0.003549,0.000331,0.000914,-0.000704,-0.005096,-0.006504,-0.005441,-0.007691,-0.006671,-0.008859,-0.010206,-0.009196,-0.010050,-0.002645,-0.006805,-0.009708,-0.009371,-0.007259,-0.004486,0.001162,0.005362,0.008885,0.008236,0.012440,0.009304,0.014197,0.014249,0.010877,0.014167,0.018767,0.022467,0.014039,0.011055,0.009203,0.012030,0.014108,0.008563,0.006197,0.010660,0.010846,0.005640,0.002388,-0.000335,0.002834,-0.002511,-0.000260,0.001953,0.000927,0.000719,0.001620,0.002918
0.003361,0.003158,0.001700,0.000335,0.000828,0.000562,0.000232,-0.000848,0.000766,-0.000349,-0.001143,0.001493,-0.002793,-0.003449,-0.004107,-0.003371,-0.006907,-0.004039,-0.007941,-0.012267,-0.010053,-0.007684,-0.003807,-0.001918,-0.007651,-0.010184,-0.007144,-0.006739,-0.003241,0.006466,0.010834,0.012061,0.011223,0.009993,0.013866,0.012336,0.008598,0.010183,0.009693,0.014039,0.023083,0.017689,0.010993,0.011567,0.014388,0.010867,0.007773,0.010521,0.010080,0.006778,0.004567,0.002608,0.003170,-0.000370,0.000164,0.002716,0.001413,0.000976,0.003352,0.005890
0.005399,0.005798,0.002017,0.000448,0.002892,0.000894,0.001588,0.001258,0.000786,-0.001070,0.000447,0.003669,-0.000456,-0.000742,-0.004005,-0.004042,-0.008748,-0.007338,-0.009361,-0.009620,-0.007833,-0.007197,-0.001770,0.000573,-0.004255,-0.005837,-0.003067,-0.003845,-0.000101,0.004626,0.010064,0.011356,0.012997,0.008410,0.011600,0.011575,0.008627,0.010121,0.011124,0.011055,0.017689,0.025947,0.015509,0.011904,0.017619,0.012158,0.008899,0.013155,0.011964,0.007641,0.007026,0.003617,0.004075,-0.000859,0.002565,0.003675,0.000935,0.002672,0.004934,0.004786
0.001234,0.001506,-0.000279,-0.000557,0.000955,-0.000393,-0.000249,-0.000675,0.000833,-0.000065,0.000148,0.002436,-0.000352,-0.003263,-0.006491,-0.006636,-0.006833,-0.007134,-0.007055,-0.007032,-0.005612,-0.004422,-0.002387,-0.002287,-0.004570,-0.002177,-0.000510,-0.000260,0.002523,0.004509,0.009471,0.010870,0.011715,0.007086,0.009864,0.011006,0.005681,0.010430,0.012546,0.009203,0.010993,0.015509,0.018820,0.015733,0.017645,0.009629,0.006610,0.011109,0.010515,0.006369,0.004156,0.001238,0.003056,-0.002273,0.001311,0.002690,0.000464,0.002051,0.001486,0.002680
0.001546,0.001266,0.000131,-0.000243,0.000316,-0.000448,0.000327,-0.000300,0.004917,0.006141,0.005669,0.006331,0.000900,-0.001729,-0.007038,-0.007353,-0.009604,-0.007751,-0.009636,-0.008910,-0.006624,-0.005419,-0.005182,-0.001673,0.000181,0.002368,0.002282,0.003602,0.007348,0.007760,0.013141,0.015360,0.011772,0.005378,0.010727,0.012564,0.007468,0.013026,0.017061,0.012030,0.011567,0.011904,0.015733,0.030319,0.031358,0.012381,0.008082,0.016501,0.014124,0.004302,0.005315,0.000587,0.001672,-0.001153,0.003072,0.004030,0.001307,0.001746,0.004217,0.002440
0.007742,0.007183,0.003138,0.001284,0.002967,0.000842,0.001124,0.001716,0.006668,0.010516,0.009316,0.007843,0.002304,-0.000400,-0.005208,-0.005660,-0.011916,-0.010598,-0.012807,-0.007540,-0.005305,-0.005811,-0.006591,-0.006167,-0.004329,-0.001551,0.002452,0.003187,0.006943,0.011314,0.015276,0.016856,0.011882,0.004302,0.009711,0.010079,0.008443,0.015490,0.020128,0.014108,0.014388,0.017619,0.017645,0.031358,0.047792,0.023647,0.015467,0.026291,0.024044,0.012142,0.008720,0.003819,0.003655,-0.000786,0.007478,0.005229,0.002501,0.003413,0.005920,0.003235
0.006111,0.005118,0.002739,0.001037,0.000996,-0.000253,0.000056,0.000202,0.001859,0.003461,0.000872,-0.000436,0.000279,-0.002132,-0.003724,-0.004278,-0.005782,-0.007618,-0.012684,-0.009963,-0.008710,-0.006841,-0.004220,-0.005421,-0.006547,-0.006092,-0.001654,-0.000130,0.002992,0.009040,0.011602,0.010191,0.009364,0.004868,0.009286,0.005227,0.005840,0.007861,0.009697,0.008563,0.010867,0.012158,0.009629,0.012381,0.023647,0.021890,0.013969,0.014758,0.013006,0.011167,0.005077,0.003737,0.003498,-0.000267,0.005599,0.006301,0.003412,0.002773,0.004997,0.003852
0.002789,0.002687,0.001811,0.000788,0.001781,0.001029,0.002204,-0.000145,0.000801,0.002256,0.000031,-0.000470,-0.000141,-0.001374,-0.002350,-0.002788,-0.003127,-0.004771,-0.007788,-0.009001,-0.009351,-0.006808,-0.004563,-0.003167,-0.003941,-0.003570,-0.000959,0.000123,0.003856,0.006210,0.007903,0.006879,0.005288,0.001866,0.004049,0.002448,0.004136,0.004617,0.006227,0.006197,0.007773,0.008899,0.006610,0.008082,0.015467,0.013969,0.014621,0.014084,0.011924,0.008011,0.003885,0.003002,0.002182,0.000833,0.004024,0.004641,0.001228,0.002094,0.002979,0.001604
0.005626,0.006371,0.004341,0.002419,0.003566,0.000551,0.002874,0.000899,0.003757,0.009120,0.006054,0.004296,-0.000769,0.000973,-0.002802,-0.003978,-0.004296,-0.008511,-0.009448,-0.010974,-0.009663,-0.008287,-0.005545,-0.003778,-0.004622,-0.004545,-0.000494,0.000834,0.006448,0.008284,0.011884,0.009627,0.008215,0.000595,-0.002347,0.002867,0.006054,0.008752,0.013000,0.010660,0.010521,0.013155,0.011109,0.016501,0.026291,0.014758,0.014084,0.034021,0.029719,0.009407,0.008858,0.002961,0.003552,-0.000812,0.004638,0.004248,0.003124,0.004581,0.004505,0.001933
0.006613,0.007893,0.004262,0.002048,0.003183,0.000913,0.003018,0.003206,0.003315,0.008663,0.006218,0.004144,-0.000517,0.002343,-0.000027,0.000103,-0.002707,-0.004915,-0.004855,-0.005246,-0.003466,-0.003783,-0.001710,-0.002245,-0.005717,-0.006394,-0.002790,-0.003764,0.000567,0.004740,0.006526,0.007770,0.005057,0.000907,-0.001892,0.002948,0.006448,0.009092,0.013759,0.010846,0.010080,0.011964,0.010515,0.014124,0.024044,0.013006,0.011924,0.029719,0.032782,0.012654,0.008206,0.001560,0.003118,-0.000105,0.004995,0.003433,0.003657,0.005508,0.003214,0.001338
0.005097,0.003409,0.000478,-0.000043,0.000608,0.001269,0.002146,0.001452,0.002564,0.003551,0.000398,0.000260,0.001661,0.001926,-0.000352,-0.000157,-0.003196,-0.001700,-0.001836,0.001182,-0.000556,-0.001084,0.001382,-0.003576,-0.005790,-0.006164,-0.002626,-0.004036,-0.004124,0.002920,0.004117,0.006727,0.006628,0.005283,0.006759,0.005299,0.004028,0.008534,0.008969,0.005640,0.006778,0.007641,0.006369,0.004302,0.012142,0.011167,0.008011,0.009407,0.012654,0.018760,0.002899,0.001727,0.004361,-0.000341,0.005409,0.005764,0.004043,0.004276,0.001708,0.001640
0.003032,0.003777,0.001686,0.001085,0.002470,0.001161,0.002828,0.002191,0.000944,0.003776,0.003725,0.002922,0.001881,0.003762,0.003285,0.002451,-0.002154,-0.001746,-0.001358,-0.000874,-0.000220,0.001337,0.000637,0.000199,-0.003203,-0.003216,-0.000587,-0.001116,0.000047,0.000873,0.000456,0.001959,0.000042,-0.000368,-0.001918,-0.000504,-0.000109,0.000865,0.002309,0.002388,0.004567,0.007026,0.004156,0.005315,0.008720,0.005077,0.003885,0.008858,0.008206,0.002899,0.009476,0.003795,0.002198,0.001767,0.002499,0.001639,0.001198,0.001893,0.003430,0.002732
0.004138,0.005007,0.003614,0.002965,0.003633,0.003110,0.001450,0.000606,-0.000660,-0.000371,0.000483,0.001681,0.002052,0.001397,0.001190,0.000838,-0.002235,-0.000230,-0.001443,-0.001718,-0.003011,-0.001257,0.000890,-0.001061,-0.004705,-0.006758,-0.003457,-0.001717,-0.001606,0.000917,0.001267,0.000719,0.000006,-0.000094,-0.000005,-0.000085,-0.001286,0.001322,0.000929,-0.000335,0.002608,0.003617,0.001238,0.000587,0.003819,0.003737,0.003002,0.002961,0.001560,0.001727,0.003795,0.008860,0.004046,0.003521,0.003167,0.002400,0.001092,0.002053,0.003785,0.002116
0.004196,0.003659,0.002769,0.002518,0.004296,0.002015,0.001440,-0.001119,-0.000913,-0.001203,-0.001887,-0.002085,0.000279,0.000714,-0.001520,-0.001532,-0.001388,-0.001556,-0.000720,-0.002142,-0.003943,-0.001946,0.000783,-0.004417,-0.006384,-0.006311,-0.006121,-0.003010,-0.002131,0.001047,0.004764,0.003925,0.003787,0.002239,0.001674,0.001344,0.001719,0.004627,0.006281,0.002834,0.003170,0.004075,0.003056,0.001672,0.003655,0.003498,0.002182,0.003552,0.003118,0.004361,0.002198,0.004046,0.015001,0.003100,0.003849,0.005093,0.005221,0.004696,0.003536,0.002962
0.004247,0.003522,0.002586,0.001242,0.001286,0.001933,0.001667,0.001750,0.000308,-0.001274,-0.001674,-0.001351,-0.000412,0.001052,0.000967,0.001758,0.000615,0.002014,0.001972,0.002193,0.002319,0.002058,0.002550,-0.001255,-0.004137,-0.006134,-0.005550,-0.004982,-0.005905,-0.003727,-0.003307,-0.000082,-0.001425,0.001944,0.002271,0.000997,-0.000119,0.001015,0.001331,-0.002511,-0.000370,-0.000859,-0.002273,-0.001153,-0.000786,-0.000267,0.000833,-0.000812,-0.000105,-0.000341,0.001767,0.003521,0.003100,0.019150,0.004359,0.005304,0.006247,0.005149,0.006473,0.002651
0.004274,0.005470,0.003209,0.003064,0.004050,0.000036,0.003179,0.004301,0.001918,0.002061,0.003499,0.001911,0.002899,0.006689,0.005329,0.004815,0.001489,0.003097,0.002525,0.002648,-0.000020,-0.002287,-0.000597,-0.002347,-0.004543,-0.006622,-0.003214,-0.004943,-0.005732,-0.002157,-0.001570,0.002533,-0.000555,0.000776,0.000535,-0.000448,0.001503,0.004305,0.005608,-0.000260,0.000164,0.002565,0.001311,0.003072,0.007478,0.005599,0.004024,0.004638,0.004995,0.005409,0.002499,0.003167,0.003849,0.004359,0.018369,0.007980,0.007489,0.008303,0.007645,0.002777
0.005532,0.004397,0.001707,0.001626,0.003877,0.002107,0.002767,0.003345,0.002636,0.000421,0.000670,0.003036,0.002012,0.005435,0.005837,0.006599,0.002730,0.003247,0.004165,0.004588,0.002899,0.000782,0.001479,-0.001824,-0.003123,-0.006838,-0.007794,-0.008342,-0.007133,-0.000397,-0.000200,0.001262,0.001939,0.001993,0.004048,0.001289,0.000986,0.004420,0.006048,0.001953,0.002716,0.003675,0.002690,0.004030,0.005229,0.006301,0.004641,0.004248,0.003433,0.005764,0.001639,0.002400,0.005093,0.005304,0.007980,0.021041,0.012594,0.007308,0.007761,0.005526
0.007558,0.005211,0.004901,0.003562,0.004698,0.002960,0.005042,0.005442,0.004197,0.004143,0.003496,0.003269,0.002516,0.005868,0.006819,0.007774,0.004293,0.004345,0.004472,0.003583,0.001028,-0.001929,-0.002052,-0.003897,-0.005818,-0.010034,-0.010632,-0.009473,-0.010526,-0.003548,0.000398,0.003390,0.001764,0.003690,0.004400,0.004672,0.002893,0.002975,0.005039,0.000927,0.001413,0.000935,0.000464,0.001307,0.002501,0.003412,0.001228,0.003124,0.003657,0.004043,0.001198,0.001092,0.005221,0.006247,0.007489,0.012594,0.026417,0.009909,0.007475,0.006336
0.004922,0.003658,0.002572,0.002269,0.004601,0.001548,0.003527,0.003616,0.001143,0.002300,0.001599,-0.000919,0.000721,0.004311,0.003240,0.004440,0.001014,0.002158,0.006165,0.005505,0.004145,0.001971,0.002765,0.000256,-0.002098,-0.002732,-0.003945,-0.006523,-0.008186,-0.004764,-0.002310,0.000303,-0.001729,-0.000023,-0.000037,0.000798,0.002047,0.003396,0.005030,0.000719,0.000976,0.002672,0.002051,0.001746,0.003413,0.002773,0.002094,0.004581,0.005508,0.004276,0.001893,0.002053,0.004696,0.005149,0.008303,0.007308,0.009909,0.015024,0.006935,0.002481
0.006439,0.005259,0.004720,0.004989,0.006657,0.001039,0.003083,0.002724,-0.000130,-0.000063,-0.000546,-0.001108,-0.000984,0.003433,0.003389,0.004336,0.000888,0.001699,0.000533,-0.001216,-0.000553,-0.001310,-0.000961,-0.000650,-0.003352,-0.006966,-0.006651,-0.009060,-0.007379,-0.004572,-0.003002,-0.000801,-0.000050,0.000177,0.004484,0.004690,0.002663,0.004543,0.006053,0.001620,0.003352,0.004934,0.001486,0.004217,0.005920,0.004997,0.002979,0.004505,0.003214,0.001708,0.003430,0.003785,0.003536,0.006473,0.007645,0.007761,0.007475,0.006935,0.019811,0.010680
0.006503,0.006091,0.004560,0.004941,0.005598,0.001526,0.002720,0.001524,-0.000405,-0.000907,-0.001171,-0.000394,-0.001566,0.000859,0.002459,0.002817,0.000574,0.000567,-0.001241,-0.004653,-0.003126,-0.001705,-0.001526,-0.001268,-0.004899,-0.009193,-0.007613,-0.008196,-0.007308,-0.003334,-0.000784,0.000229,-0.000305,0.002818,0.006529,0.006447,0.001569,0.004649,0.004303,0.002918,0.005890,0.004786,0.002680,0.002440,0.003235,0.003852,0.001604,0.001933,0.001338,0.001640,0.002732,0.002116,0.002962,0.002651,0.002777,0.005526,0.006336,0.002481,0.010680,0.014695
