0.026124,0.017958,0.010001,0.007897,0.008467,0.003384,0.002610,0.007072,0.004706,0.008110,0.008786,0.005914,0.003541,0.005897,0.009573,0.007856,0.000882,0.001999,0.000869,0.006061,0.005407,-0.002239,-0.000469,-0.003532,-0.009247,-0.012303,-0.010696,-0.011419,-0.008625,-0.001909,-0.002590,-0.002678,-0.003914,-0.000974,0.000960,0.001732,0.002490,0.004650,0.004926,0.001016,0.002567,0.005189,0.002153,0.002089,0.007983,0.006519,0.002213,0.004937,0.006091,0.003192,0.002645,0.005453,0.004379,0.002435,0.003734,0.005437,0.008731,0.004662,0.006838,0.007333
0.017958,0.022320,0.012790,0.009744,0.009888,0.005531,0.004523,0.007488,0.004715,0.006426,0.007401,0.004845,0.004404,0.006490,0.009269,0.008734,0.002628,0.002374,0.000542,0.003394,0.002344,-0.003143,-0.001681,-0.004200,-0.009693,-0.012836,-0.009403,-0.011037,-0.010631,-0.002530,-0.002720,-0.000563,-0.004633,0.000088,0.004599,0.005807,0.005275,0.005488,0.003774,-0.000019,0.003063,0.005208,0.001715,0.001201,0.007406,0.005491,0.002081,0.005121,0.006223,0.002241,0.004056,0.006490,0.004780,0.004031,0.005471,0.005958,0.006668,0.003969,0.006020,0.007238
0.010001,0.012790,0.013903,0.009638,0.008729,0.003154,0.002140,0.003724,0.002516,0.002798,0.002939,0.000191,0.000523,0.002277,0.003923,0.003513,0.001642,0.001889,-0.000156,0.000517,0.000147,-0.002063,-0.001235,-0.001542,-0.005758,-0.008902,-0.007952,-0.007464,-0.007073,-0.001884,-0.001381,0.000135,-0.004651,-0.001137,0.001929,0.003333,0.001185,0.003301,0.001823,-0.000364,0.001989,0.002044,-0.000438,-0.000882,0.002569,0.002709,0.001679,0.003786,0.003001,-0.000144,0.002200,0.004113,0.004036,0.004247,0.003070,0.003556,0.005984,0.002514,0.005566,0.005092
0.007897,0.009744,0.009638,0.010762,0.010255,0.003690,0.002705,0.003196,0.001425,0.002106,0.002239,0.000807,0.000566,0.002910,0.003996,0.003423,0.001333,0.001044,0.001515,0.001448,0.000763,-0.000596,-0.002009,-0.001921,-0.003524,-0.006087,-0.006183,-0.005531,-0.006312,-0.002444,-0.003537,-0.001699,-0.005635,-0.002871,-0.002002,-0.000188,-0.000283,0.000310,0.000114,-0.001539,0.000466,0.000662,-0.000870,-0.000783,0.001174,0.000879,0.000885,0.002604,0.002076,-0.000153,0.001912,0.003607,0.003491,0.002344,0.001970,0.001754,0.004105,0.002083,0.005051,0.005046
0.008467,0.009888,0.008729,0.010255,0.020864,0.009135,0.006244,0.004261,0.001308,0.005405,0.007009,0.006912,0.004405,0.008458,0.010177,0.011921,0.006869,0.009293,0.011639,0.009863,0.007780,0.005799,0.000535,0.000054,-0.001596,-0.004591,-0.007819,-0.009997,-0.012242,-0.007059,-0.008603,-0.003388,-0.008972,-0.005041,-0.004006,-0.003094,-0.003545,-0.003363,-0.001460,-0.002020,0.000098,0.001781,0.000242,-0.001513,0.000120,-0.000701,0.000131,0.001005,0.001324,-0.000638,0.002468,0.003996,0.004599,0.001710,0.001195,0.001175,0.004622,0.002830,0.004760,0.005209
0.003384,0.005531,0.003154,0.003690,0.009135,0.016058,0.010003,0.007353,0.004644,0.005625,0.006534,0.008300,0.007767,0.008279,0.008127,0.008951,0.004238,0.006009,0.005263,0.005639,0.004425,0.003169,0.000509,-0.001585,-0.001671,-0.004159,-0.006366,-0.004128,-0.004911,-0.002760,-0.001940,-0.000360,-0.006665,-0.003604,-0.001527,-0.000654,-0.002399,-0.003346,-0.000307,-0.000953,-0.000309,0.000372,-0.001042,-0.001685,-0.000674,-0.000864,0.000295,-0.001085,-0.000460,0.000997,0.000608,0.003489,0.001926,0.002519,0.000828,0.001955,0.002828,0.001759,0.001619,0.001938
0.002610,0.004523,0.002140,0.002705,0.006244,0.010003,0.018318,0.011953,0.008425,0.009688,0.007945,0.004758,0.006565,0.009919,0.010952,0.011326,0.005498,0.006682,0.004846,0.003367,0.002825,-0.000630,0.001048,-0.001268,-0.003283,-0.006342,-0.007611,-0.006165,-0.004419,-0.004399,-0.004709,-0.002603,-0.006486,-0.001295,0.000028,0.002801,0.003758,0.002353,0.002667,0.000347,-0.000050,0.002121,-0.000430,-0.000780,0.000909,0.000168,0.001820,0.003571,0.003509,0.001270,0.002869,0.001988,0.001149,0.001351,0.004107,0.003205,0.006404,0.003094,0.004321,0.003821
0.007072,0.007488,0.003724,0.003196,0.004261,0.007353,0.011953,0.023188,0.015365,0.013901,0.011062,0.004800,0.006405,0.009825,0.011439,0.011215,0.002403,0.004140,-0.000508,0.005837,0.005221,-0.005489,-0.002175,-0.008911,-0.012142,-0.011416,-0.009898,-0.007776,-0.008141,-0.001542,-0.004419,-0.003718,-0.003966,0.001078,0.005754,0.009461,0.008992,0.009654,0.007883,0.001553,0.000763,0.002646,0.000726,0.000998,0.005270,0.002238,0.000349,0.003947,0.005485,0.002247,0.003051,0.002612,0.000787,0.003653,0.006009,0.007010,0.009647,0.005676,0.005093,0.002623
0.004706,0.004715,0.002516,0.001425,0.001308,0.004644,0.008425,0.015365,0.018585,0.016352,0.011127,0.004488,0.005823,0.005247,0.005431,0.005132,0.000632,0.002192,-0.002572,0.005310,0.005070,-0.003785,-0.000911,-0.007301,-0.008795,-0.006001,-0.006849,-0.004118,-0.004474,0.001274,-0.000433,0.001025,0.001320,0.003147,0.007967,0.010591,0.008020,0.010579,0.008557,0.003848,0.001365,0.001957,0.001697,0.005546,0.009136,0.003293,0.000361,0.005176,0.003678,0.001621,0.002809,0.002091,0.000549,0.002823,0.001545,0.006097,0.006631,0.002662,0.001860,0.001315
0.008110,0.006426,0.002798,0.002106,0.005405,0.005625,0.009688,0.013901,0.016352,0.032080,0.026201,0.016750,0.011566,0.013125,0.013545,0.014002,0.005278,0.005575,0.005950,0.012371,0.012952,0.004636,0.001541,-0.005329,-0.005958,-0.001791,-0.001068,-0.002929,-0.006968,-0.002032,-0.004679,-0.001410,-0.005200,-0.004986,-0.005602,-0.002760,0.001008,0.004190,0.007424,0.003888,0.000849,0.000310,0.002031,0.007856,0.011448,0.003712,0.001135,0.009026,0.009095,0.001894,0.004673,0.001023,-0.000497,-0.001262,0.001892,0.003567,0.005791,0.002805,0.001307,0.000906
0.008786,0.007401,0.002939,0.002239,0.007009,0.006534,0.007945,0.011062,0.011127,0.026201,0.031232,0.028128,0.016533,0.016403,0.015214,0.016092,0.006028,0.007848,0.012576,0.016837,0.015244,0.008694,0.001088,-0.000827,-0.000640,-0.000342,-0.000874,-0.002554,-0.006060,-0.003519,-0.006088,-0.003072,-0.007645,-0.007448,-0.011584,-0.009837,-0.004670,-0.003561,0.001936,-0.000205,-0.000851,0.000940,0.002776,0.006905,0.009354,0.002058,-0.000342,0.005192,0.006293,0.000645,0.004162,0.001433,0.000360,-0.002301,0.004256,0.002868,0.004833,0.002374,0.000693,0.000627
0.005914,0.004845,0.000191,0.000807,0.006912,0.008300,0.004758,0.004800,0.004488,0.016750,0.028128,0.041926,0.021223,0.016271,0.011601,0.012626,0.004778,0.008622,0.014987,0.015519,0.009926,0.004926,-0.004204,-0.002437,-0.002268,-0.003327,-0.000748,-0.001708,-0.004634,-0.002989,-0.003218,-0.000772,-0.004945,-0.006951,-0.013901,-0.013990,-0.008056,-0.005845,0.001558,0.000317,0.001248,0.002799,0.004581,0.005785,0.005390,-0.000328,-0.001106,0.000973,0.002022,0.000351,0.002585,0.001772,-0.000035,-0.002669,0.002664,0.002856,0.001962,0.000067,-0.000157,0.001204
0.003541,0.004404,0.000523,0.000566,0.004405,0.007767,0.006565,0.006405,0.005823,0.011566,0.016533,0.021223,0.024663,0.016552,0.014857,0.014698,0.009987,0.010693,0.013186,0.014058,0.009729,0.006148,0.000488,-0.005602,-0.010584,-0.010553,-0.006320,-0.007785,-0.008328,-0.003981,-0.004738,-0.002545,-0.005359,-0.004914,-0.008292,-0.007109,-0.006172,-0.002541,0.002511,-0.000250,-0.001643,-0.000230,0.000154,-0.000461,-0.000253,-0.000547,-0.001032,-0.002021,-0.001168,0.001032,0.002857,0.002356,0.002120,-0.000693,0.002993,0.002160,0.001698,0.001059,-0.000510,0.000701
0.005897,0.006490,0.002277,0.002910,0.008458,0.008279,0.009919,0.009825,0.005247,0.013125,0.016403,0.016271,0.016552,0.030212,0.033174,0.033210,0.019285,0.024088,0.024844,0.022883,0.018984,0.014222,0.004213,0.000466,-0.002301,-0.005083,-0.009092,-0.014778,-0.017374,-0.009752,-0.011905,-0.006949,-0.016487,-0.011067,-0.016182,-0.014090,-0.010280,-0.009674,-0.006538,-0.005543,-0.002605,-0.000939,-0.003566,-0.004707,-0.003745,-0.003260,-0.001741,-0.001039,0.000941,0.001072,0.003585,0.001532,0.000708,0.001001,0.006355,0.003577,0.004587,0.003176,0.001903,0.002610
0.009573,0.009269,0.003923,0.003996,0.010177,0.008127,0.010952,0.011439,0.005431,0.013545,0.015214,0.011601,0.014857,0.033174,0.046455,0.049502,0.031227,0.036454,0.035006,0.030543,0.025830,0.019189,0.007967,0.002346,-0.004082,-0.010069,-0.014096,-0.022400,-0.026273,-0.013576,-0.016127,-0.011254,-0.023195,-0.012953,-0.015792,-0.014553,-0.011593,-0.010607,-0.009367,-0.007459,-0.003516,-0.003247,-0.006134,-0.009631,-0.007688,-0.003833,-0.002501,-0.003205,-0.000343,0.000790,0.003018,0.001643,0.000676,0.000815,0.007098,0.005747,0.007977,0.004316,0.002784,0.004541
0.007856,0.008734,0.003513,0.003423,0.011921,0.008951,0.011326,0.011215,0.005132,0.014002,0.016092,0.012626,0.014698,0.033210,0.049502,0.061953,0.041555,0.048338,0.047162,0.037497,0.030370,0.023671,0.010938,0.003490,-0.004148,-0.012097,-0.015923,-0.026197,-0.032989,-0.018688,-0.020203,-0.014452,-0.025411,-0.014619,-0.014792,-0.012696,-0.009791,-0.009697,-0.010683,-0.006524,-0.002820,-0.004202,-0.006623,-0.010251,-0.009292,-0.004416,-0.003326,-0.005537,-0.002488,0.000621,0.002344,0.001799,0.000730,0.001061,0.006658,0.006305,0.007992,0.004150,0.003585,0.004915
0.000882,0.002628,0.001642,0.001333,0.006869,0.004238,0.005498,0.002403,0.000632,0.005278,0.006028,0.004778,0.009987,0.019285,0.031227,0.041555,0.049057,0.042640,0.034104,0.018419,0.010858,0.013019,0.005778,-0.000638,-0.007943,-0.014309,-0.016622,-0.023206,-0.022221,-0.010130,-0.008578,-0.005490,-0.011329,-0.005554,-0.004342,-0.005311,-0.004628,-0.005678,-0.010600,-0.006804,-0.004127,-0.005828,-0.005445,-0.011420,-0.013134,-0.004585,-0.002499,-0.004486,-0.004050,-0.002038,-0.001117,0.000128,0.001692,-0.000356,0.001420,0.002239,0.004427,0.000738,-0.000218,0.001969
0.001999,0.002374,0.001889,0.001044,0.009293,0.006009,0.006682,0.004140,0.002192,0.005575,0.007848,0.008622,0.010693,0.024088,0.036454,0.048338,0.042640,0.057285,0.048883,0.035846,0.026431,0.021939,0.010890,0.002441,-0.005953,-0.014840,-0.020226,-0.027114,-0.029576,-0.017170,-0.018659,-0.009799,-0.017474,-0.006289,-0.004855,-0.007770,-0.008302,-0.007669,-0.009745,-0.006483,-0.001480,-0.004635,-0.006244,-0.009405,-0.012192,-0.006620,-0.004980,-0.009691,-0.008238,-0.002088,-0.000915,0.001225,0.001338,0.002242,0.003669,0.003497,0.002408,0.001950,0.002143,0.002717
0.000869,0.000542,-0.000156,0.001515,0.011639,0.005263,0.004846,-0.000508,-0.002572,0.005950,0.012576,0.014987,0.013186,0.024844,0.035006,0.047162,0.034104,0.048883,0.073055,0.063395,0.052022,0.045620,0.019494,0.012855,0.007815,-0.003646,-0.009408,-0.022598,-0.030618,-0.024953,-0.034932,-0.022293,-0.029125,-0.018177,-0.025057,-0.027449,-0.020660,-0.017858,-0.015486,-0.009964,-0.006242,-0.009564,-0.008663,-0.012319,-0.017631,-0.011721,-0.007365,-0.014978,-0.011476,-0.003343,-0.001424,-0.000212,0.000478,0.000999,0.002629,-0.000307,0.001676,0.002506,-0.002812,-0.000636
0.006061,0.003394,0.000517,0.001448,0.009863,0.005639,0.003367,0.005837,0.005310,0.012371,0.016837,0.015519,0.014058,0.022883,0.030543,0.037497,0.018419,0.035846,0.063395,0.078097,0.071266,0.051474,0.022884,0.010361,0.006419,0.000132,-0.007900,-0.018271,-0.030036,-0.023946,-0.039920,-0.025070,-0.029100,-0.016646,-0.023830,-0.027653,-0.022496,-0.014205,-0.009485,-0.008978,-0.008649,-0.008553,-0.007801,-0.010039,-0.010594,-0.008437,-0.008439,-0.015266,-0.010900,-0.000929,0.000187,0.000834,0.000207,0.004632,0.004149,0.004528,0.002650,0.003774,-0.001012,-0.001589
0.005407,0.002344,0.000147,0.000763,0.007780,0.004425,0.002825,0.005221,0.005070,0.012952,0.015244,0.009926,0.009729,0.018984,0.025830,0.030370,0.010858,0.026431,0.052022,0.071266,0.077759,0.062233,0.031176,0.017490,0.014307,0.009130,-0.000931,-0.011840,-0.026450,-0.023443,-0.038861,-0.025069,-0.029665,-0.017777,-0.024479,-0.027442,-0.021388,-0.016023,-0.012091,-0.009917,-0.008027,-0.006796,-0.006369,-0.008475,-0.007915,-0.006635,-0.008100,-0.012799,-0.007474,0.000175,0.001499,0.000207,0.000108,0.005536,0.002406,0.004355,0.003430,0.004817,-0.000553,-0.001114
-0.002239,-0.003143,-0.002063,-0.000596,0.005799,0.003169,-0.000630,-0.005489,-0.003785,0.004636,0.008694,0.004926,0.006148,0.014222,0.019189,0.023671,0.013019,0.021939,0.045620,0.051474,0.062233,0.072567,0.039751,0.031844,0.033737,0.026192,0.010445,-0.003537,-0.018755,-0.021499,-0.029099,-0.018632,-0.029035,-0.022316,-0.030419,-0.029841,-0.024409,-0.025614,-0.023412,-0.013650,-0.008069,-0.006762,-0.003828,-0.006971,-0.008539,-0.005726,-0.004715,-0.011413,-0.006042,-0.000713,0.000133,-0.000795,-0.000312,0.001356,-0.001370,-0.002715,-0.001071,0.001699,-0.005269,-0.003266
-0.000469,-0.001681,-0.001235,-0.002009,0.000535,0.000509,0.001048,-0.002175,-0.000911,0.001541,0.001088,-0.004204,0.000488,0.004213,0.007967,0.010938,0.005778,0.010890,0.019494,0.022884,0.031176,0.039751,0.039978,0.028792,0.021400,0.016718,0.003963,-0.002189,-0.011159,-0.015026,-0.016461,-0.012377,-0.015685,-0.009434,-0.012170,-0.008610,-0.006841,-0.008581,-0.009926,-0.003863,-0.002721,-0.000360,-0.000902,-0.005451,-0.007418,-0.003096,-0.003453,-0.006576,-0.003137,-0.000055,0.000352,0.000100,0.003580,0.002346,-0.000468,-0.000288,-0.000797,0.002597,-0.002456,-0.002295
-0.003532,-0.004200,-0.001542,-0.001921,0.000054,-0.001585,-0.001268,-0.008911,-0.007301,-0.005329,-0.000827,-0.002437,-0.005602,0.000466,0.002346,0.003490,-0.000638,0.002441,0.012855,0.010361,0.017490,0.031844,0.028792,0.047895,0.045263,0.032371,0.014892,0.008491,-0.000415,-0.013086,-0.009230,-0.007556,-0.013397,-0.009008,-0.015750,-0.014232,-0.010444,-0.017757,-0.019547,-0.008434,-0.002374,0.000928,-0.000332,-0.001719,-0.006415,-0.004459,-0.002481,-0.005651,-0.004100,-0.002963,0.000277,-0.001515,-0.001432,-0.003196,-0.001752,-0.004648,-0.002211,-0.000235,-0.003147,-0.003248
-0.009247,-0.009693,-0.005758,-0.003524,-0.001596,-0.001671,-0.003283,-0.012142,-0.008795,-0.005958,-0.000640,-0.002268,-0.010584,-0.002301,-0.004082,-0.004148,-0.007943,-0.005953,0.007815,0.006419,0.014307,0.033737,0.021400,0.045263,0.067075,0.057942,0.032013,0.020801,0.010903,-0.007417,-0.003807,-0.005558,-0.011801,-0.012907,-0.021165,-0.019562,-0.014756,-0.025775,-0.026002,-0.013926,-0.010203,-0.006031,-0.002308,0.000409,-0.005172,-0.006909,-0.002281,-0.007013,-0.006639,-0.004229,-0.003037,-0.004985,-0.007326,-0.006290,-0.004799,-0.007073,-0.005400,-0.003759,-0.008525,-0.008092
-0.012303,-0.012836,-0.008902,-0.006087,-0.004591,-0.004159,-0.006342,-0.011416,-0.006001,-0.001791,-0.000342,-0.003327,-0.010553,-0.005083,-0.010069,-0.012097,-0.014309,-0.014840,-0.003646,0.000132,0.009130,0.026192,0.016718,0.032371,0.057942,0.070667,0.044233,0.029523,0.020529,-0.000323,0.000989,-0.002145,-0.008843,-0.014212,-0.021529,-0.019073,-0.013539,-0.021888,-0.019519,-0.011413,-0.012561,-0.007638,0.001231,0.004672,0.000015,-0.005834,-0.002427,-0.005864,-0.005575,-0.004439,-0.003104,-0.006968,-0.007980,-0.008052,-0.008685,-0.008356,-0.011268,-0.004440,-0.011662,-0.010631
-0.010696,-0.009403,-0.007952,-0.006183,-0.007819,-0.006366,-0.007611,-0.009898,-0.006849,-0.001068,-0.000874,-0.000748,-0.006320,-0.009092,-0.014096,-0.015923,-0.016622,-0.020226,-0.009408,-0.007900,-0.000931,0.010445,0.003963,0.014892,0.032013,0.044233,0.049554,0.036959,0.024205,0.007682,0.006458,-0.000801,-0.005433,-0.010605,-0.015027,-0.013625,-0.009303,-0.011448,-0.011202,-0.007790,-0.006531,-0.003411,0.002955,0.005318,0.003318,-0.000905,0.000313,-0.001555,-0.000749,-0.001530,-0.001826,-0.005157,-0.007320,-0.008283,-0.005295,-0.008648,-0.013762,-0.004870,-0.010455,-0.009670
-0.011419,-0.011037,-0.007464,-0.005531,-0.009997,-0.004128,-0.006165,-0.007776,-0.004118,-0.002929,-0.002554,-0.001708,-0.007785,-0.014778,-0.022400,-0.026197,-0.023206,-0.027114,-0.022598,-0.018271,-0.011840,-0.003537,-0.002189,0.008491,0.020801,0.029523,0.036959,0.052969,0.046085,0.021994,0.021051,0.003938,0.002696,-0.003961,-0.008183,-0.008449,-0.003686,-0.005938,-0.006869,-0.003892,-0.004087,-0.002336,0.003496,0.006751,0.005985,0.001522,0.000412,0.001284,-0.001364,-0.002542,-0.001720,-0.002433,-0.003636,-0.005814,-0.005893,-0.007435,-0.012271,-0.006396,-0.009324,-0.008691
-0.008625,-0.010631,-0.007073,-0.006312,-0.012242,-0.004911,-0.004419,-0.008141,-0.004474,-0.006968,-0.006060,-0.004634,-0.008328,-0.017374,-0.026273,-0.032989,-0.022221,-0.029576,-0.030618,-0.030036,-0.026450,-0.018755,-0.011159,-0.000415,0.010903,0.020529,0.024205,0.046085,0.065109,0.038208,0.035838,0.010762,0.016246,0.006693,0.000256,-0.002657,0.001786,-0.003202,-0.002069,-0.001541,-0.005144,-0.001013,0.004357,0.007667,0.008847,0.003426,0.002969,0.007300,0.003320,-0.001566,-0.001034,-0.002853,-0.003117,-0.006434,-0.007360,-0.007740,-0.012277,-0.006256,-0.008252,-0.007326
-0.001909,-0.002530,-0.001884,-0.002444,-0.007059,-0.002760,-0.004399,-0.001542,0.001274,-0.002032,-0.003519,-0.002989,-0.003981,-0.009752,-0.013576,-0.018688,-0.010130,-0.017170,-0.024953,-0.023946,-0.023443,-0.021499,-0.015026,-0.013086,-0.007417,-0.000323,0.007682,0.021994,0.038208,0.043495,0.036954,0.017854,0.021460,0.012690,0.013614,0.008220,0.007152,0.006979,0.003670,0.002589,0.002523,0.002361,0.002990,0.005040,0.009995,0.007028,0.003915,0.007322,0.004814,0.001577,-0.000263,0.001597,-0.001255,-0.002330,-0.004549,0.000217,-0.004917,-0.003321,-0.006111,-0.003465
-0.002590,-0.002720,-0.001381,-0.003537,-0.008603,-0.001940,-0.004709,-0.004419,-0.000433,-0.004679,-0.006088,-0.003218,-0.004738,-0.011905,-0.016127,-0.020203,-0.008578,-0.018659,-0.034932,-0.039920,-0.038861,-0.029099,-0.016461,-0.009230,-0.003807,0.000989,0.006458,0.021051,0.035838,0.036954,0.058198,0.032426,0.029730,0.015040,0.019075,0.013297,0.008437,0.007993,0.005629,0.007773,0.007723,0.007836,0.006925,0.010565,0.013595,0.009561,0.006317,0.010263,0.005324,-0.000124,-0.001008,0.001505,-0.000144,-0.006392,-0.003623,-0.001923,-0.002973,-0.003097,-0.004340,-0.002178
-0.002678,-0.000563,0.000135,-0.001699,-0.003388,-0.000360,-0.002603,-0.003718,0.001025,-0.001410,-0.003072,-0.000772,-0.002545,-0.006949,-0.011254,-0.014452,-0.005490,-0.009799,-0.022293,-0.025070,-0.025069,-0.018632,-0.012377,-0.007556,-0.005558,-0.002145,-0.000801,0.003938,0.010762,0.017854,0.032426,0.037955,0.027473,0.015852,0.022168,0.017591,0.012532,0.012156,0.011942,0.009931,0.010255,0.009575,0.009309,0.013864,0.016259,0.009139,0.006027,0.006653,0.004894,0.002339,0.001749,0.001009,0.000049,-0.001904,-0.000713,-0.000474,-0.001653,-0.000984,-0.001256,-0.000528
-0.003914,-0.004633,-0.004651,-0.005635,-0.008972,-0.006665,-0.006486,-0.003966,0.001320,-0.005200,-0.007645,-0.004945,-0.005359,-0.016487,-0.023195,-0.025411,-0.011329,-0.017474,-0.029125,-0.029100,-0.029665,-0.029035,-0.015685,-0.013397,-0.011801,-0.008843,-0.005433,0.002696,0.016246,0.021460,0.029730,0.027473,0.045950,0.028366,0.033727,0.028778,0.019574,0.019848,0.017823,0.014467,0.009668,0.010910,0.010172,0.012763,0.013794,0.008249,0.004738,0.008205,0.004986,0.002561,0.000203,0.000302,-0.000493,-0.002012,-0.003012,0.002570,-0.000102,-0.001529,0.000495,-0.000107
-0.000974,0.000088,-0.001137,-0.002871,-0.005041,-0.003604,-0.001295,0.001078,0.003147,-0.004986,-0.007448,-0.006951,-0.004914,-0.011067,-0.012953,-0.014619,-0.005554,-0.006289,-0.018177,-0.016646,-0.017777,-0.022316,-0.009434,-0.009008,-0.012907,-0.014212,-0.010605,-0.003961,0.006693,0.012690,0.015040,0.015852,0.028366,0.039342,0.041900,0.037003,0.019858,0.020059,0.015485,0.010032,0.007078,0.005686,0.005323,0.006647,0.006288,0.003653,0.000342,0.002472,0.002088,0.002413,0.000022,0.000342,-0.000200,0.001902,0.001011,0.004315,0.003132,0.001384,0.002552,0.002761
0.000960,0.004599,0.001929,-0.002002,-0.004006,-0.001527,0.000028,0.005754,0.007967,-0.005602,-0.011584,-0.013901,-0.008292,-0.016182,-0.015792,-0.014792,-0.004342,-0.004855,-0.025057,-0.023830,-0.024479,-0.030419,-0.012170,-0.015750,-0.021165,-0.021529,-0.015027,-0.008183,0.000256,0.013614,0.019075,0.022168,0.033727,0.041900,0.076160,0.067785,0.038813,0.037192,0.026270,0.015054,0.011885,0.010122,0.009065,0.013662,0.015457,0.009053,0.002466,0.001397,0.000754,0.004184,-0.000946,0.002328,-0.000125,0.003367,0.001614,0.007678,0.008429,0.002687,0.007567,0.006436
0.001732,0.005807,0.003333,-0.000188,-0.003094,-0.000654,0.002801,0.009461,0.010591,-0.002760,-0.009837,-0.013990,-0.007109,-0.014090,-0.014553,-0.012696,-0.005311,-0.007770,-0.027449,-0.027653,-0.027442,-0.029841,-0.008610,-0.014232,-0.019562,-0.019073,-0.013625,-0.008449,-0.002657,0.008220,0.013297,0.017591,0.028778,0.037003,0.067785,0.077777,0.045354,0.043673,0.029667,0.016040,0.010687,0.010136,0.010517,0.015575,0.015283,0.005697,0.001836,0.006779,0.006464,0.004307,0.000272,0.001816,0.000408,0.003634,0.000882,0.005664,0.009533,0.004101,0.007951,0.005555
0.002490,0.005275,0.001185,-0.000283,-0.003545,-0.002399,0.003758,0.008992,0.008020,0.001008,-0.004670,-0.008056,-0.006172,-0.010280,-0.011593,-0.009791,-0.004628,-0.008302,-0.020660,-0.022496,-0.021388,-0.024409,-0.006841,-0.010444,-0.014756,-0.013539,-0.009303,-0.003686,0.001786,0.007152,0.008437,0.012532,0.019574,0.019858,0.038813,0.045354,0.044774,0.032625,0.021279,0.013460,0.009544,0.008963,0.006581,0.010310,0.012307,0.006481,0.002911,0.007285,0.006915,0.003124,0.001497,0.000764,0.001728,0.000334,0.002229,0.003151,0.005822,0.003437,0.006139,0.003165
0.004650,0.005488,0.003301,0.000310,-0.003363,-0.003346,0.002353,0.009654,0.010579,0.004190,-0.003561,-0.005845,-0.002541,-0.009674,-0.010607,-0.009697,-0.005678,-0.007669,-0.017858,-0.014205,-0.016023,-0.025614,-0.008581,-0.017757,-0.025775,-0.021888,-0.011448,-0.005938,-0.003202,0.006979,0.007993,0.012156,0.019848,0.020059,0.037192,0.043673,0.032625,0.051256,0.039360,0.017736,0.011009,0.008603,0.009051,0.012718,0.018038,0.008473,0.004284,0.009452,0.009305,0.006849,0.002681,0.003545,0.003222,0.004702,0.003415,0.006420,0.004960,0.003716,0.006417,0.005769
0.004926,0.003774,0.001823,0.000114,-0.001460,-0.000307,0.002667,0.007883,0.008557,0.007424,0.001936,0.001558,0.002511,-0.006538,-0.009367,-0.010683,-0.010600,-0.009745,-0.015486,-0.009485,-0.012091,-0.023412,-0.009926,-0.019547,-0.026002,-0.019519,-0.011202,-0.006869,-0.002069,0.003670,0.005629,0.011942,0.017823,0.015485,0.026270,0.029667,0.021279,0.039360,0.045834,0.022287,0.009416,0.007884,0.008651,0.012921,0.017975,0.008517,0.004747,0.009934,0.010343,0.007199,0.003619,0.002625,0.003464,0.004834,0.003515,0.004949,0.003835,0.003714,0.005205,0.005175
0.001016,-0.000019,-0.000364,-0.001539,-0.002020,-0.000953,0.000347,0.001553,0.003848,0.003888,-0.000205,0.000317,-0.000250,-0.005543,-0.007459,-0.006524,-0.006804,-0.006483,-0.009964,-0.008978,-0.009917,-0.013650,-0.003863,-0.008434,-0.013926,-0.011413,-0.007790,-0.003892,-0.001541,0.002589,0.007773,0.009931,0.014467,0.010032,0.015054,0.016040,0.013460,0.017736,0.022287,0.022979,0.011862,0.007870,0.005727,0.007727,0.010703,0.006835,0.004944,0.008040,0.008368,0.005249,0.001907,-0.000279,0.002006,-0.000993,-0.000294,0.001635,0.001407,0.000073,0.000966,0.002560
0.002567,0.003063,0.001989,0.000466,0.000098,-0.000309,-0.000050,0.000763,0.001365,0.000849,-0.000851,0.001248,-0.001643,-0.002605,-0.003516,-0.002820,-0.004127,-0.001480,-0.006242,-0.008649,-0.008027,-0.008069,-0.002721,-0.002374,-0.010203,-0.012561,-0.006531,-0.004087,-0.005144,0.002523,0.007723,0.010255,0.009668,0.007078,0.011885,0.010687,0.009544,0.011009,0.009416,0.011862,0.018833,0.013695,0.006767,0.007072,0.009768,0.008457,0.005959,0.008545,0.008968,0.005420,0.003901,0.002503,0.003040,0.001330,0.000409,0.003639,0.002114,0.000748,0.003860,0.005084
0.005189,0.005208,0.002044,0.000662,0.001781,0.000372,0.002121,0.002646,0.001957,0.000310,0.000940,0.002799,-0.000230,-0.000939,-0.003247,-0.004202,-0.005828,-0.004635,-0.009564,-0.008553,-0.006796,-0.006762,-0.000360,0.000928,-0.006031,-0.007638,-0.003411,-0.002336,-0.001013,0.002361,0.007836,0.009575,0.010910,0.005686,0.010122,0.010136,0.008963,0.008603,0.007884,0.007870,0.013695,0.021808,0.011238,0.007304,0.012321,0.009697,0.006990,0.009568,0.009990,0.005208,0.005864,0.003368,0.003383,0.000135,0.001819,0.002966,0.000793,0.002021,0.004379,0.004109
0.002153,0.001715,-0.000438,-0.000870,0.000242,-0.001042,-0.000430,0.000726,0.001697,0.002031,0.002776,0.004581,0.000154,-0.003566,-0.006134,-0.006623,-0.005445,-0.006244,-0.008663,-0.007801,-0.006369,-0.003828,-0.000902,-0.000332,-0.002308,0.001231,0.002955,0.003496,0.004357,0.002990,0.006925,0.009309,0.010172,0.005323,0.009065,0.010517,0.006581,0.009051,0.008651,0.005727,0.006767,0.011238,0.015084,0.012132,0.013571,0.007217,0.004330,0.007670,0.008695,0.004357,0.003377,0.001220,0.001294,-0.002811,-0.000653,0.000720,-0.000725,0.000261,0.000210,0.001928
0.002089,0.001201,-0.000882,-0.000783,-0.001513,-0.001685,-0.000780,0.000998,0.005546,0.007856,0.006905,0.005785,-0.000461,-0.004707,-0.009631,-0.010251,-0.011420,-0.009405,-0.012319,-0.010039,-0.008475,-0.006971,-0.005451,-0.001719,0.000409,0.004672,0.005318,0.006751,0.007667,0.005040,0.010565,0.013864,0.012763,0.006647,0.013662,0.015575,0.010310,0.012718,0.012921,0.007727,0.007072,0.007304,0.012132,0.026234,0.025708,0.009008,0.005125,0.011559,0.010778,0.002209,0.004081,0.000909,-0.000319,-0.002078,0.000309,0.001698,0.000148,-0.000493,0.001815,0.000752
0.007983,0.007406,0.002569,0.001174,0.000120,-0.000674,0.000909,0.005270,0.009136,0.011448,0.009354,0.005390,-0.000253,-0.003745,-0.007688,-0.009292,-0.013134,-0.012192,-0.017631,-0.010594,-0.007915,-0.008539,-0.007418,-0.006415,-0.005172,0.000015,0.003318,0.005985,0.008847,0.009995,0.013595,0.016259,0.013794,0.006288,0.015457,0.015283,0.012307,0.018038,0.017975,0.010703,0.009768,0.012321,0.013571,0.025708,0.040035,0.019608,0.011926,0.019454,0.019018,0.008928,0.007954,0.004290,0.000475,-0.001159,0.003673,0.003500,0.000480,0.000256,0.004219,0.003349
0.006519,0.005491,0.002709,0.000879,-0.000701,-0.000864,0.000168,0.002238,0.003293,0.003712,0.002058,-0.000328,-0.000547,-0.003260,-0.003833,-0.004416,-0.004585,-0.006620,-0.011721,-0.008437,-0.006635,-0.005726,-0.003096,-0.004459,-0.006909,-0.005834,-0.000905,0.001522,0.003426,0.007028,0.009561,0.009139,0.008249,0.003653,0.009053,0.005697,0.006481,0.008473,0.008517,0.006835,0.008457,0.009697,0.007217,0.009008,0.019608,0.018111,0.010688,0.011181,0.010311,0.007723,0.004334,0.003559,0.001498,-0.000726,0.003097,0.003607,0.001325,0.000217,0.003476,0.004069
0.002213,0.002081,0.001679,0.000885,0.000131,0.000295,0.001820,0.000349,0.000361,0.001135,-0.000342,-0.001106,-0.001032,-0.001741,-0.002501,-0.003326,-0.002499,-0.004980,-0.007365,-0.008439,-0.008100,-0.004715,-0.003453,-0.002481,-0.002281,-0.002427,0.000313,0.000412,0.002969,0.003915,0.006317,0.006027,0.004738,0.000342,0.002466,0.001836,0.002911,0.004284,0.004747,0.004944,0.005959,0.006990,0.004330,0.005125,0.011926,0.010688,0.012957,0.012546,0.011249,0.006370,0.003852,0.002223,0.000183,0.001159,0.002137,0.002649,0.000546,0.000133,0.001559,0.000866
0.004937,0.005121,0.003786,0.002604,0.001005,-0.001085,0.003571,0.003947,0.005176,0.009026,0.005192,0.000973,-0.002021,-0.001039,-0.003205,-0.005537,-0.004486,-0.009691,-0.014978,-0.015266,-0.012799,-0.011413,-0.006576,-0.005651,-0.007013,-0.005864,-0.001555,0.001284,0.007300,0.007322,0.010263,0.006653,0.008205,0.002472,0.001397,0.006779,0.007285,0.009452,0.009934,0.008040,0.008545,0.009568,0.007670,0.011559,0.019454,0.011181,0.012546,0.031026,0.027022,0.006848,0.009895,0.003258,0.000781,0.000806,0.000965,0.003827,0.002919,0.001989,0.003994,0.002233
0.006091,0.006223,0.003001,0.002076,0.001324,-0.000460,0.003509,0.005485,0.003678,0.009095,0.006293,0.002022,-0.001168,0.000941,-0.000343,-0.002488,-0.004050,-0.008238,-0.011476,-0.010900,-0.007474,-0.006042,-0.003137,-0.004100,-0.006639,-0.005575,-0.000749,-0.001364,0.003320,0.004814,0.005324,0.004894,0.004986,0.002088,0.000754,0.006464,0.006915,0.009305,0.010343,0.008368,0.008968,0.009990,0.008695,0.010778,0.019018,0.010311,0.011249,0.027022,0.030613,0.009969,0.008382,0.001987,0.000077,0.000820,0.002868,0.002152,0.002631,0.003192,0.003351,0.001241
0.003192,0.002241,-0.000144,-0.000153,-0.000638,0.000997,0.001270,0.002247,0.001621,0.001894,0.000645,0.000351,0.001032,0.001072,0.000790,0.000621,-0.002038,-0.002088,-0.003343,-0.000929,0.000175,-0.000713,-0.000055,-0.002963,-0.004229,-0.004439,-0.001530,-0.002542,-0.001566,0.001577,-0.000124,0.002339,0.002561,0.002413,0.004184,0.004307,0.003124,0.006849,0.007199,0.005249,0.005420,0.005208,0.004357,0.002209,0.008928,0.007723,0.006370,0.006848,0.009969,0.013036,0.002489,0.000775,-0.000213,-0.000728,0.002496,0.001899,0.000720,0.000388,0.000221,0.000969
0.002645,0.004056,0.002200,0.001912,0.002468,0.000608,0.002869,0.003051,0.002809,0.004673,0.004162,0.002585,0.002857,0.003585,0.003018,0.002344,-0.001117,-0.000915,-0.001424,0.000187,0.001499,0.000133,0.000352,0.000277,-0.003037,-0.003104,-0.001826,-0.001720,-0.001034,-0.000263,-0.001008,0.001749,0.000203,0.000022,-0.000946,0.000272,0.001497,0.002681,0.003619,0.001907,0.003901,0.005864,0.003377,0.004081,0.007954,0.004334,0.003852,0.009895,0.008382,0.002489,0.009730,0.002815,0.001728,0.003438,0.002486,0.003190,0.002230,0.001518,0.003821,0.003309
0.005453,0.006490,0.004113,0.003607,0.003996,0.003489,0.001988,0.002612,0.002091,0.001023,0.001433,0.001772,0.002356,0.001532,0.001643,0.001799,0.000128,0.001225,-0.000212,0.000834,0.000207,-0.000795,0.000100,-0.001515,-0.004985,-0.006968,-0.005157,-0.002433,-0.002853,0.001597,0.001505,0.001009,0.000302,0.000342,0.002328,0.001816,0.000764,0.003545,0.002625,-0.000279,0.002503,0.003368,0.001220,0.000909,0.004290,0.003559,0.002223,0.003258,0.001987,0.000775,0.002815,0.008741,0.004126,0.003422,0.003469,0.003707,0.001244,0.002644,0.004700,0.003164
0.004379,0.004780,0.004036,0.003491,0.004599,0.001926,0.001149,0.000787,0.000549,-0.000497,0.000360,-0.000035,0.002120,0.000708,0.000676,0.000730,0.001692,0.001338,0.000478,0.000207,0.000108,-0.000312,0.003580,-0.001432,-0.007326,-0.007980,-0.007320,-0.003636,-0.003117,-0.001255,-0.000144,0.000049,-0.000493,-0.000200,-0.000125,0.000408,0.001728,0.003222,0.003464,0.002006,0.003040,0.003383,0.001294,-0.000319,0.000475,0.001498,0.000183,0.000781,0.000077,-0.000213,0.001728,0.004126,0.013737,0.002756,0.001768,0.003063,0.003934,0.001967,0.003033,0.003222
0.002435,0.004031,0.004247,0.002344,0.001710,0.002519,0.001351,0.003653,0.002823,-0.001262,-0.002301,-0.002669,-0.000693,0.001001,0.000815,0.001061,-0.000356,0.002242,0.000999,0.004632,0.005536,0.001356,0.002346,-0.003196,-0.006290,-0.008052,-0.008283,-0.005814,-0.006434,-0.002330,-0.006392,-0.001904,-0.002012,0.001902,0.003367,0.003634,0.000334,0.004702,0.004834,-0.000993,0.001330,0.000135,-0.002811,-0.002078,-0.001159,-0.000726,0.001159,0.000806,0.000820,-0.000728,0.003438,0.003422,0.002756,0.024527,0.004339,0.007104,0.006609,0.004535,0.007829,0.003393
0.003734,0.005471,0.003070,0.001970,0.001195,0.000828,0.004107,0.006009,0.001545,0.001892,0.004256,0.002664,0.002993,0.006355,0.007098,0.006658,0.001420,0.003669,0.002629,0.004149,0.002406,-0.001370,-0.000468,-0.001752,-0.004799,-0.008685,-0.005295,-0.005893,-0.007360,-0.004549,-0.003623,-0.000713,-0.003012,0.001011,0.001614,0.000882,0.002229,0.003415,0.003515,-0.000294,0.000409,0.001819,-0.000653,0.000309,0.003673,0.003097,0.002137,0.000965,0.002868,0.002496,0.002486,0.003469,0.001768,0.004339,0.015145,0.003131,0.003216,0.004461,0.006025,0.002692
0.005437,0.005958,0.003556,0.001754,0.001175,0.001955,0.003205,0.007010,0.006097,0.003567,0.002868,0.002856,0.002160,0.003577,0.005747,0.006305,0.002239,0.003497,-0.000307,0.004528,0.004355,-0.002715,-0.000288,-0.004648,-0.007073,-0.008356,-0.008648,-0.007435,-0.007740,0.000217,-0.001923,-0.000474,0.002570,0.004315,0.007678,0.005664,0.003151,0.006420,0.004949,0.001635,0.003639,0.002966,0.000720,0.001698,0.003500,0.003607,0.002649,0.003827,0.002152,0.001899,0.003190,0.003707,0.003063,0.007104,0.003131,0.017960,0.011368,0.003551,0.005570,0.005394
0.008731,0.006668,0.005984,0.004105,0.004622,0.002828,0.006404,0.009647,0.006631,0.005791,0.004833,0.001962,0.001698,0.004587,0.007977,0.007992,0.004427,0.002408,0.001676,0.002650,0.003430,-0.001071,-0.000797,-0.002211,-0.005400,-0.011268,-0.013762,-0.012271,-0.012277,-0.004917,-0.002973,-0.001653,-0.000102,0.003132,0.008429,0.009533,0.005822,0.004960,0.003835,0.001407,0.002114,0.000793,-0.000725,0.000148,0.000480,0.001325,0.000546,0.002919,0.002631,0.000720,0.002230,0.001244,0.003934,0.006609,0.003216,0.011368,0.026045,0.005712,0.008173,0.006626
0.004662,0.003969,0.002514,0.002083,0.002830,0.001759,0.003094,0.005676,0.002662,0.002805,0.002374,0.000067,0.001059,0.003176,0.004316,0.004150,0.000738,0.001950,0.002506,0.003774,0.004817,0.001699,0.002597,-0.000235,-0.003759,-0.004440,-0.004870,-0.006396,-0.006256,-0.003321,-0.003097,-0.000984,-0.001529,0.001384,0.002687,0.004101,0.003437,0.003716,0.003714,0.000073,0.000748,0.002021,0.000261,-0.000493,0.000256,0.000217,0.000133,0.001989,0.003192,0.000388,0.001518,0.002644,0.001967,0.004535,0.004461,0.003551,0.005712,0.010870,0.005724,0.002328
0.006838,0.006020,0.005566,0.005051,0.004760,0.001619,0.004321,0.005093,0.001860,0.001307,0.000693,-0.000157,-0.000510,0.001903,0.002784,0.003585,-0.000218,0.002143,-0.002812,-0.001012,-0.000553,-0.005269,-0.002456,-0.003147,-0.008525,-0.011662,-0.010455,-0.009324,-0.008252,-0.006111,-0.004340,-0.001256,0.000495,0.002552,0.007567,0.007951,0.006139,0.006417,0.005205,0.000966,0.003860,0.004379,0.000210,0.001815,0.004219,0.003476,0.001559,0.003994,0.003351,0.000221,0.003821,0.004700,0.003033,0.007829,0.006025,0.005570,0.008173,0.005724,0.020168,0.010387
0.007333,0.007238,0.005092,0.005046,0.005209,0.001938,0.003821,0.002623,0.001315,0.000906,0.000627,0.001204,0.000701,0.002610,0.004541,0.004915,0.001969,0.002717,-0.000636,-0.001589,-0.001114,-0.003266,-0.002295,-0.003248,-0.008092,-0.010631,-0.009670,-0.008691,-0.007326,-0.003465,-0.002178,-0.000528,-0.000107,0.002761,0.006436,0.005555,0.003165,0.005769,0.005175,0.002560,0.005084,0.004109,0.001928,0.000752,0.003349,0.004069,0.000866,0.002233,0.001241,0.000969,0.003309,0.003164,0.003222,0.003393,0.002692,0.005394,0.006626,0.002328,0.010387,0.015147
