0.021367,0.012015,0.004772,0.003129,0.004254,0.003407,0.003155,0.007541,0.006094,0.008770,0.008097,0.004844,0.003251,0.006011,0.009068,0.008400,0.001665,0.002051,0.001243,0.007894,0.007013,0.001001,0.003564,-0.001756,-0.006358,-0.009205,-0.008039,-0.008625,-0.008083,-0.002203,-0.002845,-0.001810,-0.003086,-0.001578,0.001211,0.001861,0.003077,0.004335,0.004503,0.000991,0.000938,0.004504,0.002116,0.002613,0.008653,0.006685,0.002481,0.004465,0.006122,0.005025,0.002615,0.003449,0.003700,0.002256,0.004186,0.007164,0.010108,0.004576,0.005435,0.005464
0.012015,0.013507,0.005635,0.003517,0.004296,0.004160,0.003388,0.006053,0.004497,0.005192,0.005925,0.005296,0.003088,0.004895,0.007004,0.007256,0.002794,0.001979,0.002364,0.006408,0.004887,-0.000898,0.000861,-0.002864,-0.006897,-0.008495,-0.006347,-0.007125,-0.007222,-0.002034,-0.003516,-0.000371,-0.002734,-0.000965,0.002862,0.003089,0.003983,0.005515,0.004909,0.000045,0.001199,0.004703,0.002501,0.002125,0.007664,0.004945,0.001961,0.004465,0.006166,0.003771,0.003797,0.003692,0.003629,0.003180,0.005160,0.006788,0.007009,0.003515,0.004518,0.004562
0.004772,0.005635,0.007024,0.003920,0.003800,0.003030,0.001837,0.003047,0.002114,0.001667,0.002382,0.001429,0.000875,0.002056,0.002935,0.003136,0.002074,0.001881,0.001713,0.003719,0.002899,0.000754,0.001549,-0.000420,-0.003621,-0.004714,-0.004709,-0.004632,-0.005015,-0.001134,-0.002330,0.001188,-0.001837,-0.000785,0.001941,0.001982,0.000145,0.002508,0.001643,-0.000790,0.000535,0.002211,0.000498,-0.000350,0.003089,0.002345,0.001490,0.002488,0.002371,0.000857,0.002663,0.002363,0.002735,0.004456,0.002637,0.004480,0.005643,0.001895,0.003913,0.002894
0.003129,0.003517,0.003920,0.005073,0.005668,0.002868,0.001824,0.002731,0.001891,0.001123,0.001764,0.001490,0.000471,0.001874,0.002246,0.002327,0.001427,0.001095,0.002013,0.002668,0.002034,0.001354,0.001196,0.000263,-0.001062,-0.002229,-0.003702,-0.003343,-0.004014,-0.000962,-0.002374,0.000944,-0.001762,-0.002106,-0.000461,-0.000130,0.000394,0.000960,0.000730,-0.001239,0.000411,0.001954,0.000713,0.000486,0.002009,0.001474,0.001079,0.001948,0.001596,0.000638,0.001860,0.001986,0.002454,0.002614,0.002109,0.004080,0.004748,0.001911,0.003961,0.003107
0.004254,0.004296,0.003800,0.005668,0.017256,0.006090,0.003601,0.002922,0.001899,0.004147,0.005603,0.005939,0.002646,0.006456,0.007227,0.009803,0.007754,0.008836,0.013891,0.012168,0.007903,0.006828,0.002770,0.002429,0.001398,-0.000348,-0.004843,-0.007365,-0.008977,-0.004861,-0.006660,-0.001419,-0.003319,-0.005046,-0.002640,-0.003811,-0.001394,-0.001400,0.000482,-0.001676,0.000550,0.004617,0.002950,0.001237,0.003113,0.002015,0.001970,0.003051,0.002651,0.001144,0.001976,0.002210,0.003861,0.001260,0.002777,0.005657,0.006260,0.003484,0.005287,0.003197
0.003407,0.004160,0.003030,0.002868,0.006090,0.010528,0.005878,0.004499,0.002571,0.003282,0.004111,0.005857,0.003407,0.004830,0.005237,0.006631,0.005068,0.005194,0.005688,0.005876,0.003312,0.002205,0.001210,0.000072,-0.001904,-0.004410,-0.006401,-0.005105,-0.003411,-0.002369,-0.002419,-0.001517,-0.004361,-0.003016,-0.001863,-0.000141,-0.000337,-0.001610,0.000376,-0.000993,-0.000168,0.001260,0.000461,-0.000600,0.000533,0.000231,0.000782,0.001714,0.002345,0.000810,0.000837,0.002147,0.001523,0.002650,0.000044,0.000881,0.002539,0.001003,0.002323,0.001713
0.003155,0.003388,0.001837,0.001824,0.003601,0.005878,0.013637,0.008101,0.006519,0.008638,0.005935,0.003571,0.003080,0.005038,0.006172,0.007002,0.005349,0.005104,0.004475,0.003043,0.001792,-0.000763,0.000780,-0.001148,-0.004589,-0.006963,-0.006337,-0.005466,-0.003972,-0.002767,-0.003803,-0.002504,-0.001240,0.001389,0.001641,0.003479,0.005525,0.003870,0.003844,0.001008,0.001455,0.002546,0.000859,0.001138,0.002766,0.002866,0.002666,0.005341,0.004884,0.002560,0.003178,0.002139,0.001450,0.002924,0.001863,0.003506,0.006119,0.002737,0.005143,0.004157
0.007541,0.006053,0.003047,0.002731,0.002922,0.004499,0.008101,0.020787,0.014326,0.012820,0.010534,0.005027,0.003808,0.006030,0.007476,0.007253,0.002132,0.002081,-0.001608,0.004792,0.004069,-0.004473,-0.000173,-0.006078,-0.011213,-0.010663,-0.009112,-0.007311,-0.008378,-0.003363,-0.007174,-0.003947,-0.000993,0.003168,0.006625,0.011030,0.008418,0.009595,0.008766,0.002943,0.001231,0.003211,0.001437,0.001462,0.005370,0.002774,0.000634,0.004188,0.005845,0.001488,0.003566,0.002625,0.000093,0.005573,0.002700,0.006322,0.007893,0.003583,0.005565,0.003548
0.006094,0.004497,0.002114,0.001891,0.001899,0.002571,0.006519,0.014326,0.018017,0.016294,0.011792,0.005134,0.005143,0.004429,0.004199,0.003533,0.001077,0.001840,-0.001823,0.006286,0.006091,-0.002698,0.000170,-0.005185,-0.007811,-0.005115,-0.005554,-0.004731,-0.006184,-0.001506,-0.003126,0.001240,0.002988,0.004312,0.006757,0.009729,0.006822,0.009105,0.007991,0.002408,0.000815,0.001241,0.001520,0.005048,0.008470,0.003309,0.000166,0.005110,0.004089,0.002015,0.002421,0.001326,0.000086,0.003699,0.001327,0.005219,0.005384,0.002572,0.003200,0.002100
0.008770,0.005192,0.001667,0.001123,0.004147,0.003282,0.008638,0.012820,0.016294,0.030777,0.024558,0.014789,0.009265,0.009694,0.009973,0.009769,0.004736,0.004557,0.004211,0.012192,0.011011,0.003452,0.002666,-0.004079,-0.006095,-0.001953,-0.000381,-0.002144,-0.007401,-0.003025,-0.005209,-0.000408,-0.001092,-0.002138,-0.003875,-0.002274,0.001480,0.002597,0.003757,0.000993,0.000153,-0.000337,0.000302,0.005365,0.009924,0.005385,0.002530,0.007579,0.006860,0.002947,0.003323,0.001131,-0.000683,0.001127,0.002263,0.002761,0.004434,0.002267,0.002622,0.001842
0.008097,0.005925,0.002382,0.001764,0.005603,0.004111,0.005935,0.010534,0.011792,0.024558,0.028662,0.024582,0.013080,0.012644,0.012405,0.012871,0.006313,0.007397,0.010063,0.015448,0.013238,0.007833,0.003380,0.002060,0.001401,0.001723,-0.000133,-0.002037,-0.007145,-0.005457,-0.006823,-0.002433,-0.005232,-0.006077,-0.010271,-0.007948,-0.002721,-0.005280,-0.002557,-0.002308,-0.001482,-0.000896,0.000095,0.004584,0.007125,0.002442,0.000329,0.003878,0.004007,0.000028,0.002182,0.001006,-0.001536,-0.001181,0.003719,0.002138,0.003789,0.000372,0.001390,0.001452
0.004844,0.005296,0.001429,0.001490,0.005939,0.005857,0.003571,0.005027,0.005134,0.014789,0.024582,0.035771,0.017678,0.014095,0.010304,0.010850,0.004473,0.007064,0.010787,0.012386,0.008441,0.005892,0.000772,0.003992,0.003399,0.000872,-0.001034,-0.001637,-0.004790,-0.007336,-0.004581,0.000047,-0.004710,-0.007097,-0.014187,-0.011584,-0.004582,-0.008116,-0.003215,-0.001669,0.000159,0.001342,0.001832,0.004923,0.004020,-0.000518,-0.000835,0.001066,0.001292,-0.001089,0.001152,0.000938,-0.002174,-0.002592,0.002961,0.002115,0.002024,-0.002004,-0.000130,0.001836
0.003251,0.003088,0.000875,0.000471,0.002646,0.003407,0.003080,0.003808,0.005143,0.009265,0.013080,0.017678,0.020112,0.013316,0.010812,0.010757,0.008398,0.007177,0.008099,0.009350,0.004485,0.002762,0.000962,-0.002056,-0.004533,-0.004363,-0.003071,-0.004199,-0.004563,-0.004761,-0.004012,-0.000138,-0.002087,-0.004395,-0.008016,-0.004793,-0.002425,-0.001466,0.001010,-0.001543,-0.002175,-0.000688,-0.000000,0.000899,0.000945,0.001132,0.000209,-0.000138,-0.000772,0.000684,0.001171,0.000732,0.000898,-0.000508,0.002551,0.002035,0.002801,-0.000560,-0.001029,-0.000167
0.006011,0.004895,0.002056,0.001874,0.006456,0.004830,0.005038,0.006030,0.004429,0.009694,0.012644,0.014095,0.013316,0.023850,0.026043,0.026875,0.016998,0.019302,0.020152,0.018759,0.012592,0.008868,0.003786,0.002281,-0.000056,-0.002922,-0.007111,-0.011173,-0.012911,-0.009042,-0.010429,-0.005053,-0.009694,-0.010160,-0.013631,-0.011066,-0.006345,-0.006756,-0.003678,-0.005328,-0.002205,-0.000514,-0.002384,-0.001114,-0.000326,-0.000564,-0.000647,0.000446,0.000920,0.001229,0.002551,0.000753,0.001447,0.001968,0.003887,0.005968,0.006802,0.001273,0.002703,0.002602
0.009068,0.007004,0.002935,0.002246,0.007227,0.005237,0.006172,0.007476,0.004199,0.009973,0.012405,0.010304,0.010812,0.026043,0.038647,0.041934,0.026869,0.029473,0.027163,0.023533,0.017763,0.012492,0.005948,0.003380,-0.003394,-0.008099,-0.011423,-0.017198,-0.018871,-0.012403,-0.015505,-0.010630,-0.017623,-0.012275,-0.014274,-0.011214,-0.007469,-0.008320,-0.007137,-0.006836,-0.002409,-0.002093,-0.004088,-0.004200,-0.002312,-0.000852,-0.001549,-0.001540,0.000062,-0.000573,0.003518,0.001305,0.000218,0.000800,0.003122,0.005931,0.007516,0.000046,0.002108,0.003801
0.008400,0.007256,0.003136,0.002327,0.009803,0.006631,0.007002,0.007253,0.003533,0.009769,0.012871,0.010850,0.010757,0.026875,0.041934,0.054812,0.037949,0.041222,0.039435,0.031153,0.024619,0.018514,0.008330,0.003441,-0.004033,-0.010383,-0.015663,-0.021929,-0.027289,-0.018806,-0.019930,-0.013117,-0.021708,-0.014208,-0.015226,-0.011521,-0.006129,-0.008864,-0.008798,-0.006976,-0.002152,-0.003154,-0.004513,-0.005550,-0.004444,-0.001830,-0.002714,-0.002977,-0.000674,-0.000747,0.002973,0.000821,0.000961,0.000600,0.003212,0.006579,0.008717,0.001261,0.001634,0.003870
0.001665,0.002794,0.002074,0.001427,0.007754,0.005068,0.005349,0.002132,0.001077,0.004736,0.006313,0.004473,0.008398,0.016998,0.026869,0.037949,0.044980,0.038016,0.029872,0.016984,0.011740,0.011681,0.004566,-0.001050,-0.007102,-0.011230,-0.015495,-0.017833,-0.018891,-0.013365,-0.010749,-0.006376,-0.012468,-0.008258,-0.006580,-0.005412,-0.002196,-0.005842,-0.008086,-0.007244,-0.005517,-0.006484,-0.005570,-0.007526,-0.010206,-0.004483,-0.004038,-0.004200,-0.003977,-0.004706,-0.000783,-0.001512,0.002585,-0.001097,-0.000076,0.004034,0.005050,-0.000749,-0.000243,0.001945
0.002051,0.001979,0.001881,0.001095,0.008836,0.005194,0.005104,0.002081,0.001840,0.004557,0.007397,0.007064,0.007177,0.019302,0.029473,0.041222,0.038016,0.051241,0.043601,0.032268,0.023513,0.016970,0.009328,0.003173,-0.005393,-0.012920,-0.020446,-0.021226,-0.024457,-0.018729,-0.017004,-0.008086,-0.014223,-0.007806,-0.007607,-0.008605,-0.006321,-0.009992,-0.008531,-0.007939,-0.003686,-0.006261,-0.005548,-0.006795,-0.010034,-0.006560,-0.005617,-0.007335,-0.005846,-0.003822,-0.000650,-0.000098,0.001831,0.000706,0.001291,0.004118,0.004103,0.000002,-0.000188,0.001703
0.001243,0.002364,0.001713,0.002013,0.013891,0.005688,0.004475,-0.001608,-0.001823,0.004211,0.010063,0.010787,0.008099,0.020152,0.027163,0.039435,0.029872,0.043601,0.071095,0.062591,0.050128,0.042299,0.020393,0.013161,0.007040,-0.000929,-0.009736,-0.020022,-0.029024,-0.024757,-0.028881,-0.017304,-0.023386,-0.019882,-0.024527,-0.025096,-0.016003,-0.016897,-0.011439,-0.010819,-0.006338,-0.007704,-0.006196,-0.008013,-0.011665,-0.009819,-0.005749,-0.008650,-0.006848,-0.002684,-0.000748,-0.001058,0.001177,0.000713,0.000722,0.003823,0.002069,0.002803,-0.002774,-0.001295
0.007894,0.006408,0.003719,0.002668,0.012168,0.005876,0.003043,0.004792,0.006286,0.012192,0.015448,0.012386,0.009350,0.018759,0.023533,0.031153,0.016984,0.032268,0.062591,0.078393,0.067301,0.047111,0.024402,0.010016,0.004642,0.000449,-0.007971,-0.016001,-0.029145,-0.023251,-0.034356,-0.020201,-0.022655,-0.016938,-0.022267,-0.024558,-0.016971,-0.011961,-0.007141,-0.010906,-0.009842,-0.007932,-0.007190,-0.008051,-0.005639,-0.006793,-0.006790,-0.009094,-0.006998,0.000013,0.000538,0.001017,0.000486,0.004789,0.003156,0.006914,0.003107,0.004334,-0.000844,-0.002487
0.007013,0.004887,0.002899,0.002034,0.007903,0.003312,0.001792,0.004069,0.006091,0.011011,0.013238,0.008441,0.004485,0.012592,0.017763,0.024619,0.011740,0.023513,0.050128,0.067301,0.070960,0.054615,0.028393,0.015157,0.012691,0.007673,-0.002555,-0.010972,-0.024767,-0.021788,-0.033307,-0.020885,-0.023990,-0.016635,-0.019787,-0.022378,-0.013880,-0.011415,-0.009694,-0.009399,-0.007362,-0.005883,-0.005711,-0.005907,-0.003743,-0.006098,-0.006338,-0.007447,-0.004994,-0.001093,0.000145,-0.000608,-0.002460,0.004469,0.000108,0.004406,0.000686,0.002497,-0.000704,-0.001261
0.001001,-0.000898,0.000754,0.001354,0.006828,0.002205,-0.000763,-0.004473,-0.002698,0.003452,0.007833,0.005892,0.002762,0.008868,0.012492,0.018514,0.011681,0.016970,0.042299,0.047111,0.054615,0.065996,0.038475,0.029138,0.031819,0.024326,0.010602,-0.003062,-0.016814,-0.018188,-0.022600,-0.015139,-0.024551,-0.021802,-0.025467,-0.025767,-0.017689,-0.020083,-0.020809,-0.012421,-0.006692,-0.004847,-0.003428,-0.005235,-0.006759,-0.006041,-0.003555,-0.008180,-0.005417,-0.001193,-0.000721,-0.000584,-0.002470,0.000789,-0.003403,-0.002839,-0.005913,-0.001050,-0.004111,-0.002515
0.003564,0.000861,0.001549,0.001196,0.002770,0.001210,0.000780,-0.000173,0.000170,0.002666,0.003380,0.000772,0.000962,0.003786,0.005948,0.008330,0.004566,0.009328,0.020393,0.024402,0.028393,0.038475,0.042959,0.030483,0.020358,0.013360,0.004893,-0.002978,-0.011570,-0.012989,-0.014165,-0.010202,-0.013279,-0.010412,-0.012073,-0.010574,-0.006743,-0.008317,-0.009678,-0.005318,-0.002646,0.000682,-0.001353,-0.006671,-0.007394,-0.003028,-0.003041,-0.004628,-0.002089,0.001421,0.000486,0.002377,0.002627,0.002017,-0.001115,0.001001,-0.002540,0.001041,-0.000663,-0.001186
-0.001756,-0.002864,-0.000420,0.000263,0.002429,0.000072,-0.001148,-0.006078,-0.005185,-0.004079,0.002060,0.003992,-0.002056,0.002281,0.003380,0.003441,-0.001050,0.003173,0.013161,0.010016,0.015157,0.029138,0.030483,0.048110,0.044095,0.030112,0.014503,0.006726,-0.002049,-0.010420,-0.006394,-0.005014,-0.013275,-0.011034,-0.015584,-0.016039,-0.010262,-0.019125,-0.018809,-0.008394,-0.002364,-0.000028,-0.001567,-0.003436,-0.008295,-0.005568,-0.003792,-0.006921,-0.005359,-0.002836,-0.000836,0.000401,-0.002180,-0.004427,-0.002960,-0.003773,-0.003277,-0.001673,-0.000527,-0.002229
-0.006358,-0.006897,-0.003621,-0.001062,0.001398,-0.001904,-0.004589,-0.011213,-0.007811,-0.006095,0.001401,0.003399,-0.004533,-0.000056,-0.003394,-0.004033,-0.007102,-0.005393,0.007040,0.004642,0.012691,0.031819,0.020358,0.044095,0.066527,0.056339,0.031498,0.018136,0.007736,-0.005381,-0.001256,-0.002638,-0.011660,-0.013578,-0.020194,-0.022300,-0.014216,-0.026470,-0.025465,-0.013732,-0.009276,-0.005662,-0.003436,-0.001051,-0.006747,-0.007379,-0.003548,-0.008046,-0.008008,-0.003585,-0.004540,-0.003491,-0.005870,-0.005500,-0.004485,-0.007651,-0.007554,-0.003760,-0.005542,-0.006840
-0.009205,-0.008495,-0.004714,-0.002229,-0.000348,-0.004410,-0.006963,-0.010663,-0.005115,-0.001953,0.001723,0.000872,-0.004363,-0.002922,-0.008099,-0.010383,-0.011230,-0.012920,-0.000929,0.000449,0.007673,0.024326,0.013360,0.030112,0.056339,0.065459,0.044532,0.026822,0.014122,0.002011,0.002954,-0.002728,-0.009807,-0.013882,-0.018555,-0.020723,-0.012707,-0.019631,-0.019967,-0.011975,-0.010851,-0.007201,-0.001367,0.000904,-0.002284,-0.005503,-0.003199,-0.007619,-0.009202,-0.004208,-0.004910,-0.003907,-0.005697,-0.004893,-0.006199,-0.009033,-0.011281,-0.002347,-0.007986,-0.008759
-0.008039,-0.006347,-0.004709,-0.003702,-0.004843,-0.006401,-0.006337,-0.009112,-0.005554,-0.000381,-0.000133,-0.001034,-0.003071,-0.007111,-0.011423,-0.015663,-0.015495,-0.020446,-0.009736,-0.007971,-0.002555,0.010602,0.004893,0.014503,0.031498,0.044532,0.051996,0.036637,0.021469,0.007967,0.006684,-0.000918,-0.007065,-0.009194,-0.013113,-0.012783,-0.008877,-0.009800,-0.013553,-0.009591,-0.006617,-0.004343,-0.000563,0.000145,-0.001106,-0.002506,-0.001095,-0.005384,-0.006261,-0.002050,-0.003509,-0.002849,-0.004631,-0.005196,-0.003607,-0.010624,-0.011303,-0.002314,-0.008356,-0.008308
-0.008625,-0.007125,-0.004632,-0.003343,-0.007365,-0.005105,-0.005466,-0.007311,-0.004731,-0.002144,-0.002037,-0.001637,-0.004199,-0.011173,-0.017198,-0.021929,-0.017833,-0.021226,-0.020022,-0.016001,-0.010972,-0.003062,-0.002978,0.006726,0.018136,0.026822,0.036637,0.048987,0.041132,0.019393,0.016161,0.003425,-0.001315,-0.002947,-0.008302,-0.009351,-0.004252,-0.007556,-0.010678,-0.007846,-0.007071,-0.006052,-0.000858,-0.000432,-0.002189,-0.001904,-0.001754,-0.003935,-0.004546,-0.002915,-0.003453,-0.001217,-0.002725,-0.002859,-0.003283,-0.009470,-0.009635,-0.004017,-0.006429,-0.006962
-0.008083,-0.007222,-0.005015,-0.004014,-0.008977,-0.003411,-0.003972,-0.008378,-0.006184,-0.007401,-0.007145,-0.004790,-0.004563,-0.012911,-0.018871,-0.027289,-0.018891,-0.024457,-0.029024,-0.029145,-0.024767,-0.016814,-0.011570,-0.002049,0.007736,0.014122,0.021469,0.041132,0.060117,0.037903,0.030423,0.011104,0.012425,0.006385,0.000742,-0.003049,-0.000275,-0.005896,-0.004707,-0.001615,-0.005824,-0.003427,0.000433,0.002465,0.001339,0.000551,0.001710,0.001530,-0.000626,-0.003179,-0.002312,-0.001902,-0.003913,-0.003341,-0.005364,-0.008667,-0.010893,-0.005814,-0.005660,-0.005821
-0.002203,-0.002034,-0.001134,-0.000962,-0.004861,-0.002369,-0.002767,-0.003363,-0.001506,-0.003025,-0.005457,-0.007336,-0.004761,-0.009042,-0.012403,-0.018806,-0.013365,-0.018729,-0.024757,-0.023251,-0.021788,-0.018188,-0.012989,-0.010420,-0.005381,0.002011,0.007967,0.019393,0.037903,0.042951,0.033853,0.017146,0.019360,0.012767,0.011934,0.007360,0.003983,0.004519,0.003337,0.003838,0.002400,0.002668,0.003356,0.004918,0.009167,0.006215,0.004281,0.006776,0.005295,0.001987,0.000399,0.000758,-0.000296,-0.000550,-0.002365,-0.002214,-0.005036,-0.002145,-0.003589,-0.002148
-0.002845,-0.003516,-0.002330,-0.002374,-0.006660,-0.002419,-0.003803,-0.007174,-0.003126,-0.005209,-0.006823,-0.004581,-0.004012,-0.010429,-0.015505,-0.019930,-0.010749,-0.017004,-0.028881,-0.034356,-0.033307,-0.022600,-0.014165,-0.006394,-0.001256,0.002954,0.006684,0.016161,0.030423,0.033853,0.051801,0.032176,0.027940,0.016379,0.015796,0.010573,0.003693,0.004340,0.005417,0.008253,0.006194,0.006424,0.007918,0.008781,0.011044,0.007539,0.005528,0.007789,0.006630,0.003243,-0.001606,-0.000313,0.002609,-0.004035,-0.000721,-0.004747,-0.003888,-0.001767,-0.002183,-0.000454
-0.001810,-0.000371,0.001188,0.000944,-0.001419,-0.001517,-0.002504,-0.003947,0.001240,-0.000408,-0.002433,0.000047,-0.000138,-0.005053,-0.010630,-0.013117,-0.006376,-0.008086,-0.017304,-0.020201,-0.020885,-0.015139,-0.010202,-0.005014,-0.002638,-0.002728,-0.000918,0.003425,0.011104,0.017146,0.032176,0.038631,0.027932,0.016907,0.020616,0.016094,0.008312,0.011061,0.012495,0.008710,0.007735,0.006513,0.007602,0.011469,0.013672,0.006824,0.004532,0.006499,0.006338,0.005650,-0.000002,-0.000487,0.002122,-0.001642,0.002772,-0.001114,-0.000072,0.000013,0.000600,0.001426
-0.003086,-0.002734,-0.001837,-0.001762,-0.003319,-0.004361,-0.001240,-0.000993,0.002988,-0.001092,-0.005232,-0.004710,-0.002087,-0.009694,-0.017623,-0.021708,-0.012468,-0.014223,-0.023386,-0.022655,-0.023990,-0.024551,-0.013279,-0.013275,-0.011660,-0.009807,-0.007065,-0.001315,0.012425,0.019360,0.027940,0.027932,0.044717,0.029252,0.031161,0.026741,0.015698,0.018784,0.018218,0.013413,0.007943,0.008759,0.008114,0.008557,0.009492,0.004687,0.002877,0.008218,0.005560,0.005027,0.000105,-0.000030,0.001464,-0.001569,0.001017,0.001032,0.000232,0.000857,0.002236,0.000035
-0.001578,-0.000965,-0.000785,-0.002106,-0.005046,-0.003016,0.001389,0.003168,0.004312,-0.002138,-0.006077,-0.007097,-0.004395,-0.010160,-0.012275,-0.014208,-0.008258,-0.007806,-0.019882,-0.016938,-0.016635,-0.021802,-0.010412,-0.011034,-0.013578,-0.013882,-0.009194,-0.002947,0.006385,0.012767,0.016379,0.016907,0.029252,0.040454,0.041940,0.037037,0.017900,0.020412,0.016837,0.011617,0.008025,0.006384,0.005183,0.004882,0.004729,0.001789,-0.000833,0.002014,0.000991,0.003471,0.000652,0.000475,0.000046,0.000920,0.000937,0.002421,0.002123,0.001065,0.002710,0.002096
0.001211,0.002862,0.001941,-0.000461,-0.002640,-0.001863,0.001641,0.006625,0.006757,-0.003875,-0.010271,-0.014187,-0.008016,-0.013631,-0.014274,-0.015226,-0.006580,-0.007607,-0.024527,-0.022267,-0.019787,-0.025467,-0.012073,-0.015584,-0.020194,-0.018555,-0.013113,-0.008302,0.000742,0.011934,0.015796,0.020616,0.031161,0.041940,0.070508,0.062852,0.031455,0.036568,0.027575,0.016048,0.010870,0.011197,0.009909,0.010239,0.012779,0.006524,0.001451,0.002626,0.002484,0.005296,0.001168,0.001716,0.000980,0.001635,0.001534,0.004134,0.004829,0.002529,0.006863,0.006036
0.001861,0.003089,0.001982,-0.000130,-0.003811,-0.000141,0.003479,0.011030,0.009729,-0.002274,-0.007948,-0.011584,-0.004793,-0.011066,-0.011214,-0.011521,-0.005412,-0.008605,-0.025096,-0.024558,-0.022378,-0.025767,-0.010574,-0.016039,-0.022300,-0.020723,-0.012783,-0.009351,-0.003049,0.007360,0.010573,0.016094,0.026741,0.037037,0.062852,0.073076,0.036068,0.042848,0.030158,0.015095,0.009991,0.011770,0.011618,0.011269,0.012960,0.003980,0.000940,0.006049,0.005814,0.005086,0.002469,0.002666,0.001395,0.000747,0.000508,0.002301,0.006384,0.003178,0.007195,0.005650
0.003077,0.003983,0.000145,0.000394,-0.001394,-0.000337,0.005525,0.008418,0.006822,0.001480,-0.002721,-0.004582,-0.002425,-0.006345,-0.007469,-0.006129,-0.002196,-0.006321,-0.016003,-0.016971,-0.013880,-0.017689,-0.006743,-0.010262,-0.014216,-0.012707,-0.008877,-0.004252,-0.000275,0.003983,0.003693,0.008312,0.015698,0.017900,0.031455,0.036068,0.035117,0.026214,0.018382,0.011535,0.007326,0.007641,0.005533,0.007030,0.010996,0.006094,0.002969,0.007301,0.007612,0.004656,0.002534,0.000450,0.001954,0.001206,0.002358,0.002246,0.005392,0.003334,0.005151,0.002950
0.004335,0.005515,0.002508,0.000960,-0.001400,-0.001610,0.003870,0.009595,0.009105,0.002597,-0.005280,-0.008116,-0.001466,-0.006756,-0.008320,-0.008864,-0.005842,-0.009992,-0.016897,-0.011961,-0.011415,-0.020083,-0.008317,-0.019125,-0.026470,-0.019631,-0.009800,-0.007556,-0.005896,0.004519,0.004340,0.011061,0.018784,0.020412,0.036568,0.042848,0.026214,0.047901,0.038037,0.016164,0.009203,0.009913,0.009829,0.011027,0.017714,0.008898,0.004571,0.009159,0.008421,0.007782,0.003770,0.004256,0.004473,0.004881,0.004400,0.008474,0.005635,0.004581,0.007979,0.006752
0.004503,0.004909,0.001643,0.000730,0.000482,0.000376,0.003844,0.008766,0.007991,0.003757,-0.002557,-0.003215,0.001010,-0.003678,-0.007137,-0.008798,-0.008086,-0.008531,-0.011439,-0.007141,-0.009694,-0.020809,-0.009678,-0.018809,-0.025465,-0.019967,-0.013553,-0.010678,-0.004707,0.003337,0.005417,0.012495,0.018218,0.016837,0.027575,0.030158,0.018382,0.038037,0.045200,0.021198,0.009836,0.011266,0.011001,0.013122,0.020322,0.011227,0.007047,0.012653,0.011970,0.009197,0.003868,0.002852,0.004588,0.005737,0.005998,0.008261,0.005199,0.006032,0.008231,0.006499
0.000991,0.000045,-0.000790,-0.001239,-0.001676,-0.000993,0.001008,0.002943,0.002408,0.000993,-0.002308,-0.001669,-0.001543,-0.005328,-0.006836,-0.006976,-0.007244,-0.007939,-0.010819,-0.010906,-0.009399,-0.012421,-0.005318,-0.008394,-0.013732,-0.011975,-0.009591,-0.007846,-0.001615,0.003838,0.008253,0.008710,0.013413,0.011617,0.016048,0.015095,0.011535,0.016164,0.021198,0.024007,0.014543,0.011361,0.008713,0.009262,0.012660,0.008786,0.006611,0.010466,0.010571,0.005809,0.002965,-0.000113,0.001975,-0.001147,0.000456,0.001367,-0.000108,0.001892,0.002676,0.003443
0.000938,0.001199,0.000535,0.000411,0.000550,-0.000168,0.001455,0.001231,0.000815,0.000153,-0.001482,0.000159,-0.002175,-0.002205,-0.002409,-0.002152,-0.005517,-0.003686,-0.006338,-0.009842,-0.007362,-0.006692,-0.002646,-0.002364,-0.009276,-0.010851,-0.006617,-0.007071,-0.005824,0.002400,0.006194,0.007735,0.007943,0.008025,0.010870,0.009991,0.007326,0.009203,0.009836,0.014543,0.021883,0.015513,0.009104,0.009018,0.012073,0.009093,0.007284,0.010824,0.011028,0.005972,0.004393,0.001769,0.002107,0.000443,0.001516,0.002958,0.001664,0.001550,0.004832,0.005959
0.004504,0.004703,0.002211,0.001954,0.004617,0.001260,0.002546,0.003211,0.001241,-0.000337,-0.000896,0.001342,-0.000688,-0.000514,-0.002093,-0.003154,-0.006484,-0.006261,-0.007704,-0.007932,-0.005883,-0.004847,0.000682,-0.000028,-0.005662,-0.007201,-0.004343,-0.006052,-0.003427,0.002668,0.006424,0.006513,0.008759,0.006384,0.011197,0.011770,0.007641,0.009913,0.011266,0.011361,0.015513,0.022209,0.012556,0.008144,0.013522,0.009635,0.007514,0.011082,0.011366,0.006562,0.005058,0.003240,0.003732,0.000908,0.002794,0.003821,0.003256,0.003671,0.006961,0.005854
0.002116,0.002501,0.000498,0.000713,0.002950,0.000461,0.000859,0.001437,0.001520,0.000302,0.000095,0.001832,-0.000000,-0.002384,-0.004088,-0.004513,-0.005570,-0.005548,-0.006196,-0.007190,-0.005711,-0.003428,-0.001353,-0.001567,-0.003436,-0.001367,-0.000563,-0.000858,0.000433,0.003356,0.007918,0.007602,0.008114,0.005183,0.009909,0.011618,0.005533,0.009829,0.011001,0.008713,0.009104,0.012556,0.017224,0.013443,0.015753,0.008837,0.005813,0.008605,0.008970,0.005629,0.002203,0.001422,0.002278,-0.002012,0.001795,0.002683,0.001470,0.002869,0.003361,0.004003
0.002613,0.002125,-0.000350,0.000486,0.001237,-0.000600,0.001138,0.001462,0.005048,0.005365,0.004584,0.004923,0.000899,-0.001114,-0.004200,-0.005550,-0.007526,-0.006795,-0.008013,-0.008051,-0.005907,-0.005235,-0.006671,-0.003436,-0.001051,0.000904,0.000145,-0.000432,0.002465,0.004918,0.008781,0.011469,0.008557,0.004882,0.010239,0.011269,0.007030,0.011027,0.013122,0.009262,0.009018,0.008144,0.013443,0.025959,0.026700,0.010444,0.006752,0.012822,0.011088,0.003446,0.002688,0.000455,0.000497,-0.001955,0.003732,0.003640,0.001447,0.002713,0.005610,0.003220
0.008653,0.007664,0.003089,0.002009,0.003113,0.000533,0.002766,0.005370,0.008470,0.009924,0.007125,0.004020,0.000945,-0.000326,-0.002312,-0.004444,-0.010206,-0.010034,-0.011665,-0.005639,-0.003743,-0.006759,-0.007394,-0.008295,-0.006747,-0.002284,-0.001106,-0.002189,0.001339,0.009167,0.011044,0.013672,0.009492,0.004729,0.012779,0.012960,0.010996,0.017714,0.020322,0.012660,0.012073,0.013522,0.015753,0.026700,0.041247,0.020450,0.013500,0.022386,0.021163,0.010393,0.005752,0.003095,0.001827,0.000542,0.007997,0.006854,0.004939,0.006102,0.008373,0.005119
0.006685,0.004945,0.002345,0.001474,0.002015,0.000231,0.002866,0.002774,0.003309,0.005385,0.002442,-0.000518,0.001132,-0.000564,-0.000852,-0.001830,-0.004483,-0.006560,-0.009819,-0.006793,-0.006098,-0.006041,-0.003028,-0.005568,-0.007379,-0.005503,-0.002506,-0.001904,0.000551,0.006215,0.007539,0.006824,0.004687,0.001789,0.006524,0.003980,0.006094,0.008898,0.011227,0.008786,0.009093,0.009635,0.008837,0.010444,0.020450,0.018651,0.011870,0.013103,0.012723,0.009784,0.003648,0.002586,0.003372,0.000105,0.006325,0.005824,0.004003,0.004191,0.006174,0.005045
0.002481,0.001961,0.001490,0.001079,0.001970,0.000782,0.002666,0.000634,0.000166,0.002530,0.000329,-0.000835,0.000209,-0.000647,-0.001549,-0.002714,-0.004038,-0.005617,-0.005749,-0.006790,-0.006338,-0.003555,-0.003041,-0.003792,-0.003548,-0.003199,-0.001095,-0.001754,0.001710,0.004281,0.005528,0.004532,0.002877,-0.000833,0.001451,0.000940,0.002969,0.004571,0.007047,0.006611,0.007284,0.007514,0.005813,0.006752,0.013500,0.011870,0.013381,0.013439,0.012793,0.007908,0.003401,0.002125,0.002153,0.001584,0.003908,0.003979,0.002098,0.002434,0.003697,0.001714
0.004465,0.004465,0.002488,0.001948,0.003051,0.001714,0.005341,0.004188,0.005110,0.007579,0.003878,0.001066,-0.000138,0.000446,-0.001540,-0.002977,-0.004200,-0.007335,-0.008650,-0.009094,-0.007447,-0.008180,-0.004628,-0.006921,-0.008046,-0.007619,-0.005384,-0.003935,0.001530,0.006776,0.007789,0.006499,0.008218,0.002014,0.002626,0.006049,0.007301,0.009159,0.012653,0.010466,0.010824,0.011082,0.008605,0.012822,0.022386,0.013103,0.013439,0.031868,0.028199,0.008964,0.007817,0.002166,0.003474,0.002891,0.004438,0.007757,0.007565,0.005929,0.007186,0.003620
0.006122,0.006166,0.002371,0.001596,0.002651,0.002345,0.004884,0.005845,0.004089,0.006860,0.004007,0.001292,-0.000772,0.000920,0.000062,-0.000674,-0.003977,-0.005846,-0.006848,-0.006998,-0.004994,-0.005417,-0.002089,-0.005359,-0.008008,-0.009202,-0.006261,-0.004546,-0.000626,0.005295,0.006630,0.006338,0.005560,0.000991,0.002484,0.005814,0.007612,0.008421,0.011970,0.010571,0.011028,0.011366,0.008970,0.011088,0.021163,0.012723,0.012793,0.028199,0.031524,0.012171,0.006791,0.001438,0.002991,0.002330,0.004467,0.005411,0.007014,0.006176,0.005049,0.002661
0.005025,0.003771,0.000857,0.000638,0.001144,0.000810,0.002560,0.001488,0.002015,0.002947,0.000028,-0.001089,0.000684,0.001229,-0.000573,-0.000747,-0.004706,-0.003822,-0.002684,0.000013,-0.001093,-0.001193,0.001421,-0.002836,-0.003585,-0.004208,-0.002050,-0.002915,-0.003179,0.001987,0.003243,0.005650,0.005027,0.003471,0.005296,0.005086,0.004656,0.007782,0.009197,0.005809,0.005972,0.006562,0.005629,0.003446,0.010393,0.009784,0.007908,0.008964,0.012171,0.017563,0.002648,0.000594,0.003524,0.000500,0.004956,0.005117,0.005138,0.003994,0.001005,0.001681
0.002615,0.003797,0.002663,0.001860,0.001976,0.000837,0.003178,0.003566,0.002421,0.003323,0.002182,0.001152,0.001171,0.002551,0.003518,0.002973,-0.000783,-0.000650,-0.000748,0.000538,0.000145,-0.000721,0.000486,-0.000836,-0.004540,-0.004910,-0.003509,-0.003453,-0.002312,0.000399,-0.001606,-0.000002,0.000105,0.000652,0.001168,0.002469,0.002534,0.003770,0.003868,0.002965,0.004393,0.005058,0.002203,0.002688,0.005752,0.003648,0.003401,0.007817,0.006791,0.002648,0.009072,0.003104,0.001674,0.004511,0.002281,0.004120,0.004309,0.002378,0.004450,0.004090
0.003449,0.003692,0.002363,0.001986,0.002210,0.002147,0.002139,0.002625,0.001326,0.001131,0.001006,0.000938,0.000732,0.000753,0.001305,0.000821,-0.001512,-0.000098,-0.001058,0.001017,-0.000608,-0.000584,0.002377,0.000401,-0.003491,-0.003907,-0.002849,-0.001217,-0.001902,0.000758,-0.000313,-0.000487,-0.000030,0.000475,0.001716,0.002666,0.000450,0.004256,0.002852,-0.000113,0.001769,0.003240,0.001422,0.000455,0.003095,0.002586,0.002125,0.002166,0.001438,0.000594,0.003104,0.008444,0.003046,0.004223,0.003503,0.003620,0.001998,0.002920,0.003653,0.001971
0.003700,0.003629,0.002735,0.002454,0.003861,0.001523,0.001450,0.000093,0.000086,-0.000683,-0.001536,-0.002174,0.000898,0.001447,0.000218,0.000961,0.002585,0.001831,0.001177,0.000486,-0.002460,-0.002470,0.002627,-0.002180,-0.005870,-0.005697,-0.004631,-0.002725,-0.003913,-0.000296,0.002609,0.002122,0.001464,0.000046,0.000980,0.001395,0.001954,0.004473,0.004588,0.001975,0.002107,0.003732,0.002278,0.000497,0.001827,0.003372,0.002153,0.003474,0.002991,0.003524,0.001674,0.003046,0.014588,0.004009,0.004246,0.006162,0.006076,0.004593,0.004063,0.002573
0.002256,0.003180,0.004456,0.002614,0.001260,0.002650,0.002924,0.005573,0.003699,0.001127,-0.001181,-0.002592,-0.000508,0.001968,0.000800,0.000600,-0.001097,0.000706,0.000713,0.004789,0.004469,0.000789,0.002017,-0.004427,-0.005500,-0.004893,-0.005196,-0.002859,-0.003341,-0.000550,-0.004035,-0.001642,-0.001569,0.000920,0.001635,0.000747,0.001206,0.004881,0.005737,-0.001147,0.000443,0.000908,-0.002012,-0.001955,0.000542,0.000105,0.001584,0.002891,0.002330,0.000500,0.004511,0.004223,0.004009,0.022435,0.004543,0.008206,0.007156,0.004890,0.007435,0.002427
0.004186,0.005160,0.002637,0.002109,0.002777,0.000044,0.001863,0.002700,0.001327,0.002263,0.003719,0.002961,0.002551,0.003887,0.003122,0.003212,-0.000076,0.001291,0.000722,0.003156,0.000108,-0.003403,-0.001115,-0.002960,-0.004485,-0.006199,-0.003607,-0.003283,-0.005364,-0.002365,-0.000721,0.002772,0.001017,0.000937,0.001534,0.000508,0.002358,0.004400,0.005998,0.000456,0.001516,0.002794,0.001795,0.003732,0.007997,0.006325,0.003908,0.004438,0.004467,0.004956,0.002281,0.003503,0.004246,0.004543,0.017074,0.008515,0.007700,0.006075,0.007364,0.003193
0.007164,0.006788,0.004480,0.004080,0.005657,0.000881,0.003506,0.006322,0.005219,0.002761,0.002138,0.002115,0.002035,0.005968,0.005931,0.006579,0.004034,0.004118,0.003823,0.006914,0.004406,-0.002839,0.001001,-0.003773,-0.007651,-0.009033,-0.010624,-0.009470,-0.008667,-0.002214,-0.004747,-0.001114,0.001032,0.002421,0.004134,0.002301,0.002246,0.008474,0.008261,0.001367,0.002958,0.003821,0.002683,0.003640,0.006854,0.005824,0.003979,0.007757,0.005411,0.005117,0.004120,0.003620,0.006162,0.008206,0.008515,0.022626,0.012125,0.007122,0.009095,0.006574
0.010108,0.007009,0.005643,0.004748,0.006260,0.002539,0.006119,0.007893,0.005384,0.004434,0.003789,0.002024,0.002801,0.006802,0.007516,0.008717,0.005050,0.004103,0.002069,0.003107,0.000686,-0.005913,-0.002540,-0.003277,-0.007554,-0.011281,-0.011303,-0.009635,-0.010893,-0.005036,-0.003888,-0.000072,0.000232,0.002123,0.004829,0.006384,0.005392,0.005635,0.005199,-0.000108,0.001664,0.003256,0.001470,0.001447,0.004939,0.004003,0.002098,0.007565,0.007014,0.005138,0.004309,0.001998,0.006076,0.007156,0.007700,0.012125,0.024736,0.007396,0.008459,0.006034
0.004576,0.003515,0.001895,0.001911,0.003484,0.001003,0.002737,0.003583,0.002572,0.002267,0.000372,-0.002004,-0.000560,0.001273,0.000046,0.001261,-0.000749,0.000002,0.002803,0.004334,0.002497,-0.001050,0.001041,-0.001673,-0.003760,-0.002347,-0.002314,-0.004017,-0.005814,-0.002145,-0.001767,0.000013,0.000857,0.001065,0.002529,0.003178,0.003334,0.004581,0.006032,0.001892,0.001550,0.003671,0.002869,0.002713,0.006102,0.004191,0.002434,0.005929,0.006176,0.003994,0.002378,0.002920,0.004593,0.004890,0.006075,0.007122,0.007396,0.011285,0.007147,0.002881
0.005435,0.004518,0.003913,0.003961,0.005287,0.002323,0.005143,0.005565,0.003200,0.002622,0.001390,-0.000130,-0.001029,0.002703,0.002108,0.001634,-0.000243,-0.000188,-0.002774,-0.000844,-0.000704,-0.004111,-0.000663,-0.000527,-0.005542,-0.007986,-0.008356,-0.006429,-0.005660,-0.003589,-0.002183,0.000600,0.002236,0.002710,0.006863,0.007195,0.005151,0.007979,0.008231,0.002676,0.004832,0.006961,0.003361,0.005610,0.008373,0.006174,0.003697,0.007186,0.005049,0.001005,0.004450,0.003653,0.004063,0.007435,0.007364,0.009095,0.008459,0.007147,0.021180,0.010245
0.005464,0.004562,0.002894,0.003107,0.003197,0.001713,0.004157,0.003548,0.002100,0.001842,0.001452,0.001836,-0.000167,0.002602,0.003801,0.003870,0.001945,0.001703,-0.001295,-0.002487,-0.001261,-0.002515,-0.001186,-0.002229,-0.006840,-0.008759,-0.008308,-0.006962,-0.005821,-0.002148,-0.000454,0.001426,0.000035,0.002096,0.006036,0.005650,0.002950,0.006752,0.006499,0.003443,0.005959,0.005854,0.004003,0.003220,0.005119,0.005045,0.001714,0.003620,0.002661,0.001681,0.004090,0.001971,0.002573,0.002427,0.003193,0.006574,0.006034,0.002881,0.010245,0.014896
