0.441244,-0.026540,0.017738,-0.000679,0.318724,0.000391,-0.001122,-0.012431
-0.026540,18.255152,-0.019346,-0.004247,-28.285269,-0.021666,-0.023399,-0.007748
0.017738,-0.019346,0.481071,0.000116,1.180138,0.002053,0.006332,0.000627
-0.000679,-0.004247,0.000116,0.005600,-0.016175,-0.000147,0.000196,0.000083
0.318724,-28.285269,1.180138,-0.016175,119819.116015,5.870111,-9.437129,4.788119
0.000391,-0.021666,0.002053,-0.000147,5.870111,0.056038,-0.005112,0.003918
-0.001122,-0.023399,0.006332,0.000196,-9.437129,-0.005112,0.436163,-0.038909
-0.012431,-0.007748,0.000627,0.000083,4.788119,0.003918,-0.038909,0.412632
