0.435843,0.016294,0.015519,-0.000113,0.292297,0.000205,-0.001400,-0.014165
0.016294,18.148903,-0.038671,-0.013095,-50.101154,-0.021428,-0.033405,-0.009905
0.015519,-0.038671,0.483898,0.000213,-0.476923,0.000843,0.004195,0.002323
-0.000113,-0.013095,0.000213,0.007663,-0.048353,-0.000099,0.000205,0.000136
0.292297,-50.101154,-0.476923,-0.048353,123075.579161,5.764341,-7.644753,1.386758
0.000205,-0.021428,0.000843,-0.000099,5.764341,0.059856,-0.005532,0.003951
-0.001400,-0.033405,0.004195,0.000205,-7.644753,-0.005532,0.445315,-0.044323
-0.014165,-0.009905,0.002323,0.000136,1.386758,0.003951,-0.044323,0.426959
