0.014149,0.002227,0.002029,0.000229,0.000707,0.004006,0.006631,0.006974,0.001607,0.001131,0.000874,-0.000171,0.009740,-0.003883,0.011464,0.002964,0.002976,-0.001317,-0.000002,0.000196,0.002058,0.003270,0.000604,0.000000,0.000000,0.000030,0.012889,-0.001401,0.000000,0.002469,-0.000876,0.000411,0.001168,0.002118,0.000148,0.002082,0.001739,0.000773,0.006786,0.000731,0.002139
0.002227,0.009681,0.000089,-0.000232,-0.000657,0.002067,-0.003217,-0.004405,0.000035,0.000679,-0.000622,-0.000512,-0.000112,0.003857,0.000690,0.000242,0.003994,0.003286,0.000056,0.000364,0.002232,-0.002860,-0.000555,0.000000,0.000000,-0.000057,-0.000320,-0.000064,0.000000,-0.000428,-0.000640,-0.000127,-0.000430,-0.001966,0.000299,0.000304,0.006906,-0.000963,0.000579,-0.000515,0.002052
0.002029,0.000089,0.007598,0.000001,0.000141,0.001152,0.002121,0.000966,-0.000066,0.000217,0.000045,-0.000219,0.003834,-0.000857,0.001857,0.000105,0.002009,-0.000977,0.000008,0.000026,0.001006,0.002303,0.000170,0.000000,0.000000,0.000020,0.002016,-0.000086,0.000000,0.000093,0.000067,0.001225,0.003235,-0.000657,-0.000066,0.001135,0.000330,-0.000946,0.002612,0.000144,0.002523
0.000229,-0.000232,0.000001,0.001223,0.000405,0.000007,0.000498,0.000386,0.000002,0.000181,0.000375,-0.000123,0.000315,-0.000068,0.000331,-0.000034,-0.000121,-0.000208,0.000188,0.000062,-0.000000,0.000245,0.000056,0.000000,0.000000,0.000405,0.000411,-0.000036,0.000000,0.000356,0.000252,0.000000,0.000141,0.000755,-0.000149,0.000052,-0.000366,0.000397,0.000151,-0.000047,-0.000002
0.000707,-0.000657,0.000141,0.000405,0.001760,0.000357,0.001527,0.000257,0.000361,0.000680,0.001529,-0.000340,0.001476,-0.000515,0.001042,0.000629,-0.000114,-0.000042,0.000007,0.000223,0.000041,0.000158,0.000111,0.000000,0.000000,0.000116,0.000828,0.000002,0.000000,0.001502,0.000768,-0.000048,0.001250,0.002493,0.000185,0.000168,-0.000185,0.002294,0.000730,0.000060,0.000003
0.004006,0.002067,0.001152,0.000007,0.000357,0.005735,0.001285,-0.000605,0.002012,0.000751,0.000273,-0.000036,0.002783,-0.000803,0.003309,0.001258,0.003478,0.002714,0.000000,0.000059,0.002778,-0.001660,0.000119,0.000000,0.000000,-0.000032,0.003049,-0.000056,0.000000,0.000820,0.000092,0.000536,0.000132,-0.000071,-0.000099,-0.000119,0.002909,-0.000549,0.001120,-0.000173,0.003028
0.006631,-0.003217,0.002121,0.000498,0.001527,0.001285,0.016704,0.011528,0.002988,0.001449,0.001893,-0.001278,0.009550,-0.007427,0.007210,0.003206,0.000431,-0.004772,-0.000042,0.000147,-0.000428,0.007201,0.000745,0.000000,0.000000,0.000066,0.007857,-0.000244,0.000000,0.004275,-0.000111,-0.000277,0.005294,0.004945,0.000116,0.002621,-0.001300,0.002893,0.006844,0.001067,0.000080
0.006974,-0.004405,0.000966,0.000386,0.000257,-0.000605,0.011528,0.022746,0.000498,-0.000755,0.000314,0.000227,0.006970,-0.008867,0.006918,0.000588,-0.001241,-0.008711,-0.000057,-0.000407,-0.000803,0.011939,0.001013,0.000000,0.000000,0.000085,0.010107,-0.000891,0.000000,0.001497,-0.002553,0.000233,0.000952,0.001339,-0.004019,0.000996,-0.004956,-0.002149,0.005319,0.001063,-0.000550
0.001607,0.000035,-0.000066,0.000002,0.000361,0.002012,0.002988,0.000498,0.003387,0.001171,0.000344,-0.000365,0.001848,-0.000862,0.001825,0.002261,-0.000268,-0.000377,-0.000000,0.000050,-0.000303,0.000481,0.000095,0.000000,0.000000,-0.000011,0.001437,-0.000021,0.000000,0.001142,-0.000089,0.000022,0.000283,0.000216,0.000485,0.000080,-0.000541,0.000188,0.000969,-0.000124,-0.000106
0.001131,0.000679,0.000217,0.000181,0.000680,0.000751,0.001449,-0.000755,0.001171,0.007473,0.000674,-0.001889,0.003594,0.002362,0.002204,0.005095,0.000746,0.000193,-0.000044,0.000779,-0.000009,-0.000872,0.000038,0.000000,0.000000,-0.000007,0.001274,-0.000076,0.000000,0.004608,0.002944,0.000240,0.001380,0.000631,0.001785,-0.000149,0.000434,0.000240,0.001420,0.000717,0.000125
0.000874,-0.000622,0.000045,0.000375,0.001529,0.000273,0.001893,0.000314,0.000344,0.000674,0.002071,-0.000332,0.001840,-0.000578,0.001289,0.000679,-0.000161,-0.000027,-0.000004,0.000217,0.000002,0.000234,0.000119,0.000000,0.000000,0.000124,0.001060,-0.000006,0.000000,0.001669,0.000905,-0.000045,0.001319,0.003092,0.000201,0.000203,-0.000111,0.003038,0.000974,0.000114,-0.000080
-0.000171,-0.000512,-0.000219,-0.000123,-0.000340,-0.000036,-0.001278,0.000227,-0.000365,-0.001889,-0.000332,0.004585,-0.001330,-0.000942,-0.000724,-0.001671,-0.000624,-0.000151,-0.000020,0.000049,0.000142,0.001727,0.000004,0.000000,0.000000,0.000015,-0.000155,0.000043,0.000000,-0.001593,-0.001391,-0.000249,-0.000681,-0.000559,-0.001183,0.000451,-0.003088,-0.000441,-0.000368,-0.001096,0.000047
0.009740,-0.000112,0.003834,0.000315,0.001476,0.002783,0.009550,0.006970,0.001848,0.003594,0.001840,-0.001330,0.018982,0.003895,0.011288,0.004928,0.002150,-0.002925,-0.000007,0.000157,0.001219,0.006821,0.000593,0.000000,0.000000,0.000048,0.010098,-0.000498,0.000000,0.004693,0.007840,0.000682,0.004710,0.003041,0.000593,0.007226,-0.002213,0.001510,0.014007,0.001255,0.001949
-0.003883,0.003857,-0.000857,-0.000068,-0.000515,-0.000803,-0.007427,-0.008867,-0.000862,0.002362,-0.000578,-0.000942,0.003895,0.025715,0.000145,0.000695,-0.001424,0.003312,0.000158,0.000074,-0.000519,-0.006048,-0.000703,0.000000,0.000000,-0.000088,-0.004184,-0.000468,0.000000,-0.001010,0.015524,-0.000293,-0.000733,-0.002459,0.000645,-0.000743,-0.004388,-0.001943,-0.000899,0.000703,0.000184
0.011464,0.000690,0.001857,0.000331,0.001042,0.003309,0.007210,0.006918,0.001825,0.002204,0.001289,-0.000724,0.011288,0.000145,0.011305,0.003602,0.001765,-0.001524,0.000031,0.000162,0.001325,0.002840,0.000605,0.000000,0.000000,0.000051,0.011517,-0.001471,0.000000,0.003328,0.003538,0.000436,0.001841,0.003188,0.000466,0.001278,-0.000583,0.001766,0.006483,0.000884,0.001770
0.002964,0.000242,0.000105,-0.000034,0.000629,0.001258,0.003206,0.000588,0.002261,0.005095,0.000679,-0.001671,0.004928,0.000695,0.003602,0.007996,-0.000049,-0.000471,-0.000042,0.000434,-0.000137,0.000037,0.000214,0.000000,0.000000,-0.000097,0.002899,0.000084,0.000000,0.004949,0.002043,0.000221,0.001397,0.000779,0.002150,0.000211,-0.000131,0.000647,0.002308,0.001426,-0.000070
0.002976,0.003994,0.002009,-0.000121,-0.000114,0.003478,0.000431,-0.001241,-0.000268,0.000746,-0.000161,-0.000624,0.002150,-0.001424,0.001765,-0.000049,0.010027,0.003310,-0.000015,0.000408,0.004342,-0.001435,-0.000082,0.000000,0.000000,-0.000045,0.001800,0.000147,0.000000,0.001260,-0.000884,0.000165,0.001611,-0.000624,-0.000179,0.000710,0.008185,-0.000609,0.001834,-0.000017,0.003279
-0.001317,0.003286,-0.000977,-0.000208,-0.000042,0.002714,-0.004772,-0.008711,-0.000377,0.000193,-0.000027,-0.000151,-0.002925,0.003312,-0.001524,-0.000471,0.003310,0.006864,0.000005,0.000208,0.002656,-0.008049,-0.000400,0.000000,0.000000,-0.000030,-0.002626,0.000152,0.000000,-0.000341,0.001022,-0.000197,-0.000869,0.000418,0.001781,-0.001915,0.005518,0.002122,-0.003436,-0.000417,0.002303
-0.000002,0.000056,0.000008,0.000188,0.000007,0.000000,-0.000042,-0.000057,-0.000000,-0.000044,-0.000004,-0.000020,-0.000007,0.000158,0.000031,-0.000042,-0.000015,0.000005,0.000283,-0.000000,0.000000,-0.000025,-0.000003,0.000000,0.000000,-0.000000,0.000001,-0.000011,0.000000,0.000016,0.000084,-0.000000,-0.000025,0.000047,0.000229,-0.000036,-0.000001,0.000130,-0.000032,0.000000,0.000006
0.000196,0.000364,0.000026,0.000062,0.000223,0.000059,0.000147,-0.000407,0.000050,0.000779,0.000217,0.000049,0.000157,0.000074,0.000162,0.000434,0.000408,0.000208,-0.000000,0.001796,0.000073,-0.000240,-0.000010,0.000000,0.000000,0.000015,0.000207,0.000003,0.000000,0.001509,-0.000124,-0.000000,0.000147,0.000348,-0.000049,0.000029,0.000476,0.000440,0.000094,-0.000027,0.000017
0.002058,0.002232,0.001006,-0.000000,0.000041,0.002778,-0.000428,-0.000803,-0.000303,-0.000009,0.000002,0.000142,0.001219,-0.000519,0.001325,-0.000137,0.004342,0.002656,0.000000,0.000073,0.005770,-0.001343,-0.000055,0.000000,0.000000,0.000000,0.001171,-0.000120,0.000000,0.000169,-0.000263,-0.000015,-0.000022,-0.000218,-0.000167,0.000152,0.003947,-0.000439,0.000700,-0.000105,0.002381
0.003270,-0.002860,0.002303,0.000245,0.000158,-0.001660,0.007201,0.011939,0.000481,-0.000872,0.000234,0.001727,0.006821,-0.006048,0.002840,0.000037,-0.001435,-0.008049,-0.000025,-0.000240,-0.001343,0.015101,0.000527,0.000000,0.000000,0.000015,0.004337,0.000184,0.000000,0.000656,-0.002401,0.000332,0.001897,0.000405,-0.002607,0.005871,-0.007415,-0.000944,0.008813,-0.000036,-0.001397
0.000604,-0.000555,0.000170,0.000056,0.000111,0.000119,0.000745,0.001013,0.000095,0.000038,0.000119,0.000004,0.000593,-0.000703,0.000605,0.000214,-0.000082,-0.000400,-0.000003,-0.000010,-0.000055,0.000527,0.000132,0.000000,0.000000,0.000018,0.000854,-0.000025,0.000000,0.000246,-0.000147,0.000169,0.000103,0.000347,-0.000049,0.000075,-0.000345,0.000182,0.000359,0.000068,0.000038
0.000000,0.000000,0.000000,0.000000,0.000000,0.000000,0.000000,0.000000,0.000000,0.000000,0.000000,0.000000,0.000000,0.000000,0.000000,0.000000,0.000000,0.000000,0.000000,0.000000,0.000000,0.000000,0.000000,0.000000,0.000000,0.000000,0.000000,0.000000,0.000000,0.000000,0.000000,0.000000,0.000000,0.000000,0.000000,0.000000,0.000000,0.000000,0.000000,0.000000,0.000000
0.000000,0.000000,0.000000,0.000000,0.000000,0.000000,0.000000,0.000000,0.000000,0.000000,0.000000,0.000000,0.000000,0.000000,0.000000,0.000000,0.000000,0.000000,0.000000,0.000000,0.000000,0.000000,0.000000,0.000000,0.000000,0.000000,0.000000,0.000000,0.000000,0.000000,0.000000,0.000000,0.000000,0.000000,0.000000,0.000000,0.000000,0.000000,0.000000,0.000000,0.000000
0.000030,-0.000057,0.000020,0.000405,0.000116,-0.000032,0.000066,0.000085,-0.000011,-0.000007,0.000124,0.000015,0.000048,-0.000088,0.000051,-0.000097,-0.000045,-0.000030,-0.000000,0.000015,0.000000,0.000015,0.000018,0.000000,0.000000,0.000673,0.000149,-0.000002,0.000000,-0.000040,0.000024,0.000009,-0.000011,0.000271,-0.000023,0.000042,-0.000033,0.000087,0.000050,-0.000015,0.000005
0.012889,-0.000320,0.002016,0.000411,0.000828,0.003049,0.007857,0.010107,0.001437,0.001274,0.001060,-0.000155,0.010098,-0.004184,0.011517,0.002899,0.001800,-0.002626,0.000001,0.000207,0.001171,0.004337,0.000854,0.000000,0.000000,0.000149,0.013982,-0.001679,0.000000,0.003114,-0.000494,0.000614,0.001260,0.003146,-0.000159,0.001486,-0.000803,0.001631,0.006470,0.000956,0.001734
-0.001401,-0.000064,-0.000086,-0.000036,0.000002,-0.000056,-0.000244,-0.000891,-0.000021,-0.000076,-0.000006,0.000043,-0.000498,-0.000468,-0.001471,0.000084,0.000147,0.000152,-0.000011,0.000003,-0.000120,0.000184,-0.000025,0.000000,0.000000,-0.000002,-0.001679,0.005593,0.000000,-0.000139,-0.000164,-0.000015,0.000020,-0.000050,-0.000091,0.000370,0.000170,0.000010,-0.000153,-0.000029,-0.000072
0.000000,0.000000,0.000000,0.000000,0.000000,0.000000,0.000000,0.000000,0.000000,0.000000,0.000000,0.000000,0.000000,0.000000,0.000000,0.000000,0.000000,0.000000,0.000000,0.000000,0.000000,0.000000,0.000000,0.000000,0.000000,0.000000,0.000000,0.000000,0.000000,0.000000,0.000000,0.000000,0.000000,0.000000,0.000000,0.000000,0.000000,0.000000,0.000000,0.000000,0.000000
0.002469,-0.000428,0.000093,0.000356,0.001502,0.000820,0.004275,0.001497,0.001142,0.004608,0.001669,-0.001593,0.004693,-0.001010,0.003328,0.004949,0.001260,-0.000341,0.000016,0.001509,0.000169,0.000656,0.000246,0.000000,0.000000,-0.000040,0.003114,-0.000139,0.000000,0.009978,0.001468,0.000355,0.002059,0.004537,0.001017,0.000611,0.001004,0.004324,0.002493,0.000713,-0.000109
-0.000876,-0.000640,0.000067,0.000252,0.000768,0.000092,-0.000111,-0.002553,-0.000089,0.002944,0.000905,-0.001391,0.007840,0.015524,0.003538,0.002043,-0.000884,0.001022,0.000084,-0.000124,-0.000263,-0.002401,-0.000147,0.000000,0.000000,0.000024,-0.000494,-0.000164,0.000000,0.001468,0.015748,-0.000083,0.001656,0.001379,0.000979,-0.000891,-0.003902,0.000743,0.001693,0.000951,0.000319
0.000411,-0.000127,0.001225,0.000000,-0.000048,0.000536,-0.000277,0.000233,0.000022,0.000240,-0.000045,-0.000249,0.000682,-0.000293,0.000436,0.000221,0.000165,-0.000197,-0.000000,-0.000000,-0.000015,0.000332,0.000169,0.000000,0.000000,0.000009,0.000614,-0.000015,0.000000,0.000355,-0.000083,0.002186,-0.000019,-0.000289,0.000134,0.000204,0.000354,-0.000198,0.000461,-0.000094,0.000463
0.001168,-0.000430,0.003235,0.000141,0.001250,0.000132,0.005294,0.000952,0.000283,0.001380,0.001319,-0.000681,0.004710,-0.000733,0.001841,0.001397,0.001611,-0.000869,-0.000025,0.000147,-0.000022,0.001897,0.000103,0.000000,0.000000,-0.000011,0.001260,0.000020,0.000000,0.002059,0.001656,-0.000019,0.007930,0.002645,0.001258,0.002251,0.000835,0.002054,0.003719,0.000258,0.000930
0.002118,-0.001966,-0.000657,0.000755,0.002493,-0.000071,0.004945,0.001339,0.000216,0.000631,0.003092,-0.000559,0.003041,-0.002459,0.003188,0.000779,-0.000624,0.000418,0.000047,0.000348,-0.000218,0.000405,0.000347,0.000000,0.000000,0.000271,0.003146,-0.000050,0.000000,0.004537,0.001379,-0.000289,0.002645,0.015640,0.001815,-0.000925,-0.000263,0.013450,0.000756,-0.000217,-0.000404
0.000148,0.000299,-0.000066,-0.000149,0.000185,-0.000099,0.000116,-0.004019,0.000485,0.001785,0.000201,-0.001183,0.000593,0.000645,0.000466,0.002150,-0.000179,0.001781,0.000229,-0.000049,-0.000167,-0.002607,-0.000049,0.000000,0.000000,-0.000023,-0.000159,-0.000091,0.000000,0.001017,0.000979,0.000134,0.001258,0.001815,0.014889,-0.000374,0.002378,0.005831,0.000080,-0.000104,-0.000045
0.002082,0.000304,0.001135,0.000052,0.000168,-0.000119,0.002621,0.000996,0.000080,-0.000149,0.000203,0.000451,0.007226,-0.000743,0.001278,0.000211,0.000710,-0.001915,-0.000036,0.000029,0.000152,0.005871,0.000075,0.000000,0.000000,0.000042,0.001486,0.000370,0.000000,0.000611,-0.000891,0.000204,0.002251,-0.000925,-0.000374,0.012454,-0.001532,-0.001214,0.011549,-0.000185,0.000219
0.001739,0.006906,0.000330,-0.000366,-0.000185,0.002909,-0.001300,-0.004956,-0.000541,0.000434,-0.000111,-0.003088,-0.002213,-0.004388,-0.000583,-0.000131,0.008185,0.005518,-0.000001,0.000476,0.003947,-0.007415,-0.000345,0.000000,0.000000,-0.000033,-0.000803,0.000170,0.000000,0.001004,-0.003902,0.000354,0.000835,-0.000263,0.002378,-0.001532,0.020497,0.001315,-0.000699,0.000054,0.002849
0.000773,-0.000963,-0.000946,0.000397,0.002294,-0.000549,0.002893,-0.002149,0.000188,0.000240,0.003038,-0.000441,0.001510,-0.001943,0.001766,0.000647,-0.000609,0.002122,0.000130,0.000440,-0.000439,-0.000944,0.000182,0.000000,0.000000,0.000087,0.001631,0.000010,0.000000,0.004324,0.000743,-0.000198,0.002054,0.013450,0.005831,-0.001214,0.001315,0.018157,0.000004,-0.000473,-0.000516
0.006786,0.000579,0.002612,0.000151,0.000730,0.001120,0.006844,0.005319,0.000969,0.001420,0.000974,-0.000368,0.014007,-0.000899,0.006483,0.002308,0.001834,-0.003436,-0.000032,0.000094,0.000700,0.008813,0.000359,0.000000,0.000000,0.000050,0.006470,-0.000153,0.000000,0.002493,0.001693,0.000461,0.003719,0.000756,0.000080,0.011549,-0.000699,0.000004,0.015510,0.000385,0.000872
0.000731,-0.000515,0.000144,-0.000047,0.000060,-0.000173,0.001067,0.001063,-0.000124,0.000717,0.000114,-0.001096,0.001255,0.000703,0.000884,0.001426,-0.000017,-0.000417,0.000000,-0.000027,-0.000105,-0.000036,0.000068,0.000000,0.000000,-0.000015,0.000956,-0.000029,0.000000,0.000713,0.000951,-0.000094,0.000258,-0.000217,-0.000104,-0.000185,0.000054,-0.000473,0.000385,0.004746,0.000005
0.002139,0.002052,0.002523,-0.000002,0.000003,0.003028,0.000080,-0.000550,-0.000106,0.000125,-0.000080,0.000047,0.001949,0.000184,0.001770,-0.000070,0.003279,0.002303,0.000006,0.000017,0.002381,-0.001397,0.000038,0.000000,0.000000,0.000005,0.001734,-0.000072,0.000000,-0.000109,0.000319,0.000463,0.000930,-0.000404,-0.000045,0.000219,0.002849,-0.000516,0.000872,0.000005,0.003597
