0.013620,0.002174,0.001794,0.000312,0.000752,0.004179,0.006227,0.006435,0.001664,0.001198,0.000982,-0.000803,0.009113,-0.003982,0.010894,0.002963,0.003020,-0.001075,0.000005,0.000226,0.001448,0.002902,0.000718,0.000000,0.000000,0.000023,0.012334,-0.000512,0.000000,0.002327,-0.000987,0.000612,0.000989,0.001855,0.000013,0.001947,0.002241,0.000712,0.006347,0.000851,0.002101
0.002174,0.009273,-0.000293,-0.000237,-0.000786,0.002469,-0.003052,-0.004682,0.000635,0.000517,-0.000687,-0.001315,-0.000426,0.003415,0.000666,0.000403,0.003974,0.003429,0.000056,0.000358,0.001364,-0.003221,-0.000769,0.000000,0.000000,-0.000057,-0.000350,-0.000248,0.000000,-0.000538,-0.000628,-0.000193,-0.000393,-0.002430,0.000283,-0.000099,0.007143,-0.001390,0.000180,-0.000471,0.001979
0.001794,-0.000293,0.006967,0.000022,0.000047,0.001045,0.002676,0.001384,-0.000031,0.000068,-0.000008,-0.000155,0.003475,-0.001486,0.001670,-0.000024,0.001984,-0.001141,0.000005,0.000002,0.000517,0.002403,0.000204,0.000000,0.000000,0.000020,0.001960,0.000113,0.000000,0.000280,-0.000164,0.001483,0.003739,-0.000761,0.000048,0.001166,0.000267,-0.001065,0.002459,0.000160,0.002390
0.000312,-0.000237,0.000022,0.001349,0.000419,0.000034,0.000586,0.000386,0.000025,0.000139,0.000360,-0.000129,0.000383,-0.000094,0.000395,-0.000036,-0.000077,-0.000201,0.000192,0.000073,-0.000000,0.000268,0.000063,0.000000,0.000000,0.000352,0.000510,0.000031,0.000000,0.000342,0.000235,-0.000000,0.000150,0.000762,-0.000165,0.000077,-0.000327,0.000418,0.000211,-0.000044,-0.000019
0.000752,-0.000786,0.000047,0.000419,0.002911,0.000367,0.002041,0.000530,0.000365,0.000619,0.002721,-0.000385,0.001816,-0.000456,0.001252,0.000465,-0.000253,-0.000133,0.000006,0.000229,0.000043,0.000378,0.001292,0.000000,0.000000,0.000417,0.000993,-0.000003,0.000000,0.001331,0.000724,-0.000028,0.001173,0.003540,0.000005,0.000391,-0.000356,0.003243,0.000972,0.000055,-0.000136
0.004179,0.002469,0.001045,0.000034,0.000367,0.005481,-0.000104,-0.000840,0.001277,0.000053,0.000302,-0.000645,0.002321,-0.000370,0.003202,0.000464,0.003621,0.002951,-0.000000,0.000059,0.001842,-0.002033,0.000082,0.000000,0.000000,-0.000054,0.003106,0.000030,0.000000,0.000041,0.000227,0.000684,-0.000132,-0.000455,-0.000602,-0.000186,0.003127,-0.000826,0.000845,-0.000237,0.003037
0.006227,-0.003052,0.002676,0.000586,0.002041,-0.000104,0.015171,0.011339,0.001110,0.000880,0.002277,-0.001049,0.009331,-0.006915,0.006695,0.002149,0.000221,-0.004741,-0.000037,0.000177,-0.000280,0.007258,0.001213,0.000000,0.000000,0.000098,0.007663,0.000044,0.000000,0.004118,-0.000208,-0.000294,0.005135,0.006145,-0.000201,0.003092,-0.001256,0.003905,0.007030,0.001262,0.000101
0.006435,-0.004682,0.001384,0.000386,0.000530,-0.000840,0.011339,0.022355,0.000247,-0.000887,0.000446,0.000267,0.007122,-0.008485,0.006509,0.000495,-0.001351,-0.008476,-0.000041,-0.000404,-0.000507,0.011635,0.001396,0.000000,0.000000,0.000122,0.009803,-0.000250,0.000000,0.001537,-0.002563,0.000327,0.000817,0.001894,-0.004128,0.001515,-0.005208,-0.002053,0.005611,0.001236,-0.000570
0.001664,0.000635,-0.000031,0.000025,0.000365,0.001277,0.001110,0.000247,0.002215,0.000547,0.000361,-0.000161,0.001211,-0.000335,0.001566,0.001406,-0.000221,-0.000235,0.000000,0.000034,-0.000216,0.000384,0.000042,0.000000,0.000000,-0.000010,0.001397,-0.000035,0.000000,0.000499,-0.000157,-0.000015,-0.000047,0.000132,0.000036,0.000005,-0.000536,0.000147,0.000637,-0.000050,-0.000089
0.001198,0.000517,0.000068,0.000139,0.000619,0.000053,0.000880,-0.000887,0.000547,0.007260,0.000932,-0.001817,0.003317,0.002174,0.002128,0.004463,0.000399,0.000148,-0.000047,0.000724,-0.000095,-0.000928,0.000043,0.000000,0.000000,-0.000011,0.001407,0.000134,0.000000,0.004452,0.002569,0.000218,0.001201,0.001265,0.002579,-0.000001,0.000337,0.001198,0.001321,0.001044,-0.000062
0.000982,-0.000687,-0.000008,0.000360,0.002721,0.000302,0.002277,0.000446,0.000361,0.000932,0.003596,-0.000320,0.002271,-0.000499,0.001567,0.000701,-0.000307,-0.000050,-0.000006,0.000222,0.000024,0.000371,0.001293,0.000000,0.000000,0.000411,0.001308,0.000017,0.000000,0.001556,0.000805,-0.000041,0.001275,0.004058,0.000080,0.000443,-0.000360,0.004375,0.001240,0.000103,-0.000162
-0.000803,-0.001315,-0.000155,-0.000129,-0.000385,-0.000645,-0.001049,0.000267,-0.000161,-0.001817,-0.000320,0.005997,-0.001558,-0.000706,-0.001085,-0.001582,-0.001853,-0.000866,-0.000021,0.000109,-0.000265,0.002373,0.000045,0.000000,0.000000,0.000018,-0.000649,0.000068,0.000000,-0.001805,-0.001165,-0.000196,-0.000548,-0.000512,-0.000713,0.000328,-0.004803,-0.000386,-0.000565,-0.001329,-0.000608
0.009113,-0.000426,0.003475,0.000383,0.001816,0.002321,0.009331,0.007122,0.001211,0.003317,0.002271,-0.001558,0.018087,0.003320,0.010707,0.004469,0.002058,-0.002827,0.000017,0.000196,0.000739,0.006685,0.001066,0.000000,0.000000,0.000096,0.009732,0.000513,0.000000,0.004300,0.007381,0.000842,0.004540,0.003938,0.000171,0.006708,-0.001816,0.002534,0.013163,0.001519,0.001790
-0.003982,0.003415,-0.001486,-0.000094,-0.000456,-0.000370,-0.006915,-0.008485,-0.000335,0.002174,-0.000499,-0.000706,0.003320,0.024936,0.000162,0.000970,-0.001436,0.003404,0.000165,0.000055,-0.000476,-0.006197,-0.000671,0.000000,0.000000,-0.000099,-0.004200,-0.000115,0.000000,-0.001494,0.015227,-0.000276,-0.000811,-0.002435,-0.000013,-0.001830,-0.004478,-0.002103,-0.001747,0.000969,0.000194
0.010894,0.000666,0.001670,0.000395,0.001252,0.003202,0.006695,0.006509,0.001566,0.002128,0.001567,-0.001085,0.010707,0.000162,0.010724,0.003393,0.001805,-0.001318,0.000040,0.000183,0.000874,0.002661,0.000887,0.000000,0.000000,0.000072,0.010990,-0.000540,0.000000,0.003088,0.003372,0.000560,0.001642,0.003428,0.000132,0.001237,-0.000321,0.002112,0.006134,0.001056,0.001684
0.002963,0.000403,-0.000024,-0.000036,0.000465,0.000464,0.002149,0.000495,0.001406,0.004463,0.000701,-0.001582,0.004469,0.000970,0.003393,0.007350,-0.000383,-0.000533,-0.000045,0.000429,-0.000122,0.000064,0.000184,0.000000,0.000000,-0.000096,0.002926,0.000128,0.000000,0.004531,0.001789,0.000052,0.000948,0.000949,0.002355,0.000283,-0.000283,0.001137,0.002124,0.001951,-0.000232
0.003020,0.003974,0.001984,-0.000077,-0.000253,0.003621,0.000221,-0.001351,-0.000221,0.000399,-0.000307,-0.001853,0.002058,-0.001436,0.001805,-0.000383,0.009982,0.003255,-0.000016,0.000384,0.003112,-0.001528,-0.000174,0.000000,0.000000,-0.000064,0.001882,-0.000150,0.000000,0.001076,-0.000793,0.000181,0.001542,-0.000950,0.000066,0.000725,0.008320,-0.000661,0.001749,-0.000125,0.003398
-0.001075,0.003429,-0.001141,-0.000201,-0.000133,0.002951,-0.004741,-0.008476,-0.000235,0.000148,-0.000050,-0.000866,-0.002827,0.003404,-0.001318,-0.000533,0.003255,0.006809,0.000001,0.000204,0.001812,-0.008128,-0.000538,0.000000,0.000000,-0.000039,-0.002430,-0.000102,0.000000,-0.000492,0.001215,-0.000266,-0.000872,0.000075,0.001455,-0.002046,0.005668,0.001848,-0.003441,-0.000485,0.002389
0.000005,0.000056,0.000005,0.000192,0.000006,-0.000000,-0.000037,-0.000041,0.000000,-0.000047,-0.000006,-0.000021,0.000017,0.000165,0.000040,-0.000045,-0.000016,0.000001,0.000289,0.000000,0.000000,-0.000020,-0.000002,0.000000,0.000000,0.000000,0.000015,0.000011,0.000000,0.000017,0.000089,0.000000,-0.000022,0.000050,0.000247,-0.000037,0.000009,0.000134,-0.000016,-0.000000,0.000004
0.000226,0.000358,0.000002,0.000073,0.000229,0.000059,0.000177,-0.000404,0.000034,0.000724,0.000222,0.000109,0.000196,0.000055,0.000183,0.000429,0.000384,0.000204,0.000000,0.001906,0.000073,-0.000203,-0.000008,0.000000,0.000000,0.000015,0.000231,0.000002,0.000000,0.001551,-0.000124,-0.000000,0.000211,0.000373,0.000024,0.000048,0.000442,0.000481,0.000123,-0.000027,0.000006
0.001448,0.001364,0.000517,-0.000000,0.000043,0.001842,-0.000280,-0.000507,-0.000216,-0.000095,0.000024,-0.000265,0.000739,-0.000476,0.000874,-0.000122,0.003112,0.001812,0.000000,0.000073,0.003469,-0.000920,-0.000047,0.000000,0.000000,0.000000,0.000807,-0.000045,0.000000,-0.000001,-0.000232,-0.000029,-0.000006,-0.000257,-0.000166,0.000114,0.002926,-0.000386,0.000439,-0.000093,0.001469
0.002902,-0.003221,0.002403,0.000268,0.000378,-0.002033,0.007258,0.011635,0.000384,-0.000928,0.000371,0.002373,0.006685,-0.006197,0.002661,0.000064,-0.001528,-0.008128,-0.000020,-0.000203,-0.000920,0.015432,0.000817,0.000000,0.000000,0.000052,0.004079,0.000435,0.000000,0.000556,-0.002523,0.000473,0.002015,0.001020,-0.002391,0.005989,-0.007618,-0.000446,0.008673,-0.000096,-0.001566
0.000718,-0.000769,0.000204,0.000063,0.001292,0.000082,0.001213,0.001396,0.000042,0.000043,0.001293,0.000045,0.001066,-0.000671,0.000887,0.000184,-0.000174,-0.000538,-0.000002,-0.000008,-0.000047,0.000817,0.001432,0.000000,0.000000,0.000357,0.001150,-0.000001,0.000000,0.000260,-0.000239,0.000232,-0.000058,0.001446,-0.000050,0.000405,-0.000482,0.001400,0.000723,0.000055,-0.000063
0.000000,0.000000,0.000000,0.000000,0.000000,0.000000,0.000000,0.000000,0.000000,0.000000,0.000000,0.000000,0.000000,0.000000,0.000000,0.000000,0.000000,0.000000,0.000000,0.000000,0.000000,0.000000,0.000000,0.000000,0.000000,0.000000,0.000000,0.000000,0.000000,0.000000,0.000000,0.000000,0.000000,0.000000,0.000000,0.000000,0.000000,0.000000,0.000000,0.000000,0.000000
0.000000,0.000000,0.000000,0.000000,0.000000,0.000000,0.000000,0.000000,0.000000,0.000000,0.000000,0.000000,0.000000,0.000000,0.000000,0.000000,0.000000,0.000000,0.000000,0.000000,0.000000,0.000000,0.000000,0.000000,0.000000,0.000000,0.000000,0.000000,0.000000,0.000000,0.000000,0.000000,0.000000,0.000000,0.000000,0.000000,0.000000,0.000000,0.000000,0.000000,0.000000
0.000023,-0.000057,0.000020,0.000352,0.000417,-0.000054,0.000098,0.000122,-0.000010,-0.000011,0.000411,0.000018,0.000096,-0.000099,0.000072,-0.000096,-0.000064,-0.000039,0.000000,0.000015,0.000000,0.000052,0.000357,0.000000,0.000000,0.000762,0.000171,0.000009,0.000000,-0.000032,-0.000042,0.000014,-0.000063,0.000415,0.000044,0.000123,-0.000008,0.000385,0.000112,-0.000022,-0.000014
0.012334,-0.000350,0.001960,0.000510,0.000993,0.003106,0.007663,0.009803,0.001397,0.001407,0.001308,-0.000649,0.009732,-0.004200,0.010990,0.002926,0.001882,-0.002430,0.000015,0.000231,0.000807,0.004079,0.001150,0.000000,0.000000,0.000171,0.013531,-0.000647,0.000000,0.003174,-0.000634,0.000819,0.001114,0.003270,-0.000364,0.001506,-0.000321,0.001875,0.006272,0.001153,0.001698
-0.000512,-0.000248,0.000113,0.000031,-0.000003,0.000030,0.000044,-0.000250,-0.000035,0.000134,0.000017,0.000068,0.000513,-0.000115,-0.000540,0.000128,-0.000150,-0.000102,0.000011,0.000002,-0.000045,0.000435,-0.000001,0.000000,0.000000,0.000009,-0.000647,0.004716,0.000000,0.000192,0.000055,-0.000020,0.000003,0.000037,-0.000238,0.000428,-0.000598,-0.000103,0.000269,0.000005,-0.000001
0.000000,0.000000,0.000000,0.000000,0.000000,0.000000,0.000000,0.000000,0.000000,0.000000,0.000000,0.000000,0.000000,0.000000,0.000000,0.000000,0.000000,0.000000,0.000000,0.000000,0.000000,0.000000,0.000000,0.000000,0.000000,0.000000,0.000000,0.000000,0.000000,0.000000,0.000000,0.000000,0.000000,0.000000,0.000000,0.000000,0.000000,0.000000,0.000000,0.000000,0.000000
0.002327,-0.000538,0.000280,0.000342,0.001331,0.000041,0.004118,0.001537,0.000499,0.004452,0.001556,-0.001805,0.004300,-0.001494,0.003088,0.004531,0.001076,-0.000492,0.000017,0.001551,-0.000001,0.000556,0.000260,0.000000,0.000000,-0.000032,0.003174,0.000192,0.000000,0.009918,0.000913,0.000301,0.002068,0.005133,0.001809,0.000661,0.001354,0.004949,0.002419,0.001105,-0.000301
-0.000987,-0.000628,-0.000164,0.000235,0.000724,0.000227,-0.000208,-0.002563,-0.000157,0.002569,0.000805,-0.001165,0.007381,0.015227,0.003372,0.001789,-0.000793,0.001215,0.000089,-0.000124,-0.000232,-0.002523,-0.000239,0.000000,0.000000,-0.000042,-0.000634,0.000055,0.000000,0.000913,0.015326,-0.000058,0.001510,0.001541,0.000358,-0.001238,-0.003917,0.000691,0.001279,0.000936,0.000453
0.000612,-0.000193,0.001483,-0.000000,-0.000028,0.000684,-0.000294,0.000327,-0.000015,0.000218,-0.000041,-0.000196,0.000842,-0.000276,0.000560,0.000052,0.000181,-0.000266,0.000000,-0.000000,-0.000029,0.000473,0.000232,0.000000,0.000000,0.000014,0.000819,-0.000020,0.000000,0.000301,-0.000058,0.002615,-0.000025,-0.000270,0.000149,0.000220,0.000322,-0.000178,0.000545,-0.000104,0.000546
0.000989,-0.000393,0.003739,0.000150,0.001173,-0.000132,0.005135,0.000817,-0.000047,0.001201,0.001275,-0.000548,0.004540,-0.000811,0.001642,0.000948,0.001542,-0.000872,-0.000022,0.000211,-0.000006,0.002015,-0.000058,0.000000,0.000000,-0.000063,0.001114,0.000003,0.000000,0.002068,0.001510,-0.000025,0.008141,0.002886,0.001271,0.002161,0.000742,0.002231,0.003637,0.000261,0.001132
0.001855,-0.002430,-0.000761,0.000762,0.003540,-0.000455,0.006145,0.001894,0.000132,0.001265,0.004058,-0.000512,0.003938,-0.002435,0.003428,0.000949,-0.000950,0.000075,0.000050,0.000373,-0.000257,0.001020,0.001446,0.000000,0.000000,0.000415,0.003270,0.000037,0.000000,0.005133,0.001541,-0.000270,0.002886,0.017532,0.001778,-0.000319,-0.000488,0.015057,0.001579,-0.000390,-0.000774
0.000013,0.000283,0.000048,-0.000165,0.000005,-0.000602,-0.000201,-0.004128,0.000036,0.002579,0.000080,-0.000713,0.000171,-0.000013,0.000132,0.002355,0.000066,0.001455,0.000247,0.000024,-0.000166,-0.002391,-0.000050,0.000000,0.000000,0.000044,-0.000364,-0.000238,0.000000,0.001809,0.000358,0.000149,0.001271,0.001778,0.014229,0.000088,0.002734,0.005171,0.000158,-0.000102,-0.000270
0.001947,-0.000099,0.001166,0.000077,0.000391,-0.000186,0.003092,0.001515,0.000005,-0.000001,0.000443,0.000328,0.006708,-0.001830,0.001237,0.000283,0.000725,-0.002046,-0.000037,0.000048,0.000114,0.005989,0.000405,0.000000,0.000000,0.000123,0.001506,0.000428,0.000000,0.000661,-0.001238,0.000220,0.002161,-0.000319,0.000088,0.011199,-0.000804,-0.000245,0.010585,-0.000187,0.000044
0.002241,0.007143,0.000267,-0.000327,-0.000356,0.003127,-0.001256,-0.005208,-0.000536,0.000337,-0.000360,-0.004803,-0.001816,-0.004478,-0.000321,-0.000283,0.008320,0.005668,0.000009,0.000442,0.002926,-0.007618,-0.000482,0.000000,0.000000,-0.000008,-0.000321,-0.000598,0.000000,0.001354,-0.003917,0.000322,0.000742,-0.000488,0.002734,-0.000804,0.020939,0.001313,-0.000124,0.000127,0.003044
0.000712,-0.001390,-0.001065,0.000418,0.003243,-0.000826,0.003905,-0.002053,0.000147,0.001198,0.004375,-0.000386,0.002534,-0.002103,0.002112,0.001137,-0.000661,0.001848,0.000134,0.000481,-0.000386,-0.000446,0.001400,0.000000,0.000000,0.000385,0.001875,-0.000103,0.000000,0.004949,0.000691,-0.000178,0.002231,0.015057,0.005171,-0.000245,0.001313,0.019637,0.001055,-0.000683,-0.000772
0.006347,0.000180,0.002459,0.000211,0.000972,0.000845,0.007030,0.005611,0.000637,0.001321,0.001240,-0.000565,0.013163,-0.001747,0.006134,0.002124,0.001749,-0.003441,-0.000016,0.000123,0.000439,0.008673,0.000723,0.000000,0.000000,0.000112,0.006272,0.000269,0.000000,0.002419,0.001279,0.000545,0.003637,0.001579,0.000158,0.010585,-0.000124,0.001055,0.014397,0.000479,0.000691
0.000851,-0.000471,0.000160,-0.000044,0.000055,-0.000237,0.001262,0.001236,-0.000050,0.001044,0.000103,-0.001329,0.001519,0.000969,0.001056,0.001951,-0.000125,-0.000485,-0.000000,-0.000027,-0.000093,-0.000096,0.000055,0.000000,0.000000,-0.000022,0.001153,0.000005,0.000000,0.001105,0.000936,-0.000104,0.000261,-0.000390,-0.000102,-0.000187,0.000127,-0.000683,0.000479,0.006093,0.000014
0.002101,0.001979,0.002390,-0.000019,-0.000136,0.003037,0.000101,-0.000570,-0.000089,-0.000062,-0.000162,-0.000608,0.001790,0.000194,0.001684,-0.000232,0.003398,0.002389,0.000004,0.000006,0.001469,-0.001566,-0.000063,0.000000,0.000000,-0.000014,0.001698,-0.000001,0.000000,-0.000301,0.000453,0.000546,0.001132,-0.000774,-0.000270,0.000044,0.003044,-0.000772,0.000691,0.000014,0.003513
