0.013821,0.002537,0.001964,0.000235,0.000672,0.004327,0.005831,0.006463,0.001858,0.001178,0.000875,-0.000680,0.009336,-0.003213,0.011316,0.003053,0.003176,-0.001069,0.000000,0.000236,0.001884,0.002745,0.000712,0.000000,0.000000,-0.000001,0.012814,-0.000472,0.000000,0.002487,-0.000611,0.000625,0.001033,0.001852,0.000454,0.001391,0.002131,0.000958,0.006185,0.000690,0.002114
0.002537,0.009613,0.000050,-0.000069,-0.000621,0.002442,-0.002806,-0.004474,0.000376,0.000520,-0.000500,-0.001520,0.000125,0.003678,0.000985,0.000390,0.003991,0.003335,0.000000,0.000337,0.002402,-0.002761,-0.000737,0.000000,0.000000,-0.000064,0.000043,0.000005,0.000000,-0.000098,-0.000556,-0.000172,-0.000199,-0.001826,0.000135,0.000423,0.007014,-0.000715,0.000858,-0.000342,0.002202
0.001964,0.000050,0.006986,-0.000015,-0.000003,0.001254,0.001575,0.000983,-0.000047,0.000116,-0.000115,-0.000076,0.003308,-0.000866,0.001731,0.000023,0.001922,-0.000927,0.000000,0.000064,0.000621,0.002007,0.000202,0.000000,0.000000,0.000002,0.002074,0.000102,0.000000,0.000008,-0.000248,0.001636,0.002718,-0.000706,0.000081,0.000665,0.000307,-0.001146,0.002063,0.000099,0.002324
0.000235,-0.000069,-0.000015,0.000550,0.000224,0.000068,0.000324,0.000268,0.000031,0.000046,0.000186,-0.000040,0.000234,0.000006,0.000248,0.000003,-0.000023,-0.000143,0.000000,0.000023,-0.000000,0.000208,0.000025,0.000000,0.000000,-0.000029,0.000253,0.000021,0.000000,0.000183,0.000114,-0.000000,0.000063,0.000366,-0.000073,0.000048,-0.000161,0.000192,0.000137,-0.000027,-0.000018
0.000672,-0.000621,-0.000003,0.000224,0.002424,0.000164,0.001171,0.000553,0.000118,0.000436,0.002191,-0.000095,0.001463,-0.000307,0.001001,0.000387,-0.000186,-0.000161,0.000000,0.000287,0.000044,0.000364,0.001267,0.000000,0.000000,0.000341,0.000882,0.000010,0.000000,0.001095,0.000346,-0.000056,0.000554,0.002479,0.000151,0.000410,-0.000295,0.002605,0.000833,0.000080,-0.000115
0.004327,0.002442,0.001254,0.000068,0.000164,0.006343,0.000786,-0.000705,0.002088,0.000498,0.000043,-0.000768,0.002946,-0.000532,0.003565,0.001179,0.003833,0.002933,0.000000,0.000069,0.003031,-0.001878,0.000126,0.000000,0.000000,-0.000020,0.003382,0.000072,0.000000,0.000346,0.000254,0.000777,0.000057,-0.000552,-0.000083,-0.000099,0.003052,-0.001069,0.001167,-0.000159,0.003441
0.005831,-0.002806,0.001575,0.000324,0.001171,0.000786,0.014393,0.010969,0.002550,0.000916,0.001320,-0.000369,0.007905,-0.006590,0.006361,0.002546,0.000519,-0.004336,0.000000,0.000239,-0.000465,0.006344,0.001154,0.000000,0.000000,0.000129,0.007241,0.000241,0.000000,0.003309,-0.000629,-0.000309,0.004040,0.003987,0.000145,0.001721,-0.001333,0.002156,0.005387,0.000864,-0.000171
0.006463,-0.004474,0.000983,0.000268,0.000553,-0.000705,0.010969,0.023124,0.000476,-0.000955,0.000367,0.000621,0.006447,-0.008460,0.006651,0.000282,-0.001281,-0.008449,0.000000,-0.000392,-0.000862,0.011434,0.001370,0.000000,0.000000,0.000131,0.010009,0.000212,0.000000,0.001094,-0.002420,0.000299,0.000787,0.001779,-0.003674,0.000278,-0.005531,-0.001726,0.004445,0.000885,-0.000642
0.001858,0.000376,-0.000047,0.000031,0.000118,0.002088,0.002550,0.000476,0.003324,0.001138,0.000081,-0.000261,0.001782,-0.000601,0.001966,0.002119,-0.000115,-0.000283,0.000000,0.000046,-0.000217,0.000429,0.000073,0.000000,0.000000,-0.000001,0.001613,0.000048,0.000000,0.000859,0.000026,-0.000024,0.000262,-0.000193,0.000395,-0.000013,-0.000446,-0.000365,0.000895,-0.000031,-0.000047
0.001178,0.000520,0.000116,0.000046,0.000436,0.000498,0.000916,-0.000955,0.001138,0.007590,0.000697,-0.001307,0.003647,0.002492,0.002210,0.004937,0.000556,0.000172,0.000000,0.000791,-0.000095,-0.000740,0.000032,0.000000,0.000000,0.000006,0.001383,0.000107,0.000000,0.004643,0.002709,0.000123,0.000963,0.000804,0.002493,0.000148,0.000216,0.001049,0.001635,0.000595,-0.000063
0.000875,-0.000500,-0.000115,0.000186,0.002191,0.000043,0.001320,0.000367,0.000081,0.000697,0.003024,-0.000065,0.001905,-0.000169,0.001307,0.000593,-0.000280,-0.000078,0.000000,0.000271,-0.000005,0.000296,0.001264,0.000000,0.000000,0.000356,0.001158,0.000013,0.000000,0.001231,0.000516,-0.000054,0.000583,0.002767,0.000066,0.000402,-0.000422,0.003551,0.001057,0.000125,-0.000175
-0.000680,-0.001520,-0.000076,-0.000040,-0.000095,-0.000768,-0.000369,0.000621,-0.000261,-0.001307,-0.000065,0.005004,-0.001324,-0.001211,-0.000863,-0.001135,-0.001579,-0.000953,0.000000,0.000100,-0.000264,0.002196,0.000087,0.000000,0.000000,0.000004,-0.000424,0.000099,0.000000,-0.001046,-0.001100,-0.000057,-0.000142,-0.000077,-0.001077,0.000157,-0.004195,-0.000273,-0.000545,-0.000799,-0.000598
0.009336,0.000125,0.003308,0.000234,0.001463,0.002946,0.007905,0.006447,0.001782,0.003647,0.001905,-0.001324,0.017467,0.003504,0.010774,0.005041,0.002408,-0.002419,0.000000,0.000220,0.001184,0.006032,0.001039,0.000000,0.000000,0.000133,0.009966,0.000535,0.000000,0.004371,0.006914,0.000786,0.003479,0.003017,0.000979,0.005888,-0.001606,0.001828,0.012454,0.001180,0.001867
-0.003213,0.003678,-0.000866,0.000006,-0.000307,-0.000532,-0.006590,-0.008460,-0.000601,0.002492,-0.000169,-0.001211,0.003504,0.023950,0.000410,0.001039,-0.001324,0.003201,0.000000,0.000059,-0.000251,-0.006039,-0.000658,0.000000,0.000000,0.000042,-0.003619,-0.000012,0.000000,-0.000566,0.014379,-0.000399,-0.000978,-0.002286,0.000427,-0.001085,-0.003738,-0.002129,-0.001109,0.000746,0.000302
0.011316,0.000985,0.001731,0.000248,0.001001,0.003565,0.006361,0.006651,0.001966,0.002210,0.001307,-0.000863,0.010774,0.000410,0.011209,0.003654,0.002025,-0.001300,0.000000,0.000208,0.001276,0.002423,0.000888,0.000000,0.000000,0.000069,0.011599,-0.000446,0.000000,0.003199,0.003342,0.000532,0.001415,0.002917,0.000743,0.000726,-0.000277,0.001818,0.005900,0.000815,0.001783
0.003053,0.000390,0.000023,0.000003,0.000387,0.001179,0.002546,0.000282,0.002119,0.004937,0.000593,-0.001135,0.005041,0.001039,0.003654,0.007871,0.000055,-0.000334,0.000000,0.000490,-0.000221,0.000019,0.000169,0.000000,0.000000,-0.000004,0.002994,0.000237,0.000000,0.004730,0.002079,-0.000013,0.001212,0.000705,0.002549,0.000575,-0.000169,0.000928,0.002568,0.001398,-0.000129
0.003176,0.003991,0.001922,-0.000023,-0.000186,0.003833,0.000519,-0.001281,-0.000115,0.000556,-0.000280,-0.001579,0.002408,-0.001324,0.002025,0.000055,0.009925,0.003345,0.000000,0.000383,0.003980,-0.001258,-0.000137,0.000000,0.000000,-0.000020,0.002125,0.000211,0.000000,0.001294,-0.000824,0.000249,0.001544,-0.000403,-0.000215,0.001038,0.008009,-0.000414,0.002135,-0.000130,0.003483
-0.001069,0.003335,-0.000927,-0.000143,-0.000161,0.002933,-0.004336,-0.008449,-0.000283,0.000172,-0.000078,-0.000953,-0.002419,0.003201,-0.001300,-0.000334,0.003345,0.006629,0.000000,0.000204,0.002816,-0.007740,-0.000518,0.000000,0.000000,-0.000056,-0.002424,-0.000148,0.000000,-0.000319,0.001066,-0.000268,-0.000681,0.000216,0.001444,-0.001438,0.005530,0.001798,-0.002848,-0.000344,0.002546
0.000000,0.000000,0.000000,0.000000,0.000000,0.000000,0.000000,0.000000,0.000000,0.000000,0.000000,0.000000,0.000000,0.000000,0.000000,0.000000,0.000000,0.000000,0.000000,0.000000,0.000000,0.000000,0.000000,0.000000,0.000000,0.000000,0.000000,0.000000,0.000000,0.000000,0.000000,0.000000,0.000000,0.000000,0.000000,0.000000,0.000000,0.000000,0.000000,0.000000,0.000000
0.000236,0.000337,0.000064,0.000023,0.000287,0.000069,0.000239,-0.000392,0.000046,0.000791,0.000271,0.000100,0.000220,0.000059,0.000208,0.000490,0.000383,0.000204,0.000000,0.001986,0.000053,-0.000218,-0.000004,0.000000,0.000000,0.000009,0.000251,-0.000001,0.000000,0.001590,-0.000092,-0.000000,0.000233,0.000445,-0.000037,0.000033,0.000462,0.000560,0.000122,-0.000035,0.000044
0.001884,0.002402,0.000621,-0.000000,0.000044,0.003031,-0.000465,-0.000862,-0.000217,-0.000095,-0.000005,-0.000264,0.001184,-0.000251,0.001276,-0.000221,0.003980,0.002816,0.000000,0.000053,0.004474,-0.001602,-0.000063,0.000000,0.000000,0.000000,0.001114,0.000026,0.000000,0.000009,-0.000093,-0.000019,0.000012,-0.000105,-0.000278,0.000137,0.003869,-0.000323,0.000641,-0.000080,0.002629
0.002745,-0.002761,0.002007,0.000208,0.000364,-0.001878,0.006344,0.011434,0.000429,-0.000740,0.000296,0.002196,0.006032,-0.006039,0.002423,0.000019,-0.001258,-0.007740,0.000000,-0.000218,-0.001602,0.014823,0.000782,0.000000,0.000000,0.000071,0.004001,0.000365,0.000000,0.000432,-0.002566,0.000476,0.001487,0.000527,-0.002283,0.005262,-0.007338,-0.000743,0.007997,-0.000016,-0.001638
0.000712,-0.000737,0.000202,0.000025,0.001267,0.000126,0.001154,0.001370,0.000073,0.000032,0.001264,0.000087,0.001039,-0.000658,0.000888,0.000169,-0.000137,-0.000518,0.000000,-0.000004,-0.000063,0.000782,0.001427,0.000000,0.000000,0.000387,0.001131,0.000026,0.000000,0.000190,-0.000221,0.000236,-0.000044,0.001374,-0.000024,0.000355,-0.000476,0.001338,0.000676,0.000037,-0.000057
0.000000,0.000000,0.000000,0.000000,0.000000,0.000000,0.000000,0.000000,0.000000,0.000000,0.000000,0.000000,0.000000,0.000000,0.000000,0.000000,0.000000,0.000000,0.000000,0.000000,0.000000,0.000000,0.000000,0.000000,0.000000,0.000000,0.000000,0.000000,0.000000,0.000000,0.000000,0.000000,0.000000,0.000000,0.000000,0.000000,0.000000,0.000000,0.000000,0.000000,0.000000
0.000000,0.000000,0.000000,0.000000,0.000000,0.000000,0.000000,0.000000,0.000000,0.000000,0.000000,0.000000,0.000000,0.000000,0.000000,0.000000,0.000000,0.000000,0.000000,0.000000,0.000000,0.000000,0.000000,0.000000,0.000000,0.000000,0.000000,0.000000,0.000000,0.000000,0.000000,0.000000,0.000000,0.000000,0.000000,0.000000,0.000000,0.000000,0.000000,0.000000,0.000000
-0.000001,-0.000064,0.000002,-0.000029,0.000341,-0.000020,0.000129,0.000131,-0.000001,0.000006,0.000356,0.000004,0.000133,0.000042,0.000069,-0.000004,-0.000020,-0.000056,0.000000,0.000009,0.000000,0.000071,0.000387,0.000000,0.000000,0.000264,0.000044,-0.000006,0.000000,-0.000011,-0.000004,0.000006,-0.000001,0.000279,0.000056,0.000083,-0.000028,0.000280,0.000094,-0.000011,-0.000029
0.012814,0.000043,0.002074,0.000253,0.000882,0.003382,0.007241,0.010009,0.001613,0.001383,0.001158,-0.000424,0.009966,-0.003619,0.011599,0.002994,0.002125,-0.002424,0.000000,0.000251,0.001114,0.004001,0.001131,0.000000,0.000000,0.000044,0.014077,-0.000389,0.000000,0.003238,-0.000271,0.000851,0.001103,0.003158,0.000173,0.000832,-0.000442,0.002021,0.005976,0.000879,0.001767
-0.000472,0.000005,0.000102,0.000021,0.000010,0.000072,0.000241,0.000212,0.000048,0.000107,0.000013,0.000099,0.000535,-0.000012,-0.000446,0.000237,0.000211,-0.000148,0.000000,-0.000001,0.000026,0.000365,0.000026,0.000000,0.000000,-0.000006,-0.000389,0.005677,0.000000,0.000055,0.000127,-0.000007,0.000017,0.000133,-0.000178,0.000264,-0.000410,-0.000056,0.000192,0.000025,0.000042
0.000000,0.000000,0.000000,0.000000,0.000000,0.000000,0.000000,0.000000,0.000000,0.000000,0.000000,0.000000,0.000000,0.000000,0.000000,0.000000,0.000000,0.000000,0.000000,0.000000,0.000000,0.000000,0.000000,0.000000,0.000000,0.000000,0.000000,0.000000,0.000000,0.000000,0.000000,0.000000,0.000000,0.000000,0.000000,0.000000,0.000000,0.000000,0.000000,0.000000,0.000000
0.002487,-0.000098,0.000008,0.000183,0.001095,0.000346,0.003309,0.001094,0.000859,0.004643,0.001231,-0.001046,0.004371,-0.000566,0.003199,0.004730,0.001294,-0.000319,0.000000,0.001590,0.000009,0.000432,0.000190,0.000000,0.000000,-0.000011,0.003238,0.000055,0.000000,0.010556,0.000922,0.000179,0.001726,0.004468,0.001373,0.000641,0.001234,0.004588,0.002420,0.000700,-0.000360
-0.000611,-0.000556,-0.000248,0.000114,0.000346,0.000254,-0.000629,-0.002420,0.000026,0.002709,0.000516,-0.001100,0.006914,0.014379,0.003342,0.002079,-0.000824,0.001066,0.000000,-0.000092,-0.000093,-0.002566,-0.000221,0.000000,0.000000,-0.000004,-0.000271,0.000127,0.000000,0.000922,0.014363,-0.000198,0.000742,0.000407,0.000930,-0.000959,-0.003708,-0.000379,0.001277,0.000680,0.000445
0.000625,-0.000172,0.001636,-0.000000,-0.000056,0.000777,-0.000309,0.000299,-0.000024,0.000123,-0.000054,-0.000057,0.000786,-0.000399,0.000532,-0.000013,0.000249,-0.000268,0.000000,-0.000000,-0.000019,0.000476,0.000236,0.000000,0.000000,0.000006,0.000851,-0.000007,0.000000,0.000179,-0.000198,0.002486,-0.000047,-0.000284,0.000131,0.000244,0.000351,-0.000205,0.000558,-0.000097,0.000597
0.001033,-0.000199,0.002718,0.000063,0.000554,0.000057,0.004040,0.000787,0.000262,0.000963,0.000583,-0.000142,0.003479,-0.000978,0.001415,0.001212,0.001544,-0.000681,0.000000,0.000233,0.000012,0.001487,-0.000044,0.000000,0.000000,-0.000001,0.001103,0.000017,0.000000,0.001726,0.000742,-0.000047,0.006147,0.001482,0.001412,0.001546,0.000945,0.001190,0.002713,0.000238,0.000748
0.001852,-0.001826,-0.000706,0.000366,0.002479,-0.000552,0.003987,0.001779,-0.000193,0.000804,0.002767,-0.000077,0.003017,-0.002286,0.002917,0.000705,-0.000403,0.000216,0.000000,0.000445,-0.000105,0.000527,0.001374,0.000000,0.000000,0.000279,0.003158,0.000133,0.000000,0.004468,0.000407,-0.000284,0.001482,0.014076,0.001900,-0.000203,-0.000052,0.012419,0.001194,-0.000157,-0.000493
0.000454,0.000135,0.000081,-0.000073,0.000151,-0.000083,0.000145,-0.003674,0.000395,0.002493,0.000066,-0.001077,0.000979,0.000427,0.000743,0.002549,-0.000215,0.001444,0.000000,-0.000037,-0.000278,-0.002283,-0.000024,0.000000,0.000000,0.000056,0.000173,-0.000178,0.000000,0.001373,0.000930,0.000131,0.001412,0.001900,0.014135,0.000066,0.002158,0.005268,0.000490,-0.000084,-0.000120
0.001391,0.000423,0.000665,0.000048,0.000410,-0.000099,0.001721,0.000278,-0.000013,0.000148,0.000402,0.000157,0.005888,-0.001085,0.000726,0.000575,0.001038,-0.001438,0.000000,0.000033,0.000137,0.005262,0.000355,0.000000,0.000000,0.000083,0.000832,0.000264,0.000000,0.000641,-0.000959,0.000244,0.001546,-0.000203,0.000066,0.010057,-0.000587,-0.000236,0.009588,-0.000127,-0.000055
0.002131,0.007014,0.000307,-0.000161,-0.000295,0.003052,-0.001333,-0.005531,-0.000446,0.000216,-0.000422,-0.004195,-0.001606,-0.003738,-0.000277,-0.000169,0.008009,0.005530,0.000000,0.000462,0.003869,-0.007338,-0.000476,0.000000,0.000000,-0.000028,-0.000442,-0.000410,0.000000,0.001234,-0.003708,0.000351,0.000945,-0.000052,0.002158,-0.000587,0.020319,0.001581,0.000125,-0.000060,0.002975
0.000958,-0.000715,-0.001146,0.000192,0.002605,-0.001069,0.002156,-0.001726,-0.000365,0.001049,0.003551,-0.000273,0.001828,-0.002129,0.001818,0.000928,-0.000414,0.001798,0.000000,0.000560,-0.000323,-0.000743,0.001338,0.000000,0.000000,0.000280,0.002021,-0.000056,0.000000,0.004588,-0.000379,-0.000205,0.001190,0.012419,0.005268,-0.000236,0.001581,0.017685,0.000747,-0.000397,-0.000620
0.006185,0.000858,0.002063,0.000137,0.000833,0.001167,0.005387,0.004445,0.000895,0.001635,0.001057,-0.000545,0.012454,-0.001109,0.005900,0.002568,0.002135,-0.002848,0.000000,0.000122,0.000641,0.007997,0.000676,0.000000,0.000000,0.000094,0.005976,0.000192,0.000000,0.002420,0.001277,0.000558,0.002713,0.001194,0.000490,0.009588,0.000125,0.000747,0.013581,0.000377,0.000664
0.000690,-0.000342,0.000099,-0.000027,0.000080,-0.000159,0.000864,0.000885,-0.000031,0.000595,0.000125,-0.000799,0.001180,0.000746,0.000815,0.001398,-0.000130,-0.000344,0.000000,-0.000035,-0.000080,-0.000016,0.000037,0.000000,0.000000,-0.000011,0.000879,0.000025,0.000000,0.000700,0.000680,-0.000097,0.000238,-0.000157,-0.000084,-0.000127,-0.000060,-0.000397,0.000377,0.004444,0.000020
0.002114,0.002202,0.002324,-0.000018,-0.000115,0.003441,-0.000171,-0.000642,-0.000047,-0.000063,-0.000175,-0.000598,0.001867,0.000302,0.001783,-0.000129,0.003483,0.002546,0.000000,0.000044,0.002629,-0.001638,-0.000057,0.000000,0.000000,-0.000029,0.001767,0.000042,0.000000,-0.000360,0.000445,0.000597,0.000748,-0.000493,-0.000120,-0.000055,0.002975,-0.000620,0.000664,0.000020,0.003850
