2.060924,-0.241554,-0.094885,0.006779,-34.623206,-0.114394,-1.679363,1.466871
-0.241554,94.320905,-0.078773,0.030231,-71.599540,0.218008,0.776468,3.976600
-0.094885,-0.078773,3.447099,-0.032838,70.974716,0.109452,1.082616,1.365976
0.006779,0.030231,-0.032838,0.113743,-5.402400,-0.013964,-0.171148,-0.116791
-34.623206,-71.599540,70.974716,-5.402400,329703.729101,34.577681,454.819588,-77.501602
-0.114394,0.218008,0.109452,-0.013964,34.577681,0.963619,1.177478,0.263548
-1.679363,0.776468,1.082616,-0.171148,454.819588,1.177478,153.136123,-7.329735
1.466871,3.976600,1.365976,-0.116791,-77.501602,0.263548,-7.329735,1324.337208
