0.008192,-0.000278,-0.000025,0.000003,-0.000060,-0.000004,-0.001662,-0.000101
-0.000278,0.034443,-0.000014,0.000016,-0.000057,0.000003,0.000682,-0.000641
-0.000025,-0.000014,0.000127,-0.000004,0.000011,0.000000,0.000135,-0.000062
0.000003,0.000016,-0.000004,0.000050,-0.000003,-0.000000,-0.000066,0.000022
-0.000060,-0.000057,0.000011,-0.000003,0.000249,0.000001,0.000168,-0.000027
-0.000004,0.000003,0.000000,-0.000000,0.000001,0.000000,0.000011,-0.000005
-0.001662,0.000682,0.000135,-0.000066,0.000168,0.000011,0.034748,-0.001256
-0.000101,-0.000641,-0.000062,0.000022,-0.000027,-0.000005,-0.001256,0.025268
