1345.789077,-0.435190,-8.378344,-41.411207,23.613697,266.071148,68.721729,50.728004
-0.435190,628.740975,36.996914,9.883745,-3.395879,-40.227007,50.682692,-1.279331
-8.378344,36.996914,193.190373,-15.011324,0.620419,-9.017181,-19.183694,-17.130404
-41.411207,9.883745,-15.011324,381.008019,-1.107169,-251.469247,-141.789341,289.734320
23.613697,-3.395879,0.620419,-1.107169,6.468645,-7.136642,32.327556,2.254803
266.071148,-40.227007,-9.017181,-251.469247,-7.136642,2904.856354,-315.951703,-348.349793
68.721729,50.682692,-19.183694,-141.789341,32.327556,-315.951703,2566.732612,266.096069
50.728004,-1.279331,-17.130404,289.734320,2.254803,-348.349793,266.096069,3161.455999
