1375.821263,1.163090,-0.367944,-19.120769,17.596297,348.643362,101.288548,13.593675
1.163090,610.444839,32.117566,10.687678,-1.009353,-51.138317,-23.336416,37.621455
-0.367944,32.117566,198.453553,-16.798318,1.782421,-30.619920,-36.239664,-18.937618
-19.120769,10.687678,-16.798318,351.978451,-0.276392,-218.627111,-153.489396,225.104555
17.596297,-1.009353,1.782421,-0.276392,5.309057,-1.043863,33.456231,2.777964
348.643362,-51.138317,-30.619920,-218.627111,-1.043863,2843.078234,-252.382484,-269.081950
101.288548,-23.336416,-36.239664,-153.489396,33.456231,-252.382484,2697.653905,284.506405
13.593675,37.621455,-18.937618,225.104555,2.777964,-269.081950,284.506405,2776.394185
