0.007997,0.000036,0.000015,-0.000431,0.001642,0.002661,0.000158,0.000174
0.000036,0.005312,0.000492,0.000085,-0.000201,-0.000065,0.000265,0.000244
0.000015,0.000492,0.004952,-0.000188,-0.000013,-0.000178,-0.000677,-0.000226
-0.000431,0.000085,-0.000188,0.024012,-0.000113,-0.005974,-0.003041,0.007454
0.001642,-0.000201,-0.000013,-0.000113,0.006326,-0.000387,0.002662,0.000226
0.002661,-0.000065,-0.000178,-0.005974,-0.000387,0.025145,-0.001140,-0.001992
0.000158,0.000265,-0.000677,-0.003041,0.002662,-0.001140,0.015958,0.001474
0.000174,0.000244,-0.000226,0.007454,0.000226,-0.001992,0.001474,0.026001
