0.007407,-0.000002,-0.000011,-0.000380,0.001320,0.002848,-0.000001,0.000287
-0.000002,0.005345,0.000498,0.000087,-0.000290,-0.000239,0.000261,0.000199
-0.000011,0.000498,0.005038,0.000036,-0.000008,-0.000159,-0.000728,-0.000382
-0.000380,0.000087,0.000036,0.023289,-0.000148,-0.006300,-0.002371,0.007241
0.001320,-0.000290,-0.000008,-0.000148,0.005561,-0.000513,0.002255,0.000144
0.002848,-0.000239,-0.000159,-0.006300,-0.000513,0.025853,-0.001583,-0.002286
-0.000001,0.000261,-0.000728,-0.002371,0.002255,-0.001583,0.015792,0.001518
0.000287,0.000199,-0.000382,0.007241,0.000144,-0.002286,0.001518,0.025114
