0.007015,-0.000003,-0.000096,-0.000755,0.001674,0.001766,0.000394,0.000318
-0.000003,0.004868,0.000514,0.000220,-0.000293,-0.000325,0.000354,-0.000010
-0.000096,0.000514,0.004825,-0.000599,0.000096,-0.000131,-0.000241,-0.000235
-0.000755,0.000220,-0.000599,0.024287,-0.000275,-0.005836,-0.002840,0.006355
0.001674,-0.000293,0.000096,-0.000275,0.006239,-0.000644,0.002519,0.000192
0.001766,-0.000325,-0.000131,-0.005836,-0.000644,0.024548,-0.002304,-0.002782
0.000394,0.000354,-0.000241,-0.002840,0.002519,-0.002304,0.016155,0.001834
0.000318,-0.000010,-0.000235,0.006355,0.000192,-0.002782,0.001834,0.023861
