21543.650300,-2007.223456,-38.827776,313.297447,24.689655,-4608.524583,-515.700748,132.911064
-2007.223456,7105.458142,-1456.108845,131.909710,62.835227,5727.002339,1764.179984,-279.478033
-38.827776,-1456.108845,3597.432876,34.894375,15.461260,-9023.136762,-5770.272017,-63.637059
313.297447,131.909710,34.894375,7308.142728,-36.480454,1187.570881,-329.575399,209.567399
24.689655,62.835227,15.461260,-36.480454,32.272912,-230.578431,-18.779543,-47.179697
-4608.524583,5727.002339,-9023.136762,1187.570881,-230.578431,207987.316876,26247.232389,-49.750765
-515.700748,1764.179984,-5770.272017,-329.575399,-18.779543,26247.232389,124713.995304,-820.180908
132.911064,-279.478033,-63.637059,209.567399,-47.179697,-49.750765,-820.180908,3231.521691
