0.067017,-0.009690,-0.007539,-0.000312,0.001813,-0.002880,-0.001662,0.000548
-0.009690,0.055009,-0.020247,0.001716,0.005430,0.002170,-0.003177,-0.002092
-0.007539,-0.020247,0.089846,-0.002793,0.002400,-0.025395,-0.014402,-0.000987
-0.000312,0.001716,-0.002793,0.068188,-0.008829,0.003281,-0.007840,0.004705
0.001813,0.005430,0.002400,-0.008829,0.031126,-0.008524,0.002693,-0.004005
-0.002880,0.002170,-0.025395,0.003281,-0.008524,0.085543,0.000737,0.000141
-0.001662,-0.003177,-0.014402,-0.007840,0.002693,0.000737,0.072687,-0.003260
0.000548,-0.002092,-0.000987,0.004705,-0.004005,0.000141,-0.003260,0.024246
