1977.594137,1332.839047,-162.690635,-201.847250,12.433822,1230.963365,-522.827205,-18.218096
1332.839047,1871.174041,373.318133,-167.485277,19.976302,36.315031,110.366620,-8.651535
-162.690635,373.318133,495.299004,-12.944290,10.132924,-199.013469,-138.926027,-118.085400
-201.847250,-167.485277,-12.944290,370.649135,-1.433940,-256.570330,-235.783642,383.010784
12.433822,19.976302,10.132924,-1.433940,7.892972,-23.331748,43.326808,4.807918
1230.963365,36.315031,-199.013469,-256.570330,-23.331748,2914.614538,-288.120474,-427.236617
-522.827205,110.366620,-138.926027,-235.783642,43.326808,-288.120474,2872.560137,641.408241
-18.218096,-8.651535,-118.085400,383.010784,4.807918,-427.236617,641.408241,3249.475111
