2709.487867,105.159066,88.334984,-114.692469,51.038667,1172.459574,-162.847873,39.592703
105.159066,1170.049653,608.563885,-24.466393,10.259296,-97.605976,13.080313,40.062976
88.334984,608.563885,490.690740,-95.277034,-4.348163,-265.352174,-357.905846,-488.100545
-114.692469,-24.466393,-95.277034,354.689728,5.376572,-265.937075,-270.748548,304.196693
51.038667,10.259296,-4.348163,5.376572,10.227717,-39.405840,89.500610,36.786513
1172.459574,-97.605976,-265.352174,-265.937075,-39.405840,3005.557204,-335.957660,-309.962775
-162.847873,13.080313,-357.905846,-270.748548,89.500610,-335.957660,3140.383167,620.436712
39.592703,40.062976,-488.100545,304.196693,36.786513,-309.962775,620.436712,2937.519301
