0.011007,0.001156,-0.001743,-0.002746,0.004584,0.008611,-0.003604,0.000797
0.001156,0.007922,0.006643,-0.001963,0.000450,0.000291,0.001670,0.000463
-0.001743,0.006643,0.011437,-0.002043,-0.002173,-0.000798,-0.004269,-0.006363
-0.002746,-0.001963,-0.002043,0.024295,0.001125,-0.006692,-0.005314,0.010106
0.004584,0.000450,-0.002173,0.001125,0.010834,-0.002705,0.004725,0.003815
0.008611,0.000291,-0.000798,-0.006692,-0.002705,0.026742,-0.002347,-0.002057
-0.003604,0.001670,-0.004269,-0.005314,0.004725,-0.002347,0.017145,0.002981
0.000797,0.000463,-0.006363,0.010106,0.003815,-0.002057,0.002981,0.028309
