0.009892,0.006552,-0.000671,-0.003699,0.000671,0.007395,-0.003283,0.000073
0.006552,0.011208,0.007234,-0.003321,-0.000820,0.000196,-0.000261,-0.000002
-0.000671,0.007234,0.013688,-0.000207,0.000947,-0.003598,-0.002300,-0.001845
-0.003699,-0.003321,-0.000207,0.023957,-0.001273,-0.005897,-0.005300,0.008495
0.000671,-0.000820,0.000947,-0.001273,0.007109,-0.002106,0.003118,0.000083
0.007395,0.000196,-0.003598,-0.005897,-0.002106,0.024844,-0.002456,-0.003372
-0.003283,-0.000261,-0.002300,-0.005300,0.003118,-0.002456,0.018081,0.004112
0.000073,-0.000002,-0.001845,0.008495,0.000083,-0.003372,0.004112,0.024984
