6147.286374,-620.283497,-719.464668,-81.963681,37.431372,-614.762905,-428.155657,-32.045838
-620.283497,3802.957099,-630.639803,19.075669,-10.668931,-454.040531,-272.334112,17.454824
-719.464668,-630.639803,2100.840743,-46.720358,32.865844,-48.634930,31.097425,-8.325762
-81.963681,19.075669,-46.720358,221.790168,-20.210871,-69.128430,-200.880772,43.901168
37.431372,-10.668931,32.865844,-20.210871,17.915523,-37.259680,33.162105,-3.322015
-614.762905,-454.040531,-48.634930,-69.128430,-37.259680,3076.959353,-202.739595,-29.840627
-428.155657,-272.334112,31.097425,-200.880772,33.162105,-202.739595,3179.058017,74.619287
-32.045838,17.454824,-8.325762,43.901168,-3.322015,-29.840627,74.619287,1193.341925
