3222.218276,-327.715840,-316.636479,-71.596074,26.224199,-366.405447,-219.292258,-41.618919
-327.715840,4007.268920,-492.388265,41.601829,2.209266,-477.924268,-402.998905,124.567149
-316.636479,-492.388265,1977.219597,-53.300612,36.649698,-7.596479,145.505602,-46.904394
-71.596074,41.601829,-53.300612,239.173235,-23.182787,-86.529107,-226.896942,136.263764
26.224199,2.209266,36.649698,-23.182787,18.654113,-35.497927,27.486928,-13.105183
-366.405447,-477.924268,-7.596479,-86.529107,-35.497927,3157.401024,-231.654701,-79.431909
-219.292258,-402.998905,145.505602,-226.896942,27.486928,-231.654701,3404.104673,-58.667268
-41.618919,124.567149,-46.904394,136.263764,-13.105183,-79.431909,-58.667268,1872.415983
