0.016796,-0.002082,-0.003613,-0.001305,0.001859,-0.002432,-0.001256,-0.000261
-0.002082,0.031024,-0.006847,0.000924,0.000191,-0.003866,-0.002813,0.000952
-0.003613,-0.006847,0.049381,-0.002127,0.005688,-0.000110,0.001824,-0.000644
-0.001305,0.000924,-0.002127,0.015246,-0.005748,-0.002008,-0.004545,0.002989
0.001859,0.000191,0.005688,-0.005748,0.017991,-0.003205,0.002142,-0.001118
-0.002432,-0.003866,-0.000110,-0.002008,-0.003205,0.026682,-0.001689,-0.000634
-0.001256,-0.002813,0.001824,-0.004545,0.002142,-0.001689,0.021425,-0.000404
-0.000261,0.000952,-0.000644,0.002989,-0.001118,-0.000634,-0.000404,0.014132
