0.017551,-0.001684,-0.004320,-0.000052,0.001511,-0.002632,-0.001639,-0.000402
-0.001684,0.031508,-0.006765,0.001025,-0.000241,-0.003727,-0.003450,0.001359
-0.004320,-0.006765,0.049013,-0.002196,0.005080,-0.000092,0.001727,-0.001030
-0.000052,0.001025,-0.002196,0.014719,-0.005592,-0.001851,-0.004607,0.003067
0.001511,-0.000241,0.005080,-0.005592,0.017896,-0.002862,0.002254,-0.001504
-0.002632,-0.003727,-0.000092,-0.001851,-0.002862,0.025652,-0.001192,-0.000678
-0.001639,-0.003450,0.001727,-0.004607,0.002254,-0.001192,0.020785,-0.000448
-0.000402,0.001359,-0.001030,0.003067,-0.001504,-0.000678,-0.000448,0.014182
