0.094564,0.001202,0.000608,-0.001408,0.000154,0.001095,0.002484,0.008140,-0.000467,0.001538,-0.000709,0.001666,0.007072,-0.002984,0.005887,0.002554,0.000222,0.000517,-0.000433,0.002612,0.001303,0.003396,0.000323,-0.000606,0.003067,-0.000274,0.002733,-0.008069,-0.001359,0.000269,-0.000802,0.000854,0.002849,-0.002277,-0.003525,0.000028,0.000520,-0.001566,0.000470,0.000260,0.001188
0.001202,0.016177,0.000287,0.000179,0.000056,0.000247,-0.000405,-0.001167,-0.000396,0.000704,0.000086,0.000950,-0.000421,-0.001168,0.001305,-0.000330,0.000509,-0.000755,0.000446,0.000477,0.000069,-0.000663,-0.000048,0.001445,-0.000438,-0.000208,-0.000791,0.000346,0.001573,0.001387,0.000625,-0.000409,-0.000306,0.000496,0.000192,0.000021,0.002672,0.001312,0.002121,-0.000104,-0.000245
0.000608,0.000287,0.004210,0.000340,-0.000039,0.000571,0.000196,-0.000076,-0.000098,-0.000112,-0.000055,0.000954,0.001407,-0.000222,-0.000139,-0.000059,0.001815,0.000405,0.000030,-0.000133,0.000238,-0.000366,0.000117,0.001163,0.001259,-0.000033,0.000443,-0.000825,-0.000133,-0.000051,0.000006,-0.000074,-0.000022,-0.000097,-0.000225,0.000132,0.000361,-0.000003,0.001075,-0.000025,0.000718
-0.001408,0.000179,0.000340,0.004628,0.000655,-0.000032,0.000792,-0.000397,-0.000071,-0.000335,0.000277,-0.000708,-0.000568,-0.000849,0.001010,0.000314,-0.000216,0.000111,0.000864,-0.000083,-0.000035,-0.000244,-0.000012,-0.000167,-0.000313,-0.000021,0.000848,-0.000554,-0.000083,0.000776,0.000131,-0.000055,0.000007,0.000711,0.000057,-0.000067,0.000015,0.000958,-0.001104,-0.000016,0.000072
0.000154,0.000056,-0.000039,0.000655,0.001687,0.000121,0.000517,0.000026,-0.000141,0.000087,0.000328,-0.000674,0.000347,-0.000372,0.001294,0.000326,-0.000159,0.000169,-0.000019,0.000153,0.000177,0.000005,0.000022,-0.000208,0.000233,0.000096,0.000319,0.000024,-0.000104,0.000773,0.000260,-0.000045,0.000061,0.000660,0.000618,-0.000147,0.000128,0.000804,-0.000835,0.000026,-0.000048
0.001095,0.000247,0.000571,-0.000032,0.000121,0.002460,-0.000134,-0.000167,0.000576,-0.000032,-0.000009,0.000583,0.000827,-0.000106,0.001215,0.000357,0.000154,0.000269,-0.000016,-0.000088,0.000234,0.000700,0.000086,-0.000074,0.000584,0.000046,-0.000250,-0.000196,0.000014,-0.000021,0.000054,0.000488,-0.000079,0.000087,-0.000106,-0.000089,0.000671,-0.000201,-0.000398,-0.000016,0.000443
0.002484,-0.000405,0.000196,0.000792,0.000517,-0.000134,0.008185,0.002811,0.000008,-0.000728,0.000045,0.002033,0.002433,-0.002068,0.000693,0.000644,-0.000080,-0.000314,-0.000071,0.000185,-0.000157,0.002629,0.000035,-0.000607,0.001665,0.000174,0.003870,-0.001491,-0.000377,0.000959,0.000197,-0.000119,0.001573,0.000044,0.000929,-0.000059,-0.000451,-0.000047,0.000052,0.000113,0.000349
0.008140,-0.001167,-0.000076,-0.000397,0.000026,-0.000167,0.002811,0.096417,-0.001255,-0.000722,0.000180,0.000010,0.005707,-0.005053,-0.000234,0.001448,0.000005,0.003365,-0.000406,-0.000106,0.000245,0.008498,0.000071,-0.003117,0.008330,0.000413,0.000223,-0.002473,-0.002166,0.000566,-0.002384,0.000690,0.002788,-0.000318,-0.003735,-0.001900,-0.001190,-0.000776,-0.004632,0.000173,0.001030
-0.000467,-0.000396,-0.000098,-0.000071,-0.000141,0.000576,0.000008,-0.001255,0.002883,0.000208,-0.000005,-0.000583,-0.000315,0.000318,0.001136,-0.000036,-0.000009,0.000163,-0.000036,-0.000119,-0.000007,0.000219,-0.000002,-0.000385,-0.000611,0.000025,-0.001402,-0.000233,-0.000192,-0.000267,-0.000007,-0.000106,-0.000043,0.000162,-0.000053,-0.000001,-0.000143,-0.000113,-0.000479,-0.000036,-0.000083
0.001538,0.000704,-0.000112,-0.000335,0.000087,-0.000032,-0.000728,-0.000722,0.000208,0.013586,-0.000027,-0.003420,-0.002311,0.002641,-0.000466,0.001322,-0.000210,-0.000462,-0.000102,0.000481,-0.000227,-0.001033,0.000073,-0.000210,-0.001822,-0.000063,0.001058,-0.000260,-0.000545,0.003412,0.000282,-0.000138,-0.000510,0.000041,-0.000049,0.000186,-0.000116,-0.000076,-0.000807,-0.000047,-0.000297
-0.000709,0.000086,-0.000055,0.000277,0.000328,-0.000009,0.000045,0.000180,-0.000005,-0.000027,0.001224,0.000012,0.000160,-0.000449,0.000187,-0.000050,-0.000200,0.000162,-0.000021,0.000289,0.000034,-0.000439,0.000021,-0.000131,-0.000115,0.000032,0.000601,0.000617,-0.000111,0.000407,0.000030,0.000002,0.000019,0.000730,0.000502,-0.000115,0.000158,0.000573,-0.000093,-0.000021,-0.000049
0.001666,0.000950,0.000954,-0.000708,-0.000674,0.000583,0.002033,0.000010,-0.000583,-0.003420,0.000012,0.061131,0.005613,-0.002622,0.002465,-0.000966,0.000385,0.001211,0.000006,-0.000472,-0.000081,0.001306,-0.000022,0.002906,0.006885,-0.000234,0.005063,0.001280,0.003126,-0.003531,-0.001654,0.000215,0.001619,-0.000767,-0.000668,-0.000123,-0.000514,-0.001219,0.003014,0.000047,0.000671
0.007072,-0.000421,0.001407,-0.000568,0.000347,0.000827,0.002433,0.005707,-0.000315,-0.002311,0.000160,0.005613,0.060901,-0.000789,0.002834,-0.000711,0.000032,-0.000766,-0.000153,-0.000258,0.000248,0.006790,0.000106,0.000892,0.009770,0.000349,0.005026,-0.001792,-0.001049,0.001864,0.003309,-0.000284,0.002495,-0.000630,-0.001669,0.000556,-0.003101,0.000602,0.006225,0.000292,0.001324
-0.002984,-0.001168,-0.000222,-0.000849,-0.000372,-0.000106,-0.002068,-0.005053,0.000318,0.002641,-0.000449,-0.002622,-0.000789,0.032553,0.000821,-0.000017,-0.000921,-0.001431,-0.000212,0.000043,0.000550,-0.001411,-0.000111,0.000090,-0.003035,-0.000203,0.000001,-0.001917,-0.000373,-0.000146,0.001074,-0.000368,-0.000977,-0.000676,-0.001632,0.000582,-0.001765,-0.001567,0.001137,-0.000175,-0.000317
0.005887,0.001305,-0.000139,0.001010,0.001294,0.001215,0.000693,-0.000234,0.001136,-0.000466,0.000187,0.002465,0.002834,0.000821,0.105387,0.000846,-0.001000,0.002108,-0.000433,0.001334,0.001346,0.002233,0.000017,-0.003143,0.000202,-0.000323,-0.006174,0.004064,-0.002311,0.000625,-0.002046,0.000380,0.000148,0.001578,-0.002225,-0.000862,0.003397,0.001620,0.000139,0.000613,-0.000020
0.002554,-0.000330,-0.000059,0.000314,0.000326,0.000357,0.000644,0.001448,-0.000036,0.001322,-0.000050,-0.000966,-0.000711,-0.000017,0.000846,0.004092,0.000034,0.000405,0.000018,0.000228,-0.000062,0.000457,0.000082,0.000215,-0.000529,0.000134,0.001763,-0.000892,0.000272,0.001550,0.000003,0.000005,0.000292,0.000500,0.000092,0.000167,-0.000210,-0.000189,-0.000090,0.000084,0.000058
0.000222,0.000509,0.001815,-0.000216,-0.000159,0.000154,-0.000080,0.000005,-0.000009,-0.000210,-0.000200,0.000385,0.000032,-0.000921,-0.001000,0.000034,0.009576,0.000443,-0.000097,-0.000119,0.000502,-0.000257,0.000067,0.000970,-0.000047,0.000028,-0.002502,-0.000138,-0.000519,0.000100,-0.000584,-0.000237,-0.000411,-0.000454,0.000703,-0.000272,0.001993,-0.000189,0.000037,0.000114,0.000315
0.000517,-0.000755,0.000405,0.000111,0.000169,0.000269,-0.000314,0.003365,0.000163,-0.000462,0.000162,0.001211,-0.000766,-0.001431,0.002108,0.000405,0.000443,0.022671,-0.000196,-0.000021,0.000483,0.000545,0.000024,-0.001412,0.002320,0.000008,0.001291,-0.000237,-0.000754,-0.001294,-0.001007,0.000125,0.000353,0.000419,0.000973,-0.000322,0.000389,0.001453,-0.001034,-0.000196,0.000288
-0.000433,0.000446,0.000030,0.000864,-0.000019,-0.000016,-0.000071,-0.000406,-0.000036,-0.000102,-0.000021,0.000006,-0.000153,-0.000212,-0.000433,0.000018,-0.000097,-0.000196,0.001645,-0.000021,-0.000009,0.000105,-0.000007,-0.000042,-0.000078,-0.000005,0.000591,0.000097,-0.000021,-0.000110,0.000243,-0.000014,-0.000035,-0.000054,0.000360,0.000169,0.000087,-0.000063,-0.000059,-0.000004,-0.000014
0.002612,0.000477,-0.000133,-0.000083,0.000153,-0.000088,0.000185,-0.000106,-0.000119,0.000481,0.000289,-0.000472,-0.000258,0.000043,0.001334,0.000228,-0.000119,-0.000021,-0.000021,0.006045,0.000247,-0.000536,0.000003,-0.000222,-0.000417,-0.000028,0.001149,-0.000381,-0.000111,0.002573,-0.000191,-0.000073,0.000070,0.001078,-0.000154,0.000038,0.000079,0.000104,-0.000337,-0.000021,-0.000012
0.001303,0.000069,0.000238,-0.000035,0.000177,0.000234,-0.000157,0.000245,-0.000007,-0.000227,0.000034,-0.000081,0.000248,0.000550,0.001346,-0.000062,0.000502,0.000483,-0.000009,0.000247,0.002912,-0.000298,-0.000009,-0.000093,0.000706,-0.000012,0.001430,-0.000585,-0.000046,-0.000245,0.000301,-0.000030,-0.000078,0.000099,-0.000185,-0.000100,0.001692,0.000080,-0.000043,-0.000009,0.000294
0.003396,-0.000663,-0.000366,-0.000244,0.000005,0.000700,0.002629,0.008498,0.000219,-0.001033,-0.000439,0.001306,0.006790,-0.001411,0.002233,0.000457,-0.000257,0.000545,0.000105,-0.000536,-0.000298,0.055978,0.000175,-0.002609,0.004070,-0.000149,0.005899,-0.006135,-0.000891,-0.001377,-0.001941,0.000586,0.001261,-0.001969,-0.001694,-0.000745,-0.002276,-0.000439,-0.003697,0.000184,0.000973
0.000323,-0.000048,0.000117,-0.000012,0.000022,0.000086,0.000035,0.000071,-0.000002,0.000073,0.000021,-0.000022,0.000106,-0.000111,0.000017,0.000082,0.000067,0.000024,-0.000007,0.000003,-0.000009,0.000175,0.000074,0.000000,0.000064,0.000021,-0.000051,0.000127,0.000000,0.000187,-0.000039,0.000056,0.000028,0.000069,0.000031,-0.000001,-0.000055,-0.000022,-0.000105,0.000011,0.000068
-0.000606,0.001445,0.001163,-0.000167,-0.000208,-0.000074,-0.000607,-0.003117,-0.000385,-0.000210,-0.000131,0.002906,0.000892,0.000090,-0.003143,0.000215,0.000970,-0.001412,-0.000042,-0.000222,-0.000093,-0.002609,0.000000,0.020663,0.000485,-0.000056,0.007292,0.000799,0.006374,-0.000703,0.000326,-0.000146,-0.000373,-0.000433,-0.000623,0.002264,-0.001812,-0.000671,0.003268,-0.000042,0.000334
0.003067,-0.000438,0.001259,-0.000313,0.000233,0.000584,0.001665,0.008330,-0.000611,-0.001822,-0.000115,0.006885,0.009770,-0.003035,0.000202,-0.000529,-0.000047,0.002320,-0.000078,-0.000417,0.000706,0.004070,0.000064,0.000485,0.038013,-0.000104,0.005739,-0.006604,-0.000417,-0.001988,-0.000648,-0.000274,0.001279,-0.001086,-0.000908,-0.000136,0.000311,-0.000104,-0.001738,-0.000078,0.001616
-0.000274,-0.000208,-0.000033,-0.000021,0.000096,0.000046,0.000174,0.000413,0.000025,-0.000063,0.000032,-0.000234,0.000349,-0.000203,-0.000323,0.000134,0.000028,0.000008,-0.000005,-0.000028,-0.000012,-0.000149,0.000021,-0.000056,-0.000104,0.000873,0.000309,-0.000235,-0.000028,0.000222,0.000074,-0.000018,-0.000047,0.000172,0.000228,0.000002,0.000075,-0.000029,-0.000168,-0.000005,-0.000019
0.002733,-0.000791,0.000443,0.000848,0.000319,-0.000250,0.003870,0.000223,-0.001402,0.001058,0.000601,0.005063,0.005026,0.000001,-0.006174,0.001763,-0.002502,0.001291,0.000591,0.001149,0.001430,0.005899,-0.000051,0.007292,0.005739,0.000309,0.104344,-0.004691,0.004180,0.001299,0.001115,0.000183,0.001324,0.001337,0.000288,0.002833,-0.001186,0.000834,0.003631,0.000597,0.000661
-0.008069,0.000346,-0.000825,-0.000554,0.000024,-0.000196,-0.001491,-0.002473,-0.000233,-0.000260,0.000617,0.001280,-0.001792,-0.001917,0.004064,-0.000892,-0.000138,-0.000237,0.000097,-0.000381,-0.000585,-0.006135,0.000127,0.000799,-0.006604,-0.000235,-0.004691,0.061501,0.000065,-0.000432,-0.000058,0.000482,-0.000756,0.001780,-0.000056,0.001391,-0.000037,-0.000092,0.004026,-0.000197,-0.000771
-0.001359,0.001573,-0.000133,-0.000083,-0.000104,0.000014,-0.000377,-0.002166,-0.000192,-0.000545,-0.000111,0.003126,-0.001049,-0.000373,-0.002311,0.000272,-0.000519,-0.000754,-0.000021,-0.000111,-0.000046,-0.000891,0.000000,0.006374,-0.000417,-0.000028,0.004180,0.000065,0.010443,-0.000589,0.000127,-0.000073,0.000253,-0.000290,-0.000217,0.000770,-0.000906,-0.000335,0.002436,-0.000021,0.000118
0.000269,0.001387,-0.000051,0.000776,0.000773,-0.000021,0.000959,0.000566,-0.000267,0.003412,0.000407,-0.003531,0.001864,-0.000146,0.000625,0.001550,0.000100,-0.001294,-0.000110,0.002573,-0.000245,-0.001377,0.000187,-0.000703,-0.001988,0.000222,0.001299,-0.000432,-0.000589,0.017968,0.000958,-0.000330,-0.000039,0.002183,0.000401,-0.000413,0.000425,0.000410,-0.001877,0.000213,-0.000001
-0.000802,0.000625,0.000006,0.000131,0.000260,0.000054,0.000197,-0.002384,-0.000007,0.000282,0.000030,-0.001654,0.003309,0.001074,-0.002046,0.000003,-0.000584,-0.001007,0.000243,-0.000191,0.000301,-0.001941,-0.000039,0.000326,-0.000648,0.000074,0.001115,-0.000058,0.000127,0.000958,0.008850,-0.000134,0.000039,0.000351,-0.000125,0.000548,-0.000258,0.000372,0.001619,-0.000009,0.000056
0.000854,-0.000409,-0.000074,-0.000055,-0.000045,0.000488,-0.000119,0.000690,-0.000106,-0.000138,0.000002,0.000215,-0.000284,-0.000368,0.000380,0.000005,-0.000237,0.000125,-0.000014,-0.000073,-0.000030,0.000586,0.000056,-0.000146,-0.000274,-0.000018,0.000183,0.000482,-0.000073,-0.000330,-0.000134,0.002384,-0.000109,0.000002,-0.000036,-0.000205,-0.000390,-0.000096,-0.000095,0.000028,0.000365
0.002849,-0.000306,-0.000022,0.000007,0.000061,-0.000079,0.001573,0.002788,-0.000043,-0.000510,0.000019,0.001619,0.002495,-0.000977,0.000148,0.000292,-0.000411,0.000353,-0.000035,0.000070,-0.000078,0.001261,0.000028,-0.000373,0.001279,-0.000047,0.001324,-0.000756,0.000253,-0.000039,0.000039,-0.000109,0.003947,-0.000211,-0.000117,-0.000295,0.000003,0.000001,0.000463,-0.000035,0.000241
-0.002277,0.000496,-0.000097,0.000711,0.000660,0.000087,0.000044,-0.000318,0.000162,0.000041,0.000730,-0.000767,-0.000630,-0.000676,0.001578,0.000500,-0.000454,0.000419,-0.000054,0.001078,0.000099,-0.001969,0.000069,-0.000433,-0.001086,0.000172,0.001337,0.001780,-0.000290,0.002183,0.000351,0.000002,-0.000211,0.006506,0.001217,-0.000509,0.000449,0.001710,-0.000312,-0.000054,-0.000196
-0.003525,0.000192,-0.000225,0.000057,0.000618,-0.000106,0.000929,-0.003735,-0.000053,-0.000049,0.000502,-0.000668,-0.001669,-0.001632,-0.002225,0.000092,0.000703,0.000973,0.000360,-0.000154,-0.000185,-0.001694,0.000031,-0.000623,-0.000908,0.000228,0.000288,-0.000056,-0.000217,0.000401,-0.000125,-0.000036,-0.000117,0.001217,0.015810,-0.000592,0.002202,0.001672,-0.001866,-0.000064,-0.000259
0.000028,0.000021,0.000132,-0.000067,-0.000147,-0.000089,-0.000059,-0.001900,-0.000001,0.000186,-0.000115,-0.000123,0.000556,0.000582,-0.000862,0.000167,-0.000272,-0.000322,0.000169,0.000038,-0.000100,-0.000745,-0.000001,0.002264,-0.000136,0.000002,0.002833,0.001391,0.000770,-0.000413,0.000548,-0.000205,-0.000295,-0.000509,-0.000592,0.013652,-0.001693,-0.000532,0.002985,-0.000001,0.000155
0.000520,0.002672,0.000361,0.000015,0.000128,0.000671,-0.000451,-0.001190,-0.000143,-0.000116,0.000158,-0.000514,-0.003101,-0.001765,0.003397,-0.000210,0.001993,0.000389,0.000087,0.000079,0.001692,-0.002276,-0.000055,-0.001812,0.000311,0.000075,-0.001186,-0.000037,-0.000906,0.000425,-0.000258,-0.000390,0.000003,0.000449,0.002202,-0.001693,0.020470,0.001154,-0.001684,-0.000128,-0.000037
-0.001566,0.001312,-0.000003,0.000958,0.000804,-0.000201,-0.000047,-0.000776,-0.000113,-0.000076,0.000573,-0.001219,0.000602,-0.001567,0.001620,-0.000189,-0.000189,0.001453,-0.000063,0.000104,0.000080,-0.000439,-0.000022,-0.000671,-0.000104,-0.000029,0.000834,-0.000092,-0.000335,0.000410,0.000372,-0.000096,0.000001,0.001710,0.001672,-0.000532,0.001154,0.007584,-0.000818,-0.000063,-0.000019
0.000470,0.002121,0.001075,-0.001104,-0.000835,-0.000398,0.000052,-0.004632,-0.000479,-0.000807,-0.000093,0.003014,0.006225,0.001137,0.000139,-0.000090,0.000037,-0.001034,-0.000059,-0.000337,-0.000043,-0.003697,-0.000105,0.003268,-0.001738,-0.000168,0.003631,0.004026,0.002436,-0.001877,0.001619,-0.000095,0.000463,-0.000312,-0.001866,0.002985,-0.001684,-0.000818,0.042395,0.000038,0.000534
0.000260,-0.000104,-0.000025,-0.000016,0.000026,-0.000016,0.000113,0.000173,-0.000036,-0.000047,-0.000021,0.000047,0.000292,-0.000175,0.000613,0.000084,0.000114,-0.000196,-0.000004,-0.000021,-0.000009,0.000184,0.000011,-0.000042,-0.000078,-0.000005,0.000597,-0.000197,-0.000021,0.000213,-0.000009,0.000028,-0.000035,-0.000054,-0.000064,-0.000001,-0.000128,-0.000063,0.000038,0.000821,0.000083
0.001188,-0.000245,0.000718,0.000072,-0.000048,0.000443,0.000349,0.001030,-0.000083,-0.000297,-0.000049,0.000671,0.001324,-0.000317,-0.000020,0.000058,0.000315,0.000288,-0.000014,-0.000012,0.000294,0.000973,0.000068,0.000334,0.001616,-0.000019,0.000661,-0.000771,0.000118,-0.000001,0.000056,0.000365,0.000241,-0.000196,-0.000259,0.000155,-0.000037,-0.000019,0.000534,0.000083,0.001144
