0.317165,0.001665,-0.134467,-4.283937,-0.000091,72.639656
0.001665,0.000369,-0.000426,-0.021267,0.000314,0.359241
-0.134467,-0.000426,0.058302,1.817954,0.002494,-30.820998
-4.283937,-0.021267,1.817954,57.869909,0.003195,-981.260419
-0.000091,0.000314,0.002494,0.003195,0.005018,-0.043053
72.639656,0.359241,-30.820998,-981.260419,-0.043053,16638.598245
