1.179899,0.004656,0.002100,0.138522,0.052913,0.934509
0.004656,0.000089,0.000103,0.000575,0.000249,0.004120
0.002100,0.000103,0.005299,0.001600,0.001891,0.025676
0.138522,0.000575,0.001600,0.018297,0.009490,0.115861
0.052913,0.000249,0.001891,0.009490,0.007689,0.050078
0.934509,0.004120,0.025676,0.115861,0.050078,0.849049
