0.024281,0.003533,0.022847,-0.002646,0.043044,0.275179
0.003533,0.200944,0.029497,0.007634,0.070325,0.446811
0.022847,0.029497,0.037926,0.001814,0.056831,0.399743
-0.002646,0.007634,0.001814,0.001754,0.010364,0.057267
0.043044,0.070325,0.056831,0.010364,0.441276,2.283095
0.275179,0.446811,0.399743,0.057267,2.283095,12.308385
