0.170302,0.000855,0.047859,-0.118515,0.029752,-0.292028
0.000855,0.015059,0.009700,0.000905,0.000560,0.040756
0.047859,0.009700,0.031767,-0.030026,0.010854,-0.036705
-0.118515,0.000905,-0.030026,0.106462,-0.021197,0.270305
0.029752,0.000560,0.010854,-0.021197,0.005653,-0.048887
-0.292028,0.040756,-0.036705,0.270305,-0.048887,0.798221
