0.584176,0.000327,0.006937,0.007288,0.000052,0.000081
0.000327,0.000138,0.000061,0.000693,-0.000116,-0.000064
0.006937,0.000061,0.021568,0.010401,0.005011,0.000660
0.007288,0.000693,0.010401,0.099023,-0.003215,0.000329
0.000052,-0.000116,0.005011,-0.003215,0.020530,-0.000004
0.000081,-0.000064,0.000660,0.000329,-0.000004,0.002900
