0.023367,0.000935,0.001734,0.000574,0.000011,0.000050
0.000935,0.028172,0.001090,0.003895,-0.001822,-0.002794
0.001734,0.001090,0.033699,0.005119,0.006883,0.002537
0.000574,0.003895,0.005119,0.015349,-0.001391,0.000398
0.000011,-0.001822,0.006883,-0.001391,0.024791,-0.000012
0.000050,-0.002794,0.002537,0.000398,-0.000012,0.027460
