0.012703,-0.002374,0.001666,-0.000128,0.000142,0.001209
-0.002374,0.031652,0.000891,0.002165,-0.001147,-0.000705
0.001666,0.000891,0.028986,0.003953,0.005565,0.002457
-0.000128,0.002165,0.003953,0.014859,-0.002127,0.000131
0.000142,-0.001147,0.005565,-0.002127,0.026306,0.000857
0.001209,-0.000705,0.002457,0.000131,0.000857,0.031339
