0.002299,0.001003,0.000002,-0.000050,-0.000161,0.000019
0.001003,0.032549,0.001692,0.002356,-0.000394,-0.001017
0.000002,0.001692,0.025956,0.003790,0.005042,0.002331
-0.000050,0.002356,0.003790,0.015081,-0.001794,0.001211
-0.000161,-0.000394,0.005042,-0.001794,0.026485,0.001699
0.000019,-0.001017,0.002331,0.001211,0.001699,0.031330
