1.465684,-0.002493,0.001422,-0.013443,-0.006475,0.001581
-0.002493,0.000363,0.000177,0.002110,-0.000274,0.000096
0.001422,0.000177,0.042966,0.025283,0.021823,0.001549
-0.013443,0.002110,0.025283,0.212126,-0.026662,-0.001215
-0.006475,-0.000274,0.021823,-0.026662,0.046528,0.000649
0.001581,0.000096,0.001549,-0.001215,0.000649,0.007462
