0.058627,-0.007124,0.000356,-0.001058,-0.001423,0.000973
-0.007124,0.074039,0.003152,0.011866,-0.004294,0.004218
0.000356,0.003152,0.067135,0.012443,0.029976,0.005957
-0.001058,0.011866,0.012443,0.032880,-0.011535,-0.001472
-0.001423,-0.004294,0.029976,-0.011535,0.056186,0.002195
0.000973,0.004218,0.005957,-0.001472,0.002195,0.070648
