0.306358,0.000000,0.215509,0.004025,0.243102,0.236119,0.548849,2.114409,0.000000,0.226964,0.303484,-0.012190,0.000000,-0.051545,0.476892,0.000000,0.006002,0.000000,-0.007711,0.000000,0.027975,0.013941,0.000000,-0.003153,0.025763,0.006214,0.000000,-0.005579,0.000000,1.611116,-0.055230,0.084471,0.273105,0.180705,0.000000,0.172252,0.023275,0.025478,0.000000,0.000000,0.377427
0.000000,0.000000,0.000000,0.000000,0.000000,0.000000,0.000000,0.000000,0.000000,0.000000,0.000000,0.000000,0.000000,0.000000,0.000000,0.000000,0.000000,0.000000,0.000000,0.000000,0.000000,0.000000,0.000000,0.000000,0.000000,0.000000,0.000000,0.000000,0.000000,0.000000,0.000000,0.000000,0.000000,0.000000,0.000000,0.000000,0.000000,0.000000,0.000000,0.000000,0.000000
0.215509,0.000000,2.250013,0.012025,0.002227,0.131900,0.968995,1.475545,0.000000,-0.261042,-0.100519,0.020118,0.000000,-0.114382,0.315171,0.000000,0.026191,0.000000,0.000532,0.000000,0.056212,0.072198,0.000000,0.101202,0.280267,-0.019116,0.000000,-0.002491,0.000000,-1.305162,-0.185197,0.161930,1.086764,-0.147387,0.000000,0.699162,0.060198,-0.090628,0.000000,0.000000,1.953967
0.004025,0.000000,0.012025,0.078095,0.300147,0.004095,0.126091,-0.134212,0.000000,0.021873,0.394310,-0.017003,0.000000,-0.015905,0.021869,0.000000,0.000577,0.000000,0.012678,0.000000,-0.001415,-0.000402,0.000000,-0.001865,0.010205,0.019500,0.000000,0.000293,0.000000,0.478823,0.051137,-0.007010,0.096431,0.329888,0.000000,-0.000254,0.007667,0.152767,0.000000,0.000000,0.004623
0.243102,0.000000,0.002227,0.300147,4.361126,0.087455,1.773697,2.502729,0.000000,0.404765,5.047476,-0.180482,0.000000,-0.145239,0.617898,0.000000,0.002062,0.000000,0.012304,0.000000,-0.002772,0.015068,0.000000,-0.031419,0.048036,0.127996,0.000000,-0.005912,0.000000,8.746528,0.580203,-0.049536,1.196002,3.719435,0.000000,0.043130,-0.013884,1.704638,0.000000,0.000000,-0.060210
0.236119,0.000000,0.131900,0.004095,0.087455,0.969269,0.300797,-0.464459,0.000000,0.080571,0.054161,-0.002931,0.000000,-0.022786,0.366961,0.000000,0.015406,0.000000,-0.002823,0.000000,0.108332,-0.016793,0.000000,-0.004955,-0.001168,0.000414,0.000000,-0.001587,0.000000,-0.083765,0.020382,0.155471,-0.017854,-0.016572,0.000000,0.013114,0.165192,-0.057092,0.000000,0.000000,1.262691
0.548849,0.000000,0.968995,0.126091,1.773697,0.300797,5.412006,12.677424,0.000000,0.542446,2.242004,-0.218410,0.000000,-0.585955,1.119941,0.000000,0.008361,0.000000,-0.006967,0.000000,-0.023116,0.100841,0.000000,0.049944,0.206743,0.073216,0.000000,-0.009535,0.000000,5.690679,-0.034300,-0.191225,2.945180,1.602037,0.000000,0.560043,-0.099651,0.416542,0.000000,0.000000,0.775434
2.114409,0.000000,1.475545,-0.134212,2.502729,-0.464459,12.677424,85.629487,0.000000,-2.071810,2.788954,0.142987,0.000000,-2.856006,3.979704,0.000000,-0.031389,0.000000,-0.148883,0.000000,-0.144817,0.582221,0.000000,0.083668,0.737511,0.231130,0.000000,-0.063190,0.000000,3.382261,-2.568523,0.238112,6.053836,1.525457,0.000000,1.617750,-1.380299,-1.108204,0.000000,0.000000,1.113742
0.000000,0.000000,0.000000,0.000000,0.000000,0.000000,0.000000,0.000000,0.000000,0.000000,0.000000,0.000000,0.000000,0.000000,0.000000,0.000000,0.000000,0.000000,0.000000,0.000000,0.000000,0.000000,0.000000,0.000000,0.000000,0.000000,0.000000,0.000000,0.000000,0.000000,0.000000,0.000000,0.000000,0.000000,0.000000,0.000000,0.000000,0.000000,0.000000,0.000000,0.000000
0.226964,0.000000,-0.261042,0.021873,0.404765,0.080571,0.542446,-2.071810,0.000000,3.035869,0.479389,-0.634471,0.000000,0.450387,0.586624,0.000000,0.015676,0.000000,-0.010745,0.000000,-0.036805,-0.057834,0.000000,-0.030706,-0.071183,-0.029291,0.000000,-0.008074,0.000000,15.423172,1.389286,-0.008872,0.314672,0.199610,0.000000,-0.069005,0.345113,-0.010707,0.000000,0.000000,-0.496998
0.303484,0.000000,-0.100519,0.394310,5.047476,0.054161,2.242004,2.788954,0.000000,0.479389,7.535175,-0.205648,0.000000,-0.245051,0.768345,0.000000,0.004105,0.000000,0.014729,0.000000,-0.012925,0.016594,0.000000,-0.047860,0.086706,0.176965,0.000000,-0.007869,0.000000,11.092191,0.595369,-0.101096,1.622389,5.250263,0.000000,-0.008883,0.013895,2.466713,0.000000,0.000000,-0.157465
-0.012190,0.000000,0.020118,-0.017003,-0.180482,-0.002931,-0.218410,0.142987,0.000000,-0.634471,-0.205648,0.490929,0.000000,-0.062189,-0.070646,0.000000,-0.007444,0.000000,-0.000189,0.000000,0.004433,0.013810,0.000000,0.002777,-0.004433,0.001694,0.000000,0.000973,0.000000,-3.983123,-0.242317,0.034643,-0.062249,-0.111985,0.000000,0.024440,-0.138111,-0.050863,0.000000,0.000000,0.010134
0.000000,0.000000,0.000000,0.000000,0.000000,0.000000,0.000000,0.000000,0.000000,0.000000,0.000000,0.000000,0.000000,0.000000,0.000000,0.000000,0.000000,0.000000,0.000000,0.000000,0.000000,0.000000,0.000000,0.000000,0.000000,0.000000,0.000000,0.000000,0.000000,0.000000,0.000000,0.000000,0.000000,0.000000,0.000000,0.000000,0.000000,0.000000,0.000000,0.000000,0.000000
-0.051545,0.000000,-0.114382,-0.015905,-0.145239,-0.022786,-0.585955,-2.856006,0.000000,0.450387,-0.245051,-0.062189,0.000000,0.638739,0.039381,0.000000,-0.005050,0.000000,-0.002124,0.000000,-0.004384,-0.023424,0.000000,-0.006765,-0.034461,-0.023210,0.000000,0.000951,0.000000,1.706658,1.268758,-0.065618,-0.288155,-0.230910,0.000000,-0.040539,-0.035009,-0.066639,0.000000,0.000000,-0.114608
0.476892,0.000000,0.315171,0.021869,0.617898,0.366961,1.119941,3.979704,0.000000,0.586624,0.768345,-0.070646,0.000000,0.039381,0.891664,0.000000,0.005450,0.000000,-0.014063,0.000000,0.033959,0.023823,0.000000,-0.006505,0.033912,0.017755,0.000000,-0.010161,0.000000,3.949157,0.535010,0.127168,0.546177,0.503339,0.000000,0.247327,-0.043489,0.114331,0.000000,0.000000,0.533660
0.000000,0.000000,0.000000,0.000000,0.000000,0.000000,0.000000,0.000000,0.000000,0.000000,0.000000,0.000000,0.000000,0.000000,0.000000,0.000000,0.000000,0.000000,0.000000,0.000000,0.000000,0.000000,0.000000,0.000000,0.000000,0.000000,0.000000,0.000000,0.000000,0.000000,0.000000,0.000000,0.000000,0.000000,0.000000,0.000000,0.000000,0.000000,0.000000,0.000000,0.000000
0.006002,0.000000,0.026191,0.000577,0.002062,0.015406,0.008361,-0.031389,0.000000,0.015676,0.004105,-0.007444,0.000000,-0.005050,0.005450,0.000000,0.001999,0.000000,0.000134,0.000000,0.005211,-0.000647,0.000000,0.000479,0.004126,-0.000430,0.000000,0.000064,0.000000,0.128678,-0.018931,0.000105,0.016935,0.000621,0.000000,0.005247,0.023647,0.002498,0.000000,0.000000,0.062531
0.000000,0.000000,0.000000,0.000000,0.000000,0.000000,0.000000,0.000000,0.000000,0.000000,0.000000,0.000000,0.000000,0.000000,0.000000,0.000000,0.000000,0.000000,0.000000,0.000000,0.000000,0.000000,0.000000,0.000000,0.000000,0.000000,0.000000,0.000000,0.000000,0.000000,0.000000,0.000000,0.000000,0.000000,0.000000,0.000000,0.000000,0.000000,0.000000,0.000000,0.000000
-0.007711,0.000000,0.000532,0.012678,0.012304,-0.002823,-0.006967,-0.148883,0.000000,-0.010745,0.014729,-0.000189,0.000000,-0.002124,-0.014063,0.000000,0.000134,0.000000,0.013081,0.000000,-0.000306,-0.001028,0.000000,-0.000403,0.001137,-0.000348,0.000000,0.000199,0.000000,-0.007610,-0.003871,-0.001516,0.001168,0.016952,0.000000,-0.005331,0.005184,0.020515,0.000000,0.000000,-0.000676
0.000000,0.000000,0.000000,0.000000,0.000000,0.000000,0.000000,0.000000,0.000000,0.000000,0.000000,0.000000,0.000000,0.000000,0.000000,0.000000,0.000000,0.000000,0.000000,0.000000,0.000000,0.000000,0.000000,0.000000,0.000000,0.000000,0.000000,0.000000,0.000000,0.000000,0.000000,0.000000,0.000000,0.000000,0.000000,0.000000,0.000000,0.000000,0.000000,0.000000,0.000000
0.027975,0.000000,0.056212,-0.001415,-0.002772,0.108332,-0.023116,-0.144817,0.000000,-0.036805,-0.012925,0.004433,0.000000,-0.004384,0.033959,0.000000,0.005211,0.000000,-0.000306,0.000000,0.051929,-0.003135,0.000000,-0.001109,0.003786,-0.000956,0.000000,-0.000780,0.000000,-0.162212,-0.013464,0.001109,-0.013938,-0.011759,0.000000,0.006679,0.051649,-0.010535,0.000000,0.000000,0.268919
0.013941,0.000000,0.072198,-0.000402,0.015068,-0.016793,0.100841,0.582221,0.000000,-0.057834,0.016594,0.013810,0.000000,-0.023424,0.023823,0.000000,-0.000647,0.000000,-0.001028,0.000000,-0.003135,0.009140,0.000000,0.006342,0.010451,0.001957,0.000000,0.000311,0.000000,-0.161422,-0.031924,0.001653,0.059360,0.005666,0.000000,0.050085,-0.025120,-0.005878,0.000000,0.000000,0.017453
0.000000,0.000000,0.000000,0.000000,0.000000,0.000000,0.000000,0.000000,0.000000,0.000000,0.000000,0.000000,0.000000,0.000000,0.000000,0.000000,0.000000,0.000000,0.000000,0.000000,0.000000,0.000000,0.000000,0.000000,0.000000,0.000000,0.000000,0.000000,0.000000,0.000000,0.000000,0.000000,0.000000,0.000000,0.000000,0.000000,0.000000,0.000000,0.000000,0.000000,0.000000
-0.003153,0.000000,0.101202,-0.001865,-0.031419,-0.004955,0.049944,0.083668,0.000000,-0.030706,-0.047860,0.002777,0.000000,-0.006765,-0.006505,0.000000,0.000479,0.000000,-0.000403,0.000000,-0.001109,0.006342,0.000000,0.036797,-0.001486,-0.001260,0.000000,0.002150,0.000000,-0.250287,-0.015613,-0.005494,0.058324,-0.045903,0.000000,0.115065,-0.009492,-0.024741,0.000000,0.000000,0.100286
0.025763,0.000000,0.280267,0.010205,0.048036,-0.001168,0.206743,0.737511,0.000000,-0.071183,0.086706,-0.004433,0.000000,-0.034461,0.033912,0.000000,0.004126,0.000000,0.001137,0.000000,0.003786,0.010451,0.000000,-0.001486,0.122206,-0.003374,0.000000,-0.000830,0.000000,-0.133831,-0.083086,0.009881,0.234766,0.048776,0.000000,0.042729,0.018790,0.009808,0.000000,0.000000,0.271215
0.006214,0.000000,-0.019116,0.019500,0.127996,0.000414,0.073216,0.231130,0.000000,-0.029291,0.176965,0.001694,0.000000,-0.023210,0.017755,0.000000,-0.000430,0.000000,-0.000348,0.000000,-0.000956,0.001957,0.000000,-0.001260,-0.003374,0.042449,0.000000,-0.000098,0.000000,-0.095377,0.003736,-0.003417,0.039270,0.158682,0.000000,0.001319,-0.011872,0.050094,0.000000,0.000000,-0.021407
0.000000,0.000000,0.000000,0.000000,0.000000,0.000000,0.000000,0.000000,0.000000,0.000000,0.000000,0.000000,0.000000,0.000000,0.000000,0.000000,0.000000,0.000000,0.000000,0.000000,0.000000,0.000000,0.000000,0.000000,0.000000,0.000000,0.000000,0.000000,0.000000,0.000000,0.000000,0.000000,0.000000,0.000000,0.000000,0.000000,0.000000,0.000000,0.000000,0.000000,0.000000
-0.005579,0.000000,-0.002491,0.000293,-0.005912,-0.001587,-0.009535,-0.063190,0.000000,-0.008074,-0.007869,0.000973,0.000000,0.000951,-0.010161,0.000000,0.000064,0.000000,0.000199,0.000000,-0.000780,0.000311,0.000000,0.002150,-0.000830,-0.000098,0.000000,0.026385,0.000000,-0.035671,-0.006080,-0.000644,-0.005297,-0.001954,0.000000,0.004358,0.001629,0.000172,0.000000,0.000000,-0.001850
0.000000,0.000000,0.000000,0.000000,0.000000,0.000000,0.000000,0.000000,0.000000,0.000000,0.000000,0.000000,0.000000,0.000000,0.000000,0.000000,0.000000,0.000000,0.000000,0.000000,0.000000,0.000000,0.000000,0.000000,0.000000,0.000000,0.000000,0.000000,0.000000,0.000000,0.000000,0.000000,0.000000,0.000000,0.000000,0.000000,0.000000,0.000000,0.000000,0.000000,0.000000
1.611116,0.000000,-1.305162,0.478823,8.746528,-0.083765,5.690679,3.382261,0.000000,15.423172,11.092191,-3.983123,0.000000,1.706658,3.949157,0.000000,0.128678,0.000000,-0.007610,0.000000,-0.162212,-0.161422,0.000000,-0.250287,-0.133831,-0.095377,0.000000,-0.035671,0.000000,139.364552,6.698636,0.408921,3.487367,7.829608,0.000000,0.092378,2.498676,3.294855,0.000000,0.000000,-2.541833
-0.055230,0.000000,-0.185197,0.051137,0.580203,0.020382,-0.034300,-2.568523,0.000000,1.389286,0.595369,-0.242317,0.000000,1.268758,0.535010,0.000000,-0.018931,0.000000,-0.003871,0.000000,-0.013464,-0.031924,0.000000,-0.015613,-0.083086,0.003736,0.000000,-0.006080,0.000000,6.698636,4.601207,-0.108124,-0.031712,0.424239,0.000000,-0.122275,-0.288422,0.101590,0.000000,0.000000,-0.213491
0.084471,0.000000,0.161930,-0.007010,-0.049536,0.155471,-0.191225,0.238112,0.000000,-0.008872,-0.101096,0.034643,0.000000,-0.065618,0.127168,0.000000,0.000105,0.000000,-0.001516,0.000000,0.001109,0.001653,0.000000,-0.005494,0.009881,-0.003417,0.000000,-0.000644,0.000000,0.408921,-0.108124,0.426579,-0.110735,-0.068993,0.000000,-0.012362,-0.026172,-0.057053,0.000000,0.000000,0.203024
0.273105,0.000000,1.086764,0.096431,1.196002,-0.017854,2.945180,6.053836,0.000000,0.314672,1.622389,-0.062249,0.000000,-0.288155,0.546177,0.000000,0.016935,0.000000,0.001168,0.000000,-0.013938,0.059360,0.000000,0.058324,0.234766,0.039270,0.000000,-0.005297,0.000000,3.487367,-0.031712,-0.110735,2.489055,1.308149,0.000000,0.430235,0.053359,0.398704,0.000000,0.000000,0.972139
0.180705,0.000000,-0.147387,0.329888,3.719435,-0.016572,1.602037,1.525457,0.000000,0.199610,5.250263,-0.111985,0.000000,-0.230910,0.503339,0.000000,0.000621,0.000000,0.016952,0.000000,-0.011759,0.005666,0.000000,-0.045903,0.048776,0.158682,0.000000,-0.001954,0.000000,7.829608,0.424239,-0.068993,1.308149,5.067507,0.000000,-0.100075,-0.018859,1.936733,0.000000,0.000000,-0.202598
0.000000,0.000000,0.000000,0.000000,0.000000,0.000000,0.000000,0.000000,0.000000,0.000000,0.000000,0.000000,0.000000,0.000000,0.000000,0.000000,0.000000,0.000000,0.000000,0.000000,0.000000,0.000000,0.000000,0.000000,0.000000,0.000000,0.000000,0.000000,0.000000,0.000000,0.000000,0.000000,0.000000,0.000000,0.000000,0.000000,0.000000,0.000000,0.000000,0.000000,0.000000
0.172252,0.000000,0.699162,-0.000254,0.043130,0.013114,0.560043,1.617750,0.000000,-0.069005,-0.008883,0.024440,0.000000,-0.040539,0.247327,0.000000,0.005247,0.000000,-0.005331,0.000000,0.006679,0.050085,0.000000,0.115065,0.042729,0.001319,0.000000,0.004358,0.000000,0.092378,-0.122275,-0.012362,0.430235,-0.100075,0.000000,0.975909,-0.038795,-0.072599,0.000000,0.000000,0.550550
0.023275,0.000000,0.060198,0.007667,-0.013884,0.165192,-0.099651,-1.380299,0.000000,0.345113,0.013895,-0.138111,0.000000,-0.035009,-0.043489,0.000000,0.023647,0.000000,0.005184,0.000000,0.051649,-0.025120,0.000000,-0.009492,0.018790,-0.011872,0.000000,0.001629,0.000000,2.498676,-0.288422,-0.026172,0.053359,-0.018859,0.000000,-0.038795,0.390806,0.046805,0.000000,0.000000,0.507671
0.025478,0.000000,-0.090628,0.152767,1.704638,-0.057092,0.416542,-1.108204,0.000000,-0.010707,2.466713,-0.050863,0.000000,-0.066639,0.114331,0.000000,0.002498,0.000000,0.020515,0.000000,-0.010535,-0.005878,0.000000,-0.024741,0.009808,0.050094,0.000000,0.000172,0.000000,3.294855,0.101590,-0.057053,0.398704,1.936733,0.000000,-0.072599,0.046805,1.162059,0.000000,0.000000,-0.179745
0.000000,0.000000,0.000000,0.000000,0.000000,0.000000,0.000000,0.000000,0.000000,0.000000,0.000000,0.000000,0.000000,0.000000,0.000000,0.000000,0.000000,0.000000,0.000000,0.000000,0.000000,0.000000,0.000000,0.000000,0.000000,0.000000,0.000000,0.000000,0.000000,0.000000,0.000000,0.000000,0.000000,0.000000,0.000000,0.000000,0.000000,0.000000,0.000000,0.000000,0.000000
0.000000,0.000000,0.000000,0.000000,0.000000,0.000000,0.000000,0.000000,0.000000,0.000000,0.000000,0.000000,0.000000,0.000000,0.000000,0.000000,0.000000,0.000000,0.000000,0.000000,0.000000,0.000000,0.000000,0.000000,0.000000,0.000000,0.000000,0.000000,0.000000,0.000000,0.000000,0.000000,0.000000,0.000000,0.000000,0.000000,0.000000,0.000000,0.000000,0.000000,0.000000
0.377427,0.000000,1.953967,0.004623,-0.060210,1.262691,0.775434,1.113742,0.000000,-0.496998,-0.157465,0.010134,0.000000,-0.114608,0.533660,0.000000,0.062531,0.000000,-0.000676,0.000000,0.268919,0.017453,0.000000,0.100286,0.271215,-0.021407,0.000000,-0.001850,0.000000,-2.541833,-0.213491,0.203024,0.972139,-0.202598,0.000000,0.550550,0.507671,-0.179745,0.000000,0.000000,4.430896
