0.014128,0.000000,0.003470,0.000258,0.001412,0.004197,0.006302,0.006938,0.000000,0.004681,0.001578,-0.000818,0.000000,-0.003029,0.011455,0.000000,0.004147,0.000000,-0.000992,0.000000,0.001454,0.003297,0.000000,-0.000431,0.005547,0.000561,0.000000,-0.000097,0.000000,0.004757,-0.000908,0.002440,0.004750,0.001913,0.000000,0.004143,0.001962,0.000578,0.000000,0.000000,0.003059
0.000000,0.000000,0.000000,0.000000,0.000000,0.000000,0.000000,0.000000,0.000000,0.000000,0.000000,0.000000,0.000000,0.000000,0.000000,0.000000,0.000000,0.000000,0.000000,0.000000,0.000000,0.000000,0.000000,0.000000,0.000000,0.000000,0.000000,0.000000,0.000000,0.000000,0.000000,0.000000,0.000000,0.000000,0.000000,0.000000,0.000000,0.000000,0.000000,0.000000,0.000000
0.003470,0.000000,0.014216,0.000299,0.000155,0.000596,0.005120,0.002446,0.000000,-0.001878,-0.000018,0.000279,0.000000,-0.002710,0.002850,0.000000,0.005514,0.000000,0.000002,0.000000,0.000784,0.007615,0.000000,0.007562,0.021998,-0.000326,0.000000,0.000009,0.000000,-0.001536,-0.000875,0.002214,0.008004,-0.000371,0.000000,0.006389,0.000708,-0.000544,0.000000,0.000000,0.005396
0.000258,0.000000,0.000299,0.009627,0.003258,0.000105,0.002652,-0.000658,0.000000,0.000501,0.003407,-0.000497,0.000000,-0.001316,0.000898,0.000000,0.000383,0.000000,0.002309,0.000000,-0.000130,-0.000123,0.000000,-0.000706,0.003993,0.002297,0.000000,-0.000068,0.000000,0.002166,0.001081,-0.000316,0.003004,0.007040,0.000000,-0.000062,0.000427,0.006984,0.000000,0.000000,0.000033
0.001412,0.000000,0.000155,0.003258,0.004639,0.000047,0.003509,0.001442,0.000000,0.000770,0.004500,-0.000329,0.000000,-0.001306,0.002214,0.000000,-0.000030,0.000000,0.000149,0.000000,-0.000070,0.000847,0.000000,-0.000825,0.002962,0.001984,0.000000,0.000009,0.000000,0.003173,0.000888,-0.000230,0.003086,0.007164,0.000000,0.000489,-0.000441,0.007036,0.000000,0.000000,-0.000157
0.004197,0.000000,0.000596,0.000105,0.000047,0.005481,-0.000104,-0.000822,0.000000,0.000174,-0.000072,-0.000645,0.000000,0.000048,0.003222,0.000000,0.003560,0.000000,-0.000129,0.000000,0.001842,-0.002033,0.000000,-0.000428,-0.000336,0.000041,0.000000,0.000030,0.000000,-0.000747,0.000227,0.001745,-0.000664,-0.000455,0.000000,0.000041,0.003134,-0.000826,0.000000,0.000000,0.003585
0.006302,0.000000,0.005120,0.002652,0.003509,-0.000104,0.015171,0.011413,0.000000,0.001541,0.003526,-0.001049,0.000000,-0.006976,0.006778,0.000000,0.001529,0.000000,-0.000252,0.000000,-0.000280,0.007258,0.000000,0.003155,0.013418,0.001913,0.000000,0.000044,0.000000,0.004278,-0.000208,-0.001310,0.013381,0.006145,0.000000,0.004050,-0.001226,0.003905,0.000000,0.000000,0.001843
0.006938,0.000000,0.002446,-0.000658,0.001442,-0.000822,0.011413,0.022852,0.000000,-0.003474,0.001242,0.000252,0.000000,-0.010455,0.007063,0.000000,-0.001625,0.000000,-0.001455,0.000000,-0.000501,0.012025,0.000000,0.002424,0.013431,0.001566,0.000000,0.000160,0.000000,0.000711,-0.002485,0.000607,0.007976,0.001951,0.000000,0.003456,-0.005471,-0.002185,0.000000,0.000000,0.000915
0.000000,0.000000,0.000000,0.000000,0.000000,0.000000,0.000000,0.000000,0.000000,0.000000,0.000000,0.000000,0.000000,0.000000,0.000000,0.000000,0.000000,0.000000,0.000000,0.000000,0.000000,0.000000,0.000000,0.000000,0.000000,0.000000,0.000000,0.000000,0.000000,0.000000,0.000000,0.000000,0.000000,0.000000,0.000000,0.000000,0.000000,0.000000,0.000000,0.000000,0.000000
0.004681,0.000000,-0.001878,0.000501,0.000770,0.000174,0.001541,-0.003474,0.000000,0.021316,0.001096,-0.005414,0.000000,0.007992,0.005671,0.000000,0.004708,0.000000,-0.000546,0.000000,-0.000598,-0.006870,0.000000,-0.002893,-0.005533,-0.000933,0.000000,-0.000239,0.000000,0.017710,0.005856,-0.000083,0.001825,0.001126,0.000000,-0.000526,0.007896,0.000764,0.000000,0.000000,-0.001293
0.001578,0.000000,-0.000018,0.003407,0.004500,-0.000072,0.003526,0.001242,0.000000,0.001096,0.005750,-0.000337,0.000000,-0.001676,0.002399,0.000000,0.000177,0.000000,0.000133,0.000000,-0.000123,0.000769,0.000000,-0.000966,0.003215,0.002109,0.000000,0.000001,0.000000,0.003415,0.000687,-0.000361,0.003378,0.008148,0.000000,0.000408,-0.000246,0.008866,0.000000,0.000000,-0.000235
-0.000818,0.000000,0.000279,-0.000497,-0.000329,-0.000645,-0.001049,0.000252,0.000000,-0.005414,-0.000337,0.005997,0.000000,-0.001112,-0.001101,0.000000,-0.003601,0.000000,0.000017,0.000000,-0.000265,0.002373,0.000000,0.000216,-0.000527,0.000103,0.000000,0.000068,0.000000,-0.005835,-0.001165,0.000441,-0.000443,-0.000512,0.000000,0.000139,-0.004809,-0.000386,0.000000,0.000000,-0.000770
0.000000,0.000000,0.000000,0.000000,0.000000,0.000000,0.000000,0.000000,0.000000,0.000000,0.000000,0.000000,0.000000,0.000000,0.000000,0.000000,0.000000,0.000000,0.000000,0.000000,0.000000,0.000000,0.000000,0.000000,0.000000,0.000000,0.000000,0.000000,0.000000,0.000000,0.000000,0.000000,0.000000,0.000000,0.000000,0.000000,0.000000,0.000000,0.000000,0.000000,0.000000
-0.003029,0.000000,-0.002710,-0.001316,-0.001306,0.000048,-0.006976,-0.010455,0.000000,0.007992,-0.001676,-0.001112,0.000000,0.030644,0.000691,0.000000,-0.003318,0.000000,-0.000323,0.000000,-0.000341,-0.007244,0.000000,-0.002270,-0.008604,-0.001614,0.000000,0.000199,0.000000,0.004538,0.016233,-0.001807,-0.005288,-0.003375,0.000000,-0.002269,-0.001793,-0.002521,0.000000,0.000000,-0.001175
0.011455,0.000000,0.002850,0.000898,0.002214,0.003222,0.006778,0.007063,0.000000,0.005671,0.002399,-0.001101,0.000000,0.000691,0.011343,0.000000,0.002101,0.000000,-0.000980,0.000000,0.000881,0.003097,0.000000,-0.000574,0.004510,0.000969,0.000000,-0.000083,0.000000,0.005963,0.003460,0.001934,0.005168,0.003492,0.000000,0.003182,-0.000620,0.001964,0.000000,0.000000,0.002311
0.000000,0.000000,0.000000,0.000000,0.000000,0.000000,0.000000,0.000000,0.000000,0.000000,0.000000,0.000000,0.000000,0.000000,0.000000,0.000000,0.000000,0.000000,0.000000,0.000000,0.000000,0.000000,0.000000,0.000000,0.000000,0.000000,0.000000,0.000000,0.000000,0.000000,0.000000,0.000000,0.000000,0.000000,0.000000,0.000000,0.000000,0.000000,0.000000,0.000000,0.000000
0.004147,0.000000,0.005514,0.000383,-0.000030,0.003560,0.001529,-0.001625,0.000000,0.004708,0.000177,-0.003601,0.000000,-0.003318,0.002101,0.000000,0.016038,0.000000,0.000152,0.000000,0.003536,-0.002433,0.000000,0.001501,0.009782,-0.000499,0.000000,-0.000322,0.000000,0.006272,-0.003095,0.000238,0.003973,0.000033,0.000000,0.002216,0.015660,0.001063,0.000000,0.000000,0.006435
0.000000,0.000000,0.000000,0.000000,0.000000,0.000000,0.000000,0.000000,0.000000,0.000000,0.000000,0.000000,0.000000,0.000000,0.000000,0.000000,0.000000,0.000000,0.000000,0.000000,0.000000,0.000000,0.000000,0.000000,0.000000,0.000000,0.000000,0.000000,0.000000,0.000000,0.000000,0.000000,0.000000,0.000000,0.000000,0.000000,0.000000,0.000000,0.000000,0.000000,0.000000
-0.000992,0.000000,0.000002,0.002309,0.000149,-0.000129,-0.000252,-0.001455,0.000000,-0.000546,0.000133,0.000017,0.000000,-0.000323,-0.000980,0.000000,0.000152,0.000000,0.003593,0.000000,-0.000042,-0.000776,0.000000,-0.000227,0.000482,-0.000063,0.000000,-0.000112,0.000000,-0.000139,-0.000180,-0.000102,0.000004,0.000493,0.000000,-0.000377,0.000591,0.001385,0.000000,0.000000,-0.000024
0.000000,0.000000,0.000000,0.000000,0.000000,0.000000,0.000000,0.000000,0.000000,0.000000,0.000000,0.000000,0.000000,0.000000,0.000000,0.000000,0.000000,0.000000,0.000000,0.000000,0.000000,0.000000,0.000000,0.000000,0.000000,0.000000,0.000000,0.000000,0.000000,0.000000,0.000000,0.000000,0.000000,0.000000,0.000000,0.000000,0.000000,0.000000,0.000000,0.000000,0.000000
0.001454,0.000000,0.000784,-0.000130,-0.000070,0.001842,-0.000280,-0.000501,0.000000,-0.000598,-0.000123,-0.000265,0.000000,-0.000341,0.000881,0.000000,0.003536,0.000000,-0.000042,0.000000,0.003469,-0.000920,0.000000,-0.000269,-0.000112,-0.000074,0.000000,-0.000045,0.000000,-0.000270,-0.000232,0.000099,-0.000260,-0.000257,0.000000,0.000187,0.002928,-0.000386,0.000000,0.000000,0.002123
0.003297,0.000000,0.007615,-0.000123,0.000847,-0.002033,0.007258,0.012025,0.000000,-0.006870,0.000769,0.002373,0.000000,-0.007244,0.003097,0.000000,-0.002433,0.000000,-0.000776,0.000000,-0.000920,0.015432,0.000000,0.008434,0.012843,0.001006,0.000000,0.000435,0.000000,-0.003375,-0.002523,0.000350,0.006420,0.001020,0.000000,0.007498,-0.007611,-0.000446,0.000000,0.000000,0.000675
0.000000,0.000000,0.000000,0.000000,0.000000,0.000000,0.000000,0.000000,0.000000,0.000000,0.000000,0.000000,0.000000,0.000000,0.000000,0.000000,0.000000,0.000000,0.000000,0.000000,0.000000,0.000000,0.000000,0.000000,0.000000,0.000000,0.000000,0.000000,0.000000,0.000000,0.000000,0.000000,0.000000,0.000000,0.000000,0.000000,0.000000,0.000000,0.000000,0.000000,0.000000
-0.000431,0.000000,0.007562,-0.000706,-0.000825,-0.000428,0.003155,0.002424,0.000000,-0.002893,-0.000966,0.000216,0.000000,-0.002270,-0.000574,0.000000,0.001501,0.000000,-0.000227,0.000000,-0.000269,0.008434,0.000000,0.036797,-0.004074,-0.000403,0.000000,0.000363,0.000000,-0.003145,-0.001199,-0.000490,0.004995,-0.002138,0.000000,0.013769,-0.001917,-0.002636,0.000000,0.000000,0.003357
0.005547,0.000000,0.021998,0.003993,0.002962,-0.000336,0.013418,0.013431,0.000000,-0.005533,0.003215,-0.000527,0.000000,-0.008604,0.004510,0.000000,0.009782,0.000000,0.000482,0.000000,-0.000112,0.012843,0.000000,-0.004074,0.121261,0.000271,0.000000,-0.000016,0.000000,-0.000693,-0.004522,0.002694,0.019425,0.004972,0.000000,0.004386,0.002819,0.002353,0.000000,0.000000,0.009323
0.000561,0.000000,-0.000326,0.002297,0.001984,0.000041,0.001913,0.001566,0.000000,-0.000933,0.002109,0.000103,0.000000,-0.001614,0.000969,0.000000,-0.000499,0.000000,-0.000063,0.000000,-0.000074,0.001006,0.000000,-0.000403,0.000271,0.004873,0.000000,-0.000040,0.000000,-0.000767,0.000211,-0.000126,0.001167,0.003621,0.000000,0.000256,-0.001081,0.002444,0.000000,0.000000,-0.000195
0.000000,0.000000,0.000000,0.000000,0.000000,0.000000,0.000000,0.000000,0.000000,0.000000,0.000000,0.000000,0.000000,0.000000,0.000000,0.000000,0.000000,0.000000,0.000000,0.000000,0.000000,0.000000,0.000000,0.000000,0.000000,0.000000,0.000000,0.000000,0.000000,0.000000,0.000000,0.000000,0.000000,0.000000,0.000000,0.000000,0.000000,0.000000,0.000000,0.000000,0.000000
-0.000097,0.000000,0.000009,-0.000068,0.000009,0.000030,0.000044,0.000160,0.000000,-0.000239,0.000001,0.000068,0.000000,0.000199,-0.000083,0.000000,-0.000322,0.000000,-0.000112,0.000000,-0.000045,0.000435,0.000000,0.000363,-0.000016,-0.000040,0.000000,0.004716,0.000000,-0.000201,0.000055,0.000021,0.000031,0.000037,0.000000,0.000217,-0.000597,-0.000103,0.000000,0.000000,0.000021
0.000000,0.000000,0.000000,0.000000,0.000000,0.000000,0.000000,0.000000,0.000000,0.000000,0.000000,0.000000,0.000000,0.000000,0.000000,0.000000,0.000000,0.000000,0.000000,0.000000,0.000000,0.000000,0.000000,0.000000,0.000000,0.000000,0.000000,0.000000,0.000000,0.000000,0.000000,0.000000,0.000000,0.000000,0.000000,0.000000,0.000000,0.000000,0.000000,0.000000,0.000000
0.004757,0.000000,-0.001536,0.002166,0.003173,-0.000747,0.004278,0.000711,0.000000,0.017710,0.003415,-0.005835,0.000000,0.004538,0.005963,0.000000,0.006272,0.000000,-0.000139,0.000000,-0.000270,-0.003375,0.000000,-0.003145,-0.000693,-0.000767,0.000000,-0.000201,0.000000,0.027371,0.004547,0.000409,0.004330,0.006301,0.000000,0.000274,0.009320,0.006212,0.000000,0.000000,-0.001055
-0.000908,0.000000,-0.000875,0.001081,0.000888,0.000227,-0.000208,-0.002485,0.000000,0.005856,0.000687,-0.001165,0.000000,0.016233,0.003460,0.000000,-0.003095,0.000000,-0.000180,0.000000,-0.000232,-0.002523,0.000000,-0.001199,-0.004522,0.000211,0.000000,0.000055,0.000000,0.004547,0.015326,-0.000826,-0.000093,0.001541,0.000000,-0.001240,-0.003887,0.000691,0.000000,0.000000,-0.000326
0.002440,0.000000,0.002214,-0.000316,-0.000230,0.001745,-0.001310,0.000607,0.000000,-0.000083,-0.000361,0.000441,0.000000,-0.001807,0.001934,0.000000,0.000238,0.000000,-0.000102,0.000000,0.000099,0.000350,0.000000,-0.000490,0.002694,-0.000126,0.000000,0.000021,0.000000,0.000409,-0.000826,0.007168,-0.001109,-0.000663,0.000000,-0.000006,-0.000690,-0.001003,0.000000,0.000000,0.001178
0.004750,0.000000,0.008004,0.003004,0.003086,-0.000664,0.013381,0.007976,0.000000,0.001825,0.003378,-0.000443,0.000000,-0.005288,0.005168,0.000000,0.003973,0.000000,0.000004,0.000000,-0.000260,0.006420,0.000000,0.004995,0.019425,0.001167,0.000000,0.000031,0.000000,0.004330,-0.000093,-0.001109,0.017382,0.007002,0.000000,0.004387,0.000888,0.004892,0.000000,0.000000,0.003184
0.001913,0.000000,-0.000371,0.007040,0.007164,-0.000455,0.006145,0.001951,0.000000,0.001126,0.008148,-0.000512,0.000000,-0.003375,0.003492,0.000000,0.000033,0.000000,0.000493,0.000000,-0.000257,0.001020,0.000000,-0.002138,0.004972,0.003621,0.000000,0.000037,0.000000,0.006301,0.001541,-0.000663,0.007002,0.017532,0.000000,-0.000028,-0.000465,0.015057,0.000000,0.000000,-0.000566
0.000000,0.000000,0.000000,0.000000,0.000000,0.000000,0.000000,0.000000,0.000000,0.000000,0.000000,0.000000,0.000000,0.000000,0.000000,0.000000,0.000000,0.000000,0.000000,0.000000,0.000000,0.000000,0.000000,0.000000,0.000000,0.000000,0.000000,0.000000,0.000000,0.000000,0.000000,0.000000,0.000000,0.000000,0.000000,0.000000,0.000000,0.000000,0.000000,0.000000,0.000000
0.004143,0.000000,0.006389,-0.000062,0.000489,0.000041,0.004050,0.003456,0.000000,-0.000526,0.000408,0.000139,0.000000,-0.002269,0.003182,0.000000,0.002216,0.000000,-0.000377,0.000000,0.000187,0.007498,0.000000,0.013769,0.004386,0.000256,0.000000,0.000217,0.000000,0.000274,-0.001240,-0.000006,0.004387,-0.000028,0.000000,0.012335,-0.000268,-0.000168,0.000000,0.000000,0.002304
0.001962,0.000000,0.000708,0.000427,-0.000441,0.003134,-0.001226,-0.005471,0.000000,0.007896,-0.000246,-0.004809,0.000000,-0.001793,-0.000620,0.000000,0.015660,0.000000,0.000591,0.000000,0.002928,-0.007611,0.000000,-0.001917,0.002819,-0.001081,0.000000,-0.000597,0.000000,0.009320,-0.003887,-0.000690,0.000888,-0.000465,0.000000,-0.000268,0.021019,0.001341,0.000000,0.000000,0.004366
0.000578,0.000000,-0.000544,0.006984,0.007036,-0.000826,0.003905,-0.002185,0.000000,0.000764,0.008866,-0.000386,0.000000,-0.002521,0.001964,0.000000,0.001063,0.000000,0.001385,0.000000,-0.000386,-0.000446,0.000000,-0.002636,0.002353,0.002444,0.000000,-0.000103,0.000000,0.006212,0.000691,-0.001003,0.004892,0.015057,0.000000,-0.000168,0.001341,0.019637,0.000000,0.000000,-0.000977
0.000000,0.000000,0.000000,0.000000,0.000000,0.000000,0.000000,0.000000,0.000000,0.000000,0.000000,0.000000,0.000000,0.000000,0.000000,0.000000,0.000000,0.000000,0.000000,0.000000,0.000000,0.000000,0.000000,0.000000,0.000000,0.000000,0.000000,0.000000,0.000000,0.000000,0.000000,0.000000,0.000000,0.000000,0.000000,0.000000,0.000000,0.000000,0.000000,0.000000,0.000000
0.000000,0.000000,0.000000,0.000000,0.000000,0.000000,0.000000,0.000000,0.000000,0.000000,0.000000,0.000000,0.000000,0.000000,0.000000,0.000000,0.000000,0.000000,0.000000,0.000000,0.000000,0.000000,0.000000,0.000000,0.000000,0.000000,0.000000,0.000000,0.000000,0.000000,0.000000,0.000000,0.000000,0.000000,0.000000,0.000000,0.000000,0.000000,0.000000,0.000000,0.000000
0.003059,0.000000,0.005396,0.000033,-0.000157,0.003585,0.001843,0.000915,0.000000,-0.001293,-0.000235,-0.000770,0.000000,-0.001175,0.002311,0.000000,0.006435,0.000000,-0.000024,0.000000,0.002123,0.000675,0.000000,0.003357,0.009323,-0.000195,0.000000,0.000021,0.000000,-0.001055,-0.000326,0.001178,0.003184,-0.000566,0.000000,0.002304,0.004366,-0.000977,0.000000,0.000000,0.005807
