12073.618347,-268.538559,-12.359029,-574.649012,16.810731,814.068692,-1259.154752,3.515829
-268.538559,1375.109039,-30.598719,299.242379,0.329520,196.451066,-265.156690,-21.567906
-12.359029,-30.598719,507.068887,8.682942,0.839694,60.643766,-49.860368,-4.895060
-574.649012,299.242379,8.682942,4129.865775,-1.382252,-592.771813,94.024417,-59.450946
16.810731,0.329520,0.839694,-1.382252,6.345353,-5.450622,-40.007921,-0.641826
814.068692,196.451066,60.643766,-592.771813,-5.450622,85217.190183,1400.935836,-32.346719
-1259.154752,-265.156690,-49.860368,94.024417,-40.007921,1400.935836,63606.044046,-123.955395
3.515829,-21.567906,-4.895060,-59.450946,-0.641826,-32.346719,-123.955395,533.262571
