0.027117,-0.000746,0.000613,-0.002663,0.000604,-0.000202,0.000137,0.000252
-0.000746,0.009580,-0.000436,0.002786,-0.000038,0.000212,-0.000629,0.000041
0.000613,-0.000436,0.013282,-0.000729,0.000138,0.000504,-0.000469,-0.000166
-0.002663,0.002786,-0.000729,0.035960,-0.000644,-0.001897,-0.000556,-0.000536
0.000604,-0.000038,0.000138,-0.000644,0.006681,-0.000042,-0.000518,-0.000089
-0.000202,0.000212,0.000504,-0.001897,-0.000042,0.027003,-0.000029,-0.000013
0.000137,-0.000629,-0.000469,-0.000556,-0.000518,-0.000029,0.022942,-0.000063
0.000252,0.000041,-0.000166,-0.000536,-0.000089,-0.000013,-0.000063,0.002827
