0.029388,-0.000835,0.000200,-0.003633,0.000586,0.000487,-0.000654,0.000201
-0.000835,0.009100,-0.000417,0.002141,0.000073,0.000117,-0.000319,-0.000013
0.000200,-0.000417,0.012888,-0.000097,0.000374,0.000507,-0.000674,-0.000015
-0.003633,0.002141,-0.000097,0.039743,-0.000354,-0.002508,0.000403,-0.000605
0.000586,0.000073,0.000374,-0.000354,0.005702,0.000542,-0.000590,-0.000053
0.000487,0.000117,0.000507,-0.002508,0.000542,0.027094,0.000851,-0.000279
-0.000654,-0.000319,-0.000674,0.000403,-0.000590,0.000851,0.023947,-0.000283
0.000201,-0.000013,-0.000015,-0.000605,-0.000053,-0.000279,-0.000283,0.003918
