0.039491,0.008638,-0.002147,0.001013,0.002404,0.000228,0.001941,-0.000863
0.008638,0.036159,-0.001352,0.000532,0.002691,-0.000168,0.000891,-0.002932
-0.002147,-0.001352,0.028871,0.001732,-0.000591,0.000389,-0.000501,-0.000538
0.001013,0.000532,0.001732,0.023071,-0.000404,0.000036,0.000562,-0.000688
0.002404,0.002691,-0.000591,-0.000404,0.024472,0.000297,0.000743,-0.000088
0.000228,-0.000168,0.000389,0.000036,0.000297,0.004814,0.000392,-0.000352
0.001941,0.000891,-0.000501,0.000562,0.000743,0.000392,0.025312,0.001830
-0.000863,-0.002932,-0.000538,-0.000688,-0.000088,-0.000352,0.001830,0.017222
