0.065714,0.005787,0.000968,-0.001656,0.000827,0.000589,0.004353,0.002292
0.005787,0.063537,-0.001179,-0.001232,0.006376,-0.000248,-0.001136,-0.004190
0.000968,-0.001179,0.057463,0.002382,-0.003339,-0.000186,0.000005,-0.000866
-0.001656,-0.001232,0.002382,0.026419,-0.002167,-0.000198,0.000014,0.000044
0.000827,0.006376,-0.003339,-0.002167,0.054940,0.000506,0.001806,-0.002257
0.000589,-0.000248,-0.000186,-0.000198,0.000506,0.003568,0.000768,-0.000400
0.004353,-0.001136,0.000005,0.000014,0.001806,0.000768,0.055025,0.003009
0.002292,-0.004190,-0.000866,0.000044,-0.002257,-0.000400,0.003009,0.024744
