0.070594,0.002596,-0.002137,-0.003326,-0.001446,0.000921,0.005869,0.002603
0.002596,0.071490,0.000950,-0.002299,0.008230,-0.000849,-0.002686,-0.004018
-0.002137,0.000950,0.065495,0.001466,-0.001784,0.000077,-0.001694,-0.000522
-0.003326,-0.002299,0.001466,0.025150,0.000071,-0.000222,-0.000899,-0.000507
-0.001446,0.008230,-0.001784,0.000071,0.064556,0.000829,-0.001854,-0.003998
0.000921,-0.000849,0.000077,-0.000222,0.000829,0.002776,0.000897,-0.000341
0.005869,-0.002686,-0.001694,-0.000899,-0.001854,0.000897,0.065185,0.003378
0.002603,-0.004018,-0.000522,-0.000507,-0.003998,-0.000341,0.003378,0.024798
