0.010320,0.003798,-0.000563,0.000298,-0.000039,-0.000285,0.000475,-0.000834
0.003798,0.011994,-0.001574,0.001079,-0.000100,-0.000062,0.000387,-0.000864
-0.000563,-0.001574,0.005466,0.000252,0.000035,-0.000037,-0.000231,-0.000156
0.000298,0.001079,0.000252,0.013386,-0.000107,-0.000053,-0.000275,-0.000726
-0.000039,-0.000100,0.000035,-0.000107,0.001630,-0.000016,0.000022,0.000169
-0.000285,-0.000062,-0.000037,-0.000053,-0.000016,0.004310,0.000041,-0.000153
0.000475,0.000387,-0.000231,-0.000275,0.000022,0.000041,0.001896,0.000291
-0.000834,-0.000864,-0.000156,-0.000726,0.000169,-0.000153,0.000291,0.009310
