0.013029,0.004906,-0.000800,0.000335,-0.000088,-0.000385,0.000731,-0.000937
0.004906,0.015846,-0.002290,0.001241,-0.000230,-0.000085,0.000609,-0.000993
-0.000800,-0.002290,0.008758,0.000320,0.000090,-0.000057,-0.000400,-0.000198
0.000335,0.001241,0.000320,0.013386,-0.000213,-0.000063,-0.000377,-0.000726
-0.000088,-0.000230,0.000090,-0.000213,0.006518,-0.000038,0.000060,0.000338
-0.000385,-0.000085,-0.000057,-0.000063,-0.000038,0.006256,0.000068,-0.000184
0.000731,0.000609,-0.000400,-0.000377,0.000060,0.000068,0.003558,0.000398
-0.000937,-0.000993,-0.000198,-0.000726,0.000338,-0.000184,0.000398,0.009310
