0.013126,0.004373,-0.000582,0.000947,0.000215,-0.000213,0.000578,-0.001270
0.004373,0.014984,-0.002217,0.001752,0.000856,-0.000019,0.000665,-0.000916
-0.000582,-0.002217,0.008979,0.000273,-0.000433,0.000007,-0.000609,-0.000072
0.000947,0.001752,0.000273,0.013848,0.000109,-0.000003,-0.000234,-0.000755
0.000215,0.000856,-0.000433,0.000109,0.008324,-0.000050,0.000117,-0.000082
-0.000213,-0.000019,0.000007,-0.000003,-0.000050,0.004723,0.000010,-0.000161
0.000578,0.000665,-0.000609,-0.000234,0.000117,0.000010,0.004040,0.000286
-0.001270,-0.000916,-0.000072,-0.000755,-0.000082,-0.000161,0.000286,0.008668
