2.079914,-1.287182,0.606420,-0.027613,14.049569,0.056821,-0.111915,-0.032177
-1.287182,110.893256,-2.176051,-0.196704,-2077.543728,0.823013,0.241166,-1.372281
0.606420,-2.176051,4.386341,0.515695,-92.970574,0.079192,0.243609,-0.065592
-0.027613,-0.196704,0.515695,0.134177,-16.466050,-0.007795,0.027667,0.002843
14.049569,-2077.543728,-92.970574,-16.466050,874609.013889,193.039490,-120.965695,118.842005
0.056821,0.823013,0.079192,-0.007795,193.039490,41.879538,0.033564,0.090346
-0.111915,0.241166,0.243609,0.027667,-120.965695,0.033564,3.175460,-1.933722
-0.032177,-1.372281,-0.065592,0.002843,118.842005,0.090346,-1.933722,2.792902
