3.061256,-1.848154,0.902819,-0.036974,16.821387,0.595333,-0.159662,-0.059297
-1.848154,110.756680,-2.249916,-0.194331,-1969.029739,1.126680,0.191082,-1.384459
0.902819,-2.249916,4.733649,0.542186,-114.210459,0.125254,0.279022,-0.055742
-0.036974,-0.194331,0.542186,0.146468,-19.829549,-0.031426,0.031508,0.004467
16.821387,-1969.029739,-114.210459,-19.829549,898131.083660,828.777716,-124.772941,113.465246
0.595333,1.126680,0.125254,-0.031426,828.777716,149.137227,0.304026,0.071140
-0.159662,0.191082,0.279022,0.031508,-124.772941,0.304026,3.199975,-1.949847
-0.059297,-1.384459,-0.055742,0.004467,113.465246,0.071140,-1.949847,2.815526
