0.009892,-0.001741,0.000296,-0.000056,0.000027,0.000003,-0.000820,-0.000221
-0.001741,0.042635,-0.000302,-0.000114,-0.001142,0.000013,0.000503,-0.002680
0.000296,-0.000302,0.000220,0.000108,-0.000018,0.000000,0.000184,-0.000046
-0.000056,-0.000114,0.000108,0.000118,-0.000014,-0.000000,0.000087,0.000008
0.000027,-0.001142,-0.000018,-0.000014,0.000687,0.000004,-0.000360,0.000332
0.000003,0.000013,0.000000,-0.000000,0.000004,0.000027,0.000003,0.000007
-0.000820,0.000503,0.000184,0.000087,-0.000360,0.000003,0.035861,-0.020468
-0.000221,-0.002680,-0.000046,0.000008,0.000332,0.000007,-0.020468,0.027707
