0.014560,-0.002499,0.000441,-0.000076,0.000033,0.000033,-0.001170,-0.000407
-0.002499,0.042582,-0.000313,-0.000113,-0.001082,0.000018,0.000398,-0.002704
0.000441,-0.000313,0.000238,0.000114,-0.000023,0.000001,0.000210,-0.000039
-0.000076,-0.000113,0.000114,0.000129,-0.000016,-0.000001,0.000099,0.000013
0.000033,-0.001082,-0.000023,-0.000016,0.000706,0.000019,-0.000372,0.000317
0.000033,0.000018,0.000001,-0.000001,0.000019,0.000097,0.000026,0.000006
-0.001170,0.000398,0.000210,0.000099,-0.000372,0.000026,0.036138,-0.020638
-0.000407,-0.002704,-0.000039,0.000013,0.000317,0.000006,-0.020638,0.027931
