10912.212648,-1068.764756,-534.246704,-182.915070,100.704657,-120.007569,-326.319854,726.717493
-1068.764756,2170.272928,150.373549,90.725955,1.859265,-137.167570,-143.324545,-289.119271
-534.246704,150.373549,526.037400,-1.296924,3.921807,89.929766,-89.503939,-28.689422
-182.915070,90.725955,-1.296924,367.760739,-8.812251,-214.548522,-152.515265,296.487090
100.704657,1.859265,3.921807,-8.812251,9.450685,-12.269995,35.057538,4.031748
-120.007569,-137.167570,89.929766,-214.548522,-12.269995,2830.417147,-179.699438,-346.899232
-326.319854,-143.324545,-89.503939,-152.515265,35.057538,-179.699438,2733.059327,260.552187
726.717493,-289.119271,-28.689422,296.487090,4.031748,-346.899232,260.552187,3030.788222
