10975.006361,-1120.482081,-502.749356,-115.926183,89.890209,32.204213,-307.024157,782.147682
-1120.482081,2203.561865,125.632690,57.912214,-2.525058,-176.036889,-110.857265,-262.966823
-502.749356,125.632690,512.443734,2.059660,4.125701,111.377936,-97.477622,-29.134070
-115.926183,57.912214,2.059660,365.343678,-6.546570,-271.438124,-118.370221,330.133997
89.890209,-2.525058,4.125701,-6.546570,9.011366,-11.217940,31.672680,3.276636
32.204213,-176.036889,111.377936,-271.438124,-11.217940,3059.361398,-217.060648,-286.214028
-307.024157,-110.857265,-97.477622,-118.370221,31.672680,-217.060648,2509.004814,220.240615
782.147682,-262.966823,-29.134070,330.133997,3.276636,-286.214028,220.240615,3327.520140
