0.056881,-0.006789,-0.006096,-0.003334,0.007140,-0.000796,-0.001869,0.004558
-0.006789,0.016802,0.002091,0.002015,0.000161,-0.001109,-0.001000,-0.002210
-0.006096,0.002091,0.013138,-0.000052,0.000609,0.001306,-0.001122,-0.000394
-0.003334,0.002015,-0.000052,0.023443,-0.002185,-0.004980,-0.003055,0.006503
0.007140,0.000161,0.000609,-0.002185,0.009115,-0.001108,0.002731,0.000344
-0.000796,-0.001109,0.001306,-0.004980,-0.001108,0.023918,-0.001311,-0.002770
-0.001869,-0.001000,-0.001122,-0.003055,0.002731,-0.001311,0.017202,0.001796
0.004558,-0.002210,-0.000394,0.006503,0.000344,-0.002770,0.001796,0.022875
