0.056582,-0.006132,-0.005553,-0.001789,0.006009,-0.001201,-0.001681,0.002368
-0.006132,0.016144,0.001259,0.001649,-0.000048,-0.002335,-0.001334,-0.000695
-0.005553,0.001259,0.012368,-0.000820,0.000760,0.001178,-0.001359,-0.000191
-0.001789,0.001649,-0.000820,0.022437,-0.001362,-0.005074,-0.003074,0.004937
0.006009,-0.000048,0.000760,-0.001362,0.008005,-0.000852,0.003046,0.000413
-0.001201,-0.002335,0.001178,-0.005074,-0.000852,0.024025,-0.001841,-0.002149
-0.001681,-0.001334,-0.001359,-0.003074,0.003046,-0.001841,0.016979,0.001961
0.002368,-0.000695,-0.000191,0.004937,0.000413,-0.002149,0.001961,0.020955
