0.026536,0.000573,0.000905,-0.000012,-0.008376,0.000314,0.005552,0.009591,-0.005978,0.001746,-0.000653,-0.000702,0.001413,-0.001620,0.003822,0.001973,-0.000052,0.000015,0.000000,0.000025,0.000018,0.000121,-0.000868,0.000138,0.000546,-0.000039,0.000654,-0.000411,0.000000,0.040687,0.002041,0.000218,0.002517,0.000754,-0.000639,0.002242,0.000033,0.003303,0.009842,-0.000139,-0.002388
0.000573,0.056931,0.000625,0.000554,-0.003069,-0.000162,-0.000553,-0.018012,-0.007608,0.002387,0.000706,-0.000189,-0.000040,-0.004078,-0.000086,-0.009060,-0.000053,0.000149,0.000000,0.005957,-0.000045,0.000582,-0.004029,0.000392,0.001613,-0.000016,-0.001076,0.000123,0.000000,-0.026566,-0.002408,0.000532,0.001522,-0.024703,0.003354,0.000999,0.002882,0.001168,-0.001056,-0.001235,-0.000380
0.000905,0.000625,0.109604,0.000019,-0.000928,-0.000117,0.008434,-0.100710,0.000868,0.001229,0.000330,-0.000337,0.000886,-0.002017,0.006391,-0.001263,0.001247,-0.000044,0.000000,0.000446,0.009241,0.000183,-0.000015,0.000262,-0.000597,0.000055,0.000184,-0.000491,0.000000,-0.069745,-0.004357,0.000232,0.001074,-0.007136,0.002661,0.002103,0.007499,-0.002402,0.005033,0.000221,0.002071
-0.000012,0.000554,0.000019,0.013714,0.011928,-0.000140,-0.003260,0.000603,-0.000416,-0.000992,0.000586,-0.000014,-0.000180,-0.000007,0.000942,-0.002876,0.000024,0.000032,0.000000,-0.000150,0.000105,0.000025,-0.000798,0.000073,0.000073,0.000028,0.000218,0.000061,0.000000,-0.008509,0.003301,0.000115,-0.001359,-0.000228,-0.000332,0.000124,0.000208,0.000119,-0.000422,-0.000014,0.000225
-0.008376,-0.003069,-0.000928,0.011928,0.580635,0.000075,0.063163,0.035237,-0.000097,0.003293,0.133902,0.007090,-0.000117,0.000538,0.022505,-0.015536,-0.000753,0.000008,0.000000,0.001068,-0.003936,0.000282,0.014352,0.000240,0.002650,-0.000534,0.006067,-0.000439,0.000000,0.044735,-0.000727,0.000997,0.010112,0.014872,0.012186,0.000332,-0.003022,0.043426,0.001450,0.000105,0.012304
0.000314,-0.000162,-0.000117,-0.000140,0.000075,0.025604,-0.000488,-0.009743,0.027094,0.001042,-0.006500,0.000269,0.000589,-0.000269,-0.001037,0.001385,0.000031,0.000020,0.000000,-0.000619,0.004817,0.000052,0.000382,0.000095,-0.000457,0.000007,0.000706,0.000036,0.000000,0.000206,0.005513,0.000051,0.000241,0.012585,0.000568,0.000604,-0.000260,-0.000479,0.000353,-0.000319,0.018208
0.005552,-0.000553,0.008434,-0.003260,0.063163,-0.000488,0.761947,0.035915,0.031465,0.001200,0.002209,-0.051881,0.008986,-0.015407,0.038107,0.008558,-0.000824,-0.000324,0.000000,0.002592,-0.003876,0.000723,0.006645,0.000297,0.001684,0.008619,0.002697,-0.000032,0.000000,0.270874,0.024745,0.000507,0.003401,0.048764,0.010484,0.005738,-0.001487,-0.016248,0.007874,-0.001887,0.008598
0.009591,-0.018012,-0.100710,0.000603,0.035237,-0.009743,0.035915,7.055227,0.022261,-0.043839,-0.251560,0.054136,0.004117,-0.017650,0.068815,0.241428,-0.003826,-0.001716,0.000000,0.008919,-0.035884,0.011265,0.001843,0.001831,0.045339,-0.001668,0.010286,-0.005124,0.000000,-0.073102,0.005667,-0.008840,0.017193,0.032407,-0.000098,-0.004460,-0.006409,0.034616,-0.011533,0.001397,-0.096509
-0.005978,-0.007608,0.000868,-0.000416,-0.000097,0.027094,0.031465,0.022261,0.838158,-0.009778,-0.010911,0.003344,0.005402,0.021746,0.064152,0.003927,-0.000236,0.000014,0.000000,-0.003919,0.000670,-0.000359,0.026478,-0.000453,-0.000960,0.000922,0.000043,0.000246,0.000000,0.107025,0.011986,-0.006885,0.000527,-0.022520,0.002882,-0.011181,-0.001058,-0.002563,0.004481,-0.000121,0.000752
0.001746,0.002387,0.001229,-0.000992,0.003293,0.001042,0.001200,-0.043839,-0.009778,0.308283,-0.021341,-0.005772,0.001486,0.007194,0.013566,0.045991,0.000487,0.000544,0.000000,-0.000767,0.001038,-0.001439,-0.006202,-0.000265,0.000674,-0.002071,0.002870,0.000400,0.000000,0.142987,-0.003504,-0.000372,0.001617,0.003033,0.013968,-0.011566,0.004725,-0.004340,-0.003445,-0.000382,0.000539
-0.000653,0.000706,0.000330,0.000586,0.133902,-0.006500,0.002209,-0.251560,-0.010911,-0.021341,0.671617,-0.001899,0.002304,0.003552,0.002303,0.062735,0.000318,0.000194,0.000000,0.007960,-0.000721,-0.000632,0.011459,-0.003454,0.000347,-0.000391,0.008126,0.000788,0.000000,0.057324,0.001248,0.000733,-0.005959,0.013871,0.007950,0.003319,0.002113,0.006058,-0.001519,0.000163,-0.005691
-0.000702,-0.000189,-0.000337,-0.000014,0.007090,0.000269,-0.051881,0.054136,0.003344,-0.005772,-0.001899,0.076360,-0.000008,0.000371,-0.007008,-0.017356,-0.001451,-0.000054,0.000000,0.001724,-0.004658,0.000154,0.002199,0.001029,0.000719,-0.000058,-0.000605,0.000020,0.000000,-0.026018,-0.000541,0.000341,0.000468,0.001286,-0.002086,0.000418,-0.000690,0.003234,-0.000175,0.000427,-0.000994
0.001413,-0.000040,0.000886,-0.000180,-0.000117,0.000589,0.008986,0.004117,0.005402,0.001486,0.002304,-0.000008,0.021924,0.003112,0.000567,0.006122,-0.000028,-0.000043,0.000000,0.000789,-0.000089,0.000001,0.006217,-0.000103,0.000053,-0.000068,0.000927,-0.000163,0.000000,0.038040,0.007219,-0.000483,0.005566,-0.001624,-0.000743,0.010455,-0.000578,0.001580,0.001855,0.001140,-0.001771
-0.001620,-0.004078,-0.002017,-0.000007,0.000538,-0.000269,-0.015407,-0.017650,0.021746,0.007194,0.003552,0.000371,0.003112,0.078662,-0.000982,0.000511,-0.000150,0.000188,0.000000,-0.000772,0.000100,-0.000263,-0.003017,0.001181,-0.000428,-0.000140,0.000469,-0.000252,0.000000,-0.010396,0.003728,-0.001484,-0.005416,-0.002994,0.004409,0.000817,0.001411,0.000879,-0.001406,-0.001066,-0.001199
0.003822,-0.000086,0.006391,0.000942,0.022505,-0.001037,0.038107,0.068815,0.064152,0.013566,0.002303,-0.007008,0.000567,-0.000982,0.086830,0.015863,-0.000113,-0.000055,0.000000,0.004776,-0.000072,0.000970,0.008845,-0.000102,0.000460,-0.000053,0.000944,-0.001654,0.000000,-0.001349,0.002427,-0.000122,0.001056,0.014595,0.004562,0.001753,-0.000711,0.000684,0.001618,-0.000228,0.002068
0.001973,-0.009060,-0.001263,-0.002876,-0.015536,0.001385,0.008558,0.241428,0.003927,0.045991,0.062735,-0.017356,0.006122,0.000511,0.015863,1.243345,0.000233,0.000202,0.000000,0.001700,-0.002632,0.000748,0.053166,0.001078,-0.003216,-0.000166,0.001099,0.000257,0.000000,0.202074,0.049351,-0.001213,-0.006927,0.110598,0.000172,0.004901,0.010446,-0.022553,0.001459,-0.000126,0.002045
-0.000052,-0.000053,0.001247,0.000024,-0.000753,0.000031,-0.000824,-0.003826,-0.000236,0.000487,0.000318,-0.001451,-0.000028,-0.000150,-0.000113,0.000233,0.000445,-0.000002,0.000000,0.000035,0.000628,0.000014,-0.000005,-0.000015,0.000045,-0.000005,0.000008,0.000001,0.000000,0.002756,-0.000034,-0.000161,-0.000008,-0.000414,-0.000180,0.000156,0.000061,0.000012,0.000138,0.000009,0.000052
0.000015,0.000149,-0.000044,0.000032,0.000008,0.000020,-0.000324,-0.001716,0.000014,0.000544,0.000194,-0.000054,-0.000043,0.000188,-0.000055,0.000202,-0.000002,0.000067,0.000000,-0.000008,-0.000002,-0.000020,-0.000475,-0.000000,-0.000015,0.000005,-0.000055,-0.000003,0.000000,-0.001800,-0.000070,0.000022,-0.000076,-0.000069,0.000046,-0.000065,0.000069,0.000066,-0.000092,0.000002,-0.000059
0.000000,0.000000,0.000000,0.000000,0.000000,0.000000,0.000000,0.000000,0.000000,0.000000,0.000000,0.000000,0.000000,0.000000,0.000000,0.000000,0.000000,0.000000,0.000000,0.000000,0.000000,0.000000,0.000000,0.000000,0.000000,0.000000,0.000000,0.000000,0.000000,0.000000,0.000000,0.000000,0.000000,0.000000,0.000000,0.000000,0.000000,0.000000,0.000000,0.000000,0.000000
0.000025,0.005957,0.000446,-0.000150,0.001068,-0.000619,0.002592,0.008919,-0.003919,-0.000767,0.007960,0.001724,0.000789,-0.000772,0.004776,0.001700,0.000035,-0.000008,0.000000,0.022248,-0.000416,0.000026,0.000150,-0.000032,-0.000030,-0.000070,0.000004,0.000146,0.000000,0.000359,-0.004371,-0.000869,0.006791,0.002369,-0.000287,-0.000010,-0.000028,0.000790,0.000445,-0.000258,-0.000953
0.000018,-0.000045,0.009241,0.000105,-0.003936,0.004817,-0.003876,-0.035884,0.000670,0.001038,-0.000721,-0.004658,-0.000089,0.000100,-0.000072,-0.002632,0.000628,-0.000002,0.000000,-0.000416,0.012634,-0.000005,-0.000372,-0.000008,0.000060,-0.000051,-0.000071,0.000007,0.000000,-0.002711,0.004938,0.000083,0.000298,-0.001971,-0.000085,0.000053,0.005027,-0.000240,0.000129,0.000039,0.019648
0.000121,0.000582,0.000183,0.000025,0.000282,0.000052,0.000723,0.011265,-0.000359,-0.001439,-0.000632,0.000154,0.000001,-0.000263,0.000970,0.000748,0.000014,-0.000020,0.000000,0.000026,-0.000005,0.000769,0.001271,0.000033,0.000205,-0.000024,-0.000072,-0.000124,0.000000,-0.002500,0.000285,0.000028,0.000049,0.000397,-0.000048,0.000542,-0.000259,0.000087,0.000049,0.000002,0.000044
-0.000868,-0.004029,-0.000015,-0.000798,0.014352,0.000382,0.006645,0.001843,0.026478,-0.006202,0.011459,0.002199,0.006217,-0.003017,0.008845,0.053166,-0.000005,-0.000475,0.000000,0.000150,-0.000372,0.001271,0.532982,0.000188,-0.000521,-0.000184,0.012348,0.000121,0.000000,0.005621,0.000289,-0.000501,-0.002436,0.010554,0.004052,0.001950,-0.003294,-0.006705,-0.000568,-0.000557,0.097243
0.000138,0.000392,0.000262,0.000073,0.000240,0.000095,0.000297,0.001831,-0.000453,-0.000265,-0.003454,0.001029,-0.000103,0.001181,-0.000102,0.001078,-0.000015,-0.000000,0.000000,-0.000032,-0.000008,0.000033,0.000188,0.007350,-0.000091,-0.000023,0.000043,-0.000001,0.000000,-0.002207,0.000155,-0.000239,0.000168,-0.000754,-0.002384,-0.000449,-0.000004,0.000279,-0.000092,0.000013,0.000217
0.000546,0.001613,-0.000597,0.000073,0.002650,-0.000457,0.001684,0.045339,-0.000960,0.000674,0.000347,0.000719,0.000053,-0.000428,0.000460,-0.003216,0.000045,-0.000015,0.000000,-0.000030,0.000060,0.000205,-0.000521,-0.000091,0.014398,-0.000315,-0.000166,-0.000141,0.000000,0.008423,-0.001743,-0.000138,0.003002,-0.001906,0.000460,0.000364,0.002379,0.000874,0.000088,-0.000012,0.000314
-0.000039,-0.000016,0.000055,0.000028,-0.000534,0.000007,0.008619,-0.001668,0.000922,-0.002071,-0.000391,-0.000058,-0.000068,-0.000140,-0.000053,-0.000166,-0.000005,0.000005,0.000000,-0.000070,-0.000051,-0.000024,-0.000184,-0.000023,-0.000315,0.003820,-0.000055,0.000006,0.000000,-0.003953,0.001516,-0.000258,-0.000107,0.006274,0.006502,-0.000237,0.000034,0.000098,-0.000011,-0.000077,-0.000001
0.000654,-0.001076,0.000184,0.000218,0.006067,0.000706,0.002697,0.010286,0.000043,0.002870,0.008126,-0.000605,0.000927,0.000469,0.000944,0.001099,0.000008,-0.000055,0.000000,0.000004,-0.000071,-0.000072,0.012348,0.000043,-0.000166,-0.000055,0.006164,0.000002,0.000000,0.014804,0.000060,-0.000035,0.001166,0.004775,-0.000345,0.001944,0.000354,-0.000665,0.000400,0.000741,0.004838
-0.000411,0.000123,-0.000491,0.000061,-0.000439,0.000036,-0.000032,-0.005124,0.000246,0.000400,0.000788,0.000020,-0.000163,-0.000252,-0.001654,0.000257,0.000001,-0.000003,0.000000,0.000146,0.000007,-0.000124,0.000121,-0.000001,-0.000141,0.000006,0.000002,0.002360,0.000000,-0.000908,0.000022,0.000074,-0.000389,-0.001948,-0.000083,-0.000184,0.000768,0.000033,-0.000589,0.000018,-0.000151
0.000000,0.000000,0.000000,0.000000,0.000000,0.000000,0.000000,0.000000,0.000000,0.000000,0.000000,0.000000,0.000000,0.000000,0.000000,0.000000,0.000000,0.000000,0.000000,0.000000,0.000000,0.000000,0.000000,0.000000,0.000000,0.000000,0.000000,0.000000,0.000000,0.000000,0.000000,0.000000,0.000000,0.000000,0.000000,0.000000,0.000000,0.000000,0.000000,0.000000,0.000000
0.040687,-0.026566,-0.069745,-0.008509,0.044735,0.000206,0.270874,-0.073102,0.107025,0.142987,0.057324,-0.026018,0.038040,-0.010396,-0.001349,0.202074,0.002756,-0.001800,0.000000,0.000359,-0.002711,-0.002500,0.005621,-0.002207,0.008423,-0.003953,0.014804,-0.000908,0.000000,15.287791,0.154156,0.004026,0.013247,-0.037757,0.012084,-0.057921,0.006387,-0.024257,0.069931,-0.004424,0.018618
0.002041,-0.002408,-0.004357,0.003301,-0.000727,0.005513,0.024745,0.005667,0.011986,-0.003504,0.001248,-0.000541,0.007219,0.003728,0.002427,0.049351,-0.000034,-0.000070,0.000000,-0.004371,0.004938,0.000285,0.000289,0.000155,-0.001743,0.001516,0.000060,0.000022,0.000000,0.154156,0.258073,-0.000785,-0.003900,-0.008069,-0.002702,0.001313,0.000844,-0.001050,0.003162,-0.003776,0.019022
0.000218,0.000532,0.000232,0.000115,0.000997,0.000051,0.000507,-0.008840,-0.006885,-0.000372,0.000733,0.000341,-0.000483,-0.001484,-0.000122,-0.001213,-0.000161,0.000022,0.000000,-0.000869,0.000083,0.000028,-0.000501,-0.000239,-0.000138,-0.000258,-0.000035,0.000074,0.000000,0.004026,-0.000785,0.019438,-0.000432,-0.001152,0.001351,0.000184,0.000076,0.000049,0.000030,0.000031,0.000275
0.002517,0.001522,0.001074,-0.001359,0.010112,0.000241,0.003401,0.017193,0.000527,0.001617,-0.005959,0.000468,0.005566,-0.005416,0.001056,-0.006927,-0.000008,-0.000076,0.000000,0.006791,0.000298,0.000049,-0.002436,0.000168,0.003002,-0.000107,0.001166,-0.000389,0.000000,0.013247,-0.003900,-0.000432,0.101766,0.004993,0.000835,0.002134,0.000962,-0.001985,0.003594,0.000026,-0.000843
0.000754,-0.024703,-0.007136,-0.000228,0.014872,0.012585,0.048764,0.032407,-0.022520,0.003033,0.013871,0.001286,-0.001624,-0.002994,0.014595,0.110598,-0.000414,-0.000069,0.000000,0.002369,-0.001971,0.000397,0.010554,-0.000754,-0.001906,0.006274,0.004775,-0.001948,0.000000,-0.037757,-0.008069,-0.001152,0.004993,0.496042,0.015775,-0.004218,-0.004817,0.015722,-0.004740,0.000124,0.001302
-0.000639,0.003354,0.002661,-0.000332,0.012186,0.000568,0.010484,-0.000098,0.002882,0.013968,0.007950,-0.002086,-0.000743,0.004409,0.004562,0.000172,-0.000180,0.000046,0.000000,-0.000287,-0.000085,-0.000048,0.004052,-0.002384,0.000460,0.006502,-0.000345,-0.000083,0.000000,0.012084,-0.002702,0.001351,0.000835,0.015775,0.135865,0.003054,0.002027,0.002461,0.000791,-0.001333,0.001339
0.002242,0.000999,0.002103,0.000124,0.000332,0.000604,0.005738,-0.004460,-0.011181,-0.011566,0.003319,0.000418,0.010455,0.000817,0.001753,0.004901,0.000156,-0.000065,0.000000,-0.000010,0.000053,0.000542,0.001950,-0.000449,0.000364,-0.000237,0.001944,-0.000184,0.000000,-0.057921,0.001313,0.000184,0.002134,-0.004218,0.003054,0.132824,-0.001109,0.000881,0.003466,0.000133,0.001020
0.000033,0.002882,0.007499,0.000208,-0.003022,-0.000260,-0.001487,-0.006409,-0.001058,0.004725,0.002113,-0.000690,-0.000578,0.001411,-0.000711,0.010446,0.000061,0.000069,0.000000,-0.000028,0.005027,-0.000259,-0.003294,-0.000004,0.002379,0.000034,0.000354,0.000768,0.000000,0.006387,0.000844,0.000076,0.000962,-0.004817,0.002027,-0.001109,0.032686,-0.000557,-0.004258,-0.000154,0.000031
0.003303,0.001168,-0.002402,0.000119,0.043426,-0.000479,-0.016248,0.034616,-0.002563,-0.004340,0.006058,0.003234,0.001580,0.000879,0.000684,-0.022553,0.000012,0.000066,0.000000,0.000790,-0.000240,0.000087,-0.006705,0.000279,0.000874,0.000098,-0.000665,0.000033,0.000000,-0.024257,-0.001050,0.000049,-0.001985,0.015722,0.002461,0.000881,-0.000557,0.085892,-0.001967,0.000041,-0.000306
0.009842,-0.001056,0.005033,-0.000422,0.001450,0.000353,0.007874,-0.011533,0.004481,-0.003445,-0.001519,-0.000175,0.001855,-0.001406,0.001618,0.001459,0.000138,-0.000092,0.000000,0.000445,0.000129,0.000049,-0.000568,-0.000092,0.000088,-0.000011,0.000400,-0.000589,0.000000,0.069931,0.003162,0.000030,0.003594,-0.004740,0.000791,0.003466,-0.004258,-0.001967,0.147278,-0.000032,0.001520
-0.000139,-0.001235,0.000221,-0.000014,0.000105,-0.000319,-0.001887,0.001397,-0.000121,-0.000382,0.000163,0.000427,0.001140,-0.001066,-0.000228,-0.000126,0.000009,0.000002,0.000000,-0.000258,0.000039,0.000002,-0.000557,0.000013,-0.000012,-0.000077,0.000741,0.000018,0.000000,-0.004424,-0.003776,0.000031,0.000026,0.000124,-0.001333,0.000133,-0.000154,0.000041,-0.000032,0.006411,-0.000352
-0.002388,-0.000380,0.002071,0.000225,0.012304,0.018208,0.008598,-0.096509,0.000752,0.000539,-0.005691,-0.000994,-0.001771,-0.001199,0.002068,0.002045,0.000052,-0.000059,0.000000,-0.000953,0.019648,0.000044,0.097243,0.000217,0.000314,-0.000001,0.004838,-0.000151,0.000000,0.018618,0.019022,0.000275,-0.000843,0.001302,0.001339,0.001020,0.000031,-0.000306,0.001520,-0.000352,0.156697
