0.025318,-0.000030,0.001093,-0.000009,0.003878,0.000130,0.005195,0.019389,-0.004364,0.002120,0.000563,-0.000507,0.000720,-0.001624,0.004982,0.017922,-0.000064,-0.000005,-0.000006,0.002909,0.001110,0.000218,-0.000502,0.000007,0.000438,-0.000058,0.001229,-0.000215,0.000000,0.033600,0.000921,-0.000382,0.002517,0.001651,0.002245,0.001160,0.000165,0.000610,0.009927,-0.000133,-0.002019
-0.000030,0.058442,-0.000654,0.001016,-0.001714,-0.000393,0.001239,-0.020224,-0.000848,0.001080,-0.000273,0.000085,-0.000163,-0.000910,-0.000695,-0.009426,-0.000043,0.000197,0.000474,0.006716,-0.000129,0.000244,-0.027784,-0.000459,0.000112,-0.000032,-0.000820,0.000234,0.000000,-0.011441,-0.002419,0.000408,0.000635,-0.019745,0.003809,0.000580,0.001831,-0.000165,-0.001139,-0.000968,-0.018816
0.001093,-0.000654,0.237597,0.000065,0.002609,-0.000830,0.008979,-0.089171,0.000137,-0.000622,0.001911,0.000367,0.006642,-0.001887,0.007069,-0.001989,0.001317,-0.000059,0.000498,0.000791,0.009003,0.000407,0.002885,0.011905,-0.000704,0.000056,0.000378,-0.000449,0.000000,-0.013966,-0.004880,0.000442,0.001904,-0.021848,0.001900,0.001711,0.006289,-0.005136,0.007071,0.000277,0.004654
-0.000009,0.001016,0.000065,0.017510,0.012071,-0.000047,-0.002667,0.001413,-0.000072,-0.000640,0.000460,-0.000084,-0.000304,-0.000110,-0.000429,-0.002414,0.000020,0.000026,0.000016,-0.000124,-0.000075,0.000043,-0.001107,0.000063,0.000093,0.000028,0.000203,0.000069,0.000000,-0.011788,0.007864,0.000089,-0.001174,-0.000011,0.000111,0.002071,0.000009,0.000082,-0.000509,-0.000078,0.000519
0.003878,-0.001714,0.002609,0.012071,0.773667,-0.000879,0.145947,0.042153,0.004258,0.002077,0.127022,-0.000608,0.019711,0.002902,0.059610,0.009133,0.000100,-0.000151,0.000122,0.019472,0.009792,0.001460,0.034503,0.000235,0.015691,-0.000263,0.004163,-0.000851,0.000000,0.052779,-0.004553,0.000047,0.005733,0.014046,0.011846,0.001094,-0.002814,0.006894,0.002099,0.000134,0.013071
0.000130,-0.000393,-0.000830,-0.000047,-0.000879,0.013714,-0.000944,-0.029924,-0.000023,0.000616,-0.001482,0.000195,-0.000115,-0.000329,-0.000190,0.000592,0.000004,0.000006,0.000010,-0.000254,0.004964,-0.000010,0.000398,-0.000039,-0.000370,-0.000003,0.000471,0.000051,0.000000,0.000750,0.004937,-0.000050,0.000124,0.016550,0.000005,0.000395,0.000005,0.001015,0.000051,-0.000173,0.018206
0.005195,0.001239,0.008979,-0.002667,0.145947,-0.000944,0.955391,0.021173,-0.004239,0.013630,0.005060,-0.048264,0.023056,-0.013191,0.066651,0.022644,0.000109,-0.000309,-0.003935,0.000876,-0.000152,0.000585,0.029030,-0.000770,0.006874,0.007773,0.002638,0.000303,0.000000,0.217194,0.041107,0.008383,0.006080,0.035898,0.017065,0.005259,-0.008541,-0.005076,0.005317,0.007944,0.009524
0.019389,-0.020224,-0.089171,0.001413,0.042153,-0.029924,0.021173,8.086045,0.005022,-0.082417,0.106125,0.001864,0.019285,-0.015385,0.044650,0.280549,-0.000128,-0.002446,-0.000519,0.009868,-0.027227,0.012731,0.022380,-0.001080,0.014152,0.011217,0.016567,-0.001684,0.000000,-0.173067,0.039460,-0.016811,0.034070,0.019407,0.014096,0.000141,-0.000120,0.029010,-0.021870,0.001429,-0.082536
-0.004364,-0.000848,0.000137,-0.000072,0.004258,-0.000023,-0.004239,0.005022,0.703430,-0.001746,0.000044,-0.000561,0.002460,0.008236,0.065234,0.010093,-0.000322,0.000046,-0.000006,-0.003621,0.000435,-0.000398,0.039142,0.000035,0.000771,0.000226,-0.001207,0.000271,0.000000,0.108326,0.013968,-0.005160,-0.003143,-0.036527,-0.000583,-0.008069,-0.000162,0.002134,0.004832,0.000071,-0.003023
0.002120,0.001080,-0.000622,-0.000640,0.002077,0.000616,0.013630,-0.082417,-0.001746,0.276794,-0.018375,-0.000542,0.001394,0.008187,0.008564,0.073624,0.000268,0.000263,0.000034,-0.001109,0.000118,-0.001743,-0.011051,-0.000505,-0.000306,-0.000299,0.001123,0.000194,0.000000,0.172176,-0.008467,0.000333,-0.000119,0.005585,0.005547,-0.006999,0.006766,-0.003955,-0.002320,-0.000577,0.003536
0.000563,-0.000273,0.001911,0.000460,0.127022,-0.001482,0.005060,0.106125,0.000044,-0.018375,0.582674,-0.001253,0.000997,0.001827,0.009943,0.007617,0.000204,0.000221,-0.000097,0.010380,-0.000625,-0.000454,0.002741,-0.002295,0.000642,0.000560,0.008031,0.000553,0.000000,0.060257,0.018171,0.001042,-0.004473,0.047367,0.028173,0.002150,-0.001001,0.005631,-0.000426,-0.000048,-0.004641
-0.000507,0.000085,0.000367,-0.000084,-0.000608,0.000195,-0.048264,0.001864,-0.000561,-0.000542,-0.001253,0.050450,0.000170,-0.000016,-0.008466,-0.017701,0.000021,-0.000028,0.000061,0.000988,0.000430,0.000024,0.001772,0.000266,0.000489,-0.000015,-0.000571,0.000119,0.000000,-0.020204,-0.001152,0.000230,0.000186,-0.001571,-0.002547,-0.000033,-0.000264,0.002493,0.000050,0.000411,-0.001048
0.000720,-0.000163,0.006642,-0.000304,0.019711,-0.000115,0.023056,0.019285,0.002460,0.001394,0.000997,0.000170,0.029845,0.001180,0.003852,0.003624,-0.000047,-0.000034,0.000032,0.000564,-0.000003,0.000095,0.009587,-0.000119,0.002159,-0.000129,0.001295,-0.000172,0.000000,0.039986,0.008636,-0.000586,0.007284,-0.001559,-0.000968,0.010877,0.000158,0.000737,0.003671,0.001354,-0.001601
-0.001624,-0.000910,-0.001887,-0.000110,0.002902,-0.000329,-0.013191,-0.015385,0.008236,0.008187,0.001827,-0.000016,0.001180,0.075102,-0.001080,-0.002620,-0.000164,0.000224,-0.000015,-0.000909,0.000095,-0.000298,-0.004185,0.001458,0.000321,-0.000122,-0.000484,-0.000242,0.000000,-0.008635,0.004100,-0.001733,-0.004050,-0.004625,0.004093,-0.000132,0.001358,0.001574,-0.001518,-0.000991,-0.002507
0.004982,-0.000695,0.007069,-0.000429,0.059610,-0.000190,0.066651,0.044650,0.065234,0.008564,0.009943,-0.008466,0.003852,-0.001080,0.129805,0.026968,-0.000073,-0.000030,0.000015,0.008602,0.001463,0.001060,0.006231,-0.000070,0.002030,-0.000134,0.001052,-0.000970,0.000000,0.069328,0.013037,0.001571,0.000355,0.013738,0.005079,0.004667,-0.002818,-0.001515,0.001231,0.002072,0.001897
0.017922,-0.009426,-0.001989,-0.002414,0.009133,0.000592,0.022644,0.280549,0.010093,0.073624,0.007617,-0.017701,0.003624,-0.002620,0.026968,1.434568,-0.000045,0.000100,-0.003643,-0.001174,-0.001325,0.002247,-0.009076,0.001468,-0.007973,-0.000032,0.002092,0.000505,0.000000,0.371007,0.050928,-0.001455,0.000174,0.091138,-0.001361,0.011710,0.004223,-0.005585,0.007565,0.000272,-0.003015
-0.000064,-0.000043,0.001317,0.000020,0.000100,0.000004,0.000109,-0.000128,-0.000322,0.000268,0.000204,0.000021,-0.000047,-0.000164,-0.000073,-0.000045,0.000231,-0.000002,-0.000000,0.000003,-0.000002,-0.000001,0.000189,0.000005,0.000063,-0.000004,0.000017,0.000001,0.000000,0.002775,-0.000174,-0.000114,-0.000002,-0.000040,-0.000050,0.000069,0.000040,-0.000000,0.000180,0.000006,0.000102
-0.000005,0.000197,-0.000059,0.000026,-0.000151,0.000006,-0.000309,-0.002446,0.000046,0.000263,0.000221,-0.000028,-0.000034,0.000224,-0.000030,0.000100,-0.000002,0.000070,0.000001,0.000001,0.000005,-0.000038,-0.000658,0.000001,-0.000039,0.000005,-0.000069,-0.000004,0.000000,-0.001644,-0.000243,0.000016,-0.000122,-0.000054,0.000139,-0.000060,0.000023,0.000077,-0.000109,0.000003,-0.000471
-0.000006,0.000474,0.000498,0.000016,0.000122,0.000010,-0.003935,-0.000519,-0.000006,0.000034,-0.000097,0.000061,0.000032,-0.000015,0.000015,-0.003643,-0.000000,0.000001,0.001304,0.000006,0.000006,-0.000001,-0.000048,-0.000006,-0.000000,0.000008,0.000005,-0.000008,0.000000,-0.000729,-0.000006,0.000021,-0.000066,0.000029,0.000030,-0.000015,-0.000056,0.000020,-0.000340,-0.000066,0.000011
0.002909,0.006716,0.000791,-0.000124,0.019472,-0.000254,0.000876,0.009868,-0.003621,-0.001109,0.010380,0.000988,0.000564,-0.000909,0.008602,-0.001174,0.000003,0.000001,0.000006,0.026840,0.002012,0.000014,0.000787,-0.000212,-0.000040,-0.000062,0.000035,0.000120,0.000000,0.003905,-0.004769,-0.001264,0.006892,0.002443,-0.000184,0.000454,-0.000036,0.000039,0.000029,-0.000347,-0.000865
0.001110,-0.000129,0.009003,-0.000075,0.009792,0.004964,-0.000152,-0.027227,0.000435,0.000118,-0.000625,0.000430,-0.000003,0.000095,0.001463,-0.001325,-0.000002,0.000005,0.000006,0.002012,0.011499,-0.000021,-0.000068,0.000002,0.000044,-0.000037,-0.000076,0.000016,0.000000,-0.000157,0.004427,-0.000080,0.000173,-0.000910,-0.000010,0.000100,0.005045,-0.000024,0.000056,0.000036,0.019324
0.000218,0.000244,0.000407,0.000043,0.001460,-0.000010,0.000585,0.012731,-0.000398,-0.001743,-0.000454,0.000024,0.000095,-0.000298,0.001060,0.002247,-0.000001,-0.000038,-0.000001,0.000014,-0.000021,0.000764,0.004004,0.000023,0.000231,-0.000010,-0.000075,-0.000120,0.000000,-0.000130,0.000244,0.000048,0.000064,0.000411,-0.000029,0.000300,-0.000106,-0.000021,0.000054,-0.000001,0.003025
-0.000502,-0.027784,0.002885,-0.001107,0.034503,0.000398,0.029030,0.022380,0.039142,-0.011051,0.002741,0.001772,0.009587,-0.004185,0.006231,-0.009076,0.000189,-0.000658,-0.000048,0.000787,-0.000068,0.004004,0.550531,-0.000459,0.015240,-0.000335,0.002052,-0.000021,0.000000,0.144521,0.014956,0.000008,0.005588,0.021937,0.003174,0.004135,0.002972,0.001734,0.004494,-0.000421,0.205337
0.000007,-0.000459,0.011905,0.000063,0.000235,-0.000039,-0.000770,-0.001080,0.000035,-0.000505,-0.002295,0.000266,-0.000119,0.001458,-0.000070,0.001468,0.000005,0.000001,-0.000006,-0.000212,0.000002,0.000023,-0.000459,0.007394,-0.000225,0.000031,0.000021,-0.000005,0.000000,-0.002970,0.000244,-0.000240,0.000012,-0.002683,-0.002613,-0.000485,0.000036,0.000222,0.000100,0.000024,-0.000573
0.000438,0.000112,-0.000704,0.000093,0.015691,-0.000370,0.006874,0.014152,0.000771,-0.000306,0.000642,0.000489,0.002159,0.000321,0.002030,-0.007973,0.000063,-0.000039,-0.000000,-0.000040,0.000044,0.000231,0.015240,-0.000225,0.015934,-0.000084,-0.000174,-0.000142,0.000000,-0.007754,-0.002917,-0.000293,0.003437,-0.003577,0.000738,0.000418,0.002609,0.000329,0.000840,-0.000073,0.017690
-0.000058,-0.000032,0.000056,0.000028,-0.000263,-0.000003,0.007773,0.011217,0.000226,-0.000299,0.000560,-0.000015,-0.000129,-0.000122,-0.000134,-0.000032,-0.000004,0.000005,0.000008,-0.000062,-0.000037,-0.000010,-0.000335,0.000031,-0.000084,0.003804,-0.000067,0.000006,0.000000,-0.015845,0.000105,-0.000052,-0.000145,0.005962,0.005306,-0.000277,0.000015,0.000193,-0.000063,-0.000081,-0.000039
0.001229,-0.000820,0.000378,0.000203,0.004163,0.000471,0.002638,0.016567,-0.001207,0.001123,0.008031,-0.000571,0.001295,-0.000484,0.001052,0.002092,0.000017,-0.000069,0.000005,0.000035,-0.000076,-0.000075,0.002052,0.000021,-0.000174,-0.000067,0.005691,-0.000004,0.000000,0.018541,-0.000208,-0.000045,0.000815,0.005619,0.000612,0.002184,0.000374,0.000398,0.000448,0.000811,0.000886
-0.000215,0.000234,-0.000449,0.000069,-0.000851,0.000051,0.000303,-0.001684,0.000271,0.000194,0.000553,0.000119,-0.000172,-0.000242,-0.000970,0.000505,0.000001,-0.000004,-0.000008,0.000120,0.000016,-0.000120,-0.000021,-0.000005,-0.000142,0.000006,-0.000004,0.001974,0.000000,-0.000415,-0.000030,0.000115,-0.000300,-0.002909,-0.000019,-0.000120,0.000773,-0.000024,-0.000656,0.000026,0.000074
0.000000,0.000000,0.000000,0.000000,0.000000,0.000000,0.000000,0.000000,0.000000,0.000000,0.000000,0.000000,0.000000,0.000000,0.000000,0.000000,0.000000,0.000000,0.000000,0.000000,0.000000,0.000000,0.000000,0.000000,0.000000,0.000000,0.000000,0.000000,0.000000,0.000000,0.000000,0.000000,0.000000,0.000000,0.000000,0.000000,0.000000,0.000000,0.000000,0.000000,0.000000
0.033600,-0.011441,-0.013966,-0.011788,0.052779,0.000750,0.217194,-0.173067,0.108326,0.172176,0.060257,-0.020204,0.039986,-0.008635,0.069328,0.371007,0.002775,-0.001644,-0.000729,0.003905,-0.000157,-0.000130,0.144521,-0.002970,-0.007754,-0.015845,0.018541,-0.000415,0.000000,13.754829,0.174997,0.004393,-0.004207,-0.021125,0.026564,-0.062240,0.009927,-0.044658,0.053130,-0.000784,0.019402
0.000921,-0.002419,-0.004880,0.007864,-0.004553,0.004937,0.041107,0.039460,0.013968,-0.008467,0.018171,-0.001152,0.008636,0.004100,0.013037,0.050928,-0.000174,-0.000243,-0.000006,-0.004769,0.004427,0.000244,0.014956,0.000244,-0.002917,0.000105,-0.000208,-0.000030,0.000000,0.174997,0.290873,-0.001405,-0.006916,-0.014741,-0.003672,0.003037,-0.000348,-0.001631,0.002445,-0.004045,0.002431
-0.000382,0.000408,0.000442,0.000089,0.000047,-0.000050,0.008383,-0.016811,-0.005160,0.000333,0.001042,0.000230,-0.000586,-0.001733,0.001571,-0.001455,-0.000114,0.000016,0.000021,-0.001264,-0.000080,0.000048,0.000008,-0.000240,-0.000293,-0.000052,-0.000045,0.000115,0.000000,0.004393,-0.001405,0.019479,-0.001019,-0.001274,0.001293,0.000044,-0.000313,0.000208,-0.000317,0.001120,0.000529
0.002517,0.000635,0.001904,-0.001174,0.005733,0.000124,0.006080,0.034070,-0.003143,-0.000119,-0.004473,0.000186,0.007284,-0.004050,0.000355,0.000174,-0.000002,-0.000122,-0.000066,0.006892,0.000173,0.000064,0.005588,0.000012,0.003437,-0.000145,0.000815,-0.000300,0.000000,-0.004207,-0.006916,-0.001019,0.095932,0.007129,0.002082,0.001860,0.001513,-0.000342,0.005947,0.000193,0.001779
0.001651,-0.019745,-0.021848,-0.000011,0.014046,0.016550,0.035898,0.019407,-0.036527,0.005585,0.047367,-0.001571,-0.001559,-0.004625,0.013738,0.091138,-0.000040,-0.000054,0.000029,0.002443,-0.000910,0.000411,0.021937,-0.002683,-0.003577,0.005962,0.005619,-0.002909,0.000000,-0.021125,-0.014741,-0.001274,0.007129,0.583759,0.013467,-0.003501,-0.005537,0.013442,0.001357,0.000452,0.002201
0.002245,0.003809,0.001900,0.000111,0.011846,0.000005,0.017065,0.014096,-0.000583,0.005547,0.028173,-0.002547,-0.000968,0.004093,0.005079,-0.001361,-0.000050,0.000139,0.000030,-0.000184,-0.000010,-0.000029,0.003174,-0.002613,0.000738,0.005306,0.000612,-0.000019,0.000000,0.026564,-0.003672,0.001293,0.002082,0.013467,0.141144,0.002773,0.001200,0.003043,0.001288,-0.001080,0.000640
0.001160,0.000580,0.001711,0.002071,0.001094,0.000395,0.005259,0.000141,-0.008069,-0.006999,0.002150,-0.000033,0.010877,-0.000132,0.004667,0.011710,0.000069,-0.000060,-0.000015,0.000454,0.000100,0.000300,0.004135,-0.000485,0.000418,-0.000277,0.002184,-0.000120,0.000000,-0.062240,0.003037,0.000044,0.001860,-0.003501,0.002773,0.130514,0.000906,0.000697,0.002497,0.000138,0.002820
0.000165,0.001831,0.006289,0.000009,-0.002814,0.000005,-0.008541,-0.000120,-0.000162,0.006766,-0.001001,-0.000264,0.000158,0.001358,-0.002818,0.004223,0.000040,0.000023,-0.000056,-0.000036,0.005045,-0.000106,0.002972,0.000036,0.002609,0.000015,0.000374,0.000773,0.000000,0.009927,-0.000348,-0.000313,0.001513,-0.005537,0.001200,0.000906,0.032386,0.000222,-0.003466,-0.000739,0.000618
0.000610,-0.000165,-0.005136,0.000082,0.006894,0.001015,-0.005076,0.029010,0.002134,-0.003955,0.005631,0.002493,0.000737,0.001574,-0.001515,-0.005585,-0.000000,0.000077,0.000020,0.000039,-0.000024,-0.000021,0.001734,0.000222,0.000329,0.000193,0.000398,-0.000024,0.000000,-0.044658,-0.001631,0.000208,-0.000342,0.013442,0.003043,0.000697,0.000222,0.083999,-0.002417,0.000229,0.002273
0.009927,-0.001139,0.007071,-0.000509,0.002099,0.000051,0.005317,-0.021870,0.004832,-0.002320,-0.000426,0.000050,0.003671,-0.001518,0.001231,0.007565,0.000180,-0.000109,-0.000340,0.000029,0.000056,0.000054,0.004494,0.000100,0.000840,-0.000063,0.000448,-0.000656,0.000000,0.053130,0.002445,-0.000317,0.005947,0.001357,0.001288,0.002497,-0.003466,-0.002417,0.151352,-0.000018,0.002934
-0.000133,-0.000968,0.000277,-0.000078,0.000134,-0.000173,0.007944,0.001429,0.000071,-0.000577,-0.000048,0.000411,0.001354,-0.000991,0.002072,0.000272,0.000006,0.000003,-0.000066,-0.000347,0.000036,-0.000001,-0.000421,0.000024,-0.000073,-0.000081,0.000811,0.000026,0.000000,-0.000784,-0.004045,0.001120,0.000193,0.000452,-0.001080,0.000138,-0.000739,0.000229,-0.000018,0.007630,-0.000651
-0.002019,-0.018816,0.004654,0.000519,0.013071,0.018206,0.009524,-0.082536,-0.003023,0.003536,-0.004641,-0.001048,-0.001601,-0.002507,0.001897,-0.003015,0.000102,-0.000471,0.000011,-0.000865,0.019324,0.003025,0.205337,-0.000573,0.017690,-0.000039,0.000886,0.000074,0.000000,0.019402,0.002431,0.000529,0.001779,0.002201,0.000640,0.002820,0.000618,0.002273,0.002934,-0.000651,0.357659
