0.001394,0.000021,0.000021,0.000002,0.000013,0.000004,0.000023,0.000087,-0.000054,-0.000003,0.000002,-0.000004,0.000023,-0.000054,0.000050,0.000102,-0.000054,0.000009,-0.000001,0.000181,0.000082,0.000079,-0.000001,0.000023,0.000086,-0.000003,0.000127,-0.000014,0.000000,0.000059,0.000013,-0.000008,0.000056,0.000008,0.000029,0.000067,0.000005,0.000090,0.000193,-0.000009,-0.000016
0.000021,0.000768,0.000016,-0.000005,-0.000006,-0.000003,-0.000003,-0.000034,-0.000036,0.000003,-0.000003,-0.000000,-0.000020,-0.000107,-0.000013,-0.000027,-0.000018,0.000064,0.000026,0.000235,-0.000012,0.000051,-0.000023,0.000118,-0.000096,-0.000002,-0.000037,-0.000009,0.000000,0.000010,-0.000032,0.000004,0.000006,-0.000141,0.000064,0.000009,0.000044,0.000015,-0.000008,-0.000031,-0.000076
0.000021,0.000016,0.001283,-0.000011,-0.000007,-0.000008,0.000029,0.000013,0.000008,0.000012,0.000005,-0.000022,0.000123,-0.000039,0.000104,-0.000002,0.000290,0.000001,0.000021,0.000013,-0.000001,0.000025,0.000002,0.001008,0.000009,0.000001,-0.000004,-0.000011,-0.000000,-0.000059,-0.000028,0.000002,0.000000,-0.000057,0.000023,0.000014,-0.000018,-0.000052,0.000026,0.000006,0.000011
0.000002,-0.000005,-0.000011,0.000851,0.000000,-0.000003,-0.000049,0.000008,-0.000001,-0.000007,0.000002,-0.000002,-0.000011,-0.000002,0.000035,-0.000005,0.000012,0.000038,0.000001,-0.000008,-0.000013,0.000004,-0.000001,0.000009,0.000012,0.000002,0.000016,0.000010,-0.000000,-0.000044,0.000069,0.000002,0.000004,-0.000000,-0.000013,0.000097,0.000006,0.000002,-0.000004,-0.000015,0.000003
0.000013,-0.000006,-0.000007,0.000000,0.000404,-0.000003,0.000151,0.000002,0.000002,0.000012,0.000009,0.000019,0.000147,0.000018,0.000132,-0.000009,-0.000045,0.000002,0.000000,0.000181,0.000061,0.000051,0.000004,-0.000004,0.000421,-0.000006,-0.000004,-0.000005,0.000000,0.000007,0.000003,-0.000001,0.000023,0.000020,0.000031,0.000008,0.000000,0.000147,0.000001,0.000002,0.000006
0.000004,-0.000003,-0.000008,-0.000003,-0.000003,0.000126,-0.000005,-0.000017,0.000093,0.000005,-0.000012,0.000001,0.000009,-0.000004,-0.000003,0.000002,0.000006,0.000002,0.000000,-0.000019,0.000126,0.000002,0.000000,-0.000005,-0.000007,0.000000,0.000006,0.000002,-0.000000,0.000001,0.000023,0.000000,0.000001,-0.000018,-0.000001,0.000004,-0.000005,0.000001,-0.000001,-0.000004,0.000051
0.000023,-0.000003,0.000029,-0.000049,0.000151,-0.000005,0.002218,0.000033,0.000038,0.000002,0.000004,0.000036,0.000358,-0.000098,0.000193,0.000021,-0.000116,-0.000032,-0.000089,0.000031,-0.000049,0.000081,0.000008,-0.000015,0.000370,0.000002,0.000036,-0.000011,-0.000000,0.000104,0.000134,0.000055,0.000025,0.000013,-0.000054,0.000045,-0.000106,-0.000105,0.000044,0.000127,0.000024
0.000087,-0.000034,0.000013,0.000008,0.000002,-0.000017,0.000033,0.002145,0.000011,-0.000061,-0.000062,0.000089,0.000112,-0.000013,0.000095,-0.000025,-0.000225,-0.000086,-0.000004,0.000061,-0.000185,0.000275,0.000002,0.000032,0.000500,0.000075,0.000169,-0.000029,0.000000,-0.000034,-0.000024,-0.000016,0.000037,0.000011,0.000034,0.000001,-0.000038,0.000056,-0.000022,0.000007,-0.000044
-0.000054,-0.000036,0.000008,-0.000001,0.000002,0.000093,0.000038,0.000011,0.001397,-0.000035,-0.000010,0.000012,0.000086,0.000220,0.000315,0.000005,-0.000041,0.000009,0.000003,-0.000067,-0.000001,-0.000005,0.000014,-0.000013,-0.000027,0.000018,-0.000022,0.000002,-0.000000,0.000051,0.000028,-0.000015,-0.000010,-0.000079,0.000025,0.000003,-0.000007,0.000007,0.000024,-0.000002,-0.000004
-0.000003,0.000003,0.000012,-0.000007,0.000012,0.000005,0.000002,-0.000061,-0.000035,0.001488,-0.000045,-0.000066,-0.000000,0.000134,0.000104,0.000147,0.000102,0.000094,-0.000003,-0.000004,0.000025,-0.000107,-0.000000,-0.000050,0.000018,-0.000049,0.000093,0.000018,0.000000,0.000031,-0.000058,-0.000003,0.000003,-0.000015,-0.000032,0.000041,0.000058,0.000003,-0.000023,0.000002,0.000002
0.000002,-0.000003,0.000005,0.000002,0.000009,-0.000012,0.000004,-0.000062,-0.000010,-0.000045,0.000321,-0.000003,0.000003,0.000004,0.000040,0.000045,0.000019,0.000012,-0.000000,0.000076,0.000000,-0.000014,0.000002,-0.000043,-0.000034,0.000003,0.000012,0.000012,-0.000000,0.000006,0.000020,-0.000004,-0.000000,0.000057,0.000082,0.000008,-0.000008,0.000020,0.000005,0.000000,-0.000010
-0.000004,-0.000000,-0.000022,-0.000002,0.000019,0.000001,0.000036,0.000089,0.000012,-0.000066,-0.000003,0.000567,0.000000,-0.000012,-0.000018,-0.000012,-0.000432,-0.000011,0.000002,0.000041,-0.000178,0.000025,0.000001,0.000026,0.000000,-0.000002,-0.000007,0.000001,0.000000,-0.000026,-0.000000,0.000004,0.000007,0.000008,-0.000032,0.000001,-0.000008,0.000024,0.000001,-0.000004,-0.000006
0.000023,-0.000020,0.000123,-0.000011,0.000147,0.000009,0.000358,0.000112,0.000086,-0.000000,0.000003,0.000000,0.001462,0.000160,0.000094,0.000024,-0.000043,-0.000016,0.000006,-0.000019,-0.000019,0.000052,0.000014,-0.000019,0.000223,-0.000005,0.000118,-0.000019,0.000000,-0.000005,0.000111,-0.000012,0.000036,-0.000031,-0.000035,0.000013,-0.000008,0.000054,0.000089,0.000077,-0.000004
-0.000054,-0.000107,-0.000039,-0.000002,0.000018,-0.000004,-0.000098,-0.000013,0.000220,0.000134,0.000004,-0.000012,0.000160,0.003578,-0.000040,-0.000001,-0.000060,0.000106,-0.000002,-0.000059,0.000006,-0.000040,-0.000004,0.000341,-0.000051,-0.000004,-0.000030,-0.000014,0.000000,-0.000076,0.000048,-0.000037,-0.000065,-0.000031,0.000118,0.000010,0.000005,0.000025,-0.000025,-0.000054,-0.000013
0.000050,-0.000013,0.000104,0.000035,0.000132,-0.000003,0.000193,0.000095,0.000315,0.000104,0.000040,-0.000018,0.000094,-0.000040,0.001864,0.000075,-0.000008,-0.000004,0.000001,0.000324,0.000051,0.000115,0.000006,-0.000021,0.000103,-0.000003,0.000066,-0.000084,0.000000,0.000097,0.000086,0.000027,-0.000004,0.000100,0.000020,0.000054,-0.000122,0.000016,0.000020,0.000058,0.000003
0.000102,-0.000027,-0.000002,-0.000005,-0.000009,0.000002,0.000021,-0.000025,0.000005,0.000147,0.000045,-0.000012,0.000024,-0.000001,0.000075,0.000837,-0.000039,0.000025,-0.000039,-0.000001,-0.000007,0.000060,0.000007,-0.000002,-0.000134,-0.000001,0.000028,0.000003,-0.000000,0.000133,-0.000019,-0.000008,-0.000017,0.000129,0.000007,0.000045,0.000019,-0.000065,0.000026,0.000003,-0.000001
-0.000054,-0.000018,0.000290,0.000012,-0.000045,0.000006,-0.000116,-0.000225,-0.000041,0.000102,0.000019,-0.000432,-0.000043,-0.000060,-0.000008,-0.000039,0.003362,-0.000012,0.000002,0.000025,0.000600,0.000035,-0.000003,-0.000027,0.000135,-0.000004,0.000022,0.000000,-0.000000,0.000041,-0.000022,0.000002,0.000017,-0.000063,-0.000048,-0.000002,0.000023,0.000001,0.000042,0.000002,0.000008
0.000009,0.000064,0.000001,0.000038,0.000002,0.000002,-0.000032,-0.000086,0.000009,0.000094,0.000012,-0.000011,-0.000016,0.000106,-0.000004,0.000025,-0.000012,0.000491,0.000002,-0.000005,0.000005,-0.000151,-0.000018,0.000001,-0.000062,0.000003,-0.000086,-0.000000,-0.000000,-0.000024,0.000013,-0.000002,-0.000026,-0.000011,0.000046,-0.000000,0.000031,0.000019,-0.000005,0.000002,-0.000041
-0.000001,0.000026,0.000021,0.000001,0.000000,0.000000,-0.000089,-0.000004,0.000003,-0.000003,-0.000000,0.000002,0.000006,-0.000002,0.000001,-0.000039,0.000002,0.000002,0.000325,0.000001,0.000001,0.000002,0.000000,-0.000005,0.000007,-0.000001,0.000003,-0.000000,-0.000000,-0.000000,0.000000,0.000002,-0.000002,0.000001,-0.000001,-0.000000,-0.000004,0.000000,-0.000026,-0.000009,0.000001
0.000181,0.000235,0.000013,-0.000008,0.000181,-0.000019,0.000031,0.000061,-0.000067,-0.000004,0.000076,0.000041,-0.000019,-0.000059,0.000324,-0.000001,0.000025,-0.000005,0.000001,0.002988,0.000211,0.000012,0.000003,-0.000078,-0.000034,0.000000,0.000013,0.000025,-0.000000,0.000026,-0.000091,-0.000037,0.000011,0.000054,0.000009,0.000014,-0.000008,0.000025,0.000005,-0.000029,-0.000009
0.000082,-0.000012,-0.000001,-0.000013,0.000061,0.000126,-0.000049,-0.000185,-0.000001,0.000025,0.000000,-0.000178,-0.000019,0.000006,0.000051,-0.000007,0.000600,0.000005,0.000001,0.000211,0.000979,0.000002,0.000001,-0.000020,0.000016,0.000003,-0.000002,0.000000,-0.000000,-0.000007,0.000087,-0.000003,0.000009,-0.000032,0.000004,0.000010,0.000002,-0.000005,0.000003,0.000002,0.000234
0.000079,0.000051,0.000025,0.000004,0.000051,0.000002,0.000081,0.000275,-0.000005,-0.000107,-0.000014,0.000025,0.000052,-0.000040,0.000115,0.000060,0.000035,-0.000151,0.000002,0.000012,0.000002,0.001289,0.000022,0.000025,0.000505,-0.000007,-0.000047,-0.000080,0.000000,-0.000038,0.000004,0.000006,0.000002,0.000028,-0.000004,0.000053,-0.000088,0.000008,-0.000009,-0.000001,0.000127
-0.000001,-0.000023,0.000002,-0.000001,0.000004,0.000000,0.000008,0.000002,0.000014,-0.000000,0.000002,0.000001,0.000014,-0.000004,0.000006,0.000007,-0.000003,-0.000018,0.000000,0.000003,0.000001,0.000022,0.000033,-0.000004,0.000102,-0.000001,0.000041,0.000000,0.000000,0.000008,0.000001,-0.000000,0.000002,0.000008,-0.000000,0.000002,-0.000002,-0.000002,0.000004,-0.000003,0.000074
0.000023,0.000118,0.001008,0.000009,-0.000004,-0.000005,-0.000015,0.000032,-0.000013,-0.000050,-0.000043,0.000026,-0.000019,0.000341,-0.000021,-0.000002,-0.000027,0.000001,-0.000005,-0.000078,-0.000020,0.000025,-0.000004,0.005034,0.000008,-0.000010,0.000003,-0.000001,-0.000000,0.000015,0.000008,-0.000011,0.000006,-0.000070,-0.000195,-0.000004,-0.000002,0.000028,0.000001,0.000004,-0.000020
0.000086,-0.000096,0.000009,0.000012,0.000421,-0.000007,0.000370,0.000500,-0.000027,0.000018,-0.000034,0.000000,0.000223,-0.000051,0.000103,-0.000134,0.000135,-0.000062,0.000007,-0.000034,0.000016,0.000505,0.000102,0.000008,0.012465,-0.000060,-0.000091,0.000007,0.000000,-0.000104,-0.000111,-0.000008,0.000041,-0.000166,-0.000031,0.000040,0.000119,0.000087,0.000067,-0.000021,0.000684
-0.000003,-0.000002,0.000001,0.000002,-0.000006,0.000000,0.000002,0.000075,0.000018,-0.000049,0.000003,-0.000002,-0.000005,-0.000004,-0.000003,-0.000001,-0.000004,0.000003,-0.000001,0.000000,0.000003,-0.000007,-0.000001,-0.000010,-0.000060,0.000423,-0.000008,-0.000001,-0.000000,-0.000061,0.000028,-0.000010,0.000001,0.000003,0.000188,0.000000,0.000004,0.000008,-0.000000,-0.000007,0.000000
0.000127,-0.000037,-0.000004,0.000016,-0.000004,0.000006,0.000036,0.000169,-0.000022,0.000093,0.000012,-0.000007,0.000118,-0.000030,0.000066,0.000028,0.000022,-0.000086,0.000003,0.000013,-0.000002,-0.000047,0.000041,0.000003,-0.000091,-0.000008,0.001756,-0.000000,0.000000,0.000096,-0.000019,-0.000003,0.000056,0.000079,0.000049,0.000006,-0.000027,0.000005,0.000019,0.000106,0.000102
-0.000014,-0.000009,-0.000011,0.000010,-0.000005,0.000002,-0.000011,-0.000029,0.000002,0.000018,0.000012,0.000001,-0.000019,-0.000014,-0.000084,0.000003,0.000000,-0.000000,-0.000000,0.000025,0.000000,-0.000080,0.000000,-0.000001,0.000007,-0.000001,-0.000000,0.000261,-0.000000,-0.000006,-0.000002,0.000003,0.000000,0.000001,-0.000002,-0.000017,-0.000011,0.000012,-0.000001,0.000002,-0.000009
0.000000,0.000000,-0.000000,-0.000000,0.000000,-0.000000,-0.000000,0.000000,-0.000000,0.000000,-0.000000,0.000000,0.000000,0.000000,0.000000,-0.000000,-0.000000,-0.000000,-0.000000,-0.000000,-0.000000,0.000000,0.000000,-0.000000,0.000000,-0.000000,0.000000,-0.000000,0.000000,-0.000000,-0.000000,0.000000,0.000000,-0.000000,-0.000000,0.000000,-0.000000,-0.000000,-0.000000,-0.000000,0.000000
0.000059,0.000010,-0.000059,-0.000044,0.000007,0.000001,0.000104,-0.000034,0.000051,0.000031,0.000006,-0.000026,-0.000005,-0.000076,0.000097,0.000133,0.000041,-0.000024,-0.000000,0.000026,-0.000007,-0.000038,0.000008,0.000015,-0.000104,-0.000061,0.000096,-0.000006,-0.000000,0.002410,0.000105,0.000004,0.000007,0.000003,-0.000001,-0.000012,0.000014,-0.000109,0.000064,-0.000013,0.000008
0.000013,-0.000032,-0.000028,0.000069,0.000003,0.000023,0.000134,-0.000024,0.000028,-0.000058,0.000020,-0.000000,0.000111,0.000048,0.000086,-0.000019,-0.000022,0.000013,0.000000,-0.000091,0.000087,0.000004,0.000001,0.000008,-0.000111,0.000028,-0.000019,-0.000002,-0.000000,0.000105,0.000943,-0.000010,-0.000044,-0.000034,0.000035,0.000023,0.000019,-0.000010,0.000006,-0.000060,0.000003
-0.000008,0.000004,0.000002,0.000002,-0.000001,0.000000,0.000055,-0.000016,-0.000015,-0.000003,-0.000004,0.000004,-0.000012,-0.000037,0.000027,-0.000008,0.000002,-0.000002,0.000002,-0.000037,-0.000003,0.000006,-0.000000,-0.000011,-0.000008,-0.000010,-0.000003,0.000003,0.000000,0.000004,-0.000010,0.000232,0.000000,-0.000008,0.000016,0.000001,-0.000012,0.000005,-0.000002,0.000037,0.000003
0.000056,0.000006,0.000000,0.000004,0.000023,0.000001,0.000025,0.000037,-0.000010,0.000003,-0.000000,0.000007,0.000036,-0.000065,-0.000004,-0.000017,0.000017,-0.000026,-0.000002,0.000011,0.000009,0.000002,0.000002,0.000006,0.000041,0.000001,0.000056,0.000000,0.000000,0.000007,-0.000044,0.000000,0.000408,0.000009,0.000024,0.000014,-0.000006,-0.000014,0.000022,0.000003,0.000005
0.000008,-0.000141,-0.000057,-0.000000,0.000020,-0.000018,0.000013,0.000011,-0.000079,-0.000015,0.000057,0.000008,-0.000031,-0.000031,0.000100,0.000129,-0.000063,-0.000011,0.000001,0.000054,-0.000032,0.000028,0.000008,-0.000070,-0.000166,0.000003,0.000079,0.000001,-0.000000,0.000003,-0.000034,-0.000008,0.000009,0.001340,0.000042,0.000024,-0.000013,0.000106,0.000015,0.000004,0.000007
0.000029,0.000064,0.000023,-0.000013,0.000031,-0.000001,-0.000054,0.000034,0.000025,-0.000032,0.000082,-0.000032,-0.000035,0.000118,0.000020,0.000007,-0.000048,0.000046,-0.000001,0.000009,0.000004,-0.000004,-0.000000,-0.000195,-0.000031,0.000188,0.000049,-0.000002,-0.000000,-0.000001,0.000035,0.000016,0.000024,0.000042,0.002450,0.000005,-0.000098,0.000026,-0.000002,-0.000041,-0.000000
0.000067,0.000009,0.000014,0.000097,0.000008,0.000004,0.000045,0.000001,0.000003,0.000041,0.000008,0.000001,0.000013,0.000010,0.000054,0.000045,-0.000002,-0.000000,-0.000000,0.000014,0.000010,0.000053,0.000002,-0.000004,0.000040,0.000000,0.000006,-0.000017,0.000000,-0.000012,0.000023,0.000001,0.000014,0.000024,0.000005,0.000294,-0.000023,-0.000001,0.000032,0.000001,0.000003
0.000005,0.000044,-0.000018,0.000006,0.000000,-0.000005,-0.000106,-0.000038,-0.000007,0.000058,-0.000008,-0.000008,-0.000008,0.000005,-0.000122,0.000019,0.000023,0.000031,-0.000004,-0.000008,0.000002,-0.000088,-0.000002,-0.000002,0.000119,0.000004,-0.000027,-0.000011,-0.000000,0.000014,0.000019,-0.000012,-0.000006,-0.000013,-0.000098,-0.000023,0.001211,-0.000037,0.000015,-0.000034,0.000003
0.000090,0.000015,-0.000052,0.000002,0.000147,0.000001,-0.000105,0.000056,0.000007,0.000003,0.000020,0.000024,0.000054,0.000025,0.000016,-0.000065,0.000001,0.000019,0.000000,0.000025,-0.000005,0.000008,-0.000002,0.000028,0.000087,0.000008,0.000005,0.000012,-0.000000,-0.000109,-0.000010,0.000005,-0.000014,0.000106,0.000026,-0.000001,-0.000037,0.002046,-0.000023,0.000001,0.000007
0.000193,-0.000008,0.000026,-0.000004,0.000001,-0.000001,0.000044,-0.000022,0.000024,-0.000023,0.000005,0.000001,0.000089,-0.000025,0.000020,0.000026,0.000042,-0.000005,-0.000026,0.000005,0.000003,-0.000009,0.000004,0.000001,0.000067,-0.000000,0.000019,-0.000001,-0.000000,0.000064,0.000006,-0.000002,0.000022,0.000015,-0.000002,0.000032,0.000015,-0.000023,0.001439,0.000001,0.000009
-0.000009,-0.000031,0.000006,-0.000015,0.000002,-0.000004,0.000127,0.000007,-0.000002,0.000002,0.000000,-0.000004,0.000077,-0.000054,0.000058,0.000003,0.000002,0.000002,-0.000009,-0.000029,0.000002,-0.000001,-0.000003,0.000004,-0.000021,-0.000007,0.000106,0.000002,-0.000000,-0.000013,-0.000060,0.000037,0.000003,0.000004,-0.000041,0.000001,-0.000034,0.000001,0.000001,0.000476,-0.000010
-0.000016,-0.000076,0.000011,0.000003,0.000006,0.000051,0.000024,-0.000044,-0.000004,0.000002,-0.000010,-0.000006,-0.000004,-0.000013,0.000003,-0.000001,0.000008,-0.000041,0.000001,-0.000009,0.000234,0.000127,0.000074,-0.000020,0.000684,0.000000,0.000102,-0.000009,0.000000,0.000008,0.000003,0.000003,0.000005,0.000007,-0.000000,0.000003,0.000003,0.000007,0.000009,-0.000010,0.000539
