0.299135,0.106865,0.210650,0.159935,0.513428,0.254466,0.489097,1.847272,0.212234,0.235822,0.489759,-0.021322,0.195550,-0.074112,0.462907,1.331146,0.006741,-0.001796,-0.006276,0.007668,0.030059,0.011491,0.490065,0.000000,0.026712,0.048761,0.114485,0.000794,0.003931,1.596318,-0.056140,0.086549,0.012135,0.170963,0.061972,0.165169,0.033764,0.035190,0.315092,0.013276,0.388996
0.106865,0.696146,0.061224,-0.194797,-0.382366,0.279929,-0.495568,-2.343968,0.322790,0.272940,-0.343336,-0.076915,0.012243,0.153291,0.092305,0.476919,0.018171,0.011109,-0.002306,0.307514,0.062614,-0.021208,-0.972770,0.000000,-0.006354,0.114032,0.003032,0.004011,-0.006432,0.834389,-0.053227,-0.106677,-0.034326,-0.338884,0.042948,0.049805,0.263386,-0.078458,0.059602,-0.015762,0.689281
0.210650,0.061224,2.140700,0.095727,-0.028046,0.149921,0.841325,1.326415,-0.417005,-0.345219,0.047334,0.076349,0.397512,-0.163238,0.296004,-0.411610,0.025492,-0.013610,0.001370,0.013278,0.061055,0.072049,0.779065,0.000000,0.273125,0.669895,0.071517,0.003146,0.064795,-1.823792,-0.233736,0.222130,1.102364,-0.116837,-0.056989,0.663634,0.053468,-0.058993,1.014990,-0.021791,1.479914
0.159935,-0.194797,0.095727,1.539431,2.006886,0.201784,0.593247,1.108249,-1.133804,0.305495,2.273696,-0.097197,0.195759,-0.036307,0.383249,1.459689,-0.002007,-0.001191,0.002688,1.502893,-0.000230,0.000605,6.433527,0.000000,0.012389,-0.009588,0.086887,-0.008827,-0.009292,1.152099,0.261907,1.630315,-0.094932,0.949912,0.088460,0.027617,-0.066020,0.455801,0.163673,0.014456,0.128768
0.513428,-0.382366,-0.028046,2.006886,7.023722,0.366645,2.891473,6.556462,-0.717407,0.380409,7.364673,-0.151042,0.551380,-0.213795,1.176880,3.052595,-0.011335,-0.008011,0.011617,1.939957,-0.009155,0.040687,8.332035,0.000000,0.106786,0.006617,0.268726,-0.009179,-0.040779,9.133199,0.646560,1.564009,0.805951,4.408253,0.425031,0.040835,-0.264447,2.130087,0.492497,-0.085082,0.082112
0.254466,0.279929,0.149921,0.201784,0.366645,1.085841,0.218538,-0.689872,1.020624,0.073712,0.129169,-0.029992,0.160280,-0.037372,0.394620,0.862562,0.017919,0.014579,-0.002701,0.188624,0.118322,-0.020194,0.208438,0.000000,-0.001549,0.216105,0.079539,-0.000057,-0.005465,-0.416164,0.026502,0.131732,-0.113049,-0.095931,-0.003568,0.009331,0.185977,-0.085715,0.149767,-0.011253,1.611892
0.489097,-0.495568,0.841325,0.593247,2.891473,0.218538,5.177087,12.477510,0.426960,0.582425,3.132171,-0.252511,0.680708,-0.597659,1.038432,3.606896,0.007649,-0.030377,-0.004436,-0.437120,-0.028469,0.091997,3.309070,0.000000,0.234102,0.425838,0.253448,-0.003512,0.063210,6.449547,-0.089960,0.086254,1.892323,1.785630,0.204228,0.521433,-0.077125,0.484264,1.133485,0.070667,0.805487
1.847272,-2.343968,1.326415,1.108249,6.556462,-0.689872,12.477510,83.899212,-6.267444,-2.021479,5.401755,0.090619,1.857633,-2.644215,3.595352,6.780262,-0.032821,-0.187816,-0.124726,-3.305946,-0.178789,0.534931,12.828421,0.000000,0.893379,0.430419,1.173812,-0.021584,0.233178,6.234462,-2.660169,0.285776,1.228061,1.997218,-3.202082,1.492200,-1.250216,-0.929906,3.231517,0.266169,0.318882
0.212234,0.322790,-0.417005,-1.133804,-0.717407,1.020624,0.426960,-6.267444,5.613449,0.912175,-0.888180,0.056549,0.133714,0.282737,0.404554,3.564606,-0.019167,0.013931,-0.000060,-1.403221,0.009151,-0.034132,-7.421855,0.000000,-0.158417,-0.871109,0.023158,0.005272,-0.016780,1.909065,0.692407,-1.813298,-0.202115,-0.716422,0.601732,-0.051992,-0.199900,-0.358994,0.026643,-0.001879,0.272372
0.235822,0.272940,-0.345219,0.305495,0.380409,0.073712,0.582425,-2.021479,0.912175,3.129757,0.530812,-0.651827,0.337323,0.408989,0.597473,6.599574,0.014906,0.003520,-0.011368,0.635041,-0.040975,-0.060577,-0.314052,0.000000,-0.092692,-0.337416,0.086197,-0.003006,-0.019591,15.909267,1.419141,0.097020,0.334575,0.357123,0.618005,-0.079064,0.355901,0.066438,0.225291,0.103054,-0.138150
0.489759,-0.343336,0.047334,2.273696,7.364673,0.129169,3.132171,5.401755,-0.888180,0.530812,9.430844,-0.211957,0.613817,-0.318532,1.190144,3.160494,-0.008421,-0.006164,0.012268,2.224327,-0.040192,0.043449,9.662950,0.000000,0.160098,0.019671,0.267263,-0.000431,-0.030229,10.661728,0.506837,1.909556,0.982342,5.627139,0.519739,0.186648,-0.228275,2.728071,0.697573,-0.029912,-0.056666
-0.021322,-0.076915,0.076349,-0.097197,-0.151042,-0.029992,-0.252511,0.090619,0.056549,-0.651827,-0.211957,0.522468,-0.062377,-0.052356,-0.082665,-1.183323,-0.008523,-0.001777,0.000503,-0.050633,-0.000257,0.016344,0.074915,0.000000,0.004623,-0.126386,-0.006542,0.000658,0.002815,-4.163427,-0.248601,-0.058716,-0.035634,-0.127393,-0.190829,0.031232,-0.159582,-0.049269,-0.034817,-0.045114,-0.126132
0.195550,0.012243,0.397512,0.195759,0.551380,0.160280,0.680708,1.857633,0.133714,0.337323,0.613817,-0.062377,0.326943,0.077783,0.417503,1.397716,0.004193,-0.004416,-0.003281,0.198789,0.015656,0.022055,0.653988,0.000000,0.040148,0.061225,0.085177,0.000291,0.028083,2.272654,0.528644,0.014144,0.305558,0.282717,0.035040,0.322038,-0.037412,0.073169,0.571217,0.020053,0.513784
-0.074112,0.153291,-0.163238,-0.036307,-0.213795,-0.037372,-0.597659,-2.644215,0.282737,0.408989,-0.318532,-0.052356,0.077783,0.530605,0.010509,0.517897,-0.007548,0.005927,-0.000498,0.486215,-0.008317,-0.023720,-0.739191,0.000000,-0.052380,-0.250891,-0.035437,-0.002191,-0.009664,1.123373,1.230995,-0.188345,-0.119995,-0.202414,0.047766,-0.062508,-0.080232,-0.064216,-0.038315,0.017089,-0.025774
0.462907,0.092305,0.296004,0.383249,1.176880,0.394620,1.038432,3.595352,0.404554,0.597473,1.190144,-0.082665,0.417503,0.010509,0.861586,2.714344,0.006247,-0.004412,-0.011512,0.235385,0.035244,0.019361,1.130461,0.000000,0.037908,-0.016214,0.195286,0.001354,0.009148,3.940900,0.497680,0.162001,0.110425,0.532393,0.126902,0.232731,-0.026348,0.143543,0.562818,0.029784,0.630414
1.331146,0.476919,-0.411610,1.459689,3.052595,0.862562,3.606896,6.780262,3.564606,6.599574,3.160494,-1.183323,1.397716,0.517897,2.714344,21.288621,0.004659,-0.018850,-0.044464,1.473313,-0.096410,-0.028151,2.366855,0.000000,-0.153992,-1.660859,0.545449,-0.025017,-0.008010,36.609745,2.654864,0.423525,0.284596,0.567421,0.883092,0.358000,0.128100,0.001105,1.498360,0.346058,0.402564
0.006741,0.018171,0.025492,-0.002007,-0.011335,0.017919,0.007649,-0.032821,-0.019167,0.014906,-0.008421,-0.008523,0.004193,-0.007548,0.006247,0.004659,0.002183,0.000501,0.000045,0.005571,0.005803,-0.000718,-0.003985,0.000000,0.003605,0.030524,0.001706,0.000273,0.000193,0.129649,-0.019653,0.008713,0.019599,0.001248,0.006182,0.004896,0.025472,0.002588,0.011152,0.000053,0.060273
-0.001796,0.011109,-0.013610,-0.001191,-0.008011,0.014579,-0.030377,-0.187816,0.013931,0.003520,-0.006164,-0.001777,-0.004416,0.005927,-0.004412,-0.018850,0.000501,0.000908,0.000364,0.011710,0.003096,-0.002268,-0.028876,0.000000,-0.002792,0.005094,-0.001732,-0.000042,-0.001052,-0.004835,0.006892,0.000294,-0.008223,0.001383,0.008333,-0.008255,0.009147,0.005233,-0.012294,-0.000579,0.021955
-0.006276,-0.002306,0.001370,0.002688,0.011617,-0.002701,-0.004436,-0.124726,-0.000060,-0.011368,0.012268,0.000503,-0.003281,-0.000498,-0.011512,-0.044464,0.000045,0.000364,0.011788,0.006471,-0.000304,-0.000847,-0.009645,0.000000,0.001300,0.007449,-0.003066,-0.001704,-0.000256,-0.026298,-0.002390,0.003614,0.011714,0.014583,0.023664,-0.004667,0.003618,0.018703,-0.005748,-0.000438,-0.001464
0.007668,0.307514,0.013278,1.502893,1.939957,0.188624,-0.437120,-3.305946,-1.403221,0.635041,2.224327,-0.050633,0.198789,0.486215,0.235385,1.473313,0.005571,0.011710,0.006471,2.970636,0.029705,-0.029247,6.496746,0.000000,-0.015492,-0.187784,-0.001228,-0.001734,-0.029597,5.072410,1.504805,1.863117,-0.104993,0.547611,-0.147359,-0.126004,0.071306,0.576593,0.031264,-0.031115,0.471413
0.030059,0.062614,0.061055,-0.000230,-0.009155,0.118322,-0.028469,-0.178789,0.009151,-0.040975,-0.040192,-0.000257,0.015656,-0.008317,0.035244,-0.096410,0.005803,0.003096,-0.000304,0.029705,0.055642,-0.003322,-0.035389,0.000000,0.003136,0.085667,0.006616,-0.000516,-0.000913,-0.181748,-0.016648,0.016483,-0.006562,-0.017084,-0.009869,0.006951,0.057738,-0.013492,0.021744,-0.001564,0.268464
0.011491,-0.021208,0.072049,0.000605,0.040687,-0.020194,0.091997,0.534931,-0.034132,-0.060577,0.043449,0.016344,0.022055,-0.023720,0.019361,-0.028151,-0.000718,-0.002268,-0.000847,-0.029247,-0.003322,0.009163,0.092640,0.000000,0.011182,0.004868,0.006518,0.000929,0.004331,-0.172745,-0.036566,-0.003660,0.032119,0.006732,-0.033047,0.050091,-0.025894,-0.004367,0.068175,-0.000488,-0.007482
0.490065,-0.972770,0.779065,6.433527,8.332035,0.208438,3.309070,12.828421,-7.421855,-0.314052,9.662950,0.074915,0.653988,-0.739191,1.130461,2.366855,-0.003985,-0.028876,-0.009645,6.496746,-0.035389,0.092640,31.101842,0.000000,0.247983,0.335232,0.323950,-0.004537,0.013281,1.395646,-0.664567,7.448431,0.013196,3.744326,-1.234912,0.599147,-0.301844,1.605047,1.025906,0.027668,0.185630
0.000000,0.000000,0.000000,0.000000,0.000000,0.000000,0.000000,0.000000,0.000000,0.000000,0.000000,0.000000,0.000000,0.000000,0.000000,0.000000,0.000000,0.000000,0.000000,0.000000,0.000000,0.000000,0.000000,0.000000,0.000000,0.000000,0.000000,0.000000,0.000000,0.000000,0.000000,0.000000,0.000000,0.000000,0.000000,0.000000,0.000000,0.000000,0.000000,0.000000,0.000000
0.026712,-0.006354,0.273125,0.012389,0.106786,-0.001549,0.234102,0.893379,-0.158417,-0.092692,0.160098,0.004623,0.040148,-0.052380,0.037908,-0.153992,0.003605,-0.002792,0.001300,-0.015492,0.003136,0.011182,0.247983,0.000000,0.124087,0.089106,0.013366,0.000493,-0.001377,-0.248454,-0.091322,0.060904,0.192846,0.074433,-0.059229,0.040825,0.011786,0.020057,0.087691,-0.004245,0.156176
0.048761,0.114032,0.669895,-0.009588,0.006617,0.216105,0.425838,0.430419,-0.871109,-0.337416,0.019671,-0.126386,0.061225,-0.250891,-0.016214,-1.660859,0.030524,0.005094,0.007449,-0.187784,0.085667,0.004868,0.335232,0.000000,0.089106,0.879077,0.015068,-0.003023,0.027792,-0.657631,-0.625371,0.130201,0.576466,0.405864,0.145739,0.235973,0.343457,0.160144,0.313807,-0.029270,1.156463
0.114485,0.003032,0.071517,0.086887,0.268726,0.079539,0.253448,1.173812,0.023158,0.086197,0.267263,-0.006542,0.085177,-0.035437,0.195286,0.545449,0.001706,-0.001732,-0.003066,-0.001228,0.006616,0.006518,0.323950,0.000000,0.013366,0.015068,0.052167,-0.000290,0.002669,0.715129,-0.013874,0.052686,0.003268,0.115894,0.010072,0.058844,-0.007436,0.030923,0.126520,0.007363,0.125361
0.000794,0.004011,0.003146,-0.008827,-0.009179,-0.000057,-0.003512,-0.021584,0.005272,-0.003006,-0.000431,0.000658,0.000291,-0.002191,0.001354,-0.025017,0.000273,-0.000042,-0.001704,-0.001734,-0.000516,0.000929,-0.004537,0.000000,0.000493,-0.003023,-0.000290,0.025197,0.000041,-0.005756,0.000310,-0.013470,0.012386,-0.000617,-0.004928,0.007148,0.003054,-0.000715,0.007299,-0.000099,-0.006482
0.003931,-0.006432,0.064795,-0.009292,-0.040779,-0.005465,0.063210,0.233178,-0.016780,-0.019591,-0.030229,0.002815,0.028083,-0.009664,0.009148,-0.008010,0.000193,-0.001052,-0.000256,-0.029597,-0.000913,0.004331,0.013281,0.000000,-0.001377,0.027792,0.002669,0.000041,0.026938,-0.146406,-0.008596,-0.029259,0.052381,-0.024852,-0.008628,0.082817,-0.008290,-0.015132,0.101546,-0.001314,0.043980
1.596318,0.834389,-1.823792,1.152099,9.133199,-0.416164,6.449547,6.234462,1.909065,15.909267,10.661728,-4.163427,2.272654,1.123373,3.940900,36.609745,0.129649,-0.004835,-0.026298,5.072410,-0.181748,-0.172745,1.395646,0.000000,-0.248454,-0.657631,0.715129,-0.005756,-0.146406,145.157235,6.547481,1.557378,1.879422,8.759154,1.358721,0.061959,2.595825,3.636943,2.324530,0.698706,-1.069003
-0.056140,-0.053227,-0.233736,0.261907,0.646560,0.026502,-0.089960,-2.660169,0.692407,1.419141,0.506837,-0.248601,0.528644,1.230995,0.497680,2.654864,-0.019653,0.006892,-0.002390,1.504805,-0.016648,-0.036566,-0.664567,0.000000,-0.091322,-0.625371,-0.013874,0.000310,-0.008596,6.547481,4.480369,-0.403921,0.317820,0.460687,0.290511,-0.145829,-0.285533,0.094496,0.241411,0.059320,0.253901
0.086549,-0.106677,0.222130,1.630315,1.564009,0.131732,0.086254,0.285776,-1.813298,0.097020,1.909556,-0.058716,0.014144,-0.188345,0.162001,0.423525,0.008713,0.000294,0.003614,1.863117,0.016483,-0.003660,7.448431,0.000000,0.060904,0.130201,0.052686,-0.013470,-0.029259,1.557378,-0.403921,2.277944,-0.406612,0.505440,-0.184005,-0.163548,0.099709,0.366433,-0.114069,-0.020313,0.063414
0.012135,-0.034326,1.102364,-0.094932,0.805951,-0.113049,1.892323,1.228061,-0.202115,0.334575,0.982342,-0.035634,0.305558,-0.119995,0.110425,0.284596,0.019599,-0.008223,0.011714,-0.104993,-0.006562,0.032119,0.013196,0.000000,0.192846,0.576466,0.003268,0.012386,0.052381,1.879422,0.317820,-0.406612,2.001339,1.138312,0.402578,0.359525,0.146717,0.427216,0.655698,-0.043754,0.853462
0.170963,-0.338884,-0.116837,0.949912,4.408253,-0.095931,1.785630,1.997218,-0.716422,0.357123,5.627139,-0.127393,0.282717,-0.202414,0.532393,0.567421,0.001248,0.001383,0.014583,0.547611,-0.017084,0.006732,3.744326,0.000000,0.074433,0.405864,0.115894,-0.000617,-0.024852,8.759154,0.460687,0.505440,1.138312,5.388315,0.618458,-0.055059,-0.011437,2.057530,0.220202,-0.038269,-0.357410
0.061972,0.042948,-0.056989,0.088460,0.425031,-0.003568,0.204228,-3.202082,0.601732,0.618005,0.519739,-0.190829,0.035040,0.047766,0.126902,0.883092,0.006182,0.008333,0.023664,-0.147359,-0.009869,-0.033047,-1.234912,0.000000,-0.059229,0.145739,0.010072,-0.004928,-0.008628,1.358721,0.290511,-0.184005,0.402578,0.618458,1.306649,-0.108539,0.160690,0.567500,-0.064625,-0.015571,-0.104188
0.165169,0.049805,0.663634,0.027617,0.040835,0.009331,0.521433,1.492200,-0.051992,-0.079064,0.186648,0.031232,0.322038,-0.062508,0.232731,0.358000,0.004896,-0.008255,-0.004667,-0.126004,0.006951,0.050091,0.599147,0.000000,0.040825,0.235973,0.058844,0.007148,0.082817,0.061959,-0.145829,-0.163548,0.359525,-0.055059,-0.108539,1.000713,-0.040796,-0.042143,1.124568,-0.004340,0.374793
0.033764,0.263386,0.053468,-0.066020,-0.264447,0.185977,-0.077125,-1.250216,-0.199900,0.355901,-0.228275,-0.159582,-0.037412,-0.080232,-0.026348,0.128100,0.025472,0.009147,0.003618,0.071306,0.057738,-0.025894,-0.301844,0.000000,0.011786,0.343457,-0.007436,0.003054,-0.008290,2.595825,-0.285533,0.099709,0.146717,-0.011437,0.160690,-0.040796,0.406994,0.042397,-0.033345,0.000102,0.553127
0.035190,-0.078458,-0.058993,0.455801,2.130087,-0.085715,0.484264,-0.929906,-0.358994,0.066438,2.728071,-0.049269,0.073169,-0.064216,0.143543,0.001105,0.002588,0.005233,0.018703,0.576593,-0.013492,-0.004367,1.605047,0.000000,0.020057,0.160144,0.030923,-0.000715,-0.015132,3.636943,0.094496,0.366433,0.427216,2.057530,0.567500,-0.042143,0.042397,1.217176,0.039161,-0.024810,-0.200562
0.315092,0.059602,1.014990,0.163673,0.492497,0.149767,1.133485,3.231517,0.026643,0.225291,0.697573,-0.034817,0.571217,-0.038315,0.562818,1.498360,0.011152,-0.012294,-0.005748,0.031264,0.021744,0.068175,1.025906,0.000000,0.087691,0.313807,0.126520,0.007299,0.101546,2.324530,0.241411,-0.114069,0.655698,0.220202,-0.064625,1.124568,-0.033345,0.039161,1.497711,0.012043,0.847060
0.013276,-0.015762,-0.021791,0.014456,-0.085082,-0.011253,0.070667,0.266169,-0.001879,0.103054,-0.029912,-0.045114,0.020053,0.017089,0.029784,0.346058,0.000053,-0.000579,-0.000438,-0.031115,-0.001564,-0.000488,0.027668,0.000000,-0.004245,-0.029270,0.007363,-0.000099,-0.001314,0.698706,0.059320,-0.020313,-0.043754,-0.038269,-0.015571,-0.004340,0.000102,-0.024810,0.012043,0.084819,0.008312
0.388996,0.689281,1.479914,0.128768,0.082112,1.611892,0.805487,0.318882,0.272372,-0.138150,-0.056666,-0.126132,0.513784,-0.025774,0.630414,0.402564,0.060273,0.021955,-0.001464,0.471413,0.268464,-0.007482,0.185630,0.000000,0.156176,1.156463,0.125361,-0.006482,0.043980,-1.069003,0.253901,0.063414,0.853462,-0.357410,-0.104188,0.374793,0.553127,-0.200562,0.847060,0.008312,4.299963
