0.300913,0.101175,0.203619,0.049588,0.528466,0.237413,0.547613,2.016017,0.228566,0.241342,0.647875,-0.043459,0.202276,-0.077344,0.464010,1.193047,0.006082,-0.002610,-0.004316,-0.132276,0.024706,0.013508,0.463072,0.000000,0.028665,0.100220,0.114603,-0.005239,0.003455,1.491276,-0.057438,0.168319,0.036753,0.173396,0.086037,0.161550,0.023349,0.038073,0.321721,0.014170,0.338536
0.101175,0.646637,0.121140,-0.217074,-0.322230,0.294530,-0.486722,-2.398455,0.199085,0.224439,-0.341823,-0.107793,0.007473,0.135665,0.077261,0.270067,0.018761,0.011009,-0.000663,0.412817,0.057400,-0.020229,-0.900221,0.000000,0.001284,0.108217,0.003137,-0.003258,-0.005359,0.603963,-0.085893,-0.206092,0.010167,-0.308085,0.091866,0.048700,0.275433,-0.048053,0.060877,-0.013247,0.778597
0.203619,0.121140,1.914660,0.127292,-0.096258,0.066730,0.769088,1.085664,-0.197391,-0.226136,-0.253796,0.046489,0.382047,-0.126226,0.268817,0.063158,0.024364,-0.013098,-0.001361,-0.421503,0.064498,0.068576,0.486594,0.000000,0.268378,0.454675,0.066537,-0.000619,0.067569,-1.222903,-0.233498,-0.238147,1.110586,-0.134043,-0.101968,0.665476,0.055480,-0.087587,1.000454,-0.012145,1.180216
0.049588,-0.217074,0.127292,1.499861,1.750476,-0.061152,0.395890,0.800507,-1.511698,-0.177608,2.217066,0.015518,0.093270,-0.106470,0.145614,-1.081233,-0.003395,-0.002708,0.004515,0.577754,-0.005146,0.012031,6.469049,0.000000,0.031368,0.090602,0.041932,-0.003008,0.001214,-1.118190,-0.086881,1.565858,-0.037277,1.031434,0.027374,0.131543,-0.096750,0.496769,0.167812,-0.006495,-0.221621
0.528466,-0.322230,-0.096258,1.750476,7.220629,0.268493,3.274857,7.720825,-0.407939,0.791622,8.400738,-0.193023,0.739729,-0.120952,1.285831,2.979019,-0.012968,-0.011373,-0.000248,0.815535,-0.057891,0.050462,8.205746,0.000000,0.076482,-0.438324,0.282466,-0.017896,-0.020212,8.707081,0.919102,2.335534,0.710340,4.100466,0.591708,0.214600,-0.316518,2.063364,0.817465,0.109044,0.292551
0.237413,0.294530,0.066730,-0.061152,0.268493,1.026503,0.306119,-0.563092,1.006451,0.114112,0.246564,-0.117044,0.153706,-0.021463,0.374661,0.834393,0.015953,0.013214,-0.002148,0.297934,0.100660,-0.017883,0.059130,0.000000,-0.005689,0.267860,0.072304,-0.000553,-0.005239,-0.141403,0.079779,0.290439,-0.097577,-0.050542,0.016221,0.004753,0.167018,-0.072980,0.139030,-0.013964,1.491133
0.547613,-0.486722,0.769088,0.395890,3.274857,0.306119,5.045672,12.598834,0.788274,0.546240,3.320315,-0.168572,0.710937,-0.565115,1.124211,3.367412,0.003896,-0.030975,-0.007978,-0.667721,-0.030562,0.094476,3.300691,0.000000,0.215233,-0.279002,0.273653,-0.004639,0.070131,5.556069,-0.029879,0.957033,1.721372,1.634467,0.224016,0.527869,-0.144214,0.400061,1.160314,0.069514,0.625738
2.016017,-2.398455,1.085664,0.800507,7.720825,-0.563092,12.598834,84.869056,-5.598646,-2.336261,6.659623,0.238384,1.959971,-2.670855,3.784523,5.377614,-0.043719,-0.190150,-0.103101,-4.916779,-0.169295,0.552750,12.911935,0.000000,0.770048,-1.122079,1.213852,-0.042713,0.235773,3.858093,-2.609591,2.662691,0.840643,2.061624,-2.664670,1.415211,-1.557430,-1.036643,3.257752,0.275097,-0.467832
0.228566,0.199085,-0.197391,-1.511698,-0.407939,1.006451,0.788274,-5.598646,5.351162,0.853648,-0.208187,0.096272,0.186522,0.255809,0.453842,4.069760,-0.018755,0.011593,-0.006590,-0.614531,0.006605,-0.026036,-6.804584,0.000000,-0.101457,-0.199363,0.037819,-0.002392,-0.018732,1.150306,0.762180,-1.415076,0.087335,-0.601047,0.495994,-0.066287,-0.230664,-0.313710,0.072315,0.012090,0.506857
0.241342,0.224439,-0.226136,-0.177608,0.791622,0.114112,0.546240,-2.336261,0.853648,3.135423,0.884319,-0.683127,0.329614,0.339895,0.588304,6.322957,0.018366,0.004621,-0.006091,0.631484,-0.037148,-0.064469,-0.248012,0.000000,-0.066093,-0.020920,0.090106,-0.006120,-0.019693,14.858447,1.232660,0.433704,0.367706,0.190027,0.654781,-0.065919,0.395357,0.031930,0.229760,0.121362,0.083579
0.647875,-0.341823,-0.253796,2.217066,8.400738,0.246564,3.320315,6.659623,-0.208187,0.884319,11.765192,-0.090439,0.740989,-0.309328,1.528001,2.704119,-0.017358,-0.005984,0.005397,0.757402,-0.076469,0.042111,9.971929,0.000000,0.092592,-0.682951,0.349433,-0.018088,-0.049617,10.092650,0.634229,3.441228,0.574261,5.659355,0.993704,0.124132,-0.375808,3.021700,0.736910,-0.030702,-0.016911
-0.043459,-0.107793,0.046489,0.015518,-0.193023,-0.117044,-0.168572,0.238384,0.096272,-0.683127,-0.090439,0.534861,-0.072862,-0.050947,-0.108227,-1.209186,-0.011825,-0.003256,-0.000319,-0.207163,-0.006014,0.018967,0.066577,0.000000,0.002848,-0.064487,-0.014671,0.002074,0.003052,-4.338568,-0.221232,-0.189408,-0.018307,-0.036065,-0.178230,0.020649,-0.201102,-0.027228,-0.056215,-0.050920,-0.290013
0.202276,0.007473,0.382047,0.093270,0.739729,0.153706,0.710937,1.959971,0.186522,0.329614,0.740989,-0.072862,0.338797,0.073808,0.431244,1.288098,0.003770,-0.005101,-0.004208,0.123886,0.013380,0.025411,0.624343,0.000000,0.040764,0.095632,0.087729,-0.002957,0.029509,2.065456,0.542374,-0.007542,0.290280,0.266485,0.057000,0.331358,-0.052765,0.070454,0.592902,0.024390,0.465441
-0.077344,0.135665,-0.126226,-0.106470,-0.120952,-0.021463,-0.565115,-2.670855,0.255809,0.339895,-0.309328,-0.050947,0.073808,0.521622,0.006579,0.372592,-0.006587,0.006135,-0.000099,0.780652,-0.006206,-0.022920,-0.722109,0.000000,-0.041585,-0.074982,-0.036310,-0.004518,-0.008827,1.040294,1.204391,-0.274825,-0.158749,-0.222380,-0.001675,-0.074643,-0.071611,-0.072011,-0.046485,0.024547,0.065604
0.464010,0.077261,0.268817,0.145614,1.285831,0.374661,1.124211,3.784523,0.453842,0.588304,1.528001,-0.108227,0.431244,0.006579,0.865124,2.360669,0.005206,-0.005172,-0.007355,0.067716,0.028745,0.021705,1.090072,0.000000,0.039550,0.072884,0.195139,-0.010341,0.007759,3.558208,0.511497,0.394066,0.109029,0.528609,0.173565,0.219607,-0.048334,0.154254,0.570298,0.034314,0.567896
1.193047,0.270067,0.063158,-1.081233,2.979019,0.834393,3.367412,5.377614,4.069760,6.322957,2.704119,-1.209186,1.288098,0.372592,2.360669,19.164496,0.021326,-0.014917,-0.028159,0.040329,-0.051624,-0.032327,-1.971431,0.000000,-0.057260,0.249956,0.475350,-0.027460,-0.017613,32.215348,2.289824,0.460191,0.725288,-0.264983,1.336141,0.318749,0.329559,-0.279369,1.398328,0.392638,1.001282
0.006082,0.018761,0.024364,-0.003395,-0.012968,0.015953,0.003896,-0.043719,-0.018755,0.018366,-0.017358,-0.011825,0.003770,-0.006587,0.005206,0.021326,0.002043,0.000446,0.000077,0.007142,0.004915,-0.000760,-0.006468,0.000000,0.003581,0.015391,0.001446,0.000185,0.000277,0.132414,-0.019358,0.008661,0.018719,-0.001282,0.005114,0.005569,0.024566,0.001888,0.011181,0.000342,0.054684
-0.002610,0.011009,-0.013098,-0.002708,-0.011373,0.013214,-0.030975,-0.190150,0.011593,0.004621,-0.005984,-0.003256,-0.005101,0.006135,-0.005172,-0.014917,0.000446,0.000864,0.000309,0.021311,0.002407,-0.002241,-0.028489,0.000000,-0.002607,0.004347,-0.001968,0.000090,-0.001143,0.000436,0.007613,0.003395,-0.009316,0.001507,0.008195,-0.008762,0.008869,0.005960,-0.013354,-0.000622,0.020864
-0.004316,-0.000663,-0.001361,0.004515,-0.000248,-0.002148,-0.007978,-0.103101,-0.006590,-0.006091,0.005397,-0.000319,-0.004208,-0.000099,-0.007355,-0.028159,0.000077,0.000309,0.010492,0.005973,-0.000219,-0.000770,-0.008896,0.000000,0.000193,0.000768,-0.002011,0.000380,-0.000229,0.016994,-0.003527,0.007203,-0.003126,0.013975,0.017710,-0.004459,0.002707,0.015716,-0.007635,-0.000407,-0.010695
-0.132276,0.412817,-0.421503,0.577754,0.815535,0.297934,-0.667721,-4.916779,-0.614531,0.631484,0.757402,-0.207163,0.123886,0.780652,0.067716,0.040329,0.007142,0.021311,0.005973,2.702033,0.042668,-0.061133,2.785419,0.000000,-0.073356,-0.238240,-0.074062,0.000609,-0.042184,4.955108,2.332535,0.939898,-0.151102,0.147975,-0.022544,-0.355146,0.180996,0.282189,-0.246713,-0.006304,0.837709
0.024706,0.057400,0.064498,-0.005146,-0.057891,0.100660,-0.030562,-0.169295,0.006605,-0.037148,-0.076469,-0.006014,0.013380,-0.006206,0.028745,-0.051624,0.004915,0.002407,-0.000219,0.042668,0.048046,-0.002198,-0.032455,0.000000,0.002654,0.066192,0.004738,-0.000525,-0.000803,-0.191531,-0.008687,0.029144,-0.023473,-0.022328,-0.009180,0.006493,0.046608,-0.014913,0.019573,-0.001424,0.229345
0.013508,-0.020229,0.068576,0.012031,0.050462,-0.017883,0.094476,0.552750,-0.026036,-0.064469,0.042111,0.018967,0.025411,-0.022920,0.021705,-0.032327,-0.000760,-0.002241,-0.000770,-0.061133,-0.002198,0.009535,0.090700,0.000000,0.010262,0.001111,0.007068,0.000446,0.004691,-0.180160,-0.033436,-0.029660,0.035238,0.010519,-0.031135,0.054282,-0.027674,-0.004164,0.074673,-0.000476,-0.011304
0.463072,-0.900221,0.486594,6.469049,8.205746,0.059130,3.300691,12.911935,-6.804584,-0.248012,9.971929,0.066577,0.624343,-0.722109,1.090072,-1.971431,-0.006468,-0.028489,-0.008896,2.785419,-0.032455,0.090700,30.594140,0.000000,0.221141,0.151026,0.307676,-0.004654,0.011797,1.084820,-0.610898,7.666807,-0.008983,3.676282,-0.584488,0.573244,-0.333213,1.590551,0.973294,0.014736,-0.225557
0.000000,0.000000,0.000000,0.000000,0.000000,0.000000,0.000000,0.000000,0.000000,0.000000,0.000000,0.000000,0.000000,0.000000,0.000000,0.000000,0.000000,0.000000,0.000000,0.000000,0.000000,0.000000,0.000000,0.000000,0.000000,0.000000,0.000000,0.000000,0.000000,0.000000,0.000000,0.000000,0.000000,0.000000,0.000000,0.000000,0.000000,0.000000,0.000000,0.000000,0.000000
0.028665,0.001284,0.268378,0.031368,0.076482,-0.005689,0.215233,0.770048,-0.101457,-0.066093,0.092592,0.002848,0.040764,-0.041585,0.039550,-0.057260,0.003581,-0.002607,0.000193,-0.073356,0.002654,0.010262,0.221141,0.000000,0.122206,0.015120,0.013382,-0.001660,-0.001491,-0.119675,-0.086403,0.059765,0.188249,0.062892,-0.044381,0.037734,0.012543,0.009808,0.085008,-0.002044,0.120685
0.100220,0.108217,0.454675,0.090602,-0.438324,0.267860,-0.279002,-1.122079,-0.199363,-0.020920,-0.682951,-0.064487,0.095632,-0.074982,0.072884,0.249956,0.015391,0.004347,0.000768,-0.238240,0.066192,0.001111,0.151026,0.000000,0.015120,0.537370,0.028188,-0.003601,0.029580,-0.789683,-0.354276,-0.130800,0.009696,-0.206310,0.037271,0.325087,0.137123,-0.159984,0.364946,0.030410,0.741909
0.114603,0.003137,0.066537,0.041932,0.282466,0.072304,0.273653,1.213852,0.037819,0.090106,0.349433,-0.014671,0.087729,-0.036310,0.195139,0.475350,0.001446,-0.001968,-0.002011,-0.074062,0.004738,0.007068,0.307676,0.000000,0.013382,0.028188,0.051849,-0.002898,0.002482,0.648217,-0.012443,0.109435,0.007276,0.114683,0.024930,0.056409,-0.013261,0.032675,0.128296,0.008056,0.101738
-0.005239,-0.003258,-0.000619,-0.003008,-0.017896,-0.000553,-0.004639,-0.042713,-0.002392,-0.006120,-0.018088,0.002074,-0.002957,-0.004518,-0.010341,-0.027460,0.000185,0.000090,0.000380,0.000609,-0.000525,0.000446,-0.004654,0.000000,-0.001660,-0.003601,-0.002898,0.027154,-0.000138,-0.010266,-0.006172,-0.011314,0.023855,-0.000488,-0.002017,0.003721,0.004046,-0.002708,0.000719,-0.000146,-0.003241
0.003455,-0.005359,0.067569,0.001214,-0.020212,-0.005239,0.070131,0.235773,-0.018732,-0.019693,-0.049617,0.003052,0.029509,-0.008827,0.007759,-0.017613,0.000277,-0.001143,-0.000229,-0.042184,-0.000803,0.004691,0.011797,0.000000,-0.001491,0.029580,0.002482,-0.000138,0.028182,-0.141008,-0.008252,-0.073647,0.058951,-0.025276,-0.005067,0.086856,-0.008652,-0.015812,0.107425,-0.001491,0.041246
1.491276,0.603963,-1.222903,-1.118190,8.707081,-0.141403,5.556069,3.858093,1.150306,14.858447,10.092650,-4.338568,2.065456,1.040294,3.558208,32.215348,0.132414,0.000436,0.016994,4.955108,-0.191531,-0.180160,1.084820,0.000000,-0.119675,-0.789683,0.648217,-0.010266,-0.141008,131.280936,5.748001,4.265497,1.483463,6.931275,1.010199,0.199927,2.591657,2.951202,2.215050,0.866062,0.121322
-0.057438,-0.085893,-0.233498,-0.086881,0.919102,0.079779,-0.029879,-2.609591,0.762180,1.232660,0.634229,-0.221232,0.542374,1.204391,0.511497,2.289824,-0.019358,0.007613,-0.003527,2.332535,-0.008687,-0.033436,-0.610898,0.000000,-0.086403,-0.354276,-0.012443,-0.006172,-0.008252,5.748001,4.374619,-0.268964,0.142007,0.387211,0.154858,-0.152822,-0.300109,0.073319,0.255864,0.074319,0.436598
0.168319,-0.206092,-0.238147,1.565858,2.335534,0.290439,0.957033,2.662691,-1.415076,0.433704,3.441228,-0.189408,-0.007542,-0.274825,0.394066,0.460191,0.008661,0.003395,0.007203,0.939898,0.029144,-0.029660,7.666807,0.000000,0.059765,-0.130800,0.109435,-0.011314,-0.073647,4.265497,-0.268964,3.120136,-0.345442,1.265344,0.117398,-0.663434,0.132871,0.709317,-0.567953,0.013555,0.246069
0.036753,0.010167,1.110586,-0.037277,0.710340,-0.097577,1.721372,0.840643,0.087335,0.367706,0.574261,-0.018307,0.290280,-0.158749,0.109029,0.725288,0.018719,-0.009316,-0.003126,-0.151102,-0.023473,0.035238,-0.008983,0.000000,0.188249,0.009696,0.007276,0.023855,0.058951,1.483463,0.142007,-0.345442,1.942889,0.936070,0.300939,0.431243,0.150310,0.284354,0.701577,-0.052604,0.645522
0.173396,-0.308085,-0.134043,1.031434,4.100466,-0.050542,1.634467,2.061624,-0.601047,0.190027,5.659355,-0.036065,0.266485,-0.222380,0.528609,-0.264983,-0.001282,0.001507,0.013975,0.147975,-0.022328,0.010519,3.676282,0.000000,0.062892,-0.206310,0.114683,-0.000488,-0.025276,6.931275,0.387211,1.265344,0.936070,5.211419,0.611214,-0.047044,-0.053270,2.004952,0.213365,-0.042409,-0.540346
0.086037,0.091866,-0.101968,0.027374,0.591708,0.016221,0.224016,-2.664670,0.495994,0.654781,0.993704,-0.178230,0.057000,-0.001675,0.173565,1.336141,0.005114,0.008195,0.017710,-0.022544,-0.009180,-0.031135,-0.584488,0.000000,-0.044381,0.037271,0.024930,-0.002017,-0.005067,1.010199,0.154858,0.117398,0.300939,0.611214,1.229608,-0.046241,0.154404,0.575947,0.001768,-0.022107,-0.100673
0.161550,0.048700,0.665476,0.131543,0.214600,0.004753,0.527869,1.415211,-0.066287,-0.065919,0.124132,0.020649,0.331358,-0.074643,0.219607,0.318749,0.005569,-0.008762,-0.004459,-0.355146,0.006493,0.054282,0.573244,0.000000,0.037734,0.325087,0.056409,0.003721,0.086856,0.199927,-0.152822,-0.663434,0.431243,-0.047044,-0.046241,1.019431,-0.032471,-0.038536,1.155369,-0.003781,0.319860
0.023349,0.275433,0.055480,-0.096750,-0.316518,0.167018,-0.144214,-1.557430,-0.230664,0.395357,-0.375808,-0.201102,-0.052765,-0.071611,-0.048334,0.329559,0.024566,0.008869,0.002707,0.180996,0.046608,-0.027674,-0.333213,0.000000,0.012543,0.137123,-0.013261,0.004046,-0.008652,2.591657,-0.300109,0.132871,0.150310,-0.053270,0.154404,-0.032471,0.410824,0.029495,-0.045319,0.001614,0.515146
0.038073,-0.048053,-0.087587,0.496769,2.063364,-0.072980,0.400061,-1.036643,-0.313710,0.031930,3.021700,-0.027228,0.070454,-0.072011,0.154254,-0.279369,0.001888,0.005960,0.015716,0.282189,-0.014913,-0.004164,1.590551,0.000000,0.009808,-0.159984,0.032675,-0.002708,-0.015812,2.951202,0.073319,0.709317,0.284354,2.004952,0.575947,-0.038536,0.029495,1.259684,0.038293,-0.027131,-0.214879
0.321721,0.060877,1.000454,0.167812,0.817465,0.139030,1.160314,3.257752,0.072315,0.229760,0.736910,-0.056215,0.592902,-0.046485,0.570298,1.398328,0.011181,-0.013354,-0.007635,-0.246713,0.019573,0.074673,0.973294,0.000000,0.085008,0.364946,0.128296,0.000719,0.107425,2.215050,0.255864,-0.567953,0.701577,0.213365,0.001768,1.155369,-0.045319,0.038293,1.550402,0.015979,0.745366
0.014170,-0.013247,-0.012145,-0.006495,0.109044,-0.013964,0.069514,0.275097,0.012090,0.121362,-0.030702,-0.050920,0.024390,0.024547,0.034314,0.392638,0.000342,-0.000622,-0.000407,-0.006304,-0.001424,-0.000476,0.014736,0.000000,-0.002044,0.030410,0.008056,-0.000146,-0.001491,0.866062,0.074319,0.013555,-0.052604,-0.042409,-0.022107,-0.003781,0.001614,-0.027131,0.015979,0.096301,0.014126
0.338536,0.778597,1.180216,-0.221621,0.292551,1.491133,0.625738,-0.467832,0.506857,0.083579,-0.016911,-0.290013,0.465441,0.065604,0.567896,1.001282,0.054684,0.020864,-0.010695,0.837709,0.229345,-0.011304,-0.225557,0.000000,0.120685,0.741909,0.101738,-0.003241,0.041246,0.121322,0.436598,0.246069,0.645522,-0.540346,-0.100673,0.319860,0.515146,-0.214879,0.745366,0.014126,4.075487
