0.014827,0.002910,0.003604,0.000356,0.010855,0.004363,0.005974,-0.017854,283.047610,0.004923,0.079713,-0.000806,-0.010486,-0.138529,0.012425,0.053909,0.004218,-0.001494,-0.000889,-104.147918,0.001897,0.003459,0.000728,0.000000,0.005844,-63.774340,0.069559,0.000349,0.000549,0.005431,-0.000457,-72.989179,0.050566,0.001964,0.004728,0.003877,0.001586,0.000892,-0.005769,0.000705,0.008766
0.002910,0.009613,0.000943,-0.000006,0.001695,0.002442,-0.002806,-0.013648,100.026168,0.002981,0.027648,-0.001553,-0.007287,-0.046438,0.001397,0.020051,0.005855,0.003330,-0.000314,-36.802139,0.002402,-0.002761,-0.000737,0.000000,0.000769,-22.539852,0.021213,0.000005,-0.000662,0.002366,-0.000556,-25.794870,0.017274,-0.001826,0.000498,0.001093,0.007014,-0.000715,-0.003607,-0.000342,0.004853
0.003604,0.000943,0.014009,0.000035,0.002451,0.000947,0.003171,-0.000748,15.559250,-0.001773,0.009205,0.000417,0.005492,-0.014624,0.002692,0.003021,0.005829,-0.003157,-0.000049,-5.733353,0.000978,0.006838,0.000442,0.000000,0.022569,-3.504422,0.007958,-0.000060,0.004725,-0.001150,-0.001237,-4.004323,0.010854,-0.000821,0.002814,0.005649,0.001370,-0.000813,0.006665,-0.000297,0.006091
0.000356,-0.000006,0.000035,0.000613,0.001954,0.000076,0.000239,-0.004901,165.760667,0.000100,0.016681,-0.000028,-0.004234,-0.028783,0.000347,0.009861,-0.000088,-0.000216,-0.000521,-60.989556,0.000011,0.000252,0.000023,0.000000,0.000011,-37.345877,0.012326,0.000029,0.000029,0.000053,0.000094,-42.754134,0.009858,0.000005,-0.000194,0.000116,-0.000219,-0.000204,-0.002558,-0.000031,0.001188
0.010855,0.001695,0.002451,0.001954,0.169805,0.001822,0.006010,-0.434554,2163.148596,0.002542,1.400702,-0.000652,-0.369420,-2.410940,0.012206,0.808620,-0.000631,-0.005850,-0.006795,-795.989411,-0.000442,0.009444,0.001751,0.000000,0.006373,-487.487467,1.007818,0.008989,0.001016,0.003240,-0.000144,-557.623967,0.835887,0.006752,-0.004080,0.002761,-0.006135,0.004316,-0.223969,-0.002814,0.100487
0.004363,0.002442,0.000947,0.000076,0.001822,0.006343,0.000786,-0.001578,27.576039,0.000718,0.003830,-0.000748,0.002258,-0.005356,0.003605,0.002594,0.003735,0.002948,-0.000087,-10.148283,0.003031,-0.001878,0.000126,0.000000,0.000186,-6.212470,0.005396,0.000072,-0.000491,-0.000286,0.000254,-7.111087,0.001658,-0.000552,0.001317,0.000151,0.003052,-0.001069,0.000751,-0.000159,0.005124
0.005974,-0.002806,0.003171,0.000239,0.006010,0.000786,0.014393,0.007468,63.985598,0.001484,0.016383,-0.000292,0.005144,-0.026349,0.006519,0.012599,0.001064,-0.004708,-0.000201,-23.546599,-0.000465,0.006344,0.001154,0.000000,0.010291,-14.413278,0.015322,0.000241,0.002941,0.003157,-0.000629,-16.501837,0.013614,0.003987,0.002083,0.002722,-0.001333,0.002156,0.003719,0.000864,0.003083
-0.017854,-0.013648,-0.000748,-0.004901,-0.434554,-0.001578,0.007468,1.226387,-6060.727034,-0.009819,-3.821187,0.001292,1.033437,6.618808,-0.020156,-2.208123,-0.001471,0.003024,0.019040,2230.193256,-0.001194,-0.007746,0.000983,0.000000,0.007426,1365.848634,-2.757025,-0.019858,0.002620,-0.004828,-0.006202,1562.377433,-2.280734,-0.000937,0.013610,-0.005340,0.007789,0.004866,0.625856,0.000504,-0.271315
283.047610,100.026168,15.559250,165.760667,2163.148596,27.576039,63.985598,-6060.727034,198838450.541760,151.155600,19929.692537,-10.157330,-5196.098802,-34535.003150,295.305433,11737.747214,-18.619895,-170.213236,-624.795380,-73159970.793690,10.510168,200.936623,7.929877,0.000000,-34.014553,-44798302.492500,14659.234012,30.610401,28.210519,91.545833,75.403315,-51285837.114283,11810.609326,-77.435693,-280.463722,96.417048,-133.510485,-234.506244,-3142.924724,12.031077,1475.625303
0.004923,0.002981,-0.001773,0.000100,0.002542,0.000718,0.001484,-0.009819,151.155600,0.021631,0.020122,-0.004961,0.001883,-0.026549,0.006173,0.027017,0.004325,0.001338,-0.000475,-55.600992,-0.000648,-0.006627,-0.000195,0.000000,-0.006924,-34.059833,0.017703,0.000076,-0.001885,0.017853,0.006555,-38.987395,0.016535,0.000690,0.008828,-0.000284,0.007176,0.000446,-0.000744,0.001692,-0.000810
0.079713,0.027648,0.009205,0.016681,1.400702,0.003830,0.016383,-3.821187,19929.692537,0.020122,12.167339,-0.002597,-3.257639,-21.064259,0.088516,7.039267,-0.001194,-0.038641,-0.062609,-7333.610637,0.000399,0.062917,0.002858,0.000000,0.023063,-4491.301523,8.796528,0.066376,0.004513,0.016758,0.010428,-5137.725178,7.268489,0.014840,-0.043721,0.022779,-0.043791,-0.013300,-1.972077,-0.001696,0.867791
-0.000806,-0.001553,0.000417,-0.000028,-0.000652,-0.000748,-0.000292,0.001292,-10.157330,-0.004961,-0.002597,0.005587,-0.000996,0.002126,-0.001007,-0.003910,-0.003194,-0.000985,0.000032,3.737494,-0.000257,0.002262,0.000090,0.000000,0.000800,2.289429,-0.002032,0.000097,0.000192,-0.005290,-0.001140,2.620175,-0.000736,-0.000164,-0.001141,-0.000009,-0.004304,-0.000527,-0.000300,-0.000791,-0.000667
-0.010486,-0.007287,0.005492,-0.004234,-0.369420,0.002258,0.005144,1.033437,-5196.098802,0.001883,-3.257639,-0.000996,0.893662,5.654807,-0.011158,-1.876108,0.003562,0.006863,0.016323,1912.030254,0.000922,-0.009689,0.000735,0.000000,0.004175,1170.993245,-2.348994,-0.017026,0.004764,0.003498,0.003895,1339.494745,-1.941388,0.000848,0.019452,0.001536,0.009497,0.007483,0.542744,0.000880,-0.226528
-0.138529,-0.046438,-0.014624,-0.028783,-2.410940,-0.005356,-0.026349,6.618808,-34535.003150,-0.026549,-21.064259,0.002126,5.654807,36.526170,-0.148910,-12.191620,-0.002265,0.067339,0.108492,12707.994394,-0.002089,-0.111183,-0.003182,0.000000,-0.041610,7782.717663,-15.243495,-0.109883,-0.007182,-0.023071,-0.007030,8902.856873,-12.576277,-0.018443,0.082424,-0.043568,0.068902,0.033413,3.418213,-0.001359,-1.503411
0.012425,0.001397,0.002692,0.000347,0.012206,0.003605,0.006519,-0.020156,295.305433,0.006173,0.088516,-0.001007,-0.011158,-0.148910,0.012432,0.058918,0.002250,-0.001762,-0.000928,-108.656711,0.001291,0.003211,0.000905,0.000000,0.003929,-66.535902,0.074152,0.000459,0.000698,0.006469,0.003513,-76.150253,0.056475,0.003039,0.006489,0.002949,-0.000878,0.001745,-0.007323,0.000833,0.009428
0.053909,0.020051,0.003021,0.009861,0.808620,0.002594,0.012599,-2.208123,11737.747214,0.027017,7.039267,-0.003910,-1.876108,-12.191620,0.058918,4.106817,0.001471,-0.024314,-0.036874,-4319.169799,-0.000612,0.036272,0.001928,0.000000,0.010880,-2645.179701,5.100030,0.038335,0.005799,0.022961,0.011376,-3025.934246,4.204904,0.005522,-0.018684,0.018446,-0.020026,-0.010999,-1.134326,0.002699,0.500815
0.004218,0.005855,0.005829,-0.000088,-0.000631,0.003735,0.001064,-0.001471,-18.619895,0.004325,-0.001194,-0.003194,0.003562,-0.002265,0.002250,0.001471,0.015869,0.003552,0.000059,6.851991,0.004488,-0.002397,-0.000053,0.000000,0.011291,4.194123,0.001790,0.000021,0.000468,0.006142,-0.002925,4.805702,0.003097,0.000481,-0.004322,0.002195,0.015301,0.001419,0.003893,0.000110,0.005649
-0.001494,0.003330,-0.003157,-0.000216,-0.005850,0.002948,-0.004708,0.003024,-170.213236,0.001338,-0.038641,-0.000985,0.006863,0.067339,-0.001762,-0.024314,0.003552,0.006941,0.000535,62.632993,0.002821,-0.008053,-0.000520,0.000000,-0.007082,38.350085,-0.029381,-0.000149,-0.002979,0.000344,0.001076,43.895798,-0.023719,0.000260,0.000947,-0.002512,0.005587,0.001853,0.002613,-0.000338,-0.001081
-0.000889,-0.000314,-0.000049,-0.000521,-0.006795,-0.000087,-0.000201,0.019040,-624.795380,-0.000475,-0.062609,0.000032,0.016323,0.108492,-0.000928,-0.036874,0.000059,0.000535,0.001963,229.885173,-0.000033,-0.000631,-0.000025,0.000000,0.000107,140.766396,-0.046052,-0.000096,-0.000089,-0.000288,-0.000237,161.151703,-0.037103,0.000243,0.000881,-0.000303,0.000419,0.000737,0.009873,-0.000038,-0.004636
-104.147918,-36.802139,-5.733353,-60.989556,-795.989411,-10.148283,-23.546599,2230.193256,-73159970.793690,-55.600992,-7333.610637,3.737494,1912.030254,12707.994394,-108.656711,-4319.169799,6.851991,62.632993,229.885173,26918241.099472,-3.867567,-73.945522,-2.918763,0.000000,12.504379,16482941.352198,-5394.206860,-11.271780,-10.394838,-33.660398,-27.738585,18869943.393331,-4345.999636,28.491594,103.200035,-35.492323,49.132209,86.293336,1156.505093,-4.422920,-542.995174
0.001897,0.002402,0.000978,0.000011,-0.000442,0.003031,-0.000465,-0.001194,10.510168,-0.000648,0.000399,-0.000257,0.000922,-0.002089,0.001291,-0.000612,0.004488,0.002821,-0.000033,-3.867567,0.004474,-0.001602,-0.000063,0.000000,0.001032,-2.367468,0.001881,0.000026,-0.000187,-0.000424,-0.000093,-2.709627,0.000779,-0.000105,-0.001392,0.000232,0.003869,-0.000323,0.000483,-0.000080,0.003488
0.003459,-0.002761,0.006838,0.000252,0.009444,-0.001878,0.006344,-0.007746,200.936623,-0.006627,0.062917,0.002262,-0.009689,-0.111183,0.003211,0.036272,-0.002397,-0.008053,-0.000631,-73.945522,-0.001602,0.014823,0.000782,0.000000,0.013120,-45.271926,0.048233,0.000365,0.005220,-0.003037,-0.002566,-51.811830,0.037077,0.000527,-0.005055,0.006939,-0.007338,-0.000743,-0.001476,-0.000016,0.005823
0.000728,-0.000737,0.000442,0.000023,0.001751,0.000126,0.001154,0.000983,7.929877,-0.000195,0.002858,0.000090,0.000735,-0.003182,0.000905,0.001928,-0.000053,-0.000520,-0.000025,-2.918763,-0.000063,0.000782,0.001427,0.000000,0.001650,-1.785943,0.002024,0.000026,0.000097,0.000006,-0.000221,-2.044014,0.000931,0.001374,-0.002827,0.000458,-0.000476,0.001338,0.000492,0.000037,0.000236
0.000000,0.000000,0.000000,0.000000,0.000000,0.000000,0.000000,0.000000,0.000000,0.000000,0.000000,0.000000,0.000000,0.000000,0.000000,0.000000,0.000000,0.000000,0.000000,0.000000,0.000000,0.000000,0.000000,0.000000,0.000000,0.000000,0.000000,0.000000,0.000000,0.000000,0.000000,0.000000,0.000000,0.000000,0.000000,0.000000,0.000000,0.000000,0.000000,0.000000,0.000000
0.005844,0.000769,0.022569,0.000011,0.006373,0.000186,0.010291,0.007426,-34.014553,-0.006924,0.023063,0.000800,0.004175,-0.041610,0.003929,0.010880,0.011291,-0.007082,0.000107,12.504379,0.001032,0.013120,0.001650,0.000000,0.120312,7.663823,0.019451,-0.000209,-0.000494,-0.003256,-0.006300,8.808837,0.024599,0.001904,-0.010326,0.004796,0.004063,0.000860,0.005839,-0.000676,0.010812
-63.774340,-22.539852,-3.504422,-37.345877,-487.487467,-6.212470,-14.413278,1365.848634,-44798302.492500,-34.059833,-4491.301523,2.289429,1170.993245,7782.717663,-66.535902,-2645.179701,4.194123,38.350085,140.766396,16482941.352198,-2.367468,-45.271926,-1.785943,0.000000,7.663823,10093057.592740,-3303.547246,-6.904644,-6.356159,-20.626434,-16.988095,11554698.694048,-2661.613501,17.449257,63.190609,-21.724113,30.079306,52.838804,708.289340,-2.710344,-332.536742
0.069559,0.021213,0.007958,0.012326,1.007818,0.005396,0.015322,-2.757025,14659.234012,0.017703,8.796528,-0.002032,-2.348994,-15.243495,0.074152,5.100030,0.001790,-0.029381,-0.046052,-5394.206860,0.001881,0.048233,0.002024,0.000000,0.019451,-3303.547246,6.377732,0.045925,0.003131,0.016415,0.008456,-3779.075442,5.255435,0.009428,-0.027340,0.020457,-0.031181,-0.013113,-1.421322,0.001757,0.629980
0.000349,0.000005,-0.000060,0.000029,0.008989,0.000072,0.000241,-0.019858,30.610401,0.000076,0.066376,0.000097,-0.017026,-0.109883,0.000459,0.038335,0.000021,-0.000149,-0.000096,-11.271780,0.000026,0.000365,0.000026,0.000000,-0.000209,-6.904644,0.045925,0.005677,-0.000022,0.000222,0.000127,-7.883247,0.044424,0.000133,-0.000228,0.000218,-0.000410,-0.000056,-0.010330,0.000025,0.004320
0.000549,-0.000662,0.004725,0.000029,0.001016,-0.000491,0.002941,0.002620,28.210519,-0.001885,0.004513,0.000192,0.004764,-0.007182,0.000698,0.005799,0.000468,-0.002979,-0.000089,-10.394838,-0.000187,0.005220,0.000097,0.000000,-0.000494,-6.356159,0.003131,-0.000022,0.021925,-0.001300,-0.000777,-7.279033,0.005937,-0.000942,0.006432,0.008079,-0.001775,-0.001404,0.008070,-0.000214,0.002296
0.005431,0.002366,-0.001150,0.000053,0.003240,-0.000286,0.003157,-0.004828,91.545833,0.017853,0.016758,-0.005290,0.003498,-0.023071,0.006469,0.022961,0.006142,0.000344,-0.000288,-33.660398,-0.000424,-0.003037,0.000006,0.000000,-0.003256,-20.626434,0.016415,0.000222,-0.001300,0.027439,0.004607,-23.611311,0.012426,0.005527,0.004225,0.001215,0.008936,0.005460,0.001636,0.002039,0.000183
-0.000457,-0.000556,-0.001237,0.000094,-0.000144,0.000254,-0.000629,-0.006202,75.403315,0.006555,0.010428,-0.001140,0.003895,-0.007030,0.003513,0.011376,-0.002925,0.001076,-0.000237,-27.738585,-0.000093,-0.002566,-0.000221,0.000000,-0.006300,-16.988095,0.008456,0.000127,-0.000777,0.004607,0.014363,-19.449774,0.009295,0.000407,0.004003,-0.000936,-0.003708,-0.000379,-0.000546,0.000680,0.002094
-72.989179,-25.794870,-4.004323,-42.754134,-557.623967,-7.111087,-16.501837,1562.377433,-51285837.114283,-38.987395,-5137.725178,2.620175,1339.494745,8902.856873,-76.150253,-3025.934246,4.805702,43.895798,161.151703,18869943.393331,-2.709627,-51.811830,-2.044014,0.000000,8.808837,11554698.694048,-3779.075442,-7.883247,-7.279033,-23.611311,-19.449774,13228011.110917,-3044.678311,19.977627,72.331215,-24.861221,34.429545,60.487160,810.211910,-3.103017,-380.410777
0.050566,0.017274,0.010854,0.009858,0.835887,0.001658,0.013614,-2.280734,11810.609326,0.016535,7.268489,-0.000736,-1.941388,-12.576277,0.056475,4.204904,0.003097,-0.023719,-0.037103,-4345.999636,0.000779,0.037077,0.000931,0.000000,0.024599,-2661.613501,5.255435,0.044424,0.005937,0.012426,0.009295,-3044.678311,4.361481,0.009510,-0.018348,0.011673,-0.025465,-0.007911,-1.177097,-0.000047,0.519614
0.001964,-0.001826,-0.000821,0.000005,0.006752,-0.000552,0.003987,-0.000937,-77.435693,0.000690,0.014840,-0.000164,0.000848,-0.018443,0.003039,0.005522,0.000481,0.000260,0.000243,28.491594,-0.000105,0.000527,0.001374,0.000000,0.001904,17.449257,0.009428,0.000133,-0.000942,0.005527,0.000407,19.977627,0.009510,0.014076,0.002596,0.000067,-0.000052,0.012419,-0.000120,-0.000157,0.000997
0.004728,0.000498,0.002814,-0.000194,-0.004080,0.001317,0.002083,0.013610,-280.463722,0.008828,-0.043721,-0.001141,0.019452,0.082424,0.006489,-0.018684,-0.004322,0.000947,0.000881,103.200035,-0.001392,-0.005055,-0.002827,0.000000,-0.010326,63.190609,-0.027340,-0.000228,0.006432,0.004225,0.004003,72.331215,-0.018348,0.002596,0.070257,0.000772,0.000115,0.006933,0.010639,-0.000309,-0.002360
0.003877,0.001093,0.005649,0.000116,0.002761,0.000151,0.002722,-0.005340,96.417048,-0.000284,0.022779,-0.000009,0.001536,-0.043568,0.002949,0.018446,0.002195,-0.002512,-0.000303,-35.492323,0.000232,0.006939,0.000458,0.000000,0.004796,-21.724113,0.020457,0.000218,0.008079,0.001215,-0.000936,-24.861221,0.011673,0.000067,0.000772,0.011298,-0.000192,-0.000121,0.007593,-0.000019,0.004113
0.001586,0.007014,0.001370,-0.000219,-0.006135,0.003052,-0.001333,0.007789,-133.510485,0.007176,-0.043791,-0.004304,0.009497,0.068902,-0.000878,-0.020026,0.015301,0.005587,0.000419,49.132209,0.003869,-0.007338,-0.000476,0.000000,0.004063,30.079306,-0.031181,-0.000410,-0.001775,0.008936,-0.003708,34.429545,-0.025465,-0.000052,0.000115,-0.000192,0.020319,0.001581,0.006790,-0.000060,-0.000173
0.000892,-0.000715,-0.000813,-0.000204,0.004316,-0.001069,0.002156,0.004866,-234.506244,0.000446,-0.013300,-0.000527,0.007483,0.033413,0.001745,-0.010999,0.001419,0.001853,0.000737,86.293336,-0.000323,-0.000743,0.001338,0.000000,0.000860,52.838804,-0.013113,-0.000056,-0.001404,0.005460,-0.000379,60.487160,-0.007911,0.012419,0.006933,-0.000121,0.001581,0.017685,0.004147,-0.000397,-0.001697
-0.005769,-0.003607,0.006665,-0.002558,-0.223969,0.000751,0.003719,0.625856,-3142.924724,-0.000744,-1.972077,-0.000300,0.542744,3.418213,-0.007323,-1.134326,0.003893,0.002613,0.009873,1156.505093,0.000483,-0.001476,0.000492,0.000000,0.005839,708.289340,-1.421322,-0.010330,0.008070,0.001636,-0.000546,810.211910,-1.177097,-0.000120,0.010639,0.007593,0.006790,0.004147,0.334458,0.000195,-0.136344
0.000705,-0.000342,-0.000297,-0.000031,-0.002814,-0.000159,0.000864,0.000504,12.031077,0.001692,-0.001696,-0.000791,0.000880,-0.001359,0.000833,0.002699,0.000110,-0.000338,-0.000038,-4.422920,-0.000080,-0.000016,0.000037,0.000000,-0.000676,-2.710344,0.001757,0.000025,-0.000214,0.002039,0.000680,-3.103017,-0.000047,-0.000157,-0.000309,-0.000019,-0.000060,-0.000397,0.000195,0.004444,-0.000305
0.008766,0.004853,0.006091,0.001188,0.100487,0.005124,0.003083,-0.271315,1475.625303,-0.000810,0.867791,-0.000667,-0.226528,-1.503411,0.009428,0.500815,0.005649,-0.001081,-0.004636,-542.995174,0.003488,0.005823,0.000236,0.000000,0.010812,-332.536742,0.629980,0.004320,0.002296,0.000183,0.002094,-380.410777,0.519614,0.000997,-0.002360,0.004113,-0.000173,-0.001697,-0.136344,-0.000305,0.070273
