0.015156,0.002599,0.003994,0.000352,0.001293,0.004040,0.006782,-0.005374,-400.937341,0.004207,-0.004590,-0.000202,0.012316,0.008591,0.012575,-0.004277,0.003771,-0.001704,-0.000858,36.892152,0.002074,0.003986,0.000619,0.000000,0.005730,-99.617203,0.015204,-0.000571,0.000909,0.005035,-0.000719,-0.924119,-0.004322,0.002233,0.006731,0.004546,0.001189,0.000708,0.012400,0.000749,0.003382
0.002599,0.009681,0.000979,-0.000109,-0.001915,0.002067,-0.003217,-0.009099,-93.588591,0.002575,-0.001673,-0.000515,0.000829,0.009060,0.001101,-0.003765,0.005717,0.003283,-0.000200,8.610933,0.002232,-0.002860,-0.000555,0.000000,0.000828,-23.252761,0.000539,-0.000064,-0.000524,0.001529,-0.000640,-0.216179,-0.001930,-0.001966,-0.018512,0.000915,0.006946,-0.000963,0.002661,-0.000515,0.003041
0.003994,0.000979,0.015625,-0.000024,-0.001247,0.000846,0.004486,0.000786,10.360349,-0.001813,-0.003718,0.000133,0.008828,-0.001376,0.003114,-0.003214,0.006166,-0.003355,0.000022,-0.970837,0.001561,0.007733,0.000216,0.000000,0.023356,2.567137,0.003424,-0.000096,0.006487,-0.001528,-0.000903,0.030580,0.008004,-0.000682,-0.001247,0.006913,0.001149,-0.000944,0.009704,-0.000167,0.006225
0.000352,-0.000109,-0.000024,0.001481,-0.000539,-0.000012,0.000156,-0.004085,-352.635072,0.000172,-0.002105,-0.000039,0.000775,0.004926,0.000382,-0.004910,-0.000284,-0.000372,-0.000754,32.445488,0.000029,0.000323,0.000039,0.000000,-0.000533,-87.616293,0.000988,-0.000051,0.000081,-0.000045,0.000114,-0.814908,0.001816,-0.000242,-0.000467,0.000145,-0.000543,-0.000713,0.001945,-0.000043,-0.000189
0.001293,-0.001915,-0.001247,-0.000539,0.012733,0.000539,0.003794,0.046332,658.005678,0.001096,0.026802,-0.000233,-0.001733,-0.044951,0.001787,0.057613,-0.003494,-0.000507,0.001407,-60.536805,-0.001555,0.000207,0.000260,0.000000,0.000548,163.497128,-0.002541,-0.003212,0.000238,0.003554,0.000932,1.511172,-0.026843,0.006077,0.002755,-0.000194,-0.002483,0.006894,-0.015555,-0.000582,0.000836
0.004040,0.002067,0.000846,-0.000012,0.000539,0.005735,0.001285,-0.001026,-50.754852,0.000516,-0.001942,-0.000035,0.002880,-0.000274,0.003347,-0.000219,0.003348,0.002721,-0.000109,4.671417,0.002778,-0.001660,0.000119,0.000000,-0.000090,-12.608687,0.003126,-0.000056,-0.000340,-0.000091,0.000092,-0.117639,-0.002807,-0.000071,-0.004684,0.000120,0.002915,-0.000549,0.001313,-0.000173,0.004398
0.006782,-0.003217,0.004486,0.000156,0.003794,0.001285,0.016704,0.009641,-90.470402,0.002511,0.003017,-0.001272,0.009985,-0.005757,0.007376,0.005217,0.001312,-0.004983,-0.000194,8.315986,-0.000428,0.007201,0.000745,0.000000,0.011486,-22.476511,0.008203,-0.000244,0.003870,0.004442,-0.000111,-0.210815,0.004353,0.004945,0.008747,0.003692,-0.001273,0.002893,0.007708,0.001067,0.002664
-0.005374,-0.009099,0.000786,-0.004085,0.046332,-0.001026,0.009641,0.339780,4347.083288,-0.005979,0.142317,0.000530,-0.032776,-0.340655,-0.006715,0.377992,-0.001292,-0.002818,0.009298,-399.921767,-0.001001,0.002078,0.000833,0.000000,0.009123,1080.130292,-0.035901,-0.011301,0.002985,-0.001773,-0.004521,9.997712,-0.173698,-0.000103,0.008556,-0.000957,0.001893,0.001225,-0.120248,0.000841,0.011907
-400.937341,-93.588591,10.360349,-352.635072,658.005678,-50.754852,-90.470402,4347.083288,714820146.339484,-209.316729,2149.774619,-5.917699,-769.411713,-4987.976074,-389.729809,5046.206358,88.350251,274.793748,1528.956088,-65773406.717831,-23.836960,-308.802883,-13.344772,0.000000,265.725536,177605228.539964,-918.694896,21.367589,-65.011204,-24.996885,-52.939235,1650166.081002,-1905.718103,220.153790,863.827098,-147.867935,277.973969,599.464359,-1996.710409,-26.816898,68.160527
0.004207,0.002575,-0.001813,0.000172,0.001096,0.000516,0.002511,-0.005979,-209.316729,0.021082,0.000814,-0.004934,0.007205,0.009888,0.005796,0.013446,0.003690,0.000730,-0.000448,19.274003,-0.001022,-0.006195,0.000041,0.000000,-0.005932,-52.008009,0.004122,-0.000310,-0.001909,0.018060,0.006773,-0.484142,0.001294,0.000924,0.001681,-0.000682,0.006595,-0.000112,0.003243,0.001942,-0.000674
-0.004590,-0.001673,-0.003718,-0.002105,0.026802,-0.001942,0.003017,0.142317,2149.774619,0.000814,0.079261,0.000179,-0.015111,-0.144386,-0.003755,0.172396,-0.006334,0.000231,0.004598,-197.784026,-0.002986,-0.001207,-0.000046,0.000000,-0.000695,534.157761,-0.019206,-0.004477,-0.002597,0.003703,0.000808,4.942612,-0.078591,0.006802,-0.016859,-0.002127,-0.002573,0.009678,-0.054753,-0.002964,0.001742
-0.000202,-0.000515,0.000133,-0.000039,-0.000233,-0.000035,-0.001272,0.000530,-5.917699,-0.004934,0.000179,0.004589,-0.001414,-0.001334,-0.000760,-0.002578,-0.002055,-0.000158,-0.000013,0.545685,0.000142,0.001732,0.000004,0.000000,-0.000531,-1.469624,-0.000219,0.000043,0.000399,-0.005076,-0.001394,-0.013076,0.001699,-0.000565,-0.001825,0.000283,-0.003101,-0.000461,-0.000511,-0.001095,-0.000180
0.012316,0.000829,0.008828,0.000775,-0.001733,0.002880,0.009985,-0.032776,-769.411713,0.007205,-0.015111,-0.001414,0.024977,0.045824,0.014070,-0.036349,0.002786,-0.004163,-0.001646,70.775877,0.001265,0.008610,0.000635,0.000000,0.009659,-191.178196,0.016995,0.000580,0.007217,0.008001,0.008264,-1.770314,0.015083,0.003346,0.009255,0.009845,-0.003248,0.001072,0.030709,0.001307,0.004478
0.008591,0.009060,-0.001376,0.004926,-0.044951,-0.000274,-0.005757,-0.340655,-4987.976074,0.009888,-0.144386,-0.001334,0.045824,0.371811,0.013933,-0.382250,-0.004379,-0.002430,-0.010669,458.897487,-0.000271,0.003358,-0.000626,0.000000,-0.006870,-1239.364522,0.043130,0.009896,-0.001483,0.006018,0.017832,-11.481869,0.166787,-0.001091,-0.009917,0.002511,-0.010417,-0.005383,0.130261,0.000982,-0.012172
0.012575,0.001101,0.003114,0.000382,0.001787,0.003347,0.007376,-0.006715,-389.729809,0.005796,-0.003755,-0.000760,0.014070,0.013933,0.012532,-0.004467,0.001825,-0.001948,-0.000834,35.863428,0.001342,0.003630,0.000621,0.000000,0.004020,-96.831881,0.014074,-0.000555,0.001145,0.006579,0.003711,-0.899429,-0.002517,0.003315,0.005452,0.003479,-0.001183,0.001694,0.012650,0.000903,0.002961
-0.004277,-0.003765,-0.003214,-0.004910,0.057613,-0.000219,0.005217,0.377992,5046.206358,0.013446,0.172396,-0.002578,-0.036349,-0.382250,-0.004467,0.464567,-0.002614,0.003065,0.010793,-464.227541,-0.003818,-0.011604,0.000259,0.000000,-0.005287,1253.839239,-0.042953,-0.015412,-0.000960,0.012793,0.003462,11.604136,-0.203521,-0.000907,0.017529,-0.003541,0.006694,0.004186,-0.142906,0.001979,0.010408
0.003771,0.005717,0.006166,-0.000284,-0.003494,0.003348,0.001312,-0.001292,88.350251,0.003690,-0.006334,-0.002055,0.002786,-0.004379,0.001825,-0.002614,0.015954,0.003419,0.000189,-8.123781,0.004906,-0.002349,-0.000074,0.000000,0.011656,21.951943,0.002337,0.000083,0.000850,0.005108,-0.003129,0.207745,0.002933,0.000097,-0.009288,0.001759,0.015324,0.000882,0.003235,0.000260,0.006834
-0.001704,0.003283,-0.003355,-0.000372,-0.000507,0.002721,-0.004983,-0.002818,274.793748,0.000730,0.000231,-0.000158,-0.004163,-0.002430,-0.001948,0.003065,0.003419,0.006966,0.000588,-25.275923,0.002659,-0.008228,-0.000402,0.000000,-0.006974,68.278304,-0.003654,0.000153,-0.003113,-0.000102,0.001028,0.632685,-0.002780,0.000444,-0.002096,-0.002908,0.005549,0.002153,-0.006195,-0.000413,0.001514
-0.000858,-0.000200,0.000022,-0.000754,0.001407,-0.000109,-0.000194,0.009298,1528.956088,-0.000448,0.004598,-0.000013,-0.001646,-0.010669,-0.000834,0.010793,0.000189,0.000588,0.003270,-140.685250,-0.000051,-0.000661,-0.000029,0.000000,0.000568,379.886601,-0.001965,0.000046,-0.000139,-0.000053,-0.000113,3.529603,-0.004076,0.000471,0.001848,-0.000316,0.000595,0.001282,-0.004271,-0.000057,0.000146
36.892152,8.610933,-0.970837,32.445488,-60.536805,4.671417,8.315986,-399.921767,-65773406.717831,19.274003,-197.784026,0.545685,70.775877,458.897487,35.863428,-464.227541,-8.123781,-25.275923,-140.685250,6052069.423703,2.195504,28.392756,1.228361,0.000000,-24.460043,-16342153.972211,84.530877,-1.971131,5.952120,2.324866,4.878783,-151838.278668,175.309979,-20.253217,-79.539695,13.572502,-25.565649,-55.151634,183.669757,2.470010,-6.271395
0.002074,0.002232,0.001561,0.000029,-0.001555,0.002778,-0.000428,-0.001001,-23.836960,-0.001022,-0.002986,0.000142,0.001265,-0.000271,0.001342,-0.003818,0.004906,0.002659,-0.000051,2.195504,0.005770,-0.001343,-0.000055,0.000000,0.001262,-5.921999,0.001207,-0.000120,-0.000255,-0.000760,-0.000263,-0.052387,-0.002075,-0.000218,-0.010498,0.000264,0.003950,-0.000439,0.000791,-0.000105,0.003315
0.003986,-0.002860,0.007733,0.000323,0.000207,-0.001660,0.007201,0.002078,-308.802883,-0.006195,-0.001207,0.001732,0.008610,0.003358,0.003630,-0.011604,-0.002349,-0.008228,-0.000661,28.392756,-0.001343,0.015101,0.000527,0.000000,0.013434,-76.730932,0.006080,0.000184,0.005973,-0.002915,-0.002401,-0.707803,0.002818,0.000405,0.000713,0.007638,-0.007409,-0.000944,0.013078,-0.000036,0.001381
0.000619,-0.000555,0.000216,0.000039,0.000260,0.000119,0.000745,0.000833,-13.344772,0.000041,-0.000046,0.000004,0.000635,-0.000626,0.000621,0.000259,-0.000074,-0.000402,-0.000029,1.228361,-0.000055,0.000527,0.000132,0.000000,0.000297,-3.315518,0.000887,-0.000025,0.000055,0.000282,-0.000147,-0.030629,-0.000244,0.000347,0.001003,0.000167,-0.000348,0.000182,0.000442,0.000068,0.000076
0.000000,0.000000,0.000000,0.000000,0.000000,0.000000,0.000000,0.000000,0.000000,0.000000,0.000000,0.000000,0.000000,0.000000,0.000000,0.000000,0.000000,0.000000,0.000000,0.000000,0.000000,0.000000,0.000000,0.000000,0.000000,0.000000,0.000000,0.000000,0.000000,0.000000,0.000000,0.000000,0.000000,0.000000,0.000000,0.000000,0.000000,0.000000,0.000000,0.000000,0.000000
0.005730,0.000828,0.023356,-0.000533,0.000548,-0.000090,0.011486,0.009123,265.725536,-0.005932,-0.000695,-0.000531,0.009659,-0.006870,0.004020,-0.005287,0.011656,-0.006974,0.000568,-24.460043,0.001262,0.013434,0.000297,0.000000,0.122206,66.027876,0.006420,-0.000382,-0.001116,-0.001881,-0.004861,0.618189,0.014166,0.002710,-0.009945,0.005070,0.004307,0.001226,0.010192,-0.000229,0.009975
-99.617203,-23.252761,2.567137,-87.616293,163.497128,-12.608687,-22.476511,1080.130292,177605228.539964,-52.008009,534.157761,-1.469624,-191.178196,-1239.364522,-96.831881,1253.839239,21.951943,68.278304,379.886601,-16342153.972211,-5.921999,-76.730932,-3.315518,0.000000,66.027876,44128047.295273,-228.262228,5.307685,-16.160541,-6.207908,-13.153018,410002.588214,-473.523520,54.703380,214.592520,-36.751824,69.067984,148.947238,-496.131668,-6.662847,16.938494
0.015204,0.000539,0.003424,0.000988,-0.002541,0.003126,0.008203,-0.035901,-918.694896,0.004122,-0.019206,-0.000219,0.016995,0.043130,0.014074,-0.042953,0.002337,-0.003654,-0.001965,84.530877,0.001207,0.006080,0.000887,0.000000,0.006420,-228.262228,0.021178,0.000230,0.001372,0.005479,-0.000133,-2.116730,0.011916,0.003411,0.008734,0.004294,-0.002071,0.001204,0.025462,0.000997,0.001857
-0.000571,-0.000064,-0.000096,-0.000051,-0.003212,-0.000056,-0.000244,-0.011301,21.367589,-0.000310,-0.004477,0.000043,0.000580,0.009896,-0.000555,-0.015412,0.000083,0.000153,0.000046,-1.971131,-0.000120,0.000184,-0.000025,0.000000,-0.000382,5.307685,0.000230,0.005593,-0.000011,-0.000231,-0.000164,0.048842,0.008807,-0.000050,0.003663,0.000238,0.000172,0.000010,0.003965,-0.000029,-0.000579
0.000909,-0.000524,0.006487,0.000081,0.000238,-0.000340,0.003870,0.002985,-65.011204,-0.001909,-0.002597,0.000399,0.007217,-0.001483,0.001145,-0.000960,0.000850,-0.003113,-0.000139,5.952120,-0.000255,0.005973,0.000055,0.000000,-0.001116,-16.160541,0.001372,-0.000011,0.025690,-0.002696,-0.000324,-0.148258,0.004127,-0.001713,-0.001016,0.009446,-0.001967,-0.002082,0.010645,-0.000287,0.002881
0.005035,0.001529,-0.001528,-0.000045,0.003554,-0.000091,0.004442,-0.001773,-24.996885,0.018060,0.003703,-0.005076,0.008001,0.006018,0.006579,0.012793,0.005108,-0.000102,-0.000053,2.324866,-0.000760,-0.002915,0.000282,0.000000,-0.001881,-6.207908,0.005479,-0.000231,-0.002696,0.027517,0.005507,-0.058364,-0.000914,0.006112,-0.003939,0.000154,0.008053,0.005787,0.004377,0.002299,-0.000393
-0.000719,-0.000640,-0.000903,0.000114,0.000932,0.000092,-0.000111,-0.004521,-52.939235,0.006773,0.000808,-0.001394,0.008264,0.017832,0.003711,0.003462,-0.003129,0.001028,-0.000113,4.878783,-0.000263,-0.002401,-0.000147,0.000000,-0.004861,-13.153018,-0.000133,-0.000164,-0.000324,0.005507,0.015748,-0.125048,0.001586,0.001379,0.000944,-0.000849,-0.003875,0.000743,0.002580,0.000951,0.000125
-0.924119,-0.216179,0.030580,-0.814908,1.511172,-0.117639,-0.210815,9.997712,1650166.081002,-0.484142,4.942612,-0.013076,-1.770314,-11.481869,-0.899429,11.604136,0.207745,0.632685,3.529603,-151838.278668,-0.052387,-0.707803,-0.030629,0.000000,0.618189,410002.588214,-2.116730,0.048842,-0.148258,-0.058364,-0.125048,3809.439752,-4.380552,0.504740,2.002416,-0.334897,0.642343,1.381962,-4.590641,-0.062848,0.155970
-0.004322,-0.001930,0.008004,0.001816,-0.026843,-0.002807,0.004353,-0.173698,-1905.718103,0.001294,-0.078591,0.001699,0.015083,0.166787,-0.002517,-0.203521,0.002933,-0.002780,-0.004076,175.309979,-0.002075,0.002818,-0.000244,0.000000,0.014166,-473.523520,0.011916,0.008807,0.004127,-0.000914,0.001586,-4.380552,0.126240,0.002811,-0.002372,-0.000425,0.000796,-0.000474,0.061811,0.000595,-0.005280
0.002233,-0.001966,-0.000682,-0.000242,0.006077,-0.000071,0.004945,-0.000103,220.153790,0.000924,0.006802,-0.000565,0.003346,-0.001091,0.003315,-0.000907,0.000097,0.000444,0.000471,-20.253217,-0.000218,0.000405,0.000347,0.000000,0.002710,54.703380,0.003411,-0.000050,-0.001713,0.006112,0.001379,0.504740,0.002811,0.015640,0.005460,-0.000660,-0.000243,0.013450,0.001396,-0.000217,-0.000232
0.006731,-0.018512,-0.001247,-0.000467,0.002755,-0.004684,0.008747,0.008556,863.827098,0.001681,-0.016859,-0.001825,0.009255,-0.009917,0.005452,0.017529,-0.009288,-0.002096,0.001848,-79.539695,-0.010498,0.000713,0.001003,0.000000,-0.009945,214.592520,0.008734,0.003663,-0.001016,-0.003939,0.000944,2.002416,-0.002372,0.005460,0.315471,0.026504,-0.007610,0.012242,0.015890,0.011594,-0.010522
0.004546,0.000915,0.006913,0.000145,-0.000194,0.000120,0.003692,-0.000957,-147.867935,-0.000682,-0.002127,0.000283,0.009845,0.002511,0.003479,-0.003541,0.001759,-0.002908,-0.000316,13.572502,0.000264,0.007638,0.000167,0.000000,0.005070,-36.751824,0.004294,0.000238,0.009446,0.000154,-0.000849,-0.334897,-0.000425,-0.000660,0.026504,0.013739,-0.001058,-0.001077,0.015072,-0.000059,0.002524
0.001189,0.006946,0.001149,-0.000543,-0.002483,0.002915,-0.001273,0.001893,277.973969,0.006595,-0.002573,-0.003101,-0.003248,-0.010417,-0.001183,0.006694,0.015324,0.005549,0.000595,-25.565649,0.003950,-0.007409,-0.000348,0.000000,0.004307,69.067984,-0.002071,0.000172,-0.001967,0.008053,-0.003875,0.642343,0.000796,-0.000243,-0.007610,-0.001058,0.020562,0.001340,-0.003543,0.000057,0.004692
0.000708,-0.000963,-0.000944,-0.000713,0.006894,-0.000549,0.002893,0.001225,599.464359,-0.000112,0.009678,-0.000461,0.001072,-0.005383,0.001694,0.004186,0.000882,0.002153,0.001282,-55.151634,-0.000439,-0.000944,0.000182,0.000000,0.001226,148.947238,0.001204,0.000010,-0.002082,0.005787,0.000743,1.381962,-0.000474,0.013450,0.012242,-0.001077,0.001340,0.018157,-0.001370,-0.000473,-0.000339
0.012400,0.002661,0.009704,0.001945,-0.015555,0.001313,0.007708,-0.120248,-1996.710409,0.003243,-0.054753,-0.000511,0.030709,0.130261,0.012650,-0.142906,0.003235,-0.006195,-0.004271,183.669757,0.000791,0.013078,0.000442,0.000000,0.010192,-496.131668,0.025462,0.003965,0.010645,0.004377,0.002580,-4.590641,0.061811,0.001396,0.015890,0.015072,-0.003543,-0.001370,0.065974,0.000486,0.000604
0.000749,-0.000515,-0.000167,-0.000043,-0.000582,-0.000173,0.001067,0.000841,-26.816898,0.001942,-0.002964,-0.001095,0.001307,0.000982,0.000903,0.001979,0.000260,-0.000413,-0.000057,2.470010,-0.000105,-0.000036,0.000068,0.000000,-0.000229,-6.662847,0.000997,-0.000029,-0.000287,0.002299,0.000951,-0.062848,0.000595,-0.000217,0.011594,-0.000059,0.000057,-0.000473,0.000486,0.004746,0.000079
0.003382,0.003041,0.006225,-0.000189,0.000836,0.004398,0.002664,0.011907,68.160527,-0.000674,0.001742,-0.000180,0.004478,-0.012172,0.002961,0.010408,0.006834,0.001514,0.000146,-6.271395,0.003315,0.001381,0.000076,0.000000,0.009975,16.938494,0.001857,-0.000579,0.002881,-0.000393,0.000125,0.155970,-0.005280,-0.000232,-0.010522,0.002524,0.004692,-0.000339,0.000604,0.000079,0.007702
