0.636083,-0.000723,0.008840,0.011266,-0.003013,-0.003176
-0.000723,0.000540,0.000764,0.004393,0.000630,-0.000030
0.008840,0.000764,0.043346,0.056148,0.023534,-0.000679
0.011266,0.004393,0.056148,0.317194,-0.063594,0.000251
-0.003013,0.000630,0.023534,-0.063594,0.054225,-0.000846
-0.003176,-0.000030,-0.000679,0.000251,-0.000846,0.010145
