0.775932,0.000975,0.021797,0.040875,0.001183,0.001095
0.000975,0.000529,0.000747,0.003928,0.000769,-0.000121
0.021797,0.000747,0.044065,0.063676,0.021137,-0.000339
0.040875,0.003928,0.063676,0.295185,-0.047503,0.000902
0.001183,0.000769,0.021137,-0.047503,0.045306,-0.001067
0.001095,-0.000121,-0.000339,0.000902,-0.001067,0.010433
