0.025698,-0.001838,0.002581,0.000993,-0.000562,-0.002256
-0.001838,0.110123,0.013348,0.024707,0.009608,-0.001297
0.002581,0.013348,0.067983,0.027654,0.032317,-0.002572
0.000993,0.024707,0.027654,0.049165,-0.027479,0.000304
-0.000562,0.009608,0.032317,-0.027479,0.065217,-0.002831
-0.002256,-0.001297,-0.002572,0.000304,-0.002831,0.096043
