0.031596,-0.001137,0.004558,0.000869,0.000989,0.001204
-0.001137,0.107999,0.011433,0.022632,0.009634,-0.001822
0.004558,0.011433,0.063028,0.023765,0.031419,-0.001417
0.000869,0.022632,0.023765,0.047238,-0.029760,-0.003608
0.000989,0.009634,0.031419,-0.029760,0.067251,0.002254
0.001204,-0.001822,-0.001417,-0.003608,0.002254,0.094466
