0.950507,0.246933,0.323970,-0.001387,-3.642214,0.331310,-0.009822,-0.015426
0.246933,158.063057,-4.094231,-0.271684,-2077.988153,2.810643,-0.162639,-2.886557
0.323970,-4.094231,5.007020,0.751301,36.794007,0.150463,0.126504,-0.093167
-0.001387,-0.271684,0.751301,0.157180,-0.543466,0.006513,0.021448,0.007448
-3.642214,-2077.988153,36.794007,-0.543466,809938.428203,795.931807,0.286312,74.431950
0.331310,2.810643,0.150463,0.006513,795.931807,148.363911,0.101875,-0.385165
-0.009822,-0.162639,0.126504,0.021448,0.286312,0.101875,0.539925,-0.161937
-0.015426,-2.886557,-0.093167,0.007448,74.431950,-0.385165,-0.161937,3.725813
