0.966067,0.299729,0.331062,-0.000862,-11.169599,-0.013681,-0.007643,-0.007635
0.299729,158.839529,-4.118438,-0.259827,-2107.005024,1.108522,-0.165868,-2.766721
0.331062,-4.118438,5.253282,0.800110,45.759448,0.095748,0.117406,-0.081908
-0.000862,-0.259827,0.800110,0.167927,-0.317193,-0.000047,0.019137,0.010949
-11.169599,-2107.005024,45.759448,-0.317193,714961.531648,238.913113,-1.057438,55.015104
-0.013681,1.108522,0.095748,-0.000047,238.913113,41.443510,0.031264,-0.101973
-0.007643,-0.165868,0.117406,0.019137,-1.057438,0.031264,0.537378,-0.153704
-0.007635,-2.766721,-0.081908,0.010949,55.015104,-0.101973,-0.153704,3.718869
