0.004521,0.000399,0.000162,-0.000001,-0.000018,0.000019,-0.000081,-0.000034
0.000399,0.060199,-0.000579,-0.000174,-0.001190,0.000028,-0.000517,-0.005476
0.000162,-0.000579,0.000283,0.000179,0.000007,0.000000,0.000089,-0.000046
-0.000001,-0.000174,0.000179,0.000152,-0.000001,0.000000,0.000058,0.000045
-0.000018,-0.001190,0.000007,-0.000001,0.000640,0.000013,0.000004,0.000191
0.000019,0.000028,0.000000,0.000000,0.000013,0.000070,0.000006,-0.000021
-0.000081,-0.000517,0.000089,0.000058,0.000004,0.000006,0.006092,-0.001594
-0.000034,-0.005476,-0.000046,0.000045,0.000191,-0.000021,-0.001594,0.036712
