0.004521,0.000334,0.000158,-0.000003,-0.000007,0.000018,-0.000072,-0.000106
0.000334,0.060770,-0.000569,-0.000158,-0.001142,0.000044,-0.000339,-0.005637
0.000158,-0.000569,0.000252,0.000158,0.000007,0.000001,0.000095,-0.000066
-0.000003,-0.000158,0.000158,0.000138,-0.000000,0.000000,0.000068,0.000022
-0.000007,-0.001142,0.000007,-0.000000,0.000636,0.000018,0.000001,0.000208
0.000018,0.000044,0.000001,0.000000,0.000018,0.000096,0.000009,-0.000031
-0.000072,-0.000339,0.000095,0.000068,0.000001,0.000009,0.006098,-0.001714
-0.000106,-0.005637,-0.000066,0.000022,0.000208,-0.000031,-0.001714,0.036962
