17.551196,-0.073094,0.082554,0.517394,-0.015886,-3.930500,-13.625174,-0.027090,-0.677645,0.152051,0.123811
-0.073094,0.079497,-0.000612,-0.038029,0.000593,0.195898,0.548140,-0.004846,-0.018239,0.000936,-0.017443
0.082554,-0.000612,0.033584,0.031067,-0.000188,-0.077954,-0.676573,0.005408,-0.014028,-0.000023,0.093344
0.517394,-0.038029,0.031067,2.408001,-0.003443,-1.743303,-4.203955,0.050002,-0.000516,0.030145,0.199989
-0.015886,0.000593,-0.000188,-0.003443,0.002160,0.002524,0.145072,-0.000931,0.002967,-0.001203,0.005223
-3.930500,0.195898,-0.077954,-1.743303,0.002524,88.753499,63.628762,-0.312969,0.777454,-0.151205,-2.123963
-13.625174,0.548140,-0.676573,-4.203955,0.145072,63.628762,889.426400,-0.955678,3.557396,-0.496725,-9.816467
-0.027090,-0.004846,0.005408,0.050002,-0.000931,-0.312969,-0.955678,0.223948,-0.003177,-0.003411,-0.034432
-0.677645,-0.018239,-0.014028,-0.000516,0.002967,0.777454,3.557396,-0.003177,2.402789,-0.016615,-0.240521
0.152051,0.000936,-0.000023,0.030145,-0.001203,-0.151205,-0.496725,-0.003411,-0.016615,0.112258,-0.060039
0.123811,-0.017443,0.093344,0.199989,0.005223,-2.123963,-9.816467,-0.034432,-0.240521,-0.060039,25.105177
