0.010980,0.000868,-0.000522,0.000085,0.000138,0.000753,-0.000854,0.000443,-0.000695,-0.000170,-0.000443,-0.000448,-0.000257,-0.000497,-0.002182,-0.000593,0.001009,-0.001543
0.000868,0.083536,0.000569,0.003954,-0.001093,-0.000106,-0.003093,-0.000023,-0.001279,-0.001289,-0.000246,0.000438,0.001848,0.001185,-0.000321,-0.000549,0.003037,0.004082
-0.000522,0.000569,0.010960,0.000657,0.000102,-0.000727,0.001104,0.000319,0.000066,-0.002635,0.000972,0.000904,0.000288,0.001165,0.000663,-0.000165,-0.000525,0.002196
0.000085,0.003954,0.000657,0.010293,0.001076,-0.002662,-0.001290,-0.000636,-0.001141,0.003640,0.001048,-0.000800,0.000026,0.000361,-0.000444,-0.000142,0.001511,-0.000869
0.000138,-0.001093,0.000102,0.001076,0.027263,0.000666,-0.000179,0.000248,0.000329,0.000513,0.000293,-0.001148,0.000558,0.000563,-0.001720,0.000878,0.002027,-0.000935
0.000753,-0.000106,-0.000727,-0.002662,0.000666,0.084627,-0.003267,-0.001566,-0.000993,0.002214,0.000872,0.000215,0.008060,-0.000207,-0.001304,-0.002082,-0.000170,-0.000189
-0.000854,-0.003093,0.001104,-0.001290,-0.000179,-0.003267,0.084022,0.001942,-0.000599,0.000657,-0.000780,0.000907,0.004959,-0.001190,-0.002359,0.000037,0.000660,-0.000767
0.000443,-0.000023,0.000319,-0.000636,0.000248,-0.001566,0.001942,0.011064,-0.000019,-0.000709,-0.001065,0.000170,0.000868,0.001503,0.001379,-0.000388,0.000237,-0.002132
-0.000695,-0.001279,0.000066,-0.001141,0.000329,-0.000993,-0.000599,-0.000019,0.009945,-0.000592,-0.000074,0.000163,0.000216,0.000929,-0.000832,0.000172,-0.000331,-0.001241
-0.000170,-0.001289,-0.002635,0.003640,0.000513,0.002214,0.000657,-0.000709,-0.000592,0.082704,-0.000123,-0.001443,0.002897,-0.002160,0.001694,-0.000816,0.002077,0.002781
-0.000443,-0.000246,0.000972,0.001048,0.000293,0.000872,-0.000780,-0.001065,-0.000074,-0.000123,0.009943,-0.000556,-0.000034,0.001253,-0.000274,-0.000457,0.000379,0.001209
-0.000448,0.000438,0.000904,-0.000800,-0.001148,0.000215,0.000907,0.000170,0.000163,-0.001443,-0.000556,0.010503,0.000226,0.000057,-0.001042,0.000372,-0.000410,-0.000953
-0.000257,0.001848,0.000288,0.000026,0.000558,0.008060,0.004959,0.000868,0.000216,0.002897,-0.000034,0.000226,0.011274,-0.002034,-0.001226,-0.000149,0.000082,0.006245
-0.000497,0.001185,0.001165,0.000361,0.000563,-0.000207,-0.001190,0.001503,0.000929,-0.002160,0.001253,0.000057,-0.002034,0.029489,0.000637,-0.001335,0.000141,-0.001070
-0.002182,-0.000321,0.000663,-0.000444,-0.001720,-0.001304,-0.002359,0.001379,-0.000832,0.001694,-0.000274,-0.001042,-0.001226,0.000637,0.030254,0.001111,0.001309,0.002699
-0.000593,-0.000549,-0.000165,-0.000142,0.000878,-0.002082,0.000037,-0.000388,0.000172,-0.000816,-0.000457,0.000372,-0.000149,-0.001335,0.001111,0.010916,-0.000692,-0.000805
0.001009,0.003037,-0.000525,0.001511,0.002027,-0.000170,0.000660,0.000237,-0.000331,0.002077,0.000379,-0.000410,0.000082,0.000141,0.001309,-0.000692,0.030738,-0.000491
-0.001543,0.004082,0.002196,-0.000869,-0.000935,-0.000189,-0.000767,-0.002132,-0.001241,0.002781,0.001209,-0.000953,0.006245,-0.001070,0.002699,-0.000805,-0.000491,0.081717
