7073.698463,-1297.801064,-1603.273493,21.364922,3.402477,-165.295212,-833.330319,310.533745
-1297.801064,5680.746977,-590.441234,29.143493,41.879156,-1217.951938,-906.995000,-52.916436
-1603.273493,-590.441234,2992.563436,-192.140753,72.652728,-239.065295,314.479278,-358.016650
21.364922,29.143493,-192.140753,335.340487,-43.012176,-105.127988,-473.499479,201.473642
3.402477,41.879156,72.652728,-43.012176,25.476823,-87.772421,89.278616,-47.499521
-165.295212,-1217.951938,-239.065295,-105.127988,-87.772421,4217.239100,-978.421375,34.724477
-833.330319,-906.995000,314.479278,-473.499479,89.278616,-978.421375,4964.116754,-594.314488
310.533745,-52.916436,-358.016650,201.473642,-47.499521,34.724477,-594.314488,2645.191902
