0.037533,-0.007340,-0.017356,-0.000710,0.002206,-0.002346,-0.003395,0.001506
-0.007340,0.040890,-0.008848,0.000646,0.003802,-0.008472,-0.008389,-0.001086
-0.017356,-0.008848,0.074773,-0.007004,0.009712,-0.003936,0.004299,-0.005082
-0.000710,0.000646,-0.007004,0.022870,-0.011437,-0.002491,-0.010640,0.004044
0.002206,0.003802,0.009712,-0.011437,0.025186,-0.007268,0.005657,-0.003969
-0.002346,-0.008472,-0.003936,-0.002491,-0.007268,0.036799,-0.007227,0.000255
-0.003395,-0.008389,0.004299,-0.010640,0.005657,-0.007227,0.033033,-0.002988
0.001506,-0.001086,-0.005082,0.004044,-0.003969,0.000255,-0.002988,0.018775
