0.036872,-0.008244,-0.018293,0.000389,0.000241,-0.001097,-0.004773,0.001948
-0.008244,0.043979,-0.008210,0.000647,0.003619,-0.009851,-0.006331,-0.000404
-0.018293,-0.008210,0.074739,-0.007666,0.011276,-0.003473,0.003943,-0.004915
0.000389,0.000647,-0.007666,0.021376,-0.010665,-0.002440,-0.009484,0.004419
0.000241,0.003619,0.011276,-0.010665,0.024572,-0.007924,0.006956,-0.004053
-0.001097,-0.009851,-0.003473,-0.002440,-0.007924,0.035638,-0.007136,0.000277
-0.004773,-0.006331,0.003943,-0.009484,0.006956,-0.007136,0.031244,-0.004096
0.001948,-0.000404,-0.004915,0.004419,-0.004053,0.000277,-0.004096,0.019964
