0.039375,-0.007944,-0.019018,0.000385,-0.000316,-0.001602,-0.005230,0.002471
-0.007944,0.043586,-0.008787,0.000622,0.003567,-0.010110,-0.006964,-0.000164
-0.019018,-0.008787,0.073373,-0.007289,0.010212,-0.001684,0.005098,-0.004815
0.000385,0.000622,-0.007289,0.022353,-0.010743,-0.002120,-0.010261,0.004534
-0.000316,0.003567,0.010212,-0.010743,0.024065,-0.007387,0.006849,-0.004015
-0.001602,-0.010110,-0.001684,-0.002120,-0.007387,0.034671,-0.006986,0.000534
-0.005230,-0.006964,0.005098,-0.010261,0.006849,-0.006986,0.031274,-0.004372
0.002471,-0.000164,-0.004815,0.004534,-0.004015,0.000534,-0.004372,0.020711
