0.000264,0.000221,0.000073,0.000088,0.000224,0.000143,0.000274,0.000488,0.000849,0.000851,0.000460,0.000399,0.000374,0.000302,0.000131,-0.000074,0.000323,-0.000095,0.000377,0.000808,0.000815,-0.000177,-0.000548,-0.000836,-0.000722,-0.000836,-0.001005,-0.000659,-0.000798,-0.000291,-0.000647,-0.000257,-0.000131,0.000053,0.000642,0.000949,0.000779,0.001102,0.001237,0.000447,0.000199,0.000288,0.000390,0.000442,0.000946,0.000640,0.000084,0.000203,0.000134,0.000070,0.000043,0.000017,0.000009,0.000032,0.000005,0.000020,0.000014,0.000027,0.000022,0.000022
0.000221,0.000480,0.000164,0.000144,0.000168,0.000210,0.000089,0.000287,0.000623,0.000794,0.000551,0.000332,0.000127,0.000147,-0.000092,0.000084,0.000308,-0.000165,0.000293,0.000489,0.000352,-0.000186,0.000040,-0.000051,-0.000215,-0.000357,-0.000501,-0.000567,-0.000772,-0.000057,-0.000337,-0.000085,-0.000302,-0.000054,0.000735,0.000910,0.000283,0.000592,0.000463,0.000150,0.000325,0.000449,0.000837,0.000406,0.000965,0.000693,0.000019,0.000052,0.000124,0.000059,0.000045,0.000027,0.000002,0.000029,0.000003,0.000010,0.000007,0.000027,0.000015,0.000021
0.000073,0.000164,0.000304,0.000227,0.000190,0.000120,0.000010,0.000031,-0.000021,0.000072,0.000008,0.000037,-0.000043,-0.000006,-0.000173,-0.000101,0.000149,0.000111,0.000154,0.000195,0.000307,0.000477,0.000230,0.000228,0.000197,-0.000103,-0.000295,-0.000205,-0.000103,-0.000215,-0.000066,-0.000081,-0.000218,-0.000077,0.000274,0.000249,0.000031,0.000083,-0.000034,-0.000081,0.000152,0.000155,0.000118,-0.000112,0.000215,0.000261,0.000056,0.000056,0.000037,0.000005,0.000042,0.000015,0.000006,0.000022,-0.000003,0.000006,0.000007,0.000006,0.000010,0.000006
0.000088,0.000144,0.000227,0.000407,0.000365,0.000242,0.000131,0.000094,-0.000003,0.000101,-0.000036,0.000051,0.000042,0.000156,-0.000038,-0.000056,0.000084,0.000479,0.000678,0.000642,0.000690,0.000646,0.000593,0.000251,-0.000193,-0.000454,-0.000689,-0.000916,-0.000886,-0.000629,-0.000440,-0.000155,-0.000455,-0.000415,-0.000043,-0.000044,-0.000182,0.000193,0.000319,0.000108,0.000448,0.000276,0.000220,-0.000102,0.000192,0.000261,0.000089,0.000106,0.000015,0.000026,0.000056,0.000013,0.000012,0.000026,0.000002,0.000016,0.000014,0.000021,0.000022,0.000025
0.000224,0.000168,0.000190,0.000365,0.001513,0.000435,0.000395,0.000752,0.001031,0.000733,0.000806,0.000736,0.000566,-0.000316,-0.000120,-0.000532,0.000628,0.000688,0.002123,0.003455,0.003199,0.001678,-0.000298,-0.001184,-0.000968,-0.001123,-0.001914,-0.002324,-0.003035,-0.002800,-0.002719,-0.001270,-0.001035,-0.000721,-0.000575,0.000194,0.000496,0.000916,0.001444,-0.000180,0.000206,0.000326,0.000166,0.000078,0.000176,-0.000288,-0.000617,-0.000033,-0.000116,0.000057,0.000039,-0.000003,0.000053,0.000051,0.000012,0.000053,0.000038,0.000068,0.000052,0.000041
0.000143,0.000210,0.000120,0.000242,0.000435,0.001213,0.000695,0.000464,0.000272,0.000394,0.000550,0.000572,0.000461,0.000682,-0.000003,0.000767,0.000739,0.001435,0.001734,0.001976,0.001679,0.001901,0.001798,0.001487,0.000611,-0.001361,-0.002643,-0.002499,-0.002452,-0.001000,-0.000434,-0.000287,-0.001173,0.000063,0.000421,0.000978,-0.000249,-0.000496,-0.000802,-0.000701,0.000651,-0.000127,-0.000079,-0.000722,-0.000560,-0.000525,-0.000250,-0.000123,0.000001,0.000040,0.000021,0.000026,0.000011,0.000046,-0.000013,0.000013,0.000017,0.000025,0.000021,0.000016
0.000274,0.000089,0.000010,0.000131,0.000395,0.000695,0.002153,0.001076,0.001413,0.001141,0.000865,0.000559,0.000957,0.001918,0.000552,0.000483,0.001055,0.000922,0.001873,0.001335,0.000564,-0.000153,0.000172,-0.000539,-0.002200,-0.002817,-0.002852,-0.001811,-0.000725,0.000009,-0.001326,-0.001404,-0.000585,0.000613,0.000528,0.001350,0.001011,0.002302,0.001628,0.000341,0.001289,0.000480,0.000062,0.000409,0.000349,0.000516,0.000557,0.000918,0.000361,0.000100,0.000128,0.000041,0.000002,0.000070,-0.000004,0.000045,0.000038,0.000044,0.000054,0.000066
0.000488,0.000287,0.000031,0.000094,0.000752,0.000464,0.001076,0.002912,0.003871,0.002434,0.001407,0.001420,0.000840,0.000434,-0.000246,-0.000578,0.001759,0.000713,0.002559,0.002822,0.002156,-0.000045,-0.002950,-0.006201,-0.006327,-0.005809,-0.005786,-0.003533,-0.003606,-0.000707,-0.001937,-0.000744,0.001264,0.002832,0.004456,0.006021,0.003526,0.004747,0.004423,0.001976,0.002633,0.001360,0.000183,0.000231,0.000977,0.000461,-0.000259,0.000232,0.000404,0.000166,0.000087,0.000047,0.000024,0.000100,0.000018,0.000066,0.000037,0.000081,0.000069,0.000071
0.000849,0.000623,-0.000021,-0.000003,0.001031,0.000272,0.001413,0.003871,0.007986,0.005842,0.003011,0.002480,0.001501,0.000430,-0.000015,-0.000503,0.003605,-0.000039,0.002320,0.003307,0.003270,-0.001205,-0.004694,-0.006868,-0.005090,-0.003092,-0.003032,-0.002371,-0.004885,-0.000672,-0.002007,0.000445,0.002279,0.004119,0.008568,0.010366,0.006296,0.008587,0.007087,0.001786,0.001517,-0.000065,0.000834,0.002362,0.002518,0.000275,-0.001147,0.000297,0.000258,0.000172,0.000099,0.000060,0.000020,0.000126,-0.000022,0.000084,0.000025,0.000104,0.000074,0.000087
0.000851,0.000794,0.000072,0.000101,0.000733,0.000394,0.001141,0.002434,0.005842,0.006594,0.003864,0.002287,0.002162,0.001015,0.000751,0.001376,0.003557,-0.000732,-0.000056,0.001704,0.002412,-0.000948,-0.003474,-0.004794,-0.002847,-0.000561,-0.000076,-0.000379,-0.003460,-0.000117,0.000370,0.001983,0.001327,0.001550,0.005421,0.006017,0.003188,0.005840,0.004325,0.001399,0.000869,-0.000016,0.000609,0.002078,0.003579,0.001430,-0.000514,0.000427,0.000300,0.000189,0.000082,0.000057,0.000044,0.000095,-0.000020,0.000055,0.000025,0.000073,0.000038,0.000052
0.000460,0.000551,0.000008,-0.000036,0.000806,0.000550,0.000865,0.001407,0.003011,0.003864,0.006022,0.003499,0.003347,0.001595,0.002540,0.003648,0.002457,0.000104,0.002179,0.005366,0.005947,0.002365,-0.000374,-0.000130,0.000374,0.000234,-0.001052,-0.001887,-0.004044,-0.002372,-0.001938,-0.000430,-0.000467,-0.002687,-0.005334,-0.003419,-0.001448,0.000874,-0.001463,-0.001120,0.001359,0.000204,-0.000454,0.000357,0.000458,-0.001270,-0.001760,-0.000550,-0.000138,-0.000049,-0.000013,0.000040,0.000065,0.000066,-0.000059,0.000040,0.000011,-0.000026,-0.000017,0.000013
0.000399,0.000332,0.000037,0.000051,0.000736,0.000572,0.000559,0.001420,0.002480,0.002287,0.003499,0.004046,0.003796,0.002268,0.003816,0.003458,0.002697,0.001205,0.002601,0.006290,0.005958,0.003350,0.000030,-0.000362,-0.000369,-0.001389,-0.001737,-0.003256,-0.006511,-0.004430,-0.004468,-0.002590,-0.003479,-0.002216,-0.004101,-0.000630,0.000905,0.000557,-0.000287,-0.000349,0.001608,-0.000080,-0.000215,0.000848,0.000593,-0.001007,-0.001455,-0.000169,0.000041,0.000079,0.000068,0.000029,0.000043,0.000058,-0.000007,0.000053,0.000022,0.000011,0.000014,0.000018
0.000374,0.000127,-0.000043,0.000042,0.000566,0.000461,0.000957,0.000840,0.001501,0.002162,0.003347,0.003796,0.006406,0.005260,0.005501,0.005018,0.004038,0.003963,0.004375,0.006399,0.005539,0.003599,0.000729,-0.001776,-0.001702,-0.001866,-0.003124,-0.004287,-0.005268,-0.004093,-0.004310,-0.002987,-0.004000,-0.003613,-0.007557,-0.004581,-0.000172,0.000194,0.000935,-0.000495,0.002309,-0.000277,-0.000448,0.000621,0.000916,0.000039,-0.000296,0.000519,0.000264,0.000156,0.000067,0.000025,0.000106,0.000056,0.000032,0.000100,0.000033,0.000019,0.000000,0.000005
0.000302,0.000147,-0.000006,0.000156,-0.000316,0.000682,0.001918,0.000434,0.000430,0.001015,0.001595,0.002268,0.005260,0.009438,0.006922,0.005769,0.003839,0.005587,0.003497,0.000373,-0.003740,-0.002638,0.000535,-0.000947,-0.003078,-0.004367,-0.005649,-0.005756,-0.002964,0.001383,0.001802,0.000769,-0.002446,-0.002919,-0.007365,-0.005589,-0.000344,0.001794,0.003102,0.000890,0.004131,-0.000408,-0.000520,-0.000354,0.000628,0.001874,0.001929,0.001710,0.000814,0.000303,0.000206,0.000037,0.000122,0.000085,0.000085,0.000123,0.000051,0.000041,0.000034,0.000070
0.000131,-0.000092,-0.000173,-0.000038,-0.000120,-0.000003,0.000552,-0.000246,-0.000015,0.000751,0.002540,0.003816,0.005501,0.006922,0.011428,0.009176,0.004011,0.003454,0.002088,0.003041,0.001701,0.002228,0.001943,0.001240,-0.000877,-0.002279,-0.001291,-0.005097,-0.005522,-0.001217,-0.000809,-0.001163,-0.006775,-0.006548,-0.010379,-0.006969,-0.001503,-0.001394,-0.000977,-0.000099,0.003948,0.000150,0.001380,0.002795,0.001161,0.000681,0.000721,0.001211,0.000432,0.000170,0.000129,-0.000011,0.000046,0.000047,0.000039,0.000090,0.000024,-0.000018,0.000007,0.000064
-0.000074,0.000084,-0.000101,-0.000056,-0.000532,0.000767,0.000483,-0.000578,-0.000503,0.001376,0.003648,0.003458,0.005018,0.005769,0.009176,0.013690,0.008326,0.006854,0.003223,0.002377,0.002821,0.004122,0.002022,0.001777,-0.000422,-0.001359,-0.000120,-0.005000,-0.005094,0.001362,0.001284,0.001248,-0.004052,-0.005272,-0.007736,-0.005799,-0.005087,-0.004511,-0.008064,-0.003953,0.003815,-0.001924,-0.001645,0.000484,-0.001371,-0.001748,-0.000248,0.000235,-0.000014,-0.000084,0.000016,0.000015,0.000005,0.000041,0.000001,0.000058,0.000003,-0.000064,-0.000006,0.000022
0.000323,0.000308,0.000149,0.000084,0.000628,0.000739,0.001055,0.001759,0.003605,0.003557,0.002457,0.002697,0.004038,0.003839,0.004011,0.008326,0.015477,0.013478,0.009152,0.007228,0.006320,0.004893,-0.002093,-0.005964,-0.004497,-0.002672,-0.004233,-0.007667,-0.009405,-0.003170,-0.006994,-0.007901,-0.008519,-0.001646,-0.000189,0.001079,-0.001483,0.000656,-0.005509,-0.005290,-0.000702,-0.004079,-0.005859,-0.004026,-0.004275,-0.002097,-0.000942,-0.000793,-0.000387,-0.000106,-0.000069,0.000052,0.000072,0.000098,-0.000037,0.000111,0.000017,0.000021,0.000004,0.000038
-0.000095,-0.000165,0.000111,0.000479,0.000688,0.001435,0.000922,0.000713,-0.000039,-0.000732,0.000104,0.001205,0.003963,0.005587,0.003454,0.006854,0.013478,0.021130,0.018345,0.013511,0.012354,0.010853,0.006481,-0.000184,-0.004333,-0.006086,-0.010966,-0.013968,-0.012255,-0.006525,-0.011175,-0.011007,-0.011800,-0.002769,-0.005928,-0.006587,-0.006649,-0.001799,-0.004849,-0.004686,0.000600,-0.004017,-0.007761,-0.008606,-0.008910,-0.003764,-0.000129,-0.001239,-0.000891,-0.000066,-0.000042,0.000048,0.000123,0.000131,0.000004,0.000166,0.000038,0.000069,0.000007,0.000058
0.000377,0.000293,0.000154,0.000678,0.002123,0.001734,0.001873,0.002559,0.002320,-0.000056,0.002179,0.002601,0.004375,0.003497,0.002088,0.003223,0.009152,0.018345,0.026709,0.028003,0.027863,0.018960,0.010782,0.001322,-0.005902,-0.008238,-0.013742,-0.016295,-0.014617,-0.008776,-0.017366,-0.014093,-0.010952,-0.001318,-0.007529,-0.009697,-0.007801,-0.001382,-0.001878,-0.003178,0.002186,-0.001338,-0.004709,-0.006129,-0.006493,-0.002857,-0.000901,-0.000662,-0.000698,0.000208,0.000113,0.000079,0.000138,0.000276,0.000064,0.000319,0.000094,0.000208,0.000067,0.000103
0.000808,0.000489,0.000195,0.000642,0.003455,0.001976,0.001335,0.002822,0.003307,0.001704,0.005366,0.006290,0.006399,0.000373,0.003041,0.002377,0.007228,0.013511,0.028003,0.044561,0.048094,0.031016,0.013968,0.007197,0.000385,-0.003776,-0.008852,-0.013512,-0.018318,-0.015520,-0.025480,-0.019906,-0.018161,-0.006848,-0.017116,-0.019398,-0.011135,-0.006930,-0.006388,-0.006786,-0.002850,-0.001546,-0.006149,-0.004817,-0.004393,-0.004186,-0.003816,-0.001607,-0.001171,0.000254,0.000014,0.000021,0.000170,0.000350,0.000035,0.000356,0.000100,0.000169,-0.000003,-0.000049
0.000815,0.000352,0.000307,0.000690,0.003199,0.001679,0.000564,0.002156,0.003270,0.002412,0.005947,0.005958,0.005539,-0.003740,0.001701,0.002821,0.006320,0.012354,0.027863,0.048094,0.063880,0.043804,0.021653,0.015034,0.006725,0.002655,-0.001956,-0.010405,-0.017637,-0.017336,-0.028995,-0.022401,-0.021676,-0.011130,-0.018355,-0.021062,-0.013993,-0.008415,-0.008725,-0.008159,-0.004705,-0.000286,-0.006343,-0.004351,-0.003864,-0.004883,-0.004551,-0.002458,-0.001722,0.000158,0.000014,0.000013,0.000050,0.000393,-0.000117,0.000286,0.000028,0.000111,-0.000060,-0.000052
-0.000177,-0.000186,0.000477,0.000646,0.001678,0.001901,-0.000153,-0.000045,-0.001205,-0.000948,0.002365,0.003350,0.003599,-0.002638,0.002228,0.004122,0.004893,0.010853,0.018960,0.031016,0.043804,0.042323,0.028608,0.021631,0.011981,0.005350,0.001903,-0.006722,-0.013861,-0.016310,-0.019098,-0.015153,-0.018786,-0.009678,-0.017582,-0.017285,-0.012327,-0.012083,-0.016264,-0.010348,-0.001510,0.000793,-0.005331,-0.005181,-0.007036,-0.005421,-0.002373,-0.002036,-0.001029,0.000073,-0.000045,0.000004,-0.000002,0.000247,-0.000081,0.000130,0.000026,0.000044,-0.000104,-0.000113
-0.000548,0.000040,0.000230,0.000593,-0.000298,0.001798,0.000172,-0.002950,-0.004694,-0.003474,-0.000374,0.000030,0.000729,0.000535,0.001943,0.002022,-0.002093,0.006481,0.010782,0.013968,0.021653,0.028608,0.035638,0.033839,0.018867,0.009613,0.006981,-0.001455,-0.007231,-0.011389,-0.010056,-0.007342,-0.013508,-0.008423,-0.015983,-0.014656,-0.009779,-0.009846,-0.014210,-0.008694,-0.000050,0.001437,-0.000734,-0.004076,-0.007206,-0.004084,-0.000104,-0.001238,-0.000379,0.000153,-0.000025,0.000023,-0.000101,0.000111,-0.000056,-0.000001,0.000042,0.000040,-0.000089,-0.000073
-0.000836,-0.000051,0.000228,0.000251,-0.001184,0.001487,-0.000539,-0.006201,-0.006868,-0.004794,-0.000130,-0.000362,-0.001776,-0.000947,0.001240,0.001777,-0.005964,-0.000184,0.001322,0.007197,0.015034,0.021631,0.033839,0.048095,0.035529,0.020380,0.016624,0.005769,-0.000992,-0.008423,-0.006151,-0.005567,-0.013655,-0.010895,-0.018198,-0.018983,-0.011634,-0.014020,-0.020566,-0.012959,-0.008432,-0.003317,-0.002521,-0.003262,-0.008028,-0.006639,-0.002494,-0.002439,-0.001556,-0.000382,-0.000137,-0.000050,-0.000202,-0.000014,-0.000187,-0.000146,-0.000059,-0.000180,-0.000122,-0.000140
-0.000722,-0.000215,0.000197,-0.000193,-0.000968,0.000611,-0.002200,-0.006327,-0.005090,-0.002847,0.000374,-0.000369,-0.001702,-0.003078,-0.000877,-0.000422,-0.004497,-0.004333,-0.005902,0.000385,0.006725,0.011981,0.018867,0.035529,0.038904,0.027469,0.020677,0.009944,0.001584,-0.006114,-0.000069,-0.001583,-0.008321,-0.009478,-0.012155,-0.013989,-0.006751,-0.012573,-0.016347,-0.011965,-0.013744,-0.007191,-0.002444,-0.001186,-0.004864,-0.005236,-0.003557,-0.002849,-0.002185,-0.000586,-0.000445,-0.000136,-0.000061,-0.000162,-0.000235,-0.000205,-0.000103,-0.000225,-0.000188,-0.000225
-0.000836,-0.000357,-0.000103,-0.000454,-0.001123,-0.001361,-0.002817,-0.005809,-0.003092,-0.000561,0.000234,-0.001389,-0.001866,-0.004367,-0.002279,-0.001359,-0.002672,-0.006086,-0.008238,-0.003776,0.002655,0.005350,0.009613,0.020380,0.027469,0.032244,0.032939,0.018066,0.006593,-0.001470,0.002895,-0.000271,-0.005995,-0.010860,-0.010624,-0.011996,-0.005434,-0.009129,-0.012218,-0.010718,-0.012620,-0.006419,-0.001258,-0.000405,-0.002608,-0.003666,-0.002583,-0.001822,-0.001895,-0.000537,-0.000446,-0.000153,-0.000032,-0.000271,-0.000233,-0.000241,-0.000119,-0.000176,-0.000308,-0.000328
-0.001005,-0.000501,-0.000295,-0.000689,-0.001914,-0.002643,-0.002852,-0.005786,-0.003032,-0.000076,-0.001052,-0.001737,-0.003124,-0.005649,-0.001291,-0.000120,-0.004233,-0.010966,-0.013742,-0.008852,-0.001956,0.001903,0.006981,0.016624,0.020677,0.032939,0.047410,0.031566,0.014546,0.003969,0.005942,0.001923,-0.006939,-0.013991,-0.013075,-0.013027,-0.005682,-0.008869,-0.013351,-0.012656,-0.012210,-0.005183,-0.000906,-0.000053,-0.001521,-0.003093,-0.001852,-0.001127,-0.001584,-0.000495,-0.000369,-0.000149,-0.000143,-0.000354,-0.000186,-0.000350,-0.000110,-0.000198,-0.000334,-0.000350
-0.000659,-0.000567,-0.000205,-0.000916,-0.002324,-0.002499,-0.001811,-0.003533,-0.002371,-0.000379,-0.001887,-0.003256,-0.004287,-0.005756,-0.005097,-0.005000,-0.007667,-0.013968,-0.016295,-0.013512,-0.010405,-0.006722,-0.001455,0.005769,0.009944,0.018066,0.031566,0.036871,0.027493,0.012190,0.013044,0.006896,0.001024,-0.005944,-0.006744,-0.007312,-0.000411,-0.002898,-0.007654,-0.009184,-0.010293,-0.002559,-0.001418,-0.000155,0.000605,-0.001079,-0.000964,-0.001050,-0.000804,-0.000569,-0.000223,-0.000100,-0.000166,-0.000290,-0.000142,-0.000334,-0.000089,-0.000263,-0.000269,-0.000282
-0.000798,-0.000772,-0.000103,-0.000886,-0.003035,-0.002452,-0.000725,-0.003606,-0.004885,-0.003460,-0.004044,-0.006511,-0.005268,-0.002964,-0.005522,-0.005094,-0.009405,-0.012255,-0.014617,-0.018318,-0.017637,-0.013861,-0.007231,-0.000992,0.001584,0.006593,0.014546,0.027493,0.034797,0.022141,0.020825,0.012212,0.011589,0.001629,0.000342,-0.003481,0.001301,-0.000438,-0.001464,-0.003454,-0.005094,-0.000525,0.000579,0.000734,0.002749,0.002198,0.001875,0.000873,0.000270,-0.000545,-0.000064,-0.000079,-0.000169,-0.000200,-0.000057,-0.000221,-0.000111,-0.000277,-0.000154,-0.000162
-0.000291,-0.000057,-0.000215,-0.000629,-0.002800,-0.001000,0.000009,-0.000707,-0.000672,-0.000117,-0.002372,-0.004430,-0.004093,0.001383,-0.001217,0.001362,-0.003170,-0.006525,-0.008776,-0.015520,-0.017336,-0.016310,-0.011389,-0.008423,-0.006114,-0.001470,0.003969,0.012190,0.022141,0.028934,0.028821,0.017928,0.015143,0.007347,0.011429,0.005816,0.001675,0.002409,0.004297,0.002651,0.002287,-0.000605,0.003698,0.003535,0.005456,0.004849,0.002693,0.001520,0.000901,-0.000090,-0.000016,-0.000048,-0.000091,-0.000031,0.000058,-0.000036,-0.000099,-0.000105,-0.000020,0.000038
-0.000647,-0.000337,-0.000066,-0.000440,-0.002719,-0.000434,-0.001326,-0.001937,-0.002007,0.000370,-0.001938,-0.004468,-0.004310,0.001802,-0.000809,0.001284,-0.006994,-0.011175,-0.017366,-0.025480,-0.028995,-0.019098,-0.010056,-0.006151,-0.000069,0.002895,0.005942,0.013044,0.020825,0.028821,0.043606,0.033736,0.024412,0.009369,0.014170,0.009623,0.004561,0.001628,0.004714,0.005116,0.005578,0.000261,0.006648,0.006254,0.007993,0.005849,0.003669,0.001502,0.001299,0.000015,-0.000148,-0.000099,0.000019,-0.000106,0.000129,-0.000111,-0.000085,-0.000105,-0.000038,-0.000018
-0.000257,-0.000085,-0.000081,-0.000155,-0.001270,-0.000287,-0.001404,-0.000744,0.000445,0.001983,-0.000430,-0.002590,-0.002987,0.000769,-0.001163,0.001248,-0.007901,-0.011007,-0.014093,-0.019906,-0.022401,-0.015153,-0.007342,-0.005567,-0.001583,-0.000271,0.001923,0.006896,0.012212,0.017928,0.033736,0.038953,0.031197,0.012731,0.018990,0.016200,0.009420,0.006503,0.011114,0.007858,0.008133,0.001436,0.007281,0.008227,0.009778,0.004739,0.002487,0.001818,0.001487,0.000386,-0.000031,-0.000089,0.000022,-0.000051,0.000210,-0.000028,0.000002,0.000024,0.000077,-0.000002
-0.000131,-0.000302,-0.000218,-0.000455,-0.001035,-0.001173,-0.000585,0.001264,0.002279,0.001327,-0.000467,-0.003479,-0.004000,-0.002446,-0.006775,-0.004052,-0.008519,-0.011800,-0.010952,-0.018161,-0.021676,-0.018786,-0.013508,-0.013655,-0.008321,-0.005995,-0.006939,0.001024,0.011589,0.015143,0.024412,0.031197,0.040552,0.023219,0.029013,0.025262,0.014217,0.011678,0.016457,0.013377,0.009540,0.002189,0.007072,0.006325,0.008189,0.004127,0.001648,0.002435,0.001899,0.000282,0.000010,-0.000054,-0.000018,-0.000070,0.000165,0.000025,0.000025,0.000051,0.000090,0.000001
0.000053,-0.000054,-0.000077,-0.000415,-0.000721,0.000063,0.000613,0.002832,0.004119,0.001550,-0.002687,-0.002216,-0.003613,-0.002919,-0.006548,-0.005272,-0.001646,-0.002769,-0.001318,-0.006848,-0.011130,-0.009678,-0.008423,-0.010895,-0.009478,-0.010860,-0.013991,-0.005944,0.001629,0.007347,0.009369,0.012731,0.023219,0.026404,0.036558,0.032075,0.013672,0.011547,0.013822,0.012633,0.006972,0.000787,0.003961,0.002617,0.002822,0.001858,0.000240,0.001091,0.001190,0.000243,0.000094,0.000015,-0.000125,0.000008,0.000099,0.000050,0.000002,0.000074,0.000112,0.000075
0.000642,0.000735,0.000274,-0.000043,-0.000575,0.000421,0.000528,0.004456,0.008568,0.005421,-0.005334,-0.004101,-0.007557,-0.007365,-0.010379,-0.007736,-0.000189,-0.005928,-0.007529,-0.017116,-0.018355,-0.017582,-0.015983,-0.018198,-0.012155,-0.010624,-0.013075,-0.006744,0.000342,0.011429,0.014170,0.018990,0.029013,0.036558,0.067398,0.060959,0.024759,0.022100,0.025574,0.019476,0.008171,0.001936,0.009097,0.007770,0.008283,0.005235,0.000292,0.000840,0.001167,0.000365,0.000115,0.000050,-0.000299,0.000016,0.000050,-0.000045,-0.000032,0.000192,0.000276,0.000256
0.000949,0.000910,0.000249,-0.000044,0.000194,0.000978,0.001350,0.006021,0.010366,0.006017,-0.003419,-0.000630,-0.004581,-0.005589,-0.006969,-0.005799,0.001079,-0.006587,-0.009697,-0.019398,-0.021062,-0.017285,-0.014656,-0.018983,-0.013989,-0.011996,-0.013027,-0.007312,-0.003481,0.005816,0.009623,0.016200,0.025262,0.032075,0.060959,0.071911,0.036058,0.026568,0.028379,0.018425,0.011236,0.002848,0.010789,0.008677,0.008525,0.002537,-0.000366,0.001925,0.002123,0.000415,0.000246,0.000089,-0.000321,0.000035,-0.000039,-0.000102,-0.000001,0.000236,0.000310,0.000243
0.000779,0.000283,0.000031,-0.000182,0.000496,-0.000249,0.001011,0.003526,0.006296,0.003188,-0.001448,0.000905,-0.000172,-0.000344,-0.001503,-0.005087,-0.001483,-0.006649,-0.007801,-0.011135,-0.013993,-0.012327,-0.009779,-0.011634,-0.006751,-0.005434,-0.005682,-0.000411,0.001301,0.001675,0.004561,0.009420,0.014217,0.013672,0.024759,0.036058,0.025392,0.017651,0.020022,0.009710,0.005052,0.001728,0.006150,0.005784,0.007187,0.002830,0.000418,0.002288,0.001853,0.000391,0.000187,0.000009,-0.000089,0.000022,0.000011,-0.000024,0.000043,0.000148,0.000166,0.000092
0.001102,0.000592,0.000083,0.000193,0.000916,-0.000496,0.002302,0.004747,0.008587,0.005840,0.000874,0.000557,0.000194,0.001794,-0.001394,-0.004511,0.000656,-0.001799,-0.001382,-0.006930,-0.008415,-0.012083,-0.009846,-0.014020,-0.012573,-0.009129,-0.008869,-0.002898,-0.000438,0.002409,0.001628,0.006503,0.011678,0.011547,0.022100,0.026568,0.017651,0.021631,0.023828,0.012179,0.006542,0.002968,0.003918,0.004824,0.006695,0.004200,0.001275,0.001983,0.001249,0.000400,0.000332,0.000076,-0.000028,0.000126,0.000011,0.000069,0.000064,0.000195,0.000199,0.000225
0.001237,0.000463,-0.000034,0.000319,0.001444,-0.000802,0.001628,0.004423,0.007087,0.004325,-0.001463,-0.000287,0.000935,0.003102,-0.000977,-0.008064,-0.005509,-0.004849,-0.001878,-0.006388,-0.008725,-0.016264,-0.014210,-0.020566,-0.016347,-0.012218,-0.013351,-0.007654,-0.001464,0.004297,0.004714,0.011114,0.016457,0.013822,0.025574,0.028379,0.020022,0.023828,0.040672,0.021930,0.008860,0.004200,0.009815,0.009662,0.013271,0.008602,0.003257,0.004056,0.001713,0.000876,0.000368,-0.000010,0.000092,0.000117,0.000158,0.000171,0.000079,0.000323,0.000300,0.000267
0.000447,0.000150,-0.000081,0.000108,-0.000180,-0.000701,0.000341,0.001976,0.001786,0.001399,-0.001120,-0.000349,-0.000495,0.000890,-0.000099,-0.003953,-0.005290,-0.004686,-0.003178,-0.006786,-0.008159,-0.010348,-0.008694,-0.012959,-0.011965,-0.010718,-0.012656,-0.009184,-0.003454,0.002651,0.005116,0.007858,0.013377,0.012633,0.019476,0.018425,0.009710,0.012179,0.021930,0.019780,0.009846,0.005076,0.008030,0.007849,0.009560,0.007345,0.003217,0.002947,0.001576,0.000570,0.000347,0.000018,-0.000014,0.000024,0.000115,0.000086,0.000020,0.000148,0.000166,0.000204
0.000199,0.000325,0.000152,0.000448,0.000206,0.000651,0.001289,0.002633,0.001517,0.000869,0.001359,0.001608,0.002309,0.004131,0.003948,0.003815,-0.000702,0.000600,0.002186,-0.002850,-0.004705,-0.001510,-0.000050,-0.008432,-0.013744,-0.012620,-0.012210,-0.010293,-0.005094,0.002287,0.005578,0.008133,0.009540,0.006972,0.008171,0.011236,0.005052,0.006542,0.008860,0.009846,0.014478,0.006358,0.005962,0.004074,0.004077,0.003293,0.002486,0.002200,0.001792,0.000466,0.000352,0.000091,-0.000005,0.000122,0.000138,0.000111,0.000069,0.000143,0.000140,0.000182
0.000288,0.000449,0.000155,0.000276,0.000326,-0.000127,0.000480,0.001360,-0.000065,-0.000016,0.000204,-0.000080,-0.000277,-0.000408,0.000150,-0.001924,-0.004079,-0.004017,-0.001338,-0.001546,-0.000286,0.000793,0.001437,-0.003317,-0.007191,-0.006419,-0.005183,-0.002559,-0.000525,-0.000605,0.000261,0.001436,0.002189,0.000787,0.001936,0.002848,0.001728,0.002968,0.004200,0.005076,0.006358,0.007086,0.004542,0.003059,0.003843,0.003742,0.001782,0.000652,0.001077,0.000342,0.000216,0.000067,-0.000033,0.000078,0.000079,0.000018,0.000040,0.000098,0.000077,0.000120
0.000390,0.000837,0.000118,0.000220,0.000166,-0.000079,0.000062,0.000183,0.000834,0.000609,-0.000454,-0.000215,-0.000448,-0.000520,0.001380,-0.001645,-0.005859,-0.007761,-0.004709,-0.006149,-0.006343,-0.005331,-0.000734,-0.002521,-0.002444,-0.001258,-0.000906,-0.001418,0.000579,0.003698,0.006648,0.007281,0.007072,0.003961,0.009097,0.010789,0.006150,0.003918,0.009815,0.008030,0.005962,0.004542,0.011948,0.009956,0.008922,0.005502,0.001993,0.002234,0.001302,0.000424,0.000218,0.000024,-0.000063,0.000003,0.000072,0.000040,0.000016,0.000140,0.000108,0.000142
0.000442,0.000406,-0.000112,-0.000102,0.000078,-0.000722,0.000409,0.000231,0.002362,0.002078,0.000357,0.000848,0.000621,-0.000354,0.002795,0.000484,-0.004026,-0.008606,-0.006129,-0.004817,-0.004351,-0.005181,-0.004076,-0.003262,-0.001186,-0.000405,-0.000053,-0.000155,0.000734,0.003535,0.006254,0.008227,0.006325,0.002617,0.007770,0.008677,0.005784,0.004824,0.009662,0.007849,0.004074,0.003059,0.009956,0.015640,0.011867,0.005884,0.002056,0.002586,0.000971,0.000277,0.000209,-0.000009,-0.000068,0.000023,0.000086,0.000087,0.000012,0.000122,0.000158,0.000108
0.000946,0.000965,0.000215,0.000192,0.000176,-0.000560,0.000349,0.000977,0.002518,0.003579,0.000458,0.000593,0.000916,0.000628,0.001161,-0.001371,-0.004275,-0.008910,-0.006493,-0.004393,-0.003864,-0.007036,-0.007206,-0.008028,-0.004864,-0.002608,-0.001521,0.000605,0.002749,0.005456,0.007993,0.009778,0.008189,0.002822,0.008283,0.008525,0.007187,0.006695,0.013271,0.009560,0.004077,0.003843,0.008922,0.011867,0.014192,0.009048,0.003252,0.003287,0.001668,0.000554,0.000277,0.000020,0.000005,0.000085,0.000136,0.000106,0.000035,0.000161,0.000175,0.000125
0.000640,0.000693,0.000261,0.000261,-0.000288,-0.000525,0.000516,0.000461,0.000275,0.001430,-0.001270,-0.001007,0.000039,0.001874,0.000681,-0.001748,-0.002097,-0.003764,-0.002857,-0.004186,-0.004883,-0.005421,-0.004084,-0.006639,-0.005236,-0.003666,-0.003093,-0.001079,0.002198,0.004849,0.005849,0.004739,0.004127,0.001858,0.005235,0.002537,0.002830,0.004200,0.008602,0.007345,0.003293,0.003742,0.005502,0.005884,0.009048,0.008769,0.004077,0.002530,0.001468,0.000546,0.000212,0.000036,0.000035,0.000074,0.000149,0.000097,0.000047,0.000145,0.000121,0.000143
0.000084,0.000019,0.000056,0.000089,-0.000617,-0.000250,0.000557,-0.000259,-0.001147,-0.000514,-0.001760,-0.001455,-0.000296,0.001929,0.000721,-0.000248,-0.000942,-0.000129,-0.000901,-0.003816,-0.004551,-0.002373,-0.000104,-0.002494,-0.003557,-0.002583,-0.001852,-0.000964,0.001875,0.002693,0.003669,0.002487,0.001648,0.000240,0.000292,-0.000366,0.000418,0.001275,0.003257,0.003217,0.002486,0.001782,0.001993,0.002056,0.003252,0.004077,0.003270,0.001922,0.000923,0.000255,0.000127,0.000020,0.000015,0.000033,0.000083,0.000043,0.000033,0.000072,0.000053,0.000048
0.000203,0.000052,0.000056,0.000106,-0.000033,-0.000123,0.000918,0.000232,0.000297,0.000427,-0.000550,-0.000169,0.000519,0.001710,0.001211,0.000235,-0.000793,-0.001239,-0.000662,-0.001607,-0.002458,-0.002036,-0.001238,-0.002439,-0.002849,-0.001822,-0.001127,-0.001050,0.000873,0.001520,0.001502,0.001818,0.002435,0.001091,0.000840,0.001925,0.002288,0.001983,0.004056,0.002947,0.002200,0.000652,0.002234,0.002586,0.003287,0.002530,0.001922,0.002280,0.000859,0.000213,0.000193,0.000007,0.000010,0.000039,0.000046,0.000064,0.000038,0.000071,0.000061,0.000033
0.000134,0.000124,0.000037,0.000015,-0.000116,0.000001,0.000361,0.000404,0.000258,0.000300,-0.000138,0.000041,0.000264,0.000814,0.000432,-0.000014,-0.000387,-0.000891,-0.000698,-0.001171,-0.001722,-0.001029,-0.000379,-0.001556,-0.002185,-0.001895,-0.001584,-0.000804,0.000270,0.000901,0.001299,0.001487,0.001899,0.001190,0.001167,0.002123,0.001853,0.001249,0.001713,0.001576,0.001792,0.001077,0.001302,0.000971,0.001668,0.001468,0.000923,0.000859,0.000619,0.000153,0.000078,0.000016,-0.000002,0.000027,0.000033,0.000023,0.000017,0.000032,0.000022,0.000016
0.000070,0.000059,0.000005,0.000026,0.000057,0.000040,0.000100,0.000166,0.000172,0.000189,-0.000049,0.000079,0.000156,0.000303,0.000170,-0.000084,-0.000106,-0.000066,0.000208,0.000254,0.000158,0.000073,0.000153,-0.000382,-0.000586,-0.000537,-0.000495,-0.000569,-0.000545,-0.000090,0.000015,0.000386,0.000282,0.000243,0.000365,0.000415,0.000391,0.000400,0.000876,0.000570,0.000466,0.000342,0.000424,0.000277,0.000554,0.000546,0.000255,0.000213,0.000153,0.000108,0.000019,0.000001,0.000008,0.000010,0.000019,0.000015,0.000011,0.000023,0.000005,0.000007
0.000043,0.000045,0.000042,0.000056,0.000039,0.000021,0.000128,0.000087,0.000099,0.000082,-0.000013,0.000068,0.000067,0.000206,0.000129,0.000016,-0.000069,-0.000042,0.000113,0.000014,0.000014,-0.000045,-0.000025,-0.000137,-0.000445,-0.000446,-0.000369,-0.000223,-0.000064,-0.000016,-0.000148,-0.000031,0.000010,0.000094,0.000115,0.000246,0.000187,0.000332,0.000368,0.000347,0.000352,0.000216,0.000218,0.000209,0.000277,0.000212,0.000127,0.000193,0.000078,0.000019,0.000091,0.000010,-0.000001,0.000013,0.000005,0.000009,0.000005,0.000012,0.000014,0.000018
0.000017,0.000027,0.000015,0.000013,-0.000003,0.000026,0.000041,0.000047,0.000060,0.000057,0.000040,0.000029,0.000025,0.000037,-0.000011,0.000015,0.000052,0.000048,0.000079,0.000021,0.000013,0.000004,0.000023,-0.000050,-0.000136,-0.000153,-0.000149,-0.000100,-0.000079,-0.000048,-0.000099,-0.000089,-0.000054,0.000015,0.000050,0.000089,0.000009,0.000076,-0.000010,0.000018,0.000091,0.000067,0.000024,-0.000009,0.000020,0.000036,0.000020,0.000007,0.000016,0.000001,0.000010,0.000016,-0.000001,0.000004,0.000001,0.000000,-0.000000,0.000005,0.000004,0.000003
0.000009,0.000002,0.000006,0.000012,0.000053,0.000011,0.000002,0.000024,0.000020,0.000044,0.000065,0.000043,0.000106,0.000122,0.000046,0.000005,0.000072,0.000123,0.000138,0.000170,0.000050,-0.000002,-0.000101,-0.000202,-0.000061,-0.000032,-0.000143,-0.000166,-0.000169,-0.000091,0.000019,0.000022,-0.000018,-0.000125,-0.000299,-0.000321,-0.000089,-0.000028,0.000092,-0.000014,-0.000005,-0.000033,-0.000063,-0.000068,0.000005,0.000035,0.000015,0.000010,-0.000002,0.000008,-0.000001,-0.000001,0.000011,0.000002,0.000004,0.000005,0.000003,0.000004,0.000000,-0.000000
0.000032,0.000029,0.000022,0.000026,0.000051,0.000046,0.000070,0.000100,0.000126,0.000095,0.000066,0.000058,0.000056,0.000085,0.000047,0.000041,0.000098,0.000131,0.000276,0.000350,0.000393,0.000247,0.000111,-0.000014,-0.000162,-0.000271,-0.000354,-0.000290,-0.000200,-0.000031,-0.000106,-0.000051,-0.000070,0.000008,0.000016,0.000035,0.000022,0.000126,0.000117,0.000024,0.000122,0.000078,0.000003,0.000023,0.000085,0.000074,0.000033,0.000039,0.000027,0.000010,0.000013,0.000004,0.000002,0.000013,0.000003,0.000007,0.000002,0.000006,0.000007,0.000005
0.000005,0.000003,-0.000003,0.000002,0.000012,-0.000013,-0.000004,0.000018,-0.000022,-0.000020,-0.000059,-0.000007,0.000032,0.000085,0.000039,0.000001,-0.000037,0.000004,0.000064,0.000035,-0.000117,-0.000081,-0.000056,-0.000187,-0.000235,-0.000233,-0.000186,-0.000142,-0.000057,0.000058,0.000129,0.000210,0.000165,0.000099,0.000050,-0.000039,0.000011,0.000011,0.000158,0.000115,0.000138,0.000079,0.000072,0.000086,0.000136,0.000149,0.000083,0.000046,0.000033,0.000019,0.000005,0.000001,0.000004,0.000003,0.000016,0.000007,0.000005,0.000008,0.000007,0.000004
0.000020,0.000010,0.000006,0.000016,0.000053,0.000013,0.000045,0.000066,0.000084,0.000055,0.000040,0.000053,0.000100,0.000123,0.000090,0.000058,0.000111,0.000166,0.000319,0.000356,0.000286,0.000130,-0.000001,-0.000146,-0.000205,-0.000241,-0.000350,-0.000334,-0.000221,-0.000036,-0.000111,-0.000028,0.000025,0.000050,-0.000045,-0.000102,-0.000024,0.000069,0.000171,0.000086,0.000111,0.000018,0.000040,0.000087,0.000106,0.000097,0.000043,0.000064,0.000023,0.000015,0.000009,0.000000,0.000005,0.000007,0.000007,0.000014,0.000005,0.000009,0.000007,0.000003
0.000014,0.000007,0.000007,0.000014,0.000038,0.000017,0.000038,0.000037,0.000025,0.000025,0.000011,0.000022,0.000033,0.000051,0.000024,0.000003,0.000017,0.000038,0.000094,0.000100,0.000028,0.000026,0.000042,-0.000059,-0.000103,-0.000119,-0.000110,-0.000089,-0.000111,-0.000099,-0.000085,0.000002,0.000025,0.000002,-0.000032,-0.000001,0.000043,0.000064,0.000079,0.000020,0.000069,0.000040,0.000016,0.000012,0.000035,0.000047,0.000033,0.000038,0.000017,0.000011,0.000005,-0.000000,0.000003,0.000002,0.000005,0.000005,0.000009,0.000008,0.000004,0.000002
0.000027,0.000027,0.000006,0.000021,0.000068,0.000025,0.000044,0.000081,0.000104,0.000073,-0.000026,0.000011,0.000019,0.000041,-0.000018,-0.000064,0.000021,0.000069,0.000208,0.000169,0.000111,0.000044,0.000040,-0.000180,-0.000225,-0.000176,-0.000198,-0.000263,-0.000277,-0.000105,-0.000105,0.000024,0.000051,0.000074,0.000192,0.000236,0.000148,0.000195,0.000323,0.000148,0.000143,0.000098,0.000140,0.000122,0.000161,0.000145,0.000072,0.000071,0.000032,0.000023,0.000012,0.000005,0.000004,0.000006,0.000008,0.000009,0.000008,0.000023,0.000011,0.000007
0.000022,0.000015,0.000010,0.000022,0.000052,0.000021,0.000054,0.000069,0.000074,0.000038,-0.000017,0.000014,0.000000,0.000034,0.000007,-0.000006,0.000004,0.000007,0.000067,-0.000003,-0.000060,-0.000104,-0.000089,-0.000122,-0.000188,-0.000308,-0.000334,-0.000269,-0.000154,-0.000020,-0.000038,0.000077,0.000090,0.000112,0.000276,0.000310,0.000166,0.000199,0.000300,0.000166,0.000140,0.000077,0.000108,0.000158,0.000175,0.000121,0.000053,0.000061,0.000022,0.000005,0.000014,0.000004,0.000000,0.000007,0.000007,0.000007,0.000004,0.000011,0.000023,0.000015
0.000022,0.000021,0.000006,0.000025,0.000041,0.000016,0.000066,0.000071,0.000087,0.000052,0.000013,0.000018,0.000005,0.000070,0.000064,0.000022,0.000038,0.000058,0.000103,-0.000049,-0.000052,-0.000113,-0.000073,-0.000140,-0.000225,-0.000328,-0.000350,-0.000282,-0.000162,0.000038,-0.000018,-0.000002,0.000001,0.000075,0.000256,0.000243,0.000092,0.000225,0.000267,0.000204,0.000182,0.000120,0.000142,0.000108,0.000125,0.000143,0.000048,0.000033,0.000016,0.000007,0.000018,0.000003,-0.000000,0.000005,0.000004,0.000003,0.000002,0.000007,0.000015,0.000028
