0.000321,0.000316,0.000312,0.000409,0.000366,0.000059,0.000158,0.000527,0.000391,0.000380,0.000314,0.000362,0.000265,0.000368,0.000088,-0.000281,-0.000455,-0.000351,0.000118,0.000163,0.000584,-0.000079,-0.000088,-0.000719,-0.001064,-0.001362,-0.001674,-0.001295,-0.001119,-0.000816,-0.001009,-0.000549,-0.000215,-0.000293,0.000423,0.000762,0.000506,0.000882,0.001094,0.000669,0.000302,0.000653,0.000317,0.000190,0.000737,0.000598,0.000142,0.000175,0.000139,0.000051,0.000038,0.000038,0.000002,0.000020,0.000006,0.000007,0.000005,0.000030,0.000026,0.000032
0.000316,0.000782,0.000704,0.001035,0.000649,0.000352,0.000300,0.000584,0.000409,0.000593,0.000365,0.000281,0.000312,0.000363,0.000090,0.000062,-0.000001,-0.000341,0.000016,-0.000054,0.000108,0.000039,0.000401,-0.000278,-0.001029,-0.001300,-0.001415,-0.001225,-0.001345,-0.000876,-0.000558,-0.000636,-0.001235,-0.000788,0.000432,0.001032,0.000135,0.000313,0.000156,0.000306,0.000159,0.000681,0.000077,-0.000162,0.000826,0.000601,-0.000009,0.000100,0.000093,0.000011,0.000055,0.000064,0.000015,0.000019,0.000000,0.000002,-0.000001,0.000026,0.000036,0.000054
0.000312,0.000704,0.001422,0.001563,0.000981,0.000293,0.000200,0.000448,-0.000310,0.000262,0.000486,0.000267,-0.000114,0.000640,0.000044,0.000101,0.000117,-0.000029,0.000827,0.001328,0.002242,0.001673,0.001280,0.000890,-0.000180,-0.001360,-0.001341,-0.000891,-0.001058,-0.001479,-0.001673,-0.002199,-0.003419,-0.002455,-0.002663,-0.001559,-0.000572,-0.000218,-0.000813,-0.000894,-0.000726,0.000200,-0.001056,-0.000867,-0.000152,0.000015,0.000138,0.000099,-0.000015,-0.000041,0.000075,0.000045,0.000013,0.000041,0.000004,0.000014,0.000008,0.000030,0.000038,0.000041
0.000409,0.001035,0.001563,0.003073,0.001709,0.001008,0.001022,0.001209,0.000287,0.000169,0.000166,-0.000071,0.000546,0.000774,0.000029,-0.000159,-0.000366,0.000453,0.001955,0.002242,0.002499,0.001441,0.000631,-0.001386,-0.003232,-0.003345,-0.002759,-0.001702,-0.001653,-0.001933,-0.002813,-0.003142,-0.004935,-0.002770,-0.001678,-0.001080,-0.000985,-0.000862,-0.000557,-0.000746,-0.000748,0.000557,-0.000948,-0.000457,0.000588,0.000086,-0.000045,0.000293,-0.000096,-0.000073,0.000114,0.000085,0.000025,0.000047,0.000001,0.000020,0.000014,0.000038,0.000074,0.000088
0.000366,0.000649,0.000981,0.001709,0.002124,0.000869,0.000734,0.000693,0.000084,0.000177,0.000551,0.000292,0.000758,0.000777,0.000547,-0.000353,-0.000102,0.000237,0.001696,0.001575,0.001124,0.001278,0.000768,-0.000863,-0.000969,-0.001859,-0.003355,-0.003901,-0.003834,-0.003695,-0.003376,-0.002198,-0.002405,-0.001451,-0.000873,0.000145,0.000206,-0.000090,0.000434,0.000089,-0.000070,0.000367,-0.000084,-0.000284,-0.000282,-0.000631,-0.000668,0.000084,-0.000059,-0.000039,0.000046,0.000049,0.000022,0.000013,-0.000001,0.000007,0.000018,0.000055,0.000060,0.000074
0.000059,0.000352,0.000293,0.001008,0.000869,0.002128,0.001402,0.001006,0.000636,0.000749,0.000943,0.000611,0.001861,0.001981,0.000995,0.001176,0.001829,0.001441,0.002786,0.002845,0.002408,0.002227,0.001881,0.000335,-0.000363,-0.001627,-0.002674,-0.002231,-0.002563,-0.001154,-0.000755,-0.001119,-0.002460,-0.000114,0.000093,-0.000419,-0.000968,-0.001910,-0.000926,-0.000008,0.001010,-0.000270,-0.000060,-0.000956,-0.000406,-0.000035,-0.000439,0.000076,0.000043,-0.000017,0.000061,0.000066,0.000019,0.000022,-0.000002,0.000016,0.000021,0.000034,0.000025,0.000029
0.000158,0.000300,0.000200,0.001022,0.000734,0.001402,0.002640,0.001817,0.001603,0.001410,0.001268,0.000800,0.001375,0.003337,0.002182,0.001045,0.001379,0.001191,0.002331,0.001765,0.001195,0.000580,0.000812,-0.000307,-0.001595,-0.002405,-0.003182,-0.002492,-0.001723,-0.000798,-0.002008,-0.002691,-0.002730,-0.000369,0.000016,0.001288,0.001052,0.001367,0.000791,0.000447,0.001380,-0.000060,0.000083,-0.000403,-0.000515,0.000059,-0.000183,0.000701,0.000236,0.000011,0.000112,0.000061,-0.000006,0.000042,0.000020,0.000026,0.000032,0.000053,0.000047,0.000059
0.000527,0.000584,0.000448,0.001209,0.000693,0.001006,0.001817,0.004651,0.004387,0.002808,0.001628,0.001951,0.001685,0.001775,0.000633,-0.000380,0.000218,0.000769,0.004319,0.004321,0.004461,0.002034,0.000894,-0.003589,-0.005787,-0.006732,-0.007995,-0.005857,-0.004718,0.000141,-0.002583,-0.002243,-0.001390,0.001038,0.004215,0.005745,0.003057,0.003641,0.004486,0.002443,0.001436,0.000857,-0.000046,0.000707,0.002032,0.001263,-0.000292,0.000467,0.000573,0.000112,0.000059,0.000119,0.000003,0.000114,0.000048,0.000081,0.000044,0.000113,0.000103,0.000096
0.000391,0.000409,-0.000310,0.000287,0.000084,0.000636,0.001603,0.004387,0.007845,0.005239,0.002480,0.003363,0.002283,-0.000069,0.000217,-0.000349,0.000792,0.002124,0.005672,0.005696,0.004703,-0.001076,-0.002917,-0.007003,-0.006771,-0.004632,-0.005688,-0.004305,-0.005363,0.000628,-0.002093,-0.001027,0.000810,0.004270,0.009540,0.010287,0.005382,0.007172,0.006915,0.003062,0.001166,-0.000279,0.001077,0.002491,0.002621,0.000658,-0.001395,0.000123,0.000224,0.000021,0.000067,0.000117,-0.000005,0.000110,0.000011,0.000107,0.000045,0.000124,0.000079,0.000082
0.000380,0.000593,0.000262,0.000169,0.000177,0.000749,0.001410,0.002808,0.005239,0.007688,0.005490,0.004019,0.002992,0.002064,0.000447,0.001262,0.000422,-0.000546,0.002156,0.005051,0.006939,0.001675,-0.001054,-0.002743,-0.002227,-0.000651,-0.000818,-0.000864,-0.003583,-0.000566,-0.002091,-0.001644,-0.002259,-0.000424,0.000981,0.003337,0.003226,0.005394,0.005462,0.001710,-0.000180,-0.001013,0.001431,0.002533,0.002975,0.000886,-0.001024,0.000596,0.000390,0.000105,0.000096,0.000033,0.000009,0.000076,-0.000006,0.000069,0.000046,0.000075,-0.000009,0.000001
0.000314,0.000365,0.000486,0.000166,0.000551,0.000943,0.001268,0.001628,0.002480,0.005490,0.007617,0.004937,0.004930,0.004466,0.001396,0.002100,0.000732,0.000543,0.002784,0.004611,0.006206,0.002758,-0.000035,-0.001631,-0.002251,-0.002394,-0.002724,-0.002136,-0.003837,-0.002834,-0.003375,-0.002583,-0.004108,-0.003115,-0.008157,-0.006460,0.000074,0.003088,0.003751,0.002667,0.000642,-0.000535,0.000840,0.002422,0.001651,0.000724,-0.000455,0.000753,0.000332,0.000015,0.000193,0.000040,0.000009,0.000023,0.000008,0.000063,0.000050,0.000050,-0.000023,0.000014
0.000362,0.000281,0.000267,-0.000071,0.000292,0.000611,0.000800,0.001951,0.003363,0.004019,0.004937,0.006303,0.004845,0.003215,0.001224,0.001687,0.001771,0.001434,0.004370,0.004660,0.005492,0.002440,-0.000219,-0.004582,-0.004955,-0.004747,-0.005033,-0.002283,-0.003008,-0.002853,-0.003474,-0.002233,-0.001661,-0.000569,-0.003956,-0.002003,0.002495,0.003466,0.002573,0.000575,0.001634,0.001421,0.000711,0.000496,0.000464,-0.000170,-0.001247,-0.000134,0.000342,-0.000010,0.000167,0.000102,0.000011,0.000032,0.000035,0.000074,0.000061,0.000075,-0.000005,0.000010
0.000265,0.000312,-0.000114,0.000546,0.000758,0.001861,0.001375,0.001685,0.002283,0.002992,0.004930,0.004845,0.008796,0.006759,0.004148,0.004819,0.005744,0.005827,0.008088,0.006809,0.006564,0.003734,0.000417,-0.005871,-0.006690,-0.005760,-0.007351,-0.006690,-0.005971,-0.004183,-0.003525,-0.002685,-0.003603,-0.001468,-0.004544,-0.003762,0.000231,0.000745,0.003375,0.002750,0.003187,0.000812,-0.000143,-0.000373,0.000601,-0.000154,-0.001356,-0.000126,0.000131,-0.000035,0.000173,0.000118,0.000030,0.000013,0.000025,0.000050,0.000042,0.000069,0.000025,0.000077
0.000368,0.000363,0.000640,0.000774,0.000777,0.001981,0.003337,0.001775,-0.000069,0.002064,0.004466,0.003215,0.006759,0.014194,0.008938,0.008150,0.008148,0.007493,0.007490,0.004672,0.005051,0.004163,0.003358,-0.000264,-0.003484,-0.004506,-0.006538,-0.009341,-0.006774,-0.005538,-0.007005,-0.008990,-0.010987,-0.008540,-0.015155,-0.012464,-0.002750,-0.001120,-0.001085,-0.000812,0.003951,-0.000058,-0.002984,-0.004682,-0.004140,-0.000161,0.000470,0.000983,0.000397,0.000148,0.000219,0.000076,0.000006,0.000053,0.000097,0.000012,0.000037,0.000114,0.000020,0.000050
0.000088,0.000090,0.000044,0.000029,0.000547,0.000995,0.002182,0.000633,0.000217,0.000447,0.001396,0.001224,0.004148,0.008938,0.012146,0.008864,0.008754,0.006943,0.004030,-0.000051,-0.005957,-0.003013,-0.001528,-0.004681,-0.005548,-0.006059,-0.008663,-0.008312,-0.003614,-0.000311,0.002979,-0.000342,-0.003973,-0.001490,-0.001202,-0.000368,0.001929,0.002448,0.000280,0.001297,0.005640,-0.000312,-0.002625,-0.003822,-0.003750,-0.000168,0.000600,0.000726,0.000322,0.000052,0.000106,0.000102,0.000012,0.000040,0.000080,-0.000013,0.000021,0.000049,0.000024,0.000064
-0.000281,0.000062,0.000101,-0.000159,-0.000353,0.001176,0.001045,-0.000380,-0.000349,0.001262,0.002100,0.001687,0.004819,0.008150,0.008864,0.015759,0.014352,0.010689,0.005692,0.003366,0.001571,0.002865,-0.000004,-0.002507,-0.003921,-0.003983,-0.003364,-0.006184,-0.004153,0.000820,0.003845,0.000855,-0.004783,-0.004559,-0.007810,-0.008619,-0.005021,-0.005546,-0.010782,-0.005593,0.004698,-0.001182,-0.004122,-0.003948,-0.004035,-0.001090,-0.000055,0.000087,-0.000208,-0.000121,-0.000007,0.000101,0.000023,0.000037,0.000046,0.000023,0.000027,-0.000011,-0.000013,0.000006
-0.000455,-0.000001,0.000117,-0.000366,-0.000102,0.001829,0.001379,0.000218,0.000792,0.000422,0.000732,0.001771,0.005744,0.008148,0.008754,0.014352,0.022519,0.018291,0.015839,0.010048,0.007749,0.008770,0.004724,-0.000678,-0.002700,-0.004748,-0.008775,-0.011206,-0.006919,-0.001955,-0.003474,-0.009135,-0.009655,-0.002128,-0.005631,-0.007164,-0.005894,-0.006407,-0.013350,-0.008527,0.002321,-0.003629,-0.007426,-0.010423,-0.009222,-0.003141,-0.001934,-0.001410,-0.000648,-0.000249,-0.000198,0.000142,0.000040,0.000069,-0.000040,0.000049,0.000031,-0.000003,-0.000027,0.000009
-0.000351,-0.000341,-0.000029,0.000453,0.000237,0.001441,0.001191,0.000769,0.002124,-0.000546,0.000543,0.001434,0.005827,0.007493,0.006943,0.010689,0.018291,0.020267,0.020939,0.015217,0.013945,0.010025,0.003920,-0.002175,-0.004422,-0.005176,-0.009433,-0.013469,-0.010330,-0.004463,-0.009169,-0.012090,-0.011823,-0.003081,-0.006753,-0.011615,-0.007220,-0.004774,-0.008793,-0.006258,0.001090,-0.003617,-0.007683,-0.009143,-0.008854,-0.003662,-0.002241,-0.002031,-0.001367,-0.000269,-0.000152,0.000107,0.000015,0.000087,-0.000004,0.000079,0.000040,0.000076,0.000007,0.000061
0.000118,0.000016,0.000827,0.001955,0.001696,0.002786,0.002331,0.004319,0.005672,0.002156,0.002784,0.004370,0.008088,0.007490,0.004030,0.005692,0.015839,0.020939,0.034998,0.031199,0.034447,0.023516,0.012690,-0.000585,-0.005401,-0.006297,-0.015094,-0.019920,-0.018219,-0.011922,-0.022596,-0.020677,-0.017675,-0.003264,-0.007270,-0.011080,-0.006149,-0.003551,-0.004712,-0.004702,-0.000318,-0.002161,-0.007709,-0.010949,-0.009949,-0.006533,-0.004827,-0.003171,-0.001436,-0.000206,-0.000116,0.000178,0.000009,0.000192,0.000001,0.000182,0.000099,0.000247,0.000040,0.000124
0.000163,-0.000054,0.001328,0.002242,0.001575,0.002845,0.001765,0.004321,0.005696,0.005051,0.004611,0.004660,0.006809,0.004672,-0.000051,0.003366,0.010048,0.015217,0.031199,0.040061,0.047233,0.030814,0.015638,0.008405,0.002634,-0.000575,-0.007446,-0.014905,-0.018560,-0.013109,-0.025351,-0.021478,-0.020881,-0.006316,-0.013466,-0.016017,-0.006206,-0.007350,-0.008589,-0.007402,-0.004832,-0.003817,-0.006342,-0.007363,-0.006901,-0.007438,-0.006117,-0.002944,-0.001235,-0.000144,-0.000000,0.000025,-0.000030,0.000244,-0.000036,0.000198,0.000109,0.000171,-0.000031,-0.000033
0.000584,0.000108,0.002242,0.002499,0.001124,0.002408,0.001195,0.004461,0.004703,0.006939,0.006206,0.005492,0.006564,0.005051,-0.005957,0.001571,0.007749,0.013945,0.034447,0.047233,0.070001,0.047302,0.025064,0.018049,0.009490,0.005698,-0.000653,-0.012258,-0.019008,-0.017218,-0.033829,-0.026614,-0.026803,-0.013798,-0.022707,-0.025829,-0.010537,-0.009481,-0.010882,-0.011549,-0.008059,-0.000890,-0.005950,-0.006242,-0.003979,-0.005712,-0.005860,-0.003320,-0.001338,0.000036,0.000143,-0.000046,-0.000057,0.000306,-0.000087,0.000229,0.000111,0.000245,-0.000080,-0.000046
-0.000079,0.000039,0.001673,0.001441,0.001278,0.002227,0.000580,0.002034,-0.001076,0.001675,0.002758,0.002440,0.003734,0.004163,-0.003013,0.002865,0.008770,0.010025,0.023516,0.030814,0.047302,0.044626,0.030497,0.025141,0.014826,0.007607,0.001372,-0.009452,-0.014190,-0.014878,-0.022623,-0.018905,-0.022185,-0.012114,-0.020817,-0.020823,-0.009404,-0.013495,-0.017572,-0.012089,-0.005890,0.001417,-0.005168,-0.005457,-0.005136,-0.005532,-0.003892,-0.002627,-0.000753,-0.000102,0.000017,-0.000021,-0.000024,0.000157,-0.000058,0.000095,0.000065,0.000133,-0.000132,-0.000093
-0.000088,0.000401,0.001280,0.000631,0.000768,0.001881,0.000812,0.000894,-0.002917,-0.001054,-0.000035,-0.000219,0.000417,0.003358,-0.001528,-0.000004,0.004724,0.003920,0.012690,0.015638,0.025064,0.030497,0.030393,0.030070,0.018977,0.009098,0.003313,-0.004372,-0.009372,-0.012209,-0.015079,-0.013774,-0.017030,-0.008249,-0.014495,-0.012551,-0.006552,-0.010868,-0.015485,-0.009085,-0.004449,0.001220,-0.003522,-0.005457,-0.006733,-0.004646,-0.002683,-0.002342,-0.000563,-0.000163,-0.000057,0.000026,-0.000026,0.000067,-0.000023,-0.000010,0.000015,0.000086,-0.000087,-0.000042
-0.000719,-0.000278,0.000890,-0.001386,-0.000863,0.000335,-0.000307,-0.003589,-0.007003,-0.002743,-0.001631,-0.004582,-0.005871,-0.000264,-0.004681,-0.002507,-0.000678,-0.002175,-0.000585,0.008405,0.018049,0.025141,0.030070,0.047672,0.036858,0.022200,0.018400,0.006605,-0.001205,-0.007436,-0.009143,-0.008951,-0.014201,-0.009675,-0.018481,-0.017428,-0.008203,-0.013093,-0.021531,-0.013302,-0.009129,-0.002632,-0.001763,-0.001843,-0.006213,-0.004116,-0.002457,-0.002602,-0.001012,-0.000313,-0.000020,-0.000159,-0.000088,-0.000016,-0.000094,-0.000132,-0.000066,-0.000081,-0.000185,-0.000174
-0.001064,-0.001029,-0.000180,-0.003232,-0.000969,-0.000363,-0.001595,-0.005787,-0.006771,-0.002227,-0.002251,-0.004955,-0.006690,-0.003484,-0.005548,-0.003921,-0.002700,-0.004422,-0.005401,0.002634,0.009490,0.014826,0.018977,0.036858,0.037696,0.028252,0.023973,0.012055,0.001778,-0.004804,-0.003048,-0.004219,-0.008280,-0.006971,-0.013255,-0.012604,-0.006331,-0.011399,-0.017152,-0.011502,-0.010921,-0.005950,-0.001414,-0.000897,-0.006477,-0.004874,-0.002679,-0.003070,-0.001641,-0.000385,-0.000329,-0.000361,-0.000086,-0.000112,-0.000116,-0.000165,-0.000086,-0.000154,-0.000233,-0.000284
-0.001362,-0.001300,-0.001360,-0.003345,-0.001859,-0.001627,-0.002405,-0.006732,-0.004632,-0.000651,-0.002394,-0.004747,-0.005760,-0.004506,-0.006059,-0.003983,-0.004748,-0.005176,-0.006297,-0.000575,0.005698,0.007607,0.009098,0.022200,0.028252,0.033486,0.034001,0.020099,0.008185,-0.000784,0.000846,-0.000793,-0.005435,-0.007643,-0.012213,-0.011633,-0.005649,-0.009424,-0.011754,-0.010153,-0.010454,-0.004763,0.000035,0.001104,-0.003524,-0.003845,-0.001846,-0.002361,-0.001762,-0.000302,-0.000325,-0.000497,-0.000079,-0.000184,-0.000158,-0.000179,-0.000132,-0.000179,-0.000321,-0.000384
-0.001674,-0.001415,-0.001341,-0.002759,-0.003355,-0.002674,-0.003182,-0.007995,-0.005688,-0.000818,-0.002724,-0.005033,-0.007351,-0.006538,-0.008663,-0.003364,-0.008775,-0.009433,-0.015094,-0.007446,-0.000653,0.001372,0.003313,0.018400,0.023973,0.034001,0.046077,0.033501,0.017466,0.004744,0.006255,0.002796,-0.005636,-0.010616,-0.015681,-0.014088,-0.005968,-0.009748,-0.011571,-0.011941,-0.010905,-0.003837,0.001783,0.004133,-0.000100,-0.001604,0.000206,-0.001451,-0.001608,-0.000226,-0.000220,-0.000590,-0.000099,-0.000260,-0.000129,-0.000215,-0.000146,-0.000291,-0.000353,-0.000413
-0.001295,-0.001225,-0.000891,-0.001702,-0.003901,-0.002231,-0.002492,-0.005857,-0.004305,-0.000864,-0.002136,-0.002283,-0.006690,-0.009341,-0.008312,-0.006184,-0.011206,-0.013469,-0.019920,-0.014905,-0.012258,-0.009452,-0.004372,0.006605,0.012055,0.020099,0.033501,0.040858,0.031490,0.015934,0.018738,0.011222,0.004924,-0.001257,-0.005121,-0.006284,-0.001330,-0.002523,-0.003723,-0.007685,-0.007711,-0.001896,0.002489,0.005452,0.003408,0.002338,0.002257,0.000018,-0.000811,-0.000330,-0.000087,-0.000388,-0.000038,-0.000230,-0.000117,-0.000142,-0.000083,-0.000321,-0.000308,-0.000335
-0.001119,-0.001345,-0.001058,-0.001653,-0.003834,-0.002563,-0.001723,-0.004718,-0.005363,-0.003583,-0.003837,-0.003008,-0.005971,-0.006774,-0.003614,-0.004153,-0.006919,-0.010330,-0.018219,-0.018560,-0.019008,-0.014190,-0.009372,-0.001205,0.001778,0.008185,0.017466,0.031490,0.036990,0.023079,0.024416,0.015674,0.014501,0.003838,0.000663,-0.003501,-0.000062,0.000947,-0.000340,-0.005016,-0.001809,0.000482,0.002446,0.003132,0.004232,0.004746,0.003592,0.001220,0.000101,-0.000213,0.000046,-0.000180,0.000008,-0.000153,-0.000099,-0.000112,-0.000077,-0.000315,-0.000218,-0.000204
-0.000816,-0.000876,-0.001479,-0.001933,-0.003695,-0.001154,-0.000798,0.000141,0.000628,-0.000566,-0.002834,-0.002853,-0.004183,-0.005538,-0.000311,0.000820,-0.001955,-0.004463,-0.011922,-0.013109,-0.017218,-0.014878,-0.012209,-0.007436,-0.004804,-0.000784,0.004744,0.015934,0.023079,0.027368,0.030699,0.020256,0.016972,0.007284,0.011999,0.005933,0.001380,0.003201,0.003729,0.000963,0.003010,0.000368,0.003190,0.004303,0.006934,0.006892,0.003253,0.000891,0.000512,-0.000029,-0.000094,-0.000026,0.000016,-0.000016,-0.000022,-0.000031,-0.000057,-0.000140,-0.000109,-0.000066
-0.001009,-0.000558,-0.001673,-0.002813,-0.003376,-0.000755,-0.002008,-0.002583,-0.002093,-0.002091,-0.003375,-0.003474,-0.003525,-0.007005,0.002979,0.003845,-0.003474,-0.009169,-0.022596,-0.025351,-0.033829,-0.022623,-0.015079,-0.009143,-0.003048,0.000846,0.006255,0.018738,0.024416,0.030699,0.048992,0.036463,0.025976,0.010129,0.017111,0.012102,0.003717,0.003045,0.004899,0.005951,0.008004,0.003370,0.005700,0.007524,0.010070,0.008603,0.004887,0.001340,0.000764,-0.000158,-0.000093,0.000004,0.000063,-0.000115,-0.000013,-0.000117,-0.000096,-0.000175,-0.000140,-0.000087
-0.000549,-0.000636,-0.002199,-0.003142,-0.002198,-0.001119,-0.002691,-0.002243,-0.001027,-0.001644,-0.002583,-0.002233,-0.002685,-0.008990,-0.000342,0.000855,-0.009135,-0.012090,-0.020677,-0.021478,-0.026614,-0.018905,-0.013774,-0.008951,-0.004219,-0.000793,0.002796,0.011222,0.015674,0.020256,0.036463,0.040281,0.032798,0.014539,0.023179,0.019055,0.008006,0.007119,0.012050,0.010201,0.010128,0.005894,0.008506,0.011683,0.013300,0.007198,0.003233,0.001723,0.001152,0.000033,0.000117,0.000061,0.000033,-0.000088,0.000022,-0.000068,-0.000070,-0.000079,-0.000020,-0.000034
-0.000215,-0.001235,-0.003419,-0.004935,-0.002405,-0.002460,-0.002730,-0.001390,0.000810,-0.002259,-0.004108,-0.001661,-0.003603,-0.010987,-0.003973,-0.004783,-0.009655,-0.011823,-0.017675,-0.020881,-0.026803,-0.022185,-0.017030,-0.014201,-0.008280,-0.005435,-0.005636,0.004924,0.014501,0.016972,0.025976,0.032798,0.041671,0.023001,0.031402,0.027186,0.011037,0.011427,0.016100,0.013235,0.010144,0.005335,0.008710,0.009434,0.011542,0.005466,0.002182,0.001835,0.001509,0.000190,0.000019,0.000109,0.000022,-0.000088,-0.000004,-0.000003,-0.000023,-0.000058,0.000034,-0.000004
-0.000293,-0.000788,-0.002455,-0.002770,-0.001451,-0.000114,-0.000369,0.001038,0.004270,-0.000424,-0.003115,-0.000569,-0.001468,-0.008540,-0.001490,-0.004559,-0.002128,-0.003081,-0.003264,-0.006316,-0.013798,-0.012114,-0.008249,-0.009675,-0.006971,-0.007643,-0.010616,-0.001257,0.003838,0.007284,0.010129,0.014539,0.023001,0.022650,0.034157,0.029266,0.010176,0.009928,0.011656,0.010453,0.005994,0.000775,0.003596,0.003959,0.004284,0.001310,-0.000479,0.000332,0.000759,0.000049,-0.000067,0.000163,0.000004,0.000001,0.000003,0.000066,0.000031,-0.000004,0.000079,0.000036
0.000423,0.000432,-0.002663,-0.001678,-0.000873,0.000093,0.000016,0.004215,0.009540,0.000981,-0.008157,-0.003956,-0.004544,-0.015155,-0.001202,-0.007810,-0.005631,-0.006753,-0.007270,-0.013466,-0.022707,-0.020817,-0.014495,-0.018481,-0.013255,-0.012213,-0.015681,-0.005121,0.000663,0.011999,0.017111,0.023179,0.031402,0.034157,0.072801,0.065743,0.021394,0.020660,0.024364,0.018741,0.009207,0.004150,0.008917,0.010368,0.013125,0.006701,0.000214,0.000318,0.001467,0.000410,-0.000093,0.000348,-0.000004,0.000076,0.000053,0.000055,0.000017,0.000149,0.000286,0.000272
0.000762,0.001032,-0.001559,-0.001080,0.000145,-0.000419,0.001288,0.005745,0.010287,0.003337,-0.006460,-0.002003,-0.003762,-0.012464,-0.000368,-0.008619,-0.007164,-0.011615,-0.011080,-0.016017,-0.025829,-0.020823,-0.012551,-0.017428,-0.012604,-0.011633,-0.014088,-0.006284,-0.003501,0.005933,0.012102,0.019055,0.027186,0.029266,0.065743,0.076537,0.030866,0.026051,0.027917,0.019683,0.008464,0.004664,0.010556,0.011992,0.013061,0.003298,-0.000148,0.002125,0.002495,0.000364,0.000027,0.000309,-0.000021,0.000097,0.000048,0.000047,0.000015,0.000224,0.000311,0.000239
0.000506,0.000135,-0.000572,-0.000985,0.000206,-0.000968,0.001052,0.003057,0.005382,0.003226,0.000074,0.002495,0.000231,-0.002750,0.001929,-0.005021,-0.005894,-0.007220,-0.006149,-0.006206,-0.010537,-0.009404,-0.006552,-0.008203,-0.006331,-0.005649,-0.005968,-0.001330,-0.000062,0.001380,0.003717,0.008006,0.011037,0.010176,0.021394,0.030866,0.018510,0.016751,0.017485,0.009550,0.003999,0.002836,0.005953,0.007147,0.006515,0.001116,-0.000260,0.001631,0.001542,0.000177,0.000234,0.000094,-0.000030,0.000052,0.000052,0.000025,0.000021,0.000123,0.000106,0.000067
0.000882,0.000313,-0.000218,-0.000862,-0.000090,-0.001910,0.001367,0.003641,0.007172,0.005394,0.003088,0.003466,0.000745,-0.001120,0.002448,-0.005546,-0.006407,-0.004774,-0.003551,-0.007350,-0.009481,-0.013495,-0.010868,-0.013093,-0.011399,-0.009424,-0.009748,-0.002523,0.000947,0.003201,0.003045,0.007119,0.011427,0.009928,0.020660,0.026051,0.016751,0.024424,0.026329,0.013857,0.005195,0.002428,0.005189,0.006982,0.007311,0.003425,0.000831,0.001932,0.001142,0.000233,0.000331,0.000128,-0.000028,0.000084,0.000071,0.000072,0.000031,0.000187,0.000134,0.000184
0.001094,0.000156,-0.000813,-0.000557,0.000434,-0.000926,0.000791,0.004486,0.006915,0.005462,0.003751,0.002573,0.003375,-0.001085,0.000280,-0.010782,-0.013350,-0.008793,-0.004712,-0.008589,-0.010882,-0.017572,-0.015485,-0.021531,-0.017152,-0.011754,-0.011571,-0.003723,-0.000340,0.003729,0.004899,0.012050,0.016100,0.011656,0.024364,0.027917,0.017485,0.026329,0.041244,0.023277,0.006831,0.003475,0.008452,0.009514,0.012543,0.006111,0.002035,0.002562,0.001573,0.000550,0.000345,0.000072,-0.000002,0.000053,0.000103,0.000050,0.000007,0.000218,0.000176,0.000213
0.000669,0.000306,-0.000894,-0.000746,0.000089,-0.000008,0.000447,0.002443,0.003062,0.001710,0.002667,0.000575,0.002750,-0.000812,0.001297,-0.005593,-0.008527,-0.006258,-0.004702,-0.007402,-0.011549,-0.012089,-0.009085,-0.013302,-0.011502,-0.010153,-0.011941,-0.007685,-0.005016,0.000963,0.005951,0.010201,0.013235,0.010453,0.018741,0.019683,0.009550,0.013857,0.023277,0.020479,0.007415,0.003437,0.005558,0.006785,0.008642,0.004158,0.002125,0.002132,0.001370,0.000393,0.000262,0.000099,-0.000008,0.000006,0.000092,0.000044,0.000010,0.000116,0.000134,0.000176
0.000302,0.000159,-0.000726,-0.000748,-0.000070,0.001010,0.001380,0.001436,0.001166,-0.000180,0.000642,0.001634,0.003187,0.003951,0.005640,0.004698,0.002321,0.001090,-0.000318,-0.004832,-0.008059,-0.005890,-0.004449,-0.009129,-0.010921,-0.010454,-0.010905,-0.007711,-0.001809,0.003010,0.008004,0.010128,0.010144,0.005994,0.009207,0.008464,0.003999,0.005195,0.006831,0.007415,0.010779,0.005386,0.002903,0.000499,0.003163,0.003334,0.001833,0.001628,0.001242,0.000296,0.000269,0.000208,0.000021,0.000030,0.000101,0.000032,0.000035,0.000127,0.000094,0.000146
0.000653,0.000681,0.000200,0.000557,0.000367,-0.000270,-0.000060,0.000857,-0.000279,-0.001013,-0.000535,0.001421,0.000812,-0.000058,-0.000312,-0.001182,-0.003629,-0.003617,-0.002161,-0.003817,-0.000890,0.001417,0.001220,-0.002632,-0.005950,-0.004763,-0.003837,-0.001896,0.000482,0.000368,0.003370,0.005894,0.005335,0.000775,0.004150,0.004664,0.002836,0.002428,0.003475,0.003437,0.005386,0.008574,0.004925,0.003028,0.005847,0.004320,0.001895,0.000992,0.001138,0.000304,0.000305,0.000158,0.000016,0.000004,0.000044,-0.000006,0.000013,0.000134,0.000047,0.000125
0.000317,0.000077,-0.001056,-0.000948,-0.000084,-0.000060,0.000083,-0.000046,0.001077,0.001431,0.000840,0.000711,-0.000143,-0.002984,-0.002625,-0.004122,-0.007426,-0.007683,-0.007709,-0.006342,-0.005950,-0.005168,-0.003522,-0.001763,-0.001414,0.000035,0.001783,0.002489,0.002446,0.003190,0.005700,0.008506,0.008710,0.003596,0.008917,0.010556,0.005953,0.005189,0.008452,0.005558,0.002903,0.004925,0.010112,0.008564,0.007928,0.003870,0.000848,0.001491,0.001139,0.000278,0.000306,0.000049,-0.000009,-0.000048,-0.000003,-0.000038,-0.000012,0.000064,0.000007,0.000070
0.000190,-0.000162,-0.000867,-0.000457,-0.000284,-0.000956,-0.000403,0.000707,0.002491,0.002533,0.002422,0.000496,-0.000373,-0.004682,-0.003822,-0.003948,-0.010423,-0.009143,-0.010949,-0.007363,-0.006242,-0.005457,-0.005457,-0.001843,-0.000897,0.001104,0.004133,0.005452,0.003132,0.004303,0.007524,0.011683,0.009434,0.003959,0.010368,0.011992,0.007147,0.006982,0.009514,0.006785,0.000499,0.003028,0.008564,0.015805,0.011463,0.004260,0.001400,0.002089,0.000872,0.000042,0.000318,0.000015,-0.000024,-0.000030,0.000028,-0.000005,-0.000028,0.000027,0.000035,0.000025
0.000737,0.000826,-0.000152,0.000588,-0.000282,-0.000406,-0.000515,0.002032,0.002621,0.002975,0.001651,0.000464,0.000601,-0.004140,-0.003750,-0.004035,-0.009222,-0.008854,-0.009949,-0.006901,-0.003979,-0.005136,-0.006733,-0.006213,-0.006477,-0.003524,-0.000100,0.003408,0.004232,0.006934,0.010070,0.013300,0.011542,0.004284,0.013125,0.013061,0.006515,0.007311,0.012543,0.008642,0.003163,0.005847,0.007928,0.011463,0.014882,0.008307,0.002784,0.002260,0.001481,0.000345,0.000406,0.000121,0.000015,0.000040,-0.000001,0.000008,-0.000018,0.000044,0.000088,0.000110
0.000598,0.000601,0.000015,0.000086,-0.000631,-0.000035,0.000059,0.001263,0.000658,0.000886,0.000724,-0.000170,-0.000154,-0.000161,-0.000168,-0.001090,-0.003141,-0.003662,-0.006533,-0.007438,-0.005712,-0.005532,-0.004646,-0.004116,-0.004874,-0.003845,-0.001604,0.002338,0.004746,0.006892,0.008603,0.007198,0.005466,0.001310,0.006701,0.003298,0.001116,0.003425,0.006111,0.004158,0.003334,0.004320,0.003870,0.004260,0.008307,0.008681,0.003697,0.001509,0.001121,0.000392,0.000227,0.000119,0.000023,0.000029,0.000015,-0.000021,-0.000015,0.000029,0.000064,0.000117
0.000142,-0.000009,0.000138,-0.000045,-0.000668,-0.000439,-0.000183,-0.000292,-0.001395,-0.001024,-0.000455,-0.001247,-0.001356,0.000470,0.000600,-0.000055,-0.001934,-0.002241,-0.004827,-0.006117,-0.005860,-0.003892,-0.002683,-0.002457,-0.002679,-0.001846,0.000206,0.002257,0.003592,0.003253,0.004887,0.003233,0.002182,-0.000479,0.000214,-0.000148,-0.000260,0.000831,0.002035,0.002125,0.001833,0.001895,0.000848,0.001400,0.002784,0.003697,0.003320,0.001593,0.000619,0.000198,0.000122,0.000018,0.000012,0.000008,0.000020,-0.000018,-0.000010,-0.000009,0.000016,0.000018
0.000175,0.000100,0.000099,0.000293,0.000084,0.000076,0.000701,0.000467,0.000123,0.000596,0.000753,-0.000134,-0.000126,0.000983,0.000726,0.000087,-0.001410,-0.002031,-0.003171,-0.002944,-0.003320,-0.002627,-0.002342,-0.002602,-0.003070,-0.002361,-0.001451,0.000018,0.001220,0.000891,0.001340,0.001723,0.001835,0.000332,0.000318,0.002125,0.001631,0.001932,0.002562,0.002132,0.001628,0.000992,0.001491,0.002089,0.002260,0.001509,0.001593,0.001894,0.000671,0.000111,0.000181,0.000020,0.000006,0.000024,0.000003,0.000014,0.000012,0.000015,0.000032,0.000015
0.000139,0.000093,-0.000015,-0.000096,-0.000059,0.000043,0.000236,0.000573,0.000224,0.000390,0.000332,0.000342,0.000131,0.000397,0.000322,-0.000208,-0.000648,-0.001367,-0.001436,-0.001235,-0.001338,-0.000753,-0.000563,-0.001012,-0.001641,-0.001762,-0.001608,-0.000811,0.000101,0.000512,0.000764,0.001152,0.001509,0.000759,0.001467,0.002495,0.001542,0.001142,0.001573,0.001370,0.001242,0.001138,0.001139,0.000872,0.001481,0.001121,0.000619,0.000671,0.000524,0.000114,0.000078,0.000032,0.000001,0.000015,0.000011,0.000005,0.000004,0.000018,0.000016,0.000009
0.000051,0.000011,-0.000041,-0.000073,-0.000039,-0.000017,0.000011,0.000112,0.000021,0.000105,0.000015,-0.000010,-0.000035,0.000148,0.000052,-0.000121,-0.000249,-0.000269,-0.000206,-0.000144,0.000036,-0.000102,-0.000163,-0.000313,-0.000385,-0.000302,-0.000226,-0.000330,-0.000213,-0.000029,-0.000158,0.000033,0.000190,0.000049,0.000410,0.000364,0.000177,0.000233,0.000550,0.000393,0.000296,0.000304,0.000278,0.000042,0.000345,0.000392,0.000198,0.000111,0.000114,0.000071,0.000009,0.000001,-0.000000,0.000001,0.000004,-0.000001,0.000001,0.000006,-0.000000,0.000003
0.000038,0.000055,0.000075,0.000114,0.000046,0.000061,0.000112,0.000059,0.000067,0.000096,0.000193,0.000167,0.000173,0.000219,0.000106,-0.000007,-0.000198,-0.000152,-0.000116,-0.000000,0.000143,0.000017,-0.000057,-0.000020,-0.000329,-0.000325,-0.000220,-0.000087,0.000046,-0.000094,-0.000093,0.000117,0.000019,-0.000067,-0.000093,0.000027,0.000234,0.000331,0.000345,0.000262,0.000269,0.000305,0.000306,0.000318,0.000406,0.000227,0.000122,0.000181,0.000078,0.000009,0.000098,0.000012,0.000001,0.000010,0.000004,0.000004,-0.000000,0.000011,0.000010,0.000014
0.000038,0.000064,0.000045,0.000085,0.000049,0.000066,0.000061,0.000119,0.000117,0.000033,0.000040,0.000102,0.000118,0.000076,0.000102,0.000101,0.000142,0.000107,0.000178,0.000025,-0.000046,-0.000021,0.000026,-0.000159,-0.000361,-0.000497,-0.000590,-0.000388,-0.000180,-0.000026,0.000004,0.000061,0.000109,0.000163,0.000348,0.000309,0.000094,0.000128,0.000072,0.000099,0.000208,0.000158,0.000049,0.000015,0.000121,0.000119,0.000018,0.000020,0.000032,0.000001,0.000012,0.000025,0.000003,0.000005,0.000002,0.000003,0.000000,0.000007,0.000009,0.000010
0.000002,0.000015,0.000013,0.000025,0.000022,0.000019,-0.000006,0.000003,-0.000005,0.000009,0.000009,0.000011,0.000030,0.000006,0.000012,0.000023,0.000040,0.000015,0.000009,-0.000030,-0.000057,-0.000024,-0.000026,-0.000088,-0.000086,-0.000079,-0.000099,-0.000038,0.000008,0.000016,0.000063,0.000033,0.000022,0.000004,-0.000004,-0.000021,-0.000030,-0.000028,-0.000002,-0.000008,0.000021,0.000016,-0.000009,-0.000024,0.000015,0.000023,0.000012,0.000006,0.000001,-0.000000,0.000001,0.000003,0.000005,-0.000001,-0.000001,-0.000000,0.000000,0.000000,-0.000001,0.000001
0.000020,0.000019,0.000041,0.000047,0.000013,0.000022,0.000042,0.000114,0.000110,0.000076,0.000023,0.000032,0.000013,0.000053,0.000040,0.000037,0.000069,0.000087,0.000192,0.000244,0.000306,0.000157,0.000067,-0.000016,-0.000112,-0.000184,-0.000260,-0.000230,-0.000153,-0.000016,-0.000115,-0.000088,-0.000088,0.000001,0.000076,0.000097,0.000052,0.000084,0.000053,0.000006,0.000030,0.000004,-0.000048,-0.000030,0.000040,0.000029,0.000008,0.000024,0.000015,0.000001,0.000010,0.000005,-0.000001,0.000011,0.000002,0.000004,0.000001,0.000004,0.000006,0.000003
0.000006,0.000000,0.000004,0.000001,-0.000001,-0.000002,0.000020,0.000048,0.000011,-0.000006,0.000008,0.000035,0.000025,0.000097,0.000080,0.000046,-0.000040,-0.000004,0.000001,-0.000036,-0.000087,-0.000058,-0.000023,-0.000094,-0.000116,-0.000158,-0.000129,-0.000117,-0.000099,-0.000022,-0.000013,0.000022,-0.000004,0.000003,0.000053,0.000048,0.000052,0.000071,0.000103,0.000092,0.000101,0.000044,-0.000003,0.000028,-0.000001,0.000015,0.000020,0.000003,0.000011,0.000004,0.000004,0.000002,-0.000001,0.000002,0.000012,0.000000,0.000000,0.000004,0.000006,0.000003
0.000007,0.000002,0.000014,0.000020,0.000007,0.000016,0.000026,0.000081,0.000107,0.000069,0.000063,0.000074,0.000050,0.000012,-0.000013,0.000023,0.000049,0.000079,0.000182,0.000198,0.000229,0.000095,-0.000010,-0.000132,-0.000165,-0.000179,-0.000215,-0.000142,-0.000112,-0.000031,-0.000117,-0.000068,-0.000003,0.000066,0.000055,0.000047,0.000025,0.000072,0.000050,0.000044,0.000032,-0.000006,-0.000038,-0.000005,0.000008,-0.000021,-0.000018,0.000014,0.000005,-0.000001,0.000004,0.000003,-0.000000,0.000004,0.000000,0.000006,0.000002,0.000002,0.000003,0.000002
0.000005,-0.000001,0.000008,0.000014,0.000018,0.000021,0.000032,0.000044,0.000045,0.000046,0.000050,0.000061,0.000042,0.000037,0.000021,0.000027,0.000031,0.000040,0.000099,0.000109,0.000111,0.000065,0.000015,-0.000066,-0.000086,-0.000132,-0.000146,-0.000083,-0.000077,-0.000057,-0.000096,-0.000070,-0.000023,0.000031,0.000017,0.000015,0.000021,0.000031,0.000007,0.000010,0.000035,0.000013,-0.000012,-0.000028,-0.000018,-0.000015,-0.000010,0.000012,0.000004,0.000001,-0.000000,0.000000,0.000000,0.000001,0.000000,0.000002,0.000007,0.000002,0.000001,0.000001
0.000030,0.000026,0.000030,0.000038,0.000055,0.000034,0.000053,0.000113,0.000124,0.000075,0.000050,0.000075,0.000069,0.000114,0.000049,-0.000011,-0.000003,0.000076,0.000247,0.000171,0.000245,0.000133,0.000086,-0.000081,-0.000154,-0.000179,-0.000291,-0.000321,-0.000315,-0.000140,-0.000175,-0.000079,-0.000058,-0.000004,0.000149,0.000224,0.000123,0.000187,0.000218,0.000116,0.000127,0.000134,0.000064,0.000027,0.000044,0.000029,-0.000009,0.000015,0.000018,0.000006,0.000011,0.000007,0.000000,0.000004,0.000004,0.000002,0.000002,0.000023,0.000008,0.000006
0.000026,0.000036,0.000038,0.000074,0.000060,0.000025,0.000047,0.000103,0.000079,-0.000009,-0.000023,-0.000005,0.000025,0.000020,0.000024,-0.000013,-0.000027,0.000007,0.000040,-0.000031,-0.000080,-0.000132,-0.000087,-0.000185,-0.000233,-0.000321,-0.000353,-0.000308,-0.000218,-0.000109,-0.000140,-0.000020,0.000034,0.000079,0.000286,0.000311,0.000106,0.000134,0.000176,0.000134,0.000094,0.000047,0.000007,0.000035,0.000088,0.000064,0.000016,0.000032,0.000016,-0.000000,0.000010,0.000009,-0.000001,0.000006,0.000006,0.000003,0.000001,0.000008,0.000022,0.000014
0.000032,0.000054,0.000041,0.000088,0.000074,0.000029,0.000059,0.000096,0.000082,0.000001,0.000014,0.000010,0.000077,0.000050,0.000064,0.000006,0.000009,0.000061,0.000124,-0.000033,-0.000046,-0.000093,-0.000042,-0.000174,-0.000284,-0.000384,-0.000413,-0.000335,-0.000204,-0.000066,-0.000087,-0.000034,-0.000004,0.000036,0.000272,0.000239,0.000067,0.000184,0.000213,0.000176,0.000146,0.000125,0.000070,0.000025,0.000110,0.000117,0.000018,0.000015,0.000009,0.000003,0.000014,0.000010,0.000001,0.000003,0.000003,0.000002,0.000001,0.000006,0.000014,0.000028
