0.018899,0.009762,0.005295,0.004828,0.006921,0.000422,0.003469,0.008235,0.005177,0.004002,0.003365,0.005350,0.002902,0.005312,0.003956,-0.001077,-0.005953,-0.004720,-0.000808,0.000182,0.003504,0.000075,-0.000962,-0.004993,-0.007180,-0.010732,-0.012650,-0.010204,-0.008246,-0.006201,-0.006727,-0.003232,0.000098,-0.002383,0.001796,0.003712,0.008227,0.008775,0.008654,0.006292,0.003450,0.006200,0.004611,0.002442,0.007841,0.006567,0.002376,0.003702,0.004773,0.005070,0.003636,0.006700,0.000072,0.004978,0.002555,-0.000000,0.001319,0.005959,0.006273,0.005773
0.009762,0.013750,0.007833,0.007700,0.006822,0.003971,0.003653,0.003848,0.003575,0.003784,0.002118,0.001880,0.001765,0.002488,0.002141,-0.000416,-0.001643,-0.003253,-0.001006,-0.001367,-0.001195,0.000357,0.002315,-0.000747,-0.003348,-0.004868,-0.005233,-0.005116,-0.005393,-0.004372,-0.002470,-0.001801,-0.004488,-0.001633,0.003805,0.005479,0.005862,0.002866,0.001666,0.002203,0.001026,0.003361,0.001715,-0.000186,0.004859,0.003360,-0.000032,0.001342,0.001502,0.000178,0.002955,0.006106,0.001625,0.001992,0.001506,-0.000632,0.000254,0.003552,0.005939,0.006128
0.005295,0.007833,0.011119,0.009412,0.007074,0.002019,-0.000260,0.001168,-0.000400,0.000866,0.000723,-0.000248,-0.001435,-0.000278,-0.000414,-0.000619,0.000393,-0.000619,0.001374,0.002263,0.002736,0.003602,0.003305,0.001035,-0.000540,-0.003439,-0.003467,-0.002155,-0.003551,-0.003171,-0.001725,-0.003089,-0.006617,-0.006224,-0.002603,-0.000278,0.004107,-0.000095,-0.002366,-0.001919,-0.002407,0.000809,-0.002881,-0.002551,0.001311,0.000087,0.000745,0.000855,-0.000535,-0.002375,0.001623,0.002446,0.001463,0.004286,-0.000450,0.000860,0.000025,0.001154,0.003574,0.002550
0.004828,0.007700,0.009412,0.012264,0.009208,0.004710,0.003706,0.003124,0.001159,0.001163,0.000362,-0.000787,0.000407,-0.000003,-0.000445,-0.000766,0.001290,0.001633,0.004797,0.005704,0.005292,0.004923,0.003652,-0.001115,-0.003733,-0.004469,-0.003536,-0.002171,-0.003779,-0.004343,-0.005220,-0.007388,-0.010418,-0.007330,-0.003324,-0.002121,0.000718,-0.002952,-0.004231,-0.004286,-0.004006,0.000380,-0.003215,-0.002526,-0.000752,-0.000981,-0.000724,0.000325,-0.002122,-0.003884,0.001388,0.002402,0.001155,0.002812,-0.000416,-0.000208,0.000041,0.001461,0.003684,0.003614
0.006921,0.006822,0.007074,0.009208,0.014006,0.006204,0.004613,0.004225,0.001281,0.001605,0.002235,0.001702,0.002894,0.001803,0.001398,-0.001392,0.000528,0.000779,0.005013,0.004060,0.002459,0.003553,0.002367,-0.002554,-0.002200,-0.005162,-0.009060,-0.009546,-0.010893,-0.010446,-0.008200,-0.005286,-0.005105,-0.003887,-0.001387,0.000832,0.004526,0.000377,0.001648,0.000852,-0.000394,0.001845,-0.000653,-0.001672,-0.002183,-0.002717,-0.001390,0.000162,-0.001844,-0.002611,0.001681,0.003006,0.001304,0.000465,0.000155,-0.000556,0.001674,0.003883,0.005929,0.004550
0.000422,0.003971,0.002019,0.004710,0.006204,0.016206,0.011221,0.005950,0.003559,0.004921,0.004750,0.003330,0.007103,0.007405,0.004738,0.004194,0.005482,0.002346,0.007412,0.007601,0.006845,0.006488,0.006214,0.002353,-0.000004,-0.004281,-0.006351,-0.005218,-0.007087,-0.004433,-0.002240,-0.003239,-0.007594,0.001297,-0.000447,-0.000588,-0.003117,-0.004129,-0.002339,0.000562,0.002629,-0.001060,-0.000642,-0.003186,-0.002890,-0.001204,-0.001378,0.001789,0.000931,-0.001988,0.001794,0.004528,0.001010,0.000666,-0.000856,0.001702,0.003709,0.001749,0.003188,0.001662
0.003469,0.003653,-0.000260,0.003706,0.004613,0.011221,0.019176,0.010308,0.007501,0.006401,0.004702,0.004195,0.005340,0.010708,0.007359,0.004513,0.003974,0.002307,0.005300,0.004025,0.003161,0.002234,0.001790,-0.000810,-0.004693,-0.007454,-0.008175,-0.006046,-0.003630,-0.002648,-0.005126,-0.006428,-0.007402,0.002908,0.000375,0.003440,0.003024,0.003652,0.002359,0.001426,0.004110,-0.000433,0.000024,-0.000790,-0.002917,0.000147,0.000013,0.006883,0.003991,-0.001457,0.003308,0.004384,-0.000728,0.003211,0.002329,0.002199,0.003773,0.002853,0.004812,0.004037
0.008235,0.003848,0.001168,0.003124,0.004225,0.005950,0.010308,0.021269,0.014403,0.009639,0.006117,0.007586,0.006354,0.005964,0.004252,0.000520,-0.001293,0.000968,0.008706,0.010614,0.009062,0.001943,-0.000709,-0.009271,-0.012699,-0.015607,-0.018269,-0.013386,-0.012407,-0.001840,-0.006379,-0.004121,-0.002961,0.007915,0.008897,0.010890,0.009711,0.007710,0.011858,0.008169,0.001659,0.000810,0.000223,0.003277,0.002550,0.001976,-0.000730,0.004444,0.004872,0.000632,0.002117,0.005845,-0.000361,0.007295,0.003781,0.005067,0.004321,0.006093,0.006340,0.002170
0.005177,0.003575,-0.000400,0.001159,0.001281,0.003559,0.007501,0.014403,0.016082,0.011060,0.005660,0.007776,0.004569,0.001171,0.001945,0.001018,-0.000813,0.000662,0.005903,0.007533,0.006997,-0.002405,-0.005138,-0.009745,-0.010122,-0.008059,-0.008543,-0.006523,-0.007230,0.000727,-0.003428,-0.002053,0.000547,0.008172,0.013139,0.014648,0.009793,0.010004,0.010148,0.005217,0.000815,-0.000956,0.002593,0.005358,0.004600,0.001943,-0.002603,0.002908,0.002311,-0.000244,0.001618,0.004787,-0.000358,0.006824,0.000535,0.004896,0.003188,0.004839,0.004394,0.002864
0.004002,0.003784,0.000866,0.001163,0.001605,0.004921,0.006401,0.009639,0.011060,0.014928,0.011191,0.008551,0.006276,0.004750,0.002663,0.003066,0.000101,-0.001214,0.003282,0.007979,0.010032,0.002086,-0.001070,-0.002785,-0.003854,-0.003508,-0.003585,-0.003460,-0.005839,-0.001446,-0.003699,-0.003067,-0.003419,0.002351,0.000340,0.003936,0.004902,0.007947,0.007750,0.002381,-0.000133,-0.003020,0.002085,0.003632,0.005061,0.000574,-0.001884,0.003321,0.001488,-0.000121,0.002244,0.003415,0.001066,0.004680,-0.000254,0.003690,0.005838,0.003351,0.000285,-0.000199
0.003365,0.002118,0.000723,0.000362,0.002235,0.004750,0.004702,0.006117,0.005660,0.011191,0.015133,0.010925,0.009822,0.007205,0.003133,0.004596,0.001830,0.000440,0.005546,0.009454,0.011926,0.006021,0.001215,-0.000951,-0.001973,-0.003959,-0.004037,-0.003080,-0.005626,-0.005181,-0.005837,-0.005058,-0.006826,-0.003191,-0.012791,-0.010076,-0.003252,0.005280,0.003860,0.002000,0.000602,-0.002277,0.000547,0.003334,0.002783,-0.001047,-0.002600,0.001646,-0.000360,-0.001669,0.001965,0.003073,0.000732,0.001128,-0.000029,0.002972,0.004984,0.000216,-0.001107,0.000416
0.005350,0.001880,-0.000248,-0.000787,0.001702,0.003330,0.004195,0.007586,0.007776,0.008551,0.010925,0.014412,0.010765,0.006082,0.003376,0.003657,0.000807,0.000466,0.004212,0.005113,0.006304,0.000397,-0.004154,-0.008417,-0.007456,-0.009193,-0.008393,-0.004474,-0.006055,-0.004767,-0.003291,-0.001297,-0.002605,0.001067,-0.003078,-0.000613,0.003444,0.010645,0.008721,0.005090,0.003968,0.001232,0.002203,0.004592,0.004984,0.001561,-0.001525,0.000848,0.001783,0.000338,0.003496,0.005625,0.000087,0.003951,0.003380,0.003164,0.003770,0.001834,0.004461,0.003550
0.002902,0.001765,-0.001435,0.000407,0.002894,0.007103,0.005340,0.006354,0.004569,0.006276,0.009822,0.010765,0.017899,0.010811,0.008013,0.008208,0.009272,0.008079,0.012773,0.010455,0.008841,0.005984,0.000771,-0.008315,-0.008890,-0.009446,-0.010827,-0.009401,-0.009143,-0.007611,-0.005333,-0.004509,-0.005159,0.001415,-0.006099,-0.005065,-0.006220,0.003056,0.005041,0.005007,0.005381,0.000142,0.000338,-0.000473,-0.000558,-0.001919,-0.002964,0.000013,0.000502,-0.000827,0.002609,0.005611,0.000763,0.000103,0.002719,0.000647,0.004726,0.002024,0.002678,0.003605
0.005312,0.002488,-0.000278,-0.000003,0.001803,0.007405,0.010708,0.005964,0.001171,0.004750,0.007205,0.006082,0.010811,0.019772,0.013004,0.010779,0.009161,0.007757,0.008632,0.005527,0.005314,0.005397,0.003097,-0.001948,-0.005577,-0.008370,-0.009998,-0.011284,-0.007590,-0.007164,-0.007881,-0.008989,-0.011593,-0.005182,-0.016708,-0.014309,-0.010196,0.000375,0.000858,0.001502,0.005930,-0.000414,-0.003047,-0.006699,-0.006034,-0.000773,0.002431,0.005981,0.004102,0.003005,0.003450,0.004585,-0.000153,0.002388,0.004369,0.000070,0.002315,0.003971,0.002333,0.000686
0.003956,0.002141,-0.000414,-0.000445,0.001398,0.004738,0.007359,0.004252,0.001945,0.002663,0.003133,0.003376,0.008013,0.013004,0.014460,0.010822,0.007743,0.005070,0.003848,0.000821,-0.004153,-0.000519,-0.000986,-0.005513,-0.007526,-0.007676,-0.010060,-0.010535,-0.006146,-0.002954,0.001121,0.001162,-0.002884,0.001676,-0.002539,-0.000694,-0.003431,0.001545,0.001946,0.003822,0.008195,0.001723,0.001088,-0.002141,-0.002543,0.000417,0.001743,0.006533,0.005502,0.003533,0.002951,0.004703,0.000196,0.000660,0.002586,-0.001070,0.003076,0.002773,0.000569,0.001076
-0.001077,-0.000416,-0.000619,-0.000766,-0.001392,0.004194,0.004513,0.000520,0.001018,0.003066,0.004596,0.003657,0.008208,0.010779,0.010822,0.017944,0.014243,0.009987,0.004737,0.002794,0.000625,0.001707,-0.002081,-0.004484,-0.006389,-0.006231,-0.004528,-0.006560,-0.003657,0.000642,0.004753,0.004135,-0.001636,-0.001358,-0.008140,-0.008709,-0.012440,-0.002380,-0.008385,-0.002494,0.007213,-0.001783,-0.002855,-0.002329,-0.003203,-0.000477,0.000380,0.004810,0.001781,-0.000016,0.002827,0.003656,0.000074,0.000958,0.001770,0.001164,0.003665,0.001335,0.000641,0.000437
-0.005953,-0.001643,0.000393,0.001290,0.000528,0.005482,0.003974,-0.001293,-0.000813,0.000101,0.001830,0.000807,0.009272,0.009161,0.007743,0.014243,0.028346,0.023075,0.020741,0.012050,0.008817,0.010648,0.007218,0.001156,-0.001611,-0.006456,-0.011045,-0.012591,-0.007092,-0.003142,-0.003856,-0.010523,-0.010715,-0.000276,-0.006940,-0.009192,-0.016859,-0.007470,-0.016059,-0.009312,0.001722,-0.006479,-0.011753,-0.014710,-0.015285,-0.006518,-0.004208,-0.004720,-0.005382,-0.003897,-0.002318,0.002289,0.000478,0.000313,-0.000749,0.000143,-0.000924,0.000455,0.000822,0.001620
-0.004720,-0.003253,-0.000619,0.001633,0.000779,0.002346,0.002307,0.000968,0.000662,-0.001214,0.000440,0.000466,0.008079,0.007757,0.005070,0.009987,0.023075,0.025777,0.025301,0.016718,0.013376,0.009577,0.004137,-0.002279,-0.004159,-0.006898,-0.010981,-0.013608,-0.010084,-0.004997,-0.010608,-0.015734,-0.012615,-0.001699,-0.008279,-0.014494,-0.019203,-0.007653,-0.011470,-0.007782,-0.001708,-0.007089,-0.012305,-0.014004,-0.017238,-0.007368,-0.004403,-0.007195,-0.009139,-0.004724,-0.002381,0.001462,0.000206,0.001605,-0.000165,0.000325,-0.003371,0.001859,0.000218,0.001549
-0.000808,-0.001006,0.001374,0.004797,0.005013,0.007412,0.005300,0.008706,0.005903,0.003282,0.005546,0.004212,0.012773,0.008632,0.003848,0.004737,0.020741,0.025301,0.044260,0.037702,0.040284,0.027594,0.017343,0.001472,-0.004126,-0.008300,-0.017558,-0.022201,-0.021565,-0.016023,-0.027915,-0.027069,-0.020842,-0.000717,-0.009210,-0.014204,-0.018557,-0.007232,-0.007244,-0.005453,-0.002975,-0.004854,-0.011935,-0.016815,-0.020241,-0.012126,-0.010132,-0.011413,-0.009813,-0.004784,-0.001913,0.002803,-0.000234,0.005700,0.000129,0.003700,0.000205,0.005738,0.002329,0.004786
0.000182,-0.001367,0.002263,0.005704,0.004060,0.007601,0.004025,0.010614,0.007533,0.007979,0.009454,0.005113,0.010455,0.005527,0.000821,0.002794,0.012050,0.016718,0.037702,0.047190,0.053713,0.031555,0.018334,0.008623,0.001976,-0.001920,-0.008376,-0.015505,-0.021286,-0.016047,-0.029943,-0.026176,-0.023816,-0.004527,-0.015462,-0.018382,-0.018350,-0.010898,-0.009674,-0.008112,-0.007732,-0.006963,-0.009789,-0.010615,-0.014356,-0.012135,-0.012467,-0.010061,-0.008243,-0.003725,-0.000626,-0.000063,-0.000714,0.007745,-0.002848,0.006902,0.003189,0.003248,-0.002385,-0.001001
0.003504,-0.001195,0.002736,0.005292,0.002459,0.006845,0.003161,0.009062,0.006997,0.010032,0.011926,0.006304,0.008841,0.005314,-0.004153,0.000625,0.008817,0.013376,0.040284,0.053713,0.077759,0.049210,0.028988,0.019815,0.009552,0.005081,-0.000483,-0.012564,-0.021270,-0.019924,-0.038861,-0.031449,-0.029665,-0.014271,-0.024479,-0.027442,-0.022807,-0.010819,-0.012091,-0.012624,-0.010511,-0.003148,-0.008731,-0.008475,-0.009240,-0.008111,-0.011093,-0.009918,-0.007589,-0.000854,0.001499,-0.003251,-0.001151,0.011623,-0.006500,0.009325,0.006241,0.004692,-0.005446,-0.001114
0.000075,0.000357,0.003602,0.004923,0.003553,0.006488,0.002234,0.001943,-0.002405,0.002086,0.006021,0.000397,0.005984,0.005397,-0.000519,0.001707,0.010648,0.009577,0.027594,0.031555,0.049210,0.046169,0.034400,0.025993,0.014241,0.007328,0.000878,-0.009962,-0.015392,-0.017477,-0.025826,-0.021864,-0.024403,-0.013201,-0.023591,-0.022656,-0.018477,-0.014045,-0.017415,-0.011971,-0.005914,0.001408,-0.007684,-0.007429,-0.010410,-0.006703,-0.006341,-0.006869,-0.004878,-0.001123,0.000320,-0.002716,0.000071,0.003193,-0.004701,0.003977,0.005938,0.002523,-0.006587,-0.000110
-0.000962,0.002315,0.003305,0.003652,0.002367,0.006214,0.001790,-0.000709,-0.005138,-0.001070,0.001215,-0.004154,0.000771,0.003097,-0.000986,-0.002081,0.007218,0.004137,0.017343,0.018334,0.028988,0.034400,0.037041,0.034540,0.021654,0.011948,0.004083,-0.004136,-0.009663,-0.014145,-0.018117,-0.016301,-0.020423,-0.008569,-0.017431,-0.015305,-0.011942,-0.014929,-0.018816,-0.012216,-0.006503,0.000539,-0.006142,-0.007948,-0.011155,-0.007116,-0.006758,-0.007981,-0.003761,-0.003634,-0.000995,-0.000382,-0.000238,0.000287,-0.002778,0.000068,0.002106,0.001858,-0.003635,-0.000970
-0.004993,-0.000747,0.001035,-0.001115,-0.002554,0.002353,-0.000810,-0.009271,-0.009745,-0.002785,-0.000951,-0.008417,-0.008315,-0.001948,-0.005513,-0.004484,0.001156,-0.002279,0.001472,0.008623,0.019815,0.025993,0.034540,0.050429,0.037990,0.025408,0.019189,0.007105,-0.000590,-0.006785,-0.010262,-0.008985,-0.015359,-0.010307,-0.019235,-0.017924,-0.010220,-0.016912,-0.023523,-0.016380,-0.010193,-0.003752,-0.003458,-0.002506,-0.006735,-0.004234,-0.005459,-0.007725,-0.003830,-0.004495,-0.000254,-0.003614,-0.001619,-0.000375,-0.005343,-0.000487,-0.001424,-0.002021,-0.006130,-0.004162
-0.007180,-0.003348,-0.000540,-0.003733,-0.002200,-0.000004,-0.004693,-0.012699,-0.010122,-0.003854,-0.001973,-0.007456,-0.008890,-0.005577,-0.007526,-0.006389,-0.001611,-0.004159,-0.004126,0.001976,0.009552,0.014241,0.021654,0.037990,0.037789,0.030647,0.023651,0.011325,0.001250,-0.004631,-0.003626,-0.004061,-0.008822,-0.009882,-0.013711,-0.012709,-0.006742,-0.013164,-0.017906,-0.012773,-0.010143,-0.006347,-0.002417,-0.001328,-0.006671,-0.005628,-0.005078,-0.008841,-0.006096,-0.004068,-0.003316,-0.007034,-0.001451,-0.002709,-0.005709,-0.001407,-0.003318,-0.003198,-0.007159,-0.006547
-0.010732,-0.004868,-0.003439,-0.004469,-0.005162,-0.004281,-0.007454,-0.015607,-0.008059,-0.003508,-0.003959,-0.009193,-0.009446,-0.008370,-0.007676,-0.006231,-0.006456,-0.006898,-0.008300,-0.001920,0.005081,0.007328,0.011948,0.025408,0.030647,0.040535,0.038672,0.021525,0.008848,0.000128,0.001819,0.000046,-0.005488,-0.013085,-0.012860,-0.011796,-0.008823,-0.011673,-0.012964,-0.011468,-0.010214,-0.005129,0.000162,0.001809,-0.003502,-0.004442,-0.004391,-0.006490,-0.006880,-0.002745,-0.003648,-0.011742,-0.001520,-0.005312,-0.007502,-0.003159,-0.005648,-0.004577,-0.013240,-0.009881
-0.012650,-0.005233,-0.003467,-0.003536,-0.009060,-0.006351,-0.008175,-0.018269,-0.008543,-0.003585,-0.004037,-0.008393,-0.010827,-0.009998,-0.010060,-0.004528,-0.011045,-0.010981,-0.017558,-0.008376,-0.000483,0.000878,0.004083,0.019189,0.023651,0.038672,0.050171,0.034687,0.018373,0.005874,0.006570,0.002848,-0.005946,-0.017207,-0.016268,-0.014337,-0.008719,-0.009723,-0.011953,-0.013020,-0.009424,-0.003365,0.002597,0.005509,0.001406,-0.000411,-0.001263,-0.003338,-0.006127,-0.001326,-0.002133,-0.013195,-0.001843,-0.006802,-0.005956,-0.003283,-0.003540,-0.007205,-0.014851,-0.009868
-0.010204,-0.005116,-0.002155,-0.002171,-0.009546,-0.005218,-0.006046,-0.013386,-0.006523,-0.003460,-0.003080,-0.004474,-0.009401,-0.011284,-0.010535,-0.006560,-0.012591,-0.013608,-0.022201,-0.015505,-0.012564,-0.009962,-0.004136,0.007105,0.011325,0.021525,0.034687,0.041617,0.033267,0.017193,0.019782,0.011162,0.004622,-0.008660,-0.006373,-0.007096,-0.001197,-0.001231,-0.004455,-0.008632,-0.005071,-0.000929,0.003026,0.006815,0.007091,0.003485,0.000996,-0.000101,-0.002561,-0.003830,-0.000792,-0.008480,-0.000377,-0.005876,-0.005117,-0.001785,-0.002216,-0.008337,-0.012484,-0.007919
-0.008246,-0.005393,-0.003551,-0.003779,-0.010893,-0.007087,-0.003630,-0.012407,-0.007230,-0.005839,-0.005626,-0.006055,-0.009143,-0.007590,-0.006146,-0.003657,-0.007092,-0.010084,-0.021565,-0.021286,-0.021270,-0.015392,-0.009663,-0.000590,0.001250,0.008848,0.018373,0.033267,0.041003,0.026474,0.028087,0.016891,0.015170,-0.001851,-0.000162,-0.003427,-0.001111,0.003493,-0.001122,-0.005768,0.000958,0.001166,0.003348,0.004184,0.009691,0.007372,0.004682,0.004167,0.002076,-0.002280,0.000889,-0.005183,0.000082,-0.003885,-0.003630,-0.002422,-0.005753,-0.008185,-0.008901,-0.004796
-0.006201,-0.004372,-0.003171,-0.004343,-0.010446,-0.004433,-0.002648,-0.001840,0.000727,-0.001446,-0.005181,-0.004767,-0.007611,-0.007164,-0.002954,0.000642,-0.003142,-0.004997,-0.016023,-0.016047,-0.019924,-0.017477,-0.014145,-0.006785,-0.004631,0.000128,0.005874,0.017193,0.026474,0.032649,0.036275,0.024215,0.019408,0.006055,0.013909,0.007252,0.003212,0.004309,0.004020,0.001424,0.003456,-0.000273,0.004303,0.006069,0.011426,0.010423,0.004660,0.003519,0.002838,-0.000509,-0.001538,-0.002085,-0.000106,0.001145,-0.001222,-0.000308,-0.004878,-0.003811,-0.004449,-0.002430
-0.006727,-0.002470,-0.001725,-0.005220,-0.008200,-0.002240,-0.005126,-0.006379,-0.003428,-0.003699,-0.005837,-0.003291,-0.005333,-0.007881,0.001121,0.004753,-0.003856,-0.010608,-0.027915,-0.029943,-0.038861,-0.025826,-0.018117,-0.010262,-0.003626,0.001819,0.006570,0.019782,0.028087,0.036275,0.058198,0.043941,0.029730,0.008038,0.019075,0.013297,0.008664,0.005709,0.005629,0.007942,0.011488,0.004278,0.007723,0.010565,0.016600,0.012084,0.006770,0.005499,0.005177,-0.002197,-0.001008,0.000359,0.001271,-0.002814,0.000738,-0.003374,-0.003414,-0.003098,-0.002222,-0.002178
-0.003232,-0.001801,-0.003089,-0.007388,-0.005286,-0.003239,-0.006428,-0.004121,-0.002053,-0.003067,-0.005058,-0.001297,-0.004509,-0.008989,0.001162,0.004135,-0.010523,-0.015734,-0.027069,-0.026176,-0.031449,-0.021864,-0.016301,-0.008985,-0.004061,0.000046,0.002848,0.011162,0.016891,0.024215,0.043941,0.049356,0.037261,0.015112,0.026874,0.022818,0.017596,0.010938,0.013618,0.013258,0.014607,0.008482,0.012163,0.016956,0.019624,0.011362,0.004967,0.006154,0.007769,0.001007,0.001722,0.002095,0.000544,-0.002632,0.002798,-0.002514,0.001303,-0.000490,0.001237,-0.001333
0.000098,-0.004488,-0.006617,-0.010418,-0.005105,-0.007594,-0.007402,-0.002961,0.000547,-0.003419,-0.006826,-0.002605,-0.005159,-0.011593,-0.002884,-0.001636,-0.010715,-0.012615,-0.020842,-0.023816,-0.029665,-0.024403,-0.020423,-0.015359,-0.008822,-0.005488,-0.005946,0.004622,0.015170,0.019408,0.029730,0.037261,0.045950,0.024156,0.033727,0.028778,0.019545,0.014052,0.017823,0.015833,0.013601,0.006569,0.011822,0.012763,0.016565,0.008988,0.004463,0.004820,0.006509,0.003228,0.000203,0.001669,0.000399,-0.003273,0.001300,-0.000068,0.001273,-0.000929,0.002425,-0.000107
-0.002383,-0.001633,-0.006224,-0.007330,-0.003887,0.001297,0.002908,0.007915,0.008172,0.002351,-0.003191,0.001067,0.001415,-0.005182,0.001676,-0.001358,-0.000276,-0.001699,-0.000717,-0.004527,-0.014271,-0.013201,-0.008569,-0.010307,-0.009882,-0.013085,-0.017207,-0.008660,-0.001851,0.006055,0.008038,0.015112,0.024156,0.033620,0.040767,0.036866,0.019542,0.011487,0.015359,0.015379,0.009327,0.000339,0.005935,0.005901,0.004484,0.000983,-0.001779,0.000101,0.005361,0.002155,0.000223,0.005915,0.000336,-0.000918,0.003471,0.002337,0.003138,-0.000336,0.004410,0.001460
0.001796,0.003805,-0.002603,-0.003324,-0.001387,-0.000447,0.000375,0.008897,0.013139,0.000340,-0.012791,-0.003078,-0.006099,-0.016708,-0.002539,-0.008140,-0.006940,-0.008279,-0.009210,-0.015462,-0.024479,-0.023591,-0.017431,-0.019235,-0.013711,-0.012860,-0.016268,-0.006373,-0.000162,0.013909,0.019075,0.026874,0.033727,0.040767,0.076160,0.067785,0.038819,0.020251,0.026270,0.021308,0.009105,0.004793,0.012647,0.013662,0.015706,0.010027,0.001832,0.000312,0.008258,0.005786,-0.000946,0.006051,0.000065,0.002233,0.002374,-0.000082,0.001858,0.003494,0.009554,0.006436
0.003712,0.005479,-0.000278,-0.002121,0.000832,-0.000588,0.003440,0.010890,0.014648,0.003936,-0.010076,-0.000613,-0.005065,-0.014309,-0.000694,-0.008709,-0.009192,-0.014494,-0.014204,-0.018382,-0.027442,-0.022656,-0.015305,-0.017924,-0.012709,-0.011796,-0.014337,-0.007096,-0.003427,0.007252,0.013297,0.022818,0.028778,0.036866,0.067785,0.077777,0.053372,0.026837,0.029667,0.021789,0.009426,0.005700,0.014250,0.015575,0.015084,0.004937,0.000491,0.005288,0.012008,0.005671,0.000272,0.006418,-0.000184,0.001835,0.003255,0.000231,0.003256,0.004621,0.009754,0.005555
0.008227,0.005862,0.004107,0.000718,0.004526,-0.003117,0.003024,0.009711,0.009793,0.004902,-0.003252,0.003444,-0.006220,-0.010196,-0.003431,-0.012440,-0.016859,-0.019203,-0.018557,-0.018350,-0.022807,-0.018477,-0.011942,-0.010220,-0.006742,-0.008823,-0.008719,-0.001197,-0.001111,0.003212,0.008664,0.017596,0.019545,0.019542,0.038819,0.053372,0.052039,0.028326,0.030437,0.018135,0.005654,0.006241,0.011081,0.014161,0.014381,0.003822,0.001333,0.005874,0.009495,0.002151,0.001650,0.004132,-0.001008,0.003672,0.004312,-0.000007,0.001887,0.003996,0.008366,0.003867
0.008775,0.002866,-0.000095,-0.002952,0.000377,-0.004129,0.003652,0.007710,0.010004,0.007947,0.005280,0.010645,0.003056,0.000375,0.001545,-0.002380,-0.007470,-0.007653,-0.007232,-0.010898,-0.010819,-0.014045,-0.014929,-0.016912,-0.013164,-0.011673,-0.009723,-0.001231,0.003493,0.004309,0.005709,0.010938,0.014052,0.011487,0.020251,0.026837,0.028326,0.030213,0.029644,0.015572,0.008282,0.003982,0.008867,0.011157,0.013289,0.006218,0.002487,0.006148,0.005783,0.002984,0.004744,0.005324,-0.000858,0.005227,0.004474,0.000396,0.000035,0.003217,0.005832,0.005140
0.008654,0.001666,-0.002366,-0.004231,0.001648,-0.002339,0.002359,0.011858,0.010148,0.007750,0.003860,0.008721,0.005041,0.000858,0.001946,-0.008385,-0.016059,-0.011470,-0.007244,-0.009674,-0.012091,-0.017415,-0.018816,-0.023523,-0.017906,-0.012964,-0.011953,-0.004455,-0.001122,0.004020,0.005629,0.013618,0.017823,0.015359,0.026270,0.029667,0.030437,0.029644,0.045834,0.026886,0.008584,0.005354,0.012287,0.012921,0.016615,0.008562,0.005974,0.008077,0.007067,0.007128,0.003619,0.003237,0.000008,0.003853,0.004836,-0.001140,0.001649,0.003824,0.006113,0.005175
0.006292,0.002203,-0.001919,-0.004286,0.000852,0.000562,0.001426,0.008169,0.005217,0.002381,0.002000,0.005090,0.005007,0.001502,0.003822,-0.002494,-0.009312,-0.007782,-0.005453,-0.008112,-0.012624,-0.011971,-0.012216,-0.016380,-0.012773,-0.011468,-0.013020,-0.008632,-0.005768,0.001424,0.007942,0.013258,0.015833,0.015379,0.021308,0.021789,0.018135,0.015572,0.026886,0.024641,0.010003,0.005329,0.008567,0.009597,0.011348,0.005925,0.005037,0.006866,0.007420,0.005048,0.003015,0.004265,-0.000560,-0.000130,0.003842,0.000576,0.001504,0.002335,0.005493,0.004724
0.003450,0.001026,-0.002407,-0.004006,-0.000394,0.002629,0.004110,0.001659,0.000815,-0.000133,0.000602,0.003968,0.005381,0.005930,0.008195,0.007213,0.001722,-0.001708,-0.002975,-0.007732,-0.010511,-0.005914,-0.006503,-0.010193,-0.010143,-0.010214,-0.009424,-0.005071,0.000958,0.003456,0.011488,0.014607,0.013601,0.009327,0.009105,0.009426,0.005654,0.008282,0.008584,0.010003,0.014582,0.007121,0.005853,0.002025,0.003927,0.004152,0.003079,0.005630,0.006405,0.003863,0.003994,0.005132,0.000136,-0.001065,0.004820,-0.000011,0.003694,0.003075,0.004109,0.004130
0.006200,0.003361,0.000809,0.000380,0.001845,-0.001060,-0.000433,0.000810,-0.000956,-0.003020,-0.002277,0.001232,0.000142,-0.000414,0.001723,-0.001783,-0.006479,-0.007089,-0.004854,-0.006963,-0.003148,0.001408,0.000539,-0.003752,-0.006347,-0.005129,-0.003365,-0.000929,0.001166,-0.000273,0.004278,0.008482,0.006569,0.000339,0.004793,0.005700,0.006241,0.003982,0.005354,0.005329,0.007121,0.012133,0.007234,0.004878,0.007997,0.006920,0.004137,0.003502,0.005682,0.003902,0.003164,0.002777,0.000340,-0.000916,0.001965,-0.000949,0.002894,0.003502,0.002193,0.003713
0.004611,0.001715,-0.002881,-0.003215,-0.000653,-0.000642,0.000024,0.000223,0.002593,0.002085,0.000547,0.002203,0.000338,-0.003047,0.001088,-0.002855,-0.011753,-0.012305,-0.011935,-0.009789,-0.008731,-0.007684,-0.006142,-0.003458,-0.002417,0.000162,0.002597,0.003026,0.003348,0.004303,0.007723,0.012163,0.011822,0.005935,0.012647,0.014250,0.011081,0.008867,0.012287,0.008567,0.005853,0.007234,0.017548,0.014509,0.014470,0.007737,0.002800,0.005477,0.006905,0.004726,0.004205,0.002942,-0.000171,-0.001027,0.000530,-0.001430,0.003798,0.000768,-0.000108,0.002582
0.002442,-0.000186,-0.002551,-0.002526,-0.001672,-0.003186,-0.000790,0.003277,0.005358,0.003632,0.003334,0.004592,-0.000473,-0.006699,-0.002141,-0.002329,-0.014710,-0.014004,-0.016815,-0.010615,-0.008475,-0.007429,-0.007948,-0.002506,-0.001328,0.001809,0.005509,0.006815,0.004184,0.006069,0.010565,0.016956,0.012763,0.005901,0.013662,0.015575,0.014161,0.011157,0.012921,0.009597,0.002025,0.004878,0.014509,0.026234,0.019392,0.008632,0.003168,0.007059,0.005996,0.001609,0.004081,0.002453,-0.000541,-0.000575,0.000459,0.000403,0.003006,-0.001379,-0.001062,0.000752
0.007841,0.004859,0.001311,-0.000752,-0.002183,-0.002890,-0.002917,0.002550,0.004600,0.005061,0.002783,0.004984,-0.000558,-0.006034,-0.002543,-0.003203,-0.015285,-0.017238,-0.020241,-0.014356,-0.009240,-0.010410,-0.011155,-0.006735,-0.006671,-0.003502,0.001406,0.007091,0.009691,0.011426,0.016600,0.019624,0.016565,0.004484,0.015706,0.015084,0.014381,0.013289,0.016615,0.011348,0.003927,0.007997,0.014470,0.019392,0.028817,0.017376,0.008489,0.009605,0.010154,0.005212,0.006602,0.003783,0.000974,0.004144,-0.001054,0.000885,0.002641,-0.001205,0.003273,0.003265
0.006567,0.003360,0.000087,-0.000981,-0.002717,-0.001204,0.000147,0.001976,0.001943,0.000574,-0.001047,0.001561,-0.001919,-0.000773,0.000417,-0.000477,-0.006518,-0.007368,-0.012126,-0.012135,-0.008111,-0.006703,-0.007116,-0.004234,-0.005628,-0.004442,-0.000411,0.003485,0.007372,0.010423,0.012084,0.011362,0.008988,0.000983,0.010027,0.004937,0.003822,0.006218,0.008562,0.005925,0.004152,0.006920,0.007737,0.008632,0.017376,0.017171,0.009563,0.006919,0.006903,0.006791,0.003627,0.002527,0.000427,0.003202,-0.000143,-0.000352,0.000145,-0.000030,0.002887,0.003990
0.002376,-0.000032,0.000745,-0.000724,-0.001390,-0.001378,0.000013,-0.000730,-0.002603,-0.001884,-0.002600,-0.001525,-0.002964,0.002431,0.001743,0.000380,-0.004208,-0.004403,-0.010132,-0.012467,-0.011093,-0.006341,-0.006758,-0.005459,-0.005078,-0.004391,-0.001263,0.000996,0.004682,0.004660,0.006770,0.004967,0.004463,-0.001779,0.001832,0.000491,0.001333,0.002487,0.005974,0.005037,0.003079,0.004137,0.002800,0.003168,0.008489,0.009563,0.011158,0.008906,0.006218,0.005120,0.002751,0.000062,0.000674,0.001415,0.000926,-0.000421,0.000895,0.000797,0.002665,0.000859
0.003702,0.001342,0.000855,0.000325,0.000162,0.001789,0.006883,0.004444,0.002908,0.003321,0.001646,0.000848,0.000013,0.005981,0.006533,0.004810,-0.004720,-0.007195,-0.011413,-0.010061,-0.009918,-0.006869,-0.007981,-0.007725,-0.008841,-0.006490,-0.003338,-0.000101,0.004167,0.003519,0.005499,0.006154,0.004820,0.000101,0.000312,0.005288,0.005874,0.006148,0.008077,0.006866,0.005630,0.003502,0.005477,0.007059,0.009605,0.006919,0.008906,0.016509,0.010260,0.003360,0.005791,0.001513,-0.000020,0.002824,-0.000356,0.002264,0.004807,0.000878,0.002633,0.001097
0.004773,0.001502,-0.000535,-0.002122,-0.001844,0.000931,0.003991,0.004872,0.002311,0.001488,-0.000360,0.001783,0.000502,0.004102,0.005502,0.001781,-0.005382,-0.009139,-0.009813,-0.008243,-0.007589,-0.004878,-0.003761,-0.003830,-0.006096,-0.006880,-0.006127,-0.002561,0.002076,0.002838,0.005177,0.007769,0.006509,0.005361,0.008258,0.012008,0.009495,0.005783,0.007067,0.007420,0.006405,0.005682,0.006905,0.005996,0.010154,0.006903,0.006218,0.010260,0.012929,0.006064,0.005104,0.002731,-0.000834,0.003257,0.002165,0.001707,0.004547,0.001854,0.003625,0.000942
0.005070,0.000178,-0.002375,-0.003884,-0.002611,-0.001988,-0.001457,0.000632,-0.000244,-0.000121,-0.001669,0.000338,-0.000827,0.003005,0.003533,-0.000016,-0.003897,-0.004724,-0.004784,-0.003725,-0.000854,-0.001123,-0.003634,-0.004495,-0.004068,-0.002745,-0.001326,-0.003830,-0.002280,-0.000509,-0.002197,0.001007,0.003228,0.002155,0.005786,0.005671,0.002151,0.002984,0.007128,0.005048,0.003863,0.003902,0.004726,0.001609,0.005212,0.006791,0.005120,0.003360,0.006064,0.012361,0.000758,-0.000768,0.000172,-0.000239,0.001342,-0.000862,0.001959,-0.000304,-0.001104,0.000917
0.003636,0.002955,0.001623,0.001388,0.001681,0.001794,0.003308,0.002117,0.001618,0.002244,0.001965,0.003496,0.002609,0.003450,0.002951,0.002827,-0.002318,-0.002381,-0.001913,-0.000626,0.001499,0.000320,-0.000995,-0.000254,-0.003316,-0.003648,-0.002133,-0.000792,0.000889,-0.001538,-0.001008,0.001722,0.000203,0.000223,-0.000946,0.000272,0.001650,0.004744,0.003619,0.003015,0.003994,0.003164,0.004205,0.004081,0.006602,0.003627,0.002751,0.005791,0.005104,0.000758,0.009730,0.004036,0.000270,0.003689,0.001263,0.002134,0.001042,0.001699,0.003519,0.003309
0.006700,0.006106,0.002446,0.002402,0.003006,0.004528,0.004384,0.005845,0.004787,0.003415,0.003073,0.005625,0.005611,0.004585,0.004703,0.003656,0.002289,0.001462,0.002803,-0.000063,-0.003251,-0.002716,-0.000382,-0.003614,-0.007034,-0.011742,-0.013195,-0.008480,-0.005183,-0.002085,0.000359,0.002095,0.001669,0.005915,0.006051,0.006418,0.004132,0.005324,0.003237,0.004265,0.005132,0.002777,0.002942,0.002453,0.003783,0.002527,0.000062,0.001513,0.002731,-0.000768,0.004036,0.009585,0.000946,0.002774,0.003857,0.000522,0.000347,0.003679,0.007381,0.004925
0.000072,0.001625,0.001463,0.001155,0.001304,0.001010,-0.000728,-0.000361,-0.000358,0.001066,0.000732,0.000087,0.000763,-0.000153,0.000196,0.000074,0.000478,0.000206,-0.000234,-0.000714,-0.001151,0.000071,-0.000238,-0.001619,-0.001451,-0.001520,-0.001843,-0.000377,0.000082,-0.000106,0.001271,0.000544,0.000399,0.000336,0.000065,-0.000184,-0.001008,-0.000858,0.000008,-0.000560,0.000136,0.000340,-0.000171,-0.000541,0.000974,0.000427,0.000674,-0.000020,-0.000834,0.000172,0.000270,0.000946,0.003074,-0.000782,-0.000806,-0.000384,0.001271,0.000048,-0.000477,0.000506
0.004978,0.001992,0.004286,0.002812,0.000465,0.000666,0.003211,0.007295,0.006824,0.004680,0.001128,0.003951,0.000103,0.002388,0.000660,0.000958,0.000313,0.001605,0.005700,0.007745,0.011623,0.003193,0.000287,-0.000375,-0.002709,-0.005312,-0.006802,-0.005876,-0.003885,0.001145,-0.002814,-0.002632,-0.003273,-0.000918,0.002233,0.001835,0.003672,0.005227,0.003853,-0.000130,-0.001065,-0.000916,-0.001027,-0.000575,0.004144,0.003202,0.001415,0.002824,0.003257,-0.000239,0.003689,0.002774,-0.000782,0.012783,0.001248,0.004447,0.000657,0.003958,0.007317,0.002755
0.002555,0.001506,-0.000450,-0.000416,0.000155,-0.000856,0.002329,0.003781,0.000535,-0.000254,-0.000029,0.003380,0.002719,0.004369,0.002586,0.001770,-0.000749,-0.000165,0.000129,-0.002848,-0.006500,-0.004701,-0.002778,-0.005343,-0.005709,-0.007502,-0.005956,-0.005117,-0.003630,-0.001222,0.000738,0.002798,0.001300,0.003471,0.002374,0.003255,0.004312,0.004474,0.004836,0.003842,0.004820,0.001965,0.000530,0.000459,-0.001054,-0.000143,0.000926,-0.000356,0.002165,0.001342,0.001263,0.003857,-0.000806,0.001248,0.009867,-0.001043,0.000443,0.003418,0.008058,0.003385
-0.000000,-0.000632,0.000860,-0.000208,-0.000556,0.001702,0.002199,0.005067,0.004896,0.003690,0.002972,0.003164,0.000647,0.000070,-0.001070,0.001164,0.000143,0.000325,0.003700,0.006902,0.009325,0.003977,0.000068,-0.000487,-0.001407,-0.003159,-0.003283,-0.001785,-0.002422,-0.000308,-0.003374,-0.002514,-0.000068,0.002337,-0.000082,0.000231,-0.000007,0.000396,-0.001140,0.000576,-0.000011,-0.000949,-0.001430,0.000403,0.000885,-0.000352,-0.000421,0.002264,0.001707,-0.000862,0.002134,0.000522,-0.000384,0.004447,-0.001043,0.006202,0.003343,0.000752,0.001484,0.000105
0.001319,0.000254,0.000025,0.000041,0.001674,0.003709,0.003773,0.004321,0.003188,0.005838,0.004984,0.003770,0.004726,0.002315,0.003076,0.003665,-0.000924,-0.003371,0.000205,0.003189,0.006241,0.005938,0.002106,-0.001424,-0.003318,-0.005648,-0.003540,-0.002216,-0.005753,-0.004878,-0.003414,0.001303,0.001273,0.003138,0.001858,0.003256,0.001887,0.000035,0.001649,0.001504,0.003694,0.002894,0.003798,0.003006,0.002641,0.000145,0.000895,0.004807,0.004547,0.001959,0.001042,0.000347,0.001271,0.000657,0.000443,0.003343,0.014796,0.002709,0.000509,0.001347
0.005959,0.003552,0.001154,0.001461,0.003883,0.001749,0.002853,0.006093,0.004839,0.003351,0.000216,0.001834,0.002024,0.003971,0.002773,0.001335,0.000455,0.001859,0.005738,0.003248,0.004692,0.002523,0.001858,-0.002021,-0.003198,-0.004577,-0.007205,-0.008337,-0.008185,-0.003811,-0.003098,-0.000490,-0.000929,-0.000336,0.003494,0.004621,0.003996,0.003217,0.003824,0.002335,0.003075,0.003502,0.000768,-0.001379,-0.001205,-0.000030,0.000797,0.000878,0.001854,-0.000304,0.001699,0.003679,0.000048,0.003958,0.003418,0.000752,0.002709,0.011634,0.006619,0.002888
0.006273,0.005939,0.003574,0.003684,0.005929,0.003188,0.004812,0.006340,0.004394,0.000285,-0.001107,0.004461,0.002678,0.002333,0.000569,0.000641,0.000822,0.000218,0.002329,-0.002385,-0.005446,-0.006587,-0.003635,-0.006130,-0.007159,-0.013240,-0.014851,-0.012484,-0.008901,-0.004449,-0.002222,0.001237,0.002425,0.004410,0.009554,0.009754,0.008366,0.005832,0.006113,0.005493,0.004109,0.002193,-0.000108,-0.001062,0.003273,0.002887,0.002665,0.002633,0.003625,-0.001104,0.003519,0.007381,-0.000477,0.007317,0.008058,0.001484,0.000509,0.006619,0.021415,0.011642
0.005773,0.006128,0.002550,0.003614,0.004550,0.001662,0.004037,0.002170,0.002864,-0.000199,0.000416,0.003550,0.003605,0.000686,0.001076,0.000437,0.001620,0.001549,0.004786,-0.001001,-0.001114,-0.000110,-0.000970,-0.004162,-0.006547,-0.009881,-0.009868,-0.007919,-0.004796,-0.002430,-0.002178,-0.001333,-0.000107,0.001460,0.006436,0.005555,0.003867,0.005140,0.005175,0.004724,0.004130,0.003713,0.002582,0.000752,0.003265,0.003990,0.000859,0.001097,0.000942,0.000917,0.003309,0.004925,0.000506,0.002755,0.003385,0.000105,0.001347,0.002888,0.011642,0.015147
