0.023859,0.010675,-0.001438,0.003890,0.001103,0.000008,0.000860,-0.001795
0.010675,0.015248,-0.002917,0.002374,0.000966,0.000264,0.000735,-0.001132
-0.001438,-0.002917,0.014807,0.001290,0.000021,0.000196,-0.001156,-0.000248
0.003890,0.002374,0.001290,0.019021,0.000167,-0.000131,-0.000913,-0.000721
0.001103,0.000966,0.000021,0.000167,0.011110,-0.000063,0.000412,0.000128
0.000008,0.000264,0.000196,-0.000131,-0.000063,0.004307,0.000085,-0.000160
0.000860,0.000735,-0.001156,-0.000913,0.000412,0.000085,0.003670,0.000776
-0.001795,-0.001132,-0.000248,-0.000721,0.000128,-0.000160,0.000776,0.012341
