0.022682,0.010624,-0.002398,0.003742,0.001558,0.000121,0.000821,-0.002034
0.010624,0.015257,-0.003766,0.002782,0.001367,-0.000230,0.000610,-0.001488
-0.002398,-0.003766,0.015170,0.000663,-0.000114,0.000172,-0.001048,0.000283
0.003742,0.002782,0.000663,0.019160,0.000093,0.000123,-0.000633,-0.000894
0.001558,0.001367,-0.000114,0.000093,0.009276,-0.000068,0.000165,-0.000375
0.000121,-0.000230,0.000172,0.000123,-0.000068,0.005398,0.000052,-0.000371
0.000821,0.000610,-0.001048,-0.000633,0.000165,0.000052,0.003448,0.000571
-0.002034,-0.001488,0.000283,-0.000894,-0.000375,-0.000371,0.000571,0.011538
