0.021392,0.010636,-0.002051,0.003336,0.000682,-0.000019,0.000407,-0.001881
0.010636,0.015687,-0.003624,0.002905,0.000557,-0.000087,0.000535,-0.001498
-0.002051,-0.003624,0.015545,0.000519,0.000182,0.000169,-0.000913,0.000137
0.003336,0.002905,0.000519,0.018583,-0.000487,-0.000027,-0.000847,-0.001093
0.000682,0.000557,0.000182,-0.000487,0.009276,-0.000090,0.000315,0.000126
-0.000019,-0.000087,0.000169,-0.000027,-0.000090,0.007294,0.000117,-0.000359
0.000407,0.000535,-0.000913,-0.000847,0.000315,0.000117,0.003309,0.000464
-0.001881,-0.001498,0.000137,-0.001093,0.000126,-0.000359,0.000464,0.011133
