0.025896,0.013321,-0.003303,0.003954,0.001725,0.000139,0.001126,-0.002243
0.013321,0.020158,-0.004752,0.003197,0.001571,-0.000319,0.000960,-0.001711
-0.003303,-0.004752,0.014551,0.000604,-0.000237,0.000175,-0.001803,0.000095
0.003954,0.003197,0.000604,0.019160,0.000093,0.000148,-0.000868,-0.000894
0.001725,0.001571,-0.000237,0.000093,0.009276,-0.000082,0.000225,-0.000375
0.000139,-0.000319,0.000175,0.000148,-0.000082,0.007836,0.000086,-0.000447
0.001126,0.000960,-0.001803,-0.000868,0.000225,0.000086,0.006469,0.000782
-0.002243,-0.001711,0.000095,-0.000894,-0.000375,-0.000447,0.000782,0.011538
