3205.749899,-206.350565,-143.896899,-28.328696,16.814385,-153.009961,-108.208971,20.836729
-206.350565,2292.144679,-192.693694,0.170290,1.572074,-149.772156,-191.905039,100.859346
-143.896899,-192.693694,1233.036324,-22.210760,10.004760,-41.817950,67.585411,-15.961473
-28.328696,0.170290,-22.210760,144.270195,-8.660064,-35.456311,-56.738026,61.404202
16.814385,1.572074,10.004760,-8.660064,9.976521,-11.523010,5.769823,-1.370436
-153.009961,-149.772156,-41.817950,-35.456311,-11.523010,1904.357427,-79.724666,-48.039114
-108.208971,-191.905039,67.585411,-56.738026,5.769823,-79.724666,1842.837138,-15.984737
20.836729,100.859346,-15.961473,61.404202,-1.370436,-48.039114,-15.984737,740.454244
