3205.749899,-206.857114,-143.798546,-28.428416,16.799496,-150.797625,-106.924703,20.857008
-206.857114,2296.918296,-121.412443,7.809476,1.588036,-154.703953,-202.854765,115.124543
-143.798546,-121.412443,1197.657984,-28.970830,4.186356,93.714729,36.074049,-27.438896
-28.428416,7.809476,-28.970830,150.623001,-8.425729,-30.706875,-70.917561,45.784412
16.799496,1.588036,4.186356,-8.425729,12.181522,-16.699878,7.926046,-0.401417
-150.797625,-154.703953,93.714729,-30.706875,-16.699878,1931.520367,-51.890767,-66.793604
-106.924703,-202.854765,36.074049,-70.917561,7.926046,-51.890767,1789.677476,32.511257
20.857008,115.124543,-27.438896,45.784412,-0.401417,-66.793604,32.511257,659.316741
