0.016710,-0.001314,-0.001641,-0.000518,0.001191,-0.001001,-0.000612,0.000131
-0.001314,0.017782,-0.001688,0.000173,0.000137,-0.001251,-0.001416,0.000880
-0.001641,-0.001688,0.029912,-0.001156,0.000650,0.001361,0.000452,-0.000377
-0.000518,0.000173,-0.001156,0.009601,-0.002089,-0.000713,-0.001420,0.001004
0.001191,0.000137,0.000650,-0.002089,0.011749,-0.001508,0.000618,-0.000034
-0.001001,-0.001251,0.001361,-0.000713,-0.001508,0.016322,-0.000378,-0.000533
-0.000612,-0.001416,0.000452,-0.001420,0.000618,-0.000378,0.011264,0.000224
0.000131,0.000880,-0.000377,0.001004,-0.000034,-0.000533,0.000224,0.004976
