0.016710,-0.001311,-0.001642,-0.000516,0.001192,-0.001016,-0.000620,0.000131
-0.001311,0.017745,-0.002679,0.000004,0.000136,-0.001211,-0.001340,0.000771
-0.001642,-0.002679,0.030795,-0.000886,0.001553,-0.000608,0.000847,-0.000219
-0.000516,0.000004,-0.000886,0.009196,-0.002147,-0.000823,-0.001136,0.001347
0.001192,0.000136,0.001553,-0.002147,0.009622,-0.001040,0.000450,-0.000117
-0.001016,-0.001211,-0.000608,-0.000823,-0.001040,0.016093,-0.000581,-0.000384
-0.000620,-0.001340,0.000847,-0.001136,0.000450,-0.000581,0.011599,-0.000110
0.000131,0.000771,-0.000219,0.001347,-0.000117,-0.000384,-0.000110,0.005589
