0.056258,-0.005351,0.001388,-0.001251,-0.003732,-0.000246,0.000701,0.003641
-0.005351,0.063094,-0.001565,-0.001215,0.008595,-0.000285,-0.003488,-0.006422
0.001388,-0.001565,0.057556,0.001831,-0.000269,0.000075,-0.004030,-0.000396
-0.001251,-0.001215,0.001831,0.027609,0.003635,0.000153,-0.005138,-0.000860
-0.003732,0.008595,-0.000269,0.003635,0.057069,0.000061,-0.004529,-0.006859
-0.000246,-0.000285,0.000075,0.000153,0.000061,0.003262,-0.000698,-0.000318
0.000701,-0.003488,-0.004030,-0.005138,-0.004529,-0.000698,0.056378,0.003973
0.003641,-0.006422,-0.000396,-0.000860,-0.006859,-0.000318,0.003973,0.025431
