0.047311,-0.004072,0.000916,-0.000900,-0.000625,-0.000293,0.000324,0.002436
-0.004072,0.052386,-0.002659,-0.000788,0.001725,-0.000270,-0.005578,-0.007148
0.000916,-0.002659,0.036923,0.003074,-0.000182,0.000086,-0.006729,-0.000142
-0.000900,-0.000788,0.003074,0.027609,0.000057,0.000185,-0.007039,-0.000860
-0.000625,0.001725,-0.000182,0.000057,0.008356,-0.000046,0.000653,-0.000972
-0.000293,-0.000270,0.000086,0.000185,-0.000046,0.004735,-0.001152,-0.000384
0.000324,-0.005578,-0.006729,-0.007039,0.000653,-0.001152,0.105795,0.005442
0.002436,-0.007148,-0.000142,-0.000860,-0.000972,-0.000384,0.005442,0.025431
