0.046981,-0.003251,0.001081,-0.001440,-0.000488,-0.000257,0.001719,0.002924
-0.003251,0.054167,-0.002342,0.000236,0.001312,-0.000854,-0.006499,-0.006552
0.001081,-0.002342,0.037465,0.003956,0.000293,-0.000030,-0.004952,0.000280
-0.001440,0.000236,0.003956,0.027506,-0.000196,-0.000027,-0.007287,-0.001066
-0.000488,0.001312,0.000293,-0.000196,0.008356,-0.000062,0.001596,0.000195
-0.000257,-0.000854,-0.000030,-0.000027,-0.000062,0.006584,-0.001236,-0.000540
0.001719,-0.006499,-0.004952,-0.007287,0.001596,-0.001236,0.108762,0.006444
0.002924,-0.006552,0.000280,-0.001066,0.000195,-0.000540,0.006444,0.024987
