1.465684,-0.004812,0.003444,-0.016680,-0.005809,0.001728
-0.004812,0.000421,-0.000084,0.003789,-0.000470,0.000026
0.003444,-0.000084,0.052230,0.041229,0.035230,0.000598
-0.016680,0.003789,0.041229,0.274155,-0.059371,-0.001186
-0.005809,-0.000470,0.035230,-0.059371,0.058256,0.001367
0.001728,0.000026,0.000598,-0.001186,0.001367,0.007462
