1.580821,-0.003566,-0.003015,-0.015568,-0.008075,-0.004312
-0.003566,0.000443,-0.000137,0.004019,-0.000546,0.000119
-0.003015,-0.000137,0.054461,0.046053,0.035264,0.001894
-0.015568,0.004019,0.046053,0.282478,-0.054257,0.002545
-0.008075,-0.000546,0.035264,-0.054257,0.054701,0.001494
-0.004312,0.000119,0.001894,0.002545,0.001494,0.007918
