0.059117,-0.017765,0.001484,-0.001624,-0.001206,0.000886
-0.017765,0.085997,-0.001208,0.021443,-0.007182,0.000902
0.001484,-0.001208,0.081579,0.020204,0.048506,0.002344
-0.001624,0.021443,0.020204,0.042445,-0.025675,-0.001360
-0.001206,-0.007182,0.048506,-0.025675,0.070472,0.004516
0.000886,0.000902,0.002344,-0.001360,0.004516,0.070648
