0.024991,0.014314,0.011831,0.009793,0.008098,0.007870,0.008426,0.010813,0.012600,0.012424,0.013291,0.010681,0.010621,0.006942,0.006812,0.007135,0.004833,0.002444,0.000336,0.005951,0.004631,-0.002122,-0.008316,-0.010287,-0.012890,-0.014983,-0.012279,-0.003691,-0.006472,-0.001221,0.003096,0.003591,-0.001999,0.000878,0.000373,0.005442,0.006068,0.006804,0.008600,0.007393,0.008433,0.005348,0.006218,0.005955,0.010428,0.006174,0.004367,0.005608,0.007144,0.006575,0.002324,0.003144,0.008207,0.003445,0.011966,0.005649,0.013740,0.009447,0.009754,0.008957
0.014314,0.017692,0.013766,0.010731,0.010367,0.005491,0.005764,0.004192,0.005792,0.006269,0.005390,0.004806,0.006808,0.006605,0.008767,0.008104,0.005986,0.003421,0.000229,0.001579,0.000299,-0.003229,-0.005737,-0.005167,-0.009412,-0.014084,-0.011230,-0.005305,-0.005841,-0.004495,-0.002513,-0.003188,-0.004413,-0.003633,0.001928,0.005238,0.007857,0.003761,0.002121,0.001873,0.004933,0.005332,0.003944,0.002744,0.004748,0.004260,0.003236,0.005821,0.006943,0.003006,0.003469,0.005740,0.006632,0.005073,0.008883,0.003883,0.007665,0.005750,0.008647,0.007075
0.011831,0.013766,0.015221,0.011067,0.010587,0.007169,0.006304,0.003407,0.004531,0.005444,0.005152,0.003610,0.005192,0.004707,0.005675,0.005617,0.004842,0.002992,0.001089,-0.001073,-0.001821,-0.002294,-0.002342,-0.002312,-0.006138,-0.009741,-0.008270,-0.006296,-0.007059,-0.005584,-0.003984,-0.005332,-0.005405,-0.004377,0.001532,0.005404,0.008357,0.002108,0.000582,0.001493,0.003412,0.003229,0.002502,0.000537,0.001981,0.002563,0.002457,0.004131,0.005177,-0.000134,0.001977,0.005270,0.005837,0.006134,0.005955,0.002955,0.006587,0.006145,0.008462,0.008133
0.009793,0.010731,0.011067,0.011428,0.010207,0.004647,0.004823,0.002301,0.002477,0.003192,0.004323,0.002801,0.004003,0.003954,0.004528,0.003858,0.003524,0.003156,0.001900,0.001003,-0.000849,-0.001684,-0.002086,-0.002419,-0.004890,-0.007607,-0.006108,-0.004573,-0.005443,-0.004134,-0.003680,-0.004965,-0.004186,-0.002955,0.000858,0.003613,0.005828,0.002459,0.002345,0.001769,0.002940,0.002768,0.001573,-0.000353,0.001261,0.001153,0.001626,0.003449,0.004941,0.001435,0.001649,0.004648,0.005607,0.004006,0.005711,0.002739,0.006221,0.005177,0.006296,0.005796
0.008098,0.010367,0.010587,0.010207,0.017744,0.010802,0.007833,0.000792,0.003963,0.004661,0.006860,0.006111,0.009073,0.008088,0.009956,0.009617,0.009779,0.011219,0.011310,0.008406,0.005335,0.004199,0.001372,-0.000995,-0.004837,-0.006661,-0.005592,-0.005209,-0.005259,-0.007876,-0.008778,-0.008850,-0.005750,-0.005286,-0.005091,-0.002568,0.001966,0.000560,0.001065,0.000378,0.000778,0.002723,0.001048,-0.000786,0.002743,0.000878,0.001711,0.002335,0.004612,-0.001953,0.003403,0.005443,0.004380,0.006026,0.005108,0.001363,0.000972,0.004514,0.005489,0.005038
0.007870,0.005491,0.007169,0.004647,0.010802,0.024034,0.018754,0.014812,0.009973,0.010050,0.010134,0.001240,0.009195,0.011884,0.013995,0.014022,0.009752,0.006523,0.008133,0.008028,0.007957,0.008052,0.002616,0.002120,-0.002316,-0.002037,-0.005088,-0.002955,-0.005705,-0.002623,-0.001459,-0.005561,-0.007181,-0.005084,-0.005906,-0.002178,-0.004964,-0.004460,-0.001221,0.002361,0.001384,0.000645,0.000959,0.000104,0.003790,0.000708,0.000470,0.002786,0.002873,-0.002419,0.004041,0.006818,0.008127,0.011016,0.003234,0.002802,0.002562,0.003630,0.003576,0.002515
0.008426,0.005764,0.006304,0.004823,0.007833,0.018754,0.025351,0.019737,0.011972,0.010503,0.012237,0.001344,0.009364,0.012849,0.013829,0.013339,0.008548,0.006305,0.006232,0.005791,0.006345,0.006558,0.006281,0.005880,0.003353,-0.000656,-0.004983,-0.001872,-0.002730,-0.001775,-0.001894,-0.004930,-0.006675,-0.006564,-0.006588,-0.003005,-0.006154,-0.006162,-0.001742,-0.001228,0.000305,-0.001999,-0.001425,0.000520,0.002908,0.001754,0.000430,0.001837,0.003104,0.000967,0.002475,0.004177,0.005693,0.006000,0.006465,0.003233,0.004651,0.004498,0.002446,0.003906
0.010813,0.004192,0.003407,0.002301,0.000792,0.014812,0.019737,0.032205,0.020189,0.020315,0.019210,0.003712,0.010682,0.012751,0.012095,0.011960,0.004994,0.002443,0.000998,0.008388,0.009151,0.010649,0.004269,0.004198,0.000943,-0.001347,-0.005594,-0.001045,-0.007123,0.003085,0.000833,-0.002324,-0.006529,-0.004482,-0.004344,0.000408,-0.004253,-0.001922,0.002422,0.002664,0.003688,0.001549,0.003989,0.004743,0.009803,0.005736,0.002767,0.006586,0.005332,0.005804,0.002313,0.005652,0.008422,0.003383,0.010531,0.006048,0.014707,0.006138,0.000809,0.001560
0.012600,0.005792,0.004531,0.002477,0.003963,0.009973,0.011972,0.020189,0.024861,0.024347,0.020930,0.008487,0.010166,0.008991,0.006081,0.007983,0.002924,0.001866,0.001811,0.009916,0.010020,0.005780,-0.003393,-0.003402,-0.003763,-0.002506,0.000231,0.004516,-0.003144,0.003475,0.001788,0.002187,-0.002162,0.001006,-0.000835,0.004563,0.005950,0.005607,0.007885,0.004380,0.001644,-0.001658,0.002809,0.005701,0.011592,0.004717,0.001120,0.005539,0.005118,0.001708,0.000107,0.001526,0.002467,-0.001387,0.006296,0.001072,0.011708,0.004965,-0.000334,0.000150
0.012424,0.006269,0.005444,0.003192,0.004661,0.010050,0.010503,0.020315,0.024347,0.029956,0.025698,0.014989,0.015278,0.009873,0.007146,0.011222,0.006392,0.003334,0.002054,0.009121,0.008975,0.007553,-0.001647,-0.002860,-0.004367,-0.002556,0.002218,0.006007,-0.005732,0.000516,-0.000790,0.000048,-0.005564,-0.004972,-0.006408,-0.001002,0.001150,0.000909,0.003042,0.001565,-0.000867,-0.003640,0.002298,0.004770,0.011663,0.005316,0.002522,0.007993,0.007382,0.000419,0.001710,0.002978,0.003169,-0.004033,0.005398,0.000105,0.011944,0.003595,0.001279,0.001007
0.013291,0.005390,0.005152,0.004323,0.006860,0.010134,0.012237,0.019210,0.020930,0.025698,0.030387,0.022388,0.022956,0.013652,0.010653,0.012283,0.010550,0.009189,0.009106,0.014046,0.012957,0.011920,0.003923,-0.000133,-0.001007,-0.000482,0.001475,0.001101,-0.007018,-0.003047,-0.002264,-0.001697,-0.006756,-0.006350,-0.010638,-0.005954,-0.003898,-0.003159,0.001925,-0.000589,-0.001953,-0.001832,0.002077,0.004981,0.010903,0.004138,0.003010,0.006711,0.005027,0.000288,0.002790,0.003130,0.000497,0.000889,0.007019,0.000649,0.008845,0.003343,-0.001765,0.000619
0.010681,0.004806,0.003610,0.002801,0.006111,0.001240,0.001344,0.003712,0.008487,0.014989,0.022388,0.038279,0.031868,0.010482,0.004862,0.006207,0.009314,0.011057,0.012447,0.013407,0.010103,0.004162,0.000776,-0.005056,-0.004601,-0.005805,-0.003097,-0.002912,-0.006624,-0.008823,-0.004981,-0.000196,-0.003451,-0.006187,-0.015239,-0.012211,-0.007086,-0.001686,0.003338,-0.000592,-0.000280,0.003521,0.004298,0.003243,0.006264,0.001886,0.002333,0.002652,0.002660,0.000785,0.003076,0.001899,-0.000809,0.002607,0.007011,0.000343,-0.000865,-0.000163,0.001208,0.001455
0.010621,0.006808,0.005192,0.004003,0.009073,0.009195,0.009364,0.010682,0.010166,0.015278,0.022956,0.031868,0.038531,0.022958,0.019530,0.019877,0.019898,0.018601,0.020015,0.020033,0.014963,0.008471,0.005398,0.000051,-0.002820,-0.007857,-0.007165,-0.005909,-0.008392,-0.008802,-0.004198,-0.002686,-0.006373,-0.009790,-0.017265,-0.012078,-0.009798,-0.004310,0.000450,-0.000077,-0.001408,0.003378,0.003043,0.004254,0.008671,0.003228,0.003037,0.004229,0.004556,0.000795,0.004665,0.004698,0.002368,0.007649,0.011142,0.004016,0.002311,0.003306,0.004523,0.001891
0.006942,0.006605,0.004707,0.003954,0.008088,0.011884,0.012849,0.012751,0.008991,0.009873,0.013652,0.010482,0.022958,0.028931,0.031343,0.028917,0.027264,0.023447,0.020351,0.020574,0.015536,0.009657,0.005173,0.002319,-0.001748,-0.007148,-0.011927,-0.012897,-0.014771,-0.010666,-0.008641,-0.012191,-0.011171,-0.010973,-0.012667,-0.008679,-0.006148,-0.005256,-0.003249,-0.002934,-0.002197,-0.002716,-0.003319,-0.003997,-0.001337,-0.002079,-0.002098,-0.000023,0.001510,0.000483,0.002327,0.003100,0.001856,0.006378,0.009972,0.004995,0.004939,0.005552,0.003601,0.001473
0.006812,0.008767,0.005675,0.004528,0.009956,0.013995,0.013829,0.012095,0.006081,0.007146,0.010653,0.004862,0.019530,0.031343,0.042966,0.042565,0.041756,0.035604,0.027357,0.025272,0.018227,0.013376,0.006557,0.001892,-0.004796,-0.012410,-0.020142,-0.022504,-0.024418,-0.017159,-0.013602,-0.017710,-0.014576,-0.015213,-0.013194,-0.009196,-0.004062,-0.005839,-0.008823,-0.005743,-0.002785,-0.004828,-0.007350,-0.008654,-0.006631,-0.004848,-0.003636,-0.001785,0.000524,0.000326,0.002423,0.003454,0.001248,0.009503,0.009846,0.006992,0.008327,0.007385,0.004993,0.002249
0.007135,0.008104,0.005617,0.003858,0.009617,0.014022,0.013339,0.011960,0.007983,0.011222,0.012283,0.006207,0.019877,0.028917,0.042565,0.054652,0.057931,0.051502,0.040297,0.034068,0.026218,0.020515,0.010487,0.001917,-0.003681,-0.012221,-0.021083,-0.025964,-0.032777,-0.022064,-0.016878,-0.016588,-0.013654,-0.014717,-0.008329,-0.003816,0.000053,-0.003203,-0.009709,-0.006191,-0.004545,-0.008137,-0.009950,-0.006411,-0.003943,-0.004371,-0.005406,-0.002545,0.000452,-0.000717,-0.000336,0.002381,0.001067,0.009681,0.010688,0.007691,0.010972,0.008841,0.007878,0.003153
0.004833,0.005986,0.004842,0.003524,0.009779,0.009752,0.008548,0.004994,0.002924,0.006392,0.010550,0.009314,0.019898,0.027264,0.041756,0.057931,0.072086,0.067505,0.053347,0.041210,0.032120,0.026873,0.018538,0.004672,-0.002207,-0.012450,-0.021882,-0.031895,-0.036923,-0.026537,-0.019778,-0.017495,-0.013852,-0.017459,-0.009603,-0.005323,0.000303,-0.005027,-0.013483,-0.009943,-0.005633,-0.009439,-0.013823,-0.010073,-0.009020,-0.008244,-0.007592,-0.006025,-0.001792,-0.000391,-0.002871,0.000434,-0.004386,0.011332,0.008121,0.003426,0.006552,0.006578,0.003454,0.002585
0.002444,0.003421,0.002992,0.003156,0.011219,0.006523,0.006305,0.002443,0.001866,0.003334,0.009189,0.011057,0.018601,0.023447,0.035604,0.051502,0.067505,0.072609,0.061619,0.049050,0.039376,0.033209,0.025176,0.011132,0.004263,-0.008323,-0.021442,-0.035266,-0.039059,-0.030339,-0.024728,-0.018934,-0.012584,-0.017761,-0.012700,-0.010125,-0.002503,-0.004830,-0.011862,-0.010959,-0.007276,-0.011855,-0.015251,-0.011686,-0.012525,-0.011595,-0.008001,-0.008835,-0.002927,-0.000844,-0.004329,-0.001078,-0.006922,0.010679,0.008522,0.003205,0.001138,0.006259,-0.000249,0.000692
0.000336,0.000229,0.001089,0.001900,0.011310,0.008133,0.006232,0.000998,0.001811,0.002054,0.009106,0.012447,0.020015,0.020351,0.027357,0.040297,0.053347,0.061619,0.068549,0.058261,0.048073,0.037109,0.025412,0.010434,0.003018,-0.005090,-0.019672,-0.031591,-0.032445,-0.028586,-0.027822,-0.020060,-0.011216,-0.012975,-0.018212,-0.016838,-0.011107,-0.008020,-0.009184,-0.009474,-0.010640,-0.010498,-0.014777,-0.008372,-0.008619,-0.009740,-0.006303,-0.008084,-0.002408,-0.001171,-0.002095,-0.000691,-0.005945,0.013213,0.008034,0.001359,-0.004172,0.006019,-0.003283,-0.002329
0.005951,0.001579,-0.001073,0.001003,0.008406,0.008028,0.005791,0.008388,0.009916,0.009121,0.014046,0.013407,0.020033,0.020574,0.025272,0.034068,0.041210,0.049050,0.058261,0.071365,0.064582,0.048165,0.025355,0.008898,0.002558,-0.005775,-0.018019,-0.021839,-0.028708,-0.025042,-0.029328,-0.020554,-0.016429,-0.012568,-0.020346,-0.019738,-0.014156,-0.006252,-0.004630,-0.011712,-0.014796,-0.012680,-0.012789,-0.005578,-0.004756,-0.009908,-0.007483,-0.010045,-0.005321,0.001300,-0.000534,-0.000972,-0.000941,0.006506,0.008473,0.004599,0.004448,0.006004,-0.008529,-0.005355
0.004631,0.000299,-0.001821,-0.000849,0.005335,0.007957,0.006345,0.009151,0.010020,0.008975,0.012957,0.010103,0.014963,0.015536,0.018227,0.026218,0.032120,0.039376,0.048073,0.064582,0.066670,0.053048,0.030787,0.016094,0.010971,0.002789,-0.009828,-0.015785,-0.025640,-0.023576,-0.028349,-0.019199,-0.017804,-0.015966,-0.021702,-0.019588,-0.013970,-0.007475,-0.002481,-0.010737,-0.015021,-0.012236,-0.010154,-0.002879,-0.001460,-0.007113,-0.005923,-0.008086,-0.004198,0.001336,-0.000826,-0.003105,0.000611,0.006387,0.005749,0.005110,0.004552,0.004645,-0.007698,-0.004849
-0.002122,-0.003229,-0.002294,-0.001684,0.004199,0.008052,0.006558,0.010649,0.005780,0.007553,0.011920,0.004162,0.008471,0.009657,0.013376,0.020515,0.026873,0.033209,0.037109,0.048165,0.053048,0.060355,0.048089,0.032598,0.024035,0.014787,-0.000074,-0.011266,-0.021104,-0.020039,-0.022196,-0.016310,-0.015364,-0.017728,-0.018386,-0.015920,-0.010822,-0.009873,-0.006955,-0.009761,-0.012781,-0.010903,-0.006169,-0.000697,0.001877,-0.002887,-0.001523,-0.003130,0.000421,0.001299,0.001293,0.000629,0.001510,0.005640,0.001684,0.001391,0.000813,0.002532,-0.010799,-0.003613
-0.008316,-0.005737,-0.002342,-0.002086,0.001372,0.002616,0.006281,0.004269,-0.003393,-0.001647,0.003923,0.000776,0.005398,0.005173,0.006557,0.010487,0.018538,0.025176,0.025412,0.025355,0.030787,0.048089,0.061795,0.049393,0.037419,0.022028,0.009554,-0.004418,-0.009362,-0.015811,-0.012194,-0.008344,-0.008286,-0.018040,-0.017703,-0.016858,-0.012250,-0.017180,-0.015815,-0.011303,-0.010665,-0.008752,-0.006629,-0.004476,-0.005776,-0.004189,-0.000574,-0.004070,0.000688,0.000078,0.000119,0.002111,-0.000554,0.003282,-0.000631,-0.003015,-0.006035,-0.001169,-0.011520,-0.002872
-0.010287,-0.005167,-0.002312,-0.002419,-0.000995,0.002120,0.005880,0.004198,-0.003402,-0.002860,-0.000133,-0.005056,0.000051,0.002319,0.001892,0.001917,0.004672,0.011132,0.010434,0.008898,0.016094,0.032598,0.049393,0.051840,0.043574,0.030178,0.018938,0.006043,0.000346,-0.008173,-0.007053,-0.008745,-0.009515,-0.019053,-0.016576,-0.017788,-0.013658,-0.019082,-0.017419,-0.010483,-0.011374,-0.009583,-0.005849,-0.004666,-0.006976,-0.003822,-0.000025,-0.002759,0.000653,-0.002546,-0.000576,0.001423,-0.000563,-0.000210,-0.006131,-0.004058,-0.010355,-0.005741,-0.011967,-0.002955
-0.012890,-0.009412,-0.006138,-0.004890,-0.004837,-0.002316,0.003353,0.000943,-0.003763,-0.004367,-0.001007,-0.004601,-0.002820,-0.001748,-0.004796,-0.003681,-0.002207,0.004263,0.003018,0.002558,0.010971,0.024035,0.037419,0.043574,0.050867,0.043859,0.030258,0.014967,0.008536,-0.000462,-0.000152,-0.003885,-0.007710,-0.016713,-0.016356,-0.019061,-0.016219,-0.018124,-0.012765,-0.013812,-0.015536,-0.011137,-0.005180,-0.003513,-0.005750,-0.003669,-0.000022,-0.001991,-0.002536,-0.003026,-0.002566,-0.004434,-0.003987,-0.003617,-0.006691,-0.001740,-0.010119,-0.006460,-0.015052,-0.006195
-0.014983,-0.014084,-0.009741,-0.007607,-0.006661,-0.002037,-0.000656,-0.001347,-0.002506,-0.002556,-0.000482,-0.005805,-0.007857,-0.007148,-0.012410,-0.012221,-0.012450,-0.008323,-0.005090,-0.005775,0.002789,0.014787,0.022028,0.030178,0.043859,0.054986,0.045797,0.025367,0.015380,0.006928,0.001139,-0.000961,-0.005611,-0.011227,-0.015859,-0.018698,-0.015543,-0.013888,-0.009005,-0.012901,-0.015459,-0.009148,-0.002794,-0.001325,-0.001094,0.000077,-0.000094,-0.000408,-0.004789,-0.003470,-0.001626,-0.005676,-0.004995,-0.005632,-0.011048,-0.005157,-0.012382,-0.010736,-0.017545,-0.008401
-0.012279,-0.011230,-0.008270,-0.006108,-0.005592,-0.005088,-0.004983,-0.005594,0.000231,0.002218,0.001475,-0.003097,-0.007165,-0.011927,-0.020142,-0.021083,-0.021882,-0.021442,-0.019672,-0.018019,-0.009828,-0.000074,0.009554,0.018938,0.030258,0.045797,0.057274,0.044536,0.030260,0.015187,0.007350,0.005023,-0.003567,-0.008661,-0.008827,-0.009567,-0.004636,-0.006152,-0.005352,-0.007487,-0.010911,-0.004543,0.001503,0.003046,0.002753,0.002931,0.001739,0.001494,-0.002777,-0.006386,-0.000576,-0.005017,-0.005809,-0.009041,-0.013919,-0.008080,-0.010387,-0.013141,-0.014595,-0.006767
-0.003691,-0.005305,-0.006296,-0.004573,-0.005209,-0.002955,-0.001872,-0.001045,0.004516,0.006007,0.001101,-0.002912,-0.005909,-0.012897,-0.022504,-0.025964,-0.031895,-0.035266,-0.031591,-0.021839,-0.015785,-0.011266,-0.004418,0.006043,0.014967,0.025367,0.044536,0.056992,0.048907,0.029836,0.020284,0.012366,-0.001417,-0.003806,-0.004442,-0.007729,-0.006696,-0.003648,-0.001398,-0.005059,-0.009473,-0.002996,0.003072,0.004873,0.006285,0.004941,0.004299,0.004868,0.001657,-0.003342,0.000912,-0.003923,0.000604,-0.010798,-0.009958,-0.004836,-0.003692,-0.007535,-0.009265,-0.004766
-0.006472,-0.005841,-0.007059,-0.005443,-0.005259,-0.005705,-0.002730,-0.007123,-0.003144,-0.005732,-0.007018,-0.006624,-0.008392,-0.014771,-0.024418,-0.032777,-0.036923,-0.039059,-0.032445,-0.028708,-0.025640,-0.021104,-0.009362,0.000346,0.008536,0.015380,0.030260,0.048907,0.066873,0.046539,0.032562,0.017553,0.007528,0.004244,-0.003054,-0.008010,-0.011826,-0.006341,-0.002638,-0.004324,-0.006564,0.000665,0.001671,0.004045,0.004232,0.005052,0.007551,0.006690,0.000962,-0.002927,0.000677,-0.003936,-0.004822,-0.011251,-0.011477,-0.007399,-0.011662,-0.008063,-0.009597,-0.004651
-0.001221,-0.004495,-0.005584,-0.004134,-0.007876,-0.002623,-0.001775,0.003085,0.003475,0.000516,-0.003047,-0.008823,-0.008802,-0.010666,-0.017159,-0.022064,-0.026537,-0.030339,-0.028586,-0.025042,-0.023576,-0.020039,-0.015811,-0.008173,-0.000462,0.006928,0.015187,0.029836,0.046539,0.046930,0.037046,0.022191,0.014116,0.013929,0.008660,0.007231,-0.001182,0.002948,0.003512,0.005055,0.005210,0.007396,0.005513,0.007295,0.010278,0.009613,0.008560,0.010556,0.002982,0.003420,-0.000821,-0.001413,-0.001081,-0.008809,-0.006009,-0.002420,-0.000763,-0.002115,-0.004395,-0.003794
0.003096,-0.002513,-0.003984,-0.003680,-0.008778,-0.001459,-0.001894,0.000833,0.001788,-0.000790,-0.002264,-0.004981,-0.004198,-0.008641,-0.013602,-0.016878,-0.019778,-0.024728,-0.027822,-0.029328,-0.028349,-0.022196,-0.012194,-0.007053,-0.000152,0.001139,0.007350,0.020284,0.032562,0.037046,0.048690,0.036115,0.021098,0.017514,0.014639,0.012528,0.002505,0.005246,0.008095,0.012811,0.013831,0.011834,0.010988,0.009913,0.012625,0.009448,0.009617,0.013098,0.005950,0.005785,-0.000422,0.000346,0.002750,-0.004731,-0.003126,0.000038,-0.001799,0.000630,-0.000995,-0.002315
0.003591,-0.003188,-0.005332,-0.004965,-0.008850,-0.005561,-0.004930,-0.002324,0.002187,0.000048,-0.001697,-0.000196,-0.002686,-0.012191,-0.017710,-0.016588,-0.017495,-0.018934,-0.020060,-0.020554,-0.019199,-0.016310,-0.008344,-0.008745,-0.003885,-0.000961,0.005023,0.012366,0.017553,0.022191,0.036115,0.043638,0.031210,0.024508,0.017689,0.015817,0.007484,0.011266,0.010680,0.013918,0.013957,0.012115,0.010859,0.010924,0.013080,0.008597,0.005682,0.008485,0.003764,0.006466,0.000134,-0.001048,0.001830,-0.005283,-0.001697,0.000848,0.001088,0.000288,0.000521,-0.001337
-0.001999,-0.004413,-0.005405,-0.004186,-0.005750,-0.007181,-0.006675,-0.006529,-0.002162,-0.005564,-0.006756,-0.003451,-0.006373,-0.011171,-0.014576,-0.013654,-0.013852,-0.012584,-0.011216,-0.016429,-0.017804,-0.015364,-0.008286,-0.009515,-0.007710,-0.005611,-0.003567,-0.001417,0.007528,0.014116,0.021098,0.031210,0.037610,0.035643,0.026066,0.022194,0.014176,0.013805,0.010913,0.018030,0.018315,0.017438,0.010035,0.009899,0.008650,0.005872,0.002322,0.003485,0.002351,0.002520,-0.000552,-0.001428,-0.003399,-0.003811,-0.002754,-0.000413,-0.001812,-0.000711,0.002786,-0.000036
0.000878,-0.003633,-0.004377,-0.002955,-0.005286,-0.005084,-0.006564,-0.004482,0.001006,-0.004972,-0.006350,-0.006187,-0.009790,-0.010973,-0.015213,-0.014717,-0.017459,-0.017761,-0.012975,-0.012568,-0.015966,-0.017728,-0.018040,-0.019053,-0.016713,-0.011227,-0.008661,-0.003806,0.004244,0.013929,0.017514,0.024508,0.035643,0.053206,0.046464,0.037291,0.022440,0.022109,0.020205,0.023400,0.021676,0.018471,0.011868,0.011893,0.010208,0.006079,-0.002159,-0.002564,-0.003031,0.003110,-0.001437,-0.001310,-0.000681,-0.002794,0.000587,-0.000975,-0.001223,0.001847,0.005442,0.002545
0.000373,0.001928,0.001532,0.000858,-0.005091,-0.005906,-0.006588,-0.004344,-0.000835,-0.006408,-0.010638,-0.015239,-0.017265,-0.012667,-0.013194,-0.008329,-0.009603,-0.012700,-0.018212,-0.020346,-0.021702,-0.018386,-0.017703,-0.016576,-0.016356,-0.015859,-0.008827,-0.004442,-0.003054,0.008660,0.014639,0.017689,0.026066,0.046464,0.061812,0.056124,0.040695,0.030363,0.020837,0.024591,0.024625,0.016833,0.012974,0.013595,0.009621,0.007697,-0.001684,-0.001909,-0.001438,0.003282,-0.002327,0.000935,0.004865,0.002500,0.002693,0.002806,0.005026,0.006542,0.011869,0.007145
0.005442,0.005238,0.005404,0.003613,-0.002568,-0.002178,-0.003005,0.000408,0.004563,-0.001002,-0.005954,-0.012211,-0.012078,-0.008679,-0.009196,-0.003816,-0.005323,-0.010125,-0.016838,-0.019738,-0.019588,-0.015920,-0.016858,-0.017788,-0.019061,-0.018698,-0.009567,-0.007729,-0.008010,0.007231,0.012528,0.015817,0.022194,0.037291,0.056124,0.065348,0.053648,0.039041,0.027029,0.030703,0.028816,0.020885,0.017722,0.018999,0.017097,0.012258,0.001565,0.003399,0.004175,0.005043,-0.000155,0.003997,0.008602,0.011530,0.007952,0.003825,0.013891,0.011230,0.017122,0.009095
0.006068,0.007857,0.008357,0.005828,0.001966,-0.004964,-0.006154,-0.004253,0.005950,0.001150,-0.003898,-0.007086,-0.009798,-0.006148,-0.004062,0.000053,0.000303,-0.002503,-0.011107,-0.014156,-0.013970,-0.010822,-0.012250,-0.013658,-0.016219,-0.015543,-0.004636,-0.006696,-0.011826,-0.001182,0.002505,0.007484,0.014176,0.022440,0.040695,0.053648,0.058848,0.040733,0.024660,0.024682,0.021970,0.016221,0.013470,0.012843,0.012133,0.008603,0.000697,0.004251,0.006071,0.002018,-0.001144,0.002368,0.004049,0.010298,0.005774,0.002429,0.012171,0.010209,0.013333,0.007504
0.006804,0.003761,0.002108,0.002459,0.000560,-0.004460,-0.006162,-0.001922,0.005607,0.000909,-0.003159,-0.001686,-0.004310,-0.005256,-0.005839,-0.003203,-0.005027,-0.004830,-0.008020,-0.006252,-0.007475,-0.009873,-0.017180,-0.019082,-0.018124,-0.013888,-0.006152,-0.003648,-0.006341,0.002948,0.005246,0.011266,0.013805,0.022109,0.030363,0.039041,0.040733,0.038597,0.030017,0.023601,0.018957,0.012767,0.013687,0.013850,0.014790,0.007798,-0.000035,0.001406,0.002672,0.004473,-0.001309,0.000621,0.004543,0.007635,0.008264,0.004338,0.007349,0.008620,0.010762,0.004896
0.008600,0.002121,0.000582,0.002345,0.001065,-0.001221,-0.001742,0.002422,0.007885,0.003042,0.001925,0.003338,0.000450,-0.003249,-0.008823,-0.009709,-0.013483,-0.011862,-0.009184,-0.004630,-0.002481,-0.006955,-0.015815,-0.017419,-0.012765,-0.009005,-0.005352,-0.001398,-0.002638,0.003512,0.008095,0.010680,0.010913,0.020205,0.020837,0.027029,0.024660,0.030017,0.038017,0.025433,0.018088,0.013777,0.018621,0.016795,0.020349,0.008969,0.001768,0.005121,0.006921,0.006551,-0.001380,-0.001817,0.004538,0.008142,0.011481,0.003513,0.003457,0.007712,0.008909,0.003585
0.007393,0.001873,0.001493,0.001769,0.000378,0.002361,-0.001228,0.002664,0.004380,0.001565,-0.000589,-0.000592,-0.000077,-0.002934,-0.005743,-0.006191,-0.009943,-0.010959,-0.009474,-0.011712,-0.010737,-0.009761,-0.011303,-0.010483,-0.013812,-0.012901,-0.007487,-0.005059,-0.004324,0.005055,0.012811,0.013918,0.018030,0.023400,0.024591,0.030703,0.024682,0.023601,0.025433,0.033999,0.030621,0.021979,0.019052,0.017350,0.021140,0.013360,0.008332,0.010474,0.012279,0.007051,0.000657,0.004089,0.007707,0.006702,0.005609,0.003018,0.002436,0.005053,0.010918,0.005534
0.008433,0.004933,0.003412,0.002940,0.000778,0.001384,0.000305,0.003688,0.001644,-0.000867,-0.001953,-0.000280,-0.001408,-0.002197,-0.002785,-0.004545,-0.005633,-0.007276,-0.010640,-0.014796,-0.015021,-0.012781,-0.010665,-0.011374,-0.015536,-0.015459,-0.010911,-0.009473,-0.006564,0.005210,0.013831,0.013957,0.018315,0.021676,0.024625,0.028816,0.021970,0.018957,0.018088,0.030621,0.037879,0.029169,0.020919,0.014930,0.017860,0.015231,0.010814,0.011793,0.013118,0.011192,0.001211,0.005977,0.008544,0.004866,0.005921,0.003096,0.001679,0.005544,0.010179,0.006797
0.005348,0.005332,0.003229,0.002768,0.002723,0.000645,-0.001999,0.001549,-0.001658,-0.003640,-0.001832,0.003521,0.003378,-0.002716,-0.004828,-0.008137,-0.009439,-0.011855,-0.010498,-0.012680,-0.012236,-0.010903,-0.008752,-0.009583,-0.011137,-0.009148,-0.004543,-0.002996,0.000665,0.007396,0.011834,0.012115,0.017438,0.018471,0.016833,0.020885,0.016221,0.012767,0.013777,0.021979,0.029169,0.039221,0.027895,0.018827,0.021721,0.017750,0.012997,0.015816,0.014983,0.010374,0.005607,0.006508,0.009203,0.006400,0.004563,0.003187,0.000673,0.003958,0.009268,0.005313
0.006218,0.003944,0.002502,0.001573,0.001048,0.000959,-0.001425,0.003989,0.002809,0.002298,0.002077,0.004298,0.003043,-0.003319,-0.007350,-0.009950,-0.013823,-0.015251,-0.014777,-0.012789,-0.010154,-0.006169,-0.006629,-0.005849,-0.005180,-0.002794,0.001503,0.003072,0.001671,0.005513,0.010988,0.010859,0.010035,0.011868,0.012974,0.017722,0.013470,0.013687,0.018621,0.019052,0.020919,0.027895,0.029592,0.021501,0.023305,0.016116,0.011366,0.013221,0.013477,0.008881,0.004669,0.003324,0.009319,0.005072,0.004349,0.002746,0.000302,0.004794,0.008231,0.006080
0.005955,0.002744,0.000537,-0.000353,-0.000786,0.000104,0.000520,0.004743,0.005701,0.004770,0.004981,0.003243,0.004254,-0.003997,-0.008654,-0.006411,-0.010073,-0.011686,-0.008372,-0.005578,-0.002879,-0.000697,-0.004476,-0.004666,-0.003513,-0.001325,0.003046,0.004873,0.004045,0.007295,0.009913,0.010924,0.009899,0.011893,0.013595,0.018999,0.012843,0.013850,0.016795,0.017350,0.014930,0.018827,0.021501,0.026479,0.029036,0.018168,0.011455,0.011387,0.010346,0.006148,0.003133,0.002514,0.005955,0.003067,0.003376,0.002735,0.001764,0.002885,0.005154,0.003629
0.010428,0.004748,0.001981,0.001261,0.002743,0.003790,0.002908,0.009803,0.011592,0.011663,0.010903,0.006264,0.008671,-0.001337,-0.006631,-0.003943,-0.009020,-0.012525,-0.008619,-0.004756,-0.001460,0.001877,-0.005776,-0.006976,-0.005750,-0.001094,0.002753,0.006285,0.004232,0.010278,0.012625,0.013080,0.008650,0.010208,0.009621,0.017097,0.012133,0.014790,0.020349,0.021140,0.017860,0.021721,0.023305,0.029036,0.041097,0.027040,0.018041,0.021339,0.019541,0.011949,0.004374,0.004665,0.009942,0.000752,0.006976,0.002867,0.005222,0.004196,0.006316,0.003011
0.006174,0.004260,0.002563,0.001153,0.000878,0.000708,0.001754,0.005736,0.004717,0.005316,0.004138,0.001886,0.003228,-0.002079,-0.004848,-0.004371,-0.008244,-0.011595,-0.009740,-0.009908,-0.007113,-0.002887,-0.004189,-0.003822,-0.003669,0.000077,0.002931,0.004941,0.005052,0.009613,0.009448,0.008597,0.005872,0.006079,0.007697,0.012258,0.008603,0.007798,0.008969,0.013360,0.015231,0.017750,0.016116,0.018168,0.027040,0.024903,0.017434,0.017140,0.015723,0.013973,0.004087,0.003973,0.008832,0.000396,0.006493,0.002618,0.005554,0.004294,0.006055,0.002444
0.004367,0.003236,0.002457,0.001626,0.001711,0.000470,0.000430,0.002767,0.001120,0.002522,0.003010,0.002333,0.003037,-0.002098,-0.003636,-0.005406,-0.007592,-0.008001,-0.006303,-0.007483,-0.005923,-0.001523,-0.000574,-0.000025,-0.000022,-0.000094,0.001739,0.004299,0.007551,0.008560,0.009617,0.005682,0.002322,-0.002159,-0.001684,0.001565,0.000697,-0.000035,0.001768,0.008332,0.010814,0.012997,0.011366,0.011455,0.018041,0.017434,0.018888,0.018352,0.016561,0.010940,0.004429,0.003456,0.006881,-0.001176,0.002855,0.003401,0.003288,0.004005,0.002755,0.000225
0.005608,0.005821,0.004131,0.003449,0.002335,0.002786,0.001837,0.006586,0.005539,0.007993,0.006711,0.002652,0.004229,-0.000023,-0.001785,-0.002545,-0.006025,-0.008835,-0.008084,-0.010045,-0.008086,-0.003130,-0.004070,-0.002759,-0.001991,-0.000408,0.001494,0.004868,0.006690,0.010556,0.013098,0.008485,0.003485,-0.002564,-0.001909,0.003399,0.004251,0.001406,0.005121,0.010474,0.011793,0.015816,0.013221,0.011387,0.021339,0.017140,0.018352,0.026840,0.023782,0.010710,0.004778,0.005062,0.008145,-0.001554,0.004031,0.002381,0.004617,0.004194,0.004140,-0.000279
0.007144,0.006943,0.005177,0.004941,0.004612,0.002873,0.003104,0.005332,0.005118,0.007382,0.005027,0.002660,0.004556,0.001510,0.000524,0.000452,-0.001792,-0.002927,-0.002408,-0.005321,-0.004198,0.000421,0.000688,0.000653,-0.002536,-0.004789,-0.002777,0.001657,0.000962,0.002982,0.005950,0.003764,0.002351,-0.003031,-0.001438,0.004175,0.006071,0.002672,0.006921,0.012279,0.013118,0.014983,0.013477,0.010346,0.019541,0.015723,0.016561,0.023782,0.026987,0.012077,0.003698,0.003819,0.006891,-0.001087,0.005618,0.001349,0.005186,0.006867,0.006714,0.002320
0.006575,0.003006,-0.000134,0.001435,-0.001953,-0.002419,0.000967,0.005804,0.001708,0.000419,0.000288,0.000785,0.000795,0.000483,0.000326,-0.000717,-0.000391,-0.000844,-0.001171,0.001300,0.001336,0.001299,0.000078,-0.002546,-0.003026,-0.003470,-0.006386,-0.003342,-0.002927,0.003420,0.005785,0.006466,0.002520,0.003110,0.003282,0.005043,0.002018,0.004473,0.006551,0.007051,0.011192,0.010374,0.008881,0.006148,0.011949,0.013973,0.010940,0.010710,0.012077,0.021242,0.002625,0.003060,0.011048,0.001930,0.010790,0.003252,0.009508,0.006043,0.001926,0.000355
0.002324,0.003469,0.001977,0.001649,0.003403,0.004041,0.002475,0.002313,0.000107,0.001710,0.002790,0.003076,0.004665,0.002327,0.002423,-0.000336,-0.002871,-0.004329,-0.002095,-0.000534,-0.000826,0.001293,0.000119,-0.000576,-0.002566,-0.001626,-0.000576,0.000912,0.000677,-0.000821,-0.000422,0.000134,-0.000552,-0.001437,-0.002327,-0.000155,-0.001144,-0.001309,-0.001380,0.000657,0.001211,0.005607,0.004669,0.003133,0.004374,0.004087,0.004429,0.004778,0.003698,0.002625,0.007127,0.005138,0.006349,0.002443,0.002756,0.001123,0.002085,0.000417,0.002604,0.001615
0.003144,0.005740,0.005270,0.004648,0.005443,0.006818,0.004177,0.005652,0.001526,0.002978,0.003130,0.001899,0.004698,0.003100,0.003454,0.002381,0.000434,-0.001078,-0.000691,-0.000972,-0.003105,0.000629,0.002111,0.001423,-0.004434,-0.005676,-0.005017,-0.003923,-0.003936,-0.001413,0.000346,-0.001048,-0.001428,-0.001310,0.000935,0.003997,0.002368,0.000621,-0.001817,0.004089,0.005977,0.006508,0.003324,0.002514,0.004665,0.003973,0.003456,0.005062,0.003819,0.003060,0.005138,0.012077,0.009206,0.004796,0.004151,0.000701,0.003557,0.000332,0.001574,0.001667
0.008207,0.006632,0.005837,0.005607,0.004380,0.008127,0.005693,0.008422,0.002467,0.003169,0.000497,-0.000809,0.002368,0.001856,0.001248,0.001067,-0.004386,-0.006922,-0.005945,-0.000941,0.000611,0.001510,-0.000554,-0.000563,-0.003987,-0.004995,-0.005809,0.000604,-0.004822,-0.001081,0.002750,0.001830,-0.003399,-0.000681,0.004865,0.008602,0.004049,0.004543,0.004538,0.007707,0.008544,0.009203,0.009319,0.005955,0.009942,0.008832,0.006881,0.008145,0.006891,0.011048,0.006349,0.009206,0.028518,0.010102,0.009188,0.008216,0.009822,0.006401,0.012706,0.005609
0.003445,0.005073,0.006134,0.004006,0.006026,0.011016,0.006000,0.003383,-0.001387,-0.004033,0.000889,0.002607,0.007649,0.006378,0.009503,0.009681,0.011332,0.010679,0.013213,0.006506,0.006387,0.005640,0.003282,-0.000210,-0.003617,-0.005632,-0.009041,-0.010798,-0.011251,-0.008809,-0.004731,-0.005283,-0.003811,-0.002794,0.002500,0.011530,0.010298,0.007635,0.008142,0.006702,0.004866,0.006400,0.005072,0.003067,0.000752,0.000396,-0.001176,-0.001554,-0.001087,0.001930,0.002443,0.004796,0.010102,0.035744,0.012068,0.005100,0.006571,0.009838,0.008871,0.002650
0.011966,0.008883,0.005955,0.005711,0.005108,0.003234,0.006465,0.010531,0.006296,0.005398,0.007019,0.007011,0.011142,0.009972,0.009846,0.010688,0.008121,0.008522,0.008034,0.008473,0.005749,0.001684,-0.000631,-0.006131,-0.006691,-0.011048,-0.013919,-0.009958,-0.011477,-0.006009,-0.003126,-0.001697,-0.002754,0.000587,0.002693,0.007952,0.005774,0.008264,0.011481,0.005609,0.005921,0.004563,0.004349,0.003376,0.006976,0.006493,0.002855,0.004031,0.005618,0.010790,0.002756,0.004151,0.009188,0.012068,0.024349,0.007919,0.013714,0.011807,0.010690,0.003274
0.005649,0.003883,0.002955,0.002739,0.001363,0.002802,0.003233,0.006048,0.001072,0.000105,0.000649,0.000343,0.004016,0.004995,0.006992,0.007691,0.003426,0.003205,0.001359,0.004599,0.005110,0.001391,-0.003015,-0.004058,-0.001740,-0.005157,-0.008080,-0.004836,-0.007399,-0.002420,0.000038,0.000848,-0.000413,-0.000975,0.002806,0.003825,0.002429,0.004338,0.003513,0.003018,0.003096,0.003187,0.002746,0.002735,0.002867,0.002618,0.003401,0.002381,0.001349,0.003252,0.001123,0.000701,0.008216,0.005100,0.007919,0.015390,0.012966,0.008973,0.008259,0.003066
0.013740,0.007665,0.006587,0.006221,0.000972,0.002562,0.004651,0.014707,0.011708,0.011944,0.008845,-0.000865,0.002311,0.004939,0.008327,0.010972,0.006552,0.001138,-0.004172,0.004448,0.004552,0.000813,-0.006035,-0.010355,-0.010119,-0.012382,-0.010387,-0.003692,-0.011662,-0.000763,-0.001799,0.001088,-0.001812,-0.001223,0.005026,0.013891,0.012171,0.007349,0.003457,0.002436,0.001679,0.000673,0.000302,0.001764,0.005222,0.005554,0.003288,0.004617,0.005186,0.009508,0.002085,0.003557,0.009822,0.006571,0.013714,0.012966,0.037464,0.016418,0.010717,0.003380
0.009447,0.005750,0.006145,0.005177,0.004514,0.003630,0.004498,0.006138,0.004965,0.003595,0.003343,-0.000163,0.003306,0.005552,0.007385,0.008841,0.006578,0.006259,0.006019,0.006004,0.004645,0.002532,-0.001169,-0.005741,-0.006460,-0.010736,-0.013141,-0.007535,-0.008063,-0.002115,0.000630,0.000288,-0.000711,0.001847,0.006542,0.011230,0.010209,0.008620,0.007712,0.005053,0.005544,0.003958,0.004794,0.002885,0.004196,0.004294,0.004005,0.004194,0.006867,0.006043,0.000417,0.000332,0.006401,0.009838,0.011807,0.008973,0.016418,0.020273,0.013363,0.004784
0.009754,0.008647,0.008462,0.006296,0.005489,0.003576,0.002446,0.000809,-0.000334,0.001279,-0.001765,0.001208,0.004523,0.003601,0.004993,0.007878,0.003454,-0.000249,-0.003283,-0.008529,-0.007698,-0.010799,-0.011520,-0.011967,-0.015052,-0.017545,-0.014595,-0.009265,-0.009597,-0.004395,-0.000995,0.000521,0.002786,0.005442,0.011869,0.017122,0.013333,0.010762,0.008909,0.010918,0.010179,0.009268,0.008231,0.005154,0.006316,0.006055,0.002755,0.004140,0.006714,0.001926,0.002604,0.001574,0.012706,0.008871,0.010690,0.008259,0.010717,0.013363,0.027679,0.012218
0.008957,0.007075,0.008133,0.005796,0.005038,0.002515,0.003906,0.001560,0.000150,0.001007,0.000619,0.001455,0.001891,0.001473,0.002249,0.003153,0.002585,0.000692,-0.002329,-0.005355,-0.004849,-0.003613,-0.002872,-0.002955,-0.006195,-0.008401,-0.006767,-0.004766,-0.004651,-0.003794,-0.002315,-0.001337,-0.000036,0.002545,0.007145,0.009095,0.007504,0.004896,0.003585,0.005534,0.006797,0.005313,0.006080,0.003629,0.003011,0.002444,0.000225,-0.000279,0.002320,0.000355,0.001615,0.001667,0.005609,0.002650,0.003274,0.003066,0.003380,0.004784,0.012218,0.012835
