10713.976491,-2450.301236,-2681.275840,-186.184910,62.950680,-873.921145,-1816.399261,416.930865
-2450.301236,7331.264126,-1767.763458,196.629195,17.359660,-1906.437888,-1917.160668,-198.062430
-2681.275840,-1767.763458,4048.457598,-344.648674,144.735240,-56.999183,390.149653,-564.012566
-186.184910,196.629195,-344.648674,454.410165,-83.868430,-290.532860,-774.858179,374.158673
62.950680,17.359660,144.735240,-83.868430,35.114051,-130.725085,107.998690,-71.743627
-873.921145,-1906.437888,-56.999183,-290.532860,-130.725085,6013.258811,-1122.129027,-59.747467
-1816.399261,-1917.160668,390.149653,-774.858179,107.998690,-1122.129027,6364.930909,-776.276903
416.930865,-198.062430,-564.012566,374.158673,-71.743627,-59.747467,-776.276903,3763.473824
