9526.701653,-2447.434017,-2340.323307,-202.052939,41.758841,-478.627179,-1647.051046,527.659499
-2447.434017,6473.759780,-1568.503899,143.285635,31.812953,-1612.643303,-1490.857342,42.547127
-2340.323307,-1568.503899,3577.116489,-264.913371,138.372528,-286.668856,305.619369,-601.977774
-202.052939,143.285635,-264.913371,406.870523,-80.420659,-287.818619,-707.596926,412.996388
41.758841,31.812953,138.372528,-80.420659,31.911269,-120.794384,97.749099,-67.996168
-478.627179,-1612.643303,-286.668856,-287.818619,-120.794384,5206.964826,-767.239132,-200.950024
-1647.051046,-1490.857342,305.619369,-707.596926,97.749099,-767.239132,5252.312567,-449.342051
527.659499,42.547127,-601.977774,412.996388,-67.996168,-200.950024,-449.342051,3262.684096
