6931.663211,-2438.718709,-1996.160968,-22.839117,36.121617,-1172.760397,-1286.707408,-232.852942
-2438.718709,5026.667128,-988.257263,41.194568,1.392560,-920.663244,-577.232091,211.696384
-1996.160968,-988.257263,2864.912036,-193.110648,96.572278,-303.580693,83.566316,-177.741874
-22.839117,41.194568,-193.110648,308.325180,-67.733780,-155.435689,-423.658327,305.715542
36.121617,1.392560,96.572278,-67.733780,29.477075,-69.098019,87.234939,-47.336064
-1172.760397,-920.663244,-303.580693,-155.435689,-69.098019,3764.965187,-370.761685,-184.231151
-1286.707408,-577.232091,83.566316,-423.658327,87.234939,-370.761685,3680.179788,13.096741
-232.852942,211.696384,-177.741874,305.715542,-47.336064,-184.231151,13.096741,2121.514026
