6.164683,-2.606889,1.234988,-0.015143,-227.908625,-24.423031,0.185805,-0.071364
-2.606889,77.193665,-4.876533,-0.275910,-3197.032643,3.936787,-0.704359,-0.583715
1.234988,-4.876533,2.166909,0.271061,-72.791992,0.003880,0.792629,-0.105833
-0.015143,-0.275910,0.271061,0.066407,-9.754165,-0.025695,0.059242,0.002786
-227.908625,-3197.032643,-72.791992,-9.754165,430220.647798,1611.743041,-276.087012,140.322737
-24.423031,3.936787,0.003880,-0.025695,1611.743041,149.842668,-0.162290,0.344804
0.185805,-0.704359,0.792629,0.059242,-276.087012,-0.162290,2.556054,-1.840497
-0.071364,-0.583715,-0.105833,0.002786,140.322737,0.344804,-1.840497,1.839712
