4.750001,-1.954541,1.226961,-0.000406,-2258.953558,-17.344535,0.079204,-0.943661
-1.954541,74.651173,-5.063875,-0.157317,-2981.702347,0.851333,-0.403936,-1.844682
1.226961,-5.063875,2.247056,0.253349,-234.883334,0.065797,0.391108,-0.207581
-0.000406,-0.157317,0.253349,0.055522,-31.422688,-0.032049,0.015973,0.007836
-2258.953558,-2981.702347,-234.883334,-31.422688,2414032.218187,14244.143638,-19.329981,728.317075
-17.344535,0.851333,0.065797,-0.032049,14244.143638,110.773116,-0.067286,4.620564
0.079204,-0.403936,0.391108,0.015973,-19.329981,-0.067286,2.221686,-1.842802
-0.943661,-1.844682,-0.207581,0.007836,728.317075,4.620564,-1.842802,2.561488
