14.816422,-3.158584,1.329818,0.010460,-6666.018606,-38.396504,3.359514,-1.913170
-3.158584,77.751008,-3.107049,-0.168601,-3159.105921,1.963576,-1.101728,-0.775233
1.329818,-3.107049,2.118875,0.207176,-86.260908,-0.160208,0.452092,-0.091698
0.010460,-0.168601,0.207176,0.057145,-24.222787,-0.048064,0.039922,0.014880
-6666.018606,-3159.105921,-86.260908,-24.222787,3841136.454776,19256.319052,-1689.550768,962.283087
-38.396504,1.963576,-0.160208,-0.048064,19256.319052,109.184357,-9.374249,4.911895
3.359514,-1.101728,0.452092,0.039922,-1689.550768,-9.374249,3.505855,-1.794418
-1.913170,-0.775233,-0.091698,0.014880,962.283087,4.911895,-1.794418,2.002757
