0.000480,0.000568,0.000608,0.000564,0.000453,0.000458,0.000316,0.000593,0.001056,0.000769,0.000840,0.000547,0.000552,0.000775,0.001294,0.001047,0.000739,0.000076,0.000112,0.000768,0.000696,-0.000297,-0.001073,-0.000924,-0.001224,-0.001515,-0.001757,-0.001314,-0.001153,-0.000599,-0.000322,-0.000392,-0.000505,-0.000384,0.000127,0.000233,0.000414,0.000606,0.000634,0.000330,0.000345,0.000570,0.000352,0.000220,0.000761,0.000730,0.000375,0.000224,0.000164,0.000064,0.000036,0.000075,0.000045,0.000020,0.000043,0.000029,0.000042,0.000055,0.000056,0.000043
0.000568,0.001215,0.001252,0.001161,0.000910,0.000997,0.000640,0.000984,0.001428,0.001048,0.001218,0.000771,0.001316,0.001468,0.002156,0.002002,0.001696,0.000462,0.000120,0.000740,0.000519,-0.000717,-0.001777,-0.001549,-0.002207,-0.002719,-0.002943,-0.002286,-0.002444,-0.001596,-0.000582,-0.000613,-0.001029,-0.000210,0.001049,0.001344,0.001297,0.001231,0.000835,0.000772,0.001267,0.001342,0.000606,0.000217,0.001215,0.001140,0.000589,0.000399,0.000288,0.000094,0.000095,0.000167,0.000094,0.000076,0.000098,0.000054,0.000055,0.000086,0.000091,0.000073
0.000608,0.001252,0.002007,0.001862,0.001452,0.001210,0.000558,0.001099,0.001696,0.001241,0.001447,0.001109,0.001761,0.001969,0.002725,0.002657,0.002982,0.001719,0.001027,0.001409,0.001251,0.000055,-0.000826,-0.000806,-0.002059,-0.003017,-0.003186,-0.003251,-0.003889,-0.002875,-0.001532,-0.002009,-0.002245,-0.001537,0.000037,0.000520,0.000926,0.000922,0.000473,0.000692,0.001692,0.001788,0.000644,0.000111,0.000985,0.000867,0.000610,0.000531,0.000290,0.000048,0.000119,0.000209,0.000126,0.000127,0.000097,0.000081,0.000102,0.000100,0.000136,0.000106
0.000564,0.001161,0.001862,0.002959,0.002273,0.001649,0.000813,0.001140,0.001442,0.001265,0.001495,0.000948,0.001550,0.002005,0.002668,0.002774,0.003211,0.002297,0.001623,0.001556,0.001452,0.000422,-0.000116,-0.000761,-0.002148,-0.003399,-0.003642,-0.003506,-0.004347,-0.003883,-0.002359,-0.002693,-0.002446,-0.001625,0.000306,0.000890,0.000691,0.000315,0.000195,0.000497,0.002027,0.001674,0.000290,-0.000384,0.000459,0.000436,0.000307,0.000358,0.000241,0.000022,0.000115,0.000211,0.000139,0.000130,0.000101,0.000071,0.000108,0.000129,0.000182,0.000132
0.000453,0.000910,0.001452,0.002273,0.003244,0.002768,0.001381,0.001196,0.001610,0.001490,0.001949,0.001860,0.002984,0.003234,0.004000,0.004619,0.005826,0.004702,0.004363,0.003634,0.002911,0.002236,0.001076,0.000151,-0.000614,-0.001644,-0.002492,-0.003335,-0.004758,-0.005564,-0.003112,-0.002955,-0.003369,-0.002861,-0.001544,-0.001210,-0.001419,-0.001275,-0.000546,0.000247,0.000705,0.001000,-0.000018,-0.000463,0.000033,0.000114,-0.000030,0.000132,0.000103,-0.000015,0.000098,0.000187,0.000143,0.000076,0.000061,0.000018,0.000064,0.000092,0.000106,0.000089
0.000458,0.000997,0.001210,0.001649,0.002768,0.005978,0.003665,0.003785,0.004394,0.003711,0.004139,0.004062,0.005714,0.005687,0.006802,0.007638,0.008275,0.005808,0.004944,0.004962,0.004539,0.002778,0.000674,0.000362,-0.000347,-0.001159,-0.002209,-0.002315,-0.003692,-0.003799,-0.001552,-0.001369,-0.002607,-0.001285,0.000168,0.000402,-0.001236,-0.001174,0.000128,0.001408,0.000846,0.000753,0.000060,0.000275,0.000847,0.000145,-0.000322,0.000200,0.000123,-0.000037,0.000194,0.000224,0.000133,0.000112,0.000085,0.000090,0.000098,0.000113,0.000125,0.000092
0.000316,0.000640,0.000558,0.000813,0.001381,0.003665,0.005094,0.004455,0.004534,0.003797,0.003655,0.002617,0.004277,0.005265,0.006529,0.006761,0.006659,0.004627,0.003647,0.003211,0.002903,0.001185,0.000190,0.000813,0.000369,-0.000505,-0.002285,-0.001401,-0.001776,-0.000624,-0.001169,-0.001771,-0.002277,-0.002364,-0.000740,-0.000202,-0.001990,-0.000712,-0.000230,0.000856,-0.000081,-0.000514,-0.000614,0.000092,0.000572,0.000277,0.000447,0.000767,0.000461,0.000113,0.000167,0.000133,0.000051,0.000049,0.000061,0.000065,0.000086,0.000079,0.000067,0.000070
0.000593,0.000984,0.001099,0.001140,0.001196,0.003785,0.004455,0.010585,0.010355,0.008283,0.007173,0.004254,0.005755,0.007659,0.008723,0.008773,0.006712,0.003048,0.001740,0.005519,0.005953,0.002263,-0.001218,-0.001369,-0.001995,-0.001746,-0.004118,-0.003193,-0.003952,-0.001016,-0.002097,-0.002913,-0.003598,-0.003622,-0.001715,0.000384,-0.000078,0.001427,0.001885,0.002786,0.001391,-0.000202,0.000853,0.001451,0.003620,0.002249,0.001089,0.001475,0.001029,0.000241,0.000274,0.000195,0.000075,0.000098,0.000114,0.000161,0.000182,0.000174,0.000097,0.000026
0.001056,0.001428,0.001696,0.001442,0.001610,0.004394,0.004534,0.010355,0.019113,0.014708,0.012207,0.006655,0.007673,0.009018,0.010563,0.010834,0.007977,0.002173,0.002118,0.008351,0.009297,0.001605,-0.005816,-0.004675,-0.004750,-0.002336,-0.002646,-0.000402,-0.002595,0.002587,-0.001073,-0.001890,-0.003435,-0.002676,-0.001746,-0.001057,-0.000214,0.004509,0.004292,0.003200,0.001195,-0.001445,0.000718,0.004270,0.006765,0.004277,0.001972,0.002021,0.001220,0.000291,0.000342,0.000379,0.000062,0.000068,0.000145,0.000188,0.000180,0.000203,0.000096,0.000043
0.000769,0.001048,0.001241,0.001265,0.001490,0.003711,0.003797,0.008283,0.014708,0.015688,0.012923,0.007993,0.009104,0.008900,0.009443,0.009621,0.007504,0.003681,0.003955,0.008084,0.008594,0.003171,-0.003063,-0.004687,-0.004066,-0.001137,-0.001796,-0.001563,-0.004803,-0.001840,-0.003002,-0.002509,-0.003463,-0.004511,-0.003830,-0.001915,-0.000523,0.002818,0.004925,0.004168,-0.000020,-0.001751,0.000771,0.004264,0.005631,0.002153,0.001614,0.002107,0.001260,0.000223,0.000328,0.000262,-0.000023,0.000007,0.000117,0.000097,0.000143,0.000159,0.000040,0.000027
0.000840,0.001218,0.001447,0.001495,0.001949,0.004139,0.003655,0.007173,0.012207,0.012923,0.015536,0.013538,0.014250,0.011218,0.010697,0.011152,0.012171,0.008870,0.008431,0.011096,0.010201,0.005997,0.000876,-0.001160,-0.000441,-0.000219,-0.001111,-0.001898,-0.004213,-0.003538,-0.003940,-0.003847,-0.005135,-0.006575,-0.007988,-0.006882,-0.006733,-0.002416,0.001295,0.001126,-0.001889,-0.000752,0.001651,0.003780,0.004640,0.001821,0.000899,0.001223,0.000879,0.000046,0.000295,0.000290,0.000027,-0.000009,0.000203,0.000079,0.000120,0.000149,0.000041,0.000019
0.000547,0.000771,0.001109,0.000948,0.001860,0.004062,0.002617,0.004254,0.006655,0.007993,0.013538,0.019524,0.018965,0.010767,0.007892,0.008466,0.011708,0.010150,0.009722,0.009896,0.006427,0.003288,0.000721,-0.002448,-0.001511,-0.002061,-0.001050,-0.002249,-0.003116,-0.005113,-0.002015,-0.000972,-0.003214,-0.004373,-0.009275,-0.009471,-0.008563,-0.003836,0.001009,0.001415,-0.000967,0.002209,0.003312,0.003064,0.002587,0.000626,0.000102,0.000222,0.000273,-0.000058,0.000177,0.000237,0.000034,-0.000052,0.000187,0.000076,0.000047,0.000055,0.000032,0.000036
0.000552,0.001316,0.001761,0.001550,0.002984,0.005714,0.004277,0.005755,0.007673,0.009104,0.014250,0.018965,0.028710,0.020843,0.018270,0.018659,0.024207,0.019669,0.018462,0.017375,0.012646,0.008558,0.004530,0.001018,0.000661,-0.000143,-0.001085,-0.005471,-0.007635,-0.010238,-0.006964,-0.007828,-0.009209,-0.012039,-0.015116,-0.013859,-0.014228,-0.008010,-0.002520,-0.001075,-0.002452,0.001066,0.001520,0.001145,0.001445,-0.000259,-0.000460,0.000521,0.000499,0.000000,0.000417,0.000321,0.000014,0.000086,0.000337,0.000129,0.000032,0.000130,0.000148,0.000048
0.000775,0.001468,0.001969,0.002005,0.003234,0.005687,0.005265,0.007659,0.009018,0.008900,0.011218,0.010767,0.020843,0.028409,0.032069,0.031643,0.035701,0.028292,0.022901,0.020734,0.017466,0.013489,0.008144,0.002749,-0.002178,-0.004475,-0.008078,-0.015353,-0.016605,-0.015707,-0.010592,-0.015672,-0.015225,-0.017303,-0.015341,-0.013553,-0.012802,-0.009022,-0.006014,-0.003095,-0.003771,-0.003320,-0.003463,-0.003543,-0.002555,-0.002812,-0.001551,-0.000336,0.000181,-0.000012,0.000349,0.000247,0.000076,0.000186,0.000365,0.000135,0.000157,0.000247,0.000232,0.000110
0.001294,0.002156,0.002725,0.002668,0.004000,0.006802,0.006529,0.008723,0.010563,0.009443,0.010697,0.007892,0.018270,0.032069,0.046167,0.048490,0.053133,0.041375,0.033174,0.028451,0.024432,0.018710,0.009907,0.002918,-0.003971,-0.009113,-0.015706,-0.023821,-0.025815,-0.021192,-0.014751,-0.022192,-0.022020,-0.021597,-0.015392,-0.014392,-0.011687,-0.010170,-0.008858,-0.005672,-0.005247,-0.006556,-0.008325,-0.007453,-0.005391,-0.004313,-0.002310,-0.001067,-0.000068,0.000017,0.000302,0.000232,0.000159,0.000310,0.000350,0.000223,0.000280,0.000343,0.000303,0.000196
0.001047,0.002002,0.002657,0.002774,0.004619,0.007638,0.006761,0.008773,0.010834,0.009621,0.011152,0.008466,0.018659,0.031643,0.048490,0.059815,0.069802,0.055948,0.044052,0.034428,0.028313,0.022750,0.013127,0.003694,-0.003978,-0.010792,-0.017471,-0.027690,-0.031948,-0.026284,-0.018214,-0.022930,-0.023778,-0.022638,-0.014211,-0.012375,-0.008441,-0.009163,-0.009957,-0.006480,-0.005480,-0.008977,-0.010844,-0.007818,-0.006422,-0.005709,-0.003665,-0.001817,-0.000484,-0.000110,0.000231,0.000278,0.000230,0.000404,0.000367,0.000242,0.000276,0.000299,0.000329,0.000209
0.000739,0.001696,0.002982,0.003211,0.005826,0.008275,0.006659,0.006712,0.007977,0.007504,0.012171,0.011708,0.024207,0.035701,0.053133,0.069802,0.101023,0.085623,0.065103,0.047150,0.040260,0.039068,0.029225,0.014258,0.005516,-0.007722,-0.017916,-0.035063,-0.039723,-0.034796,-0.025424,-0.029522,-0.029347,-0.029352,-0.018898,-0.017152,-0.011839,-0.013590,-0.015395,-0.011013,-0.010067,-0.010686,-0.013236,-0.008373,-0.008921,-0.008692,-0.005564,-0.003591,-0.001335,-0.000336,0.000096,0.000201,0.000199,0.000348,0.000334,0.000091,0.000238,0.000227,0.000231,0.000177
0.000076,0.000462,0.001719,0.002297,0.004702,0.005808,0.004627,0.003048,0.002173,0.003681,0.008870,0.010150,0.019669,0.028292,0.041375,0.055948,0.085623,0.088753,0.067916,0.049143,0.041301,0.043282,0.035726,0.017887,0.009336,-0.004431,-0.015359,-0.032542,-0.034130,-0.033401,-0.026784,-0.031158,-0.027052,-0.028322,-0.023148,-0.021472,-0.014021,-0.015002,-0.016251,-0.012370,-0.012779,-0.012499,-0.014248,-0.011264,-0.014674,-0.013251,-0.006298,-0.004074,-0.001740,-0.000531,-0.000216,0.000010,0.000072,0.000194,0.000131,-0.000071,0.000098,0.000145,-0.000029,0.000060
0.000112,0.000120,0.001027,0.001623,0.004363,0.004944,0.003647,0.001740,0.002118,0.003955,0.008431,0.009722,0.018462,0.022901,0.033174,0.044052,0.065103,0.067916,0.066015,0.056310,0.046920,0.042416,0.032419,0.016164,0.007251,-0.003146,-0.012550,-0.026790,-0.028686,-0.032307,-0.030467,-0.032323,-0.026366,-0.024445,-0.023288,-0.025884,-0.020224,-0.016326,-0.013964,-0.012885,-0.014798,-0.012716,-0.012306,-0.009090,-0.011789,-0.010576,-0.006627,-0.004754,-0.002161,-0.000574,-0.000136,0.000033,0.000100,0.000211,0.000080,-0.000011,0.000056,0.000145,-0.000044,-0.000026
0.000768,0.000740,0.001409,0.001556,0.003634,0.004962,0.003211,0.005519,0.008351,0.008084,0.011096,0.009896,0.017375,0.020734,0.028451,0.034428,0.047150,0.049143,0.056310,0.068187,0.063181,0.047044,0.028426,0.013412,0.005854,0.000112,-0.010493,-0.022625,-0.027661,-0.031612,-0.034224,-0.032406,-0.025894,-0.020333,-0.021770,-0.025633,-0.020781,-0.012765,-0.008407,-0.012475,-0.016592,-0.013902,-0.010934,-0.007281,-0.006963,-0.007285,-0.006744,-0.004763,-0.002018,-0.000413,0.000018,0.000070,0.000102,0.000341,0.000237,0.000165,0.000087,0.000206,-0.000031,-0.000064
0.000696,0.000519,0.001251,0.001452,0.002911,0.004539,0.002903,0.005953,0.009297,0.008594,0.010201,0.006427,0.012646,0.017466,0.024432,0.028313,0.040260,0.041301,0.046920,0.063181,0.070001,0.057754,0.037350,0.021170,0.013248,0.007865,-0.002354,-0.015830,-0.024734,-0.029534,-0.033829,-0.032090,-0.026803,-0.023161,-0.022707,-0.025829,-0.022589,-0.014620,-0.010882,-0.014295,-0.017144,-0.015072,-0.009725,-0.006242,-0.005282,-0.006295,-0.005304,-0.004055,-0.001405,-0.000231,0.000143,0.000066,0.000020,0.000384,0.000120,0.000161,0.000115,0.000217,-0.000070,-0.000046
-0.000297,-0.000717,0.000055,0.000422,0.002236,0.002778,0.001185,0.002263,0.001605,0.003171,0.005997,0.003288,0.008558,0.013489,0.018710,0.022750,0.039068,0.043282,0.042416,0.047044,0.057754,0.069423,0.062468,0.041071,0.032206,0.023259,0.013034,-0.007306,-0.018080,-0.026450,-0.026114,-0.026404,-0.027045,-0.031917,-0.029089,-0.028954,-0.025674,-0.024093,-0.021722,-0.019805,-0.017710,-0.013729,-0.008183,-0.005292,-0.005875,-0.005713,-0.003499,-0.003727,-0.001171,-0.000377,0.000013,-0.000043,-0.000146,0.000171,-0.000181,-0.000104,-0.000037,0.000004,-0.000340,-0.000138
-0.001073,-0.001777,-0.000826,-0.000116,0.001076,0.000674,0.000190,-0.001218,-0.005816,-0.003063,0.000876,0.000721,0.004530,0.008144,0.009907,0.013127,0.029225,0.035726,0.032419,0.028426,0.037350,0.062468,0.079802,0.061502,0.049440,0.036002,0.027508,0.003996,-0.009074,-0.021688,-0.018899,-0.019575,-0.024344,-0.034593,-0.031863,-0.030845,-0.028660,-0.031954,-0.029524,-0.022778,-0.016577,-0.010658,-0.006306,-0.005067,-0.008117,-0.006354,-0.003175,-0.003938,-0.001315,-0.000623,-0.000153,-0.000202,-0.000338,0.000004,-0.000352,-0.000296,-0.000141,-0.000217,-0.000493,-0.000263
-0.000924,-0.001549,-0.000806,-0.000761,0.000151,0.000362,0.000813,-0.001369,-0.004675,-0.004687,-0.001160,-0.002448,0.001018,0.002749,0.002918,0.003694,0.014258,0.017887,0.016164,0.013412,0.021170,0.041071,0.061502,0.064116,0.056477,0.039828,0.031872,0.014061,0.002673,-0.008909,-0.010041,-0.011786,-0.016882,-0.026122,-0.024248,-0.023170,-0.022604,-0.026987,-0.027323,-0.020726,-0.014305,-0.009690,-0.004912,-0.002738,-0.005617,-0.004094,-0.002199,-0.002683,-0.001096,-0.000743,-0.000124,-0.000240,-0.000275,0.000002,-0.000332,-0.000261,-0.000108,-0.000313,-0.000413,-0.000257
-0.001224,-0.002207,-0.002059,-0.002148,-0.000614,-0.000347,0.000369,-0.001995,-0.004750,-0.004066,-0.000441,-0.001511,0.000661,-0.002178,-0.003971,-0.003978,0.005516,0.009336,0.007251,0.005854,0.013248,0.032206,0.049440,0.056477,0.063894,0.051343,0.041314,0.023280,0.010488,-0.000276,-0.003409,-0.003943,-0.010969,-0.021153,-0.020196,-0.018940,-0.018664,-0.024193,-0.024074,-0.018632,-0.014067,-0.008325,-0.002788,0.000310,-0.003551,-0.002222,-0.001586,-0.002286,-0.001284,-0.000857,-0.000298,-0.000445,-0.000376,-0.000273,-0.000477,-0.000269,-0.000186,-0.000395,-0.000601,-0.000342
-0.001515,-0.002719,-0.003017,-0.003399,-0.001644,-0.001159,-0.000505,-0.001746,-0.002336,-0.001137,-0.000219,-0.002061,-0.000143,-0.004475,-0.009113,-0.010792,-0.007722,-0.004431,-0.003146,0.000112,0.007865,0.023259,0.036002,0.039828,0.051343,0.058250,0.054368,0.034012,0.018370,0.007271,0.000824,0.000502,-0.007646,-0.019013,-0.019110,-0.017178,-0.016782,-0.019111,-0.016810,-0.014387,-0.014214,-0.008068,-0.000309,0.003293,0.000010,-0.000357,-0.001813,-0.001778,-0.001003,-0.000646,-0.000283,-0.000482,-0.000449,-0.000494,-0.000649,-0.000296,-0.000360,-0.000496,-0.000758,-0.000418
-0.001757,-0.002943,-0.003186,-0.003642,-0.002492,-0.002209,-0.002285,-0.004118,-0.002646,-0.001796,-0.001111,-0.001050,-0.001085,-0.008078,-0.015706,-0.017471,-0.017916,-0.015359,-0.012550,-0.010493,-0.002354,0.013034,0.027508,0.031872,0.041314,0.054368,0.068437,0.053205,0.032635,0.017483,0.008987,0.004465,-0.007906,-0.019642,-0.018992,-0.017009,-0.015319,-0.015685,-0.014126,-0.013411,-0.014034,-0.005435,0.003680,0.005980,0.002643,0.000054,-0.000920,-0.001139,-0.000726,-0.000583,-0.000292,-0.000382,-0.000465,-0.000572,-0.000686,-0.000382,-0.000443,-0.000621,-0.000754,-0.000387
-0.001314,-0.002286,-0.003251,-0.003506,-0.003335,-0.002315,-0.001401,-0.003193,-0.000402,-0.001563,-0.001898,-0.002249,-0.005471,-0.015353,-0.023821,-0.027690,-0.035063,-0.032542,-0.026790,-0.022625,-0.015830,-0.007306,0.003996,0.014061,0.023280,0.034012,0.053205,0.062853,0.051967,0.038066,0.022819,0.017328,0.004321,-0.003204,-0.005589,-0.006513,-0.007680,-0.005139,-0.004184,-0.007006,-0.007571,-0.001103,0.005913,0.007594,0.006780,0.004568,0.002981,0.001472,0.000417,-0.000152,-0.000110,-0.000176,-0.000332,-0.000578,-0.000542,-0.000256,-0.000374,-0.000524,-0.000563,-0.000296
-0.001153,-0.002444,-0.003889,-0.004347,-0.004758,-0.003692,-0.001776,-0.003952,-0.002595,-0.004803,-0.004213,-0.003116,-0.007635,-0.016605,-0.025815,-0.031948,-0.039723,-0.034130,-0.028686,-0.027661,-0.024734,-0.018080,-0.009074,0.002673,0.010488,0.018370,0.032635,0.051967,0.063247,0.053181,0.032408,0.023915,0.015248,0.008543,0.000247,-0.002598,-0.005221,-0.003035,-0.001934,-0.005301,-0.004976,0.000299,0.004379,0.005866,0.006133,0.006098,0.004954,0.002402,0.000648,0.000068,-0.000102,-0.000205,-0.000346,-0.000626,-0.000467,-0.000298,-0.000426,-0.000468,-0.000498,-0.000313
-0.000599,-0.001596,-0.002875,-0.003883,-0.005564,-0.003799,-0.000624,-0.001016,0.002587,-0.001840,-0.003538,-0.005113,-0.010238,-0.015707,-0.021192,-0.026284,-0.034796,-0.033401,-0.032307,-0.031612,-0.029534,-0.026450,-0.021688,-0.008909,-0.000276,0.007271,0.017483,0.038066,0.053181,0.066157,0.043690,0.030002,0.022126,0.016977,0.012401,0.008436,0.006080,0.007758,0.003921,0.001569,0.005112,0.004808,0.005852,0.007192,0.009804,0.008694,0.005742,0.003254,0.000973,0.000334,-0.000071,0.000007,-0.000250,-0.000444,-0.000286,-0.000109,-0.000171,-0.000283,-0.000275,-0.000130
-0.000322,-0.000582,-0.001532,-0.002359,-0.003112,-0.001552,-0.001169,-0.002097,-0.001073,-0.003002,-0.003940,-0.002015,-0.006964,-0.010592,-0.014751,-0.018214,-0.025424,-0.026784,-0.030467,-0.034224,-0.033829,-0.026114,-0.018899,-0.010041,-0.003409,0.000824,0.008987,0.022819,0.032408,0.043690,0.048992,0.043364,0.025976,0.020543,0.017111,0.012102,0.009372,0.007052,0.004899,0.005926,0.009802,0.008667,0.007588,0.007524,0.008774,0.007255,0.005782,0.003144,0.000968,0.000406,-0.000093,0.000163,-0.000081,-0.000321,-0.000135,-0.000069,-0.000096,-0.000180,-0.000140,-0.000087
-0.000392,-0.000613,-0.002009,-0.002693,-0.002955,-0.001369,-0.001771,-0.002913,-0.001890,-0.002509,-0.003847,-0.000972,-0.007828,-0.015672,-0.022192,-0.022930,-0.029522,-0.031158,-0.032323,-0.032406,-0.032090,-0.026404,-0.019575,-0.011786,-0.003943,0.000502,0.004465,0.017328,0.023915,0.030002,0.043364,0.060924,0.039769,0.033542,0.025356,0.019656,0.016967,0.014255,0.012278,0.011279,0.015336,0.012748,0.010270,0.012978,0.013202,0.009841,0.005972,0.003480,0.001221,0.000433,0.000005,0.000193,-0.000067,-0.000219,-0.000045,0.000052,-0.000150,-0.000128,-0.000054,-0.000069
-0.000505,-0.001029,-0.002245,-0.002446,-0.003369,-0.002607,-0.002277,-0.003598,-0.003435,-0.003463,-0.005135,-0.003214,-0.009209,-0.015225,-0.022020,-0.023778,-0.029347,-0.027052,-0.026366,-0.025894,-0.026803,-0.027045,-0.024344,-0.016882,-0.010969,-0.007646,-0.007906,0.004321,0.015248,0.022126,0.025976,0.039769,0.041671,0.042211,0.031402,0.027186,0.022553,0.018177,0.016100,0.015432,0.016814,0.014226,0.009192,0.009434,0.009240,0.006903,0.003242,0.002609,0.000941,0.000372,0.000019,-0.000100,-0.000043,-0.000065,0.000003,0.000095,-0.000003,-0.000042,0.000066,-0.000004
-0.000384,-0.000210,-0.001537,-0.001625,-0.002861,-0.001285,-0.002364,-0.003622,-0.002676,-0.004511,-0.006575,-0.004373,-0.012039,-0.017303,-0.021597,-0.022638,-0.029352,-0.028322,-0.024445,-0.020333,-0.023161,-0.031917,-0.034593,-0.026122,-0.021153,-0.019013,-0.019642,-0.003204,0.008543,0.016977,0.020543,0.033542,0.042211,0.067051,0.057947,0.046494,0.035701,0.028425,0.023790,0.022092,0.021044,0.015143,0.009953,0.009210,0.009313,0.007350,0.001730,0.000753,0.000190,0.000441,-0.000125,-0.000236,0.000068,0.000198,0.000180,0.000264,0.000169,0.000095,0.000252,0.000119
0.000127,0.001049,0.000037,0.000306,-0.001544,0.000168,-0.000740,-0.001715,-0.001746,-0.003830,-0.007988,-0.009275,-0.015116,-0.015341,-0.015392,-0.014211,-0.018898,-0.023148,-0.023288,-0.021770,-0.022707,-0.029089,-0.031863,-0.024248,-0.020196,-0.019110,-0.018992,-0.005589,0.000247,0.012401,0.017111,0.025356,0.031402,0.057947,0.072801,0.065743,0.050774,0.034970,0.024364,0.023246,0.024142,0.014751,0.011025,0.010368,0.010630,0.008309,0.001474,0.000456,0.000146,0.000523,-0.000093,-0.000033,0.000198,0.000372,0.000190,0.000293,0.000290,0.000257,0.000499,0.000272
0.000233,0.001344,0.000520,0.000890,-0.001210,0.000402,-0.000202,0.000384,-0.001057,-0.001915,-0.006882,-0.009471,-0.013859,-0.013553,-0.014392,-0.012375,-0.017152,-0.021472,-0.025884,-0.025633,-0.025829,-0.028954,-0.030845,-0.023170,-0.018940,-0.017178,-0.017009,-0.006513,-0.002598,0.008436,0.012102,0.019656,0.027186,0.046494,0.065743,0.076537,0.067346,0.041664,0.027917,0.026894,0.025647,0.016595,0.013451,0.011992,0.010664,0.006948,0.001326,0.002245,0.001270,0.000472,0.000027,0.000054,0.000196,0.000422,0.000120,0.000219,0.000333,0.000294,0.000502,0.000239
0.000414,0.001297,0.000926,0.000691,-0.001419,-0.001236,-0.001990,-0.000078,-0.000214,-0.000523,-0.006733,-0.008563,-0.014228,-0.012802,-0.011687,-0.008441,-0.011839,-0.014021,-0.020224,-0.020781,-0.022589,-0.025674,-0.028660,-0.022604,-0.018664,-0.016782,-0.015319,-0.007680,-0.005221,0.006080,0.009372,0.016967,0.022553,0.035701,0.050774,0.067346,0.078347,0.048941,0.030005,0.026292,0.024976,0.016860,0.012766,0.010845,0.010559,0.007603,0.002147,0.002968,0.001843,0.000521,-0.000032,0.000153,0.000263,0.000345,0.000078,0.000227,0.000327,0.000278,0.000313,0.000182
0.000606,0.001231,0.000922,0.000315,-0.001275,-0.001174,-0.000712,0.001427,0.004509,0.002818,-0.002416,-0.003836,-0.008010,-0.009022,-0.010170,-0.009163,-0.013590,-0.015002,-0.016326,-0.012765,-0.014620,-0.024093,-0.031954,-0.026987,-0.024193,-0.019111,-0.015685,-0.005139,-0.003035,0.007758,0.007052,0.014255,0.018177,0.028425,0.034970,0.041664,0.048941,0.047405,0.035907,0.025724,0.020726,0.012894,0.009586,0.009493,0.012202,0.009101,0.003511,0.003035,0.001773,0.000854,0.000259,0.000329,0.000218,0.000251,0.000300,0.000241,0.000168,0.000243,0.000299,0.000240
0.000634,0.000835,0.000473,0.000195,-0.000546,0.000128,-0.000230,0.001885,0.004292,0.004925,0.001295,0.001009,-0.002520,-0.006014,-0.008858,-0.009957,-0.015395,-0.016251,-0.013964,-0.008407,-0.010882,-0.021722,-0.029524,-0.027323,-0.024074,-0.016810,-0.014126,-0.004184,-0.001934,0.003921,0.004899,0.012278,0.016100,0.023790,0.024364,0.027917,0.030005,0.035907,0.041244,0.032739,0.019263,0.012155,0.010190,0.009514,0.011994,0.008546,0.003817,0.003146,0.001944,0.000957,0.000345,0.000236,0.000126,0.000200,0.000377,0.000183,0.000128,0.000265,0.000271,0.000213
0.000330,0.000772,0.000692,0.000497,0.000247,0.001408,0.000856,0.002786,0.003200,0.004168,0.001126,0.001415,-0.001075,-0.003095,-0.005672,-0.006480,-0.011013,-0.012370,-0.012885,-0.012475,-0.014295,-0.019805,-0.022778,-0.020726,-0.018632,-0.014387,-0.013411,-0.007006,-0.005301,0.001569,0.005926,0.011279,0.015432,0.022092,0.023246,0.026894,0.026292,0.025724,0.032739,0.041478,0.030434,0.019053,0.012442,0.009284,0.010152,0.008277,0.005341,0.004516,0.002870,0.001003,0.000315,0.000248,0.000203,0.000219,0.000246,0.000216,0.000183,0.000287,0.000288,0.000247
0.000345,0.001267,0.001692,0.002027,0.000705,0.000846,-0.000081,0.001391,0.001195,-0.000020,-0.001889,-0.000967,-0.002452,-0.003771,-0.005247,-0.005480,-0.010067,-0.012779,-0.014798,-0.016592,-0.017144,-0.017710,-0.016577,-0.014305,-0.014067,-0.014214,-0.014034,-0.007571,-0.004976,0.005112,0.009802,0.015336,0.016814,0.021044,0.024142,0.025647,0.024976,0.020726,0.019263,0.030434,0.042009,0.029225,0.013906,0.007984,0.011365,0.012166,0.007113,0.004852,0.002974,0.001030,0.000455,0.000506,0.000390,0.000349,0.000285,0.000275,0.000182,0.000273,0.000399,0.000347
0.000570,0.001342,0.001788,0.001674,0.001000,0.000753,-0.000514,-0.000202,-0.001445,-0.001751,-0.000752,0.002209,0.001066,-0.003320,-0.006556,-0.008977,-0.010686,-0.012499,-0.012716,-0.013902,-0.015072,-0.013729,-0.010658,-0.009690,-0.008325,-0.008068,-0.005435,-0.001103,0.000299,0.004808,0.008667,0.012748,0.014226,0.015143,0.014751,0.016595,0.016860,0.012894,0.012155,0.019053,0.029225,0.035747,0.019843,0.009667,0.012078,0.011959,0.007170,0.004960,0.002812,0.000906,0.000596,0.000568,0.000307,0.000183,0.000119,0.000144,0.000071,0.000180,0.000249,0.000261
0.000352,0.000606,0.000644,0.000290,-0.000018,0.000060,-0.000614,0.000853,0.000718,0.000771,0.001651,0.003312,0.001520,-0.003463,-0.008325,-0.010844,-0.013236,-0.014248,-0.012306,-0.010934,-0.009725,-0.008183,-0.006306,-0.004912,-0.002788,-0.000309,0.003680,0.005913,0.004379,0.005852,0.007588,0.010270,0.009192,0.009953,0.011025,0.013451,0.012766,0.009586,0.010190,0.012442,0.013906,0.019843,0.021826,0.012724,0.011326,0.008971,0.004576,0.003240,0.002174,0.000716,0.000408,0.000358,0.000156,0.000082,-0.000004,0.000062,0.000012,0.000136,0.000059,0.000094
0.000220,0.000217,0.000111,-0.000384,-0.000463,0.000275,0.000092,0.001451,0.004270,0.004264,0.003780,0.003064,0.001145,-0.003543,-0.007453,-0.007818,-0.008373,-0.011264,-0.009090,-0.007281,-0.006242,-0.005292,-0.005067,-0.002738,0.000310,0.003293,0.005980,0.007594,0.005866,0.007192,0.007524,0.012978,0.009434,0.009210,0.010368,0.011992,0.010845,0.009493,0.009514,0.009284,0.007984,0.009667,0.012724,0.015805,0.014036,0.008832,0.004186,0.002996,0.001657,0.000348,0.000318,0.000202,-0.000024,-0.000003,-0.000000,0.000051,0.000004,-0.000017,-0.000008,0.000025
0.000761,0.001215,0.000985,0.000459,0.000033,0.000847,0.000572,0.003620,0.006765,0.005631,0.004640,0.002587,0.001445,-0.002555,-0.005391,-0.006422,-0.008921,-0.014674,-0.011789,-0.006963,-0.005282,-0.005875,-0.008117,-0.005617,-0.003551,0.000010,0.002643,0.006780,0.006133,0.009804,0.008774,0.013202,0.009240,0.009313,0.010630,0.010664,0.010559,0.012202,0.011994,0.010152,0.011365,0.012078,0.011326,0.014036,0.019808,0.015619,0.007488,0.004569,0.002650,0.000875,0.000562,0.000426,-0.000027,0.000042,0.000175,0.000096,0.000012,0.000052,0.000059,0.000102
0.000730,0.001140,0.000867,0.000436,0.000114,0.000145,0.000277,0.002249,0.004277,0.002153,0.001821,0.000626,-0.000259,-0.002812,-0.004313,-0.005709,-0.008692,-0.013251,-0.010576,-0.007285,-0.006295,-0.005713,-0.006354,-0.004094,-0.002222,-0.000357,0.000054,0.004568,0.006098,0.008694,0.007255,0.009841,0.006903,0.007350,0.008309,0.006948,0.007603,0.009101,0.008546,0.008277,0.012166,0.011959,0.008971,0.008832,0.015619,0.017790,0.009211,0.004523,0.002642,0.001122,0.000533,0.000407,-0.000005,0.000032,0.000163,0.000069,-0.000016,0.000091,0.000047,0.000102
0.000375,0.000589,0.000610,0.000307,-0.000030,-0.000322,0.000447,0.001089,0.001972,0.001614,0.000899,0.000102,-0.000460,-0.001551,-0.002310,-0.003665,-0.005564,-0.006298,-0.006627,-0.006744,-0.005304,-0.003499,-0.003175,-0.002199,-0.001586,-0.001813,-0.000920,0.002981,0.004954,0.005742,0.005782,0.005972,0.003242,0.001730,0.001474,0.001326,0.002147,0.003511,0.003817,0.005341,0.007113,0.007170,0.004576,0.004186,0.007488,0.009211,0.008137,0.004329,0.002264,0.000810,0.000415,0.000258,0.000021,-0.000004,0.000056,0.000032,0.000019,0.000081,0.000058,0.000057
0.000224,0.000399,0.000531,0.000358,0.000132,0.000200,0.000767,0.001475,0.002021,0.002107,0.001223,0.000222,0.000521,-0.000336,-0.001067,-0.001817,-0.003591,-0.004074,-0.004754,-0.004763,-0.004055,-0.003727,-0.003938,-0.002683,-0.002286,-0.001778,-0.001139,0.001472,0.002402,0.003254,0.003144,0.003480,0.002609,0.000753,0.000456,0.002245,0.002968,0.003035,0.003146,0.004516,0.004852,0.004960,0.003240,0.002996,0.004569,0.004523,0.004329,0.003459,0.001787,0.000463,0.000332,0.000204,0.000026,0.000043,0.000044,0.000050,0.000034,0.000053,0.000055,0.000032
0.000164,0.000288,0.000290,0.000241,0.000103,0.000123,0.000461,0.001029,0.001220,0.001260,0.000879,0.000273,0.000499,0.000181,-0.000068,-0.000484,-0.001335,-0.001740,-0.002161,-0.002018,-0.001405,-0.001171,-0.001315,-0.001096,-0.001284,-0.001003,-0.000726,0.000417,0.000648,0.000973,0.000968,0.001221,0.000941,0.000190,0.000146,0.001270,0.001843,0.001773,0.001944,0.002870,0.002974,0.002812,0.002174,0.001657,0.002650,0.002642,0.002264,0.001787,0.001201,0.000329,0.000167,0.000099,-0.000000,0.000025,0.000042,0.000017,0.000018,0.000055,0.000036,0.000011
0.000064,0.000094,0.000048,0.000022,-0.000015,-0.000037,0.000113,0.000241,0.000291,0.000223,0.000046,-0.000058,0.000000,-0.000012,0.000017,-0.000110,-0.000336,-0.000531,-0.000574,-0.000413,-0.000231,-0.000377,-0.000623,-0.000743,-0.000857,-0.000646,-0.000583,-0.000152,0.000068,0.000334,0.000406,0.000433,0.000372,0.000441,0.000523,0.000472,0.000521,0.000854,0.000957,0.001003,0.001030,0.000906,0.000716,0.000348,0.000875,0.001122,0.000810,0.000463,0.000329,0.000223,0.000056,0.000041,0.000009,0.000020,0.000025,0.000006,0.000005,0.000020,0.000014,0.000009
0.000036,0.000095,0.000119,0.000115,0.000098,0.000194,0.000167,0.000274,0.000342,0.000328,0.000295,0.000177,0.000417,0.000349,0.000302,0.000231,0.000096,-0.000216,-0.000136,0.000018,0.000143,0.000013,-0.000153,-0.000124,-0.000298,-0.000283,-0.000292,-0.000110,-0.000102,-0.000071,-0.000093,0.000005,0.000019,-0.000125,-0.000093,0.000027,-0.000032,0.000259,0.000345,0.000315,0.000455,0.000596,0.000408,0.000318,0.000562,0.000533,0.000415,0.000332,0.000167,0.000056,0.000098,0.000048,0.000016,0.000023,0.000016,0.000012,0.000008,0.000016,0.000020,0.000014
0.000075,0.000167,0.000209,0.000211,0.000187,0.000224,0.000133,0.000195,0.000379,0.000262,0.000290,0.000237,0.000321,0.000247,0.000232,0.000278,0.000201,0.000010,0.000033,0.000070,0.000066,-0.000043,-0.000202,-0.000240,-0.000445,-0.000482,-0.000382,-0.000176,-0.000205,0.000007,0.000163,0.000193,-0.000100,-0.000236,-0.000033,0.000054,0.000153,0.000329,0.000236,0.000248,0.000506,0.000568,0.000358,0.000202,0.000426,0.000407,0.000258,0.000204,0.000099,0.000041,0.000048,0.000105,0.000036,0.000016,0.000020,0.000008,0.000006,0.000015,0.000017,0.000010
0.000045,0.000094,0.000126,0.000139,0.000143,0.000133,0.000051,0.000075,0.000062,-0.000023,0.000027,0.000034,0.000014,0.000076,0.000159,0.000230,0.000199,0.000072,0.000100,0.000102,0.000020,-0.000146,-0.000338,-0.000275,-0.000376,-0.000449,-0.000465,-0.000332,-0.000346,-0.000250,-0.000081,-0.000067,-0.000043,0.000068,0.000198,0.000196,0.000263,0.000218,0.000126,0.000203,0.000390,0.000307,0.000156,-0.000024,-0.000027,-0.000005,0.000021,0.000026,-0.000000,0.000009,0.000016,0.000036,0.000061,0.000019,0.000012,0.000015,0.000011,0.000013,0.000019,0.000012
0.000020,0.000076,0.000127,0.000130,0.000076,0.000112,0.000049,0.000098,0.000068,0.000007,-0.000009,-0.000052,0.000086,0.000186,0.000310,0.000404,0.000348,0.000194,0.000211,0.000341,0.000384,0.000171,0.000004,0.000002,-0.000273,-0.000494,-0.000572,-0.000578,-0.000626,-0.000444,-0.000321,-0.000219,-0.000065,0.000198,0.000372,0.000422,0.000345,0.000251,0.000200,0.000219,0.000349,0.000183,0.000082,-0.000003,0.000042,0.000032,-0.000004,0.000043,0.000025,0.000020,0.000023,0.000016,0.000019,0.000063,0.000027,0.000017,0.000017,0.000020,0.000028,0.000013
0.000043,0.000098,0.000097,0.000101,0.000061,0.000085,0.000061,0.000114,0.000145,0.000117,0.000203,0.000187,0.000337,0.000365,0.000350,0.000367,0.000334,0.000131,0.000080,0.000237,0.000120,-0.000181,-0.000352,-0.000332,-0.000477,-0.000649,-0.000686,-0.000542,-0.000467,-0.000286,-0.000135,-0.000045,0.000003,0.000180,0.000190,0.000120,0.000078,0.000300,0.000377,0.000246,0.000285,0.000119,-0.000004,-0.000000,0.000175,0.000163,0.000056,0.000044,0.000042,0.000025,0.000016,0.000020,0.000012,0.000027,0.000058,0.000012,0.000011,0.000020,0.000024,0.000010
0.000029,0.000054,0.000081,0.000071,0.000018,0.000090,0.000065,0.000161,0.000188,0.000097,0.000079,0.000076,0.000129,0.000135,0.000223,0.000242,0.000091,-0.000071,-0.000011,0.000165,0.000161,-0.000104,-0.000296,-0.000261,-0.000269,-0.000296,-0.000382,-0.000256,-0.000298,-0.000109,-0.000069,0.000052,0.000095,0.000264,0.000293,0.000219,0.000227,0.000241,0.000183,0.000216,0.000275,0.000144,0.000062,0.000051,0.000096,0.000069,0.000032,0.000050,0.000017,0.000006,0.000012,0.000008,0.000015,0.000017,0.000012,0.000027,0.000016,0.000012,0.000016,0.000009
0.000042,0.000055,0.000102,0.000108,0.000064,0.000098,0.000086,0.000182,0.000180,0.000143,0.000120,0.000047,0.000032,0.000157,0.000280,0.000276,0.000238,0.000098,0.000056,0.000087,0.000115,-0.000037,-0.000141,-0.000108,-0.000186,-0.000360,-0.000443,-0.000374,-0.000426,-0.000171,-0.000096,-0.000150,-0.000003,0.000169,0.000290,0.000333,0.000327,0.000168,0.000128,0.000183,0.000182,0.000071,0.000012,0.000004,0.000012,-0.000016,0.000019,0.000034,0.000018,0.000005,0.000008,0.000006,0.000011,0.000017,0.000011,0.000016,0.000032,0.000019,0.000018,0.000010
0.000055,0.000086,0.000100,0.000129,0.000092,0.000113,0.000079,0.000174,0.000203,0.000159,0.000149,0.000055,0.000130,0.000247,0.000343,0.000299,0.000227,0.000145,0.000145,0.000206,0.000217,0.000004,-0.000217,-0.000313,-0.000395,-0.000496,-0.000621,-0.000524,-0.000468,-0.000283,-0.000180,-0.000128,-0.000042,0.000095,0.000257,0.000294,0.000278,0.000243,0.000265,0.000287,0.000273,0.000180,0.000136,-0.000017,0.000052,0.000091,0.000081,0.000053,0.000055,0.000020,0.000016,0.000015,0.000013,0.000020,0.000020,0.000012,0.000019,0.000041,0.000025,0.000010
0.000056,0.000091,0.000136,0.000182,0.000106,0.000125,0.000067,0.000097,0.000096,0.000040,0.000041,0.000032,0.000148,0.000232,0.000303,0.000329,0.000231,-0.000029,-0.000044,-0.000031,-0.000070,-0.000340,-0.000493,-0.000413,-0.000601,-0.000758,-0.000754,-0.000563,-0.000498,-0.000275,-0.000140,-0.000054,0.000066,0.000252,0.000499,0.000502,0.000313,0.000299,0.000271,0.000288,0.000399,0.000249,0.000059,-0.000008,0.000059,0.000047,0.000058,0.000055,0.000036,0.000014,0.000020,0.000017,0.000019,0.000028,0.000024,0.000016,0.000018,0.000025,0.000049,0.000023
0.000043,0.000073,0.000106,0.000132,0.000089,0.000092,0.000070,0.000026,0.000043,0.000027,0.000019,0.000036,0.000048,0.000110,0.000196,0.000209,0.000177,0.000060,-0.000026,-0.000064,-0.000046,-0.000138,-0.000263,-0.000257,-0.000342,-0.000418,-0.000387,-0.000296,-0.000313,-0.000130,-0.000087,-0.000069,-0.000004,0.000119,0.000272,0.000239,0.000182,0.000240,0.000213,0.000247,0.000347,0.000261,0.000094,0.000025,0.000102,0.000102,0.000057,0.000032,0.000011,0.000009,0.000014,0.000010,0.000012,0.000013,0.000010,0.000009,0.000010,0.000010,0.000023,0.000028
