0.024007,0.016348,0.013301,0.009152,0.008659,0.006396,0.007001,0.008211,0.010532,0.009365,0.009956,0.006204,0.006758,0.007546,0.010059,0.008809,0.009434,0.004964,0.003513,0.006679,0.004316,-0.001083,-0.005831,-0.006724,-0.009301,-0.011941,-0.011317,-0.008215,-0.009362,-0.005141,-0.001825,-0.002262,-0.004415,-0.004967,0.000316,0.000979,0.002260,0.004592,0.004536,0.002970,0.003476,0.006178,0.004161,0.004008,0.008313,0.007348,0.005043,0.004173,0.004853,0.005723,0.002558,0.006944,0.008165,0.003418,0.006048,0.003765,0.008946,0.009218,0.008930,0.006946
0.016348,0.019832,0.016384,0.010965,0.010259,0.008678,0.007315,0.007925,0.009236,0.007512,0.008020,0.005103,0.008826,0.008073,0.009962,0.008879,0.009089,0.004604,0.002845,0.004564,0.003162,-0.002988,-0.009065,-0.007871,-0.009672,-0.012831,-0.012758,-0.008828,-0.008675,-0.005353,-0.002182,-0.003341,-0.004961,-0.003299,0.002540,0.003512,0.004417,0.005233,0.004109,0.004277,0.005412,0.006889,0.003322,0.003095,0.007447,0.006104,0.004648,0.005625,0.005703,0.003369,0.003400,0.007367,0.009046,0.007809,0.007885,0.005349,0.007158,0.007787,0.008126,0.007396
0.013301,0.016384,0.020346,0.013242,0.012098,0.008536,0.004145,0.006839,0.008344,0.006417,0.007774,0.005867,0.008724,0.007749,0.009632,0.007726,0.008790,0.004784,0.004001,0.005155,0.003325,-0.002038,-0.004680,-0.003956,-0.007801,-0.010719,-0.008952,-0.007284,-0.009557,-0.007372,-0.003831,-0.005515,-0.007430,-0.005391,-0.000524,0.000111,0.001984,0.003634,0.003457,0.003489,0.005576,0.007871,0.003219,0.002157,0.005859,0.004415,0.004165,0.006023,0.004789,0.001459,0.003552,0.007540,0.008902,0.010397,0.006577,0.006145,0.008846,0.007184,0.009460,0.006987
0.009152,0.010965,0.013242,0.014923,0.012961,0.007012,0.003284,0.004315,0.004054,0.003530,0.004583,0.002887,0.005402,0.005610,0.007072,0.006707,0.008830,0.007515,0.006689,0.006384,0.004439,0.001645,0.000393,-0.001689,-0.004688,-0.008012,-0.007197,-0.005453,-0.007569,-0.007494,-0.005003,-0.005963,-0.006613,-0.005406,-0.000249,0.000127,0.000101,0.000568,0.001002,0.001106,0.003142,0.004353,0.000456,-0.000906,0.001412,0.001032,0.001138,0.002368,0.002410,0.001224,0.002063,0.006067,0.007929,0.008131,0.005439,0.005049,0.006606,0.006924,0.009459,0.005714
0.008659,0.010259,0.012098,0.012961,0.020756,0.014338,0.006440,0.006209,0.004259,0.004439,0.006235,0.005931,0.010350,0.009090,0.009486,0.010078,0.012752,0.010550,0.011958,0.010590,0.005933,0.004078,0.002489,0.000564,-0.001004,-0.003145,-0.003959,-0.004885,-0.007609,-0.009441,-0.006858,-0.007408,-0.008002,-0.006073,-0.003066,-0.003725,-0.003437,-0.001529,0.002163,0.002908,0.002686,0.005921,0.003040,0.001341,0.003801,0.003334,0.001358,0.003129,0.002590,0.001362,0.001697,0.006529,0.010707,0.006211,0.005545,0.005608,0.004910,0.006749,0.007667,0.004446
0.006396,0.008678,0.008536,0.007012,0.014338,0.033027,0.021536,0.019434,0.013233,0.011439,0.012881,0.012941,0.016594,0.012400,0.013677,0.014436,0.015755,0.009588,0.011177,0.011775,0.009259,0.004589,-0.000815,-0.001501,-0.000676,-0.000442,-0.002307,-0.001475,-0.003269,-0.004745,-0.003532,-0.004930,-0.006673,-0.002556,-0.000266,-0.001171,-0.003252,-0.001301,0.002439,0.004503,0.002254,0.004524,0.001459,0.004700,0.007041,0.002547,-0.000348,0.003079,0.001891,-0.001941,0.003430,0.005653,0.006398,0.005219,0.003481,0.006137,0.004194,0.004662,0.003535,0.003082
0.007001,0.007315,0.004145,0.003284,0.006440,0.021536,0.033893,0.025240,0.015579,0.013434,0.011841,0.008104,0.014157,0.013336,0.015355,0.014995,0.012715,0.008588,0.009059,0.008378,0.005950,0.000915,-0.001803,-0.000888,-0.002443,-0.004747,-0.006911,-0.001328,-0.001682,-0.000396,-0.004275,-0.007713,-0.006952,-0.005200,-0.001268,-0.000037,-0.001866,0.002296,0.003697,0.006873,0.004137,0.002719,0.000361,0.003583,0.007043,0.005108,0.005383,0.008348,0.008996,0.007182,0.004009,0.003481,0.002424,0.004415,0.004829,0.006075,0.006701,0.005804,0.002425,0.002923
0.008211,0.007925,0.006839,0.004315,0.006209,0.019434,0.025240,0.043272,0.029123,0.023716,0.021051,0.014471,0.016570,0.014497,0.015339,0.012849,0.008109,0.005080,0.005658,0.010822,0.010615,0.004575,-0.001368,-0.002733,-0.005767,-0.006863,-0.008487,-0.001805,-0.001773,0.000014,-0.002311,-0.004218,-0.004933,-0.004614,-0.002483,0.002159,0.003262,0.005867,0.007443,0.009206,0.006001,0.005948,0.006706,0.007496,0.010993,0.006333,0.005197,0.010225,0.010653,0.004557,0.005740,0.005820,0.002883,0.005873,0.002275,0.008493,0.009027,0.007474,0.004214,0.003326
0.010532,0.009236,0.008344,0.004054,0.004259,0.013233,0.015579,0.029123,0.038933,0.029667,0.025601,0.016456,0.015666,0.010899,0.009927,0.007192,0.003684,-0.001595,0.000899,0.009968,0.009524,0.000727,-0.006756,-0.006132,-0.006003,-0.002349,0.000721,0.004897,0.000812,0.005086,0.000091,0.000490,-0.002236,-0.002659,-0.004086,-0.001113,0.003932,0.007443,0.006554,0.005070,0.001898,0.003047,0.003530,0.008493,0.014118,0.008986,0.006230,0.011206,0.009674,0.003158,0.004504,0.007872,0.002911,0.005308,0.002901,0.006395,0.006887,0.006734,0.002736,0.002102
0.009365,0.007512,0.006417,0.003530,0.004439,0.011439,0.013434,0.023716,0.029667,0.031306,0.027615,0.019909,0.018938,0.010697,0.009058,0.006786,0.004580,0.001274,0.002547,0.008958,0.008132,0.002630,-0.003372,-0.005786,-0.004778,-0.001365,0.000918,0.003061,-0.002478,-0.001066,-0.002786,-0.000705,-0.002276,-0.003988,-0.005857,-0.001923,0.002451,0.005341,0.008251,0.007921,0.001286,0.002906,0.005629,0.009280,0.013544,0.007019,0.006223,0.011177,0.010292,0.004775,0.004127,0.005462,0.002154,0.003603,0.004237,0.004320,0.006314,0.006178,0.002490,0.002349
0.009956,0.008020,0.007774,0.004583,0.006235,0.012881,0.011841,0.021051,0.025601,0.027615,0.033826,0.032308,0.029955,0.014579,0.011998,0.010745,0.011900,0.008511,0.008683,0.012852,0.010910,0.005489,-0.000759,-0.001730,-0.000641,-0.000886,0.000862,0.000893,-0.003425,-0.005304,-0.005498,-0.003741,-0.006304,-0.008904,-0.011490,-0.006831,-0.003090,0.000223,0.004503,0.004490,-0.001699,0.002979,0.006603,0.009104,0.011901,0.005683,0.004207,0.007772,0.007439,0.000689,0.003832,0.005554,0.002007,0.004453,0.005952,0.003710,0.005311,0.004575,0.003070,0.002895
0.006204,0.005103,0.005867,0.002887,0.005931,0.012941,0.008104,0.014471,0.016456,0.019909,0.032308,0.046140,0.041971,0.016885,0.012067,0.011705,0.016218,0.013782,0.013069,0.014017,0.009229,0.004003,-0.001068,-0.002234,-0.000373,-0.003541,-0.000212,-0.000667,-0.002766,-0.009026,-0.005213,-0.002473,-0.006809,-0.010090,-0.015707,-0.012577,-0.008089,-0.002329,0.004180,0.005196,-0.001959,0.004927,0.009729,0.009012,0.009115,0.003385,0.002823,0.003463,0.003475,-0.000856,0.002730,0.003783,0.000413,0.002763,0.005816,0.003130,0.002393,0.000403,0.000955,0.001910
0.006758,0.008826,0.008724,0.005402,0.010350,0.016594,0.014157,0.016570,0.015666,0.018938,0.029955,0.041971,0.056194,0.029419,0.024518,0.024111,0.030108,0.023681,0.024311,0.024159,0.017197,0.009875,0.002227,-0.000704,-0.001944,-0.005090,-0.002380,-0.003511,-0.006103,-0.013454,-0.011811,-0.012648,-0.013739,-0.016952,-0.020698,-0.016515,-0.015351,-0.006890,0.001409,0.003241,-0.002529,0.004736,0.009287,0.007703,0.009325,0.004682,0.003830,0.006103,0.006329,0.003709,0.006057,0.005501,0.005275,0.010228,0.012684,0.008070,0.004742,0.005725,0.006755,0.002953
0.007546,0.008073,0.007749,0.005610,0.009090,0.012400,0.013336,0.014497,0.010899,0.010697,0.014579,0.016885,0.029419,0.029090,0.030685,0.029694,0.031995,0.024360,0.023179,0.023796,0.019131,0.013220,0.006257,0.000634,-0.004373,-0.007883,-0.008813,-0.012274,-0.012993,-0.015024,-0.013076,-0.017845,-0.016507,-0.016894,-0.015848,-0.013363,-0.011568,-0.007099,-0.002986,-0.001731,-0.003794,-0.001645,-0.000929,-0.001868,0.000589,-0.000563,0.000626,0.002094,0.003973,0.002650,0.003722,0.003691,0.006338,0.008790,0.011412,0.007272,0.006976,0.007822,0.006233,0.002165
0.010059,0.009962,0.009632,0.007072,0.009486,0.013677,0.015355,0.015339,0.009927,0.009058,0.011998,0.012067,0.024518,0.030685,0.042639,0.044183,0.047034,0.035796,0.031372,0.029733,0.025317,0.017016,0.007136,0.000571,-0.006314,-0.013535,-0.017420,-0.020608,-0.019748,-0.018764,-0.017707,-0.026269,-0.023097,-0.021298,-0.016433,-0.014598,-0.010802,-0.009054,-0.007538,-0.004897,-0.004940,-0.004172,-0.008211,-0.008360,-0.005370,-0.004401,-0.002118,-0.001543,0.001446,0.000748,0.002733,0.003858,0.005579,0.008833,0.009200,0.007627,0.008609,0.006949,0.006402,0.003502
0.008809,0.008879,0.007726,0.006707,0.010078,0.014436,0.014995,0.012849,0.007192,0.006786,0.010745,0.011705,0.024111,0.029694,0.044183,0.055354,0.065017,0.051693,0.042700,0.036101,0.029925,0.021295,0.010796,0.002501,-0.003741,-0.014276,-0.020426,-0.024935,-0.024967,-0.022885,-0.020559,-0.027475,-0.024428,-0.022509,-0.015874,-0.014477,-0.010454,-0.010063,-0.009420,-0.006462,-0.005775,-0.006554,-0.012493,-0.009794,-0.007656,-0.006385,-0.004115,-0.003142,-0.000359,-0.000591,0.001721,0.002846,0.006568,0.008602,0.008997,0.009342,0.009286,0.006167,0.005944,0.003901
0.009434,0.009089,0.008790,0.008830,0.012752,0.015755,0.012715,0.008109,0.003684,0.004580,0.011900,0.016218,0.030108,0.031995,0.047034,0.065017,0.094916,0.080307,0.063214,0.050195,0.042672,0.034607,0.023065,0.009314,0.000477,-0.016705,-0.024330,-0.033170,-0.034027,-0.032904,-0.029170,-0.034272,-0.029251,-0.027907,-0.019185,-0.017571,-0.011399,-0.013002,-0.014860,-0.012093,-0.011416,-0.008987,-0.017712,-0.013465,-0.012790,-0.011755,-0.008071,-0.007186,-0.003778,-0.003795,0.000124,0.001380,0.006883,0.010074,0.010172,0.008518,0.011097,0.006103,0.004914,0.003025
0.004964,0.004604,0.004784,0.007515,0.010550,0.009588,0.008588,0.005080,-0.001595,0.001274,0.008511,0.013782,0.023681,0.024360,0.035796,0.051693,0.080307,0.085571,0.070122,0.055328,0.046698,0.040273,0.029332,0.013358,0.003926,-0.013958,-0.022311,-0.032897,-0.032603,-0.033970,-0.030730,-0.034815,-0.026295,-0.026499,-0.020641,-0.019448,-0.012709,-0.012560,-0.013781,-0.011094,-0.013361,-0.013207,-0.019642,-0.017092,-0.021188,-0.017949,-0.009783,-0.009517,-0.006078,-0.004098,-0.002909,-0.001262,0.002773,0.008731,0.006302,0.005134,0.006540,0.005327,0.000298,0.001593
0.003513,0.002845,0.004001,0.006689,0.011958,0.011177,0.009059,0.005658,0.000899,0.002547,0.008683,0.013069,0.024311,0.023179,0.031372,0.042700,0.063214,0.070122,0.076455,0.068512,0.054689,0.042343,0.031504,0.015712,0.003359,-0.010571,-0.018506,-0.029901,-0.030341,-0.032811,-0.033671,-0.036322,-0.025751,-0.021634,-0.020541,-0.023358,-0.019249,-0.013756,-0.009382,-0.009180,-0.014459,-0.012487,-0.016030,-0.013129,-0.015121,-0.012771,-0.008912,-0.009778,-0.006547,-0.002206,-0.001412,0.001511,0.005861,0.011142,0.005806,0.007358,0.006083,0.007177,0.002656,0.001258
0.006679,0.004564,0.005155,0.006384,0.010590,0.011775,0.008378,0.010822,0.009968,0.008958,0.012852,0.014017,0.024159,0.023796,0.029733,0.036101,0.050195,0.055328,0.068512,0.081081,0.070337,0.049542,0.032273,0.014334,0.001052,-0.007436,-0.014884,-0.026274,-0.030994,-0.034547,-0.039216,-0.037140,-0.025470,-0.019054,-0.021825,-0.023229,-0.017439,-0.010330,-0.005609,-0.009852,-0.016610,-0.012739,-0.015456,-0.012730,-0.011177,-0.010884,-0.009804,-0.010091,-0.007504,-0.002897,0.000868,0.002950,0.006060,0.014720,0.007105,0.008507,0.007735,0.007199,0.002211,0.001425
0.004316,0.003162,0.003325,0.004439,0.005933,0.009259,0.005950,0.010615,0.009524,0.008132,0.010910,0.009229,0.017197,0.019131,0.025317,0.029925,0.042672,0.046698,0.054689,0.070337,0.076413,0.061063,0.040285,0.021109,0.009521,0.002770,-0.006533,-0.020025,-0.027769,-0.033442,-0.039322,-0.037967,-0.028085,-0.023706,-0.023643,-0.024256,-0.019473,-0.012201,-0.008772,-0.012397,-0.017652,-0.014723,-0.013876,-0.010386,-0.009300,-0.010517,-0.008153,-0.009458,-0.006132,-0.003499,0.000811,0.000232,0.000558,0.012829,0.001425,0.006402,0.005061,0.004471,-0.001485,0.001417
-0.001083,-0.002988,-0.002038,0.001645,0.004078,0.004589,0.000915,0.004575,0.000727,0.002630,0.005489,0.004003,0.009875,0.013220,0.017016,0.021295,0.034607,0.040273,0.042343,0.049542,0.061063,0.070323,0.062156,0.038385,0.026551,0.018864,0.009826,-0.009529,-0.019010,-0.027269,-0.028788,-0.028464,-0.024258,-0.026018,-0.025869,-0.026015,-0.023569,-0.019745,-0.017793,-0.017067,-0.017801,-0.016574,-0.011958,-0.008241,-0.009329,-0.009577,-0.006583,-0.011515,-0.007270,-0.002780,-0.000824,-0.002750,-0.002152,0.008546,-0.005033,0.001342,0.000060,0.000542,-0.007116,-0.000592
-0.005831,-0.009065,-0.004680,0.000393,0.002489,-0.000815,-0.001803,-0.001368,-0.006756,-0.003372,-0.000759,-0.001068,0.002227,0.006257,0.007136,0.010796,0.023065,0.029332,0.031504,0.032273,0.040285,0.062156,0.079134,0.059687,0.043218,0.032322,0.024635,0.003209,-0.009766,-0.022033,-0.020504,-0.018662,-0.020266,-0.027497,-0.028198,-0.028019,-0.028402,-0.028726,-0.026129,-0.022533,-0.018401,-0.018432,-0.012599,-0.008793,-0.012808,-0.010446,-0.007018,-0.013567,-0.008737,-0.004658,-0.002619,-0.005336,-0.006415,0.001910,-0.009283,-0.002644,-0.001662,-0.002448,-0.010309,-0.003605
-0.006724,-0.007871,-0.003956,-0.001689,0.000564,-0.001501,-0.000888,-0.002733,-0.006132,-0.005786,-0.001730,-0.002234,-0.000704,0.000634,0.000571,0.002501,0.009314,0.013358,0.015712,0.014334,0.021109,0.038385,0.059687,0.062203,0.052117,0.039611,0.030777,0.013768,0.002178,-0.009484,-0.009808,-0.009830,-0.014713,-0.021564,-0.022143,-0.021386,-0.023030,-0.024741,-0.023542,-0.020785,-0.016441,-0.016962,-0.009733,-0.004356,-0.008801,-0.006121,-0.004981,-0.009952,-0.006614,-0.007588,-0.003137,-0.005668,-0.008631,-0.002117,-0.009249,-0.004159,-0.002331,-0.007131,-0.010566,-0.005033
-0.009301,-0.009672,-0.007801,-0.004688,-0.001004,-0.000676,-0.002443,-0.005767,-0.006003,-0.004778,-0.000641,-0.000373,-0.001944,-0.004373,-0.006314,-0.003741,0.000477,0.003926,0.003359,0.001052,0.009521,0.026551,0.043218,0.052117,0.059342,0.053147,0.040758,0.022841,0.009279,-0.000948,-0.002080,-0.001923,-0.008288,-0.015568,-0.016874,-0.016748,-0.018263,-0.020735,-0.019786,-0.017599,-0.013258,-0.013974,-0.005186,0.000026,-0.005008,-0.002269,-0.003040,-0.007194,-0.005683,-0.008147,-0.005150,-0.008271,-0.007547,-0.006958,-0.011424,-0.004914,-0.003611,-0.009220,-0.015071,-0.006964
-0.011941,-0.012831,-0.010719,-0.008012,-0.003145,-0.000442,-0.004747,-0.006863,-0.002349,-0.001365,-0.000886,-0.003541,-0.005090,-0.007883,-0.013535,-0.014276,-0.016705,-0.013958,-0.010571,-0.007436,0.002770,0.018864,0.032322,0.039611,0.053147,0.069488,0.062066,0.037067,0.018593,0.008538,0.003298,0.003477,-0.003800,-0.013479,-0.017185,-0.016555,-0.016163,-0.017184,-0.014985,-0.013840,-0.012004,-0.010715,-0.000723,0.003948,0.001034,0.001525,-0.002802,-0.004306,-0.003946,-0.007457,-0.004564,-0.007672,-0.008536,-0.011377,-0.016377,-0.006790,-0.009047,-0.011863,-0.019776,-0.008699
-0.011317,-0.012758,-0.008952,-0.007197,-0.003959,-0.002307,-0.006911,-0.008487,0.000721,0.000918,0.000862,-0.000212,-0.002380,-0.008813,-0.017420,-0.020426,-0.024330,-0.022311,-0.018506,-0.014884,-0.006533,0.009826,0.024635,0.030777,0.040758,0.062066,0.074047,0.055320,0.031353,0.016758,0.010030,0.009062,-0.001908,-0.014769,-0.018870,-0.016783,-0.012860,-0.013152,-0.013593,-0.013287,-0.011546,-0.007312,0.001775,0.005543,0.003512,0.000580,-0.003157,-0.003167,-0.003814,-0.008785,-0.003503,-0.005195,-0.010548,-0.009554,-0.016038,-0.009602,-0.010499,-0.013676,-0.018337,-0.008340
-0.008215,-0.008828,-0.007284,-0.005453,-0.004885,-0.001475,-0.001328,-0.001805,0.004897,0.003061,0.000893,-0.000667,-0.003511,-0.012274,-0.020608,-0.024935,-0.033170,-0.032897,-0.029901,-0.026274,-0.020025,-0.009529,0.003209,0.013768,0.022841,0.037067,0.055320,0.064721,0.049579,0.034011,0.022747,0.022411,0.008422,-0.003041,-0.007115,-0.006470,-0.006205,-0.004285,-0.005748,-0.009125,-0.006651,-0.003299,0.004335,0.007950,0.008319,0.004244,0.001424,0.003115,0.001528,-0.003926,-0.000991,-0.001309,-0.007791,-0.008223,-0.010532,-0.007442,-0.007687,-0.009740,-0.011114,-0.005073
-0.009362,-0.008675,-0.009557,-0.007569,-0.007609,-0.003269,-0.001682,-0.001773,0.000812,-0.002478,-0.003425,-0.002766,-0.006103,-0.012993,-0.019748,-0.024967,-0.034027,-0.032603,-0.030341,-0.030994,-0.027769,-0.019010,-0.009766,0.002178,0.009279,0.018593,0.031353,0.049579,0.058243,0.048493,0.031877,0.026304,0.015984,0.008599,0.001981,0.000900,-0.001925,-0.001102,-0.003264,-0.007080,-0.002900,0.000131,0.004878,0.008243,0.009522,0.007453,0.005263,0.004986,0.003005,-0.000494,-0.000158,-0.001350,-0.008312,-0.012689,-0.008960,-0.010750,-0.011401,-0.010182,-0.008405,-0.004308
-0.005141,-0.005353,-0.007372,-0.007494,-0.009441,-0.004745,-0.000396,0.000014,0.005086,-0.001066,-0.005304,-0.009026,-0.013454,-0.015024,-0.018764,-0.022885,-0.032904,-0.033970,-0.032811,-0.034547,-0.033442,-0.027269,-0.022033,-0.009484,-0.000948,0.008538,0.016758,0.034011,0.048493,0.064649,0.047770,0.035704,0.025668,0.020787,0.015710,0.012560,0.011303,0.011087,0.003867,0.001995,0.010417,0.009826,0.010803,0.012637,0.017309,0.015260,0.010949,0.010657,0.006310,0.004680,0.000933,0.002291,-0.002523,-0.008778,-0.005176,-0.004350,-0.004456,-0.004612,-0.002184,-0.000458
-0.001825,-0.002182,-0.003831,-0.005003,-0.006858,-0.003532,-0.004275,-0.002311,0.000091,-0.002786,-0.005498,-0.005213,-0.011811,-0.013076,-0.017707,-0.020559,-0.029170,-0.030730,-0.033671,-0.039216,-0.039322,-0.028788,-0.020504,-0.009808,-0.002080,0.003298,0.010030,0.022747,0.031877,0.047770,0.058432,0.054059,0.031703,0.023850,0.019213,0.015472,0.013551,0.010513,0.006670,0.007903,0.015131,0.012143,0.014028,0.014681,0.016693,0.014609,0.012488,0.011510,0.008020,0.005775,0.000276,0.002015,0.001519,-0.007380,-0.002730,-0.002597,-0.001631,-0.000695,0.000952,-0.000462
-0.002262,-0.003341,-0.005515,-0.005963,-0.007408,-0.004930,-0.007713,-0.004218,0.000490,-0.000705,-0.003741,-0.002473,-0.012648,-0.017845,-0.026269,-0.027475,-0.034272,-0.034815,-0.036322,-0.037140,-0.037967,-0.028464,-0.018662,-0.009830,-0.001923,0.003477,0.009062,0.022411,0.026304,0.035704,0.054059,0.073915,0.048009,0.037726,0.027644,0.023622,0.021024,0.016546,0.014690,0.013675,0.018631,0.015420,0.016585,0.020363,0.021907,0.017157,0.012914,0.013520,0.009824,0.005217,0.000984,0.001044,-0.001040,-0.007159,-0.001162,0.000513,-0.001394,0.000288,0.000099,-0.001944
-0.004415,-0.004961,-0.007430,-0.006613,-0.008002,-0.006673,-0.006952,-0.004933,-0.002236,-0.002276,-0.006304,-0.006809,-0.013739,-0.016507,-0.023097,-0.024428,-0.029251,-0.026295,-0.025751,-0.025470,-0.028085,-0.024258,-0.020266,-0.014713,-0.008288,-0.003800,-0.001908,0.008422,0.015984,0.025668,0.031703,0.048009,0.047257,0.046088,0.033948,0.030012,0.026675,0.019377,0.016206,0.016459,0.018510,0.017634,0.014630,0.014297,0.015471,0.012213,0.008058,0.010566,0.006832,0.005708,0.001352,-0.000728,-0.001827,-0.004339,-0.000902,0.000678,-0.000497,0.000175,0.001659,-0.001670
-0.004967,-0.003299,-0.005391,-0.005406,-0.006073,-0.002556,-0.005200,-0.004614,-0.002659,-0.003988,-0.008904,-0.010090,-0.016952,-0.016894,-0.021298,-0.022509,-0.027907,-0.026499,-0.021634,-0.019054,-0.023706,-0.026018,-0.027497,-0.021564,-0.015568,-0.013479,-0.014769,-0.003041,0.008599,0.020787,0.023850,0.037726,0.046088,0.069328,0.057649,0.046841,0.039875,0.027912,0.021525,0.023572,0.024499,0.019730,0.014185,0.013105,0.013619,0.012303,0.006904,0.006152,0.002339,0.003868,0.001426,-0.001368,0.001342,0.000279,0.001820,0.004372,0.003317,0.003776,0.008136,0.000920
0.000316,0.002540,-0.000524,-0.000249,-0.003066,-0.000266,-0.001268,-0.002483,-0.004086,-0.005857,-0.011490,-0.015707,-0.020698,-0.015848,-0.016433,-0.015874,-0.019185,-0.020641,-0.020541,-0.021825,-0.023643,-0.025869,-0.028198,-0.022143,-0.016874,-0.017185,-0.018870,-0.007115,0.001981,0.015710,0.019213,0.027644,0.033948,0.057649,0.067301,0.060226,0.050357,0.032291,0.021047,0.023751,0.026327,0.017647,0.011372,0.010452,0.010052,0.010909,0.004533,0.001996,-0.000680,0.001153,0.000583,0.000287,0.003667,0.005013,0.002842,0.005581,0.008192,0.007621,0.013574,0.004300
0.000979,0.003512,0.000111,0.000127,-0.003725,-0.001171,-0.000037,0.002159,-0.001113,-0.001923,-0.006831,-0.012577,-0.016515,-0.013363,-0.014598,-0.014477,-0.017571,-0.019448,-0.023358,-0.023229,-0.024256,-0.026015,-0.028019,-0.021386,-0.016748,-0.016555,-0.016783,-0.006470,0.000900,0.012560,0.015472,0.023622,0.030012,0.046841,0.060226,0.070053,0.065421,0.038281,0.026633,0.029767,0.026151,0.019336,0.015646,0.014244,0.011858,0.009282,0.004001,0.006107,0.003810,-0.000575,0.001020,0.000082,0.001337,0.005072,0.001644,0.002411,0.007731,0.006639,0.011070,0.002729
0.002260,0.004417,0.001984,0.000101,-0.003437,-0.003252,-0.001866,0.003262,0.003932,0.002451,-0.003090,-0.008089,-0.015351,-0.011568,-0.010802,-0.010454,-0.011399,-0.012709,-0.019249,-0.017439,-0.019473,-0.023569,-0.028402,-0.023030,-0.018263,-0.016163,-0.012860,-0.006205,-0.001925,0.011303,0.013551,0.021024,0.026675,0.039875,0.050357,0.065421,0.082068,0.049305,0.031718,0.032193,0.027385,0.021891,0.016589,0.014276,0.014530,0.010645,0.005548,0.008859,0.006674,-0.001710,-0.000321,-0.000545,0.002338,0.004191,0.002258,0.003520,0.008458,0.007205,0.006466,0.001979
0.004592,0.005233,0.003634,0.000568,-0.001529,-0.001301,0.002296,0.005867,0.007443,0.005341,0.000223,-0.002329,-0.006890,-0.007099,-0.009054,-0.010063,-0.013002,-0.012560,-0.013756,-0.010330,-0.012201,-0.019745,-0.028726,-0.024741,-0.020735,-0.017184,-0.013152,-0.004285,-0.001102,0.011087,0.010513,0.016546,0.019377,0.027912,0.032291,0.038281,0.049305,0.046354,0.037216,0.030924,0.024677,0.019082,0.015313,0.013526,0.018229,0.013606,0.009336,0.012272,0.009631,0.006584,0.003956,0.004455,0.006074,0.007333,0.008853,0.007286,0.005320,0.008433,0.007726,0.004994
0.004536,0.004109,0.003457,0.001002,0.002163,0.002439,0.003697,0.007443,0.006554,0.008251,0.004503,0.004180,0.001409,-0.002986,-0.007538,-0.009420,-0.014860,-0.013781,-0.009382,-0.005609,-0.008772,-0.017793,-0.026129,-0.023542,-0.019786,-0.014985,-0.013593,-0.005748,-0.003264,0.003867,0.006670,0.014690,0.016206,0.021525,0.021047,0.026633,0.031718,0.037216,0.045784,0.040115,0.025097,0.020721,0.020011,0.017877,0.022175,0.015243,0.011464,0.015514,0.013225,0.010125,0.006304,0.005110,0.007901,0.007624,0.011020,0.007264,0.004454,0.009567,0.009310,0.005664
0.002970,0.004277,0.003489,0.001106,0.002908,0.004503,0.006873,0.009206,0.005070,0.007921,0.004490,0.005196,0.003241,-0.001731,-0.004897,-0.006462,-0.012093,-0.011094,-0.009180,-0.009852,-0.012397,-0.017067,-0.022533,-0.020785,-0.017599,-0.013840,-0.013287,-0.009125,-0.007080,0.001995,0.007903,0.013675,0.016459,0.023572,0.023751,0.029767,0.032193,0.030924,0.040115,0.054775,0.040950,0.031556,0.026204,0.020459,0.022882,0.018390,0.016517,0.019043,0.017146,0.013315,0.005968,0.004748,0.008679,0.009734,0.007717,0.006718,0.004091,0.007792,0.009201,0.005496
0.003476,0.005412,0.005576,0.003142,0.002686,0.002254,0.004137,0.006001,0.001898,0.001286,-0.001699,-0.001959,-0.002529,-0.003794,-0.004940,-0.005775,-0.011416,-0.013361,-0.014459,-0.016610,-0.017652,-0.017801,-0.018401,-0.016441,-0.013258,-0.012004,-0.011546,-0.006651,-0.002900,0.010417,0.015131,0.018631,0.018510,0.024499,0.026327,0.026151,0.027385,0.024677,0.025097,0.040950,0.052993,0.043179,0.028303,0.018412,0.024332,0.023853,0.019864,0.019087,0.017058,0.015545,0.005858,0.007002,0.011804,0.011024,0.007383,0.008447,0.003636,0.007593,0.011214,0.006037
0.006178,0.006889,0.007871,0.004353,0.005921,0.004524,0.002719,0.005948,0.003047,0.002906,0.002979,0.004927,0.004736,-0.001645,-0.004172,-0.006554,-0.008987,-0.013207,-0.012487,-0.012739,-0.014723,-0.016574,-0.018432,-0.016962,-0.013974,-0.010715,-0.007312,-0.003299,0.000131,0.009826,0.012143,0.015420,0.017634,0.019730,0.017647,0.019336,0.021891,0.019082,0.020721,0.031556,0.043179,0.056129,0.038444,0.023976,0.030747,0.026588,0.020396,0.021544,0.018654,0.014523,0.008235,0.008128,0.010081,0.008794,0.005349,0.006058,0.004412,0.007438,0.011165,0.005758
0.004161,0.003322,0.003219,0.000456,0.003040,0.001459,0.000361,0.006706,0.003530,0.005629,0.006603,0.009729,0.009287,-0.000929,-0.008211,-0.012493,-0.017712,-0.019642,-0.016030,-0.015456,-0.013876,-0.011958,-0.012599,-0.009733,-0.005186,-0.000723,0.001775,0.004335,0.004878,0.010803,0.014028,0.016585,0.014630,0.014185,0.011372,0.015646,0.016589,0.015313,0.020011,0.026204,0.028303,0.038444,0.047103,0.030908,0.031088,0.023783,0.017382,0.018065,0.017378,0.013061,0.006234,0.004365,0.008167,0.004051,0.000653,0.003791,0.001898,0.006743,0.005847,0.003426
0.004008,0.003095,0.002157,-0.000906,0.001341,0.004700,0.003583,0.007496,0.008493,0.009280,0.009104,0.009012,0.007703,-0.001868,-0.008360,-0.009794,-0.013465,-0.017092,-0.013129,-0.012730,-0.010386,-0.008241,-0.008793,-0.004356,0.000026,0.003948,0.005543,0.007950,0.008243,0.012637,0.014681,0.020363,0.014297,0.013105,0.010452,0.014244,0.014276,0.013526,0.017877,0.020459,0.018412,0.023976,0.030908,0.033397,0.034839,0.022829,0.016946,0.018235,0.016085,0.008175,0.005184,0.003356,0.003116,0.002647,0.002001,0.003558,0.002330,0.003432,0.004385,0.002356
0.008313,0.007447,0.005859,0.001412,0.003801,0.007041,0.007043,0.010993,0.014118,0.013544,0.011901,0.009115,0.009325,0.000589,-0.005370,-0.007656,-0.012790,-0.021188,-0.015121,-0.011177,-0.009300,-0.009329,-0.012808,-0.008801,-0.005008,0.001034,0.003512,0.008319,0.009522,0.017309,0.016693,0.021907,0.015471,0.013619,0.010052,0.011858,0.014530,0.018229,0.022175,0.022882,0.024332,0.030747,0.031088,0.034839,0.049883,0.037470,0.026576,0.027097,0.023783,0.016506,0.008737,0.007739,0.005040,0.006842,0.007507,0.005249,0.003496,0.005405,0.005862,0.004881
0.007348,0.006104,0.004415,0.001032,0.003334,0.002547,0.005108,0.006333,0.008986,0.007019,0.005683,0.003385,0.004682,-0.000563,-0.004401,-0.006385,-0.011755,-0.017949,-0.012771,-0.010884,-0.010517,-0.009577,-0.010446,-0.006121,-0.002269,0.001525,0.000580,0.004244,0.007453,0.015260,0.014609,0.017157,0.012213,0.012303,0.010909,0.009282,0.010645,0.013606,0.015243,0.018390,0.023853,0.026588,0.023783,0.022829,0.037470,0.038437,0.028056,0.022865,0.020718,0.020947,0.007685,0.006853,0.006072,0.007350,0.006893,0.004664,0.002755,0.006972,0.005309,0.004544
0.005043,0.004648,0.004165,0.001138,0.001358,-0.000348,0.005383,0.005197,0.006230,0.006223,0.004207,0.002823,0.003830,0.000626,-0.002118,-0.004115,-0.008071,-0.009783,-0.008912,-0.009804,-0.008153,-0.006583,-0.007018,-0.004981,-0.003040,-0.002802,-0.003157,0.001424,0.005263,0.010949,0.012488,0.012914,0.008058,0.006904,0.004533,0.004001,0.005548,0.009336,0.011464,0.016517,0.019864,0.020396,0.017382,0.016946,0.026576,0.028056,0.029607,0.024904,0.022217,0.020921,0.007058,0.004479,0.005622,0.004707,0.004887,0.003221,0.002842,0.006495,0.005271,0.003521
0.004173,0.005625,0.006023,0.002368,0.003129,0.003079,0.008348,0.010225,0.011206,0.011177,0.007772,0.003463,0.006103,0.002094,-0.001543,-0.003142,-0.007186,-0.009517,-0.009778,-0.010091,-0.009458,-0.011515,-0.013567,-0.009952,-0.007194,-0.004306,-0.003167,0.003115,0.004986,0.010657,0.011510,0.013520,0.010566,0.006152,0.001996,0.006107,0.008859,0.012272,0.015514,0.019043,0.019087,0.021544,0.018065,0.018235,0.027097,0.022865,0.024904,0.032408,0.028844,0.020052,0.008466,0.005714,0.004354,0.006667,0.006604,0.005144,0.004335,0.006339,0.004492,0.001953
0.004853,0.005703,0.004789,0.002410,0.002590,0.001891,0.008996,0.010653,0.009674,0.010292,0.007439,0.003475,0.006329,0.003973,0.001446,-0.000359,-0.003778,-0.006078,-0.006547,-0.007504,-0.006132,-0.007270,-0.008737,-0.006614,-0.005683,-0.003946,-0.003814,0.001528,0.003005,0.006310,0.008020,0.009824,0.006832,0.002339,-0.000680,0.003810,0.006674,0.009631,0.013225,0.017146,0.017058,0.018654,0.017378,0.016085,0.023783,0.020718,0.022217,0.028844,0.031745,0.021693,0.007464,0.004118,0.001992,0.004731,0.005723,0.002798,0.003511,0.007346,0.002995,0.001213
0.005723,0.003369,0.001459,0.001224,0.001362,-0.001941,0.007182,0.004557,0.003158,0.004775,0.000689,-0.000856,0.003709,0.002650,0.000748,-0.000591,-0.003795,-0.004098,-0.002206,-0.002897,-0.003499,-0.002780,-0.004658,-0.007588,-0.008147,-0.007457,-0.008785,-0.003926,-0.000494,0.004680,0.005775,0.005217,0.005708,0.003868,0.001153,-0.000575,-0.001710,0.006584,0.010125,0.013315,0.015545,0.014523,0.013061,0.008175,0.016506,0.020947,0.020921,0.020052,0.021693,0.035319,0.007395,0.007239,0.009539,0.009397,0.006674,0.005478,0.004741,0.009098,0.004706,0.003045
0.002558,0.003400,0.003552,0.002063,0.001697,0.003430,0.004009,0.005740,0.004504,0.004127,0.003832,0.002730,0.006057,0.003722,0.002733,0.001721,0.000124,-0.002909,-0.001412,0.000868,0.000811,-0.000824,-0.002619,-0.003137,-0.005150,-0.004564,-0.003503,-0.000991,-0.000158,0.000933,0.000276,0.000984,0.001352,0.001426,0.000583,0.001020,-0.000321,0.003956,0.006304,0.005968,0.005858,0.008235,0.006234,0.005184,0.008737,0.007685,0.007058,0.008466,0.007464,0.007395,0.009076,0.006381,0.004193,0.007063,0.004699,0.003026,0.002493,0.003342,0.004201,0.002887
0.006944,0.007367,0.007540,0.006067,0.006529,0.005653,0.003481,0.005820,0.007872,0.005462,0.005554,0.003783,0.005501,0.003691,0.003858,0.002846,0.001380,-0.001262,0.001511,0.002950,0.000232,-0.002750,-0.005336,-0.005668,-0.008271,-0.007672,-0.005195,-0.001309,-0.001350,0.002291,0.002015,0.001044,-0.000728,-0.001368,0.000287,0.000082,-0.000545,0.004455,0.005110,0.004748,0.007002,0.008128,0.004365,0.003356,0.007739,0.006853,0.004479,0.005714,0.004118,0.007239,0.006381,0.018777,0.012261,0.006191,0.006191,0.004145,0.003016,0.004704,0.005632,0.004084
0.008165,0.009046,0.008902,0.007929,0.010707,0.006398,0.002424,0.002883,0.002911,0.002154,0.002007,0.000413,0.005275,0.006338,0.005579,0.006568,0.006883,0.002773,0.005861,0.006060,0.000558,-0.002152,-0.006415,-0.008631,-0.007547,-0.008536,-0.010548,-0.007791,-0.008312,-0.002523,0.001519,-0.001040,-0.001827,0.001342,0.003667,0.001337,0.002338,0.006074,0.007901,0.008679,0.011804,0.010081,0.008167,0.003116,0.005040,0.006072,0.005622,0.004354,0.001992,0.009539,0.004193,0.012261,0.040302,0.014410,0.010011,0.011981,0.009415,0.009618,0.012768,0.006837
0.003418,0.007809,0.010397,0.008131,0.006211,0.005219,0.004415,0.005873,0.005308,0.003603,0.004453,0.002763,0.010228,0.008790,0.008833,0.008602,0.010074,0.008731,0.011142,0.014720,0.012829,0.008546,0.001910,-0.002117,-0.006958,-0.011377,-0.009554,-0.008223,-0.012689,-0.008778,-0.007380,-0.007159,-0.004339,0.000279,0.005013,0.005072,0.004191,0.007333,0.007624,0.009734,0.011024,0.008794,0.004051,0.002647,0.006842,0.007350,0.004707,0.006667,0.004731,0.009397,0.007063,0.006191,0.014410,0.048006,0.017203,0.013567,0.013101,0.012306,0.014356,0.006435
0.006048,0.007885,0.006577,0.005439,0.005545,0.003481,0.004829,0.002275,0.002901,0.004237,0.005952,0.005816,0.012684,0.011412,0.009200,0.008997,0.010172,0.006302,0.005806,0.007105,0.001425,-0.005033,-0.009283,-0.009249,-0.011424,-0.016377,-0.016038,-0.010532,-0.008960,-0.005176,-0.002730,-0.001162,-0.000902,0.001820,0.002842,0.001644,0.002258,0.008853,0.011020,0.007717,0.007383,0.005349,0.000653,0.002001,0.007507,0.006893,0.004887,0.006604,0.005723,0.006674,0.004699,0.006191,0.010011,0.017203,0.032049,0.012778,0.011360,0.012968,0.014860,0.005560
0.003765,0.005349,0.006145,0.005049,0.005608,0.006137,0.006075,0.008493,0.006395,0.004320,0.003710,0.003130,0.008070,0.007272,0.007627,0.009342,0.008518,0.005134,0.007358,0.008507,0.006402,0.001342,-0.002644,-0.004159,-0.004914,-0.006790,-0.009602,-0.007442,-0.010750,-0.004350,-0.002597,0.000513,0.000678,0.004372,0.005581,0.002411,0.003520,0.007286,0.007264,0.006718,0.008447,0.006058,0.003791,0.003558,0.005249,0.004664,0.003221,0.005144,0.002798,0.005478,0.003026,0.004145,0.011981,0.013567,0.012778,0.023003,0.015007,0.011676,0.013169,0.006001
0.008946,0.007158,0.008846,0.006606,0.004910,0.004194,0.006701,0.009027,0.006887,0.006314,0.005311,0.002393,0.004742,0.006976,0.008609,0.009286,0.011097,0.006540,0.006083,0.007735,0.005061,0.000060,-0.001662,-0.002331,-0.003611,-0.009047,-0.010499,-0.007687,-0.011401,-0.004456,-0.001631,-0.001394,-0.000497,0.003317,0.008192,0.007731,0.008458,0.005320,0.004454,0.004091,0.003636,0.004412,0.001898,0.002330,0.003496,0.002755,0.002842,0.004335,0.003511,0.004741,0.002493,0.003016,0.009415,0.013101,0.011360,0.015007,0.027938,0.014065,0.011066,0.004014
0.009218,0.007787,0.007184,0.006924,0.006749,0.004662,0.005804,0.007474,0.006734,0.006178,0.004575,0.000403,0.005725,0.007822,0.006949,0.006167,0.006103,0.005327,0.007177,0.007199,0.004471,0.000542,-0.002448,-0.007131,-0.009220,-0.011863,-0.013676,-0.009740,-0.010182,-0.004612,-0.000695,0.000288,0.000175,0.003776,0.007621,0.006639,0.007205,0.008433,0.009567,0.007792,0.007593,0.007438,0.006743,0.003432,0.005405,0.006972,0.006495,0.006339,0.007346,0.009098,0.003342,0.004704,0.009618,0.012306,0.012968,0.011676,0.014065,0.024516,0.015228,0.005447
0.008930,0.008126,0.009460,0.009459,0.007667,0.003535,0.002425,0.004214,0.002736,0.002490,0.003070,0.000955,0.006755,0.006233,0.006402,0.005944,0.004914,0.000298,0.002656,0.002211,-0.001485,-0.007116,-0.010309,-0.010566,-0.015071,-0.019776,-0.018337,-0.011114,-0.008405,-0.002184,0.000952,0.000099,0.001659,0.008136,0.013574,0.011070,0.006466,0.007726,0.009310,0.009201,0.011214,0.011165,0.005847,0.004385,0.005862,0.005309,0.005271,0.004492,0.002995,0.004706,0.004201,0.005632,0.012768,0.014356,0.014860,0.013169,0.011066,0.015228,0.033777,0.011396
0.006946,0.007396,0.006987,0.005714,0.004446,0.003082,0.002923,0.003326,0.002102,0.002349,0.002895,0.001910,0.002953,0.002165,0.003502,0.003901,0.003025,0.001593,0.001258,0.001425,0.001417,-0.000592,-0.003605,-0.005033,-0.006964,-0.008699,-0.008340,-0.005073,-0.004308,-0.000458,-0.000462,-0.001944,-0.001670,0.000920,0.004300,0.002729,0.001979,0.004994,0.005664,0.005496,0.006037,0.005758,0.003426,0.002356,0.004881,0.004544,0.003521,0.001953,0.001213,0.003045,0.002887,0.004084,0.006837,0.006435,0.005560,0.006001,0.004014,0.005447,0.011396,0.010521
