0.022058,0.015208,0.012799,0.008751,0.007246,0.006760,0.006420,0.004977,0.006637,0.004764,0.004815,0.004072,0.005846,0.004107,0.005369,0.004409,0.004397,0.000537,-0.000757,0.002771,0.001010,-0.004405,-0.007143,-0.006635,-0.010743,-0.013530,-0.012077,-0.008488,-0.006966,-0.002821,0.000142,0.000930,-0.000904,-0.000271,0.002507,0.002615,0.003785,0.005889,0.007014,0.004969,0.004860,0.005348,0.003143,0.001546,0.007742,0.007838,0.006457,0.005626,0.006613,0.008572,0.003032,0.004571,0.005960,0.007689,0.008116,0.005532,0.007558,0.008995,0.011289,0.006503
0.015208,0.019817,0.015339,0.010261,0.008181,0.007944,0.006583,0.005127,0.004611,0.003021,0.003676,0.002636,0.006673,0.005170,0.006797,0.006222,0.005303,0.000849,-0.000852,0.000107,-0.000063,-0.003699,-0.006618,-0.005486,-0.009045,-0.012286,-0.010703,-0.007864,-0.007998,-0.005360,-0.000602,-0.000541,-0.003916,-0.002087,0.002971,0.004694,0.005612,0.005171,0.004868,0.004959,0.006020,0.006406,0.004076,0.001266,0.007183,0.007038,0.006217,0.006371,0.007893,0.006960,0.003777,0.007639,0.007828,0.009367,0.008944,0.004397,0.005211,0.007420,0.009215,0.006091
0.012799,0.015339,0.018170,0.012042,0.009771,0.008400,0.005706,0.004598,0.005790,0.004281,0.005495,0.004827,0.007597,0.006004,0.007586,0.006894,0.007348,0.003202,0.001413,0.000933,0.000348,-0.002097,-0.002641,-0.001575,-0.005999,-0.009842,-0.007742,-0.006682,-0.007629,-0.005579,-0.001696,-0.002530,-0.005383,-0.005070,-0.000730,0.002096,0.004545,0.002658,0.002624,0.003741,0.005768,0.005935,0.003008,0.001562,0.005595,0.004930,0.004873,0.006260,0.006169,0.002797,0.002784,0.007568,0.005991,0.010078,0.007670,0.004464,0.007281,0.007034,0.010768,0.006719
0.008751,0.010261,0.012042,0.013595,0.011562,0.007240,0.005822,0.003027,0.003706,0.003390,0.004263,0.003724,0.006096,0.005368,0.006279,0.006685,0.008299,0.006517,0.005182,0.003514,0.002249,0.001202,0.001344,-0.000524,-0.004530,-0.008934,-0.007945,-0.006692,-0.008294,-0.007158,-0.004032,-0.004857,-0.004925,-0.005156,-0.001590,-0.000066,0.000284,-0.000096,-0.000073,0.001260,0.004267,0.003108,-0.000661,-0.001403,0.000944,0.001268,0.001950,0.002868,0.003216,0.002880,0.001965,0.005676,0.006485,0.008567,0.006549,0.003647,0.006708,0.006595,0.010166,0.006325
0.007246,0.008181,0.009771,0.011562,0.020406,0.015714,0.010472,0.004163,0.005325,0.005479,0.006005,0.006160,0.011385,0.009451,0.009525,0.011291,0.013407,0.010604,0.011865,0.009264,0.005775,0.004654,0.002723,-0.000421,-0.003322,-0.005328,-0.005949,-0.007079,-0.010064,-0.009549,-0.005894,-0.005565,-0.005894,-0.006036,-0.004719,-0.003895,-0.003678,-0.000902,0.001478,0.002898,0.004194,0.003918,0.001483,0.000316,0.002967,0.002758,0.001955,0.003566,0.003183,0.003049,0.002470,0.006312,0.008858,0.006179,0.006142,0.003877,0.004698,0.006815,0.009160,0.005598
0.006760,0.007944,0.008400,0.007240,0.015714,0.036493,0.026201,0.019120,0.014548,0.012227,0.012786,0.013186,0.017909,0.014158,0.015740,0.016886,0.015637,0.008562,0.008987,0.007729,0.007227,0.004301,0.001187,-0.000176,-0.001954,-0.002555,-0.004697,-0.004536,-0.006824,-0.005159,-0.000791,-0.002437,-0.005534,-0.004429,-0.002842,-0.002828,-0.006251,-0.002558,0.001240,0.005080,0.005341,0.003519,0.001856,0.001865,0.005142,0.002108,0.000961,0.004602,0.004289,0.001903,0.004394,0.007700,0.007318,0.008583,0.004932,0.005227,0.005388,0.006137,0.007522,0.003081
0.006420,0.006583,0.005706,0.005822,0.010472,0.026201,0.036706,0.024748,0.014344,0.013530,0.013399,0.012891,0.018403,0.015364,0.016409,0.015694,0.014431,0.010751,0.009927,0.007199,0.006312,0.003866,0.002679,0.002587,0.000556,-0.002396,-0.006507,-0.004218,-0.005137,-0.003711,-0.002613,-0.004834,-0.006056,-0.006785,-0.003729,-0.003515,-0.008764,-0.002701,0.000398,0.004158,0.003310,0.000038,0.001112,0.002456,0.004190,0.002458,0.003345,0.006202,0.007241,0.005719,0.004043,0.004499,0.002909,0.006196,0.005862,0.005013,0.006347,0.006864,0.006249,0.002433
0.004977,0.005127,0.004598,0.003027,0.004163,0.019120,0.024748,0.043066,0.024763,0.021852,0.020717,0.016618,0.019942,0.014904,0.014914,0.014539,0.012656,0.007763,0.004689,0.007895,0.008171,0.004525,0.001068,-0.000385,-0.003511,-0.005573,-0.007420,-0.004228,-0.004448,-0.000829,-0.000224,-0.003172,-0.005581,-0.007776,-0.006392,-0.003053,-0.005601,-0.001216,0.002965,0.006111,0.002660,-0.002038,0.001959,0.003669,0.008115,0.003575,0.002782,0.006361,0.008827,0.006321,0.004786,0.002850,-0.002058,0.003806,0.006383,0.004667,0.005818,0.006334,0.004722,-0.000743
0.006637,0.004611,0.005790,0.003706,0.005325,0.014548,0.014344,0.024763,0.033298,0.027121,0.023483,0.015529,0.016425,0.011645,0.011227,0.010526,0.011306,0.005752,0.005979,0.011551,0.010929,0.004381,-0.002816,-0.003403,-0.004547,-0.002783,0.000910,0.002624,-0.000562,0.003641,0.001410,-0.000537,-0.003808,-0.005365,-0.006720,-0.006143,-0.004104,0.001786,0.004088,0.003615,-0.000745,-0.004896,-0.002253,0.004285,0.010332,0.005588,0.003506,0.006726,0.007074,0.004058,0.003320,0.002845,-0.002935,0.003670,0.003850,0.001378,0.003379,0.003747,0.001506,-0.001317
0.004764,0.003021,0.004281,0.003390,0.005479,0.012227,0.013530,0.021852,0.027121,0.031046,0.025163,0.016866,0.018213,0.010549,0.009175,0.008525,0.009016,0.004620,0.004901,0.009272,0.008782,0.005008,-0.001136,-0.003877,-0.003241,-0.000941,0.001175,0.001760,-0.003396,-0.001578,-0.001212,-0.000441,-0.002522,-0.005883,-0.007765,-0.004953,-0.002220,0.001918,0.006400,0.006325,-0.001334,-0.004062,0.000093,0.006141,0.010516,0.004123,0.004299,0.009120,0.008663,0.005596,0.003776,0.001656,-0.003479,0.002518,0.003032,0.000421,0.004143,0.003092,0.001745,-0.000907
0.004815,0.003676,0.005495,0.004263,0.006005,0.012786,0.013399,0.020717,0.023483,0.025163,0.029197,0.027106,0.026071,0.012600,0.009984,0.008995,0.011520,0.008351,0.009183,0.013000,0.011890,0.007831,0.002898,0.001109,0.000966,0.000306,0.001434,0.001162,-0.002875,-0.003937,-0.003561,-0.002627,-0.004980,-0.008462,-0.012222,-0.009982,-0.009220,-0.003524,0.003251,0.003129,-0.003395,-0.001515,0.002678,0.005669,0.009316,0.003669,0.002398,0.006054,0.006218,0.001525,0.003725,0.003219,-0.003326,0.003106,0.004761,0.000670,0.003496,0.002475,0.001487,-0.001171
0.004072,0.002636,0.004827,0.003724,0.006160,0.013186,0.012891,0.016618,0.015529,0.016866,0.027106,0.040888,0.037343,0.014423,0.009583,0.008235,0.012047,0.010441,0.011292,0.014662,0.011645,0.006058,0.001214,-0.001559,-0.000547,-0.003131,-0.001070,0.000058,-0.002309,-0.006325,-0.002973,-0.000152,-0.003714,-0.007221,-0.014743,-0.013141,-0.011700,-0.004253,0.003964,0.004519,-0.001325,0.004850,0.008441,0.006331,0.007843,0.003326,0.002067,0.004296,0.004144,-0.000154,0.002922,0.004026,-0.001271,0.003137,0.004329,0.003036,0.003269,-0.000259,0.000476,-0.000394
0.005846,0.006673,0.007597,0.006096,0.011385,0.017909,0.018403,0.019942,0.016425,0.018213,0.026071,0.037343,0.051508,0.028611,0.023771,0.022378,0.027575,0.021145,0.021633,0.022209,0.015856,0.009627,0.002990,-0.001824,-0.002436,-0.005732,-0.006595,-0.008136,-0.009830,-0.012964,-0.007295,-0.004653,-0.008164,-0.015084,-0.019467,-0.016118,-0.016475,-0.007856,0.002293,0.004931,0.000073,0.007409,0.008739,0.006116,0.009060,0.005213,0.003752,0.007173,0.006932,0.003802,0.006003,0.006487,0.002642,0.007594,0.010048,0.006244,0.004043,0.005163,0.007675,0.000251
0.004107,0.005170,0.006004,0.005368,0.009451,0.014158,0.015364,0.014904,0.011645,0.010549,0.012600,0.014423,0.028611,0.029838,0.031230,0.029876,0.033497,0.025226,0.021674,0.019783,0.015113,0.011291,0.006906,0.001498,-0.003953,-0.007481,-0.010122,-0.015162,-0.015756,-0.015851,-0.010751,-0.012477,-0.012080,-0.014839,-0.013674,-0.011117,-0.011255,-0.007017,-0.002353,-0.001122,-0.003818,-0.001181,-0.000963,-0.001729,-0.000400,-0.001804,-0.001192,0.000973,0.002343,0.001757,0.003762,0.002284,0.002369,0.007093,0.009294,0.005435,0.005868,0.006773,0.007981,0.000859
0.005369,0.006797,0.007586,0.006279,0.009525,0.015740,0.016409,0.014914,0.011227,0.009175,0.009984,0.009583,0.023771,0.031230,0.043418,0.044426,0.048004,0.035047,0.027685,0.022451,0.017909,0.013308,0.006603,0.000547,-0.007747,-0.013319,-0.016973,-0.022229,-0.021609,-0.019021,-0.014686,-0.019920,-0.019207,-0.019869,-0.013537,-0.010628,-0.009225,-0.007701,-0.006198,-0.005068,-0.005952,-0.004783,-0.006973,-0.007038,-0.005208,-0.004800,-0.003370,-0.002802,-0.000027,0.001255,0.003285,0.001908,0.001034,0.008450,0.007081,0.005837,0.006819,0.006499,0.008994,0.002459
0.004409,0.006222,0.006894,0.006685,0.011291,0.016886,0.015694,0.014539,0.010526,0.008525,0.008995,0.008235,0.022378,0.029876,0.044426,0.055562,0.064826,0.049386,0.037582,0.027907,0.022009,0.017243,0.008946,0.000144,-0.008750,-0.016486,-0.021361,-0.028088,-0.028970,-0.024150,-0.018036,-0.021009,-0.021182,-0.022084,-0.012096,-0.007871,-0.006053,-0.005749,-0.006340,-0.005790,-0.005192,-0.006672,-0.008984,-0.007353,-0.005660,-0.005026,-0.004840,-0.003978,0.000103,0.002289,0.002451,0.002393,0.001130,0.010092,0.008329,0.006599,0.007774,0.007182,0.010380,0.002817
0.004397,0.005303,0.007348,0.008299,0.013407,0.015637,0.014431,0.012656,0.011306,0.009016,0.011520,0.012047,0.027575,0.033497,0.048004,0.064826,0.093501,0.076709,0.057649,0.044431,0.037000,0.030514,0.018872,0.003490,-0.006850,-0.018648,-0.025956,-0.036339,-0.037986,-0.031954,-0.025364,-0.025418,-0.023637,-0.026848,-0.013799,-0.009078,-0.004993,-0.005070,-0.007859,-0.007778,-0.007959,-0.007100,-0.012345,-0.009540,-0.008866,-0.008312,-0.008463,-0.008309,-0.003092,0.000586,0.001018,0.002115,-0.001171,0.009941,0.010294,0.004770,0.008464,0.008726,0.010979,0.003229
0.000537,0.000849,0.003202,0.006517,0.010604,0.008562,0.010751,0.007763,0.005752,0.004620,0.008351,0.010441,0.021145,0.025226,0.035047,0.049386,0.076709,0.080934,0.064082,0.049479,0.041390,0.036558,0.025533,0.008577,-0.001492,-0.015048,-0.023088,-0.032732,-0.032194,-0.030492,-0.026047,-0.025672,-0.019735,-0.024801,-0.016291,-0.012042,-0.006571,-0.005654,-0.008909,-0.009322,-0.011598,-0.011543,-0.014856,-0.013358,-0.018271,-0.015237,-0.010132,-0.009913,-0.005259,-0.001946,-0.002453,-0.000779,-0.003739,0.006574,0.005503,0.001953,0.004699,0.007226,0.005548,0.001294
-0.000757,-0.000852,0.001413,0.005182,0.011865,0.008987,0.009927,0.004689,0.005979,0.004901,0.009183,0.011292,0.021633,0.021674,0.027685,0.037582,0.057649,0.064082,0.070817,0.062882,0.050078,0.039427,0.027878,0.011148,-0.000660,-0.011090,-0.018680,-0.027832,-0.027083,-0.028409,-0.028830,-0.027039,-0.019089,-0.020410,-0.018349,-0.019013,-0.015558,-0.009509,-0.007062,-0.009730,-0.014154,-0.013052,-0.013479,-0.009636,-0.012807,-0.010246,-0.008164,-0.009448,-0.004855,-0.001390,-0.001358,0.000960,0.001504,0.007028,0.003950,0.004165,0.004472,0.008610,0.005077,-0.001241
0.002771,0.000107,0.000933,0.003514,0.009264,0.007729,0.007199,0.007895,0.011551,0.009272,0.013000,0.014662,0.022209,0.019783,0.022451,0.027907,0.044431,0.049479,0.062882,0.075328,0.066606,0.048763,0.031549,0.011713,0.000690,-0.004656,-0.010676,-0.021510,-0.024796,-0.028956,-0.032926,-0.027496,-0.019355,-0.017866,-0.020124,-0.022927,-0.019212,-0.010271,-0.005661,-0.011914,-0.018814,-0.016346,-0.013760,-0.008910,-0.007540,-0.007855,-0.008430,-0.010974,-0.005246,0.000533,-0.000874,-0.001083,-0.000358,0.006602,0.004668,0.004588,0.003583,0.006444,-0.000413,-0.004653
0.001010,-0.000063,0.000348,0.002249,0.005775,0.007227,0.006312,0.008171,0.010929,0.008782,0.011890,0.011645,0.015856,0.015113,0.017909,0.022009,0.037000,0.041390,0.050078,0.066606,0.073092,0.058206,0.036854,0.018057,0.008922,0.003134,-0.005369,-0.016807,-0.021420,-0.027329,-0.032648,-0.028572,-0.021287,-0.019557,-0.018929,-0.022046,-0.019757,-0.011349,-0.007898,-0.012352,-0.017494,-0.016592,-0.012098,-0.006624,-0.005305,-0.007452,-0.006350,-0.009663,-0.003466,0.000417,-0.000220,-0.003357,-0.004638,0.007442,0.001451,0.002899,0.001028,0.004692,-0.002505,-0.003126
-0.004405,-0.003699,-0.002097,0.001202,0.004654,0.004301,0.003866,0.004525,0.004381,0.005008,0.007831,0.006058,0.009627,0.011291,0.013308,0.017243,0.030514,0.036558,0.039427,0.048763,0.058206,0.066150,0.055172,0.031480,0.023274,0.016169,0.005630,-0.009330,-0.015482,-0.021040,-0.023634,-0.021425,-0.018017,-0.019484,-0.018014,-0.019368,-0.018779,-0.016055,-0.016151,-0.016616,-0.015271,-0.013838,-0.009951,-0.005419,-0.005811,-0.005868,-0.003419,-0.008287,-0.003783,0.000378,0.001337,-0.001604,-0.004617,0.005164,-0.003270,0.000782,-0.001929,0.001963,-0.004487,-0.001705
-0.007143,-0.006618,-0.002641,0.001344,0.002723,0.001187,0.002679,0.001068,-0.002816,-0.001136,0.002898,0.001214,0.002990,0.006906,0.006603,0.008946,0.018872,0.025533,0.027878,0.031549,0.036854,0.055172,0.069118,0.049495,0.037108,0.026034,0.016105,0.000851,-0.008965,-0.016292,-0.016682,-0.013845,-0.013400,-0.018172,-0.017451,-0.018124,-0.020923,-0.023127,-0.022720,-0.020937,-0.015422,-0.012014,-0.008673,-0.006558,-0.010316,-0.007856,-0.005234,-0.009725,-0.005899,-0.003012,0.000579,-0.000591,-0.006840,0.000455,-0.005541,-0.000835,-0.001610,0.000017,-0.004483,-0.002503
-0.006635,-0.005486,-0.001575,-0.000524,-0.000421,-0.000176,0.002587,-0.000385,-0.003403,-0.003877,0.001109,-0.001559,-0.001824,0.001498,0.000547,0.000144,0.003490,0.008577,0.011148,0.011713,0.018057,0.031480,0.049495,0.052859,0.045972,0.032909,0.022828,0.010508,0.002226,-0.004817,-0.007210,-0.007337,-0.009528,-0.016010,-0.013739,-0.014271,-0.018678,-0.021353,-0.021713,-0.019699,-0.013994,-0.011308,-0.005573,-0.002952,-0.007412,-0.006107,-0.004415,-0.006888,-0.005697,-0.007873,-0.000833,-0.001279,-0.007573,-0.001895,-0.006402,-0.001856,-0.002542,-0.004552,-0.003940,-0.002114
-0.010743,-0.009045,-0.005999,-0.004530,-0.003322,-0.001954,0.000556,-0.003511,-0.004547,-0.003241,0.000966,-0.000547,-0.002436,-0.003953,-0.007747,-0.008750,-0.006850,-0.001492,-0.000660,0.000690,0.008922,0.023274,0.037108,0.045972,0.057548,0.051222,0.036588,0.021003,0.010345,0.003188,-0.000179,-0.000479,-0.005932,-0.014739,-0.013449,-0.015365,-0.018701,-0.020073,-0.019943,-0.018583,-0.013147,-0.010287,-0.003019,0.000181,-0.004329,-0.003553,-0.002591,-0.004622,-0.005717,-0.008832,-0.003203,-0.005645,-0.009691,-0.008434,-0.009552,-0.003123,-0.005818,-0.008151,-0.011201,-0.004899
-0.013530,-0.012286,-0.009842,-0.008934,-0.005328,-0.002555,-0.002396,-0.005573,-0.002783,-0.000941,0.000306,-0.003131,-0.005732,-0.007481,-0.013319,-0.016486,-0.018648,-0.015048,-0.011090,-0.004656,0.003134,0.016169,0.026034,0.032909,0.051222,0.064702,0.054704,0.032677,0.017149,0.009807,0.002950,0.001439,-0.004684,-0.013588,-0.014237,-0.015047,-0.016333,-0.018163,-0.017332,-0.017357,-0.014847,-0.010232,-0.002593,0.002368,-0.001551,-0.002186,-0.004275,-0.004545,-0.006394,-0.008925,-0.003216,-0.007414,-0.010713,-0.014276,-0.013936,-0.006838,-0.010034,-0.012025,-0.018791,-0.009193
-0.012077,-0.010703,-0.007742,-0.007945,-0.005949,-0.004697,-0.006507,-0.007420,0.000910,0.001175,0.001434,-0.001070,-0.006595,-0.010122,-0.016973,-0.021361,-0.025956,-0.023088,-0.018680,-0.010676,-0.005369,0.005630,0.016105,0.022828,0.036588,0.054704,0.064205,0.048923,0.026711,0.016616,0.008888,0.005682,-0.005099,-0.014423,-0.014367,-0.013788,-0.010602,-0.012670,-0.014049,-0.015718,-0.013827,-0.006366,-0.000239,0.003537,0.000586,-0.002389,-0.004207,-0.004181,-0.007459,-0.011140,-0.002368,-0.003962,-0.009839,-0.012876,-0.013683,-0.009304,-0.010326,-0.013676,-0.019839,-0.008706
-0.008488,-0.007864,-0.006682,-0.006692,-0.007079,-0.004536,-0.004218,-0.004228,0.002624,0.001760,0.001162,0.000058,-0.008136,-0.015162,-0.022229,-0.028088,-0.036339,-0.032732,-0.027832,-0.021510,-0.016807,-0.009330,0.000851,0.010508,0.021003,0.032677,0.048923,0.059520,0.045888,0.033059,0.022259,0.018077,0.004132,-0.004342,-0.007408,-0.010304,-0.010074,-0.006631,-0.005893,-0.010086,-0.009021,-0.002792,0.003515,0.006298,0.005429,0.002154,0.001933,0.002270,-0.002135,-0.006595,-0.000980,-0.000946,-0.005666,-0.012940,-0.012096,-0.007071,-0.009139,-0.011792,-0.018972,-0.007193
-0.006966,-0.007998,-0.007629,-0.008294,-0.010064,-0.006824,-0.005137,-0.004448,-0.000562,-0.003396,-0.002875,-0.002309,-0.009830,-0.015756,-0.021609,-0.028970,-0.037986,-0.032194,-0.027083,-0.024796,-0.021420,-0.015482,-0.008965,0.002226,0.010345,0.017149,0.026711,0.045888,0.056014,0.047765,0.030618,0.020931,0.013194,0.007748,-0.001014,-0.005791,-0.007993,-0.004808,-0.003382,-0.006806,-0.005259,0.001458,0.005758,0.007348,0.006943,0.005668,0.006618,0.006448,0.000567,-0.004760,0.000047,-0.000848,-0.004195,-0.014229,-0.012780,-0.007133,-0.010526,-0.011680,-0.016863,-0.007308
-0.002821,-0.005360,-0.005579,-0.007158,-0.009549,-0.005159,-0.003711,-0.000829,0.003641,-0.001578,-0.003937,-0.006325,-0.012964,-0.015851,-0.019021,-0.024150,-0.031954,-0.030492,-0.028409,-0.028956,-0.027329,-0.021040,-0.016292,-0.004817,0.003188,0.009807,0.016616,0.033059,0.047765,0.060940,0.045706,0.031480,0.022056,0.018939,0.011951,0.006197,0.004800,0.005632,0.003550,0.003235,0.008417,0.011369,0.011965,0.011852,0.014994,0.013176,0.011226,0.010224,0.004713,0.001504,0.000462,0.000877,-0.001660,-0.011207,-0.008052,-0.002996,-0.003558,-0.006348,-0.008265,-0.003594
0.000142,-0.000602,-0.001696,-0.004032,-0.005894,-0.000791,-0.002613,-0.000224,0.001410,-0.001212,-0.003561,-0.002973,-0.007295,-0.010751,-0.014686,-0.018036,-0.025364,-0.026047,-0.028830,-0.032926,-0.032648,-0.023634,-0.016682,-0.007210,-0.000179,0.002950,0.008888,0.022259,0.030618,0.045706,0.055713,0.049678,0.028245,0.023833,0.018813,0.013187,0.008990,0.008164,0.006917,0.008089,0.014243,0.015136,0.015078,0.013141,0.015276,0.012813,0.012182,0.011884,0.006526,0.005686,0.000456,0.002699,0.001922,-0.006102,-0.002824,-0.000200,0.000398,-0.002337,-0.002720,-0.000784
0.000930,-0.000541,-0.002530,-0.004857,-0.005565,-0.002437,-0.004834,-0.003172,-0.000537,-0.000441,-0.002627,-0.000152,-0.004653,-0.012477,-0.019920,-0.021009,-0.025418,-0.025672,-0.027039,-0.027496,-0.028572,-0.021425,-0.013845,-0.007337,-0.000479,0.001439,0.005682,0.018077,0.020931,0.031480,0.049678,0.068106,0.043790,0.035636,0.023961,0.017762,0.012736,0.013796,0.013839,0.012959,0.018267,0.017625,0.016763,0.017403,0.019318,0.014537,0.010641,0.012530,0.008133,0.008882,0.001121,0.002648,0.001382,-0.000878,0.001444,0.003251,0.000977,-0.000194,-0.000888,-0.000368
-0.000904,-0.003916,-0.005383,-0.004925,-0.005894,-0.005534,-0.006056,-0.005581,-0.003808,-0.002522,-0.004980,-0.003714,-0.008164,-0.012080,-0.019207,-0.021182,-0.023637,-0.019735,-0.019089,-0.019355,-0.021287,-0.018017,-0.013400,-0.009528,-0.005932,-0.004684,-0.005099,0.004132,0.013194,0.022056,0.028245,0.043790,0.045811,0.044435,0.028118,0.022288,0.017707,0.015489,0.014697,0.017115,0.020682,0.019383,0.014301,0.011772,0.011882,0.008922,0.005449,0.008215,0.005057,0.006058,0.000042,-0.001497,0.000515,-0.000081,0.001227,0.001939,0.001764,0.000015,0.001946,-0.000305
-0.000271,-0.002087,-0.005070,-0.005156,-0.006036,-0.004429,-0.006785,-0.007776,-0.005365,-0.005883,-0.008462,-0.007221,-0.015084,-0.014839,-0.019869,-0.022084,-0.026848,-0.024801,-0.020410,-0.017866,-0.019557,-0.019484,-0.018172,-0.016010,-0.014739,-0.013588,-0.014423,-0.004342,0.007748,0.018939,0.023833,0.035636,0.044435,0.065822,0.050845,0.037602,0.028869,0.024607,0.021472,0.023971,0.026274,0.019322,0.016945,0.012034,0.012178,0.010169,0.004309,0.001942,0.000958,0.006526,-0.001483,-0.003386,0.003274,0.002198,0.002619,0.003903,0.003289,0.001194,0.005309,0.002442
0.002507,0.002971,-0.000730,-0.001590,-0.004719,-0.002842,-0.003729,-0.006392,-0.006720,-0.007765,-0.012222,-0.014743,-0.019467,-0.013674,-0.013537,-0.012096,-0.013799,-0.016291,-0.018349,-0.020124,-0.018929,-0.018014,-0.017451,-0.013739,-0.013449,-0.014237,-0.014367,-0.007408,-0.001014,0.011951,0.018813,0.023961,0.028118,0.050845,0.061905,0.053227,0.041623,0.028264,0.018764,0.022786,0.026775,0.015128,0.014348,0.010727,0.009711,0.008618,0.001792,-0.002347,-0.001892,0.006046,-0.001918,-0.002155,0.004477,0.006789,0.003093,0.004048,0.004400,0.002657,0.010362,0.006529
0.002615,0.004694,0.002096,-0.000066,-0.003895,-0.002828,-0.003515,-0.003053,-0.006143,-0.004953,-0.009982,-0.013141,-0.016118,-0.011117,-0.010628,-0.007871,-0.009078,-0.012042,-0.019013,-0.022927,-0.022046,-0.019368,-0.018124,-0.014271,-0.015365,-0.015047,-0.013788,-0.010304,-0.005791,0.006197,0.013187,0.017762,0.022288,0.037602,0.053227,0.063732,0.059978,0.035018,0.023339,0.028942,0.027871,0.017626,0.016199,0.012564,0.010079,0.006162,0.001806,0.002867,0.002948,0.003644,-0.000504,-0.001336,0.003948,0.008976,0.002118,0.001289,0.004672,0.001690,0.010467,0.006447
0.003785,0.005612,0.004545,0.000284,-0.003678,-0.006251,-0.008764,-0.005601,-0.004104,-0.002220,-0.009220,-0.011700,-0.016475,-0.011255,-0.009225,-0.006053,-0.004993,-0.006571,-0.015558,-0.019212,-0.019757,-0.018779,-0.020923,-0.018678,-0.018701,-0.016333,-0.010602,-0.010074,-0.007993,0.004800,0.008990,0.012736,0.017707,0.028869,0.041623,0.059978,0.078894,0.046484,0.028057,0.029812,0.027815,0.019866,0.016168,0.012060,0.011549,0.007392,0.004476,0.006922,0.006252,0.002420,-0.001325,-0.002106,0.004710,0.008974,0.002005,0.002606,0.005744,0.002262,0.007246,0.005472
0.005889,0.005171,0.002658,-0.000096,-0.000902,-0.002558,-0.002701,-0.001216,0.001786,0.001918,-0.003524,-0.004253,-0.007856,-0.007017,-0.007701,-0.005749,-0.005070,-0.005654,-0.009509,-0.010271,-0.011349,-0.016055,-0.023127,-0.021353,-0.020073,-0.018163,-0.012670,-0.006631,-0.004808,0.005632,0.008164,0.013796,0.015489,0.024607,0.028264,0.035018,0.046484,0.043114,0.033611,0.028145,0.023439,0.015392,0.013930,0.013026,0.015490,0.010904,0.007797,0.008752,0.009092,0.009227,0.000865,0.000888,0.006420,0.007198,0.008095,0.004420,0.002975,0.004225,0.006791,0.004649
0.007014,0.004868,0.002624,-0.000073,0.001478,0.001240,0.000398,0.002965,0.004088,0.006400,0.003251,0.003964,0.002293,-0.002353,-0.006198,-0.006340,-0.007859,-0.008909,-0.007062,-0.005661,-0.007898,-0.016151,-0.022720,-0.021713,-0.019943,-0.017332,-0.014049,-0.005893,-0.003382,0.003550,0.006917,0.013839,0.014697,0.021472,0.018764,0.023339,0.028057,0.033611,0.041652,0.036306,0.022959,0.016894,0.018026,0.017061,0.020128,0.013233,0.010359,0.013000,0.013759,0.012034,0.002309,0.000473,0.006088,0.006393,0.011653,0.006048,0.005039,0.007427,0.009143,0.004303
0.004969,0.004959,0.003741,0.001260,0.002898,0.005080,0.004158,0.006111,0.003615,0.006325,0.003129,0.004519,0.004931,-0.001122,-0.005068,-0.005790,-0.007778,-0.009322,-0.009730,-0.011914,-0.012352,-0.016616,-0.020937,-0.019699,-0.018583,-0.017357,-0.015718,-0.010086,-0.006806,0.003235,0.008089,0.012959,0.017115,0.023971,0.022786,0.028942,0.029812,0.028145,0.036306,0.051044,0.039978,0.029858,0.025425,0.019389,0.021650,0.016604,0.014818,0.017996,0.017852,0.013067,0.003595,0.000666,0.006640,0.008902,0.008442,0.006761,0.006911,0.007460,0.011591,0.006035
0.004860,0.006020,0.005768,0.004267,0.004194,0.005341,0.003310,0.002660,-0.000745,-0.001334,-0.003395,-0.001325,0.000073,-0.003818,-0.005952,-0.005192,-0.007959,-0.011598,-0.014154,-0.018814,-0.017494,-0.015271,-0.015422,-0.013994,-0.013147,-0.014847,-0.013827,-0.009021,-0.005259,0.008417,0.014243,0.018267,0.020682,0.026274,0.026775,0.027871,0.027815,0.023439,0.022959,0.039978,0.054899,0.043631,0.027255,0.017576,0.024312,0.023308,0.018961,0.018907,0.017722,0.016050,0.005499,0.004526,0.010891,0.010398,0.007454,0.007985,0.006310,0.006522,0.014826,0.009249
0.005348,0.006406,0.005935,0.003108,0.003918,0.003519,0.000038,-0.002038,-0.004896,-0.004062,-0.001515,0.004850,0.007409,-0.001181,-0.004783,-0.006672,-0.007100,-0.011543,-0.013052,-0.016346,-0.016592,-0.013838,-0.012014,-0.011308,-0.010287,-0.010232,-0.006366,-0.002792,0.001458,0.011369,0.015136,0.017625,0.019383,0.019322,0.015128,0.017626,0.019866,0.015392,0.016894,0.029858,0.043631,0.056485,0.036248,0.020149,0.027016,0.023489,0.019111,0.020475,0.017978,0.013306,0.007648,0.006677,0.008795,0.006630,0.006640,0.004771,0.003561,0.004993,0.011030,0.007892
0.003143,0.004076,0.003008,-0.000661,0.001483,0.001856,0.001112,0.001959,-0.002253,0.000093,0.002678,0.008441,0.008739,-0.000963,-0.006973,-0.008984,-0.012345,-0.014856,-0.013479,-0.013760,-0.012098,-0.009951,-0.008673,-0.005573,-0.003019,-0.002593,-0.000239,0.003515,0.005758,0.011965,0.015078,0.016763,0.014301,0.016945,0.014348,0.016199,0.016168,0.013930,0.018026,0.025425,0.027255,0.036248,0.042323,0.026441,0.026865,0.020439,0.016462,0.017163,0.016127,0.013477,0.006457,0.003926,0.009393,0.004796,0.004242,0.004890,0.002018,0.005590,0.006732,0.005240
0.001546,0.001266,0.001562,-0.001403,0.000316,0.001865,0.002456,0.003669,0.004285,0.006141,0.005669,0.006331,0.006116,-0.001729,-0.007038,-0.007353,-0.009540,-0.013358,-0.009636,-0.008910,-0.006624,-0.005419,-0.006558,-0.002952,0.000181,0.002368,0.003537,0.006298,0.007348,0.011852,0.013141,0.017403,0.011772,0.012034,0.010727,0.012564,0.012060,0.013026,0.017061,0.019389,0.017576,0.020149,0.026441,0.030319,0.031358,0.020311,0.015004,0.016501,0.014124,0.008710,0.005315,0.002327,0.003454,0.003232,0.003392,0.004030,0.001307,0.002109,0.004527,0.002440
0.007742,0.007183,0.005595,0.000944,0.002967,0.005142,0.004190,0.008115,0.010332,0.010516,0.009316,0.007843,0.009060,-0.000400,-0.005208,-0.005660,-0.008866,-0.018271,-0.012807,-0.007540,-0.005305,-0.005811,-0.010316,-0.007412,-0.004329,-0.001551,0.000586,0.005429,0.006943,0.014994,0.015276,0.019318,0.011882,0.012178,0.009711,0.010079,0.011549,0.015490,0.020128,0.021650,0.024312,0.027016,0.026865,0.031358,0.047792,0.036818,0.026709,0.026291,0.024044,0.019749,0.008720,0.005935,0.005112,0.006635,0.010049,0.005229,0.002501,0.004424,0.006613,0.003235
0.007838,0.007038,0.004930,0.001268,0.002758,0.002108,0.002458,0.003575,0.005588,0.004123,0.003669,0.003326,0.005213,-0.001804,-0.004800,-0.005026,-0.008312,-0.015237,-0.010246,-0.007855,-0.007452,-0.005868,-0.007856,-0.006107,-0.003553,-0.002186,-0.002389,0.002154,0.005668,0.013176,0.012813,0.014537,0.008922,0.010169,0.008618,0.006162,0.007392,0.010904,0.013233,0.016604,0.023308,0.023489,0.020439,0.020311,0.036818,0.039196,0.029303,0.023662,0.021926,0.023274,0.007691,0.005587,0.005740,0.005751,0.009551,0.005319,0.002098,0.005941,0.006340,0.003698
0.006457,0.006217,0.004873,0.001950,0.001955,0.000961,0.003345,0.002782,0.003506,0.004299,0.002398,0.002067,0.003752,-0.001192,-0.003370,-0.004840,-0.008463,-0.010132,-0.008164,-0.008430,-0.006350,-0.003419,-0.005234,-0.004415,-0.002591,-0.004275,-0.004207,0.001933,0.006618,0.011226,0.012182,0.010641,0.005449,0.004309,0.001792,0.001806,0.004476,0.007797,0.010359,0.014818,0.018961,0.019111,0.016462,0.015004,0.026709,0.029303,0.031312,0.026866,0.023528,0.021337,0.007854,0.005542,0.005263,0.003661,0.005864,0.003753,0.002374,0.006600,0.005237,0.002975
0.005626,0.006371,0.006260,0.002868,0.003566,0.004602,0.006202,0.006361,0.006726,0.009120,0.006054,0.004296,0.007173,0.000973,-0.002802,-0.003978,-0.008309,-0.009913,-0.009448,-0.010974,-0.009663,-0.008287,-0.009725,-0.006888,-0.004622,-0.004545,-0.004181,0.002270,0.006448,0.010224,0.011884,0.012530,0.008215,0.001942,-0.002347,0.002867,0.006922,0.008752,0.013000,0.017996,0.018907,0.020475,0.017163,0.016501,0.026291,0.023662,0.026866,0.034021,0.029719,0.019608,0.008858,0.006898,0.004214,0.005142,0.007145,0.004248,0.003124,0.006361,0.005092,0.001933
0.006613,0.007893,0.006169,0.003216,0.003183,0.004289,0.007241,0.008827,0.007074,0.008663,0.006218,0.004144,0.006932,0.002343,-0.000027,0.000103,-0.003092,-0.005259,-0.004855,-0.005246,-0.003466,-0.003783,-0.005899,-0.005697,-0.005717,-0.006394,-0.007459,-0.002135,0.000567,0.004713,0.006526,0.008133,0.005057,0.000958,-0.001892,0.002948,0.006252,0.009092,0.013759,0.017852,0.017722,0.017978,0.016127,0.014124,0.024044,0.021926,0.023528,0.029719,0.032782,0.023228,0.008206,0.005377,0.002698,0.005127,0.008454,0.003433,0.003657,0.008603,0.005101,0.001338
0.008572,0.006960,0.002797,0.002880,0.003049,0.001903,0.005719,0.006321,0.004058,0.005596,0.001525,-0.000154,0.003802,0.001757,0.001255,0.002289,0.000586,-0.001946,-0.001390,0.000533,0.000417,0.000378,-0.003012,-0.007873,-0.008832,-0.008925,-0.011140,-0.006595,-0.004760,0.001504,0.005686,0.008882,0.006058,0.006526,0.006046,0.003644,0.002420,0.009227,0.012034,0.013067,0.016050,0.013306,0.013477,0.008710,0.019749,0.023274,0.021337,0.019608,0.023228,0.038816,0.007693,0.007416,0.008886,0.009842,0.010896,0.005999,0.005263,0.010628,0.007603,0.002798
0.003032,0.003777,0.002784,0.001965,0.002470,0.004394,0.004043,0.004786,0.003320,0.003776,0.003725,0.002922,0.006003,0.003762,0.003285,0.002451,0.001018,-0.002453,-0.001358,-0.000874,-0.000220,0.001337,0.000579,-0.000833,-0.003203,-0.003216,-0.002368,-0.000980,0.000047,0.000462,0.000456,0.001121,0.000042,-0.001483,-0.001918,-0.000504,-0.001325,0.000865,0.002309,0.003595,0.005499,0.007648,0.006457,0.005315,0.008720,0.007691,0.007854,0.008858,0.008206,0.007693,0.009476,0.007501,0.004673,0.005173,0.004133,0.001639,0.001198,0.003132,0.004844,0.002732
0.004571,0.007639,0.007568,0.005676,0.006312,0.007700,0.004499,0.002850,0.002845,0.001656,0.003219,0.004026,0.006487,0.002284,0.001908,0.002393,0.002115,-0.000779,0.000960,-0.001083,-0.003357,-0.001604,-0.000591,-0.001279,-0.005645,-0.007414,-0.003962,-0.000946,-0.000848,0.000877,0.002699,0.002648,-0.001497,-0.003386,-0.002155,-0.001336,-0.002106,0.000888,0.000473,0.000666,0.004526,0.006677,0.003926,0.002327,0.005935,0.005587,0.005542,0.006898,0.005377,0.007416,0.007501,0.019020,0.011346,0.006613,0.007315,0.002330,0.001978,0.003103,0.006283,0.001903
0.005960,0.007828,0.005991,0.006485,0.008858,0.007318,0.002909,-0.002058,-0.002935,-0.003479,-0.003326,-0.001271,0.002642,0.002369,0.001034,0.001130,-0.001171,-0.003739,0.001504,-0.000358,-0.004638,-0.004617,-0.006840,-0.007573,-0.009691,-0.010713,-0.009839,-0.005666,-0.004195,-0.001660,0.001922,0.001382,0.000515,0.003274,0.004477,0.003948,0.004710,0.006420,0.006088,0.006640,0.010891,0.008795,0.009393,0.003454,0.005112,0.005740,0.005263,0.004214,0.002698,0.008886,0.004673,0.011346,0.039363,0.013656,0.009465,0.011159,0.006866,0.009994,0.012982,0.006880
0.007689,0.009367,0.010078,0.008567,0.006179,0.008583,0.006196,0.003806,0.003670,0.002518,0.003106,0.003137,0.007594,0.007093,0.008450,0.010092,0.009941,0.006574,0.007028,0.006602,0.007442,0.005164,0.000455,-0.001895,-0.008434,-0.014276,-0.012876,-0.012940,-0.014229,-0.011207,-0.006102,-0.000878,-0.000081,0.002198,0.006789,0.008976,0.008974,0.007198,0.006393,0.008902,0.010398,0.006630,0.004796,0.003232,0.006635,0.005751,0.003661,0.005142,0.005127,0.009842,0.005173,0.006613,0.013656,0.049588,0.018797,0.012060,0.013425,0.014064,0.019670,0.008129
0.008116,0.008944,0.007670,0.006549,0.006142,0.004932,0.005862,0.006383,0.003850,0.003032,0.004761,0.004329,0.010048,0.009294,0.007081,0.008329,0.010294,0.005503,0.003950,0.004668,0.001451,-0.003270,-0.005541,-0.006402,-0.009552,-0.013936,-0.013683,-0.012096,-0.012780,-0.008052,-0.002824,0.001444,0.001227,0.002619,0.003093,0.002118,0.002005,0.008095,0.011653,0.008442,0.007454,0.006640,0.004242,0.003392,0.010049,0.009551,0.005864,0.007145,0.008454,0.010896,0.004133,0.007315,0.009465,0.018797,0.033329,0.012235,0.013447,0.014523,0.015686,0.004409
0.005532,0.004397,0.004464,0.003647,0.003877,0.005227,0.005013,0.004667,0.001378,0.000421,0.000670,0.003036,0.006244,0.005435,0.005837,0.006599,0.004770,0.001953,0.004165,0.004588,0.002899,0.000782,-0.000835,-0.001856,-0.003123,-0.006838,-0.009304,-0.007071,-0.007133,-0.002996,-0.000200,0.003251,0.001939,0.003903,0.004048,0.001289,0.002606,0.004420,0.006048,0.006761,0.007985,0.004771,0.004890,0.004030,0.005229,0.005319,0.003753,0.004248,0.003433,0.005999,0.001639,0.002330,0.011159,0.012060,0.012235,0.021041,0.012594,0.011237,0.012552,0.005526
0.007558,0.005211,0.007281,0.006708,0.004698,0.005388,0.006347,0.005818,0.003379,0.004143,0.003496,0.003269,0.004043,0.005868,0.006819,0.007774,0.008464,0.004699,0.004472,0.003583,0.001028,-0.001929,-0.001610,-0.002542,-0.005818,-0.010034,-0.010326,-0.009139,-0.010526,-0.003558,0.000398,0.000977,0.001764,0.003289,0.004400,0.004672,0.005744,0.002975,0.005039,0.006911,0.006310,0.003561,0.002018,0.001307,0.002501,0.002098,0.002374,0.003124,0.003657,0.005263,0.001198,0.001978,0.006866,0.013425,0.013447,0.012594,0.026417,0.015232,0.013772,0.006336
0.008995,0.007420,0.007034,0.006595,0.006815,0.006137,0.006864,0.006334,0.003747,0.003092,0.002475,-0.000259,0.005163,0.006773,0.006499,0.007182,0.008726,0.007226,0.008610,0.006444,0.004692,0.001963,0.000017,-0.004552,-0.008151,-0.012025,-0.013676,-0.011792,-0.011680,-0.006348,-0.002337,-0.000194,0.000015,0.001194,0.002657,0.001690,0.002262,0.004225,0.007427,0.007460,0.006522,0.004993,0.005590,0.002109,0.004424,0.005941,0.006600,0.006361,0.008603,0.010628,0.003132,0.003103,0.009994,0.014064,0.014523,0.011237,0.015232,0.025130,0.016637,0.006160
0.011289,0.009215,0.010768,0.010166,0.009160,0.007522,0.006249,0.004722,0.001506,0.001745,0.001487,0.000476,0.007675,0.007981,0.008994,0.010380,0.010979,0.005548,0.005077,-0.000413,-0.002505,-0.004487,-0.004483,-0.003940,-0.011201,-0.018791,-0.019839,-0.018972,-0.016863,-0.008265,-0.002720,-0.000888,0.001946,0.005309,0.010362,0.010467,0.007246,0.006791,0.009143,0.011591,0.014826,0.011030,0.006732,0.004527,0.006613,0.006340,0.005237,0.005092,0.005101,0.007603,0.004844,0.006283,0.012982,0.019670,0.015686,0.012552,0.013772,0.016637,0.035563,0.015377
0.006503,0.006091,0.006719,0.006325,0.005598,0.003081,0.002433,-0.000743,-0.001317,-0.000907,-0.001171,-0.000394,0.000251,0.000859,0.002459,0.002817,0.003229,0.001294,-0.001241,-0.004653,-0.003126,-0.001705,-0.002503,-0.002114,-0.004899,-0.009193,-0.008706,-0.007193,-0.007308,-0.003594,-0.000784,-0.000368,-0.000305,0.002442,0.006529,0.006447,0.005472,0.004649,0.004303,0.006035,0.009249,0.007892,0.005240,0.002440,0.003235,0.003698,0.002975,0.001933,0.001338,0.002798,0.002732,0.001903,0.006880,0.008129,0.004409,0.005526,0.006336,0.006160,0.015377,0.014695
