0.021367,0.012015,0.008785,0.004270,0.004254,0.006643,0.007159,0.011970,0.010817,0.008770,0.008097,0.004844,0.004880,0.006011,0.009068,0.008400,0.005481,0.001294,0.001243,0.007894,0.007013,0.001001,-0.003503,-0.004182,-0.006358,-0.009205,-0.010521,-0.007938,-0.008083,-0.003735,-0.002845,-0.002289,-0.003086,-0.001983,0.001211,0.001861,0.003532,0.004335,0.004503,0.003084,0.003814,0.004514,0.003524,0.002613,0.008653,0.008921,0.005486,0.004465,0.006122,0.005776,0.002615,0.004171,0.006426,0.006880,0.007556,0.007164,0.010108,0.009068,0.009615,0.005464
0.012015,0.013507,0.009656,0.004711,0.004296,0.007716,0.005157,0.009331,0.007021,0.005192,0.005925,0.005296,0.006768,0.004895,0.007004,0.007256,0.004879,0.002307,0.002364,0.006408,0.004887,-0.000898,-0.005333,-0.005549,-0.006897,-0.008495,-0.009094,-0.007169,-0.007222,-0.004296,-0.003516,-0.001861,-0.002734,-0.000019,0.002862,0.003089,0.005265,0.005515,0.004909,0.002774,0.004177,0.005880,0.003635,0.002125,0.007664,0.007662,0.004474,0.004465,0.006166,0.004498,0.003797,0.005662,0.007356,0.008758,0.008370,0.006788,0.007009,0.007645,0.007808,0.004562
0.008785,0.009656,0.013936,0.007596,0.006883,0.008724,0.004052,0.009537,0.006781,0.004966,0.006105,0.005577,0.007709,0.006102,0.007511,0.007430,0.006540,0.003771,0.004075,0.005848,0.004147,0.000221,-0.001348,-0.000689,-0.003909,-0.005930,-0.006606,-0.007988,-0.009219,-0.006948,-0.004965,-0.004543,-0.004663,-0.003196,-0.000561,0.000195,0.002221,0.002698,0.002308,0.001817,0.005246,0.006781,0.003099,0.001689,0.006005,0.005692,0.003580,0.005834,0.005724,0.002132,0.004031,0.006352,0.007362,0.012300,0.007510,0.007747,0.009628,0.006999,0.010466,0.004841
0.004270,0.004711,0.007596,0.009025,0.008135,0.007717,0.003413,0.006901,0.004148,0.003164,0.004178,0.004001,0.004882,0.003592,0.004206,0.004967,0.005294,0.004290,0.004723,0.006042,0.004968,0.002753,0.001126,-0.000284,-0.002486,-0.004450,-0.005112,-0.004682,-0.006166,-0.005909,-0.004565,-0.003031,-0.002002,-0.000489,0.000636,0.000569,0.000129,0.000927,0.000859,0.000555,0.004738,0.005178,0.001465,-0.000082,0.002722,0.002655,0.000871,0.002414,0.002779,0.001001,0.002923,0.004891,0.005047,0.008188,0.004800,0.005860,0.006763,0.005249,0.008975,0.004126
0.004254,0.004296,0.006883,0.008135,0.017256,0.013994,0.005722,0.006357,0.003972,0.004147,0.005603,0.005939,0.008767,0.006456,0.007227,0.009803,0.012696,0.012460,0.013891,0.012168,0.007903,0.006828,0.004606,0.001952,0.001398,-0.000348,-0.003531,-0.006612,-0.008977,-0.009853,-0.006660,-0.004437,-0.003319,-0.001126,-0.002640,-0.003811,-0.003343,-0.001400,0.000482,0.001681,0.004783,0.006203,0.002567,0.001237,0.003113,0.003374,0.001661,0.003051,0.002651,0.000570,0.001976,0.004397,0.008187,0.005515,0.004558,0.005657,0.006260,0.005925,0.007187,0.003197
0.006643,0.007716,0.008724,0.007717,0.013994,0.030963,0.019366,0.017050,0.011565,0.009998,0.011327,0.011804,0.013704,0.009471,0.012089,0.015009,0.016953,0.014438,0.012714,0.011759,0.008543,0.004664,0.003028,0.001407,-0.000817,-0.003545,-0.008097,-0.009320,-0.009448,-0.009319,-0.005813,-0.004197,-0.002836,0.002673,0.001403,0.000381,-0.002167,-0.001093,0.001466,0.003014,0.003356,0.002368,-0.000353,0.001798,0.005045,0.002640,0.001513,0.005145,0.004558,-0.001016,0.003893,0.006114,0.005675,0.008665,0.005538,0.005298,0.006244,0.005283,0.007830,0.004118
0.007159,0.005157,0.004052,0.003413,0.005722,0.019366,0.032906,0.023494,0.013321,0.011626,0.010573,0.009311,0.011309,0.009593,0.012320,0.013677,0.013955,0.012038,0.009382,0.008865,0.007491,0.003815,0.004643,0.003856,0.000957,-0.003544,-0.009180,-0.006225,-0.006416,-0.004813,-0.005382,-0.003686,-0.002088,-0.001439,-0.001227,-0.000791,-0.003338,-0.000038,0.001469,0.003894,0.002851,0.000643,-0.000154,0.003419,0.005822,0.004394,0.005860,0.008576,0.008434,0.006238,0.003953,0.003548,0.001449,0.005752,0.003716,0.005974,0.007157,0.005264,0.004902,0.004565
0.011970,0.009331,0.009537,0.006901,0.006357,0.017050,0.023494,0.046982,0.030072,0.023892,0.021021,0.013670,0.014189,0.011240,0.013565,0.013393,0.008924,0.005352,0.002717,0.011107,0.010894,0.003093,0.000516,-0.000228,-0.004142,-0.005682,-0.010345,-0.006633,-0.008404,-0.004926,-0.007017,-0.005773,-0.004320,-0.004609,-0.002812,0.000989,0.000656,0.002845,0.004645,0.005793,0.003288,0.001471,0.002453,0.004536,0.011120,0.007930,0.004979,0.009959,0.011574,0.006280,0.005897,0.006919,0.000007,0.008468,0.004216,0.007732,0.009754,0.008763,0.008346,0.003121
0.010817,0.007021,0.006781,0.004148,0.003972,0.011565,0.013321,0.030072,0.039472,0.030388,0.024738,0.013074,0.013389,0.009909,0.010934,0.009912,0.006000,0.000706,0.002704,0.015277,0.015055,0.003200,-0.004633,-0.005433,-0.007074,-0.003260,-0.003560,-0.002163,-0.006200,-0.000667,-0.005413,-0.002094,-0.001098,-0.000587,-0.002207,-0.001685,-0.000335,0.003177,0.003151,0.000818,-0.001373,-0.004172,-0.002127,0.004606,0.010528,0.006998,0.002454,0.006971,0.006930,0.003827,0.003693,0.004919,-0.000513,0.008446,0.003113,0.006127,0.007206,0.006064,0.005121,0.001488
0.008770,0.005192,0.004966,0.003164,0.004147,0.009998,0.011626,0.023892,0.030388,0.030777,0.024558,0.014789,0.016235,0.009694,0.009973,0.009769,0.007418,0.003388,0.004211,0.012192,0.011011,0.003452,-0.003257,-0.006143,-0.006095,-0.001953,-0.002613,-0.003224,-0.007401,-0.002933,-0.005209,-0.001826,-0.001092,-0.002645,-0.003875,-0.002274,-0.000689,0.002597,0.003757,0.002870,0.000010,-0.002897,-0.000133,0.005365,0.009924,0.006507,0.004133,0.007579,0.006860,0.004971,0.003323,0.003496,-0.002372,0.004815,0.001591,0.002761,0.004434,0.004323,0.003595,0.001842
0.008097,0.005925,0.006105,0.004178,0.005603,0.011327,0.010573,0.021021,0.024738,0.024558,0.028662,0.024582,0.023915,0.012644,0.012405,0.012871,0.014141,0.011084,0.010063,0.015448,0.013238,0.007833,0.003204,0.001008,0.001401,0.001723,-0.000428,-0.003687,-0.007145,-0.006358,-0.006823,-0.004744,-0.005232,-0.007894,-0.010271,-0.007948,-0.007278,-0.005280,-0.002557,-0.001412,-0.002219,-0.001809,0.000534,0.004584,0.007125,0.004747,0.002014,0.003878,0.004007,-0.000436,0.002182,0.003720,-0.001980,0.003123,0.003546,0.002138,0.003789,0.002633,0.001799,0.001452
0.004844,0.005296,0.005577,0.004001,0.005939,0.011804,0.009311,0.013670,0.013074,0.014789,0.024582,0.035771,0.033607,0.014095,0.010304,0.010850,0.014212,0.013107,0.010787,0.012386,0.008441,0.005892,0.005621,0.003223,0.003399,0.000872,0.000258,-0.003556,-0.004790,-0.009285,-0.004581,-0.002394,-0.004710,-0.008129,-0.014187,-0.011584,-0.010850,-0.008116,-0.003215,0.001146,0.000795,0.003396,0.004927,0.004923,0.004020,0.002464,0.000984,0.001066,0.001292,-0.003062,0.001152,0.002249,-0.000515,0.001523,0.005274,0.002115,0.002024,-0.000543,-0.000395,0.001836
0.004880,0.006768,0.007709,0.004882,0.008767,0.013704,0.011309,0.014189,0.013389,0.016235,0.023915,0.033607,0.048912,0.025047,0.021228,0.022133,0.027726,0.024722,0.022372,0.022479,0.015008,0.010799,0.009210,0.005717,0.005771,0.003251,0.001056,-0.005518,-0.009739,-0.014396,-0.010815,-0.008913,-0.009377,-0.016290,-0.022620,-0.018192,-0.016396,-0.010722,-0.004164,0.000404,0.000797,0.004765,0.004164,0.003872,0.004367,0.002224,0.001300,0.003874,0.003520,0.000087,0.004093,0.004009,0.002102,0.006413,0.009470,0.007320,0.004257,0.002749,0.004378,0.002199
0.006011,0.004895,0.006102,0.003592,0.006456,0.009471,0.009593,0.011240,0.009909,0.009694,0.012644,0.014095,0.025047,0.023850,0.026043,0.026875,0.029727,0.023878,0.020152,0.018759,0.012592,0.008868,0.006999,0.003393,-0.000056,-0.002922,-0.005372,-0.010813,-0.012911,-0.012841,-0.010429,-0.010898,-0.009694,-0.012982,-0.013631,-0.011066,-0.009774,-0.006756,-0.003678,-0.000815,-0.000701,0.000535,-0.002313,-0.001114,-0.000326,-0.001472,-0.001586,0.000446,0.000920,-0.001127,0.002551,0.002910,0.002640,0.005962,0.006142,0.005968,0.006802,0.003733,0.005218,0.002602
0.009068,0.007004,0.007511,0.004206,0.007227,0.012089,0.012320,0.013565,0.010934,0.009973,0.012405,0.010304,0.021228,0.026043,0.038647,0.041934,0.044353,0.033642,0.027163,0.023533,0.017763,0.012492,0.007593,0.003062,-0.003394,-0.008099,-0.011730,-0.017392,-0.018871,-0.016340,-0.015505,-0.019231,-0.017623,-0.019216,-0.014274,-0.011214,-0.009038,-0.008320,-0.007137,-0.003364,-0.002452,-0.001601,-0.007032,-0.004200,-0.002312,-0.002909,-0.002815,-0.001540,0.000062,-0.001365,0.003518,0.004105,0.002984,0.006611,0.004439,0.005931,0.007516,0.002988,0.005661,0.003801
0.008400,0.007256,0.007430,0.004967,0.009803,0.015009,0.013677,0.013393,0.009912,0.009769,0.012871,0.010850,0.022133,0.026875,0.041934,0.054812,0.063905,0.051460,0.039435,0.031153,0.024619,0.018514,0.011016,0.003258,-0.004033,-0.010383,-0.015509,-0.024129,-0.027289,-0.022958,-0.019930,-0.022497,-0.021708,-0.023005,-0.015226,-0.011521,-0.008782,-0.008864,-0.008798,-0.004911,-0.003700,-0.004773,-0.010814,-0.005550,-0.004444,-0.005086,-0.004383,-0.002977,-0.000674,-0.000309,0.002973,0.005253,0.004537,0.006924,0.006102,0.006579,0.008717,0.003559,0.006033,0.003870
0.005481,0.004879,0.006540,0.005294,0.012696,0.016953,0.013955,0.008924,0.006000,0.007418,0.014141,0.014212,0.027726,0.029727,0.044353,0.063905,0.094740,0.080502,0.059489,0.043893,0.036667,0.033208,0.025688,0.013464,0.005527,-0.006360,-0.014078,-0.028391,-0.034884,-0.031443,-0.025493,-0.025865,-0.026306,-0.030552,-0.019283,-0.015669,-0.013190,-0.014276,-0.015391,-0.009606,-0.008181,-0.007628,-0.015996,-0.008121,-0.009785,-0.010450,-0.009359,-0.008691,-0.005976,-0.004340,0.000563,0.002944,0.001214,0.003748,0.006393,0.004015,0.009730,0.001362,0.002639,0.001972
0.001294,0.002307,0.003771,0.004290,0.012460,0.014438,0.012038,0.005352,0.000706,0.003388,0.011084,0.013107,0.024722,0.023878,0.033642,0.051460,0.080502,0.083610,0.066174,0.049222,0.041480,0.040707,0.033125,0.018127,0.009401,-0.002950,-0.011920,-0.026342,-0.031730,-0.031544,-0.025042,-0.025638,-0.023952,-0.029753,-0.021023,-0.018005,-0.016635,-0.016086,-0.015157,-0.007449,-0.008948,-0.010200,-0.016465,-0.010579,-0.016460,-0.014683,-0.010959,-0.010336,-0.008305,-0.006313,-0.001886,0.001568,-0.001053,0.003212,0.002120,0.001801,0.003999,-0.000571,-0.002117,0.000844
0.001243,0.002364,0.004075,0.004723,0.013891,0.012714,0.009382,0.002717,0.002704,0.004211,0.010063,0.010787,0.022372,0.020152,0.027163,0.039435,0.059489,0.066174,0.071095,0.062591,0.050128,0.042299,0.033244,0.017832,0.007040,-0.000929,-0.010091,-0.024495,-0.029024,-0.030754,-0.028881,-0.028465,-0.023386,-0.025721,-0.024527,-0.025096,-0.022734,-0.016897,-0.011439,-0.007495,-0.010329,-0.010494,-0.014588,-0.008013,-0.011665,-0.009493,-0.008518,-0.008650,-0.006848,-0.004021,-0.000748,0.004031,0.003721,0.005026,0.001180,0.003823,0.002069,0.002363,-0.002081,-0.001295
0.007894,0.006408,0.005848,0.006042,0.012168,0.011759,0.008865,0.011107,0.015277,0.012192,0.015448,0.012386,0.022479,0.018759,0.023533,0.031153,0.043893,0.049222,0.062591,0.078393,0.067301,0.047111,0.029986,0.013768,0.004642,0.000449,-0.008973,-0.021190,-0.029145,-0.030519,-0.034356,-0.029753,-0.022655,-0.020206,-0.022267,-0.024558,-0.021015,-0.011961,-0.007141,-0.009253,-0.013376,-0.014013,-0.015452,-0.008051,-0.005639,-0.005261,-0.008909,-0.009094,-0.006998,-0.002207,0.000538,0.004855,0.004293,0.009414,0.005192,0.006914,0.003107,0.004383,-0.002039,-0.002487
0.007013,0.004887,0.004147,0.004968,0.007903,0.008543,0.007491,0.010894,0.015055,0.011011,0.013238,0.008441,0.015008,0.012592,0.017763,0.024619,0.036667,0.041480,0.050128,0.067301,0.070960,0.054615,0.033899,0.018918,0.012691,0.007673,-0.002810,-0.015512,-0.024767,-0.027181,-0.033307,-0.030026,-0.023990,-0.022190,-0.019787,-0.022378,-0.020372,-0.011415,-0.009694,-0.011199,-0.013192,-0.015481,-0.012911,-0.005907,-0.003743,-0.004680,-0.006763,-0.007447,-0.004994,-0.001835,0.000145,0.002033,-0.000594,0.008766,-0.000123,0.004406,0.000686,0.001829,-0.003804,-0.001261
0.001001,-0.000898,0.000221,0.002753,0.006828,0.004664,0.003815,0.003093,0.003200,0.003452,0.007833,0.005892,0.010799,0.008868,0.012492,0.018514,0.033208,0.040707,0.042299,0.047111,0.054615,0.065996,0.058382,0.038020,0.031819,0.024326,0.013757,-0.005964,-0.016814,-0.022113,-0.022600,-0.022659,-0.024551,-0.029173,-0.025467,-0.025767,-0.025121,-0.020083,-0.020809,-0.018248,-0.014634,-0.014823,-0.010458,-0.005235,-0.006759,-0.005281,-0.004153,-0.008180,-0.005417,-0.002329,-0.000721,0.001280,-0.004285,0.001127,-0.009085,-0.002839,-0.005913,-0.004005,-0.010004,-0.002515
-0.003503,-0.005333,-0.001348,0.001126,0.004606,0.003028,0.004643,0.000516,-0.004633,-0.003257,0.003204,0.005621,0.009210,0.006999,0.007593,0.011016,0.025688,0.033125,0.033244,0.029986,0.033899,0.058382,0.076931,0.060539,0.048014,0.035676,0.026379,0.005608,-0.007716,-0.017164,-0.013133,-0.013242,-0.021884,-0.030889,-0.029069,-0.029296,-0.031114,-0.028941,-0.028221,-0.023262,-0.016096,-0.013384,-0.009055,-0.006922,-0.012490,-0.009014,-0.005968,-0.011035,-0.006755,-0.004787,-0.002145,0.001719,-0.007787,-0.006420,-0.012873,-0.006965,-0.007389,-0.007142,-0.012684,-0.005433
-0.004182,-0.005549,-0.000689,-0.000284,0.001952,0.001407,0.003856,-0.000228,-0.005433,-0.006143,0.001008,0.003223,0.005717,0.003393,0.003062,0.003258,0.013464,0.018127,0.017832,0.013768,0.018918,0.038020,0.060539,0.063735,0.056113,0.040518,0.029327,0.012670,0.001486,-0.009536,-0.006503,-0.007622,-0.016340,-0.025244,-0.023390,-0.023767,-0.025846,-0.026999,-0.026410,-0.022781,-0.016395,-0.013007,-0.007447,-0.004787,-0.010869,-0.007938,-0.005730,-0.009641,-0.007281,-0.008764,-0.002730,-0.000183,-0.005354,-0.006768,-0.011227,-0.006559,-0.004963,-0.008734,-0.010152,-0.004869
-0.006358,-0.006897,-0.003909,-0.002486,0.001398,-0.000817,0.000957,-0.004142,-0.007074,-0.006095,0.001401,0.003399,0.005771,-0.000056,-0.003394,-0.004033,0.005527,0.009401,0.007040,0.004642,0.012691,0.031819,0.048014,0.056113,0.066527,0.056339,0.039849,0.020411,0.007736,-0.003421,-0.001256,-0.002116,-0.011660,-0.021088,-0.020194,-0.022300,-0.025072,-0.026470,-0.025465,-0.024379,-0.018511,-0.012789,-0.003513,-0.001051,-0.006747,-0.004536,-0.003975,-0.008046,-0.008008,-0.009341,-0.004540,-0.004015,-0.005850,-0.011306,-0.012379,-0.007651,-0.007554,-0.010390,-0.016132,-0.006840
-0.009205,-0.008495,-0.005930,-0.004450,-0.000348,-0.003545,-0.003544,-0.005682,-0.003260,-0.001953,0.001723,0.000872,0.003251,-0.002922,-0.008099,-0.010383,-0.006360,-0.002950,-0.000929,0.000449,0.007673,0.024326,0.035676,0.040518,0.056339,0.065459,0.056346,0.031724,0.014122,0.004134,0.002954,0.000596,-0.009807,-0.018541,-0.018555,-0.020723,-0.019859,-0.019631,-0.019967,-0.023633,-0.020369,-0.014678,-0.002433,0.000904,-0.002284,-0.002497,-0.004479,-0.007619,-0.009202,-0.009637,-0.004910,-0.003945,-0.006811,-0.013404,-0.014471,-0.009033,-0.011281,-0.011441,-0.020487,-0.008759
-0.010521,-0.009094,-0.006606,-0.005112,-0.003531,-0.008097,-0.009180,-0.010345,-0.003560,-0.002613,-0.000428,0.000258,0.001056,-0.005372,-0.011730,-0.015509,-0.014078,-0.011920,-0.010091,-0.008973,-0.002810,0.013757,0.026379,0.029327,0.039849,0.056346,0.068582,0.049746,0.026827,0.011589,0.008577,0.002594,-0.010255,-0.018673,-0.017220,-0.017939,-0.014750,-0.015615,-0.018185,-0.022905,-0.021680,-0.014295,-0.000980,0.000350,-0.003074,-0.005009,-0.005534,-0.008615,-0.009962,-0.009820,-0.004776,-0.003482,-0.007948,-0.010523,-0.013370,-0.011735,-0.012031,-0.012620,-0.019154,-0.007913
-0.007938,-0.007169,-0.007988,-0.004682,-0.006612,-0.009320,-0.006225,-0.006633,-0.002163,-0.003224,-0.003687,-0.003556,-0.005518,-0.010813,-0.017392,-0.024129,-0.028391,-0.026342,-0.024495,-0.021190,-0.015512,-0.005964,0.005608,0.012670,0.020411,0.031724,0.049746,0.058669,0.047534,0.029588,0.018931,0.011229,0.000466,-0.005662,-0.006375,-0.008744,-0.009356,-0.007906,-0.009430,-0.017455,-0.017664,-0.011716,0.000883,0.001418,-0.000064,-0.001739,-0.000927,-0.002339,-0.003277,-0.003891,-0.002887,-0.003041,-0.004392,-0.009656,-0.009009,-0.009219,-0.009724,-0.009093,-0.013360,-0.006141
-0.008083,-0.007222,-0.009219,-0.006166,-0.008977,-0.009448,-0.006416,-0.008404,-0.006200,-0.007401,-0.007145,-0.004790,-0.009739,-0.012911,-0.018871,-0.027289,-0.034884,-0.031730,-0.029024,-0.029145,-0.024767,-0.016814,-0.007716,0.001486,0.007736,0.014122,0.026827,0.047534,0.060117,0.046663,0.030423,0.019093,0.012425,0.007142,0.000742,-0.003049,-0.005614,-0.005896,-0.004707,-0.010987,-0.011143,-0.007110,0.001671,0.002465,0.001339,0.001089,0.003297,0.001530,-0.000626,-0.003109,-0.002312,-0.003931,-0.004343,-0.012693,-0.008686,-0.008667,-0.010893,-0.008981,-0.010494,-0.005821
-0.003735,-0.004296,-0.006948,-0.005909,-0.009853,-0.009319,-0.004813,-0.004926,-0.000667,-0.002933,-0.006358,-0.009285,-0.014396,-0.012841,-0.016340,-0.022958,-0.031443,-0.031544,-0.030754,-0.030519,-0.027181,-0.022113,-0.017164,-0.009536,-0.003421,0.004134,0.011589,0.029588,0.046663,0.058091,0.042621,0.028642,0.022691,0.018338,0.012755,0.007787,0.004511,0.004629,0.003608,-0.000448,0.002789,0.003174,0.007201,0.006804,0.010602,0.008933,0.008064,0.007359,0.004643,0.004251,-0.000080,-0.000556,-0.000910,-0.008020,-0.003833,-0.003248,-0.005215,-0.003075,-0.002860,-0.001277
-0.002845,-0.003516,-0.004965,-0.004565,-0.006660,-0.005813,-0.005382,-0.007017,-0.005413,-0.005209,-0.006823,-0.004581,-0.010815,-0.010429,-0.015505,-0.019930,-0.025493,-0.025042,-0.028881,-0.034356,-0.033307,-0.022600,-0.013133,-0.006503,-0.001256,0.002954,0.008577,0.018931,0.030423,0.042621,0.051801,0.045642,0.027940,0.020529,0.015796,0.010573,0.005706,0.004340,0.005417,0.005104,0.007991,0.008553,0.010879,0.008781,0.011044,0.010049,0.009873,0.007789,0.006630,0.007145,-0.001606,-0.001463,-0.000213,-0.007567,-0.001780,-0.004747,-0.003888,-0.001760,-0.000079,-0.000454
-0.002289,-0.001861,-0.004543,-0.003031,-0.004437,-0.004197,-0.003686,-0.005773,-0.002094,-0.001826,-0.004744,-0.002394,-0.008913,-0.010898,-0.019231,-0.022497,-0.025865,-0.025638,-0.028465,-0.029753,-0.030026,-0.022659,-0.013242,-0.007622,-0.002116,0.000596,0.002594,0.011229,0.019093,0.028642,0.045642,0.061744,0.040575,0.031288,0.022103,0.017093,0.013221,0.011932,0.012086,0.009457,0.010840,0.010933,0.011089,0.012268,0.014350,0.012379,0.009585,0.008953,0.008121,0.008452,-0.001185,-0.000521,-0.002284,-0.004885,0.003255,-0.001788,-0.003020,0.001910,0.002881,-0.000861
-0.003086,-0.002734,-0.004663,-0.002002,-0.003319,-0.002836,-0.002088,-0.004320,-0.001098,-0.001092,-0.005232,-0.004710,-0.009377,-0.009694,-0.017623,-0.021708,-0.026306,-0.023952,-0.023386,-0.022655,-0.023990,-0.024551,-0.021884,-0.016340,-0.011660,-0.009807,-0.010255,0.000466,0.012425,0.022691,0.027940,0.040575,0.044717,0.044599,0.031161,0.026741,0.022011,0.018784,0.018218,0.018779,0.018362,0.015819,0.010637,0.008557,0.009492,0.008154,0.005697,0.008218,0.005560,0.006249,0.000105,-0.002065,-0.001070,-0.001901,0.002802,0.001032,0.000232,0.002603,0.005378,0.000035
-0.001983,-0.000019,-0.003196,-0.000489,-0.001126,0.002673,-0.001439,-0.004609,-0.000587,-0.002645,-0.007894,-0.008129,-0.016290,-0.012982,-0.019216,-0.023005,-0.030552,-0.029753,-0.025721,-0.020206,-0.022190,-0.029173,-0.030889,-0.025244,-0.021088,-0.018541,-0.018673,-0.005662,0.007142,0.018338,0.020529,0.031288,0.044599,0.070484,0.058784,0.046952,0.037608,0.030684,0.027837,0.028799,0.027468,0.020289,0.013251,0.009625,0.011793,0.010588,0.005192,0.004601,0.003115,0.008215,0.000917,-0.003031,0.002247,0.002107,0.005765,0.004680,0.002724,0.005732,0.011253,0.002925
0.001211,0.002862,-0.000561,0.000636,-0.002640,0.001403,-0.001227,-0.002812,-0.002207,-0.003875,-0.010271,-0.014187,-0.022620,-0.013631,-0.014274,-0.015226,-0.019283,-0.021023,-0.024527,-0.022267,-0.019787,-0.025467,-0.029069,-0.023390,-0.020194,-0.018555,-0.017220,-0.006375,0.000742,0.012755,0.015796,0.022103,0.031161,0.058784,0.070508,0.062852,0.051795,0.036568,0.027575,0.028013,0.027653,0.019296,0.013370,0.010239,0.012779,0.011189,0.004750,0.002626,0.002484,0.008148,0.001168,-0.001699,0.001760,0.006123,0.005364,0.004134,0.004829,0.007098,0.014889,0.006036
0.001861,0.003089,0.000195,0.000569,-0.003811,0.000381,-0.000791,0.000989,-0.001685,-0.002274,-0.007948,-0.011584,-0.018192,-0.011066,-0.011214,-0.011521,-0.015669,-0.018005,-0.025096,-0.024558,-0.022378,-0.025767,-0.029296,-0.023767,-0.022300,-0.020723,-0.017939,-0.008744,-0.003049,0.007787,0.010573,0.017093,0.026741,0.046952,0.062852,0.073076,0.069116,0.042848,0.030158,0.030857,0.027346,0.021530,0.015935,0.011269,0.012960,0.009704,0.003986,0.006049,0.005814,0.005639,0.002469,-0.000030,0.000494,0.008140,0.003952,0.002301,0.006384,0.007278,0.015387,0.005650
0.003532,0.005265,0.002221,0.000129,-0.003343,-0.002167,-0.003338,0.000656,-0.000335,-0.000689,-0.007278,-0.010850,-0.016396,-0.009774,-0.009038,-0.008782,-0.013190,-0.016635,-0.022734,-0.021015,-0.020372,-0.025121,-0.031114,-0.025846,-0.025072,-0.019859,-0.014750,-0.009356,-0.005614,0.004511,0.005706,0.013221,0.022011,0.037608,0.051795,0.069116,0.084239,0.052305,0.033409,0.031791,0.027577,0.022808,0.014772,0.010757,0.014932,0.012030,0.004508,0.007869,0.007287,0.002940,0.002283,0.000712,0.001419,0.008987,0.004094,0.003853,0.006312,0.006836,0.012206,0.005132
0.004335,0.005515,0.002698,0.000927,-0.001400,-0.001093,-0.000038,0.002845,0.003177,0.002597,-0.005280,-0.008116,-0.010722,-0.006756,-0.008320,-0.008864,-0.014276,-0.016086,-0.016897,-0.011961,-0.011415,-0.020083,-0.028941,-0.026999,-0.026470,-0.019631,-0.015615,-0.007906,-0.005896,0.004629,0.004340,0.011932,0.018784,0.030684,0.036568,0.042848,0.052305,0.047901,0.038037,0.031009,0.024031,0.017339,0.012597,0.011027,0.017714,0.014435,0.007295,0.009159,0.008421,0.010563,0.003770,0.002773,0.004129,0.011359,0.010013,0.008474,0.005635,0.007888,0.011662,0.006752
0.004503,0.004909,0.002308,0.000859,0.000482,0.001466,0.001469,0.004645,0.003151,0.003757,-0.002557,-0.003215,-0.004164,-0.003678,-0.007137,-0.008798,-0.015391,-0.015157,-0.011439,-0.007141,-0.009694,-0.020809,-0.028221,-0.026410,-0.025465,-0.019967,-0.018185,-0.009430,-0.004707,0.003608,0.005417,0.012086,0.018218,0.027837,0.027575,0.030158,0.033409,0.038037,0.045200,0.039130,0.025466,0.019319,0.016262,0.013122,0.020322,0.016837,0.011090,0.012653,0.011970,0.014134,0.003868,0.002034,0.003101,0.010405,0.012521,0.008261,0.005199,0.010366,0.012093,0.006499
0.003084,0.002774,0.001817,0.000555,0.001681,0.003014,0.003894,0.005793,0.000818,0.002870,-0.001412,0.001146,0.000404,-0.000815,-0.003364,-0.004911,-0.009606,-0.007449,-0.007495,-0.009253,-0.011199,-0.018248,-0.023262,-0.022781,-0.024379,-0.023633,-0.022905,-0.017455,-0.010987,-0.000448,0.005104,0.009457,0.018779,0.028799,0.028013,0.030857,0.031791,0.031009,0.039130,0.052778,0.041399,0.031458,0.022168,0.013497,0.019294,0.018156,0.016240,0.017523,0.017808,0.016609,0.004340,0.002444,0.003665,0.011437,0.009880,0.006227,0.005039,0.009903,0.013154,0.007154
0.003814,0.004177,0.005246,0.004738,0.004783,0.003356,0.002851,0.003288,-0.001373,0.000010,-0.002219,0.000795,0.000797,-0.000701,-0.002452,-0.003700,-0.008181,-0.008948,-0.010329,-0.013376,-0.013192,-0.014634,-0.016096,-0.016395,-0.018511,-0.020369,-0.021680,-0.017664,-0.011143,0.002789,0.007991,0.010840,0.018362,0.027468,0.027653,0.027346,0.027577,0.024031,0.025466,0.041399,0.053463,0.043288,0.024819,0.012417,0.020910,0.021954,0.018291,0.018844,0.020201,0.017914,0.006329,0.006649,0.008642,0.013527,0.010141,0.007180,0.005717,0.009844,0.018085,0.009633
0.004514,0.005880,0.006781,0.005178,0.006203,0.002368,0.000643,0.001471,-0.004172,-0.002897,-0.001809,0.003396,0.004765,0.000535,-0.001601,-0.004773,-0.007628,-0.010200,-0.010494,-0.014013,-0.015481,-0.014823,-0.013384,-0.013007,-0.012789,-0.014678,-0.014295,-0.011716,-0.007110,0.003174,0.008553,0.010933,0.015819,0.020289,0.019296,0.021530,0.022808,0.017339,0.019319,0.031458,0.043288,0.053255,0.033588,0.016073,0.022592,0.021780,0.018014,0.019258,0.018474,0.013322,0.006690,0.007536,0.008354,0.009064,0.008858,0.006872,0.006880,0.009503,0.015731,0.008848
0.003524,0.003635,0.003099,0.001465,0.002567,-0.000353,-0.000154,0.002453,-0.002127,-0.000133,0.000534,0.004927,0.004164,-0.002313,-0.007032,-0.010814,-0.015996,-0.016465,-0.014588,-0.015452,-0.012911,-0.010458,-0.009055,-0.007447,-0.003513,-0.002433,-0.000980,0.000883,0.001671,0.007201,0.010879,0.011089,0.010637,0.013251,0.013370,0.015935,0.014772,0.012597,0.016262,0.022168,0.024819,0.033588,0.039985,0.023113,0.023602,0.019845,0.015314,0.014844,0.015027,0.012749,0.004181,0.005103,0.006367,0.004116,0.002516,0.003684,0.002321,0.006929,0.008265,0.005755
0.002613,0.002125,0.001689,-0.000082,0.001237,0.001798,0.003419,0.004536,0.004606,0.005365,0.004584,0.004923,0.003872,-0.001114,-0.004200,-0.005550,-0.008121,-0.010579,-0.008013,-0.008051,-0.005907,-0.005235,-0.006922,-0.004787,-0.001051,0.000904,0.000350,0.001418,0.002465,0.006804,0.008781,0.012268,0.008557,0.009625,0.010239,0.011269,0.010757,0.011027,0.013122,0.013497,0.012417,0.016073,0.023113,0.025959,0.026700,0.018234,0.013133,0.012822,0.011088,0.007701,0.002688,0.001923,0.001989,0.002359,0.002170,0.003640,0.001447,0.003528,0.005514,0.003220
0.008653,0.007664,0.006005,0.002722,0.003113,0.005045,0.005822,0.011120,0.010528,0.009924,0.007125,0.004020,0.004367,-0.000326,-0.002312,-0.004444,-0.009785,-0.016460,-0.011665,-0.005639,-0.003743,-0.006759,-0.012490,-0.010869,-0.006747,-0.002284,-0.003074,-0.000064,0.001339,0.010602,0.011044,0.014350,0.009492,0.011793,0.012779,0.012960,0.014932,0.017714,0.020322,0.019294,0.020910,0.022592,0.023602,0.026700,0.041247,0.032810,0.023493,0.022386,0.021163,0.018437,0.005752,0.004989,0.004039,0.006674,0.007806,0.006854,0.004939,0.007667,0.008873,0.005119
0.008921,0.007662,0.005692,0.002655,0.003374,0.002640,0.004394,0.007930,0.006998,0.006507,0.004747,0.002464,0.002224,-0.001472,-0.002909,-0.005086,-0.010450,-0.014683,-0.009493,-0.005261,-0.004680,-0.005281,-0.009014,-0.007938,-0.004536,-0.002497,-0.005009,-0.001739,0.001089,0.008933,0.010049,0.012379,0.008154,0.010588,0.011189,0.009704,0.012030,0.014435,0.016837,0.018156,0.021954,0.021780,0.019845,0.018234,0.032810,0.035707,0.026846,0.021684,0.021517,0.023293,0.006348,0.006223,0.006012,0.006450,0.007985,0.006556,0.005954,0.009031,0.007482,0.005138
0.005486,0.004474,0.003580,0.000871,0.001661,0.001513,0.005860,0.004979,0.002454,0.004133,0.002014,0.000984,0.001300,-0.001586,-0.002815,-0.004383,-0.009359,-0.010959,-0.008518,-0.008909,-0.006763,-0.004153,-0.005968,-0.005730,-0.003975,-0.004479,-0.005534,-0.000927,0.003297,0.008064,0.009873,0.009585,0.005697,0.005192,0.004750,0.003986,0.004508,0.007295,0.011090,0.016240,0.018291,0.018014,0.015314,0.013133,0.023493,0.026846,0.029276,0.024971,0.023161,0.021361,0.006824,0.004314,0.005617,0.003760,0.003734,0.004117,0.004539,0.006798,0.006618,0.004254
0.004465,0.004465,0.005834,0.002414,0.003051,0.005145,0.008576,0.009959,0.006971,0.007579,0.003878,0.001066,0.003874,0.000446,-0.001540,-0.002977,-0.008691,-0.010336,-0.008650,-0.009094,-0.007447,-0.008180,-0.011035,-0.009641,-0.008046,-0.007619,-0.008615,-0.002339,0.001530,0.007359,0.007789,0.008953,0.008218,0.004601,0.002626,0.006049,0.007869,0.009159,0.012653,0.017523,0.018844,0.019258,0.014844,0.012822,0.022386,0.021684,0.024971,0.031868,0.028199,0.019110,0.007817,0.005612,0.005172,0.007950,0.004915,0.007757,0.007565,0.008339,0.007860,0.003620
0.006122,0.006166,0.005724,0.002779,0.002651,0.004558,0.008434,0.011574,0.006930,0.006860,0.004007,0.001292,0.003520,0.000920,0.000062,-0.000674,-0.005976,-0.008305,-0.006848,-0.006998,-0.004994,-0.005417,-0.006755,-0.007281,-0.008008,-0.009202,-0.009962,-0.003277,-0.000626,0.004643,0.006630,0.008121,0.005560,0.003115,0.002484,0.005814,0.007287,0.008421,0.011970,0.017808,0.020201,0.018474,0.015027,0.011088,0.021163,0.021517,0.023161,0.028199,0.031524,0.022483,0.006791,0.005549,0.003367,0.006313,0.005262,0.005411,0.007014,0.010143,0.007030,0.002661
0.005776,0.004498,0.002132,0.001001,0.000570,-0.001016,0.006238,0.006280,0.003827,0.004971,-0.000436,-0.003062,0.000087,-0.001127,-0.001365,-0.000309,-0.004340,-0.006313,-0.004021,-0.002207,-0.001835,-0.002329,-0.004787,-0.008764,-0.009341,-0.009637,-0.009820,-0.003891,-0.003109,0.004251,0.007145,0.008452,0.006249,0.008215,0.008148,0.005639,0.002940,0.010563,0.014134,0.016609,0.017914,0.013322,0.012749,0.007701,0.018437,0.023293,0.021361,0.019110,0.022483,0.038903,0.006674,0.007313,0.006663,0.010430,0.008419,0.006289,0.006705,0.010381,0.006435,0.003557
0.002615,0.003797,0.004031,0.002923,0.001976,0.003893,0.003953,0.005897,0.003693,0.003323,0.002182,0.001152,0.004093,0.002551,0.003518,0.002973,0.000563,-0.001886,-0.000748,0.000538,0.000145,-0.000721,-0.002145,-0.002730,-0.004540,-0.004910,-0.004776,-0.002887,-0.002312,-0.000080,-0.001606,-0.001185,0.000105,0.000917,0.001168,0.002469,0.002283,0.003770,0.003868,0.004340,0.006329,0.006690,0.004181,0.002688,0.005752,0.006348,0.006824,0.007817,0.006791,0.006674,0.009072,0.006550,0.004709,0.007283,0.003442,0.004120,0.004309,0.003930,0.006076,0.004090
0.004171,0.005662,0.006352,0.004891,0.004397,0.006114,0.003548,0.006919,0.004919,0.003496,0.003720,0.002249,0.004009,0.002910,0.004105,0.005253,0.002944,0.001568,0.004031,0.004855,0.002033,0.001280,0.001719,-0.000183,-0.004015,-0.003945,-0.003482,-0.003041,-0.003931,-0.000556,-0.001463,-0.000521,-0.002065,-0.003031,-0.001699,-0.000030,0.000712,0.002773,0.002034,0.002444,0.006649,0.007536,0.005103,0.001923,0.004989,0.006223,0.004314,0.005612,0.005549,0.007313,0.006550,0.018797,0.012447,0.008822,0.007135,0.005040,0.003938,0.005560,0.006343,0.002349
0.006426,0.007356,0.007362,0.005047,0.008187,0.005675,0.001449,0.000007,-0.000513,-0.002372,-0.001980,-0.000515,0.002102,0.002640,0.002984,0.004537,0.001214,-0.001053,0.003721,0.004293,-0.000594,-0.004285,-0.007787,-0.005354,-0.005850,-0.006811,-0.007948,-0.004392,-0.004343,-0.000910,-0.000213,-0.002284,-0.001070,0.002247,0.001760,0.000494,0.001419,0.004129,0.003101,0.003665,0.008642,0.008354,0.006367,0.001989,0.004039,0.006012,0.005617,0.005172,0.003367,0.006663,0.004709,0.012447,0.040328,0.015899,0.008894,0.013117,0.009919,0.010193,0.013805,0.006078
0.006880,0.008758,0.012300,0.008188,0.005515,0.008665,0.005752,0.008468,0.008446,0.004815,0.003123,0.001523,0.006413,0.005962,0.006611,0.006924,0.003748,0.003212,0.005026,0.009414,0.008766,0.001127,-0.006420,-0.006768,-0.011306,-0.013404,-0.010523,-0.009656,-0.012693,-0.008020,-0.007567,-0.004885,-0.001901,0.002107,0.006123,0.008140,0.008987,0.011359,0.010405,0.011437,0.013527,0.009064,0.004116,0.002359,0.006674,0.006450,0.003760,0.007950,0.006313,0.010430,0.007283,0.008822,0.015899,0.052886,0.018056,0.014259,0.013623,0.014692,0.019734,0.007636
0.007556,0.008370,0.007510,0.004800,0.004558,0.005538,0.003716,0.004216,0.003113,0.001591,0.003546,0.005274,0.009470,0.006142,0.004439,0.006102,0.006393,0.002120,0.001180,0.005192,-0.000123,-0.009085,-0.012873,-0.011227,-0.012379,-0.014471,-0.013370,-0.009009,-0.008686,-0.003833,-0.001780,0.003255,0.002802,0.005765,0.005364,0.003952,0.004094,0.010013,0.012521,0.009880,0.010141,0.008858,0.002516,0.002170,0.007806,0.007985,0.003734,0.004915,0.005262,0.008419,0.003442,0.007135,0.008894,0.018056,0.031114,0.012964,0.010852,0.012858,0.016183,0.005301
0.007164,0.006788,0.007747,0.005860,0.005657,0.005298,0.005974,0.007732,0.006127,0.002761,0.002138,0.002115,0.007320,0.005968,0.005931,0.006579,0.004015,0.001801,0.003823,0.006914,0.004406,-0.002839,-0.006965,-0.006559,-0.007651,-0.009033,-0.011735,-0.009219,-0.008667,-0.003248,-0.004747,-0.001788,0.001032,0.004680,0.004134,0.002301,0.003853,0.008474,0.008261,0.006227,0.007180,0.006872,0.003684,0.003640,0.006854,0.006556,0.004117,0.007757,0.005411,0.006289,0.004120,0.005040,0.013117,0.014259,0.012964,0.022626,0.012125,0.011575,0.014605,0.006574
0.010108,0.007009,0.009628,0.006763,0.006260,0.006244,0.007157,0.009754,0.007206,0.004434,0.003789,0.002024,0.004257,0.006802,0.007516,0.008717,0.009730,0.003999,0.002069,0.003107,0.000686,-0.005913,-0.007389,-0.004963,-0.007554,-0.011281,-0.012031,-0.009724,-0.010893,-0.005215,-0.003888,-0.003020,0.000232,0.002724,0.004829,0.006384,0.006312,0.005635,0.005199,0.005039,0.005717,0.006880,0.002321,0.001447,0.004939,0.005954,0.004539,0.007565,0.007014,0.006705,0.004309,0.003938,0.009919,0.013623,0.010852,0.012125,0.024736,0.014182,0.014342,0.006034
0.009068,0.007645,0.006999,0.005249,0.005925,0.005283,0.005264,0.008763,0.006064,0.004323,0.002633,-0.000543,0.002749,0.003733,0.002988,0.003559,0.001362,-0.000571,0.002363,0.004383,0.001829,-0.004005,-0.007142,-0.008734,-0.010390,-0.011441,-0.012620,-0.009093,-0.008981,-0.003075,-0.001760,0.001910,0.002603,0.005732,0.007098,0.007278,0.006836,0.007888,0.010366,0.009903,0.009844,0.009503,0.006929,0.003528,0.007667,0.009031,0.006798,0.008339,0.010143,0.010381,0.003930,0.005560,0.010193,0.014692,0.012858,0.011575,0.014182,0.022300,0.017809,0.006418
0.009615,0.007808,0.010466,0.008975,0.007187,0.007830,0.004902,0.008346,0.005121,0.003595,0.001799,-0.000395,0.004378,0.005218,0.005661,0.006033,0.002639,-0.002117,-0.002081,-0.002039,-0.003804,-0.010004,-0.012684,-0.010152,-0.016132,-0.020487,-0.019154,-0.013360,-0.010494,-0.002860,-0.000079,0.002881,0.005378,0.011253,0.014889,0.015387,0.012206,0.011662,0.012093,0.013154,0.018085,0.015731,0.008265,0.005514,0.008873,0.007482,0.006618,0.007860,0.007030,0.006435,0.006076,0.006343,0.013805,0.019734,0.016183,0.014605,0.014342,0.017809,0.039233,0.015363
0.005464,0.004562,0.004841,0.004126,0.003197,0.004118,0.004565,0.003121,0.001488,0.001842,0.001452,0.001836,0.002199,0.002602,0.003801,0.003870,0.001972,0.000844,-0.001295,-0.002487,-0.001261,-0.002515,-0.005433,-0.004869,-0.006840,-0.008759,-0.007913,-0.006141,-0.005821,-0.001277,-0.000454,-0.000861,0.000035,0.002925,0.006036,0.005650,0.005132,0.006752,0.006499,0.007154,0.009633,0.008848,0.005755,0.003220,0.005119,0.005138,0.004254,0.003620,0.002661,0.003557,0.004090,0.002349,0.006078,0.007636,0.005301,0.006574,0.006034,0.006418,0.015363,0.014896
