0.177039,0.023090,0.104544,0.001278,0.132324,0.124883,0.252134,0.895068,0.089437,0.114198,0.153385,-0.004343,0.064723,-0.021026,0.203408,0.439829,0.001750,-0.000567,-0.002530,0.009767,0.014802,0.005514,0.187994,0.000806,0.002156,0.000437,0.047392,-0.000334,0.002460,0.878203,-0.003559,0.037652,0.123777,0.104814,-0.003902,0.069195,0.011408,-0.010647,0.150049,0.006014,0.161921
0.023090,0.465281,-0.004560,-0.016481,-0.152226,0.043363,-0.192771,-0.700498,0.069517,0.094850,-0.211371,-0.002459,-0.007202,0.096911,0.037071,-0.101545,0.005890,0.005916,0.001222,0.023598,0.046197,-0.008806,-0.377847,-0.005743,0.001144,-0.004757,-0.002323,-0.001806,-0.001044,0.175947,-0.050330,-0.059096,-0.061144,-0.168046,0.009633,0.002648,0.114578,-0.004202,-0.007345,-0.006127,0.301491
0.104544,-0.004560,1.524820,0.013134,0.146810,0.119124,0.652961,0.356653,-0.148405,-0.171137,-0.022555,0.033386,0.198065,-0.052263,0.158458,-0.315087,0.014691,-0.006040,-0.003324,-0.016009,0.027126,0.035466,0.391665,0.037718,0.082155,-0.002102,0.038716,-0.001639,0.043110,-0.758367,-0.145780,0.039728,0.385739,0.025432,-0.130725,0.294561,0.037363,-0.017812,0.596757,-0.006249,0.746086
0.001278,-0.016481,0.013134,0.056381,0.180271,0.001162,0.079768,-0.163617,-0.001274,-0.004614,0.237227,-0.006122,0.005961,-0.003280,0.013658,0.008066,0.000407,0.000528,0.007614,0.000089,-0.000697,-0.000458,0.039391,-0.000592,0.003089,0.000103,0.001696,0.000972,-0.000959,0.281121,0.004224,-0.002254,0.019935,0.210678,0.039580,-0.000981,0.002690,0.103744,0.000515,-0.000620,0.001475
0.132324,-0.152226,0.146810,0.180271,3.272791,0.069817,1.116453,0.930503,-0.055931,0.129846,3.323088,-0.106191,0.150702,-0.046182,0.374224,0.559101,0.001617,-0.000182,0.003787,0.107630,0.014291,0.008498,0.617452,-0.011717,0.004099,0.022599,0.069400,-0.001632,-0.008713,6.354054,0.137897,-0.008519,0.601403,2.351107,0.288932,0.015052,-0.038964,0.988206,0.145534,-0.005589,0.128567
0.124883,0.043363,0.119124,0.001162,0.069817,0.603040,0.104486,-0.261965,0.424559,0.106075,0.047316,0.015092,0.062877,0.000223,0.179452,0.776051,0.001126,0.004642,-0.000855,-0.000534,0.037321,-0.002623,0.251442,-0.003386,0.007697,0.000285,0.023197,-0.000096,-0.004010,0.513705,0.063087,0.084928,0.044452,-0.018946,0.053540,0.001066,0.028432,-0.024851,0.036715,-0.004277,0.325839
0.252134,-0.192771,0.652961,0.079768,1.116453,0.104486,3.611436,5.770455,0.251413,0.141457,1.500677,-0.053623,0.247450,-0.258968,0.532367,0.981012,0.002835,-0.016030,-0.010736,0.078559,-0.022707,0.052157,0.879367,0.037181,0.040513,0.009445,0.130785,-0.003710,0.032343,3.482606,-0.186208,-0.098725,1.297975,1.331536,0.168047,0.232421,-0.089390,0.312245,0.606019,0.012534,0.233667
0.895068,-0.700498,0.356653,-0.163617,0.930503,-0.261965,5.770455,65.070599,-2.034330,-0.385341,0.854131,-0.038321,0.626177,-1.185432,2.209347,3.060363,-0.027370,-0.119015,-0.110193,0.045115,-0.186253,0.273574,4.271762,0.009974,0.271768,0.060023,0.634357,-0.060255,0.128563,5.638516,-1.028101,0.027607,2.608368,1.264552,-1.933741,0.471607,-0.869309,-1.157848,1.701878,0.097401,0.340096
0.089437,0.069517,-0.148405,-0.001274,-0.055931,0.424559,0.251413,-2.034330,2.193622,0.069883,-0.224573,0.081324,0.041804,0.217353,0.173560,0.648763,-0.007550,0.006184,-0.008822,-0.012917,0.016715,-0.011519,-0.170617,-0.007698,-0.025684,-0.008975,0.001450,-0.000829,-0.014345,-1.287250,0.341345,0.020778,-0.124252,-0.071343,0.018299,0.007524,-0.071336,-0.095127,-0.026574,-0.004915,-0.042747
0.114198,0.094850,-0.171137,-0.004614,0.129846,0.106075,0.141457,-0.385341,0.069883,2.311776,0.243941,-0.369545,0.164087,0.242864,0.281834,3.015841,0.009194,-0.000112,-0.004257,0.050164,-0.024474,-0.024454,0.029764,-0.008700,-0.020189,-0.007085,0.036736,-0.006676,-0.003367,8.590792,0.806521,-0.016470,0.173659,-0.046634,0.213075,-0.029575,0.163813,-0.137893,0.105334,0.030475,-0.239718
0.153385,-0.211371,-0.022555,0.237227,3.323088,0.047316,1.500677,0.854131,-0.224573,0.243941,6.353514,-0.202202,0.147192,-0.119668,0.417603,0.836798,0.001799,0.003649,-0.002524,0.160165,-0.008605,0.000083,0.747112,-0.022981,-0.003140,0.030355,0.084396,-0.001676,-0.028092,9.921050,0.174208,-0.045346,0.914913,3.978670,0.494715,-0.039893,-0.030621,1.631784,0.040282,0.004578,0.034967
-0.004343,-0.002459,0.033386,-0.006122,-0.106191,0.015092,-0.053623,-0.038321,0.081324,-0.369545,-0.202202,0.362082,-0.019805,-0.019492,-0.017320,-0.473280,-0.003387,-0.000414,0.000574,0.003034,0.002490,0.005447,-0.011955,-0.000905,-0.000397,0.000470,0.001280,0.000192,0.001947,-2.451424,-0.133815,0.023719,-0.000398,-0.049610,-0.088456,0.003007,-0.049237,-0.029427,-0.017845,-0.016602,-0.000128
0.064723,-0.007202,0.198065,0.005961,0.150702,0.062877,0.247450,0.626177,0.041804,0.164087,0.147192,-0.019805,0.193150,0.042772,0.146532,0.376940,0.002212,-0.001181,-0.001487,0.003843,0.010104,0.007687,0.137407,0.015030,0.007979,0.001052,0.026682,0.000345,0.018553,0.942155,0.309743,0.009523,0.165596,0.115119,-0.005003,0.134575,-0.003657,0.006871,0.275142,0.007178,0.158025
-0.021026,0.096911,-0.052263,-0.003280,-0.046182,0.000223,-0.258968,-1.185432,0.217353,0.242864,-0.119668,-0.019492,0.042772,0.409646,0.018792,0.293083,0.000318,0.002976,0.002261,-0.002662,0.000147,-0.010082,-0.302574,-0.002600,-0.009795,-0.009072,-0.017292,-0.000295,-0.001721,0.644124,0.654513,-0.039956,-0.108883,-0.118107,0.025863,0.015765,0.017258,-0.036143,0.015942,0.005967,-0.048908
0.203408,0.037071,0.158458,0.013658,0.374224,0.179452,0.532367,2.209347,0.173560,0.281834,0.417603,-0.017320,0.146532,0.018792,0.645538,0.895861,0.001755,-0.001765,-0.002448,0.016299,0.022779,0.008987,0.369703,-0.005175,0.003415,0.002135,0.105660,-0.004567,0.004287,1.887131,0.277085,0.056905,0.223806,0.390902,0.036605,0.081272,-0.018612,0.059865,0.285787,0.010475,0.290223
0.439829,-0.101545,-0.315087,0.008066,0.559101,0.776051,0.981012,3.060363,0.648763,3.015841,0.836798,-0.473280,0.376940,0.293083,0.895861,11.540952,0.007799,-0.005799,-0.012499,0.065919,-0.037873,-0.015028,0.930737,-0.038470,-0.053872,0.007255,0.168969,-0.010721,-0.030679,16.017856,1.281663,0.098870,0.741993,0.091626,0.463130,0.047039,0.105358,-0.210624,0.394718,0.149423,-0.373449
0.001750,0.005890,0.014691,0.000407,0.001617,0.001126,0.002835,-0.027370,-0.007550,0.009194,0.001799,-0.003387,0.002212,0.000318,0.001755,0.007799,0.001275,0.000189,0.000073,0.001203,0.002486,-0.000036,-0.001619,0.000234,0.001271,-0.000158,0.000249,0.000046,0.000301,0.082977,-0.003838,-0.001253,0.007799,-0.000789,0.001557,0.002331,0.010722,0.001532,0.007074,0.000291,0.015470
-0.000567,0.005916,-0.006040,0.000528,-0.000182,0.004642,-0.016030,-0.119015,0.006184,-0.000112,0.003649,-0.000414,-0.001181,0.002976,-0.001765,-0.005799,0.000189,0.000760,0.000296,0.000185,0.002410,-0.001210,-0.011325,-0.000565,-0.000918,-0.000099,-0.001102,0.000060,-0.000644,-0.008684,0.002689,0.000011,-0.009410,0.002043,0.006293,-0.003276,0.006796,0.004594,-0.008543,-0.000197,0.012565
-0.002530,0.001222,-0.003324,0.007614,0.003787,-0.000855,-0.010736,-0.110193,-0.008822,-0.004257,-0.002524,0.000574,-0.001487,0.002261,-0.002448,-0.012499,0.000073,0.000296,0.009173,-0.000411,-0.000254,-0.000470,-0.006054,0.000045,-0.000618,0.000018,-0.001017,0.001718,-0.000161,0.002977,0.000421,-0.000491,-0.005798,0.008979,0.022123,-0.003118,0.003661,0.014884,-0.000283,-0.000108,-0.004080
0.009767,0.023598,-0.016009,0.000089,0.107630,-0.000534,0.078559,0.045115,-0.012917,0.050164,0.160165,0.003034,0.003843,-0.002662,0.016299,0.065919,0.001203,0.000185,-0.000411,0.062234,0.001599,-0.000231,-0.001719,-0.000782,-0.000743,-0.000169,0.004807,-0.000108,-0.000468,0.891172,-0.026461,-0.005398,0.051219,0.133094,-0.012687,0.001016,0.009276,0.024475,0.007246,-0.001274,0.001231
0.014802,0.046197,0.027126,-0.000697,0.014291,0.037321,-0.022707,-0.186253,0.016715,-0.024474,-0.008605,0.002490,0.010104,0.000147,0.022779,-0.037873,0.002486,0.002410,-0.000254,0.001599,0.042830,-0.002251,-0.018084,-0.000457,0.003037,-0.000454,0.002870,-0.000056,-0.000238,-0.140118,0.003632,0.001471,-0.015978,-0.003455,-0.012533,0.004767,0.039662,-0.003690,0.006690,-0.000413,0.161896
0.005514,-0.008806,0.035466,-0.000458,0.008498,-0.002623,0.052157,0.273574,-0.011519,-0.024454,0.000083,0.005447,0.007687,-0.010082,0.008987,-0.015028,-0.000036,-0.001210,-0.000470,-0.000231,-0.002251,0.006012,0.028422,0.002278,0.003737,0.000375,0.003903,0.000535,0.002027,-0.060700,-0.015526,0.001933,0.026511,0.002204,-0.015726,0.024365,-0.011276,-0.005408,0.042261,0.000304,-0.003407
0.187994,-0.377847,0.391665,0.039391,0.617452,0.251442,0.879367,4.271762,-0.170617,0.029764,0.747112,-0.011955,0.137407,-0.302574,0.369703,0.930737,-0.001619,-0.011325,-0.006054,-0.001719,-0.018084,0.028422,2.170940,-0.005013,0.024613,0.013698,0.103487,-0.005551,-0.003767,2.282272,-0.243015,0.289797,0.275494,0.566148,-0.107328,0.074529,-0.112554,0.107678,0.253505,0.027990,0.301742
0.000806,-0.005743,0.037718,-0.000592,-0.011717,-0.003386,0.037181,0.009974,-0.007698,-0.008700,-0.022981,-0.000905,0.015030,-0.002600,-0.005175,-0.038470,0.000234,-0.000565,0.000045,-0.000782,-0.000457,0.002278,-0.005013,0.022977,0.001147,-0.000233,0.000080,0.001396,0.015196,-0.131031,0.001689,-0.001814,0.043916,-0.017219,-0.006689,0.035824,-0.004097,-0.010046,0.081580,-0.000656,0.023206
0.002156,0.001144,0.082155,0.003089,0.004099,0.007697,0.040513,0.271768,-0.025684,-0.020189,-0.003140,-0.000397,0.007979,-0.009795,0.003415,-0.053872,0.001271,-0.000918,-0.000618,-0.000743,0.003037,0.003737,0.024613,0.001147,0.059740,-0.000487,0.001156,-0.001306,0.000100,0.027873,-0.043835,-0.003537,0.053341,-0.007689,-0.017078,0.011296,0.002630,-0.007949,0.024823,-0.001728,0.086940
0.000437,-0.004757,-0.002102,0.000103,0.022599,0.000285,0.009445,0.060023,-0.008975,-0.007085,0.030355,0.000470,0.001052,-0.009072,0.002135,0.007255,-0.000158,-0.000099,0.000018,-0.000169,-0.000454,0.000375,0.013698,-0.000233,-0.000487,0.011672,0.000578,-0.000142,-0.000188,0.013544,-0.004256,-0.001860,0.006162,0.018429,0.005557,0.000179,-0.003451,0.007845,0.001705,-0.000343,-0.003178
0.047392,-0.002323,0.038716,0.001696,0.069400,0.023197,0.130785,0.634357,0.001450,0.036736,0.084396,0.001280,0.026682,-0.017292,0.105660,0.168969,0.000249,-0.001102,-0.001017,0.004807,0.002870,0.003903,0.103487,0.000080,0.001156,0.000578,0.035955,0.000944,0.001638,0.299735,-0.009385,0.023695,0.061309,0.085229,-0.003252,0.023695,-0.010387,0.007091,0.066892,0.003729,0.052312
-0.000334,-0.001806,-0.001639,0.000972,-0.001632,-0.000096,-0.003710,-0.060255,-0.000829,-0.006676,-0.001676,0.000192,0.000345,-0.000295,-0.004567,-0.010721,0.000046,0.000060,0.001718,-0.000108,-0.000056,0.000535,-0.005551,0.001396,-0.001306,-0.000142,0.000944,0.012175,-0.000086,-0.001093,-0.003804,-0.000520,-0.001924,-0.000946,0.004018,0.004401,0.004524,0.002539,0.002045,-0.000073,-0.001768
0.002460,-0.001044,0.043110,-0.000959,-0.008713,-0.004010,0.032343,0.128563,-0.014345,-0.003367,-0.028092,0.001947,0.018553,-0.001721,0.004287,-0.030679,0.000301,-0.000644,-0.000161,-0.000468,-0.000238,0.002027,-0.003767,0.015196,0.000100,-0.000188,0.001638,-0.000086,0.022946,-0.150030,0.004493,-0.002550,0.040945,-0.016386,-0.007677,0.030581,-0.004161,-0.010337,0.084830,-0.000547,0.021922
0.878203,0.175947,-0.758367,0.281121,6.354054,0.513705,3.482606,5.638516,-1.287250,8.590792,9.921050,-2.451424,0.942155,0.644124,1.887131,16.017856,0.082977,-0.008684,0.002977,0.891172,-0.140118,-0.060700,2.282272,-0.131031,0.027873,0.013544,0.299735,-0.001093,-0.150030,108.245226,3.024644,0.388474,2.127184,6.533791,0.773784,0.046647,0.940276,1.751255,0.550008,0.150073,-1.053802
-0.003559,-0.050330,-0.145780,0.004224,0.137897,0.063087,-0.186208,-1.028101,0.341345,0.806521,0.174208,-0.133815,0.309743,0.654513,0.277085,1.281663,-0.003838,0.002689,0.000421,-0.026461,0.003632,-0.015526,-0.243015,0.001689,-0.043835,-0.004256,-0.009385,-0.003804,0.004493,3.024644,3.609763,-0.054614,-0.126342,0.030718,0.047466,-0.035910,-0.067682,-0.048158,0.192181,0.020072,-0.156429
0.037652,-0.059096,0.039728,-0.002254,-0.008519,0.084928,-0.098725,0.027607,0.020778,-0.016470,-0.045346,0.023719,0.009523,-0.039956,0.056905,0.098870,-0.001253,0.000011,-0.000491,-0.005398,0.001471,0.001933,0.289797,-0.001814,-0.003537,-0.001860,0.023695,-0.000520,-0.002550,0.388474,-0.054614,0.299924,-0.061135,-0.040159,-0.034302,-0.010110,-0.023425,-0.037338,0.010408,0.000066,0.045497
0.123777,-0.061144,0.385739,0.019935,0.601403,0.044452,1.297975,2.608368,-0.124252,0.173659,0.914913,-0.000398,0.165596,-0.108883,0.223806,0.741993,0.007799,-0.009410,-0.005798,0.051219,-0.015978,0.026511,0.275494,0.043916,0.053341,0.006162,0.061309,-0.001924,0.040945,2.127184,-0.126342,-0.061135,1.627758,0.766834,0.181819,0.122314,-0.009534,0.177099,0.483043,-0.003797,0.281955
0.104814,-0.168046,0.025432,0.210678,2.351107,-0.018946,1.331536,1.264552,-0.071343,-0.046634,3.978670,-0.049610,0.115119,-0.118107,0.390902,0.091626,-0.000789,0.002043,0.008979,0.133094,-0.003455,0.002204,0.566148,-0.017219,-0.007689,0.018429,0.085229,-0.000946,-0.016386,6.533791,0.030718,-0.040159,0.766834,4.272651,0.408748,-0.042522,-0.079709,1.242086,0.040693,-0.006048,0.103846
-0.003902,0.009633,-0.130725,0.039580,0.288932,0.053540,0.168047,-1.933741,0.018299,0.213075,0.494715,-0.088456,-0.005003,0.025863,0.036605,0.463130,0.001557,0.006293,0.022123,-0.012687,-0.012533,-0.015726,-0.107328,-0.006689,-0.017078,0.005557,-0.003252,0.004018,-0.007677,0.773784,0.047466,-0.034302,0.181819,0.408748,1.137117,-0.042076,0.066070,0.351397,-0.043350,-0.010760,-0.150328
0.069195,0.002648,0.294561,-0.000981,0.015052,0.001066,0.232421,0.471607,0.007524,-0.029575,-0.039893,0.003007,0.134575,0.015765,0.081272,0.047039,0.002331,-0.003276,-0.003118,0.001016,0.004767,0.024365,0.074529,0.035824,0.011296,0.000179,0.023695,0.004401,0.030581,0.046647,-0.035910,-0.010110,0.122314,-0.042522,-0.042076,0.788939,-0.022456,-0.050126,0.741425,-0.001005,0.176442
0.011408,0.114578,0.037363,0.002690,-0.038964,0.028432,-0.089390,-0.869309,-0.071336,0.163813,-0.030621,-0.049237,-0.003657,0.017258,-0.018612,0.105358,0.010722,0.006796,0.003661,0.009276,0.039662,-0.011276,-0.112554,-0.004097,0.002630,-0.003451,-0.010387,0.004524,-0.004161,0.940276,-0.067682,-0.023425,-0.009534,-0.079709,0.066070,-0.022456,0.275134,0.009344,-0.044220,0.000057,0.243281
-0.010647,-0.004202,-0.017812,0.103744,0.988206,-0.024851,0.312245,-1.157848,-0.095127,-0.137893,1.631784,-0.029427,0.006871,-0.036143,0.059865,-0.210624,0.001532,0.004594,0.014884,0.024475,-0.003690,-0.005408,0.107678,-0.010046,-0.007949,0.007845,0.007091,0.002539,-0.010337,1.751255,-0.048158,-0.037338,0.177099,1.242086,0.351397,-0.050126,0.009344,0.943441,-0.057126,-0.008999,-0.037454
0.150049,-0.007345,0.596757,0.000515,0.145534,0.036715,0.606019,1.701878,-0.026574,0.105334,0.040282,-0.017845,0.275142,0.015942,0.285787,0.394718,0.007074,-0.008543,-0.000283,0.007246,0.006690,0.042261,0.253505,0.081580,0.024823,0.001705,0.066892,0.002045,0.084830,0.550008,0.192181,0.010408,0.483043,0.040693,-0.043350,0.741425,-0.044220,-0.057126,1.269929,0.006348,0.392712
0.006014,-0.006127,-0.006249,-0.000620,-0.005589,-0.004277,0.012534,0.097401,-0.004915,0.030475,0.004578,-0.016602,0.007178,0.005967,0.010475,0.149423,0.000291,-0.000197,-0.000108,-0.001274,-0.000413,0.000304,0.027990,-0.000656,-0.001728,-0.000343,0.003729,-0.000073,-0.000547,0.150073,0.020072,0.000066,-0.003797,-0.006048,-0.010760,-0.001005,0.000057,-0.008999,0.006348,0.037541,0.002792
0.161921,0.301491,0.746086,0.001475,0.128567,0.325839,0.233667,0.340096,-0.042747,-0.239718,0.034967,-0.000128,0.158025,-0.048908,0.290223,-0.373449,0.015470,0.012565,-0.004080,0.001231,0.161896,-0.003407,0.301742,0.023206,0.086940,-0.003178,0.052312,-0.001768,0.021922,-1.053802,-0.156429,0.045497,0.281955,0.103846,-0.150328,0.176442,0.243281,-0.037454,0.392712,0.002792,2.721161
