9.927816,-0.171550,0.363205,0.249192,0.034835,-6.626926,-8.065815,0.062460,-0.321800,0.057460,-1.226713
-0.171550,0.072653,-0.032150,0.010453,0.001937,-0.039321,0.788671,0.001877,0.007890,-0.011047,-0.150000
0.363205,-0.032150,0.048026,0.031462,0.002423,-0.130472,0.226965,0.000722,-0.018475,0.011543,0.022713
0.249192,0.010453,0.031462,1.816213,0.001501,3.286024,9.765240,0.005801,-0.017706,-0.001565,-0.166661
0.034835,0.001937,0.002423,0.001501,0.004389,-0.003616,0.177302,0.000633,-0.004154,0.003525,-0.076049
-6.626926,-0.039321,-0.130472,3.286024,-0.003616,184.277054,286.076794,-0.110041,0.154801,0.147381,-2.282491
-8.065815,0.788671,0.226965,9.765240,0.177302,286.076794,1081.894617,-0.248453,-0.434294,0.270593,-27.878999
0.062460,0.001877,0.000722,0.005801,0.000633,-0.110041,-0.248453,0.008590,-0.001829,-0.000132,-0.045420
-0.321800,0.007890,-0.018475,-0.017706,-0.004154,0.154801,-0.434294,-0.001829,0.041841,-0.010297,0.138463
0.057460,-0.011047,0.011543,-0.001565,0.003525,0.147381,0.270593,-0.000132,-0.010297,0.030111,0.020767
-1.226713,-0.150000,0.022713,-0.166661,-0.076049,-2.282491,-27.878999,-0.045420,0.138463,0.020767,19.024128
