0.121154,0.000152,0.000071,-0.004446,0.001144,0.000049,0.003123,-0.002202,0.002758,0.008599,-0.002142,-0.002860,0.001921,-0.002096,0.005741,0.002294,-0.005505,0.004584
0.000152,0.082401,-0.000791,-0.000140,-0.003471,-0.001338,0.000354,0.000045,-0.001788,-0.002271,0.004004,0.002620,-0.002122,0.000763,-0.001165,0.000319,-0.005082,-0.000945
0.000071,-0.000791,0.082573,-0.000724,0.004193,0.002305,0.000557,-0.002545,-0.000645,0.003242,0.001467,-0.001515,-0.003871,-0.000207,0.000820,-0.001603,-0.000960,-0.001728
-0.004446,-0.000140,-0.000724,0.117230,0.009945,0.005987,-0.001660,0.000983,-0.000656,-0.000815,0.003512,-0.006756,0.005172,0.004732,0.001060,0.000374,-0.003895,0.003566
0.001144,-0.003471,0.004193,0.009945,0.117596,-0.000230,0.006203,-0.003494,-0.001790,0.006850,0.007965,-0.001851,0.004305,0.002672,-0.005072,-0.004266,-0.004351,0.000051
0.000049,-0.001338,0.002305,0.005987,-0.000230,0.084295,0.005088,-0.003089,0.001973,0.001996,0.003077,0.003548,0.002302,-0.002461,-0.000846,0.000518,0.001623,0.000643
0.003123,0.000354,0.000557,-0.001660,0.006203,0.005088,0.082280,-0.005454,-0.002441,0.000949,-0.003081,0.003366,0.004293,0.003539,-0.006228,0.003222,0.000623,-0.001081
-0.002202,0.000045,-0.002545,0.000983,-0.003494,-0.003089,-0.005454,0.084792,-0.002750,-0.002634,0.001323,-0.002434,-0.004220,-0.003755,0.006714,0.005790,0.001241,0.001854
0.002758,-0.001788,-0.000645,-0.000656,-0.001790,0.001973,-0.002441,-0.002750,0.082631,-0.005573,-0.004363,0.002463,0.001718,-0.000998,0.002783,-0.001819,-0.000308,-0.001376
0.008599,-0.002271,0.003242,-0.000815,0.006850,0.001996,0.000949,-0.002634,-0.005573,0.083178,-0.003874,0.001779,0.006177,-0.006760,-0.005729,0.000275,-0.002767,0.000531
-0.002142,0.004004,0.001467,0.003512,0.007965,0.003077,-0.003081,0.001323,-0.004363,-0.003874,0.113821,-0.004573,-0.001414,0.003911,0.009906,-0.005601,-0.002064,-0.004891
-0.002860,0.002620,-0.001515,-0.006756,-0.001851,0.003548,0.003366,-0.002434,0.002463,0.001779,-0.004573,0.121014,0.001925,0.003956,0.001790,-0.001076,0.002368,-0.004574
0.001921,-0.002122,-0.003871,0.005172,0.004305,0.002302,0.004293,-0.004220,0.001718,0.006177,-0.001414,0.001925,0.115881,0.001153,0.003367,-0.000720,0.003696,-0.002038
-0.002096,0.000763,-0.000207,0.004732,0.002672,-0.002461,0.003539,-0.003755,-0.000998,-0.006760,0.003911,0.003956,0.001153,0.116324,-0.001271,0.002938,-0.004728,0.004216
0.005741,-0.001165,0.000820,0.001060,-0.005072,-0.000846,-0.006228,0.006714,0.002783,-0.005729,0.009906,0.001790,0.003367,-0.001271,0.120047,-0.001549,0.002741,-0.000516
0.002294,0.000319,-0.001603,0.000374,-0.004266,0.000518,0.003222,0.005790,-0.001819,0.000275,-0.005601,-0.001076,-0.000720,0.002938,-0.001549,0.085384,-0.002255,-0.002412
-0.005505,-0.005082,-0.000960,-0.003895,-0.004351,0.001623,0.000623,0.001241,-0.000308,-0.002767,-0.002064,0.002368,0.003696,-0.004728,0.002741,-0.002255,0.115149,0.000233
0.004584,-0.000945,-0.001728,0.003566,0.000051,0.000643,-0.001081,0.001854,-0.001376,0.000531,-0.004891,-0.004574,-0.002038,0.004216,-0.000516,-0.002412,0.000233,0.081562
