0.119028,0.002746,-0.000118,-0.000220,0.004866,-0.001229,0.000707,-0.003639,0.001740,0.000707,-0.002342,-0.001060,0.000176,0.001110,0.001525,0.000386,-0.005041,-0.001513
0.002746,0.083536,0.001272,0.000335,-0.001963,-0.000106,-0.003093,0.001662,0.001653,-0.001289,0.003698,-0.001606,-0.000339,-0.003850,0.000119,-0.000865,0.003272,0.004082
-0.000118,0.001272,0.082637,0.001935,-0.003239,-0.001808,0.005392,0.001023,0.001855,-0.004161,0.003428,0.001532,-0.005953,0.001020,0.002321,-0.002506,-0.000374,0.001362
-0.000220,0.000335,0.001935,0.116310,0.003032,0.002184,0.005629,-0.000516,-0.003607,-0.003498,0.005274,-0.005225,-0.003193,0.005694,-0.006891,-0.002028,-0.004021,0.004676
0.004866,-0.001963,-0.003239,0.003032,0.114363,-0.000992,-0.001167,-0.002901,-0.001637,0.003606,0.003802,-0.001638,0.003976,0.003659,-0.005818,0.005397,-0.002875,0.002545
-0.001229,-0.000106,-0.001808,0.002184,-0.000992,0.084627,-0.003267,-0.006007,-0.004042,0.002214,0.005480,-0.001089,0.003538,-0.003938,0.004003,-0.000211,-0.001901,-0.000189
0.000707,-0.003093,0.005392,0.005629,-0.001167,-0.003267,0.084022,-0.002771,0.002723,0.000657,0.001165,0.002224,-0.000319,0.004957,-0.005776,-0.001410,0.002678,-0.000767
-0.003639,0.001662,0.001023,-0.000516,-0.002901,-0.006007,-0.002771,0.088030,0.002140,-0.000296,0.002776,-0.000499,-0.001454,-0.001025,0.001662,0.003608,0.004681,0.000779
0.001740,0.001653,0.001855,-0.003607,-0.001637,-0.004042,0.002723,0.002140,0.082067,0.000781,0.001199,-0.002805,-0.001957,0.000663,0.000818,0.000443,-0.001062,0.000904
0.000707,-0.001289,-0.004161,-0.003498,0.003606,0.002214,0.000657,-0.000296,0.000781,0.082704,-0.006266,-0.003222,-0.000112,-0.001687,0.001024,0.003743,-0.000251,0.002781
-0.002342,0.003698,0.003428,0.005274,0.003802,0.005480,0.001165,0.002776,0.001199,-0.006266,0.116552,-0.004804,0.001704,-0.007774,0.007271,-0.001574,-0.002083,0.001153
-0.001060,-0.001606,0.001532,-0.005225,-0.001638,-0.001089,0.002224,-0.000499,-0.002805,-0.003222,-0.004804,0.119516,-0.001209,0.000227,-0.000883,-0.001466,-0.001751,0.001602
0.000176,-0.000339,-0.005953,-0.003193,0.003976,0.003538,-0.000319,-0.001454,-0.001957,-0.000112,0.001704,-0.001209,0.119622,0.002561,-0.002239,0.002712,0.000933,0.001942
0.001110,-0.003850,0.001020,0.005694,0.003659,-0.003938,0.004957,-0.001025,0.000663,-0.001687,-0.007774,0.000227,0.002561,0.114885,0.002370,0.005872,-0.002609,0.002835
0.001525,0.000119,0.002321,-0.006891,-0.005818,0.004003,-0.005776,0.001662,0.000818,0.001024,0.007271,-0.000883,-0.002239,0.002370,0.117034,0.003451,0.000402,0.001491
0.000386,-0.000865,-0.002506,-0.002028,0.005397,-0.000211,-0.001410,0.003608,0.000443,0.003743,-0.001574,-0.001466,0.002712,0.005872,0.003451,0.084527,0.002731,-0.000675
-0.005041,0.003272,-0.000374,-0.004021,-0.002875,-0.001901,0.002678,0.004681,-0.001062,-0.000251,-0.002083,-0.001751,0.000933,-0.002609,0.000402,0.002731,0.117217,-0.005223
-0.001513,0.004082,0.001362,0.004676,0.002545,-0.000189,-0.000767,0.000779,0.000904,0.002781,0.001153,0.001602,0.001942,0.002835,0.001491,-0.000675,-0.005223,0.081717
