0.007031,0.002128,0.000958,0.000498,0.000889,0.000840,0.000657,0.000230,0.001590,-0.000141,0.000121,0.000500,0.000816,0.000847,0.000914,0.000172,0.001557,-0.000589,0.000865,0.002024,0.001228,0.000201,0.000751,-0.001037,0.000200,0.000576,-0.000143,-0.002626,-0.001088,-0.000383,-0.001090,-0.000739,0.000042,-0.000740,0.000490,-0.000142,-0.001728,-0.000709,0.000054,0.000660,-0.000164,-0.000917,0.000769,-0.000351,0.002039,-0.000480,-0.000857,-0.000567,0.001521,0.001317,-0.000120,0.000227,0.000202,0.001277,0.000295,0.000500,0.001104,0.001158,0.000812,0.000049
0.002128,0.006696,0.001959,-0.000031,0.000564,0.000475,0.000251,0.001881,0.001123,0.000733,0.000773,0.000370,0.000252,0.000496,0.000992,0.000152,-0.000155,0.000414,-0.000334,0.001547,0.001136,0.000289,0.000711,0.000242,-0.000758,0.000369,-0.000676,-0.000750,-0.000752,-0.000646,0.000626,-0.000708,-0.000030,0.000318,0.002377,0.000460,-0.000007,-0.000059,-0.000787,-0.000147,0.000719,0.001352,0.001221,-0.001156,0.000707,0.000175,0.000448,0.000227,0.000823,0.002766,0.000742,-0.000032,0.001392,0.000784,0.002173,0.000680,0.000502,0.000824,0.000448,0.000734
0.000958,0.001959,0.004470,0.000710,0.000080,0.000534,0.000254,-0.000199,0.001330,0.000271,0.001647,0.000434,0.001628,0.000036,0.000857,-0.000684,-0.000210,0.000026,0.000998,0.002039,0.000218,-0.000379,0.000516,-0.000136,-0.001468,-0.000297,-0.001366,-0.001000,-0.001822,0.000535,0.000617,-0.000877,-0.000297,-0.000670,0.000020,0.000140,-0.000918,-0.000805,-0.000882,-0.000377,0.000179,0.001223,-0.000586,-0.000110,0.000751,0.000921,-0.000045,0.000117,0.000327,0.000308,0.000531,0.000033,0.001016,-0.000134,-0.000115,0.000248,0.001209,0.000376,0.001541,-0.000009
0.000498,-0.000031,0.000710,0.001810,0.000685,0.000185,0.000623,-0.000200,0.001084,0.000684,0.000640,0.000029,0.000923,0.000459,0.000116,0.000073,0.000086,-0.000712,0.000222,0.000200,0.001008,-0.000293,0.000010,0.000143,0.000266,0.000190,-0.001310,-0.000430,0.000329,-0.000316,-0.000512,0.000031,-0.000134,-0.000435,0.000325,-0.000068,0.000301,-0.000644,-0.000109,-0.000160,0.001196,0.000102,-0.000353,0.000516,0.000115,0.000209,0.000024,0.000808,0.000462,-0.000074,0.000658,0.000117,0.000438,-0.000064,-0.000098,-0.000067,0.000357,0.000324,0.001121,0.000219
0.000889,0.000564,0.000080,0.000685,0.011193,0.002220,0.002148,0.000249,0.000822,0.000153,0.000642,0.000297,0.000691,0.001055,0.001053,0.001039,0.001241,0.000599,0.000408,0.002667,-0.001425,-0.000541,-0.001671,0.000345,0.000548,-0.002839,-0.000625,0.000867,-0.002053,-0.001541,-0.000809,-0.003697,-0.000886,-0.000231,-0.000951,0.000349,-0.000323,-0.000471,0.000655,-0.000624,-0.000290,0.000041,-0.000644,-0.000198,-0.000469,0.000233,-0.001198,0.000135,0.000449,-0.001002,0.000744,0.000124,0.002088,-0.000160,-0.000460,0.000283,0.000692,0.000523,0.003775,-0.000349
0.000840,0.000475,0.000534,0.000185,0.002220,0.006354,0.000902,0.000068,0.002495,0.000967,0.001962,0.001411,0.002033,0.000917,0.000890,0.001203,0.000315,0.000804,0.000945,0.002769,0.001583,-0.000960,0.000182,-0.000221,-0.000468,0.000304,-0.000475,-0.000826,-0.000367,-0.000486,-0.000899,-0.001867,-0.000733,-0.000408,-0.002152,0.000455,0.000681,0.000045,0.000783,0.000463,0.000032,0.000419,0.000282,0.000111,0.000744,0.000778,-0.001105,-0.000752,0.000120,-0.000895,0.000666,0.000035,0.000550,0.000036,-0.000343,-0.000466,0.000781,0.000585,0.001757,0.000231
0.000657,0.000251,0.000254,0.000623,0.002148,0.000902,0.008746,0.000473,0.000860,0.000143,0.000956,0.001467,0.002296,0.000876,0.003649,0.001831,0.002655,0.001864,0.001796,0.001012,0.002118,0.001483,0.000987,-0.000835,0.001154,0.000621,-0.000351,-0.001995,-0.000889,-0.001367,-0.001000,-0.000782,-0.000937,-0.001953,0.000175,0.000475,0.000095,-0.001175,-0.000092,-0.000101,-0.000119,-0.000562,-0.000910,0.000474,-0.000966,-0.000658,-0.000160,0.000098,0.000042,0.000225,-0.000333,-0.000211,0.001061,-0.001263,-0.001570,0.001376,-0.000185,0.001404,0.001122,-0.000227
0.000230,0.001881,-0.000199,-0.000200,0.000249,0.000068,0.000473,0.007063,0.000481,0.000705,0.000924,0.000749,0.000974,0.000256,0.001199,0.000306,0.001054,0.000337,-0.000658,0.000538,0.001898,0.000088,0.000519,-0.002110,-0.000497,-0.001927,-0.000038,-0.000228,0.000317,-0.000549,0.000509,-0.000810,-0.000048,0.000981,0.001530,0.000463,-0.000529,0.001775,0.000148,0.000526,0.001026,0.001378,0.001092,-0.000150,0.002043,0.000361,0.000791,0.000568,0.000988,0.003635,0.000267,0.000313,-0.000086,0.002847,0.001459,0.001593,-0.000388,0.001375,0.000191,0.000422
0.001590,0.001123,0.001330,0.001084,0.000822,0.002495,0.000860,0.000481,0.013359,0.003885,0.001636,0.002189,0.002726,0.002060,0.000671,0.001514,0.000802,-0.000862,-0.000270,0.002024,0.000797,0.000034,-0.002013,-0.001417,0.000417,-0.000240,-0.002657,-0.001499,-0.000332,0.000930,0.000042,0.000893,0.000543,-0.000103,0.001012,-0.001437,0.001397,-0.001285,-0.000871,0.000639,0.001666,-0.000072,-0.000155,-0.000062,0.002246,0.002109,-0.000442,0.002529,0.001963,0.000602,0.001942,0.000304,0.001010,0.000184,0.000469,0.000420,0.000582,0.000795,0.001346,0.001189
-0.000141,0.000733,0.000271,0.000684,0.000153,0.000967,0.000143,0.000705,0.003885,0.007631,0.001542,0.002021,0.002280,0.001912,0.001254,0.000939,0.000266,-0.000587,0.000066,-0.001262,0.000771,0.000223,-0.000929,0.000444,-0.000494,0.000967,-0.001465,-0.000339,-0.000838,-0.000695,-0.002057,-0.000216,-0.000440,-0.001188,0.000409,-0.000511,0.001286,-0.000288,-0.000263,0.000469,0.001416,-0.000583,-0.000081,0.000183,0.002018,0.000691,0.000816,0.002650,0.002265,-0.000356,0.001335,0.000428,0.001745,0.000104,-0.000221,-0.000102,-0.000240,-0.000145,0.000105,0.000355
0.000121,0.000773,0.001647,0.000640,0.000642,0.001962,0.000956,0.000924,0.001636,0.001542,0.008450,0.000588,0.004023,0.000891,0.002061,0.000429,0.000710,0.000575,0.001519,0.002208,0.001370,-0.000036,-0.000158,-0.001468,-0.002129,0.000760,-0.001155,-0.000924,-0.002265,-0.000397,0.000007,-0.000786,-0.001599,-0.001415,-0.000466,-0.000466,-0.001121,0.000150,0.000402,-0.001044,-0.001044,0.000737,-0.000302,0.000037,0.001532,0.000530,0.000497,0.000078,-0.000106,0.000626,0.001254,0.000186,0.000599,0.000349,-0.000698,0.000001,0.001105,0.000193,0.000030,-0.000291
0.000500,0.000370,0.000434,0.000029,0.000297,0.001411,0.001467,0.000749,0.002189,0.002021,0.000588,0.015374,0.004637,0.001682,0.001564,0.004391,0.003457,-0.000134,0.000602,0.001597,-0.000391,0.001712,-0.001282,-0.000325,-0.000872,0.000382,-0.003412,-0.001082,-0.000125,-0.000519,-0.000346,-0.001436,-0.000916,-0.000952,-0.002361,-0.000826,-0.001964,-0.001626,0.001081,0.000873,-0.000490,-0.001390,-0.001143,-0.000216,0.002189,0.000251,0.000603,-0.000422,-0.000767,0.000284,-0.000052,0.000308,-0.001142,-0.000410,0.001575,0.002102,-0.000533,-0.001126,-0.000036,0.000005
0.000816,0.000252,0.001628,0.000923,0.000691,0.002033,0.002296,0.000974,0.002726,0.002280,0.004023,0.004637,0.015259,0.002291,0.005081,0.005975,0.001715,0.002904,0.002947,0.004430,0.002174,0.003513,0.000838,-0.001631,-0.002050,0.000252,-0.002074,-0.000811,-0.001575,-0.001032,-0.003600,-0.002402,0.000101,-0.003174,-0.001953,-0.002224,-0.002614,-0.002246,-0.000723,-0.000793,-0.000196,0.000768,-0.000584,-0.002089,0.000465,-0.000691,-0.001059,-0.001467,-0.000743,0.000845,0.000542,0.000894,0.000643,-0.001188,-0.001029,0.000063,0.000817,0.000166,0.000672,-0.000434
0.000847,0.000496,0.000036,0.000459,0.001055,0.000917,0.000876,0.000256,0.002060,0.001912,0.000891,0.001682,0.002291,0.007720,0.003031,0.002044,0.000337,0.003068,0.002135,0.002826,0.001866,0.001595,0.000036,0.000159,0.000276,0.000716,-0.001172,-0.001458,-0.000567,0.000005,-0.001287,-0.002257,-0.001406,-0.001464,-0.001684,-0.000693,-0.002024,0.000088,-0.000549,-0.000237,0.001462,0.000957,-0.000575,-0.000315,0.000147,-0.000510,0.000050,-0.000176,0.001212,0.000324,-0.000172,0.000359,0.000785,0.001119,-0.000408,-0.000099,0.000392,0.000090,0.001168,0.000328
0.000914,0.000992,0.000857,0.000116,0.001053,0.000890,0.003649,0.001199,0.000671,0.001254,0.002061,0.001564,0.005081,0.003031,0.019164,0.004717,0.003683,0.006226,0.005494,0.003920,0.002957,0.001362,0.001750,0.000577,-0.004117,-0.001571,-0.002598,-0.006646,-0.005107,-0.005036,-0.004943,-0.004044,-0.002116,-0.002455,-0.000972,0.001175,-0.001630,-0.001376,-0.000582,-0.001694,0.000591,-0.000763,0.000429,-0.000575,0.000373,-0.000540,-0.001776,-0.000985,0.000874,0.001086,0.000057,-0.000772,0.001216,0.001335,-0.000760,-0.000164,0.000971,0.002486,0.001658,0.000723
0.000172,0.000152,-0.000684,0.000073,0.001039,0.001203,0.001831,0.000306,0.001514,0.000939,0.000429,0.004391,0.005975,0.002044,0.004717,0.018470,0.007028,0.005071,0.004900,0.003671,0.003947,0.003956,0.002113,-0.000757,0.000761,-0.000653,-0.003360,-0.004009,-0.001565,-0.004758,-0.006750,-0.004596,-0.001214,-0.003415,-0.001733,-0.000643,-0.003557,-0.001271,-0.001523,-0.001566,0.001976,-0.002597,-0.001627,-0.001759,-0.002331,-0.001655,-0.002270,-0.002225,-0.001417,-0.000193,0.000072,-0.000469,-0.000112,0.001399,0.002431,0.001006,-0.000379,-0.000363,0.001358,-0.000024
0.001557,-0.000155,-0.000210,0.000086,0.001241,0.000315,0.002655,0.001054,0.000802,0.000266,0.000710,0.003457,0.001715,0.000337,0.003683,0.007028,0.022952,0.003680,0.004154,0.005244,0.003244,0.004201,0.005471,0.004036,0.001568,0.005106,-0.001487,-0.000969,-0.003099,-0.002851,-0.002567,-0.002935,-0.002843,-0.000251,-0.001372,-0.000184,-0.004821,-0.001193,-0.002321,-0.002996,-0.001766,-0.005548,-0.001453,0.000139,-0.001692,0.000065,-0.000821,0.000007,-0.000587,-0.000637,0.000160,0.000487,-0.001781,0.000030,-0.001241,0.000570,-0.001092,0.001025,0.000886,0.000033
-0.000589,0.000414,0.000026,-0.000712,0.000599,0.000804,0.001864,0.000337,-0.000862,-0.000587,0.000575,-0.000134,0.002904,0.003068,0.006226,0.005071,0.003680,0.025300,0.006369,0.003616,0.001229,0.004077,0.003782,-0.001893,-0.000732,-0.001188,-0.001029,-0.004398,-0.005699,-0.003427,-0.001248,-0.005243,-0.003514,-0.000820,-0.000732,-0.002613,-0.002360,-0.002411,-0.002479,-0.003096,-0.001030,-0.000508,-0.000390,-0.000348,-0.002573,-0.000091,-0.001836,-0.002333,-0.000048,0.001048,-0.000983,-0.000770,-0.001721,-0.002049,-0.001202,0.000507,0.000013,0.000105,0.001047,-0.000131
0.000865,-0.000334,0.000998,0.000222,0.000408,0.000945,0.001796,-0.000658,-0.000270,0.000066,0.001519,0.000602,0.002947,0.002135,0.005494,0.004900,0.004154,0.006369,0.018582,0.004554,0.001520,0.002355,0.003472,0.000107,0.000431,0.001339,-0.001787,-0.003167,-0.001874,-0.003893,-0.002519,-0.003912,-0.002258,-0.002447,-0.004552,-0.002157,-0.003606,-0.002307,-0.000671,-0.001050,-0.001042,-0.000193,-0.002761,-0.000284,-0.002142,0.000527,-0.000764,-0.001424,-0.002201,0.000561,0.000763,-0.000301,0.000419,0.002068,-0.000600,-0.000343,0.000013,0.001462,0.000652,-0.000398
0.002024,0.001547,0.002039,0.000200,0.002667,0.002769,0.001012,0.000538,0.002024,-0.001262,0.002208,0.001597,0.004430,0.002826,0.003920,0.003671,0.005244,0.003616,0.004554,0.023910,0.005743,0.005393,0.003219,0.001454,-0.000671,0.001084,-0.004140,-0.001904,-0.002270,-0.000225,-0.003456,-0.006295,-0.001793,-0.001255,-0.002978,-0.002916,-0.004104,-0.000325,-0.000491,-0.000532,-0.001947,-0.000171,-0.002556,-0.003103,-0.001516,0.000690,-0.003510,-0.003901,-0.002787,-0.000567,0.000095,-0.000284,0.000031,-0.001495,-0.001002,-0.000861,0.000841,0.000708,-0.000035,-0.000296
0.001228,0.001136,0.000218,0.001008,-0.001425,0.001583,0.002118,0.001898,0.000797,0.000771,0.001370,-0.000391,0.002174,0.001866,0.002957,0.003947,0.003244,0.001229,0.001520,0.005743,0.024028,0.003433,0.004287,0.000840,-0.001322,0.004057,0.002392,-0.003156,-0.001271,-0.000959,-0.005787,-0.002495,-0.002841,-0.002471,0.000850,-0.000141,-0.001648,-0.001248,-0.000651,-0.004343,-0.000286,-0.003464,-0.000822,-0.001696,-0.000999,0.000575,-0.003442,-0.000432,-0.000573,0.001541,0.000978,0.000357,-0.001258,0.000981,-0.002330,-0.000473,0.000648,0.002240,-0.000968,0.000001
0.000201,0.000289,-0.000379,-0.000293,-0.000541,-0.000960,0.001483,0.000088,0.000034,0.000223,-0.000036,0.001712,0.003513,0.001595,0.001362,0.003956,0.004201,0.004077,0.002355,0.005393,0.003433,0.018689,0.006619,0.002210,0.004052,0.001336,0.001948,-0.000688,0.000100,-0.000831,-0.003815,-0.001962,-0.001576,-0.001717,-0.000203,-0.004858,-0.004171,-0.001226,-0.002760,-0.001728,0.000661,-0.000835,-0.001349,-0.001388,-0.001829,-0.000598,0.000577,-0.000894,-0.000359,0.002371,0.000221,-0.000532,-0.001078,-0.001240,-0.000333,0.000081,-0.001138,0.000125,-0.001876,-0.000300
0.000751,0.000711,0.000516,0.000010,-0.001671,0.000182,0.000987,0.000519,-0.002013,-0.000929,-0.000158,-0.001282,0.000838,0.000036,0.001750,0.002113,0.005471,0.003782,0.003472,0.003219,0.004287,0.006619,0.022365,0.004320,0.001326,0.003796,0.004551,-0.001470,-0.000259,-0.001816,-0.002963,-0.002854,-0.002824,-0.002281,-0.003238,-0.005053,-0.005553,-0.001382,-0.003436,-0.001298,-0.000617,-0.001727,0.000118,-0.000098,-0.001135,-0.001180,-0.000170,-0.003215,-0.000449,0.000110,-0.000783,-0.000773,-0.001554,-0.000235,0.001007,-0.000757,0.000275,0.001645,-0.001716,-0.000081
-0.001037,0.000242,-0.000136,0.000143,0.000345,-0.000221,-0.000835,-0.002110,-0.001417,0.000444,-0.001468,-0.000325,-0.001631,0.000159,0.000577,-0.000757,0.004036,-0.001893,0.000107,0.001454,0.000840,0.002210,0.004320,0.017065,0.002979,0.006436,0.002702,0.002867,0.000556,-0.001193,-0.001993,-0.001804,-0.002155,0.000160,-0.004020,-0.000268,-0.001284,-0.002003,-0.002691,-0.002097,-0.002252,-0.000902,-0.000210,-0.001175,-0.002387,-0.000563,0.000051,-0.001241,0.000985,-0.002761,-0.000377,-0.000167,0.000958,-0.001714,-0.000294,-0.002399,-0.000850,-0.001801,-0.001211,-0.000434
0.000200,-0.000758,-0.001468,0.000266,0.000548,-0.000468,0.001154,-0.000497,0.000417,-0.000494,-0.002129,-0.000872,-0.002050,0.000276,-0.004117,0.000761,0.001568,-0.000732,0.000431,-0.000671,-0.001322,0.004052,0.001326,0.002979,0.015920,0.002591,0.002786,0.003519,0.004389,-0.000049,0.000119,-0.000513,0.001178,-0.000072,0.000172,0.000847,-0.001082,-0.000254,-0.000647,0.000294,0.000429,0.001575,-0.000684,0.000070,-0.001811,-0.000966,0.000715,0.000504,0.000168,0.000313,-0.000971,0.000325,0.001272,-0.001421,0.000320,0.000108,-0.001889,-0.000116,-0.000361,-0.000516
0.000576,0.000369,-0.000297,0.000190,-0.002839,0.000304,0.000621,-0.001927,-0.000240,0.000967,0.000760,0.000382,0.000252,0.000716,-0.001571,-0.000653,0.005106,-0.001188,0.001339,0.001084,0.004057,0.001336,0.003796,0.006436,0.002591,0.017175,0.004947,0.003530,0.001200,0.001111,-0.000593,-0.000050,-0.001179,-0.001277,-0.002062,-0.000716,-0.004823,-0.001412,-0.001115,-0.002393,-0.003904,-0.004640,-0.001564,-0.000043,-0.002044,0.000685,-0.001278,-0.000054,-0.001294,-0.000641,-0.000459,-0.000035,-0.001490,-0.001300,-0.001324,-0.000562,-0.000193,-0.000540,-0.002048,-0.000412
-0.000143,-0.000676,-0.001366,-0.001310,-0.000625,-0.000475,-0.000351,-0.000038,-0.002657,-0.001465,-0.001155,-0.003412,-0.002074,-0.001172,-0.002598,-0.003360,-0.001487,-0.001029,-0.001787,-0.004140,0.002392,0.001948,0.004551,0.002702,0.002786,0.004947,0.022492,0.006933,0.002241,0.001802,0.000142,0.001361,0.001620,-0.001417,-0.005027,-0.000471,-0.002125,0.000855,-0.000572,-0.003618,-0.003570,-0.002688,0.001082,0.001053,-0.000441,-0.000193,-0.000960,-0.001306,0.000838,0.001359,-0.001124,0.000211,-0.000334,-0.001069,-0.001534,-0.001004,-0.000046,-0.000682,-0.004302,-0.001505
-0.002626,-0.000750,-0.001000,-0.000430,0.000867,-0.000826,-0.001995,-0.000228,-0.001499,-0.000339,-0.000924,-0.001082,-0.000811,-0.001458,-0.006646,-0.004009,-0.000969,-0.004398,-0.003167,-0.001904,-0.003156,-0.000688,-0.001470,0.002867,0.003519,0.003530,0.006933,0.022310,0.006796,0.002859,0.004467,0.000919,0.001429,0.001493,-0.001994,-0.001346,-0.002330,0.000738,-0.000445,-0.002537,-0.002499,-0.000455,0.000210,0.000500,-0.000306,-0.000498,0.001696,0.001131,0.000395,-0.000897,0.000169,0.000731,0.000007,-0.002516,-0.001068,-0.000124,-0.000960,-0.002229,-0.002687,-0.001395
-0.001088,-0.000752,-0.001822,0.000329,-0.002053,-0.000367,-0.000889,0.000317,-0.000332,-0.000838,-0.002265,-0.000125,-0.001575,-0.000567,-0.005107,-0.001565,-0.003099,-0.005699,-0.001874,-0.002270,-0.001271,0.000100,-0.000259,0.000556,0.004389,0.001200,0.002241,0.006796,0.019598,0.002359,0.001107,0.002918,0.003013,0.002045,-0.000039,0.003370,0.001454,0.002034,0.001146,0.001360,0.000025,-0.000036,-0.001236,-0.000342,0.000495,-0.000783,0.001146,0.000785,0.000034,-0.000093,0.000088,0.000783,-0.000213,-0.001331,0.001002,-0.001378,-0.001754,0.000402,-0.002225,-0.000778
-0.000383,-0.000646,0.000535,-0.000316,-0.001541,-0.000486,-0.001367,-0.000549,0.000930,-0.000695,-0.000397,-0.000519,-0.001032,0.000005,-0.005036,-0.004758,-0.002851,-0.003427,-0.003893,-0.000225,-0.000959,-0.000831,-0.001816,-0.001193,-0.000049,0.001111,0.001802,0.002859,0.002359,0.014937,0.003517,0.006898,0.004338,0.002385,0.001416,-0.002084,-0.000010,0.001745,-0.000816,0.000957,0.002072,0.001162,-0.000522,0.000345,-0.000077,0.001854,0.000818,0.000429,-0.000862,-0.001908,0.000228,-0.000131,-0.000362,0.000727,0.001406,0.000699,0.000475,-0.000812,-0.001500,-0.000392
-0.001090,0.000626,0.000617,-0.000512,-0.000809,-0.000899,-0.001000,0.000509,0.000042,-0.002057,0.000007,-0.000346,-0.003600,-0.001287,-0.004943,-0.006750,-0.002567,-0.001248,-0.002519,-0.003456,-0.005787,-0.003815,-0.002963,-0.001993,0.000119,-0.000593,0.000142,0.004467,0.001107,0.003517,0.019532,0.004666,0.004087,0.004997,0.001060,0.004179,-0.000298,0.003362,0.002426,0.001334,-0.000752,0.003834,-0.000733,0.002306,0.000378,0.000554,0.001385,0.001226,0.000203,0.001358,0.000473,0.000294,-0.001002,-0.002040,0.000056,0.000253,-0.000741,-0.000944,-0.001309,0.000059
-0.000739,-0.000708,-0.000877,0.000031,-0.003697,-0.001867,-0.000782,-0.000810,0.000893,-0.000216,-0.000786,-0.001436,-0.002402,-0.002257,-0.004044,-0.004596,-0.002935,-0.005243,-0.003912,-0.006295,-0.002495,-0.001962,-0.002854,-0.001804,-0.000513,-0.000050,0.001361,0.000919,0.002918,0.006898,0.004666,0.019179,0.005769,0.003647,0.000263,0.001497,0.002958,0.001310,0.000928,0.001276,0.001188,0.001192,0.000167,0.001207,0.000628,0.000856,0.001618,0.001326,-0.001615,-0.000833,-0.000164,-0.000132,0.000088,0.000767,0.001946,0.000294,0.000717,-0.000134,-0.001317,-0.000816
0.000042,-0.000030,-0.000297,-0.000134,-0.000886,-0.000733,-0.000937,-0.000048,0.000543,-0.000440,-0.001599,-0.000916,0.000101,-0.001406,-0.002116,-0.001214,-0.002843,-0.003514,-0.002258,-0.001793,-0.002841,-0.001576,-0.002824,-0.002155,0.001178,-0.001179,0.001620,0.001429,0.003013,0.004338,0.004087,0.005769,0.016049,0.003719,0.002354,0.002542,0.001296,0.002333,0.001174,0.001133,0.002525,0.002013,0.000410,0.000083,0.001946,0.001864,0.000626,-0.000011,0.001187,0.001734,-0.000265,-0.001178,-0.000239,0.000869,0.002255,0.000282,-0.000162,-0.000242,-0.000777,-0.000789
-0.000740,0.000318,-0.000670,-0.000435,-0.000231,-0.000408,-0.001953,0.000981,-0.000103,-0.001188,-0.001415,-0.000952,-0.003174,-0.001464,-0.002455,-0.003415,-0.000251,-0.000820,-0.002447,-0.001255,-0.002471,-0.001717,-0.002281,0.000160,-0.000072,-0.001277,-0.001417,0.001493,0.002045,0.002385,0.004997,0.003647,0.003719,0.012863,0.004271,0.002246,0.002968,0.001828,0.000354,0.000864,0.001916,0.002467,-0.000712,0.001211,-0.000156,0.000932,0.002147,0.000012,0.000290,0.001083,-0.000132,-0.000131,-0.001134,-0.000030,0.001332,-0.000430,0.000176,-0.000390,0.000534,-0.000275
0.000490,0.002377,0.000020,0.000325,-0.000951,-0.002152,0.000175,0.001530,0.001012,0.000409,-0.000466,-0.002361,-0.001953,-0.001684,-0.000972,-0.001733,-0.001372,-0.000732,-0.004552,-0.002978,0.000850,-0.000203,-0.003238,-0.004020,0.000172,-0.002062,-0.005027,-0.001994,-0.000039,0.001416,0.001060,0.000263,0.002354,0.004271,0.019844,0.001657,0.006204,0.001415,-0.000013,0.002046,0.002154,0.002400,-0.000225,0.000277,0.002169,-0.000422,0.001744,0.003901,0.002091,0.001300,-0.001332,-0.000512,0.000814,0.000285,-0.000273,0.001565,-0.000567,0.000527,0.000905,0.001183
-0.000142,0.000460,0.000140,-0.000068,0.000349,0.000455,0.000475,0.000463,-0.001437,-0.000511,-0.000466,-0.000826,-0.002224,-0.000693,0.001175,-0.000643,-0.000184,-0.002613,-0.002157,-0.002916,-0.000141,-0.004858,-0.005053,-0.000268,0.000847,-0.000716,-0.000471,-0.001346,0.003370,-0.002084,0.004179,0.001497,0.002542,0.002246,0.001657,0.024009,0.006434,0.004357,0.005646,0.002137,0.001846,0.001448,0.000708,0.000636,0.001847,0.000053,0.000552,0.001684,0.000016,0.001834,0.000371,0.000038,0.000768,0.000530,0.001176,-0.000097,0.000297,0.000159,0.002713,0.000510
-0.001728,-0.000007,-0.000918,0.000301,-0.000323,0.000681,0.000095,-0.000529,0.001397,0.001286,-0.001121,-0.001964,-0.002614,-0.002024,-0.001630,-0.003557,-0.004821,-0.002360,-0.003606,-0.004104,-0.001648,-0.004171,-0.005553,-0.001284,-0.001082,-0.004823,-0.002125,-0.002330,0.001454,-0.000010,-0.000298,0.002958,0.001296,0.002968,0.006204,0.006434,0.022520,0.000758,0.001791,0.004278,0.004089,0.003487,0.001355,0.001682,0.003888,0.000735,0.002251,0.003052,0.001472,-0.000211,0.000508,0.000018,0.002417,0.000736,-0.000210,0.000342,-0.001726,-0.000319,0.002037,0.000392
-0.000709,-0.000059,-0.000805,-0.000644,-0.000471,0.000045,-0.001175,0.001775,-0.001285,-0.000288,0.000150,-0.001626,-0.002246,0.000088,-0.001376,-0.001271,-0.001193,-0.002411,-0.002307,-0.000325,-0.001248,-0.001226,-0.001382,-0.002003,-0.000254,-0.001412,0.000855,0.000738,0.002034,0.001745,0.003362,0.001310,0.002333,0.001828,0.001415,0.004357,0.000758,0.009755,0.001377,0.001645,0.000991,0.000089,-0.000547,0.000735,0.001392,0.000367,0.001003,0.000595,0.000877,0.001360,0.000172,-0.000251,0.000453,0.000864,0.000594,0.000841,0.000001,0.000257,-0.000360,-0.000043
0.000054,-0.000787,-0.000882,-0.000109,0.000655,0.000783,-0.000092,0.000148,-0.000871,-0.000263,0.000402,0.001081,-0.000723,-0.000549,-0.000582,-0.001523,-0.002321,-0.002479,-0.000671,-0.000491,-0.000651,-0.002760,-0.003436,-0.002691,-0.000647,-0.001115,-0.000572,-0.000445,0.001146,-0.000816,0.002426,0.000928,0.001174,0.000354,-0.000013,0.005646,0.001791,0.001377,0.009826,0.002777,-0.000009,0.000690,0.000273,0.000650,0.000645,0.000115,0.000047,0.000067,-0.000647,0.000472,-0.000030,-0.000084,-0.000648,-0.000538,-0.000233,-0.000291,-0.000242,-0.000051,0.001200,-0.000003
0.000660,-0.000147,-0.000377,-0.000160,-0.000624,0.000463,-0.000101,0.000526,0.000639,0.000469,-0.001044,0.000873,-0.000793,-0.000237,-0.001694,-0.001566,-0.002996,-0.003096,-0.001050,-0.000532,-0.004343,-0.001728,-0.001298,-0.002097,0.000294,-0.002393,-0.003618,-0.002537,0.001360,0.000957,0.001334,0.001276,0.001133,0.000864,0.002046,0.002137,0.004278,0.001645,0.002777,0.010618,0.003793,0.004045,0.000554,0.000460,0.004357,0.000322,0.002512,0.000658,0.000868,0.000162,-0.000370,0.000193,0.000084,0.000331,0.001768,-0.000095,-0.001304,0.000075,0.000530,0.000265
-0.000164,0.000719,0.000179,0.001196,-0.000290,0.000032,-0.000119,0.001026,0.001666,0.001416,-0.001044,-0.000490,-0.000196,0.001462,0.000591,0.001976,-0.001766,-0.001030,-0.001042,-0.001947,-0.000286,0.000661,-0.000617,-0.002252,0.000429,-0.003904,-0.003570,-0.002499,0.000025,0.002072,-0.000752,0.001188,0.002525,0.001916,0.002154,0.001846,0.004089,0.000991,-0.000009,0.003793,0.014443,0.005160,0.001727,0.000793,0.002135,0.001473,0.004450,0.002655,0.003547,0.001359,0.001251,0.000050,0.000520,0.003333,0.003558,0.000888,-0.000449,0.000149,0.001917,0.000880
-0.000917,0.001352,0.001223,0.000102,0.000041,0.000419,-0.000562,0.001378,-0.000072,-0.000583,0.000737,-0.001390,0.000768,0.000957,-0.000763,-0.002597,-0.005548,-0.000508,-0.000193,-0.000171,-0.003464,-0.000835,-0.001727,-0.000902,0.001575,-0.004640,-0.002688,-0.000455,-0.000036,0.001162,0.003834,0.001192,0.002013,0.002467,0.002400,0.001448,0.003487,0.000089,0.000690,0.004045,0.005160,0.016659,0.002025,0.000195,0.001286,0.000615,0.003243,0.001105,0.001457,0.000784,-0.000255,0.000277,0.001722,-0.001334,-0.000091,-0.000392,-0.001271,-0.000837,0.000858,0.000479
0.000769,0.001221,-0.000586,-0.000353,-0.000644,0.000282,-0.000910,0.001092,-0.000155,-0.000081,-0.000302,-0.001143,-0.000584,-0.000575,0.000429,-0.001627,-0.001453,-0.000390,-0.002761,-0.002556,-0.000822,-0.001349,0.000118,-0.000210,-0.000684,-0.001564,0.001082,0.000210,-0.001236,-0.000522,-0.000733,0.000167,0.000410,-0.000712,-0.000225,0.000708,0.001355,-0.000547,0.000273,0.000554,0.001727,0.002025,0.006274,0.000045,0.000807,0.000225,0.000689,-0.000087,0.000311,0.001597,0.000134,0.000122,0.000352,0.001002,0.000837,-0.000060,0.000298,0.000001,0.000187,0.001093
-0.000351,-0.001156,-0.000110,0.000516,-0.000198,0.000111,0.000474,-0.000150,-0.000062,0.000183,0.000037,-0.000216,-0.002089,-0.000315,-0.000575,-0.001759,0.000139,-0.000348,-0.000284,-0.003103,-0.001696,-0.001388,-0.000098,-0.001175,0.000070,-0.000043,0.001053,0.000500,-0.000342,0.000345,0.002306,0.001207,0.000083,0.001211,0.000277,0.000636,0.001682,0.000735,0.000650,0.000460,0.000793,0.000195,0.000045,0.004128,0.000637,0.000976,0.000891,0.000723,0.000602,-0.000066,-0.000044,-0.000103,-0.000104,0.000600,-0.000493,0.000329,-0.000236,0.000202,0.000384,0.000200
0.002039,0.000707,0.000751,0.000115,-0.000469,0.000744,-0.000966,0.002043,0.002246,0.002018,0.001532,0.002189,0.000465,0.000147,0.000373,-0.002331,-0.001692,-0.002573,-0.002142,-0.001516,-0.000999,-0.001829,-0.001135,-0.002387,-0.001811,-0.002044,-0.000441,-0.000306,0.000495,-0.000077,0.000378,0.000628,0.001946,-0.000156,0.002169,0.001847,0.003888,0.001392,0.000645,0.004357,0.002135,0.001286,0.000807,0.000637,0.012706,0.002463,0.002929,0.001912,0.003126,0.002778,0.000701,0.000469,0.000304,0.000946,0.000495,0.000645,-0.000271,0.000506,-0.000005,-0.000200
-0.000480,0.000175,0.000921,0.000209,0.000233,0.000778,-0.000658,0.000361,0.002109,0.000691,0.000530,0.000251,-0.000691,-0.000510,-0.000540,-0.001655,0.000065,-0.000091,0.000527,0.000690,0.000575,-0.000598,-0.001180,-0.000563,-0.000966,0.000685,-0.000193,-0.000498,-0.000783,0.001854,0.000554,0.000856,0.001864,0.000932,-0.000422,0.000053,0.000735,0.000367,0.000115,0.000322,0.001473,0.000615,0.000225,0.000976,0.002463,0.006332,0.001554,0.001240,0.000815,0.001613,0.001056,0.000031,-0.000244,-0.000064,-0.000136,0.000232,0.000083,-0.000022,0.000809,-0.000116
-0.000857,0.000448,-0.000045,0.000024,-0.001198,-0.001105,-0.000160,0.000791,-0.000442,0.000816,0.000497,0.000603,-0.001059,0.000050,-0.001776,-0.002270,-0.000821,-0.001836,-0.000764,-0.003510,-0.003442,0.000577,-0.000170,0.000051,0.000715,-0.001278,-0.000960,0.001696,0.001146,0.000818,0.001385,0.001618,0.000626,0.002147,0.001744,0.000552,0.002251,0.001003,0.000047,0.002512,0.004450,0.003243,0.000689,0.000891,0.002929,0.001554,0.007974,0.002601,0.002525,0.002050,0.000565,0.000530,0.000159,-0.001071,0.000949,0.000390,-0.000817,-0.000164,-0.000764,0.000076
-0.000567,0.000227,0.000117,0.000808,0.000135,-0.000752,0.000098,0.000568,0.002529,0.002650,0.000078,-0.000422,-0.001467,-0.000176,-0.000985,-0.002225,0.000007,-0.002333,-0.001424,-0.003901,-0.000432,-0.000894,-0.003215,-0.001241,0.000504,-0.000054,-0.001306,0.001131,0.000785,0.000429,0.001226,0.001326,-0.000011,0.000012,0.003901,0.001684,0.003052,0.000595,0.000067,0.000658,0.002655,0.001105,-0.000087,0.000723,0.001912,0.001240,0.002601,0.009189,0.004025,0.000434,0.001244,0.000780,0.000646,-0.000033,-0.000363,0.000806,-0.000486,-0.000270,0.001326,0.000853
0.001521,0.000823,0.000327,0.000462,0.000449,0.000120,0.000042,0.000988,0.001963,0.002265,-0.000106,-0.000767,-0.000743,0.001212,0.000874,-0.001417,-0.000587,-0.000048,-0.002201,-0.002787,-0.000573,-0.000359,-0.000449,0.000985,0.000168,-0.001294,0.000838,0.000395,0.000034,-0.000862,0.000203,-0.001615,0.001187,0.000290,0.002091,0.000016,0.001472,0.000877,-0.000647,0.000868,0.003547,0.001457,0.000311,0.000602,0.003126,0.000815,0.002525,0.004025,0.011193,0.001803,-0.000019,0.000699,0.000493,-0.000175,-0.000721,-0.000388,-0.000342,-0.000069,0.000703,0.000209
0.001317,0.002766,0.000308,-0.000074,-0.001002,-0.000895,0.000225,0.003635,0.000602,-0.000356,0.000626,0.000284,0.000845,0.000324,0.001086,-0.000193,-0.000637,0.001048,0.000561,-0.000567,0.001541,0.002371,0.000110,-0.002761,0.000313,-0.000641,0.001359,-0.000897,-0.000093,-0.001908,0.001358,-0.000833,0.001734,0.001083,0.001300,0.001834,-0.000211,0.001360,0.000472,0.000162,0.001359,0.000784,0.001597,-0.000066,0.002778,0.001613,0.002050,0.000434,0.001803,0.010027,0.000545,0.000301,0.000275,0.001112,0.001090,0.001586,0.000182,0.001139,0.000248,0.000701
-0.000120,0.000742,0.000531,0.000658,0.000744,0.000666,-0.000333,0.000267,0.001942,0.001335,0.001254,-0.000052,0.000542,-0.000172,0.000057,0.000072,0.000160,-0.000983,0.000763,0.000095,0.000978,0.000221,-0.000783,-0.000377,-0.000971,-0.000459,-0.001124,0.000169,0.000088,0.000228,0.000473,-0.000164,-0.000265,-0.000132,-0.001332,0.000371,0.000508,0.000172,-0.000030,-0.000370,0.001251,-0.000255,0.000134,-0.000044,0.000701,0.001056,0.000565,0.001244,-0.000019,0.000545,0.003210,0.000026,0.000470,0.000063,0.000206,-0.000133,0.000011,0.000504,0.001029,0.000273
0.000227,-0.000032,0.000033,0.000117,0.000124,0.000035,-0.000211,0.000313,0.000304,0.000428,0.000186,0.000308,0.000894,0.000359,-0.000772,-0.000469,0.000487,-0.000770,-0.000301,-0.000284,0.000357,-0.000532,-0.000773,-0.000167,0.000325,-0.000035,0.000211,0.000731,0.000783,-0.000131,0.000294,-0.000132,-0.001178,-0.000131,-0.000512,0.000038,0.000018,-0.000251,-0.000084,0.000193,0.000050,0.000277,0.000122,-0.000103,0.000469,0.000031,0.000530,0.000780,0.000699,0.000301,0.000026,0.001811,0.000302,-0.000452,-0.000406,-0.000268,-0.000114,-0.000206,-0.000032,0.000068
0.000202,0.001392,0.001016,0.000438,0.002088,0.000550,0.001061,-0.000086,0.001010,0.001745,0.000599,-0.001142,0.000643,0.000785,0.001216,-0.000112,-0.001781,-0.001721,0.000419,0.000031,-0.001258,-0.001078,-0.001554,0.000958,0.001272,-0.001490,-0.000334,0.000007,-0.000213,-0.000362,-0.001002,0.000088,-0.000239,-0.001134,0.000814,0.000768,0.002417,0.000453,-0.000648,0.000084,0.000520,0.001722,0.000352,-0.000104,0.000304,-0.000244,0.000159,0.000646,0.000493,0.000275,0.000470,0.000302,0.006401,0.000663,0.000542,0.000656,0.000507,0.000342,0.000833,-0.000283
0.001277,0.000784,-0.000134,-0.000064,-0.000160,0.000036,-0.001263,0.002847,0.000184,0.000104,0.000349,-0.000410,-0.001188,0.001119,0.001335,0.001399,0.000030,-0.002049,0.002068,-0.001495,0.000981,-0.001240,-0.000235,-0.001714,-0.001421,-0.001300,-0.001069,-0.002516,-0.001331,0.000727,-0.002040,0.000767,0.000869,-0.000030,0.000285,0.000530,0.000736,0.000864,-0.000538,0.000331,0.003333,-0.001334,0.001002,0.000600,0.000946,-0.000064,-0.001071,-0.000033,-0.000175,0.001112,0.000063,-0.000452,0.000663,0.013553,0.004181,0.002252,0.001119,0.001534,0.000854,0.000967
0.000295,0.002173,-0.000115,-0.000098,-0.000460,-0.000343,-0.001570,0.001459,0.000469,-0.000221,-0.000698,0.001575,-0.001029,-0.000408,-0.000760,0.002431,-0.001241,-0.001202,-0.000600,-0.001002,-0.002330,-0.000333,0.001007,-0.000294,0.000320,-0.001324,-0.001534,-0.001068,0.001002,0.001406,0.000056,0.001946,0.002255,0.001332,-0.000273,0.001176,-0.000210,0.000594,-0.000233,0.001768,0.003558,-0.000091,0.000837,-0.000493,0.000495,-0.000136,0.000949,-0.000363,-0.000721,0.001090,0.000206,-0.000406,0.000542,0.004181,0.008760,0.000810,0.000233,-0.000012,-0.000369,0.000359
0.000500,0.000680,0.000248,-0.000067,0.000283,-0.000466,0.001376,0.001593,0.000420,-0.000102,0.000001,0.002102,0.000063,-0.000099,-0.000164,0.001006,0.000570,0.000507,-0.000343,-0.000861,-0.000473,0.000081,-0.000757,-0.002399,0.000108,-0.000562,-0.001004,-0.000124,-0.001378,0.000699,0.000253,0.000294,0.000282,-0.000430,0.001565,-0.000097,0.000342,0.000841,-0.000291,-0.000095,0.000888,-0.000392,-0.000060,0.000329,0.000645,0.000232,0.000390,0.000806,-0.000388,0.001586,-0.000133,-0.000268,0.000656,0.002252,0.000810,0.005442,-0.000259,0.000864,0.001061,0.000144
0.001104,0.000502,0.001209,0.000357,0.000692,0.000781,-0.000185,-0.000388,0.000582,-0.000240,0.001105,-0.000533,0.000817,0.000392,0.000971,-0.000379,-0.001092,0.000013,0.000013,0.000841,0.000648,-0.001138,0.000275,-0.000850,-0.001889,-0.000193,-0.000046,-0.000960,-0.001754,0.000475,-0.000741,0.000717,-0.000162,0.000176,-0.000567,0.000297,-0.001726,0.000001,-0.000242,-0.001304,-0.000449,-0.001271,0.000298,-0.000236,-0.000271,0.000083,-0.000817,-0.000486,-0.000342,0.000182,0.000011,-0.000114,0.000507,0.001119,0.000233,-0.000259,0.004781,0.000647,0.000297,0.000481
0.001158,0.000824,0.000376,0.000324,0.000523,0.000585,0.001404,0.001375,0.000795,-0.000145,0.000193,-0.001126,0.000166,0.000090,0.002486,-0.000363,0.001025,0.000105,0.001462,0.000708,0.002240,0.000125,0.001645,-0.001801,-0.000116,-0.000540,-0.000682,-0.002229,0.000402,-0.000812,-0.000944,-0.000134,-0.000242,-0.000390,0.000527,0.000159,-0.000319,0.000257,-0.000051,0.000075,0.000149,-0.000837,0.000001,0.000202,0.000506,-0.000022,-0.000164,-0.000270,-0.000069,0.001139,0.000504,-0.000206,0.000342,0.001534,-0.000012,0.000864,0.000647,0.004716,0.000457,0.000336
0.000812,0.000448,0.001541,0.001121,0.003775,0.001757,0.001122,0.000191,0.001346,0.000105,0.000030,-0.000036,0.000672,0.001168,0.001658,0.001358,0.000886,0.001047,0.000652,-0.000035,-0.000968,-0.001876,-0.001716,-0.001211,-0.000361,-0.002048,-0.004302,-0.002687,-0.002225,-0.001500,-0.001309,-0.001317,-0.000777,0.000534,0.000905,0.002713,0.002037,-0.000360,0.001200,0.000530,0.001917,0.000858,0.000187,0.000384,-0.000005,0.000809,-0.000764,0.001326,0.000703,0.000248,0.001029,-0.000032,0.000833,0.000854,-0.000369,0.001061,0.000297,0.000457,0.011406,0.000463
0.000049,0.000734,-0.000009,0.000219,-0.000349,0.000231,-0.000227,0.000422,0.001189,0.000355,-0.000291,0.000005,-0.000434,0.000328,0.000723,-0.000024,0.000033,-0.000131,-0.000398,-0.000296,0.000001,-0.000300,-0.000081,-0.000434,-0.000516,-0.000412,-0.001505,-0.001395,-0.000778,-0.000392,0.000059,-0.000816,-0.000789,-0.000275,0.001183,0.000510,0.000392,-0.000043,-0.000003,0.000265,0.000880,0.000479,0.001093,0.000200,-0.000200,-0.000116,0.000076,0.000853,0.000209,0.000701,0.000273,0.000068,-0.000283,0.000967,0.000359,0.000144,0.000481,0.000336,0.000463,0.001944
