0.007031,0.002172,0.000974,0.000548,0.001027,0.000684,0.000652,0.000266,0.001635,-0.000420,-0.000001,0.000530,0.000686,0.000839,0.000897,0.000128,0.001466,-0.000552,0.000681,0.002023,0.001296,0.000185,0.000710,-0.001083,0.000237,0.000544,-0.000059,-0.002615,-0.001076,-0.000443,-0.001109,-0.000735,-0.000325,-0.000738,0.000494,-0.000265,-0.002045,-0.000706,0.000114,0.000686,-0.000150,-0.000940,0.000784,-0.000366,0.002199,-0.000490,-0.000949,-0.000534,0.001645,0.001309,-0.000160,0.000244,0.000157,0.001278,0.000274,0.000592,0.001128,0.001141,0.000826,0.000055
0.002172,0.006871,0.002180,-0.000020,0.000813,0.000611,0.000339,0.001723,0.001570,0.001138,0.000508,0.000692,0.000508,0.000512,0.001261,0.000124,-0.000028,-0.000227,0.000205,0.001148,0.001407,0.000144,0.000350,0.000463,-0.000946,0.000172,-0.000877,-0.000877,-0.000709,-0.000275,-0.000350,-0.000536,-0.000013,0.000432,0.001999,0.000668,0.000301,-0.000584,-0.000047,0.000021,0.001157,0.000520,0.001224,-0.001084,0.001055,0.000494,0.000926,0.000645,0.001250,0.002808,0.000996,0.000113,0.001413,0.000545,0.002763,0.000555,0.001689,0.001409,0.000529,0.000658
0.000974,0.002180,0.004167,0.000251,0.000111,0.000616,0.000200,0.000154,0.001597,0.000413,0.001863,0.000413,0.001489,0.000110,0.000981,-0.000528,0.000005,-0.000096,0.001623,0.001425,0.000493,-0.000034,0.000677,0.000960,-0.001206,-0.000085,-0.000143,-0.000841,-0.001583,-0.000075,-0.000254,-0.000868,-0.000623,-0.001016,-0.000175,0.000134,-0.000807,-0.000647,-0.000491,-0.000561,0.000160,0.001119,0.000190,-0.000262,0.000515,0.001038,0.000152,-0.000085,0.000334,-0.000170,0.000311,0.000268,0.001062,0.000783,0.000480,0.000249,0.001866,0.000879,0.000823,0.000115
0.000548,-0.000020,0.000251,0.001696,0.000799,0.000144,0.000525,0.000178,0.000866,0.000518,0.000491,-0.000057,0.000198,0.000498,0.000071,0.000469,0.000374,-0.000555,0.000097,-0.000234,0.001134,-0.000084,-0.000195,-0.000097,0.000088,0.000037,-0.000266,-0.000609,0.000095,-0.000130,-0.000370,0.000237,-0.000333,-0.000394,0.000353,-0.000026,0.000049,-0.000292,-0.000035,-0.000092,0.001508,0.000174,0.000263,0.000561,0.000472,0.000030,0.000120,0.000814,0.000330,0.000105,0.000745,0.000199,0.000384,0.000166,-0.000073,0.000067,0.000427,0.000143,0.000611,0.000394
0.001027,0.000813,0.000111,0.000799,0.006141,0.002546,0.000588,0.000004,0.000606,0.000438,0.000470,0.000532,-0.000066,0.000450,0.000903,0.001076,0.001269,0.000590,0.000946,0.001728,0.001414,-0.000708,-0.000613,0.000417,0.000596,-0.000250,-0.000866,0.000606,-0.000933,-0.001425,-0.000881,-0.002421,-0.000810,-0.000236,-0.000428,0.000283,0.000412,-0.000606,0.000441,-0.000616,0.000403,-0.000008,-0.000278,0.000469,-0.000007,0.000506,-0.000483,0.000925,0.000874,-0.001090,0.000943,0.000074,0.000383,-0.000165,-0.000204,0.000214,0.000338,0.000731,0.002230,-0.000324
0.000684,0.000611,0.000616,0.000144,0.002546,0.005981,0.000595,0.000104,0.001475,0.000598,0.000158,0.000720,0.001478,0.000036,0.000640,0.001632,0.000260,0.000616,0.001284,0.002407,0.001308,-0.001762,-0.000623,-0.000771,-0.000929,-0.000861,-0.000534,-0.001096,-0.000935,-0.000740,-0.001048,-0.001659,-0.000520,-0.000717,-0.001300,0.000511,0.001151,-0.000116,0.001143,-0.000361,0.000700,0.000393,0.000035,0.000622,0.000413,0.000756,-0.000718,-0.000496,0.000026,-0.000845,0.000558,-0.000147,0.000217,-0.000039,-0.000117,0.000093,0.000520,0.000595,0.001975,-0.000097
0.000652,0.000339,0.000200,0.000525,0.000588,0.000595,0.006316,0.000699,0.000614,0.000904,0.000376,0.001194,0.001031,0.000764,0.002286,0.000809,0.002094,0.001071,0.000932,0.001179,0.001395,0.002382,0.000840,0.000176,0.000973,0.000117,0.000405,-0.000418,-0.001399,-0.001340,-0.000630,-0.000702,0.000076,-0.001024,0.000072,0.000655,-0.000231,-0.000875,0.000336,0.000067,0.000174,-0.000550,-0.000474,0.000776,0.000009,-0.000578,0.000180,0.000402,0.000745,0.001319,-0.000022,-0.000065,-0.000018,-0.000067,-0.001242,0.001180,-0.000158,0.000305,0.000660,-0.000052
0.000266,0.001723,0.000154,0.000178,0.000004,0.000104,0.000699,0.007802,0.000615,0.000756,0.000770,0.000253,0.000696,-0.000234,0.001203,0.000314,0.001158,-0.000077,-0.000787,0.000611,0.001836,0.000310,0.000540,-0.001557,-0.000521,-0.002634,-0.000704,-0.000479,0.000230,0.000103,0.000391,-0.000921,-0.000111,0.000101,0.001098,0.000732,-0.000865,0.001371,0.000475,0.001743,0.001430,0.000435,0.000949,0.000135,0.002187,0.000721,0.000976,-0.000042,0.000772,0.003106,0.000309,0.000654,0.000493,0.003757,0.001344,0.002435,-0.000517,0.001443,0.000449,0.000417
0.001635,0.001570,0.001597,0.000866,0.000606,0.001475,0.000614,0.000615,0.013472,0.003504,0.000754,0.002263,0.001033,0.001287,0.000723,0.001783,0.000906,-0.001178,-0.000856,0.001844,0.000570,0.000609,-0.001506,-0.000547,0.000700,-0.000274,-0.002271,-0.001693,-0.000141,0.000872,-0.000141,0.001199,0.001364,-0.000885,0.001116,-0.001352,0.000966,-0.001179,-0.000635,-0.000326,0.001765,-0.000190,-0.000355,0.000157,0.002263,0.002339,-0.000221,0.002329,0.001442,0.000816,0.002244,0.000089,0.001128,0.000618,0.001468,-0.000185,0.001223,0.001236,0.001475,0.001054
-0.000420,0.001138,0.000413,0.000518,0.000438,0.000598,0.000904,0.000756,0.003504,0.007036,0.001787,0.001507,0.001818,0.000927,0.001194,-0.000017,-0.000196,-0.002043,0.001030,-0.000536,0.001143,0.000078,-0.002024,0.000709,0.000102,0.000356,-0.002220,0.000079,0.000266,-0.000400,-0.001387,0.000175,-0.000171,-0.001505,0.000573,-0.001472,0.001325,-0.000718,0.000127,-0.000368,0.000641,-0.000390,-0.000247,0.000169,0.000487,0.000654,0.000253,0.002161,0.000610,-0.000275,0.001464,-0.000070,0.001385,0.000986,0.000000,0.000077,-0.000306,0.000060,-0.000388,0.000394
-0.000001,0.000508,0.001863,0.000491,0.000470,0.000158,0.000376,0.000770,0.000754,0.001787,0.007029,0.000434,0.002598,0.000588,0.001758,-0.000111,0.000975,0.000638,0.001487,0.000723,0.001247,0.000024,-0.000001,-0.001220,-0.001652,0.000211,-0.000330,-0.000574,-0.002530,-0.000132,-0.000053,-0.000562,-0.001129,-0.001193,-0.000637,-0.000564,0.000221,0.000561,0.000458,-0.000598,-0.000042,0.000378,0.000794,0.000495,0.001949,0.000409,0.000414,0.000340,-0.000181,0.000429,0.001244,-0.000070,0.000437,0.001297,-0.000610,-0.000045,0.001099,0.000201,0.000257,-0.000175
0.000530,0.000692,0.000413,-0.000057,0.000532,0.000720,0.001194,0.000253,0.002263,0.001507,0.000434,0.011072,0.002564,0.001484,0.002962,0.003170,0.003746,0.001108,0.001032,0.002583,-0.000124,0.001719,0.000596,0.002048,-0.000151,0.000406,-0.002613,-0.000612,-0.000825,-0.001887,-0.001413,-0.001508,-0.000872,-0.001871,-0.001856,-0.001867,-0.002223,-0.002225,-0.000978,-0.002294,-0.001979,-0.001300,-0.001356,0.000343,0.000135,-0.000883,0.000624,-0.000291,0.000055,-0.000529,0.000286,0.000158,0.000079,0.000703,0.000957,0.000158,-0.000432,0.000115,-0.000341,0.000213
0.000686,0.000508,0.001489,0.000198,-0.000066,0.001478,0.001031,0.000696,0.001033,0.001818,0.002598,0.002564,0.010724,0.001401,0.003984,0.004223,0.002464,0.002071,0.002747,0.003706,0.001940,0.004356,0.001858,-0.000258,-0.002235,-0.000543,-0.000823,-0.000804,-0.002556,-0.000105,-0.001942,-0.001581,-0.000110,-0.003052,-0.001912,-0.002358,-0.003558,-0.001738,-0.000789,-0.000894,-0.000117,0.000299,-0.000288,-0.000895,-0.000460,-0.000595,-0.001163,-0.001160,-0.000710,-0.000015,0.000492,0.000325,0.000806,-0.000051,-0.000393,-0.000470,0.001207,0.000053,0.000137,-0.000335
0.000839,0.000512,0.000110,0.000498,0.000450,0.000036,0.000764,-0.000234,0.001287,0.000927,0.000588,0.001484,0.001401,0.006075,0.003493,0.001170,0.000462,0.000811,0.002385,0.002179,0.002146,0.001125,0.000688,0.000471,-0.000223,0.000619,-0.001641,-0.001493,0.000586,-0.000147,-0.001743,-0.001493,-0.000827,-0.002358,-0.001644,0.000765,-0.001746,-0.000242,0.000336,-0.000732,0.000933,0.000869,-0.000305,0.000023,0.000238,-0.000966,-0.000200,0.000090,0.000109,0.000098,0.000195,-0.000162,0.001234,0.001479,0.000249,-0.000483,0.000407,0.000064,0.001527,0.000557
0.000897,0.001261,0.000981,0.000071,0.000903,0.000640,0.002286,0.001203,0.000723,0.001194,0.001758,0.002962,0.003984,0.003493,0.016845,0.003563,0.003871,0.004392,0.003627,0.003130,0.002371,0.001928,0.000126,0.000227,-0.003957,-0.003097,-0.001691,-0.004953,-0.004591,-0.002052,-0.002213,-0.002514,-0.003260,-0.002575,-0.002383,0.000962,-0.002160,-0.000343,-0.000946,-0.001755,0.001340,0.000536,-0.000101,0.000315,0.001026,-0.000297,-0.000859,0.000338,0.002113,0.000095,0.000501,-0.000265,0.000696,0.001235,-0.001091,-0.000292,0.001373,0.000792,0.001620,0.000958
0.000128,0.000124,-0.000528,0.000469,0.001076,0.001632,0.000809,0.000314,0.001783,-0.000017,-0.000111,0.003170,0.004223,0.001170,0.003563,0.015900,0.008507,0.003516,0.003886,0.003356,0.002903,0.003390,0.001288,-0.000331,0.000597,-0.001400,-0.001706,-0.001368,-0.001755,-0.003228,-0.003261,-0.001402,-0.000547,-0.003948,-0.002825,-0.000593,-0.004126,-0.001449,-0.001157,-0.000638,0.001147,-0.001722,-0.000999,-0.000452,-0.000919,-0.001389,-0.001432,-0.001825,-0.000871,-0.000512,0.000348,-0.000254,-0.000426,0.000526,0.001816,-0.000509,0.000308,-0.000352,0.000657,0.000392
0.001466,-0.000028,0.000005,0.000374,0.001269,0.000260,0.002094,0.001158,0.000906,-0.000196,0.000975,0.003746,0.002464,0.000462,0.003871,0.008507,0.025156,0.004013,0.004417,0.003481,0.003236,0.004516,0.002180,0.003269,0.001270,0.002387,-0.002561,-0.001611,-0.003135,-0.003475,-0.002136,-0.002064,-0.003046,0.000452,-0.001877,0.000452,-0.003837,0.000007,-0.001886,-0.001576,-0.001520,-0.005435,-0.001096,-0.000091,-0.000768,0.001007,-0.000491,-0.000092,-0.000601,0.000859,0.000005,0.001045,-0.002256,0.000237,0.000363,0.000332,-0.000243,0.001108,0.001469,0.000350
-0.000552,-0.000227,-0.000096,-0.000555,0.000590,0.000616,0.001071,-0.000077,-0.001178,-0.002043,0.000638,0.001108,0.002071,0.000811,0.004392,0.003516,0.004013,0.019872,0.004420,0.000957,0.000349,0.004306,0.002862,-0.000741,-0.001823,-0.001775,0.000344,-0.003966,-0.005738,-0.003650,-0.001204,-0.004409,-0.003016,-0.001455,-0.002178,-0.002627,-0.004631,-0.003546,-0.001910,-0.002984,-0.003707,-0.001211,-0.000805,0.000460,-0.000485,-0.001067,-0.001347,-0.002227,-0.000404,0.000381,-0.000655,-0.000005,-0.002104,-0.000973,-0.001520,0.000172,-0.000463,0.000282,0.000751,-0.000325
0.000681,0.000205,0.001623,0.000097,0.000946,0.001284,0.000932,-0.000787,-0.000856,0.001030,0.001487,0.001032,0.002747,0.002385,0.003627,0.003886,0.004417,0.004420,0.018108,0.004969,0.004021,0.002960,0.001275,0.000283,-0.000285,0.000937,-0.001154,-0.001536,-0.002900,-0.002088,-0.000879,-0.002658,-0.001720,-0.000642,-0.003748,-0.000027,-0.002774,-0.001715,-0.000587,0.000221,-0.000358,0.000494,-0.002314,0.000131,-0.001065,0.001866,0.000657,-0.000679,-0.001878,0.000271,0.000747,0.000617,0.000600,0.002934,0.001151,0.000593,0.002279,0.002885,0.000368,-0.000401
0.002023,0.001148,0.001425,-0.000234,0.001728,0.002407,0.001179,0.000611,0.001844,-0.000536,0.000723,0.002583,0.003706,0.002179,0.003130,0.003356,0.003481,0.000957,0.004969,0.021471,0.006712,0.005785,0.001886,0.001188,-0.001264,-0.000237,-0.001069,-0.000086,-0.001766,0.000768,-0.003056,-0.005545,-0.001903,-0.002519,-0.004160,0.000153,-0.003049,-0.000852,0.000067,0.000651,-0.001623,-0.000125,-0.001621,-0.002993,0.001170,0.000173,-0.001552,-0.001709,-0.000356,0.000130,0.000683,-0.000147,0.000231,-0.000911,-0.001042,-0.000247,0.000505,0.000895,-0.000539,-0.001156
0.001296,0.001407,0.000493,0.001134,0.001414,0.001308,0.001395,0.001836,0.000570,0.001143,0.001247,-0.000124,0.001940,0.002146,0.002371,0.002903,0.003236,0.000349,0.004021,0.006712,0.020831,0.002538,0.002359,-0.000988,-0.001927,0.001191,0.001748,-0.002305,-0.002689,-0.000113,-0.004631,-0.002537,-0.001532,-0.002049,-0.000008,-0.001390,-0.002837,-0.000406,-0.000035,-0.002923,-0.000454,-0.002097,0.000146,-0.001151,-0.000304,0.000961,-0.003061,0.000268,-0.000497,0.001401,0.001517,0.000629,-0.000533,0.003200,-0.001109,-0.000042,0.002036,0.002485,-0.000064,0.000562
0.000185,0.000144,-0.000034,-0.000084,-0.000708,-0.001762,0.002382,0.000310,0.000609,0.000078,0.000024,0.001719,0.004356,0.001125,0.001928,0.003390,0.004516,0.004306,0.002960,0.005785,0.002538,0.021456,0.006072,0.001957,0.005124,-0.000263,0.000786,-0.000684,-0.001373,-0.001235,-0.002536,-0.002434,-0.000248,-0.001669,-0.001472,-0.003685,-0.004069,-0.000755,-0.002366,-0.000560,-0.000292,-0.000160,-0.000740,-0.001283,-0.000808,-0.000178,0.001007,-0.000876,0.000447,0.002811,0.000268,-0.000335,-0.000994,-0.000351,-0.000029,0.000722,-0.001930,0.000738,-0.001232,-0.000064
0.000710,0.000350,0.000677,-0.000195,-0.000613,-0.000623,0.000840,0.000540,-0.001506,-0.002024,-0.000001,0.000596,0.001858,0.000688,0.000126,0.001288,0.002180,0.002862,0.001275,0.001886,0.002359,0.006072,0.017164,0.003679,0.000718,0.002862,0.004131,-0.000391,-0.000298,-0.000476,-0.002727,-0.001731,-0.002184,-0.001650,-0.003580,-0.003734,-0.003971,-0.001087,-0.003285,-0.001728,-0.002406,-0.000306,0.000234,-0.000707,-0.000869,-0.002873,-0.000630,-0.003276,-0.000850,0.000779,-0.001151,-0.000297,-0.001148,-0.000224,0.001255,-0.000658,0.000171,-0.000275,-0.001730,-0.000536
-0.001083,0.000463,0.000960,-0.000097,0.000417,-0.000771,0.000176,-0.001557,-0.000547,0.000709,-0.001220,0.002048,-0.000258,0.000471,0.000227,-0.000331,0.003269,-0.000741,0.000283,0.001188,-0.000988,0.001957,0.003679,0.016973,0.003010,0.006040,0.000706,0.003521,0.000478,-0.000418,-0.001100,-0.001933,-0.001183,-0.000654,-0.003521,-0.000830,-0.002141,-0.002587,-0.002581,-0.003705,-0.002985,-0.000848,-0.000957,-0.001049,-0.002772,-0.001771,-0.000339,-0.001284,0.000891,-0.002815,-0.000869,0.000449,0.001128,-0.001437,-0.000178,-0.001869,-0.000104,-0.001653,-0.001576,-0.000546
0.000237,-0.000946,-0.001206,0.000088,0.000596,-0.000929,0.000973,-0.000521,0.000700,0.000102,-0.001652,-0.000151,-0.002235,-0.000223,-0.003957,0.000597,0.001270,-0.001823,-0.000285,-0.001264,-0.001927,0.005124,0.000718,0.003010,0.015484,0.002378,0.001909,0.003576,0.003606,-0.000111,-0.000359,-0.001611,-0.000181,-0.000405,-0.000356,-0.000810,-0.000625,-0.000681,-0.000725,-0.000006,-0.000816,0.001242,-0.000098,0.000498,-0.001395,-0.000632,0.000807,0.000437,-0.000011,0.000465,-0.000762,0.000488,0.001614,-0.001590,0.000364,0.000184,-0.002542,-0.000251,-0.000293,-0.000595
0.000544,0.000172,-0.000085,0.000037,-0.000250,-0.000861,0.000117,-0.002634,-0.000274,0.000356,0.000211,0.000406,-0.000543,0.000619,-0.003097,-0.001400,0.002387,-0.001775,0.000937,-0.000237,0.001191,-0.000263,0.002862,0.006040,0.002378,0.016682,0.005179,0.003998,0.001049,0.000698,-0.000302,-0.000171,-0.000679,-0.000565,-0.000205,-0.000741,-0.003752,-0.001147,-0.001321,-0.002388,-0.003554,-0.004525,-0.002223,0.000125,-0.003724,0.000064,-0.001618,-0.000342,-0.001796,-0.000978,-0.000869,-0.000129,-0.000747,-0.001181,-0.001208,-0.000927,0.000082,-0.001117,-0.001276,-0.000331
-0.000059,-0.000877,-0.000143,-0.000266,-0.000866,-0.000534,0.000405,-0.000704,-0.002271,-0.002220,-0.000330,-0.002613,-0.000823,-0.001641,-0.001691,-0.001706,-0.002561,0.000344,-0.001154,-0.001069,0.001748,0.000786,0.004131,0.000706,0.001909,0.005179,0.016217,0.004800,0.002951,0.001309,0.000413,0.001267,0.000470,-0.001888,-0.003244,-0.001030,-0.002757,0.001257,-0.000197,-0.005195,-0.004940,-0.002055,0.000103,0.000581,-0.001726,-0.001032,-0.002418,-0.002001,-0.001484,0.000537,-0.001282,0.000005,-0.000982,-0.001444,-0.000836,-0.001006,0.000074,-0.000513,-0.002841,-0.001193
-0.002615,-0.000877,-0.000841,-0.000609,0.000606,-0.001096,-0.000418,-0.000479,-0.001693,0.000079,-0.000574,-0.000612,-0.000804,-0.001493,-0.004953,-0.001368,-0.001611,-0.003966,-0.001536,-0.000086,-0.002305,-0.000684,-0.000391,0.003521,0.003576,0.003998,0.004800,0.020161,0.007339,0.002130,0.001991,-0.000002,-0.000441,-0.000240,-0.001675,-0.000787,-0.002132,0.000158,0.000477,-0.002785,-0.003188,-0.001422,-0.000803,0.000015,-0.001718,-0.000638,-0.000436,0.000742,-0.001573,-0.002259,-0.000334,0.000304,0.000480,-0.001791,0.000230,-0.000104,-0.000777,-0.001321,-0.002464,-0.001349
-0.001076,-0.000709,-0.001583,0.000095,-0.000933,-0.000935,-0.001399,0.000230,-0.000141,0.000266,-0.002530,-0.000825,-0.002556,0.000586,-0.004591,-0.001755,-0.003135,-0.005738,-0.002900,-0.001766,-0.002689,-0.001373,-0.000298,0.000478,0.003606,0.001049,0.002951,0.007339,0.018430,0.002289,0.001693,0.001347,0.002139,0.001095,0.000011,0.001267,0.001180,0.002128,-0.000440,0.000831,-0.000116,0.000399,-0.000233,-0.000245,0.000474,-0.001057,0.000711,0.000949,-0.000374,-0.000991,-0.000052,0.000570,0.000536,-0.000951,0.001328,-0.001360,-0.000983,-0.000209,-0.002119,-0.000112
-0.000443,-0.000275,-0.000075,-0.000130,-0.001425,-0.000740,-0.001340,0.000103,0.000872,-0.000400,-0.000132,-0.001887,-0.000105,-0.000147,-0.002052,-0.003228,-0.003475,-0.003650,-0.002088,0.000768,-0.000113,-0.001235,-0.000476,-0.000418,-0.000111,0.000698,0.001309,0.002130,0.002289,0.012899,0.001647,0.004734,0.003110,0.001651,0.000707,-0.002541,-0.000418,0.001363,-0.000788,0.002201,0.002654,0.000658,0.000000,-0.000106,0.000382,0.002651,0.001101,-0.000149,0.000249,-0.001176,0.000310,-0.000362,0.000542,0.000353,0.001273,0.001028,0.000540,-0.000272,-0.001269,-0.000870
-0.001109,-0.000350,-0.000254,-0.000370,-0.000881,-0.001048,-0.000630,0.000391,-0.000141,-0.001387,-0.000053,-0.001413,-0.001942,-0.001743,-0.002213,-0.003261,-0.002136,-0.001204,-0.000879,-0.003056,-0.004631,-0.002536,-0.002727,-0.001100,-0.000359,-0.000302,0.000413,0.001991,0.001693,0.001647,0.014216,0.002597,0.003309,0.003941,0.000853,0.003981,-0.000330,0.002892,0.003095,0.002721,0.001580,0.000363,-0.000866,0.001356,0.000167,0.001521,0.001052,0.001091,0.000597,0.002747,0.000456,0.000067,-0.000337,-0.001850,0.000058,0.000464,-0.000029,0.000129,-0.000850,-0.000088
-0.000735,-0.000536,-0.000868,0.000237,-0.002421,-0.001659,-0.000702,-0.000921,0.001199,0.000175,-0.000562,-0.001508,-0.001581,-0.001493,-0.002514,-0.001402,-0.002064,-0.004409,-0.002658,-0.005545,-0.002537,-0.002434,-0.001731,-0.001933,-0.001611,-0.000171,0.001267,-0.000002,0.001347,0.004734,0.002597,0.017104,0.004649,0.003566,0.001017,0.000834,0.002687,0.001988,0.000528,-0.000209,0.002150,0.000575,0.001101,0.000238,-0.000233,0.001000,0.001094,0.000384,-0.001696,-0.000267,-0.000130,-0.000444,-0.000291,0.000262,0.002441,-0.000492,0.002022,-0.000253,-0.000601,-0.000931
-0.000325,-0.000013,-0.000623,-0.000333,-0.000810,-0.000520,0.000076,-0.000111,0.001364,-0.000171,-0.001129,-0.000872,-0.000110,-0.000827,-0.003260,-0.000547,-0.003046,-0.003016,-0.001720,-0.001903,-0.001532,-0.000248,-0.002184,-0.001183,-0.000181,-0.000679,0.000470,-0.000441,0.002139,0.003110,0.003309,0.004649,0.016891,0.005000,0.003209,0.002623,0.000686,0.001790,0.000725,0.001896,0.001785,0.001194,-0.000338,-0.000180,0.000899,0.000868,0.000251,-0.000414,0.001744,0.001922,0.000012,-0.000822,-0.000311,0.001053,0.001310,-0.000120,-0.001064,-0.000062,-0.000205,-0.001236
-0.000738,0.000432,-0.001016,-0.000394,-0.000236,-0.000717,-0.001024,0.000101,-0.000885,-0.001505,-0.001193,-0.001871,-0.003052,-0.002358,-0.002575,-0.003948,0.000452,-0.001455,-0.000642,-0.002519,-0.002049,-0.001669,-0.001650,-0.000654,-0.000405,-0.000565,-0.001888,-0.000240,0.001095,0.001651,0.003941,0.003566,0.005000,0.015824,0.005727,0.002589,0.003320,0.001357,0.000752,0.002395,0.002692,0.001905,-0.000620,0.001285,0.000468,0.001030,0.002673,0.000314,0.000256,0.001118,0.000042,-0.000217,-0.001627,-0.001406,0.001788,0.000122,0.000365,0.001505,0.000791,-0.000862
0.000494,0.001999,-0.000175,0.000353,-0.000428,-0.001300,0.000072,0.001098,0.001116,0.000573,-0.000637,-0.001856,-0.001912,-0.001644,-0.002383,-0.002825,-0.001877,-0.002178,-0.003748,-0.004160,-0.000008,-0.001472,-0.003580,-0.003521,-0.000356,-0.000205,-0.003244,-0.001675,0.000011,0.000707,0.000853,0.001017,0.003209,0.005727,0.020149,0.001018,0.006991,0.001103,-0.000362,0.003062,0.002778,0.002308,-0.000848,0.000323,0.002530,0.000178,0.001096,0.003249,0.001808,0.001266,-0.000990,-0.000170,-0.000457,-0.000054,-0.001410,0.001189,-0.002155,-0.000329,0.000948,0.000829
-0.000265,0.000668,0.000134,-0.000026,0.000283,0.000511,0.000655,0.000732,-0.001352,-0.001472,-0.000564,-0.001867,-0.002358,0.000765,0.000962,-0.000593,0.000452,-0.002627,-0.000027,0.000153,-0.001390,-0.003685,-0.003734,-0.000830,-0.000810,-0.000741,-0.001030,-0.000787,0.001267,-0.002541,0.003981,0.000834,0.002623,0.002589,0.001018,0.020755,0.004318,0.005548,0.005603,0.002610,0.002350,0.001927,0.000838,0.000494,0.000179,0.000019,0.000145,0.001269,0.000573,0.002068,0.000822,0.000233,0.001069,-0.000148,0.000933,-0.000109,0.001319,0.000695,0.002325,0.000460
-0.002045,0.000301,-0.000807,0.000049,0.000412,0.001151,-0.000231,-0.000865,0.000966,0.001325,0.000221,-0.002223,-0.003558,-0.001746,-0.002160,-0.004126,-0.003837,-0.004631,-0.002774,-0.003049,-0.002837,-0.004069,-0.003971,-0.002141,-0.000625,-0.003752,-0.002757,-0.002132,0.001180,-0.000418,-0.000330,0.002687,0.000686,0.003320,0.006991,0.004318,0.025732,0.001941,0.001480,0.005162,0.004654,0.004432,0.002687,0.001531,0.002930,0.000138,0.002066,0.003602,0.000853,0.000014,0.000792,-0.000837,0.002065,0.000539,-0.000526,0.000351,-0.002110,-0.001635,0.002169,0.001243
-0.000706,-0.000584,-0.000647,-0.000292,-0.000606,-0.000116,-0.000875,0.001371,-0.001179,-0.000718,0.000561,-0.002225,-0.001738,-0.000242,-0.000343,-0.001449,0.000007,-0.003546,-0.001715,-0.000852,-0.000406,-0.000755,-0.001087,-0.002587,-0.000681,-0.001147,0.001257,0.000158,0.002128,0.001363,0.002892,0.001988,0.001790,0.001357,0.001103,0.005548,0.001941,0.011063,0.001726,0.002333,0.002211,-0.000251,0.000070,0.000378,0.001874,0.000994,0.001006,0.000230,0.000677,0.001091,0.000284,-0.000249,0.000187,0.000885,0.001235,0.000933,0.000550,0.001229,0.000023,-0.000157
0.000114,-0.000047,-0.000491,-0.000035,0.000441,0.001143,0.000336,0.000475,-0.000635,0.000127,0.000458,-0.000978,-0.000789,0.000336,-0.000946,-0.001157,-0.001886,-0.001910,-0.000587,0.000067,-0.000035,-0.002366,-0.003285,-0.002581,-0.000725,-0.001321,-0.000197,0.000477,-0.000440,-0.000788,0.003095,0.000528,0.000725,0.000752,-0.000362,0.005603,0.001480,0.001726,0.008092,0.001186,0.000379,0.001152,0.000233,0.000687,0.000344,-0.000032,0.000058,0.000256,0.000053,0.000396,0.000496,-0.000061,-0.000285,-0.000698,-0.000155,-0.000483,-0.000253,-0.000104,0.001434,0.000038
0.000686,0.000021,-0.000561,-0.000092,-0.000616,-0.000361,0.000067,0.001743,-0.000326,-0.000368,-0.000598,-0.002294,-0.000894,-0.000732,-0.001755,-0.000638,-0.001576,-0.002984,0.000221,0.000651,-0.002923,-0.000560,-0.001728,-0.003705,-0.000006,-0.002388,-0.005195,-0.002785,0.000831,0.002201,0.002721,-0.000209,0.001896,0.002395,0.003062,0.002610,0.005162,0.002333,0.001186,0.014304,0.007026,0.003798,0.000862,0.000132,0.003219,0.002881,0.002617,-0.000361,0.001104,0.001570,-0.000035,-0.000174,0.000236,0.000671,0.002035,0.001599,-0.001338,0.000127,0.000992,0.000217
-0.000150,0.001157,0.000160,0.001508,0.000403,0.000700,0.000174,0.001430,0.001765,0.000641,-0.000042,-0.001979,-0.000117,0.000933,0.001340,0.001147,-0.001520,-0.003707,-0.000358,-0.001623,-0.000454,-0.000292,-0.002406,-0.002985,-0.000816,-0.003554,-0.004940,-0.003188,-0.000116,0.002654,0.001580,0.002150,0.001785,0.002692,0.002778,0.002350,0.004654,0.002211,0.000379,0.007026,0.017102,0.005277,0.001858,0.000906,0.002047,0.003241,0.004264,0.001524,0.003488,0.001403,0.001633,0.000214,0.001340,0.003599,0.003812,0.002388,-0.000019,0.000462,0.001888,0.000927
-0.000940,0.000520,0.001119,0.000174,-0.000008,0.000393,-0.000550,0.000435,-0.000190,-0.000390,0.000378,-0.001300,0.000299,0.000869,0.000536,-0.001722,-0.005435,-0.001211,0.000494,-0.000125,-0.002097,-0.000160,-0.000306,-0.000848,0.001242,-0.004525,-0.002055,-0.001422,0.000399,0.000658,0.000363,0.000575,0.001194,0.001905,0.002308,0.001927,0.004432,-0.000251,0.001152,0.003798,0.005277,0.012706,0.001567,0.000221,0.001900,0.000586,0.003387,0.000854,0.001310,0.000032,0.000004,0.000232,0.001897,-0.000929,0.000056,-0.000368,-0.000472,0.000004,0.001039,0.000122
0.000784,0.001224,0.000190,0.000263,-0.000278,0.000035,-0.000474,0.000949,-0.000355,-0.000247,0.000794,-0.001356,-0.000288,-0.000305,-0.000101,-0.000999,-0.001096,-0.000805,-0.002314,-0.001621,0.000146,-0.000740,0.000234,-0.000957,-0.000098,-0.002223,0.000103,-0.000803,-0.000233,0.000000,-0.000866,0.001101,-0.000338,-0.000620,-0.000848,0.000838,0.002687,0.000070,0.000233,0.000862,0.001858,0.001567,0.007185,0.000043,0.002243,0.000221,0.000869,0.000024,-0.000048,0.001257,0.000652,0.000252,0.000263,0.001315,0.001980,0.000047,0.001151,0.000516,0.000569,0.001198
-0.000366,-0.001084,-0.000262,0.000561,0.000469,0.000622,0.000776,0.000135,0.000157,0.000169,0.000495,0.000343,-0.000895,0.000023,0.000315,-0.000452,-0.000091,0.000460,0.000131,-0.002993,-0.001151,-0.001283,-0.000707,-0.001049,0.000498,0.000125,0.000581,0.000015,-0.000245,-0.000106,0.001356,0.000238,-0.000180,0.001285,0.000323,0.000494,0.001531,0.000378,0.000687,0.000132,0.000906,0.000221,0.000043,0.004315,0.000881,0.001264,0.001441,0.000899,0.000931,0.000150,-0.000003,0.000030,-0.000022,0.000972,-0.000278,0.000407,-0.000411,0.000000,0.000485,0.000220
0.002199,0.001055,0.000515,0.000472,-0.000007,0.000413,0.000009,0.002187,0.002263,0.000487,0.001949,0.000135,-0.000460,0.000238,0.001026,-0.000919,-0.000768,-0.000485,-0.001065,0.001170,-0.000304,-0.000808,-0.000869,-0.002772,-0.001395,-0.003724,-0.001726,-0.001718,0.000474,0.000382,0.000167,-0.000233,0.000899,0.000468,0.002530,0.000179,0.002930,0.001874,0.000344,0.003219,0.002047,0.001900,0.002243,0.000881,0.011073,0.001584,0.002288,0.001717,0.002884,0.002522,0.000935,-0.000168,0.000299,0.001180,0.001088,0.001358,0.000467,0.001049,0.000065,0.000174
-0.000490,0.000494,0.001038,0.000030,0.000506,0.000756,-0.000578,0.000721,0.002339,0.000654,0.000409,-0.000883,-0.000595,-0.000966,-0.000297,-0.001389,0.001007,-0.001067,0.001866,0.000173,0.000961,-0.000178,-0.002873,-0.001771,-0.000632,0.000064,-0.001032,-0.000638,-0.001057,0.002651,0.001521,0.001000,0.000868,0.001030,0.000178,0.000019,0.000138,0.000994,-0.000032,0.002881,0.003241,0.000586,0.000221,0.001264,0.001584,0.010391,0.003265,0.001340,0.001631,0.001190,0.000672,0.000550,-0.000012,0.000396,0.002934,0.001065,0.003231,0.003675,0.001097,0.000173
-0.000949,0.000926,0.000152,0.000120,-0.000483,-0.000718,0.000180,0.000976,-0.000221,0.000253,0.000414,0.000624,-0.001163,-0.000200,-0.000859,-0.001432,-0.000491,-0.001347,0.000657,-0.001552,-0.003061,0.001007,-0.000630,-0.000339,0.000807,-0.001618,-0.002418,-0.000436,0.000711,0.001101,0.001052,0.001094,0.000251,0.002673,0.001096,0.000145,0.002066,0.001006,0.000058,0.002617,0.004264,0.003387,0.000869,0.001441,0.002288,0.003265,0.007761,0.001148,0.001580,0.001660,0.000433,0.000736,0.000254,-0.000189,0.003308,0.000563,0.001354,0.002545,-0.000466,0.000339
-0.000534,0.000645,-0.000085,0.000814,0.000925,-0.000496,0.000402,-0.000042,0.002329,0.002161,0.000340,-0.000291,-0.001160,0.000090,0.000338,-0.001825,-0.000092,-0.002227,-0.000679,-0.001709,0.000268,-0.000876,-0.003276,-0.001284,0.000437,-0.000342,-0.002001,0.000742,0.000949,-0.000149,0.001091,0.000384,-0.000414,0.000314,0.003249,0.001269,0.003602,0.000230,0.000256,-0.000361,0.001524,0.000854,0.000024,0.000899,0.001717,0.001340,0.001148,0.007806,0.002506,0.000672,0.001445,0.000523,0.000989,0.000040,-0.000441,0.000674,-0.000163,0.000426,0.001180,0.001131
0.001645,0.001250,0.000334,0.000330,0.000874,0.000026,0.000745,0.000772,0.001442,0.000610,-0.000181,0.000055,-0.000710,0.000109,0.002113,-0.000871,-0.000601,-0.000404,-0.001878,-0.000356,-0.000497,0.000447,-0.000850,0.000891,-0.000011,-0.001796,-0.001484,-0.001573,-0.000374,0.000249,0.000597,-0.001696,0.001744,0.000256,0.001808,0.000573,0.000853,0.000677,0.000053,0.001104,0.003488,0.001310,-0.000048,0.000931,0.002884,0.001631,0.001580,0.002506,0.010081,0.001847,0.000049,0.000685,0.001223,-0.000112,-0.000779,0.000732,-0.000130,0.000334,0.000295,0.000200
0.001309,0.002808,-0.000170,0.000105,-0.001090,-0.000845,0.001319,0.003106,0.000816,-0.000275,0.000429,-0.000529,-0.000015,0.000098,0.000095,-0.000512,0.000859,0.000381,0.000271,0.000130,0.001401,0.002811,0.000779,-0.002815,0.000465,-0.000978,0.000537,-0.002259,-0.000991,-0.001176,0.002747,-0.000267,0.001922,0.001118,0.001266,0.002068,0.000014,0.001091,0.000396,0.001570,0.001403,0.000032,0.001257,0.000150,0.002522,0.001190,0.001660,0.000672,0.001847,0.010493,0.000516,0.000101,0.000083,0.000413,0.001053,0.001685,0.000098,0.001227,0.000468,0.000807
-0.000160,0.000996,0.000311,0.000745,0.000943,0.000558,-0.000022,0.000309,0.002244,0.001464,0.001244,0.000286,0.000492,0.000195,0.000501,0.000348,0.000005,-0.000655,0.000747,0.000683,0.001517,0.000268,-0.001151,-0.000869,-0.000762,-0.000869,-0.001282,-0.000334,-0.000052,0.000310,0.000456,-0.000130,0.000012,0.000042,-0.000990,0.000822,0.000792,0.000284,0.000496,-0.000035,0.001633,0.000004,0.000652,-0.000003,0.000935,0.000672,0.000433,0.001445,0.000049,0.000516,0.003062,-0.000068,0.000546,0.000166,0.000432,0.000226,0.000304,0.000788,0.000971,0.000434
0.000244,0.000113,0.000268,0.000199,0.000074,-0.000147,-0.000065,0.000654,0.000089,-0.000070,-0.000070,0.000158,0.000325,-0.000162,-0.000265,-0.000254,0.001045,-0.000005,0.000617,-0.000147,0.000629,-0.000335,-0.000297,0.000449,0.000488,-0.000129,0.000005,0.000304,0.000570,-0.000362,0.000067,-0.000444,-0.000822,-0.000217,-0.000170,0.000233,-0.000837,-0.000249,-0.000061,-0.000174,0.000214,0.000232,0.000252,0.000030,-0.000168,0.000550,0.000736,0.000523,0.000685,0.000101,-0.000068,0.001975,0.000362,0.000367,0.000757,-0.000105,0.000890,0.000949,0.000028,0.000208
0.000157,0.001413,0.001062,0.000384,0.000383,0.000217,-0.000018,0.000493,0.001128,0.001385,0.000437,0.000079,0.000806,0.001234,0.000696,-0.000426,-0.002256,-0.002104,0.000600,0.000231,-0.000533,-0.000994,-0.001148,0.001128,0.001614,-0.000747,-0.000982,0.000480,0.000536,0.000542,-0.000337,-0.000291,-0.000311,-0.001627,-0.000457,0.001069,0.002065,0.000187,-0.000285,0.000236,0.001340,0.001897,0.000263,-0.000022,0.000299,-0.000012,0.000254,0.000989,0.001223,0.000083,0.000546,0.000362,0.005788,0.001493,0.000669,0.001102,0.000572,0.000007,0.000148,-0.000075
0.001278,0.000545,0.000783,0.000166,-0.000165,-0.000039,-0.000067,0.003757,0.000618,0.000986,0.001297,0.000703,-0.000051,0.001479,0.001235,0.000526,0.000237,-0.000973,0.002934,-0.000911,0.003200,-0.000351,-0.000224,-0.001437,-0.001590,-0.001181,-0.001444,-0.001791,-0.000951,0.000353,-0.001850,0.000262,0.001053,-0.001406,-0.000054,-0.000148,0.000539,0.000885,-0.000698,0.000671,0.003599,-0.000929,0.001315,0.000972,0.001180,0.000396,-0.000189,0.000040,-0.000112,0.000413,0.000166,0.000367,0.001493,0.016139,0.003999,0.002620,0.001669,0.002214,0.000455,0.000984
0.000274,0.002763,0.000480,-0.000073,-0.000204,-0.000117,-0.001242,0.001344,0.001468,0.000000,-0.000610,0.000957,-0.000393,0.000249,-0.001091,0.001816,0.000363,-0.001520,0.001151,-0.001042,-0.001109,-0.000029,0.001255,-0.000178,0.000364,-0.001208,-0.000836,0.000230,0.001328,0.001273,0.000058,0.002441,0.001310,0.001788,-0.001410,0.000933,-0.000526,0.001235,-0.000155,0.002035,0.003812,0.000056,0.001980,-0.000278,0.001088,0.002934,0.003308,-0.000441,-0.000779,0.001053,0.000432,0.000757,0.000669,0.003999,0.012655,0.000693,0.004951,0.004621,-0.000741,0.000381
0.000592,0.000555,0.000249,0.000067,0.000214,0.000093,0.001180,0.002435,-0.000185,0.000077,-0.000045,0.000158,-0.000470,-0.000483,-0.000292,-0.000509,0.000332,0.000172,0.000593,-0.000247,-0.000042,0.000722,-0.000658,-0.001869,0.000184,-0.000927,-0.001006,-0.000104,-0.001360,0.001028,0.000464,-0.000492,-0.000120,0.000122,0.001189,-0.000109,0.000351,0.000933,-0.000483,0.001599,0.002388,-0.000368,0.000047,0.000407,0.001358,0.001065,0.000563,0.000674,0.000732,0.001685,0.000226,-0.000105,0.001102,0.002620,0.000693,0.005214,-0.000113,0.000953,0.000918,0.000106
0.001128,0.001689,0.001866,0.000427,0.000338,0.000520,-0.000158,-0.000517,0.001223,-0.000306,0.001099,-0.000432,0.001207,0.000407,0.001373,0.000308,-0.000243,-0.000463,0.002279,0.000505,0.002036,-0.001930,0.000171,-0.000104,-0.002542,0.000082,0.000074,-0.000777,-0.000983,0.000540,-0.000029,0.002022,-0.001064,0.000365,-0.002155,0.001319,-0.002110,0.000550,-0.000253,-0.001338,-0.000019,-0.000472,0.001151,-0.000411,0.000467,0.003231,0.001354,-0.000163,-0.000130,0.000098,0.000304,0.000890,0.000572,0.001669,0.004951,-0.000113,0.010911,0.005231,-0.000124,0.000796
0.001141,0.001409,0.000879,0.000143,0.000731,0.000595,0.000305,0.001443,0.001236,0.000060,0.000201,0.000115,0.000053,0.000064,0.000792,-0.000352,0.001108,0.000282,0.002885,0.000895,0.002485,0.000738,-0.000275,-0.001653,-0.000251,-0.001117,-0.000513,-0.001321,-0.000209,-0.000272,0.000129,-0.000253,-0.000062,0.001505,-0.000329,0.000695,-0.001635,0.001229,-0.000104,0.000127,0.000462,0.000004,0.000516,0.000000,0.001049,0.003675,0.002545,0.000426,0.000334,0.001227,0.000788,0.000949,0.000007,0.002214,0.004621,0.000953,0.005231,0.008033,0.000196,0.000422
0.000826,0.000529,0.000823,0.000611,0.002230,0.001975,0.000660,0.000449,0.001475,-0.000388,0.000257,-0.000341,0.000137,0.001527,0.001620,0.000657,0.001469,0.000751,0.000368,-0.000539,-0.000064,-0.001232,-0.001730,-0.001576,-0.000293,-0.001276,-0.002841,-0.002464,-0.002119,-0.001269,-0.000850,-0.000601,-0.000205,0.000791,0.000948,0.002325,0.002169,0.000023,0.001434,0.000992,0.001888,0.001039,0.000569,0.000485,0.000065,0.001097,-0.000466,0.001180,0.000295,0.000468,0.000971,0.000028,0.000148,0.000455,-0.000741,0.000918,-0.000124,0.000196,0.009380,0.000341
0.000055,0.000658,0.000115,0.000394,-0.000324,-0.000097,-0.000052,0.000417,0.001054,0.000394,-0.000175,0.000213,-0.000335,0.000557,0.000958,0.000392,0.000350,-0.000325,-0.000401,-0.001156,0.000562,-0.000064,-0.000536,-0.000546,-0.000595,-0.000331,-0.001193,-0.001349,-0.000112,-0.000870,-0.000088,-0.000931,-0.001236,-0.000862,0.000829,0.000460,0.001243,-0.000157,0.000038,0.000217,0.000927,0.000122,0.001198,0.000220,0.000174,0.000173,0.000339,0.001131,0.000200,0.000807,0.000434,0.000208,-0.000075,0.000984,0.000381,0.000106,0.000796,0.000422,0.000341,0.002232
