13.631712,-0.033044,0.184563,2.244151,0.004244,-2.667812,20.675302,0.262734,-0.198894,-0.021345,-0.943819
-0.033044,0.035214,-0.004941,0.035292,0.000290,-0.419128,1.171955,0.001680,-0.000993,-0.000053,0.020802
0.184563,-0.004941,0.041517,0.039869,0.000294,0.270764,1.675765,0.008365,-0.003894,0.003443,-0.045407
2.244151,0.035292,0.039869,36.304919,0.021633,40.759549,190.611079,2.049785,-0.181307,-0.037360,-9.721444
0.004244,0.000290,0.000294,0.021633,0.001192,0.036357,0.578937,0.002803,-0.000497,-0.000059,-0.029683
-2.667812,-0.419128,0.270764,40.759549,0.036357,536.826798,1041.060865,3.149757,0.024975,0.291927,-16.683923
20.675302,1.171955,1.675765,190.611079,0.578937,1041.060865,7003.785236,15.844186,0.022140,2.772183,-94.013940
0.262734,0.001680,0.008365,2.049785,0.002803,3.149757,15.844186,0.204677,-0.008168,0.007696,-0.857177
-0.198894,-0.000993,-0.003894,-0.181307,-0.000497,0.024975,0.022140,-0.008168,0.022694,0.005753,0.089810
-0.021345,-0.000053,0.003443,-0.037360,-0.000059,0.291927,2.772183,0.007696,0.005753,0.088446,0.051373
-0.943819,0.020802,-0.045407,-9.721444,-0.029683,-16.683923,-94.013940,-0.857177,0.089810,0.051373,11.690191
