0.034991,0.001345,-0.001948,0.002778,0.013218,-0.001793,0.002583,-0.005583,-0.012482,0.002575,-0.001087,0.001070,-0.002935,-0.013853,0.003479,0.004630,0.009052,0.005615
0.001345,0.025665,-0.001277,-0.003821,-0.006036,-0.003544,-0.002563,-0.001495,-0.001383,-0.004740,-0.001143,0.002004,0.000169,-0.002437,0.001551,-0.002039,0.002401,0.004791
-0.001948,-0.001277,0.039979,0.009308,-0.006549,0.002721,0.013879,0.003430,0.008823,0.002513,-0.011969,0.001099,0.003511,-0.002214,0.002126,0.006172,0.000771,0.000146
0.002778,-0.003821,0.009308,0.047294,-0.000546,-0.004938,-0.017049,-0.020032,0.025226,-0.009566,0.010969,-0.003667,-0.003267,0.003458,0.010317,-0.012291,-0.003564,0.003928
0.013218,-0.006036,-0.006549,-0.000546,0.039271,0.006310,0.001510,-0.002091,-0.011383,0.014620,0.005727,0.002217,-0.001170,-0.015414,0.003099,-0.002951,0.002840,0.000949
-0.001793,-0.003544,0.002721,-0.004938,0.006310,0.031829,0.000524,-0.000209,-0.005128,0.002997,0.001840,0.006074,-0.002364,-0.003708,0.001641,0.003847,0.001906,-0.009448
0.002583,-0.002563,0.013879,-0.017049,0.001510,0.000524,0.035944,0.004043,-0.011123,0.004298,-0.002021,0.011902,-0.002517,-0.010724,-0.003577,0.010095,0.006473,0.002728
-0.005583,-0.001495,0.003430,-0.020032,-0.002091,-0.000209,0.004043,0.045118,-0.005031,0.009458,0.004552,0.010089,0.001484,-0.005925,-0.000713,0.009572,0.006548,0.002602
-0.012482,-0.001383,0.008823,0.025226,-0.011383,-0.005128,-0.011123,-0.005031,0.037505,0.001999,0.000392,0.001313,0.000470,0.019329,-0.000232,-0.003702,-0.008681,-0.002373
0.002575,-0.004740,0.002513,-0.009566,0.014620,0.002997,0.004298,0.009458,0.001999,0.041578,0.000574,-0.011893,-0.002066,-0.002850,-0.002067,0.006257,-0.000917,-0.003864
-0.001087,-0.001143,-0.011969,0.010969,0.005727,0.001840,-0.002021,0.004552,0.000392,0.000574,0.043930,0.003183,-0.001273,-0.014673,0.002175,0.006967,0.001665,-0.014651
0.001070,0.002004,0.001099,-0.003667,0.002217,0.006074,0.011902,0.010089,0.001313,-0.011893,0.003183,0.032185,0.000992,-0.016206,0.000704,-0.001157,-0.002855,0.010641
-0.002935,0.000169,0.003511,-0.003267,-0.001170,-0.002364,-0.002517,0.001484,0.000470,-0.002066,-0.001273,0.000992,0.026748,-0.000217,-0.000501,-0.001787,0.000879,-0.003412
-0.013853,-0.002437,-0.002214,0.003458,-0.015414,-0.003708,-0.010724,-0.005925,0.019329,-0.002850,-0.014673,-0.016206,-0.000217,0.043702,-0.007822,-0.003131,-0.001480,-0.004901
0.003479,0.001551,0.002126,0.010317,0.003099,0.001641,-0.003577,-0.000713,-0.000232,-0.002067,0.002175,0.000704,-0.000501,-0.007822,0.029745,-0.000222,0.001958,-0.003870
0.004630,-0.002039,0.006172,-0.012291,-0.002951,0.003847,0.010095,0.009572,-0.003702,0.006257,0.006967,-0.001157,-0.001787,-0.003131,-0.000222,0.028018,0.002105,-0.007150
0.009052,0.002401,0.000771,-0.003564,0.002840,0.001906,0.006473,0.006548,-0.008681,-0.000917,0.001665,-0.002855,0.000879,-0.001480,0.001958,0.002105,0.028194,-0.006971
0.005615,0.004791,0.000146,0.003928,0.000949,-0.009448,0.002728,0.002602,-0.002373,-0.003864,-0.014651,0.010641,-0.003412,-0.004901,-0.003870,-0.007150,-0.006971,0.052005
