0.000300,0.000286,0.000326,0.000412,0.000330,0.000061,0.000141,0.000572,0.000584,0.000479,0.000246,0.000499,0.000236,0.000233,0.000360,0.000080,-0.000404,-0.000560,-0.000250,0.000421,0.000546,-0.000390,-0.000655,-0.001018,-0.001467,-0.001498,-0.001472,-0.001241,-0.001236,-0.000687,-0.000937,-0.000579,-0.000277,-0.000111,0.000441,0.000707,0.000630,0.001128,0.000992,0.000456,0.000267,0.000506,0.000326,0.000194,0.000711,0.000576,0.000208,0.000158,0.000147,0.000045,0.000039,0.000049,0.000015,0.000025,0.000033,0.000018,0.000017,0.000027,0.000024,0.000031
0.000286,0.000718,0.000723,0.000843,0.000649,0.000319,0.000238,0.000630,0.000529,0.000654,0.000274,0.000420,0.000324,0.000363,0.000559,0.000431,-0.000084,-0.000429,-0.000541,-0.000007,0.000105,-0.000425,-0.000209,-0.000194,-0.000731,-0.000999,-0.001088,-0.001034,-0.001464,-0.000768,-0.000436,-0.000347,-0.001194,-0.000967,0.000368,0.000854,0.000435,0.000313,0.000076,0.000135,0.000279,0.000602,0.000013,-0.000247,0.000596,0.000597,0.000088,0.000053,0.000105,0.000023,0.000050,0.000089,0.000026,0.000021,0.000037,0.000016,0.000009,0.000030,0.000025,0.000045
0.000326,0.000723,0.001254,0.001433,0.001120,0.000433,0.000317,0.000773,0.000429,0.000639,0.000355,0.000485,0.000305,0.001209,0.001989,0.001573,0.001335,0.000683,0.000450,0.000385,-0.000009,-0.000650,-0.000894,-0.000857,-0.001746,-0.002354,-0.002378,-0.002308,-0.002510,-0.001466,-0.001034,-0.001105,-0.002181,-0.001809,-0.000114,0.000550,0.000340,0.000691,0.000413,0.000152,0.000513,0.000631,-0.000058,-0.000303,0.000519,0.000423,0.000459,0.000303,0.000140,0.000023,0.000092,0.000107,0.000057,0.000050,0.000064,0.000032,0.000030,0.000047,0.000054,0.000066
0.000412,0.000843,0.001433,0.002228,0.001811,0.000689,0.000637,0.001220,0.000493,0.000557,0.000478,0.000410,-0.000059,0.000931,0.001798,0.001379,0.001126,0.000612,0.000745,0.000511,0.000563,-0.000212,-0.000908,-0.000501,-0.000948,-0.002134,-0.002732,-0.002513,-0.002950,-0.002443,-0.002149,-0.002087,-0.002743,-0.002680,-0.000859,0.000067,-0.000122,0.000052,0.000033,-0.000293,0.000477,0.000566,-0.000121,-0.000411,0.000463,0.000351,0.000282,0.000275,0.000121,0.000009,0.000085,0.000126,0.000066,0.000044,0.000054,0.000044,0.000047,0.000053,0.000080,0.000098
0.000330,0.000649,0.001120,0.001811,0.002436,0.001091,0.000851,0.001310,0.000454,0.000409,0.000856,0.000578,0.000705,0.001676,0.003048,0.002546,0.002102,0.001939,0.002021,0.001434,0.001210,0.000253,-0.000807,-0.000511,-0.000221,-0.001084,-0.002493,-0.003621,-0.004076,-0.004478,-0.003145,-0.002587,-0.002342,-0.002479,-0.000854,-0.000081,-0.000428,-0.000684,0.000258,-0.000191,-0.000356,0.000817,-0.000491,-0.000581,0.000225,-0.000110,0.000083,-0.000116,-0.000105,-0.000002,0.000074,0.000088,0.000062,0.000034,0.000055,0.000019,0.000046,0.000053,0.000072,0.000086
0.000061,0.000319,0.000433,0.000689,0.001091,0.001986,0.001441,0.001505,0.000899,0.000960,0.000891,0.000824,0.001439,0.002838,0.003923,0.004128,0.002948,0.003008,0.002464,0.002522,0.002198,0.001430,0.000938,0.000778,0.000215,-0.001185,-0.002422,-0.002218,-0.003076,-0.003190,-0.001134,-0.001545,-0.002693,-0.001520,-0.000312,-0.000157,-0.001042,-0.001867,-0.001355,-0.000551,0.000438,0.001532,-0.000239,-0.001055,-0.000795,-0.000612,-0.000113,-0.000117,0.000046,-0.000002,0.000059,0.000102,0.000044,0.000026,0.000036,0.000029,0.000045,0.000055,0.000020,0.000029
0.000141,0.000238,0.000317,0.000637,0.000851,0.001441,0.002687,0.002621,0.002124,0.001647,0.001212,0.000983,0.001271,0.003926,0.004714,0.004876,0.003673,0.003173,0.002129,0.001487,0.001132,0.000239,-0.000208,-0.000080,-0.001182,-0.002100,-0.002908,-0.002470,-0.002234,-0.001514,-0.001762,-0.002255,-0.002464,-0.001272,0.000001,0.001195,0.000721,0.000950,0.000639,0.000144,0.000736,0.001416,-0.000231,-0.000317,0.000296,-0.000124,0.000177,0.000555,0.000436,0.000040,0.000132,0.000094,0.000023,0.000031,0.000074,0.000049,0.000067,0.000073,0.000044,0.000063
0.000572,0.000630,0.000773,0.001220,0.001310,0.001505,0.002621,0.006318,0.005920,0.003924,0.002566,0.003221,0.002290,0.003862,0.006025,0.005853,0.001836,0.001241,0.001582,0.002323,0.001044,-0.003906,-0.004930,-0.005354,-0.006726,-0.006861,-0.006481,-0.004514,-0.004849,-0.001306,-0.002347,-0.003281,-0.001738,0.001226,0.002898,0.005972,0.004957,0.005633,0.004457,0.002131,0.001710,0.002816,0.000342,-0.000155,0.001652,0.000492,-0.000393,0.000457,0.000690,0.000100,0.000172,0.000211,0.000057,0.000096,0.000164,0.000104,0.000119,0.000168,0.000102,0.000105
0.000584,0.000529,0.000429,0.000493,0.000454,0.000899,0.002124,0.005920,0.008455,0.006077,0.003792,0.004830,0.002657,0.001765,0.003934,0.004684,0.001766,0.001813,0.002325,0.004204,0.003599,-0.003628,-0.006402,-0.007616,-0.007920,-0.006952,-0.006104,-0.003951,-0.005529,-0.000364,-0.002129,-0.001472,0.000451,0.005287,0.007571,0.009544,0.009101,0.010784,0.007386,0.002490,0.002170,0.002436,0.000913,0.002271,0.003295,0.001217,-0.000799,0.000451,0.000624,0.000106,0.000149,0.000256,0.000035,0.000120,0.000155,0.000135,0.000110,0.000159,0.000093,0.000089
0.000479,0.000654,0.000639,0.000557,0.000409,0.000960,0.001647,0.003924,0.006077,0.008074,0.006062,0.005211,0.003480,0.003234,0.004942,0.005544,0.002600,0.001082,0.001684,0.005322,0.007038,0.001975,-0.001493,-0.003783,-0.003483,-0.001604,-0.000676,-0.000966,-0.004953,-0.001243,-0.001556,-0.001069,-0.002827,-0.000658,0.000494,0.001452,0.003311,0.004924,0.005059,0.001758,0.000461,0.000726,0.001558,0.002904,0.004652,0.001326,-0.000031,0.000798,0.000775,0.000189,0.000198,0.000167,0.000039,0.000051,0.000109,0.000127,0.000077,0.000110,0.000024,0.000041
0.000246,0.000274,0.000355,0.000478,0.000856,0.000891,0.001212,0.002566,0.003792,0.006062,0.007871,0.006568,0.005226,0.004853,0.005760,0.006295,0.004706,0.004211,0.004868,0.006618,0.007215,0.002715,-0.001555,-0.003243,-0.002322,-0.001752,-0.002092,-0.002073,-0.004331,-0.003199,-0.002968,-0.002391,-0.003980,-0.005025,-0.007302,-0.006322,-0.002583,-0.000505,0.002664,0.001218,-0.000662,-0.000494,0.000622,0.002489,0.002405,-0.000753,-0.000510,0.000310,0.000303,0.000009,0.000129,0.000065,0.000048,-0.000031,0.000072,0.000104,0.000057,0.000036,-0.000015,0.000026
0.000499,0.000420,0.000485,0.000410,0.000578,0.000824,0.000983,0.003221,0.004830,0.005211,0.006568,0.008969,0.007313,0.005163,0.004330,0.004340,0.002734,0.003041,0.005518,0.008070,0.006226,0.000230,-0.004298,-0.008639,-0.009518,-0.007324,-0.007139,-0.004259,-0.004095,-0.003128,-0.003642,-0.001766,-0.001090,-0.000703,-0.003601,-0.002531,0.000413,0.003908,0.005906,0.001788,-0.000857,-0.000077,0.000606,0.001071,0.002075,-0.000526,-0.000656,0.000047,0.000188,0.000034,0.000136,0.000172,0.000077,0.000023,0.000126,0.000124,0.000079,0.000083,0.000027,0.000044
0.000236,0.000324,0.000305,-0.000059,0.000705,0.001439,0.001271,0.002290,0.002657,0.003480,0.005226,0.007313,0.009334,0.008607,0.009124,0.008913,0.007249,0.007329,0.007477,0.007642,0.005471,0.001342,-0.002443,-0.008372,-0.011039,-0.007820,-0.008072,-0.006153,-0.004531,-0.003423,-0.001911,-0.001288,-0.001944,-0.001767,-0.003636,-0.003311,-0.003001,0.000173,0.004168,0.001334,-0.001260,0.000229,0.000043,-0.000106,0.001439,-0.001017,-0.000619,-0.000205,0.000061,0.000029,0.000148,0.000132,0.000081,-0.000011,0.000114,0.000075,0.000053,0.000084,0.000018,0.000041
0.000233,0.000363,0.001209,0.000931,0.001676,0.002838,0.003926,0.003862,0.001765,0.003234,0.004853,0.005163,0.008607,0.020462,0.025907,0.024643,0.021489,0.019026,0.014428,0.011811,0.010467,0.008752,0.004848,0.000784,-0.004563,-0.006174,-0.010648,-0.014075,-0.012566,-0.009031,-0.006790,-0.006034,-0.010357,-0.011197,-0.012951,-0.011671,-0.010089,-0.007920,-0.005181,-0.003482,-0.001735,0.000882,-0.001958,-0.003855,-0.001549,-0.002960,-0.000154,0.000161,0.000472,0.000102,0.000333,0.000081,0.000050,0.000021,0.000301,0.000078,0.000111,0.000195,0.000060,0.000088
0.000360,0.000559,0.001989,0.001798,0.003048,0.003923,0.004714,0.006025,0.003934,0.004942,0.005760,0.004330,0.009124,0.025907,0.046167,0.048490,0.041856,0.037868,0.030457,0.025814,0.024432,0.017040,0.008500,0.002796,-0.003971,-0.007667,-0.014681,-0.021856,-0.024093,-0.017217,-0.014751,-0.015435,-0.022020,-0.017737,-0.015392,-0.014392,-0.010816,-0.010170,-0.008858,-0.006653,-0.002853,-0.000454,-0.005489,-0.007453,-0.005137,-0.004491,-0.001946,-0.000999,-0.000169,0.000088,0.000302,0.000082,0.000043,0.000096,0.000425,0.000103,0.000194,0.000312,0.000118,0.000196
0.000080,0.000431,0.001573,0.001379,0.002546,0.004128,0.004876,0.005853,0.004684,0.005544,0.006295,0.004340,0.008913,0.024643,0.048490,0.059815,0.055106,0.050032,0.039562,0.031283,0.028313,0.020617,0.011541,0.003943,-0.003978,-0.009136,-0.016550,-0.024801,-0.029081,-0.022242,-0.018214,-0.017201,-0.023778,-0.018209,-0.014211,-0.012375,-0.007068,-0.009163,-0.009957,-0.007234,-0.001325,-0.001541,-0.006894,-0.007818,-0.007424,-0.005539,-0.002729,-0.001233,-0.000422,-0.000003,0.000231,0.000201,0.000054,0.000109,0.000404,0.000126,0.000221,0.000300,0.000138,0.000209
-0.000404,-0.000084,0.001335,0.001126,0.002102,0.002948,0.003673,0.001836,0.001766,0.002600,0.004706,0.002734,0.007249,0.021489,0.041856,0.055106,0.060865,0.055298,0.041683,0.029464,0.025985,0.024540,0.015219,0.006810,-0.001267,-0.008943,-0.017544,-0.026096,-0.026444,-0.021543,-0.017708,-0.016309,-0.020287,-0.015371,-0.012762,-0.011651,-0.004769,-0.009396,-0.012795,-0.010319,-0.002202,-0.005116,-0.008667,-0.009146,-0.010031,-0.007149,-0.002529,-0.001404,-0.000869,-0.000146,-0.000001,0.000183,0.000092,0.000084,0.000282,0.000086,0.000191,0.000171,0.000087,0.000139
-0.000560,-0.000429,0.000683,0.000612,0.001939,0.003008,0.003173,0.001241,0.001813,0.001082,0.004211,0.003041,0.007329,0.019026,0.037868,0.050032,0.055298,0.057722,0.047534,0.035495,0.030152,0.025548,0.016416,0.006229,-0.001072,-0.007518,-0.018040,-0.026470,-0.027116,-0.023415,-0.021034,-0.019886,-0.020724,-0.013890,-0.010447,-0.011515,-0.007658,-0.010136,-0.011309,-0.008913,-0.001892,-0.004371,-0.007849,-0.009284,-0.013276,-0.009617,-0.004057,-0.002545,-0.001508,-0.000283,-0.000182,0.000061,0.000069,0.000093,0.000201,0.000047,0.000128,0.000165,0.000051,0.000109
-0.000250,-0.000541,0.000450,0.000745,0.002021,0.002464,0.002129,0.001582,0.002325,0.001684,0.004868,0.005518,0.007477,0.014428,0.030457,0.039562,0.041683,0.047534,0.049464,0.045362,0.041049,0.030075,0.017142,0.005178,-0.002155,-0.005621,-0.014541,-0.022486,-0.025067,-0.025292,-0.027826,-0.025772,-0.022473,-0.015605,-0.015634,-0.018110,-0.012493,-0.011019,-0.008292,-0.008044,-0.004557,-0.005505,-0.007644,-0.008941,-0.013009,-0.010195,-0.004932,-0.002994,-0.001808,-0.000316,-0.000123,-0.000029,0.000093,0.000186,0.000156,0.000111,0.000129,0.000200,0.000033,0.000068
0.000421,-0.000007,0.000385,0.000511,0.001434,0.002522,0.001487,0.002323,0.004204,0.005322,0.006618,0.008070,0.007642,0.011811,0.025814,0.031283,0.029464,0.035495,0.045362,0.055880,0.056291,0.037927,0.020590,0.008976,0.002280,-0.001277,-0.009513,-0.017619,-0.023464,-0.025784,-0.032698,-0.028385,-0.024422,-0.016596,-0.019789,-0.023127,-0.015899,-0.011498,-0.007058,-0.009005,-0.007637,-0.005127,-0.006790,-0.008696,-0.010042,-0.008298,-0.004874,-0.003290,-0.001427,-0.000065,-0.000008,-0.000019,0.000058,0.000291,0.000183,0.000202,0.000071,0.000214,-0.000037,-0.000037
0.000546,0.000105,-0.000009,0.000563,0.001210,0.002198,0.001132,0.001044,0.003599,0.007038,0.007215,0.006226,0.005471,0.010467,0.024432,0.028313,0.025985,0.030152,0.041049,0.056291,0.070001,0.053377,0.031878,0.018584,0.013248,0.008453,-0.000940,-0.012756,-0.022761,-0.025907,-0.033829,-0.027753,-0.026803,-0.021943,-0.022707,-0.025829,-0.017929,-0.014620,-0.010882,-0.012240,-0.008355,-0.004887,-0.005696,-0.006242,-0.005953,-0.005938,-0.004620,-0.003098,-0.001136,0.000121,0.000143,-0.000089,0.000015,0.000310,0.000105,0.000267,0.000033,0.000239,-0.000087,-0.000046
-0.000390,-0.000425,-0.000650,-0.000212,0.000253,0.001430,0.000239,-0.003906,-0.003628,0.001975,0.002715,0.000230,0.001342,0.008752,0.017040,0.020617,0.024540,0.025548,0.030075,0.037927,0.053377,0.058541,0.046298,0.033742,0.028333,0.019719,0.008016,-0.005708,-0.013898,-0.021832,-0.024054,-0.020376,-0.023337,-0.023969,-0.025882,-0.025913,-0.016980,-0.020667,-0.018230,-0.013963,-0.007047,-0.004478,-0.003131,-0.004947,-0.005013,-0.004682,-0.002221,-0.002646,-0.000753,0.000124,0.000049,-0.000227,0.000012,0.000093,-0.000060,0.000086,-0.000071,0.000066,-0.000204,-0.000113
-0.000655,-0.000209,-0.000894,-0.000908,-0.000807,0.000938,-0.000208,-0.004930,-0.006402,-0.001493,-0.001555,-0.004298,-0.002443,0.004848,0.008500,0.011541,0.015219,0.016416,0.017142,0.020590,0.031878,0.046298,0.048983,0.041537,0.034979,0.024739,0.013498,-0.000149,-0.008684,-0.018105,-0.016389,-0.015348,-0.019546,-0.021892,-0.022577,-0.020455,-0.015114,-0.020391,-0.019042,-0.011611,-0.004542,-0.001966,-0.001318,-0.004572,-0.005612,-0.004208,-0.001218,-0.002768,-0.000741,0.000044,-0.000091,-0.000254,-0.000014,-0.000015,-0.000092,-0.000072,-0.000147,0.000005,-0.000235,-0.000172
-0.001018,-0.000194,-0.000857,-0.000501,-0.000511,0.000778,-0.000080,-0.005354,-0.007616,-0.003783,-0.003243,-0.008639,-0.008372,0.000784,0.002796,0.003943,0.006810,0.006229,0.005178,0.008976,0.018584,0.033742,0.041537,0.052584,0.051200,0.032921,0.021543,0.009066,0.000507,-0.011007,-0.009459,-0.009639,-0.015052,-0.018691,-0.021263,-0.019905,-0.016542,-0.022722,-0.023395,-0.013239,-0.005914,-0.002194,-0.002821,-0.002165,-0.005756,-0.004264,-0.001277,-0.002505,-0.001040,-0.000249,-0.000043,-0.000394,-0.000180,-0.000083,-0.000129,-0.000169,-0.000182,-0.000143,-0.000224,-0.000209
-0.001467,-0.000731,-0.001746,-0.000948,-0.000221,0.000215,-0.001182,-0.006726,-0.007920,-0.003483,-0.002322,-0.009518,-0.011039,-0.004563,-0.003971,-0.003978,-0.001267,-0.001072,-0.002155,0.002280,0.013248,0.028333,0.034979,0.051200,0.063894,0.048054,0.033517,0.017784,0.007506,-0.004510,-0.003409,-0.004594,-0.010969,-0.017218,-0.020196,-0.018940,-0.015170,-0.024193,-0.024074,-0.014424,-0.010730,-0.005897,-0.003302,0.000310,-0.004925,-0.003970,-0.001637,-0.002536,-0.001454,-0.000335,-0.000298,-0.000624,-0.000352,-0.000195,-0.000286,-0.000216,-0.000274,-0.000250,-0.000305,-0.000342
-0.001498,-0.000999,-0.002354,-0.002134,-0.001084,-0.001185,-0.002100,-0.006861,-0.006952,-0.001604,-0.001752,-0.007324,-0.007820,-0.006174,-0.007667,-0.009136,-0.008943,-0.007518,-0.005621,-0.001277,0.008453,0.019719,0.024739,0.032921,0.048054,0.050243,0.042064,0.024088,0.013031,0.002824,0.001109,-0.000957,-0.008176,-0.016435,-0.018623,-0.017604,-0.013421,-0.018902,-0.016457,-0.011882,-0.012518,-0.006833,-0.000288,0.002413,-0.000862,-0.001879,-0.001776,-0.001938,-0.001232,-0.000211,-0.000357,-0.000696,-0.000375,-0.000292,-0.000381,-0.000250,-0.000369,-0.000234,-0.000385,-0.000426
-0.001472,-0.001088,-0.002378,-0.002732,-0.002493,-0.002422,-0.002908,-0.006481,-0.006104,-0.000676,-0.002092,-0.007139,-0.008072,-0.010648,-0.014681,-0.016550,-0.017544,-0.018040,-0.014541,-0.009513,-0.000940,0.008016,0.013498,0.021543,0.033517,0.042064,0.047861,0.035289,0.022028,0.011549,0.006933,0.002718,-0.005520,-0.014067,-0.015136,-0.013500,-0.009393,-0.011901,-0.011116,-0.009698,-0.009883,-0.005601,0.001929,0.004742,0.002129,-0.000098,-0.000788,-0.000704,-0.000759,-0.000233,-0.000213,-0.000608,-0.000348,-0.000322,-0.000396,-0.000226,-0.000377,-0.000302,-0.000362,-0.000404
-0.001241,-0.001034,-0.002308,-0.002513,-0.003621,-0.002218,-0.002470,-0.004514,-0.003951,-0.000966,-0.002073,-0.004259,-0.006153,-0.014075,-0.021856,-0.024801,-0.026096,-0.026470,-0.022486,-0.017619,-0.012756,-0.005708,-0.000149,0.009066,0.017784,0.024088,0.035289,0.042909,0.037795,0.026719,0.019347,0.011123,0.004408,-0.003210,-0.005754,-0.006934,-0.004422,-0.004107,-0.004460,-0.005750,-0.006056,-0.004130,0.001931,0.005588,0.005015,0.002246,0.000143,0.000571,-0.000065,-0.000333,-0.000100,-0.000329,-0.000229,-0.000319,-0.000387,-0.000124,-0.000284,-0.000349,-0.000309,-0.000332
-0.001236,-0.001464,-0.002510,-0.002950,-0.004076,-0.003076,-0.002234,-0.004849,-0.005529,-0.004953,-0.004331,-0.004095,-0.004531,-0.012566,-0.024093,-0.029081,-0.026444,-0.027116,-0.025067,-0.023464,-0.022761,-0.013898,-0.008684,0.000507,0.007506,0.013031,0.022028,0.037795,0.050132,0.040470,0.029103,0.017119,0.015372,0.007287,-0.000811,-0.004129,-0.002766,-0.002346,-0.001946,-0.003409,-0.006054,-0.002899,0.001582,0.004397,0.006639,0.004115,0.001432,0.001270,0.000513,-0.000329,-0.000056,-0.000276,-0.000182,-0.000313,-0.000366,-0.000167,-0.000321,-0.000361,-0.000281,-0.000314
-0.000687,-0.000768,-0.001466,-0.002443,-0.004478,-0.003190,-0.001514,-0.001306,-0.000364,-0.001243,-0.003199,-0.003128,-0.003423,-0.009031,-0.017217,-0.022242,-0.021543,-0.023415,-0.025292,-0.025784,-0.025907,-0.021832,-0.018105,-0.011007,-0.004510,0.002824,0.011549,0.026719,0.040470,0.048406,0.038995,0.023413,0.019932,0.015378,0.011983,0.007116,0.004914,0.006927,0.003606,0.002306,-0.000062,-0.000467,0.002732,0.005191,0.009605,0.007636,0.002237,0.002104,0.001283,-0.000091,-0.000088,-0.000108,-0.000117,-0.000187,-0.000200,-0.000066,-0.000217,-0.000197,-0.000172,-0.000135
-0.000937,-0.000436,-0.001034,-0.002149,-0.003145,-0.001134,-0.001762,-0.002347,-0.002129,-0.001556,-0.002968,-0.003642,-0.001911,-0.006790,-0.014751,-0.018214,-0.017708,-0.021034,-0.027826,-0.032698,-0.033829,-0.024054,-0.016389,-0.009459,-0.003409,0.001109,0.006933,0.019347,0.029103,0.038995,0.048992,0.037250,0.025976,0.018227,0.017111,0.012102,0.008622,0.007052,0.004899,0.007194,0.006842,0.005380,0.005599,0.007524,0.009741,0.007472,0.002990,0.001915,0.000726,-0.000116,-0.000093,-0.000034,-0.000013,-0.000233,-0.000150,-0.000141,-0.000157,-0.000141,-0.000128,-0.000087
-0.000579,-0.000347,-0.001105,-0.002087,-0.002587,-0.001545,-0.002255,-0.003281,-0.001472,-0.001069,-0.002391,-0.001766,-0.001288,-0.006034,-0.015435,-0.017201,-0.016309,-0.019886,-0.025772,-0.028385,-0.027753,-0.020376,-0.015348,-0.009639,-0.004594,-0.000957,0.002718,0.011123,0.017119,0.023413,0.037250,0.041614,0.032756,0.023716,0.023009,0.019650,0.015256,0.012853,0.010998,0.010801,0.011255,0.008437,0.007929,0.011768,0.011457,0.007753,0.002541,0.002413,0.000899,0.000093,0.000119,0.000060,-0.000010,-0.000148,-0.000061,-0.000075,-0.000089,-0.000059,-0.000014,-0.000042
-0.000277,-0.001194,-0.002181,-0.002743,-0.002342,-0.002693,-0.002464,-0.001738,0.000451,-0.002827,-0.003980,-0.001090,-0.001944,-0.010357,-0.022020,-0.023778,-0.020287,-0.020724,-0.022473,-0.024422,-0.026803,-0.023337,-0.019546,-0.015052,-0.010969,-0.008176,-0.005520,0.004408,0.015372,0.019932,0.025976,0.032756,0.041671,0.036929,0.031402,0.027186,0.019791,0.018177,0.016100,0.013033,0.010531,0.008161,0.007862,0.009434,0.009306,0.006995,0.002095,0.002291,0.000900,0.000156,0.000019,0.000033,-0.000003,-0.000067,-0.000148,-0.000025,-0.000011,-0.000074,0.000033,-0.000004
-0.000111,-0.000967,-0.001809,-0.002680,-0.002479,-0.001520,-0.001272,0.001226,0.005287,-0.000658,-0.005025,-0.000703,-0.001767,-0.011197,-0.017737,-0.018209,-0.015371,-0.013890,-0.015605,-0.016596,-0.021943,-0.023969,-0.021892,-0.018691,-0.017218,-0.016435,-0.014067,-0.003210,0.007287,0.015378,0.018227,0.023716,0.036929,0.050158,0.051981,0.043567,0.027794,0.024375,0.019777,0.014431,0.011350,0.007936,0.006263,0.007374,0.006992,0.006588,0.000632,0.000469,0.000607,0.000307,-0.000062,0.000156,-0.000024,0.000110,-0.000027,0.000025,0.000070,0.000023,0.000122,0.000106
0.000441,0.000368,-0.000114,-0.000859,-0.000854,-0.000312,0.000001,0.002898,0.007571,0.000494,-0.007302,-0.003601,-0.003636,-0.012951,-0.015392,-0.014211,-0.012762,-0.010447,-0.015634,-0.019789,-0.022707,-0.025882,-0.022577,-0.021263,-0.020196,-0.018623,-0.015136,-0.005754,-0.000811,0.011983,0.017111,0.023009,0.031402,0.051981,0.072801,0.065743,0.040870,0.034970,0.024364,0.016614,0.014621,0.009373,0.007044,0.010368,0.008637,0.007970,0.000303,0.000156,0.000655,0.000437,-0.000093,0.000394,0.000004,0.000247,0.000064,0.000078,0.000159,0.000147,0.000253,0.000272
0.000707,0.000854,0.000550,0.000067,-0.000081,-0.000157,0.001195,0.005972,0.009544,0.001452,-0.006322,-0.002531,-0.003311,-0.011671,-0.014392,-0.012375,-0.011651,-0.011515,-0.018110,-0.023127,-0.025829,-0.025913,-0.020455,-0.019905,-0.018940,-0.017604,-0.013500,-0.006934,-0.004129,0.007116,0.012102,0.019650,0.027186,0.043567,0.065743,0.076537,0.052734,0.041664,0.027917,0.017864,0.014142,0.010000,0.009040,0.011992,0.008253,0.004458,-0.000283,0.002155,0.001621,0.000420,0.000027,0.000523,0.000015,0.000257,0.000047,0.000091,0.000162,0.000235,0.000280,0.000239
0.000630,0.000435,0.000340,-0.000122,-0.000428,-0.001042,0.000721,0.004957,0.009101,0.003311,-0.002583,0.000413,-0.003001,-0.010089,-0.010816,-0.007068,-0.004769,-0.007658,-0.012493,-0.015899,-0.017929,-0.016980,-0.015114,-0.016542,-0.015170,-0.013421,-0.009393,-0.004422,-0.002766,0.004914,0.008622,0.015256,0.019791,0.027794,0.040870,0.052734,0.046244,0.038461,0.023802,0.014241,0.012180,0.007314,0.006413,0.009059,0.007155,0.004704,0.000652,0.002658,0.001650,0.000402,0.000058,0.000441,0.000064,0.000155,0.000035,0.000086,0.000137,0.000153,0.000181,0.000151
0.001128,0.000313,0.000691,0.000052,-0.000684,-0.001867,0.000950,0.005633,0.010784,0.004924,-0.000505,0.003908,0.000173,-0.007920,-0.010170,-0.009163,-0.009396,-0.010136,-0.011019,-0.011498,-0.014620,-0.020667,-0.020391,-0.022722,-0.024193,-0.018902,-0.011901,-0.004107,-0.002346,0.006927,0.007052,0.012853,0.018177,0.024375,0.034970,0.041664,0.038461,0.047405,0.035907,0.016978,0.012700,0.007845,0.007468,0.009493,0.010120,0.006244,0.001236,0.002564,0.001574,0.000540,0.000259,0.000364,0.000150,0.000216,0.000166,0.000130,0.000140,0.000201,0.000205,0.000240
0.000992,0.000076,0.000413,0.000033,0.000258,-0.001355,0.000639,0.004457,0.007386,0.005059,0.002664,0.005906,0.004168,-0.005181,-0.008858,-0.009957,-0.012795,-0.011309,-0.008292,-0.007058,-0.010882,-0.018230,-0.019042,-0.023395,-0.024074,-0.016457,-0.011116,-0.004460,-0.001946,0.003606,0.004899,0.010998,0.016100,0.019777,0.024364,0.027917,0.023802,0.035907,0.041244,0.022396,0.011117,0.007373,0.007600,0.009514,0.011435,0.006075,0.002110,0.002822,0.001513,0.000614,0.000345,0.000115,0.000177,0.000183,0.000177,0.000103,0.000106,0.000203,0.000182,0.000213
0.000456,0.000135,0.000152,-0.000293,-0.000191,-0.000551,0.000144,0.002131,0.002490,0.001758,0.001218,0.001788,0.001334,-0.003482,-0.006653,-0.007234,-0.010319,-0.008913,-0.008044,-0.009005,-0.012240,-0.013963,-0.011611,-0.013239,-0.014424,-0.011882,-0.009698,-0.005750,-0.003409,0.002306,0.007194,0.010801,0.013033,0.014431,0.016614,0.017864,0.014241,0.016978,0.022396,0.019624,0.012316,0.007607,0.004996,0.006197,0.006413,0.005237,0.002802,0.002531,0.001371,0.000410,0.000196,0.000036,0.000109,0.000054,0.000068,0.000048,0.000059,0.000073,0.000119,0.000152
0.000267,0.000279,0.000513,0.000477,-0.000356,0.000438,0.000736,0.001710,0.002170,0.000461,-0.000662,-0.000857,-0.001260,-0.001735,-0.002853,-0.001325,-0.002202,-0.001892,-0.004557,-0.007637,-0.008355,-0.007047,-0.004542,-0.005914,-0.010730,-0.012518,-0.009883,-0.006056,-0.006054,-0.000062,0.006842,0.011255,0.010531,0.011350,0.014621,0.014142,0.012180,0.012700,0.011117,0.012316,0.017482,0.012740,0.006566,0.005118,0.004434,0.005840,0.003074,0.002403,0.001514,0.000343,0.000357,0.000219,0.000168,0.000052,0.000090,0.000072,0.000102,0.000095,0.000153,0.000234
0.000506,0.000602,0.000631,0.000566,0.000817,0.001532,0.001416,0.002816,0.002436,0.000726,-0.000494,-0.000077,0.000229,0.000882,-0.000454,-0.001541,-0.005116,-0.004371,-0.005505,-0.005127,-0.004887,-0.004478,-0.001966,-0.002194,-0.005897,-0.006833,-0.005601,-0.004130,-0.002899,-0.000467,0.005380,0.008437,0.008161,0.007936,0.009373,0.010000,0.007314,0.007845,0.007373,0.007607,0.012740,0.016712,0.009192,0.005557,0.006539,0.006033,0.003046,0.002029,0.001652,0.000358,0.000559,0.000222,0.000123,0.000044,0.000126,0.000021,0.000038,0.000139,0.000121,0.000167
0.000326,0.000013,-0.000058,-0.000121,-0.000491,-0.000239,-0.000231,0.000342,0.000913,0.001558,0.000622,0.000606,0.000043,-0.001958,-0.005489,-0.006894,-0.008667,-0.007849,-0.007644,-0.006790,-0.005696,-0.003131,-0.001318,-0.002821,-0.003302,-0.000288,0.001929,0.001931,0.001582,0.002732,0.005599,0.007929,0.007862,0.006263,0.007044,0.009040,0.006413,0.007468,0.007600,0.004996,0.006566,0.009192,0.011072,0.009105,0.007864,0.004629,0.002052,0.001795,0.001433,0.000312,0.000281,0.000072,0.000053,-0.000043,-0.000013,-0.000015,-0.000013,0.000046,-0.000002,0.000065
0.000194,-0.000247,-0.000303,-0.000411,-0.000581,-0.001055,-0.000317,-0.000155,0.002271,0.002904,0.002489,0.001071,-0.000106,-0.003855,-0.007453,-0.007818,-0.009146,-0.009284,-0.008941,-0.008696,-0.006242,-0.004947,-0.004572,-0.002165,0.000310,0.002413,0.004742,0.005588,0.004397,0.005191,0.007524,0.011768,0.009434,0.007374,0.010368,0.011992,0.009059,0.009493,0.009514,0.006197,0.005118,0.005557,0.009105,0.015805,0.011683,0.005176,0.001740,0.002134,0.001255,0.000109,0.000318,0.000075,-0.000004,-0.000013,-0.000003,0.000027,-0.000025,-0.000020,0.000038,0.000025
0.000711,0.000596,0.000519,0.000463,0.000225,-0.000795,0.000296,0.001652,0.003295,0.004652,0.002405,0.002075,0.001439,-0.001549,-0.005137,-0.007424,-0.010031,-0.013276,-0.013009,-0.010042,-0.005953,-0.005013,-0.005612,-0.005756,-0.004925,-0.000862,0.002129,0.005015,0.006639,0.009605,0.009741,0.011457,0.009306,0.006992,0.008637,0.008253,0.007155,0.010120,0.011435,0.006413,0.004434,0.006539,0.007864,0.011683,0.015415,0.009483,0.003512,0.002516,0.001930,0.000431,0.000480,0.000201,0.000050,0.000016,0.000101,0.000057,-0.000017,0.000034,0.000075,0.000087
0.000576,0.000597,0.000423,0.000351,-0.000110,-0.000612,-0.000124,0.000492,0.001217,0.001326,-0.000753,-0.000526,-0.001017,-0.002960,-0.004491,-0.005539,-0.007149,-0.009617,-0.010195,-0.008298,-0.005938,-0.004682,-0.004208,-0.004264,-0.003970,-0.001879,-0.000098,0.002246,0.004115,0.007636,0.007472,0.007753,0.006995,0.006588,0.007970,0.004458,0.004704,0.006244,0.006075,0.005237,0.005840,0.006033,0.004629,0.005176,0.009483,0.009724,0.004031,0.001801,0.001429,0.000427,0.000293,0.000164,0.000038,0.000017,0.000077,0.000023,-0.000010,0.000002,0.000071,0.000122
0.000208,0.000088,0.000459,0.000282,0.000083,-0.000113,0.000177,-0.000393,-0.000799,-0.000031,-0.000510,-0.000656,-0.000619,-0.000154,-0.001946,-0.002729,-0.002529,-0.004057,-0.004932,-0.004874,-0.004620,-0.002221,-0.001218,-0.001277,-0.001637,-0.001776,-0.000788,0.000143,0.001432,0.002237,0.002990,0.002541,0.002095,0.000632,0.000303,-0.000283,0.000652,0.001236,0.002110,0.002802,0.003074,0.003046,0.002052,0.001740,0.003512,0.004031,0.003418,0.001803,0.000915,0.000213,0.000217,0.000051,0.000036,0.000014,0.000040,0.000008,-0.000002,-0.000014,0.000041,0.000037
0.000158,0.000053,0.000303,0.000275,-0.000116,-0.000117,0.000555,0.000457,0.000451,0.000798,0.000310,0.000047,-0.000205,0.000161,-0.000999,-0.001233,-0.001404,-0.002545,-0.002994,-0.003290,-0.003098,-0.002646,-0.002768,-0.002505,-0.002536,-0.001938,-0.000704,0.000571,0.001270,0.002104,0.001915,0.002413,0.002291,0.000469,0.000156,0.002155,0.002658,0.002564,0.002822,0.002531,0.002403,0.002029,0.001795,0.002134,0.002516,0.001801,0.001803,0.002033,0.000891,0.000106,0.000195,0.000053,0.000013,0.000013,0.000004,0.000035,0.000025,0.000015,0.000038,0.000018
0.000147,0.000105,0.000140,0.000121,-0.000105,0.000046,0.000436,0.000690,0.000624,0.000775,0.000303,0.000188,0.000061,0.000472,-0.000169,-0.000422,-0.000869,-0.001508,-0.001808,-0.001427,-0.001136,-0.000753,-0.000741,-0.001040,-0.001454,-0.001232,-0.000759,-0.000065,0.000513,0.001283,0.000726,0.000899,0.000900,0.000607,0.000655,0.001621,0.001650,0.001574,0.001513,0.001371,0.001514,0.001652,0.001433,0.001255,0.001930,0.001429,0.000915,0.000891,0.000672,0.000124,0.000106,0.000051,0.000014,0.000007,0.000022,0.000020,0.000008,0.000020,0.000011,0.000012
0.000045,0.000023,0.000023,0.000009,-0.000002,-0.000002,0.000040,0.000100,0.000106,0.000189,0.000009,0.000034,0.000029,0.000102,0.000088,-0.000003,-0.000146,-0.000283,-0.000316,-0.000065,0.000121,0.000124,0.000044,-0.000249,-0.000335,-0.000211,-0.000233,-0.000333,-0.000329,-0.000091,-0.000116,0.000093,0.000156,0.000307,0.000437,0.000420,0.000402,0.000540,0.000614,0.000410,0.000343,0.000358,0.000312,0.000109,0.000431,0.000427,0.000213,0.000106,0.000124,0.000067,0.000015,0.000005,0.000002,0.000001,0.000010,0.000002,0.000001,0.000006,-0.000000,0.000005
0.000039,0.000050,0.000092,0.000085,0.000074,0.000059,0.000132,0.000172,0.000149,0.000198,0.000129,0.000136,0.000148,0.000333,0.000302,0.000231,-0.000001,-0.000182,-0.000123,-0.000008,0.000143,0.000049,-0.000091,-0.000043,-0.000298,-0.000357,-0.000213,-0.000100,-0.000056,-0.000088,-0.000093,0.000119,0.000019,-0.000062,-0.000093,0.000027,0.000058,0.000259,0.000345,0.000196,0.000357,0.000559,0.000281,0.000318,0.000480,0.000293,0.000217,0.000195,0.000106,0.000015,0.000098,0.000017,0.000008,0.000011,0.000012,0.000007,0.000004,0.000010,0.000011,0.000014
0.000049,0.000089,0.000107,0.000126,0.000088,0.000102,0.000094,0.000211,0.000256,0.000167,0.000065,0.000172,0.000132,0.000081,0.000082,0.000201,0.000183,0.000061,-0.000029,-0.000019,-0.000089,-0.000227,-0.000254,-0.000394,-0.000624,-0.000696,-0.000608,-0.000329,-0.000276,-0.000108,-0.000034,0.000060,0.000033,0.000156,0.000394,0.000523,0.000441,0.000364,0.000115,0.000036,0.000219,0.000222,0.000072,0.000075,0.000201,0.000164,0.000051,0.000053,0.000051,0.000005,0.000017,0.000039,0.000010,0.000009,0.000011,0.000008,0.000006,0.000007,0.000011,0.000010
0.000015,0.000026,0.000057,0.000066,0.000062,0.000044,0.000023,0.000057,0.000035,0.000039,0.000048,0.000077,0.000081,0.000050,0.000043,0.000054,0.000092,0.000069,0.000093,0.000058,0.000015,0.000012,-0.000014,-0.000180,-0.000352,-0.000375,-0.000348,-0.000229,-0.000182,-0.000117,-0.000013,-0.000010,-0.000003,-0.000024,0.000004,0.000015,0.000064,0.000150,0.000177,0.000109,0.000168,0.000123,0.000053,-0.000004,0.000050,0.000038,0.000036,0.000013,0.000014,0.000002,0.000008,0.000010,0.000021,0.000003,0.000004,0.000003,0.000005,0.000004,0.000003,0.000006
0.000025,0.000021,0.000050,0.000044,0.000034,0.000026,0.000031,0.000096,0.000120,0.000051,-0.000031,0.000023,-0.000011,0.000021,0.000096,0.000109,0.000084,0.000093,0.000186,0.000291,0.000310,0.000093,-0.000015,-0.000083,-0.000195,-0.000292,-0.000322,-0.000319,-0.000313,-0.000187,-0.000233,-0.000148,-0.000067,0.000110,0.000247,0.000257,0.000155,0.000216,0.000183,0.000054,0.000052,0.000044,-0.000043,-0.000013,0.000016,0.000017,0.000014,0.000013,0.000007,0.000001,0.000011,0.000009,0.000003,0.000020,0.000008,0.000005,0.000004,0.000008,0.000009,0.000004
0.000033,0.000037,0.000064,0.000054,0.000055,0.000036,0.000074,0.000164,0.000155,0.000109,0.000072,0.000126,0.000114,0.000301,0.000425,0.000404,0.000282,0.000201,0.000156,0.000183,0.000105,-0.000060,-0.000092,-0.000129,-0.000286,-0.000381,-0.000396,-0.000387,-0.000366,-0.000200,-0.000150,-0.000061,-0.000148,-0.000027,0.000064,0.000047,0.000035,0.000166,0.000177,0.000068,0.000090,0.000126,-0.000013,-0.000003,0.000101,0.000077,0.000040,0.000004,0.000022,0.000010,0.000012,0.000011,0.000004,0.000008,0.000031,0.000003,0.000005,0.000011,0.000008,0.000006
0.000018,0.000016,0.000032,0.000044,0.000019,0.000029,0.000049,0.000104,0.000135,0.000127,0.000104,0.000124,0.000075,0.000078,0.000103,0.000126,0.000086,0.000047,0.000111,0.000202,0.000267,0.000086,-0.000072,-0.000169,-0.000216,-0.000250,-0.000226,-0.000124,-0.000167,-0.000066,-0.000141,-0.000075,-0.000025,0.000025,0.000078,0.000091,0.000086,0.000130,0.000103,0.000048,0.000072,0.000021,-0.000015,0.000027,0.000057,0.000023,0.000008,0.000035,0.000020,0.000002,0.000007,0.000008,0.000003,0.000005,0.000003,0.000011,0.000005,0.000003,0.000004,0.000004
0.000017,0.000009,0.000030,0.000047,0.000046,0.000045,0.000067,0.000119,0.000110,0.000077,0.000057,0.000079,0.000053,0.000111,0.000194,0.000221,0.000191,0.000128,0.000129,0.000071,0.000033,-0.000071,-0.000147,-0.000182,-0.000274,-0.000369,-0.000377,-0.000284,-0.000321,-0.000217,-0.000157,-0.000089,-0.000011,0.000070,0.000159,0.000162,0.000137,0.000140,0.000106,0.000059,0.000102,0.000038,-0.000013,-0.000025,-0.000017,-0.000010,-0.000002,0.000025,0.000008,0.000001,0.000004,0.000006,0.000005,0.000004,0.000005,0.000005,0.000016,0.000008,0.000005,0.000006
0.000027,0.000030,0.000047,0.000053,0.000053,0.000055,0.000073,0.000168,0.000159,0.000110,0.000036,0.000083,0.000084,0.000195,0.000312,0.000300,0.000171,0.000165,0.000200,0.000214,0.000239,0.000066,0.000005,-0.000143,-0.000250,-0.000234,-0.000302,-0.000349,-0.000361,-0.000197,-0.000141,-0.000059,-0.000074,0.000023,0.000147,0.000235,0.000153,0.000201,0.000203,0.000073,0.000095,0.000139,0.000046,-0.000020,0.000034,0.000002,-0.000014,0.000015,0.000020,0.000006,0.000010,0.000007,0.000004,0.000008,0.000011,0.000003,0.000008,0.000023,0.000007,0.000005
0.000024,0.000025,0.000054,0.000080,0.000072,0.000020,0.000044,0.000102,0.000093,0.000024,-0.000015,0.000027,0.000018,0.000060,0.000118,0.000138,0.000087,0.000051,0.000033,-0.000037,-0.000087,-0.000204,-0.000235,-0.000224,-0.000305,-0.000385,-0.000362,-0.000309,-0.000281,-0.000172,-0.000128,-0.000014,0.000033,0.000122,0.000253,0.000280,0.000181,0.000205,0.000182,0.000119,0.000153,0.000121,-0.000002,0.000038,0.000075,0.000071,0.000041,0.000038,0.000011,-0.000000,0.000011,0.000011,0.000003,0.000009,0.000008,0.000004,0.000005,0.000007,0.000021,0.000014
0.000031,0.000045,0.000066,0.000098,0.000086,0.000029,0.000063,0.000105,0.000089,0.000041,0.000026,0.000044,0.000041,0.000088,0.000196,0.000209,0.000139,0.000109,0.000068,-0.000037,-0.000046,-0.000113,-0.000172,-0.000209,-0.000342,-0.000426,-0.000404,-0.000332,-0.000314,-0.000135,-0.000087,-0.000042,-0.000004,0.000106,0.000272,0.000239,0.000151,0.000240,0.000213,0.000152,0.000234,0.000167,0.000065,0.000025,0.000087,0.000122,0.000037,0.000018,0.000012,0.000005,0.000014,0.000010,0.000006,0.000004,0.000006,0.000004,0.000006,0.000005,0.000014,0.000028
