0.016369,0.009874,0.007106,0.005518,0.006328,0.000927,0.001676,0.006114,0.003127,0.001403,0.001491,0.002954,0.001736,0.002385,-0.002116,-0.004111,-0.004359,-0.003678,-0.000695,0.003204,0.001579,-0.004341,-0.004393,-0.006642,-0.009327,-0.007942,-0.009667,-0.008134,-0.006311,-0.004518,-0.004648,-0.001890,0.001309,0.004416,0.003472,0.002385,0.001960,0.004430,0.006239,0.002843,0.001932,0.004070,0.002364,-0.002084,0.004410,0.004249,0.002649,0.002890,0.003439,0.004197,0.001813,0.003024,0.002688,0.005787,0.008075,0.002966,0.002884,0.005304,0.005536,0.004330
0.009874,0.014598,0.010141,0.008126,0.006107,0.003481,0.002871,0.006059,0.001633,0.001399,0.000284,0.002131,0.000276,0.003496,0.002241,0.001964,0.000480,-0.001192,-0.002586,-0.001529,-0.000981,-0.001743,-0.000937,-0.000916,-0.003445,-0.004410,-0.005343,-0.005013,-0.005632,-0.003823,-0.002799,-0.001682,-0.005054,0.000712,0.005117,0.006961,0.006174,0.003113,0.000679,0.000133,0.002339,0.004464,0.001366,-0.002321,0.002763,0.002627,0.000700,0.000656,0.002793,0.002654,0.001776,0.005418,0.001969,0.001946,0.005850,0.002058,0.000659,0.003353,0.004255,0.003617
0.007106,0.010141,0.012485,0.008455,0.005962,0.002202,0.001673,0.003681,0.000465,0.001709,0.001676,0.003464,0.001281,0.004098,0.004783,0.003298,0.002533,0.000004,-0.002048,-0.004686,-0.005075,-0.004098,-0.004644,-0.003266,-0.003467,-0.003254,-0.003855,-0.004889,-0.005552,-0.002633,-0.000143,-0.000698,-0.005756,-0.002422,-0.000060,0.002512,0.003620,0.002243,0.000857,-0.000451,0.000631,0.001388,-0.001077,-0.000644,0.002828,0.002109,0.002304,0.003984,0.002965,0.000585,0.001820,0.005620,0.003876,0.003604,0.005923,0.001843,0.002530,0.003394,0.005439,0.003593
0.005518,0.008126,0.008455,0.009858,0.008246,0.003168,0.003549,0.005738,0.000961,0.000154,0.001514,0.003096,0.002157,0.003691,0.004856,0.004342,0.003196,0.002450,0.002682,-0.000440,-0.000445,-0.000158,-0.001168,-0.001370,-0.003803,-0.005065,-0.005253,-0.004362,-0.004702,-0.003201,-0.002315,-0.002634,-0.005541,-0.004192,-0.003033,-0.000851,-0.000039,-0.000018,0.000267,-0.000334,0.001565,0.001002,-0.000180,-0.000309,0.001236,0.000514,0.000472,0.002310,0.001340,0.001124,0.001229,0.004191,0.003751,0.000691,0.004348,0.003057,0.002838,0.003304,0.006590,0.005387
0.006328,0.006107,0.005962,0.008246,0.013590,0.004777,0.004513,0.003938,0.001868,-0.000769,0.003895,0.003977,0.004152,0.005249,0.005785,0.005748,0.005361,0.005824,0.007995,0.005409,0.003792,0.001278,-0.002113,-0.002899,-0.002473,-0.002489,-0.004045,-0.005307,-0.007847,-0.008733,-0.007166,-0.006043,-0.004580,-0.005144,-0.006110,-0.005522,-0.004663,-0.001899,0.001240,-0.001246,-0.001185,0.000631,-0.000961,-0.000460,0.000049,-0.000673,-0.000770,0.000254,-0.003099,0.000497,0.000645,0.001709,0.005159,0.000808,0.006113,0.005263,0.004483,0.004882,0.008161,0.005636
0.000927,0.003481,0.002202,0.003168,0.004777,0.015302,0.010799,0.007985,0.002887,0.003069,0.003807,0.003869,0.006673,0.007933,0.008063,0.008673,0.005553,0.006626,0.005988,0.005022,0.005490,0.003302,0.000718,-0.001157,-0.001562,-0.002960,-0.005622,-0.002574,-0.004593,-0.005231,-0.001005,-0.002898,-0.005749,-0.003194,0.000098,-0.000682,-0.004598,-0.004508,-0.003354,-0.002888,-0.000580,0.001751,-0.000409,-0.003663,-0.001521,-0.001458,-0.000136,0.000573,0.001759,0.000955,0.001777,0.004181,0.003860,0.002291,-0.002111,0.002205,0.002676,0.001462,0.001703,0.001326
0.001676,0.002871,0.001673,0.003549,0.004513,0.010799,0.020207,0.014888,0.007334,0.005923,0.004957,0.003794,0.005704,0.011653,0.010989,0.010505,0.006460,0.007078,0.005679,0.001675,0.000984,-0.000187,0.000460,-0.000100,-0.002810,-0.003619,-0.006746,-0.005986,-0.005425,-0.003107,-0.002612,-0.004801,-0.006204,-0.003611,-0.002247,-0.000371,-0.001539,0.000034,0.001564,0.001924,0.002041,0.003652,0.000868,0.000908,0.001550,0.001537,0.002740,0.007442,0.007807,0.003622,0.003599,0.004178,0.000939,0.004299,0.002329,0.002457,0.005386,0.003789,0.003354,0.002798
0.006114,0.006059,0.003681,0.005738,0.003938,0.007985,0.014888,0.025667,0.014486,0.009909,0.008965,0.009032,0.008728,0.012439,0.014542,0.015056,0.007682,0.006021,0.007223,0.004125,0.004305,-0.001854,-0.002086,-0.001895,-0.007095,-0.008384,-0.010293,-0.008023,-0.009567,-0.005871,-0.004943,-0.004929,-0.007234,-0.003624,-0.003247,0.000381,0.000858,0.001776,0.003688,0.003698,0.003298,0.003391,0.001256,0.001054,0.003069,0.001740,-0.001352,0.004745,0.008857,0.003514,0.004413,0.006641,-0.001512,0.003490,0.006254,0.003464,0.005701,0.005461,0.007307,0.004922
0.003127,0.001633,0.000465,0.000961,0.001868,0.002887,0.007334,0.014486,0.014538,0.011064,0.008858,0.006433,0.004512,0.004974,0.005965,0.006557,0.003889,0.002816,0.004126,0.003194,0.004251,-0.001749,-0.004924,-0.004848,-0.004358,-0.001770,-0.001940,-0.003910,-0.008240,-0.003075,-0.000600,0.002848,0.001873,0.003830,0.005227,0.006486,0.008360,0.007480,0.006634,0.004497,0.003771,0.002064,0.003318,0.005780,0.004312,0.002910,-0.001761,0.003424,0.005537,0.004967,0.001219,0.001137,-0.001067,0.001234,0.003586,0.003053,0.004892,0.004051,0.004075,0.002905
0.001403,0.001399,0.001709,0.000154,-0.000769,0.003069,0.005923,0.009909,0.011064,0.020309,0.012873,0.008153,0.005040,0.002699,0.002549,0.002338,0.002085,-0.002748,-0.001949,0.002593,0.004533,0.001893,-0.001107,-0.004809,-0.003644,0.002569,0.005362,0.004079,-0.003247,-0.001065,-0.000367,0.000431,-0.002077,0.001681,0.002730,0.004834,0.007539,0.006261,0.007055,0.001770,-0.003133,-0.004950,0.001311,0.003209,0.005359,0.000517,-0.002077,0.004639,0.008182,0.007014,0.000577,0.000355,0.002364,0.000660,0.000009,0.000740,0.003374,0.004707,-0.002465,-0.001789
0.001491,0.000284,0.001676,0.001514,0.003895,0.003807,0.004957,0.008965,0.008858,0.012873,0.015792,0.011956,0.008480,0.004166,0.003318,0.002918,0.003489,0.001074,0.003932,0.007542,0.008924,0.005030,-0.000988,-0.004309,-0.003562,0.000556,0.002119,0.002663,-0.002159,-0.002753,-0.001566,-0.001506,-0.002153,-0.003323,-0.007112,-0.004832,-0.000199,0.002049,0.006545,0.002175,-0.003052,-0.001818,-0.000053,0.002803,0.003389,-0.000201,-0.003327,0.002252,0.003305,0.001111,0.000840,0.000885,0.003054,0.000250,0.002348,0.003668,0.003347,0.003320,0.000956,0.000296
0.002954,0.002131,0.003464,0.003096,0.003977,0.003869,0.003794,0.009032,0.006433,0.008153,0.011956,0.015128,0.012572,0.009448,0.008961,0.008543,0.007050,0.005032,0.006612,0.010006,0.010320,0.006520,0.000709,-0.003871,-0.005160,-0.003335,-0.004843,-0.003343,-0.005772,-0.006768,-0.006091,-0.004135,-0.005323,-0.005471,-0.008675,-0.005926,-0.002551,0.000676,0.005566,0.002183,-0.002159,0.001673,0.001966,0.003181,0.004803,0.001772,-0.000717,0.002662,0.003694,0.002764,0.001593,0.002697,0.001435,-0.001300,0.004769,0.004411,0.004359,0.002609,0.001271,-0.000022
0.001736,0.000276,0.001281,0.002157,0.004152,0.006673,0.005704,0.008728,0.004512,0.005040,0.008480,0.012572,0.017891,0.013468,0.014752,0.013768,0.010610,0.009749,0.009909,0.010140,0.008659,0.004863,-0.000371,-0.007713,-0.011286,-0.009362,-0.012036,-0.008012,-0.006390,-0.006547,-0.004092,-0.001666,-0.003709,-0.004763,-0.007470,-0.005454,-0.006816,-0.002020,0.005051,0.001301,-0.003171,0.000897,0.001724,0.002179,0.005950,0.000267,-0.000522,0.002571,0.002819,0.004015,0.003111,0.003750,0.003607,-0.001065,0.004145,0.004076,0.004723,0.003405,0.003555,0.000474
0.002385,0.003496,0.004098,0.003691,0.005249,0.007933,0.011653,0.012439,0.004974,0.002699,0.004166,0.009448,0.013468,0.023395,0.026555,0.025150,0.019455,0.017127,0.012995,0.009618,0.008046,0.005561,0.004288,-0.000723,-0.005409,-0.005487,-0.010091,-0.014148,-0.013864,-0.011384,-0.010399,-0.007984,-0.010645,-0.008259,-0.009170,-0.006598,-0.008800,-0.004356,-0.000748,-0.001459,-0.000672,0.005677,0.000772,-0.002346,0.001159,-0.001393,0.001022,0.003633,0.004321,0.004370,0.004207,0.005446,0.002285,0.002083,0.010522,0.003830,0.005848,0.006915,0.006122,0.001639
-0.002116,0.002241,0.004783,0.004856,0.005785,0.008063,0.010989,0.014542,0.005965,0.002549,0.003318,0.008961,0.014752,0.026555,0.043418,0.044426,0.037729,0.032695,0.026366,0.018371,0.017909,0.012270,0.006015,0.000267,-0.007747,-0.010707,-0.015440,-0.019246,-0.018531,-0.015019,-0.014686,-0.014048,-0.019207,-0.014594,-0.013537,-0.010628,-0.012728,-0.007701,-0.006198,-0.007102,-0.004983,-0.000791,-0.006166,-0.007038,-0.003926,-0.004982,-0.002910,-0.001149,0.000419,0.002632,0.003285,0.005165,-0.001194,0.005053,0.008854,0.002524,0.006363,0.005166,0.007346,0.002459
-0.004111,0.001964,0.003298,0.004342,0.005748,0.008673,0.010505,0.015056,0.006557,0.002338,0.002918,0.008543,0.013768,0.025150,0.044426,0.055562,0.051147,0.044340,0.035858,0.024586,0.022009,0.015918,0.008120,-0.000074,-0.008750,-0.013348,-0.019907,-0.023534,-0.024529,-0.020106,-0.018036,-0.016146,-0.021182,-0.015777,-0.012096,-0.007871,-0.008684,-0.005749,-0.006340,-0.008530,-0.004363,-0.001269,-0.006959,-0.007353,-0.006576,-0.004280,-0.003911,-0.003029,0.000624,0.003409,0.002451,0.006000,-0.000818,0.007575,0.008554,0.004058,0.008842,0.006544,0.008209,0.002817
-0.004359,0.000480,0.002533,0.003196,0.005361,0.005553,0.006460,0.007682,0.003889,0.002085,0.003489,0.007050,0.010610,0.019455,0.037729,0.051147,0.058830,0.052355,0.038378,0.026909,0.022184,0.018934,0.008354,-0.001901,-0.010006,-0.015972,-0.022416,-0.023701,-0.023404,-0.020854,-0.018299,-0.014414,-0.016461,-0.011128,-0.008526,-0.005283,-0.005157,-0.002937,-0.007052,-0.012617,-0.007192,-0.005776,-0.010182,-0.010585,-0.011640,-0.007011,-0.006740,-0.006721,-0.002487,0.003448,-0.001090,0.004493,0.000758,0.008060,0.007904,0.003319,0.008052,0.004836,0.006232,0.002159
-0.003678,-0.001192,0.000004,0.002450,0.005824,0.006626,0.007078,0.006021,0.002816,-0.002748,0.001074,0.005032,0.009749,0.017127,0.032695,0.044340,0.052355,0.055763,0.045506,0.033326,0.027151,0.021875,0.012147,0.002609,-0.006150,-0.014317,-0.023770,-0.025204,-0.023729,-0.021990,-0.018682,-0.014290,-0.014809,-0.010165,-0.006325,-0.005124,-0.008522,-0.005530,-0.007691,-0.011605,-0.006808,-0.005344,-0.009420,-0.009987,-0.016680,-0.011068,-0.008494,-0.009031,-0.006768,0.001652,-0.002273,0.002738,-0.000711,0.008775,0.006597,0.002425,0.006681,0.004298,0.005343,0.001162
-0.000695,-0.002586,-0.002048,0.002682,0.007995,0.005988,0.005679,0.007223,0.004126,-0.001949,0.003932,0.006612,0.009909,0.012995,0.026366,0.035858,0.038378,0.045506,0.051818,0.045326,0.040084,0.027779,0.013751,0.001513,-0.007964,-0.013612,-0.020941,-0.023192,-0.023094,-0.022912,-0.024949,-0.021197,-0.015475,-0.010551,-0.008783,-0.010234,-0.012350,-0.005407,-0.003207,-0.007614,-0.007200,-0.006912,-0.009086,-0.008154,-0.016064,-0.009787,-0.009593,-0.009528,-0.007878,0.001933,-0.000786,0.000690,-0.000021,0.013928,0.007544,0.005865,0.008739,0.007278,0.006653,0.001577
0.003204,-0.001529,-0.004686,-0.000440,0.005409,0.005022,0.001675,0.004125,0.003194,0.002593,0.007542,0.010006,0.010140,0.009618,0.018371,0.024586,0.026909,0.033326,0.045326,0.057729,0.057306,0.038613,0.020452,0.005042,-0.003607,-0.006015,-0.011708,-0.015993,-0.019716,-0.023935,-0.030748,-0.026352,-0.017720,-0.013191,-0.015114,-0.018589,-0.018080,-0.007923,-0.003488,-0.009446,-0.011445,-0.006900,-0.005274,-0.008361,-0.012177,-0.008096,-0.010957,-0.011942,-0.007356,0.002691,-0.001711,-0.002926,-0.000516,0.011817,0.004785,0.005485,0.004803,0.006211,-0.003102,-0.004242
0.001579,-0.000981,-0.005075,-0.000445,0.003792,0.005490,0.000984,0.004305,0.004251,0.004533,0.008924,0.010320,0.008659,0.008046,0.017909,0.022009,0.022184,0.027151,0.040084,0.057306,0.073092,0.055253,0.032702,0.016428,0.008922,0.002910,-0.003871,-0.012367,-0.017930,-0.024164,-0.032648,-0.024809,-0.021287,-0.018738,-0.018929,-0.022046,-0.021507,-0.011349,-0.007898,-0.012511,-0.012743,-0.009028,-0.006136,-0.006624,-0.010150,-0.009265,-0.012530,-0.014863,-0.008613,0.000322,-0.000220,-0.005614,-0.003902,0.012399,0.000968,0.003995,0.000923,0.004992,-0.002977,-0.003126
-0.004341,-0.001743,-0.004098,-0.000158,0.001278,0.003302,-0.000187,-0.001854,-0.001749,0.001893,0.005030,0.006520,0.004863,0.005561,0.012270,0.015918,0.018934,0.021875,0.027779,0.038613,0.055253,0.057465,0.043589,0.026689,0.018918,0.008516,0.001275,-0.007253,-0.011631,-0.018037,-0.022270,-0.014854,-0.015679,-0.015263,-0.016270,-0.016888,-0.017098,-0.013217,-0.013538,-0.013232,-0.008965,-0.007258,-0.006179,-0.005984,-0.010912,-0.008841,-0.010086,-0.013909,-0.007036,-0.000436,0.001051,-0.003148,-0.000871,0.008110,-0.002109,0.001551,-0.000932,0.002689,-0.003727,-0.001198
-0.004393,-0.000937,-0.004644,-0.001168,-0.002113,0.000718,0.000460,-0.002086,-0.004924,-0.001107,-0.000988,0.000709,-0.000371,0.004288,0.006015,0.008120,0.008354,0.012147,0.013751,0.020452,0.032702,0.043589,0.049383,0.038750,0.028458,0.014456,0.006513,-0.002529,-0.007884,-0.013530,-0.014939,-0.008221,-0.010043,-0.010181,-0.011685,-0.011212,-0.013605,-0.014821,-0.014916,-0.010666,-0.005517,-0.003828,-0.004536,-0.006351,-0.011011,-0.008962,-0.006877,-0.011533,-0.005988,-0.002686,0.000808,-0.000795,-0.001489,0.005951,-0.002496,-0.000967,-0.003302,0.001939,-0.003960,-0.001683
-0.006642,-0.000916,-0.003266,-0.001370,-0.002899,-0.001157,-0.000100,-0.001895,-0.004848,-0.004809,-0.004309,-0.003871,-0.007713,-0.000723,0.000267,-0.000074,-0.001901,0.002609,0.001513,0.005042,0.016428,0.026689,0.038750,0.048610,0.044168,0.024971,0.016902,0.006769,0.000432,-0.006806,-0.006721,-0.003695,-0.008289,-0.010044,-0.012581,-0.012613,-0.014582,-0.018710,-0.019144,-0.012173,-0.006587,-0.002454,-0.005231,-0.002407,-0.008462,-0.008538,-0.005924,-0.009826,-0.007119,-0.010140,-0.000323,-0.001901,-0.006171,0.000362,-0.005596,-0.003402,-0.006711,-0.001881,-0.004110,-0.001714
-0.009327,-0.003445,-0.003467,-0.003803,-0.002473,-0.001562,-0.002810,-0.007095,-0.004358,-0.003644,-0.003562,-0.005160,-0.011286,-0.005409,-0.007747,-0.008750,-0.010006,-0.006150,-0.007964,-0.003607,0.008922,0.018918,0.028458,0.044168,0.057548,0.043243,0.031843,0.016152,0.006274,-0.001293,-0.000179,-0.000024,-0.005932,-0.011630,-0.013449,-0.015365,-0.015041,-0.020073,-0.019943,-0.012966,-0.010605,-0.006075,-0.006596,0.000181,-0.006523,-0.006899,-0.003867,-0.007559,-0.009171,-0.011589,-0.003203,-0.008462,-0.007972,-0.004816,-0.008501,-0.002859,-0.009760,-0.004788,-0.008259,-0.004899
-0.007942,-0.004410,-0.003254,-0.005065,-0.002489,-0.002960,-0.003619,-0.008384,-0.001770,0.002569,0.000556,-0.003335,-0.009362,-0.005487,-0.010707,-0.013348,-0.015972,-0.014317,-0.013612,-0.006015,0.002910,0.008516,0.014456,0.024971,0.043243,0.048096,0.043333,0.023789,0.010302,0.005045,0.003069,0.000200,-0.005075,-0.011102,-0.011633,-0.012387,-0.009867,-0.013693,-0.013105,-0.009139,-0.011155,-0.006888,-0.004068,0.001598,-0.004021,-0.005410,-0.002300,-0.002573,-0.007224,-0.009368,-0.003295,-0.011004,-0.007915,-0.008602,-0.008885,-0.003587,-0.009331,-0.004914,-0.013863,-0.008214
-0.009667,-0.005343,-0.003855,-0.005253,-0.004045,-0.005622,-0.006746,-0.010293,-0.001940,0.005362,0.002119,-0.004843,-0.012036,-0.010091,-0.015440,-0.019907,-0.022416,-0.023770,-0.020941,-0.011708,-0.003871,0.001275,0.006513,0.016902,0.031843,0.043333,0.054004,0.037444,0.018735,0.011111,0.006820,0.002830,-0.004201,-0.010586,-0.011425,-0.011478,-0.007086,-0.009242,-0.010492,-0.009453,-0.010303,-0.006295,-0.002670,0.003010,-0.000036,-0.004024,-0.002384,-0.001451,-0.005257,-0.009328,-0.001579,-0.008390,-0.008651,-0.010529,-0.008680,-0.006362,-0.010887,-0.006793,-0.014658,-0.008266
-0.008134,-0.005013,-0.004889,-0.004362,-0.005307,-0.002574,-0.005986,-0.008023,-0.003910,0.004079,0.002663,-0.003343,-0.008012,-0.014148,-0.019246,-0.023534,-0.023701,-0.025204,-0.023192,-0.015993,-0.012367,-0.007253,-0.002529,0.006769,0.016152,0.023789,0.037444,0.043994,0.034072,0.022319,0.017413,0.009978,0.002642,-0.004897,-0.007520,-0.009507,-0.006031,-0.005765,-0.006241,-0.007924,-0.008561,-0.005581,-0.002354,0.003436,0.006499,0.001255,-0.000242,-0.000789,-0.000657,-0.006372,-0.000479,-0.003738,-0.007254,-0.012008,-0.009161,-0.005290,-0.008911,-0.008280,-0.013835,-0.007229
-0.006311,-0.005632,-0.005552,-0.004702,-0.007847,-0.004593,-0.005425,-0.009567,-0.008240,-0.003247,-0.002159,-0.005772,-0.006390,-0.013864,-0.018531,-0.024529,-0.023404,-0.023729,-0.023094,-0.019716,-0.017930,-0.011631,-0.007884,0.000432,0.006274,0.010302,0.018735,0.034072,0.044430,0.035817,0.026080,0.014197,0.012409,0.004309,-0.002102,-0.006012,-0.005457,-0.003206,-0.003363,-0.003593,-0.004407,-0.001520,0.000443,0.004670,0.011106,0.004428,0.002664,0.001576,0.001701,-0.007127,0.000890,-0.003374,-0.005770,-0.010654,-0.009529,-0.005698,-0.009932,-0.010240,-0.011914,-0.006928
-0.004518,-0.003823,-0.002633,-0.003201,-0.008733,-0.005231,-0.003107,-0.005871,-0.003075,-0.001065,-0.002753,-0.006768,-0.006547,-0.011384,-0.015019,-0.020106,-0.020854,-0.021990,-0.022912,-0.023935,-0.024164,-0.018037,-0.013530,-0.006806,-0.001293,0.005045,0.011111,0.022319,0.035817,0.045113,0.040846,0.025709,0.020284,0.015266,0.011724,0.005456,0.004702,0.005928,0.003546,0.005112,0.006657,0.004114,0.006510,0.009573,0.016345,0.011238,0.005793,0.006589,0.007129,0.000478,0.000575,-0.002309,0.000116,-0.007911,-0.005273,-0.001303,-0.004771,-0.006063,-0.006139,-0.003460
-0.004648,-0.002799,-0.000143,-0.002315,-0.007166,-0.001005,-0.002612,-0.004943,-0.000600,-0.000367,-0.001566,-0.006091,-0.004092,-0.010399,-0.014686,-0.018036,-0.018299,-0.018682,-0.024949,-0.030748,-0.032648,-0.022270,-0.014939,-0.006721,-0.000179,0.003069,0.006820,0.017413,0.026080,0.040846,0.055713,0.045213,0.028245,0.019545,0.018813,0.013187,0.011383,0.008164,0.006917,0.008594,0.012529,0.009643,0.009715,0.013141,0.017486,0.011396,0.006690,0.008035,0.008234,0.003070,0.000456,0.000250,0.007114,-0.007566,-0.003299,0.000207,-0.001440,-0.002645,-0.001589,-0.000784
-0.001890,-0.001682,-0.000698,-0.002634,-0.006043,-0.002898,-0.004801,-0.004929,0.002848,0.000431,-0.001506,-0.004135,-0.001666,-0.007984,-0.014048,-0.016146,-0.014414,-0.014290,-0.021197,-0.026352,-0.024809,-0.014854,-0.008221,-0.003695,-0.000024,0.000200,0.002830,0.009978,0.014197,0.025709,0.045213,0.053862,0.036982,0.024331,0.023562,0.020906,0.019724,0.012941,0.011824,0.009966,0.015027,0.013650,0.012791,0.017356,0.018216,0.009858,0.004820,0.008190,0.009147,0.006254,0.002272,0.001267,0.007861,-0.004608,0.000714,0.001547,0.003060,0.002263,0.001497,-0.000494
0.001309,-0.005054,-0.005756,-0.005541,-0.004580,-0.005749,-0.006204,-0.007234,0.001873,-0.002077,-0.002153,-0.005323,-0.003709,-0.010645,-0.019207,-0.021182,-0.016461,-0.014809,-0.015475,-0.017720,-0.021287,-0.015679,-0.010043,-0.008289,-0.005932,-0.005075,-0.004201,0.002642,0.012409,0.020284,0.028245,0.036982,0.045811,0.035747,0.028118,0.022288,0.018449,0.015489,0.014697,0.013272,0.014830,0.013167,0.012781,0.011772,0.012926,0.008809,0.002594,0.005225,0.005411,0.005555,0.000042,-0.001883,0.007542,-0.003694,-0.000958,0.001641,0.003501,-0.001141,0.001123,-0.000305
0.004416,0.000712,-0.002422,-0.004192,-0.005144,-0.003194,-0.003611,-0.003624,0.003830,0.001681,-0.003323,-0.005471,-0.004763,-0.008259,-0.014594,-0.015777,-0.011128,-0.010165,-0.010551,-0.013191,-0.018738,-0.015263,-0.010181,-0.010044,-0.011630,-0.011102,-0.010586,-0.004897,0.004309,0.015266,0.019545,0.024331,0.035747,0.043394,0.044312,0.035376,0.023971,0.019803,0.015672,0.014889,0.016691,0.013012,0.012206,0.008529,0.009142,0.008942,0.002164,0.001373,0.004733,0.006663,-0.000816,-0.000359,0.004939,0.002312,-0.000521,0.000695,0.002695,-0.000261,0.002736,0.002995
0.003472,0.005117,-0.000060,-0.003033,-0.006110,0.000098,-0.002247,-0.003247,0.005227,0.002730,-0.007112,-0.008675,-0.007470,-0.009170,-0.013537,-0.012096,-0.008526,-0.006325,-0.008783,-0.015114,-0.018929,-0.016270,-0.011685,-0.012581,-0.013449,-0.011633,-0.011425,-0.007520,-0.002102,0.011724,0.018813,0.023562,0.028118,0.044312,0.061905,0.053227,0.036603,0.028264,0.018764,0.016507,0.019564,0.013291,0.013470,0.010727,0.007526,0.008486,0.002460,-0.001925,0.002212,0.008125,-0.001918,-0.000521,0.002851,0.004172,-0.001385,-0.000527,0.002116,0.000128,0.005793,0.006529
0.002385,0.006961,0.002512,-0.000851,-0.005522,-0.000682,-0.000371,0.000381,0.006486,0.004834,-0.004832,-0.005926,-0.005454,-0.006598,-0.010628,-0.007871,-0.005283,-0.005124,-0.010234,-0.018589,-0.022046,-0.016888,-0.011212,-0.012613,-0.015365,-0.012387,-0.011478,-0.009507,-0.006012,0.005456,0.013187,0.020906,0.022288,0.035376,0.053227,0.063732,0.051304,0.035018,0.023339,0.018968,0.019002,0.013744,0.014831,0.012564,0.006389,0.002576,-0.000013,0.003329,0.005658,0.006711,-0.000504,0.002281,0.002518,0.001330,-0.001757,-0.001793,0.002761,0.001502,0.008220,0.006447
0.001960,0.006174,0.003620,-0.000039,-0.004663,-0.004598,-0.001539,0.000858,0.008360,0.007539,-0.000199,-0.002551,-0.006816,-0.008800,-0.012728,-0.008684,-0.005157,-0.008522,-0.012350,-0.018080,-0.021507,-0.017098,-0.013605,-0.014582,-0.015041,-0.009867,-0.007086,-0.006031,-0.005457,0.004702,0.011383,0.019724,0.018449,0.023971,0.036603,0.051304,0.054509,0.038813,0.024979,0.017461,0.018759,0.012501,0.013932,0.013103,0.006922,0.005731,0.000854,0.008059,0.010389,0.009411,-0.000334,0.002185,0.004399,-0.001511,-0.000182,0.000291,0.006100,0.003763,0.005622,0.004523
0.004430,0.003113,0.002243,-0.000018,-0.001899,-0.004508,0.000034,0.001776,0.007480,0.006261,0.002049,0.000676,-0.002020,-0.004356,-0.007701,-0.005749,-0.002937,-0.005530,-0.005407,-0.007923,-0.011349,-0.013217,-0.014821,-0.018710,-0.020073,-0.013693,-0.009242,-0.005765,-0.003206,0.005928,0.008164,0.012941,0.015489,0.019803,0.028264,0.035018,0.038813,0.043114,0.033611,0.017877,0.015914,0.010605,0.013437,0.013026,0.010758,0.008230,0.002106,0.005713,0.009371,0.011646,0.000865,0.000692,0.006074,0.000855,0.005653,0.002875,0.005853,0.004784,0.005167,0.004649
0.006239,0.000679,0.000857,0.000267,0.001240,-0.003354,0.001564,0.003688,0.006634,0.007055,0.006545,0.005566,0.005051,-0.000748,-0.006198,-0.006340,-0.007052,-0.007691,-0.003207,-0.003488,-0.007898,-0.013538,-0.014916,-0.019144,-0.019943,-0.013105,-0.010492,-0.006241,-0.003363,0.003546,0.006917,0.011824,0.014697,0.015672,0.018764,0.023339,0.024979,0.033611,0.041652,0.025112,0.015488,0.012745,0.015912,0.017061,0.017420,0.010236,0.006276,0.010743,0.011472,0.010885,0.002309,-0.000787,0.009690,0.001916,0.008953,0.006030,0.007220,0.007802,0.007649,0.004303
0.002843,0.000133,-0.000451,-0.000334,-0.001246,-0.002888,0.001924,0.003698,0.004497,0.001770,0.002175,0.002183,0.001301,-0.001459,-0.007102,-0.008530,-0.012617,-0.011605,-0.007614,-0.009446,-0.012511,-0.013232,-0.010666,-0.012173,-0.012966,-0.009139,-0.009453,-0.007924,-0.003593,0.005112,0.008594,0.009966,0.013272,0.014889,0.016507,0.018968,0.017461,0.017877,0.025112,0.026643,0.020843,0.014986,0.013451,0.014144,0.011708,0.010088,0.008728,0.011622,0.010135,0.005374,0.002554,0.000351,0.005271,-0.000792,0.002101,0.003854,0.001396,0.001337,0.004985,0.004130
0.001932,0.002339,0.000631,0.001565,-0.001185,-0.000580,0.002041,0.003298,0.003771,-0.003133,-0.003052,-0.002159,-0.003171,-0.000672,-0.004983,-0.004363,-0.007192,-0.006808,-0.007200,-0.011445,-0.012743,-0.008965,-0.005517,-0.006587,-0.010605,-0.011155,-0.010303,-0.008561,-0.004407,0.006657,0.012529,0.015027,0.014830,0.016691,0.019564,0.019002,0.018759,0.015914,0.015488,0.020843,0.029829,0.023851,0.016333,0.013321,0.010900,0.013276,0.010038,0.011432,0.012818,0.006886,0.005160,0.004551,0.007514,-0.001823,0.002144,0.002915,0.003101,0.002726,0.007577,0.007592
0.004070,0.004464,0.001388,0.001002,0.000631,0.001751,0.003652,0.003391,0.002064,-0.004950,-0.001818,0.001673,0.000897,0.005677,-0.000791,-0.001269,-0.005776,-0.005344,-0.006912,-0.006900,-0.009028,-0.007258,-0.003828,-0.002454,-0.006075,-0.006888,-0.006295,-0.005581,-0.001520,0.004114,0.009643,0.013650,0.013167,0.013012,0.013291,0.013744,0.012501,0.010605,0.012745,0.014986,0.023851,0.030745,0.020023,0.014294,0.015725,0.013475,0.010221,0.011457,0.012613,0.004588,0.007815,0.005240,0.005330,-0.003207,0.006062,0.001689,0.003554,0.004579,0.006789,0.005386
0.002364,0.001366,-0.001077,-0.000180,-0.000961,-0.000409,0.000868,0.001256,0.003318,0.001311,-0.000053,0.001966,0.001724,0.000772,-0.006166,-0.006959,-0.010182,-0.009420,-0.009086,-0.005274,-0.006136,-0.006179,-0.004536,-0.005231,-0.006596,-0.004068,-0.002670,-0.002354,0.000443,0.006510,0.009715,0.012791,0.012781,0.012206,0.013470,0.014831,0.013932,0.013437,0.015912,0.013451,0.016333,0.020023,0.023286,0.019462,0.018484,0.011592,0.007656,0.010256,0.010488,0.006851,0.005161,0.000580,0.005217,-0.005178,0.003701,0.001602,0.002725,0.004858,0.003843,0.003393
-0.002084,-0.002321,-0.000644,-0.000309,-0.000460,-0.003663,0.000908,0.001054,0.005780,0.003209,0.002803,0.003181,0.002179,-0.002346,-0.007038,-0.007353,-0.010585,-0.009987,-0.008154,-0.008361,-0.006624,-0.005984,-0.006351,-0.002407,0.000181,0.001598,0.003010,0.003436,0.004670,0.009573,0.013141,0.017356,0.011772,0.008529,0.010727,0.012564,0.013103,0.013026,0.017061,0.014144,0.013321,0.014294,0.019462,0.030319,0.024944,0.014102,0.008976,0.012252,0.010070,0.002565,0.005315,-0.000036,0.001924,-0.002954,0.002638,0.003195,0.000751,0.003412,0.004868,0.002440
0.004410,0.002763,0.002828,0.001236,0.000049,-0.001521,0.001550,0.003069,0.004312,0.005359,0.003389,0.004803,0.005950,0.001159,-0.003926,-0.006576,-0.011640,-0.016680,-0.016064,-0.012177,-0.010150,-0.010912,-0.011011,-0.008462,-0.006523,-0.004021,-0.000036,0.006499,0.011106,0.016345,0.017486,0.018216,0.012926,0.009142,0.007526,0.006389,0.006922,0.010758,0.017420,0.011708,0.010900,0.015725,0.018484,0.024944,0.036335,0.022315,0.014465,0.016206,0.017328,0.009109,0.007415,0.003870,0.004611,-0.002203,0.007120,0.004491,0.000513,0.003790,0.006666,0.002123
0.004249,0.002627,0.002109,0.000514,-0.000673,-0.001458,0.001537,0.001740,0.002910,0.000517,-0.000201,0.001772,0.000267,-0.001393,-0.004982,-0.004280,-0.007011,-0.011068,-0.009787,-0.008096,-0.009265,-0.008841,-0.008962,-0.008538,-0.006899,-0.005410,-0.004024,0.001255,0.004428,0.011238,0.011396,0.009858,0.008809,0.008942,0.008486,0.002576,0.005731,0.008230,0.010236,0.010088,0.013276,0.013475,0.011592,0.014102,0.022315,0.023345,0.015198,0.012037,0.014133,0.009868,0.004790,0.003337,0.002983,0.001807,0.006447,0.005915,0.003390,0.001738,0.003485,0.003767
0.002649,0.000700,0.002304,0.000472,-0.000770,-0.000136,0.002740,-0.001352,-0.001761,-0.002077,-0.003327,-0.000717,-0.000522,0.001022,-0.002910,-0.003911,-0.006740,-0.008494,-0.009593,-0.010957,-0.012530,-0.010086,-0.006877,-0.005924,-0.003867,-0.002300,-0.002384,-0.000242,0.002664,0.005793,0.006690,0.004820,0.002594,0.002164,0.002460,-0.000013,0.000854,0.002106,0.006276,0.008728,0.010038,0.010221,0.007656,0.008976,0.014465,0.015198,0.016037,0.013850,0.011347,0.005273,0.004359,0.002615,0.001290,0.002385,0.003516,0.002821,0.000548,0.001317,0.002655,0.001842
0.002890,0.000656,0.003984,0.002310,0.000254,0.000573,0.007442,0.004745,0.003424,0.004639,0.002252,0.002662,0.002571,0.003633,-0.001149,-0.003029,-0.006721,-0.009031,-0.009528,-0.011942,-0.014863,-0.013909,-0.011533,-0.009826,-0.007559,-0.002573,-0.001451,-0.000789,0.001576,0.006589,0.008035,0.008190,0.005225,0.001373,-0.001925,0.003329,0.008059,0.005713,0.010743,0.011622,0.011432,0.011457,0.010256,0.012252,0.016206,0.012037,0.013850,0.022520,0.017622,0.006106,0.006967,0.004590,0.003400,0.000934,0.002670,0.003495,0.004634,0.004736,0.004727,0.001140
0.003439,0.002793,0.002965,0.001340,-0.003099,0.001759,0.007807,0.008857,0.005537,0.008182,0.003305,0.003694,0.002819,0.004321,0.000419,0.000624,-0.002487,-0.006768,-0.007878,-0.007356,-0.008613,-0.007036,-0.005988,-0.007119,-0.009171,-0.007224,-0.005257,-0.000657,0.001701,0.007129,0.008234,0.009147,0.005411,0.004733,0.002212,0.005658,0.010389,0.009371,0.011472,0.010135,0.012818,0.012613,0.010488,0.010070,0.017328,0.014133,0.011347,0.017622,0.021615,0.011515,0.006964,0.006667,0.005118,0.001332,0.004386,0.002959,0.004664,0.005708,0.002012,0.000547
0.004197,0.002654,0.000585,0.001124,0.000497,0.000955,0.003622,0.003514,0.004967,0.007014,0.001111,0.002764,0.004015,0.004370,0.002632,0.003409,0.003448,0.001652,0.001933,0.002691,0.000322,-0.000436,-0.002686,-0.010140,-0.011589,-0.009368,-0.009328,-0.006372,-0.007127,0.000478,0.003070,0.006254,0.005555,0.006663,0.008125,0.006711,0.009411,0.011646,0.010885,0.005374,0.006886,0.004588,0.006851,0.002565,0.009109,0.009868,0.005273,0.006106,0.011515,0.020969,0.002071,0.001754,0.009051,-0.001019,0.009654,0.004994,0.008671,0.007279,0.002094,0.001513
0.001813,0.001776,0.001820,0.001229,0.000645,0.001777,0.003599,0.004413,0.001219,0.000577,0.000840,0.001593,0.003111,0.004207,0.003285,0.002451,-0.001090,-0.002273,-0.000786,-0.001711,-0.000220,0.001051,0.000808,-0.000323,-0.003203,-0.003295,-0.001579,-0.000479,0.000890,0.000575,0.000456,0.002272,0.000042,-0.000816,-0.001918,-0.000504,-0.000334,0.000865,0.002309,0.002554,0.005160,0.007815,0.005161,0.005315,0.007415,0.004790,0.004359,0.006967,0.006964,0.002071,0.009476,0.004626,0.001837,0.002583,0.003502,0.000781,0.002316,0.002828,0.003611,0.002732
0.003024,0.005418,0.005620,0.004191,0.001709,0.004181,0.004178,0.006641,0.001137,0.000355,0.000885,0.002697,0.003750,0.005446,0.005165,0.006000,0.004493,0.002738,0.000690,-0.002926,-0.005614,-0.003148,-0.000795,-0.001901,-0.008462,-0.011004,-0.008390,-0.003738,-0.003374,-0.002309,0.000250,0.001267,-0.001883,-0.000359,-0.000521,0.002281,0.002185,0.000692,-0.000787,0.000351,0.004551,0.005240,0.000580,-0.000036,0.003870,0.003337,0.002615,0.004590,0.006667,0.001754,0.004626,0.010419,0.004028,0.003912,0.004771,0.001866,0.002907,0.001944,0.005261,0.001800
0.002688,0.001969,0.003876,0.003751,0.005159,0.003860,0.000939,-0.001512,-0.001067,0.002364,0.003054,0.001435,0.003607,0.002285,-0.001194,-0.000818,0.000758,-0.000711,-0.000021,-0.000516,-0.003902,-0.000871,-0.001489,-0.006171,-0.007972,-0.007915,-0.008651,-0.007254,-0.005770,0.000116,0.007114,0.007861,0.007542,0.004939,0.002851,0.002518,0.004399,0.006074,0.009690,0.005271,0.007514,0.005330,0.005217,0.001924,0.004611,0.002983,0.001290,0.003400,0.005118,0.009051,0.001837,0.004028,0.020662,0.000245,0.006971,0.005480,0.008681,0.007757,0.005238,0.002992
0.005787,0.001946,0.003604,0.000691,0.000808,0.002291,0.004299,0.003490,0.001234,0.000660,0.000250,-0.001300,-0.001065,0.002083,0.005053,0.007575,0.008060,0.008775,0.013928,0.011817,0.012399,0.008110,0.005951,0.000362,-0.004816,-0.008602,-0.010529,-0.012008,-0.010654,-0.007911,-0.007566,-0.004608,-0.003694,0.002312,0.004172,0.001330,-0.001511,0.000855,0.001916,-0.000792,-0.001823,-0.003207,-0.005178,-0.002954,-0.002203,0.001807,0.002385,0.000934,0.001332,-0.001019,0.002583,0.003912,0.000245,0.023025,0.007379,0.003744,0.004812,0.006354,0.007181,0.001712
0.008075,0.005850,0.005923,0.004348,0.006113,-0.002111,0.002329,0.006254,0.003586,0.000009,0.002348,0.004769,0.004145,0.010522,0.008854,0.008554,0.007904,0.006597,0.007544,0.004785,0.000968,-0.002109,-0.002496,-0.005596,-0.008501,-0.008885,-0.008680,-0.009161,-0.009529,-0.005273,-0.003299,0.000714,-0.000958,-0.000521,-0.001385,-0.001757,-0.000182,0.005653,0.008953,0.002101,0.002144,0.006062,0.003701,0.002638,0.007120,0.006447,0.003516,0.002670,0.004386,0.009654,0.003502,0.004771,0.006971,0.007379,0.023386,0.007499,0.009697,0.011930,0.011487,0.004266
0.002966,0.002058,0.001843,0.003057,0.005263,0.002205,0.002457,0.003464,0.003053,0.000740,0.003668,0.004411,0.004076,0.003830,0.002524,0.004058,0.003319,0.002425,0.005865,0.005485,0.003995,0.001551,-0.000967,-0.003402,-0.002859,-0.003587,-0.006362,-0.005290,-0.005698,-0.001303,0.000207,0.001547,0.001641,0.000695,-0.000527,-0.001793,0.000291,0.002875,0.006030,0.003854,0.002915,0.001689,0.001602,0.003195,0.004491,0.005915,0.002821,0.003495,0.002959,0.004994,0.000781,0.001866,0.005480,0.003744,0.007499,0.010690,0.007018,0.006015,0.007155,0.002898
0.002884,0.000659,0.002530,0.002838,0.004483,0.002676,0.005386,0.005701,0.004892,0.003374,0.003347,0.004359,0.004723,0.005848,0.006363,0.008842,0.008052,0.006681,0.008739,0.004803,0.000923,-0.000932,-0.003302,-0.006711,-0.009760,-0.009331,-0.010887,-0.008911,-0.009932,-0.004771,-0.001440,0.003060,0.003501,0.002695,0.002116,0.002761,0.006100,0.005853,0.007220,0.001396,0.003101,0.003554,0.002725,0.000751,0.000513,0.003390,0.000548,0.004634,0.004664,0.008671,0.002316,0.002907,0.008681,0.004812,0.009697,0.007018,0.017691,0.011146,0.008200,0.004391
0.005304,0.003353,0.003394,0.003304,0.004882,0.001462,0.003789,0.005461,0.004051,0.004707,0.003320,0.002609,0.003405,0.006915,0.005166,0.006544,0.004836,0.004298,0.007278,0.006211,0.004992,0.002689,0.001939,-0.001881,-0.004788,-0.004914,-0.006793,-0.008280,-0.010240,-0.006063,-0.002645,0.002263,-0.001141,-0.000261,0.000128,0.001502,0.003763,0.004784,0.007802,0.001337,0.002726,0.004579,0.004858,0.003412,0.003790,0.001738,0.001317,0.004736,0.005708,0.007279,0.002828,0.001944,0.007757,0.006354,0.011930,0.006015,0.011146,0.017471,0.009737,0.003660
0.005536,0.004255,0.005439,0.006590,0.008161,0.001703,0.003354,0.007307,0.004075,-0.002465,0.000956,0.001271,0.003555,0.006122,0.007346,0.008209,0.006232,0.005343,0.006653,-0.003102,-0.002977,-0.003727,-0.003960,-0.004110,-0.008259,-0.013863,-0.014658,-0.013835,-0.011914,-0.006139,-0.001589,0.001497,0.001123,0.002736,0.005793,0.008220,0.005622,0.005167,0.007649,0.004985,0.007577,0.006789,0.003843,0.004868,0.006666,0.003485,0.002655,0.004727,0.002012,0.002094,0.003611,0.005261,0.005238,0.007181,0.011487,0.007155,0.008200,0.009737,0.023352,0.013200
0.004330,0.003617,0.003593,0.005387,0.005636,0.001326,0.002798,0.004922,0.002905,-0.001789,0.000296,-0.000022,0.000474,0.001639,0.002459,0.002817,0.002159,0.001162,0.001577,-0.004242,-0.003126,-0.001198,-0.001683,-0.001714,-0.004899,-0.008214,-0.008266,-0.007229,-0.006928,-0.003460,-0.000784,-0.000494,-0.000305,0.002995,0.006529,0.006447,0.004523,0.004649,0.004303,0.004130,0.007592,0.005386,0.003393,0.002440,0.002123,0.003767,0.001842,0.001140,0.000547,0.001513,0.002732,0.001800,0.002992,0.001712,0.004266,0.002898,0.004391,0.003660,0.013200,0.014695
