0.017954,0.009972,0.007838,0.005986,0.003456,-0.001744,0.002575,0.006531,0.003582,0.002859,0.000647,0.004590,0.003802,0.002552,0.004062,0.001803,0.000465,-0.002381,-0.003709,-0.001593,-0.002394,-0.006093,-0.001950,-0.003836,-0.011022,-0.010964,-0.009766,-0.005583,-0.006138,-0.002455,-0.003101,-0.000671,-0.000847,0.001413,0.006957,0.008372,0.007256,0.009321,0.008239,0.005021,0.004396,0.005906,0.003812,0.002747,0.007897,0.005941,0.003569,0.002662,0.006101,0.004863,0.002691,0.005879,0.004113,-0.001542,0.005735,0.005560,0.004412,0.005331,0.003950,0.006089
0.009972,0.013167,0.009763,0.007676,0.006198,0.001797,0.003107,0.005666,0.004438,0.003996,0.002758,0.003953,0.004014,0.003349,0.005303,0.004463,0.003793,0.002162,0.000548,-0.000705,-0.001085,-0.005838,-0.004721,-0.004106,-0.007623,-0.007252,-0.007812,-0.006114,-0.005398,-0.002163,0.000599,-0.000385,-0.001743,0.001065,0.005291,0.006092,0.006273,0.005331,0.004104,0.002001,0.002276,0.003527,0.000589,0.001387,0.005616,0.003137,0.000462,0.001230,0.002204,-0.000742,0.001817,0.005007,0.004177,0.000285,0.005395,0.003678,0.001843,0.004088,0.003566,0.005031
0.007838,0.009763,0.013358,0.010569,0.009801,0.002692,0.002280,0.005583,0.001480,0.002300,0.001767,0.002768,0.001625,0.004701,0.007405,0.005947,0.005348,0.004193,0.003335,0.001967,0.000088,-0.004438,-0.004912,-0.004527,-0.007716,-0.009336,-0.008245,-0.007208,-0.007135,-0.003551,-0.002338,-0.003966,-0.005687,-0.002711,0.001707,0.002200,0.001403,0.003545,0.002989,0.001675,0.003876,0.003824,-0.000406,-0.000537,0.002407,0.001221,0.000709,0.002995,0.000895,-0.000627,0.003391,0.005135,0.005370,0.004355,0.004525,0.004689,0.003658,0.003173,0.005659,0.005086
0.005986,0.007676,0.010569,0.011236,0.010735,0.003211,0.002971,0.004847,0.000054,-0.000243,0.000488,0.001432,0.000288,0.003413,0.005236,0.004325,0.004289,0.004469,0.004494,0.002928,0.002106,-0.001347,-0.001545,-0.001401,-0.003479,-0.006074,-0.007021,-0.005821,-0.005879,-0.004511,-0.003978,-0.004927,-0.006882,-0.005255,-0.000930,-0.000134,-0.000987,0.000570,0.001369,0.000056,0.001590,0.002010,-0.000073,-0.000438,0.001026,0.000326,0.000337,0.001069,-0.000542,-0.000788,0.001330,0.003628,0.004370,0.003347,0.003660,0.005789,0.003018,0.003404,0.005721,0.005417
0.003456,0.006198,0.009801,0.010735,0.015373,0.006439,0.004756,0.004813,0.000474,0.000047,0.001650,0.002467,0.001535,0.004983,0.006199,0.005388,0.005263,0.006302,0.008445,0.007242,0.004095,-0.001224,-0.002841,-0.002502,-0.002128,-0.004284,-0.006740,-0.006049,-0.007044,-0.006435,-0.006206,-0.004552,-0.004691,-0.003251,-0.001040,-0.002781,-0.003560,-0.000623,0.003427,0.000396,0.000387,0.002364,0.000325,-0.000135,0.001210,0.000419,0.000235,0.000866,-0.002455,0.001158,0.002317,0.003011,0.005781,0.006672,0.006484,0.007287,0.004275,0.004737,0.007556,0.005773
-0.001744,0.001797,0.002692,0.003211,0.006439,0.014641,0.009248,0.007260,0.001824,0.003148,0.003018,0.003397,0.006207,0.007133,0.008128,0.009137,0.006956,0.009845,0.010844,0.009946,0.008123,0.002032,-0.000614,-0.001752,-0.001895,-0.004574,-0.007321,-0.003989,-0.006327,-0.008127,-0.004582,-0.005284,-0.008593,-0.005515,-0.002956,-0.003320,-0.000901,-0.004333,-0.001549,-0.000674,-0.000179,0.002137,-0.000872,-0.002201,-0.004208,-0.003484,-0.000421,0.000824,-0.002255,-0.000268,0.000996,0.002793,0.003751,0.001834,0.000361,0.001285,0.002311,0.002752,0.000470,0.000777
0.002575,0.003107,0.002280,0.002971,0.004756,0.009248,0.018556,0.014716,0.007720,0.006199,0.003731,0.005591,0.004954,0.010156,0.011182,0.010592,0.007753,0.007966,0.006900,0.004882,0.003793,0.000377,-0.001083,-0.002463,-0.003924,-0.005069,-0.006699,-0.003279,-0.003273,-0.000985,-0.003992,-0.008323,-0.007210,-0.002428,-0.000733,0.000298,0.002564,0.001822,0.002861,0.001967,0.000565,0.003885,-0.000028,0.000756,-0.000009,0.000690,0.002938,0.007070,0.004090,0.001726,0.002990,0.003103,0.000592,0.002732,0.004574,0.005116,0.004521,0.004743,0.002715,0.002895
0.006531,0.005666,0.005583,0.004847,0.004813,0.007260,0.014716,0.023695,0.014525,0.010856,0.008286,0.010042,0.006978,0.009371,0.011890,0.010473,0.009095,0.006726,0.006453,0.005872,0.004649,-0.001279,-0.003529,-0.005265,-0.008804,-0.011400,-0.010577,-0.003425,-0.004354,-0.000539,-0.002333,-0.004949,-0.004609,0.000750,0.004092,0.008228,0.008940,0.008628,0.008638,0.005631,0.003361,0.005160,0.001103,0.002675,0.003463,-0.000116,0.000484,0.007391,0.005392,-0.004847,0.004795,0.006040,0.000480,0.004646,0.004135,0.006356,0.004434,0.006668,0.007732,0.004487
0.003582,0.004438,0.001480,0.000054,0.000474,0.001824,0.007720,0.014525,0.017157,0.012974,0.009808,0.010067,0.006008,0.002694,0.003965,0.003315,0.005261,0.003226,0.003914,0.002761,0.002063,-0.004252,-0.008303,-0.009277,-0.009070,-0.005633,-0.002497,0.000756,-0.002306,0.004219,0.002913,0.003082,0.005239,0.008278,0.009788,0.011320,0.012832,0.013868,0.010124,0.004254,0.002512,0.002212,0.001970,0.005749,0.006249,0.001804,-0.000636,0.005235,0.003671,-0.003720,0.001662,0.003632,0.001111,-0.000398,0.004152,0.005503,0.003746,0.004885,0.004336,0.003123
0.002859,0.003996,0.002300,-0.000243,0.000047,0.003148,0.006199,0.010856,0.012974,0.017844,0.012789,0.009756,0.007366,0.003277,0.003916,0.003456,0.004164,0.000894,0.002246,0.004337,0.005068,0.000035,-0.003925,-0.005772,-0.005015,-0.001598,0.002146,0.004237,-0.003514,-0.000602,0.000460,0.001368,0.000438,0.001809,0.000899,0.002489,0.006826,0.007773,0.007595,0.003200,0.000245,0.000179,0.001003,0.004187,0.005659,0.002043,-0.000012,0.005695,0.004444,-0.000029,0.003257,0.003139,0.004509,-0.000009,0.003023,0.001879,0.003084,0.004572,0.000783,0.002106
0.000647,0.002758,0.001767,0.000488,0.001650,0.003018,0.003731,0.008286,0.009808,0.012789,0.015315,0.013311,0.010454,0.005849,0.005849,0.006163,0.005952,0.004045,0.005286,0.005859,0.005487,0.000419,-0.004374,-0.005025,-0.004369,-0.002672,-0.000403,0.000416,-0.004219,-0.004783,-0.002086,-0.001694,-0.002353,-0.003730,-0.006124,-0.003009,0.000682,0.003189,0.006938,0.003169,-0.001568,-0.001320,0.001139,0.004135,0.003679,-0.001498,-0.002572,0.003053,0.000770,-0.004150,0.001650,0.001687,0.004341,-0.002250,0.002978,0.002320,0.003176,0.002589,0.001413,0.002289
0.004590,0.003953,0.002768,0.001432,0.002467,0.003397,0.005591,0.010042,0.010067,0.009756,0.013311,0.017743,0.013722,0.008963,0.010031,0.010145,0.009765,0.007635,0.008502,0.010147,0.009464,0.001643,-0.005115,-0.007519,-0.009027,-0.009050,-0.008173,-0.004670,-0.006937,-0.008011,-0.007814,-0.005744,-0.004111,-0.003941,-0.005537,-0.002316,0.001349,0.006420,0.009723,0.004057,-0.002137,0.000232,0.001818,0.004627,0.006353,-0.000658,-0.001302,0.003740,0.001253,-0.004051,0.001858,0.002737,0.002542,-0.001959,0.005859,0.004551,0.005293,0.002460,0.002795,0.002532
0.003802,0.004014,0.001625,0.000288,0.001535,0.006207,0.004954,0.006978,0.006008,0.007366,0.010454,0.013722,0.018009,0.012142,0.015641,0.016135,0.013249,0.011374,0.010995,0.012125,0.012559,0.006381,0.000305,-0.006097,-0.009433,-0.007897,-0.007468,-0.005551,-0.007243,-0.008950,-0.005300,-0.002855,-0.006235,-0.006866,-0.007332,-0.005131,-0.002085,0.000315,0.005026,0.001749,-0.003026,0.000557,0.000186,0.001874,0.004952,-0.000847,-0.000878,0.002723,0.000360,-0.001668,0.002733,0.002853,0.003174,-0.003138,0.004447,0.002921,0.004293,0.003717,0.003194,0.002155
0.002552,0.003349,0.004701,0.003413,0.004983,0.007133,0.010156,0.009371,0.002694,0.003277,0.005849,0.008963,0.012142,0.022125,0.025300,0.024377,0.020418,0.018056,0.015593,0.013891,0.010859,0.005851,0.000423,-0.004039,-0.007699,-0.009172,-0.010587,-0.012155,-0.011282,-0.010867,-0.012362,-0.016026,-0.017820,-0.014304,-0.016433,-0.014181,-0.010155,-0.007954,-0.003566,-0.001865,-0.002179,0.002286,-0.002664,-0.002541,-0.001212,-0.002041,0.001694,0.005403,0.002783,0.000467,0.003711,0.003397,0.002571,0.004310,0.009094,0.005791,0.004591,0.005521,0.005237,0.002086
0.004062,0.005303,0.007405,0.005236,0.006199,0.008128,0.011182,0.011890,0.003965,0.003916,0.005849,0.010031,0.015641,0.025300,0.042639,0.044183,0.038410,0.034344,0.027877,0.025906,0.025317,0.015989,0.007390,0.000774,-0.006314,-0.012308,-0.016072,-0.017928,-0.016784,-0.015074,-0.017707,-0.021389,-0.023097,-0.016805,-0.016433,-0.014598,-0.009385,-0.009054,-0.007538,-0.004267,-0.003396,0.000947,-0.007262,-0.008360,-0.005595,-0.003815,-0.000879,0.003082,0.000072,-0.002028,0.002733,0.003441,-0.000889,0.002448,0.007078,0.006425,0.006865,0.005104,0.006959,0.003502
0.001803,0.004463,0.005947,0.004325,0.005388,0.009137,0.010592,0.010473,0.003315,0.003456,0.006163,0.010145,0.016135,0.024377,0.044183,0.055354,0.051710,0.046553,0.036851,0.032028,0.029925,0.019820,0.010487,0.002942,-0.003741,-0.012959,-0.019091,-0.020504,-0.020368,-0.019840,-0.020559,-0.023032,-0.024428,-0.017051,-0.015874,-0.014477,-0.007265,-0.010063,-0.009420,-0.004488,-0.003078,-0.000603,-0.009559,-0.009794,-0.008203,-0.004231,-0.001912,0.002177,-0.000574,-0.002685,0.001721,0.003245,-0.001408,0.000452,0.006191,0.008388,0.008648,0.005069,0.007568,0.003901
0.000465,0.003793,0.005348,0.004289,0.005263,0.006956,0.007753,0.009095,0.005261,0.004164,0.005952,0.009765,0.013249,0.020418,0.038410,0.051710,0.059016,0.053662,0.041886,0.034229,0.030426,0.020729,0.009534,-0.000405,-0.007340,-0.017421,-0.022674,-0.022230,-0.021884,-0.022697,-0.023406,-0.023137,-0.020532,-0.012276,-0.011227,-0.011027,-0.003926,-0.006501,-0.010597,-0.009436,-0.006073,-0.004904,-0.013145,-0.014834,-0.012125,-0.006668,-0.004822,-0.000983,-0.002831,-0.003381,0.000089,0.002844,0.000776,0.002720,0.006482,0.009899,0.010133,0.005104,0.009850,0.004371
-0.002381,0.002162,0.004193,0.004469,0.006302,0.009845,0.007966,0.006726,0.003226,0.000894,0.004045,0.007635,0.011374,0.018056,0.034344,0.046553,0.053662,0.057573,0.049436,0.039995,0.035088,0.023510,0.012862,0.003221,-0.004712,-0.015497,-0.023885,-0.025410,-0.023343,-0.023785,-0.023800,-0.022922,-0.019707,-0.011714,-0.009835,-0.011178,-0.005851,-0.008629,-0.009969,-0.010243,-0.006074,-0.004986,-0.012157,-0.014199,-0.015154,-0.009314,-0.006900,-0.003710,-0.005914,-0.002454,-0.001463,0.002020,0.001402,0.004199,0.005904,0.007770,0.008998,0.004763,0.007451,0.003604
-0.003709,0.000548,0.003335,0.004494,0.008445,0.010844,0.006900,0.006453,0.003914,0.002246,0.005286,0.008502,0.010995,0.015593,0.027877,0.036851,0.041886,0.049436,0.053595,0.050174,0.044651,0.028524,0.015343,0.003037,-0.005970,-0.012786,-0.019513,-0.023149,-0.024254,-0.024180,-0.028043,-0.026572,-0.020261,-0.011236,-0.010719,-0.014441,-0.011051,-0.008449,-0.005662,-0.008342,-0.007082,-0.004141,-0.010528,-0.012294,-0.014083,-0.010417,-0.009295,-0.006854,-0.008583,-0.003494,-0.000874,0.001376,0.003411,0.009449,0.005894,0.007712,0.009138,0.007212,0.006850,0.003718
-0.001593,-0.000705,0.001967,0.002928,0.007242,0.009946,0.004882,0.005872,0.002761,0.004337,0.005859,0.010147,0.012125,0.013891,0.025906,0.032028,0.034229,0.039995,0.050174,0.061771,0.061074,0.040054,0.022227,0.007747,-0.002658,-0.009832,-0.015007,-0.019027,-0.024159,-0.026250,-0.035132,-0.030756,-0.023707,-0.014806,-0.017956,-0.020389,-0.014878,-0.008229,-0.003851,-0.007658,-0.008086,-0.003712,-0.007716,-0.010835,-0.009456,-0.008751,-0.009447,-0.008158,-0.007386,-0.003343,0.000609,0.000812,0.003034,0.010892,0.007020,0.006636,0.008549,0.007867,0.004893,0.002564
-0.002394,-0.001085,0.000088,0.002106,0.004095,0.008123,0.003793,0.004649,0.002063,0.005068,0.005487,0.009464,0.012559,0.010859,0.025317,0.029925,0.030426,0.035088,0.044651,0.061074,0.076413,0.058646,0.036437,0.018361,0.009521,0.002202,-0.005462,-0.014457,-0.023996,-0.029222,-0.039322,-0.032984,-0.028085,-0.021872,-0.023643,-0.024256,-0.017747,-0.012201,-0.008772,-0.011652,-0.011781,-0.006137,-0.008198,-0.010386,-0.009059,-0.009202,-0.010233,-0.010493,-0.008640,-0.005200,0.000811,-0.002203,-0.000556,0.008943,0.000544,0.003655,0.006498,0.006281,-0.002433,0.001417
-0.006093,-0.005838,-0.004438,-0.001347,-0.001224,0.002032,0.000377,-0.001279,-0.004252,0.000035,0.000419,0.001643,0.006381,0.005851,0.015989,0.019820,0.020729,0.023510,0.028524,0.040054,0.058646,0.061936,0.048891,0.029355,0.022320,0.013352,0.004820,-0.007673,-0.015638,-0.022191,-0.027339,-0.022128,-0.020475,-0.019004,-0.022063,-0.022057,-0.016668,-0.015298,-0.014375,-0.010734,-0.009494,-0.005411,-0.005632,-0.007605,-0.008898,-0.006983,-0.007601,-0.011326,-0.006718,-0.003777,0.000636,-0.005286,-0.001320,0.007395,-0.004071,0.000891,0.002860,0.003505,-0.005917,-0.000581
-0.001950,-0.004721,-0.004912,-0.001545,-0.002841,-0.000614,-0.001083,-0.003529,-0.008303,-0.003925,-0.004374,-0.005115,0.000305,0.000423,0.007390,0.010487,0.009534,0.012862,0.015343,0.022227,0.036437,0.048891,0.055866,0.041740,0.031311,0.020418,0.011283,-0.002161,-0.011192,-0.018326,-0.018827,-0.015241,-0.016387,-0.016808,-0.019355,-0.018079,-0.014758,-0.017314,-0.015904,-0.008639,-0.005386,-0.003978,-0.004439,-0.007486,-0.011372,-0.005636,-0.004729,-0.011763,-0.005060,-0.002726,-0.000799,-0.004341,-0.000829,0.007213,-0.005374,-0.001275,-0.001159,0.002833,-0.007475,-0.001156
-0.003836,-0.004106,-0.004527,-0.001401,-0.002502,-0.001752,-0.002463,-0.005265,-0.009277,-0.005772,-0.005025,-0.007519,-0.006097,-0.004039,0.000774,0.002942,-0.000405,0.003221,0.003037,0.007747,0.018361,0.029355,0.041740,0.048240,0.045170,0.029726,0.019047,0.005490,-0.001988,-0.010762,-0.009055,-0.008094,-0.012430,-0.013504,-0.017699,-0.016571,-0.013552,-0.018431,-0.017731,-0.011425,-0.006171,-0.005143,-0.003760,-0.003057,-0.010335,-0.004977,-0.003898,-0.010519,-0.005359,-0.005061,-0.002273,-0.005192,-0.004690,0.005261,-0.006073,-0.005485,-0.004317,-0.002508,-0.008558,-0.003213
-0.011022,-0.007623,-0.007716,-0.003479,-0.002128,-0.001895,-0.003924,-0.008804,-0.009070,-0.005015,-0.004369,-0.009027,-0.009433,-0.007699,-0.006314,-0.003741,-0.007340,-0.004712,-0.005970,-0.002658,0.009521,0.022320,0.031311,0.045170,0.059342,0.047427,0.032915,0.014247,0.004033,-0.004473,-0.002080,-0.002301,-0.008288,-0.012179,-0.016874,-0.016748,-0.013753,-0.020735,-0.019786,-0.013784,-0.010711,-0.009376,-0.003810,0.000026,-0.009346,-0.005110,-0.002817,-0.007937,-0.007691,-0.004706,-0.005150,-0.009617,-0.007874,0.002441,-0.008514,-0.007399,-0.006689,-0.005724,-0.011835,-0.006964
-0.010964,-0.007252,-0.009336,-0.006074,-0.004284,-0.004574,-0.005069,-0.011400,-0.005633,-0.001598,-0.002672,-0.009050,-0.007897,-0.009172,-0.012308,-0.012959,-0.017421,-0.015497,-0.012786,-0.009832,0.002202,0.013352,0.020418,0.029726,0.047427,0.054665,0.046395,0.023046,0.010158,0.004979,0.003909,0.001186,-0.003852,-0.010999,-0.015433,-0.015102,-0.014228,-0.016148,-0.013950,-0.011291,-0.011845,-0.007903,-0.001215,0.002061,-0.004851,-0.002857,-0.001109,-0.004750,-0.006576,-0.003183,-0.005240,-0.009835,-0.008319,-0.002130,-0.010425,-0.010166,-0.011218,-0.005106,-0.015025,-0.008427
-0.009766,-0.007812,-0.008245,-0.007021,-0.006740,-0.007321,-0.006699,-0.010577,-0.002497,0.002146,-0.000403,-0.008173,-0.007468,-0.010587,-0.016072,-0.019091,-0.022674,-0.023885,-0.019513,-0.015007,-0.005462,0.004820,0.011283,0.019047,0.032915,0.046395,0.053805,0.034835,0.018745,0.011824,0.007878,0.005306,0.000297,-0.009473,-0.014979,-0.013180,-0.011796,-0.009595,-0.011119,-0.010088,-0.008620,-0.005464,-0.000234,0.003628,-0.001033,-0.001302,-0.001280,-0.001829,-0.002668,-0.005640,-0.003116,-0.007147,-0.008389,-0.004895,-0.008981,-0.009522,-0.011061,-0.006452,-0.013962,-0.009010
-0.005583,-0.006114,-0.007208,-0.005821,-0.006049,-0.003989,-0.003279,-0.003425,0.000756,0.004237,0.000416,-0.004670,-0.005551,-0.012155,-0.017928,-0.020504,-0.022230,-0.025410,-0.023149,-0.019027,-0.014457,-0.007673,-0.002161,0.005490,0.014247,0.023046,0.034835,0.040020,0.031592,0.021442,0.016889,0.014590,0.007323,-0.003271,-0.007418,-0.005894,-0.002940,-0.001957,-0.004613,-0.007559,-0.007564,-0.005136,0.000121,0.004347,0.004110,0.002178,-0.000544,0.000451,0.000559,-0.005612,-0.001005,-0.002522,-0.006066,-0.008487,-0.004418,-0.006014,-0.007285,-0.006162,-0.008681,-0.005311
-0.006138,-0.005398,-0.007135,-0.005879,-0.007044,-0.006327,-0.003273,-0.004354,-0.002306,-0.003514,-0.004219,-0.006937,-0.007243,-0.011282,-0.016784,-0.020368,-0.021884,-0.023343,-0.024254,-0.024159,-0.023996,-0.015638,-0.011192,-0.001988,0.004033,0.010158,0.018745,0.031592,0.041982,0.034449,0.027123,0.019413,0.014370,0.005759,0.000661,-0.001102,-0.001096,-0.000521,-0.003018,-0.005645,-0.005713,-0.002102,0.002067,0.005369,0.007299,0.004501,0.000710,-0.000046,0.001568,-0.005276,-0.000135,-0.002088,-0.006042,-0.009733,-0.003319,-0.007930,-0.010017,-0.007707,-0.004302,-0.003654
-0.002455,-0.002163,-0.003551,-0.004511,-0.006435,-0.008127,-0.000985,-0.000539,0.004219,-0.000602,-0.004783,-0.008011,-0.008950,-0.010867,-0.015074,-0.019840,-0.022697,-0.023785,-0.024180,-0.026250,-0.029222,-0.022191,-0.018326,-0.010762,-0.004473,0.004979,0.011824,0.021442,0.034449,0.048289,0.042391,0.029449,0.023265,0.017717,0.016011,0.011673,0.009661,0.010154,0.004223,0.002541,0.004435,0.003524,0.006914,0.010595,0.013445,0.010801,0.005667,0.006444,0.005395,-0.002490,0.000191,-0.000080,-0.001878,-0.008592,-0.000807,-0.001393,-0.004789,-0.002042,0.000238,-0.000663
-0.003101,0.000599,-0.002338,-0.003978,-0.006206,-0.004582,-0.003992,-0.002333,0.002913,0.000460,-0.002086,-0.007814,-0.005300,-0.012362,-0.017707,-0.020559,-0.023406,-0.023800,-0.028043,-0.035132,-0.039322,-0.027339,-0.018827,-0.009055,-0.002080,0.003909,0.007878,0.016889,0.027123,0.042391,0.058432,0.049010,0.031703,0.020302,0.019213,0.015472,0.014852,0.010513,0.006670,0.007361,0.009826,0.007986,0.010811,0.014681,0.015671,0.011542,0.006966,0.007868,0.004323,-0.002485,0.000276,0.000482,0.002200,-0.010001,-0.000752,-0.003201,-0.002293,-0.000095,0.002446,-0.000462
-0.000671,-0.000385,-0.003966,-0.004927,-0.004552,-0.005284,-0.008323,-0.004949,0.003082,0.001368,-0.001694,-0.005744,-0.002855,-0.016026,-0.021389,-0.023032,-0.023137,-0.022922,-0.026572,-0.030756,-0.032984,-0.022128,-0.015241,-0.008094,-0.002301,0.001186,0.005306,0.014590,0.019413,0.029449,0.049010,0.059399,0.043384,0.029190,0.026291,0.023479,0.021558,0.015745,0.014392,0.010795,0.011924,0.010138,0.013630,0.018782,0.018734,0.011365,0.004846,0.006284,0.004537,0.002379,0.001646,-0.000008,0.002544,-0.008090,0.001538,-0.002387,0.000651,0.001724,0.004437,-0.001002
-0.000847,-0.001743,-0.005687,-0.006882,-0.004691,-0.008593,-0.007210,-0.004609,0.005239,0.000438,-0.002353,-0.004111,-0.006235,-0.017820,-0.023097,-0.024428,-0.020532,-0.019707,-0.020261,-0.023707,-0.028085,-0.020475,-0.016387,-0.012430,-0.008288,-0.003852,0.000297,0.007323,0.014370,0.023265,0.031703,0.043384,0.047257,0.038994,0.033948,0.030012,0.023690,0.019377,0.016206,0.012366,0.011441,0.009996,0.012436,0.014297,0.015509,0.009020,0.002007,0.004014,0.005136,0.005124,0.001352,-0.000673,0.001249,-0.006277,-0.000451,-0.001517,0.000313,-0.000210,0.004197,-0.001670
0.001413,0.001065,-0.002711,-0.005255,-0.003251,-0.005515,-0.002428,0.000750,0.008278,0.001809,-0.003730,-0.003941,-0.006866,-0.014304,-0.016805,-0.017051,-0.012276,-0.011714,-0.011236,-0.014806,-0.021872,-0.019004,-0.016808,-0.013504,-0.012179,-0.010999,-0.009473,-0.003271,0.005759,0.017717,0.020302,0.029190,0.038994,0.048475,0.049879,0.042835,0.031909,0.023518,0.016638,0.013242,0.012995,0.010035,0.008486,0.009816,0.010383,0.007588,0.000854,0.000948,0.003988,0.006039,0.001487,0.002142,0.000947,0.000255,0.002350,0.000244,0.003910,0.004292,0.008687,0.000121
0.006957,0.005291,0.001707,-0.000930,-0.001040,-0.002956,-0.000733,0.004092,0.009788,0.000899,-0.006124,-0.005537,-0.007332,-0.016433,-0.016433,-0.015874,-0.011227,-0.009835,-0.010719,-0.017956,-0.023643,-0.022063,-0.019355,-0.017699,-0.016874,-0.015433,-0.014979,-0.007418,0.000661,0.016011,0.019213,0.026291,0.033948,0.049879,0.067301,0.060226,0.044723,0.032291,0.021047,0.016031,0.015981,0.011227,0.008038,0.010452,0.010690,0.008475,0.001855,-0.000256,0.001863,0.006936,0.000583,0.004575,0.002128,-0.000616,0.001376,0.003248,0.007505,0.005937,0.012545,0.004300
0.008372,0.006092,0.002200,-0.000134,-0.002781,-0.003320,0.000298,0.008228,0.011320,0.002489,-0.003009,-0.002316,-0.005131,-0.014181,-0.014598,-0.014477,-0.011027,-0.011178,-0.014441,-0.020389,-0.024256,-0.022057,-0.018079,-0.016571,-0.016748,-0.015102,-0.013180,-0.005894,-0.001102,0.011673,0.015472,0.023479,0.030012,0.042835,0.060226,0.070053,0.054891,0.038281,0.026633,0.019475,0.015541,0.011393,0.011315,0.014244,0.010603,0.002832,-0.000666,0.002980,0.005108,0.003514,0.001020,0.004297,0.000730,-0.005996,0.001321,0.003019,0.005059,0.006259,0.011275,0.002729
0.007256,0.006273,0.001403,-0.000987,-0.003560,-0.000901,0.002564,0.008940,0.012832,0.006826,0.000682,0.001349,-0.002085,-0.010155,-0.009385,-0.007265,-0.003926,-0.005851,-0.011051,-0.014878,-0.017747,-0.016668,-0.014758,-0.013552,-0.013753,-0.014228,-0.011796,-0.002940,-0.001096,0.009661,0.014852,0.021558,0.023690,0.031909,0.044723,0.054891,0.051748,0.039279,0.026851,0.017869,0.015494,0.011256,0.011335,0.014100,0.012439,0.005668,0.000712,0.004698,0.008381,0.004045,0.001103,0.003880,0.004025,-0.009130,0.004183,0.004481,0.005443,0.006837,0.006836,0.001902
0.009321,0.005331,0.003545,0.000570,-0.000623,-0.004333,0.001822,0.008628,0.013868,0.007773,0.003189,0.006420,0.000315,-0.007954,-0.009054,-0.010063,-0.006501,-0.008629,-0.008449,-0.008229,-0.012201,-0.015298,-0.017314,-0.018431,-0.020735,-0.016148,-0.009595,-0.001957,-0.000521,0.010154,0.010513,0.015745,0.019377,0.023518,0.032291,0.038281,0.039279,0.046354,0.037216,0.020723,0.015109,0.012432,0.012097,0.013526,0.016539,0.008516,0.002690,0.006365,0.008010,0.004303,0.003956,0.003803,0.005301,-0.005724,0.007617,0.005598,0.004560,0.007197,0.009202,0.004994
0.008239,0.004104,0.002989,0.001369,0.003427,-0.001549,0.002861,0.008638,0.010124,0.007595,0.006938,0.009723,0.005026,-0.003566,-0.007538,-0.009420,-0.010597,-0.009969,-0.005662,-0.003851,-0.008772,-0.014375,-0.015904,-0.017731,-0.019786,-0.013950,-0.011119,-0.004613,-0.003018,0.004223,0.006670,0.014392,0.016206,0.016638,0.021047,0.026633,0.026851,0.037216,0.045784,0.027567,0.015059,0.015088,0.015501,0.017877,0.020951,0.009057,0.004705,0.010645,0.008391,0.006736,0.006304,0.002668,0.007543,-0.001622,0.008637,0.005431,0.004131,0.008447,0.011714,0.005664
0.005021,0.002001,0.001675,0.000056,0.000396,-0.000674,0.001967,0.005631,0.004254,0.003200,0.003169,0.004057,0.001749,-0.001865,-0.004267,-0.004488,-0.009436,-0.010243,-0.008342,-0.007658,-0.011652,-0.010734,-0.008639,-0.011425,-0.013784,-0.011291,-0.010088,-0.007559,-0.005645,0.002541,0.007361,0.010795,0.012366,0.013242,0.016031,0.019475,0.017869,0.020723,0.027567,0.026379,0.018364,0.014579,0.012704,0.014333,0.014893,0.008285,0.007366,0.009878,0.008297,0.004585,0.004368,0.002594,0.003072,-0.001296,0.002673,0.003330,0.000372,0.003194,0.007803,0.004374
0.004396,0.002276,0.003876,0.001590,0.000387,-0.000179,0.000565,0.003361,0.002512,0.000245,-0.001568,-0.002137,-0.003026,-0.002179,-0.003396,-0.003078,-0.006073,-0.006074,-0.007082,-0.008086,-0.011781,-0.009494,-0.005386,-0.006171,-0.010711,-0.011845,-0.008620,-0.007564,-0.005713,0.004435,0.009826,0.011924,0.011441,0.012995,0.015981,0.015541,0.015494,0.015109,0.015059,0.018364,0.025763,0.020968,0.014514,0.013487,0.013356,0.012817,0.010160,0.010733,0.011402,0.005262,0.005229,0.004772,0.005952,-0.000157,0.002092,0.004524,0.003391,0.003406,0.006580,0.004764
0.005906,0.003527,0.003824,0.002010,0.002364,0.002137,0.003885,0.005160,0.002212,0.000179,-0.001320,0.000232,0.000557,0.002286,0.000947,-0.000603,-0.004904,-0.004986,-0.004141,-0.003712,-0.006137,-0.005411,-0.003978,-0.005143,-0.009376,-0.007903,-0.005464,-0.005136,-0.002102,0.003524,0.007986,0.010138,0.009996,0.010035,0.011227,0.011393,0.011256,0.012432,0.015088,0.014579,0.020968,0.029022,0.019956,0.016689,0.018424,0.013747,0.010713,0.011204,0.012747,0.005518,0.008349,0.004970,0.005179,0.000074,0.003798,0.001650,0.002962,0.006379,0.007161,0.004048
0.003812,0.000589,-0.000406,-0.000073,0.000325,-0.000872,-0.000028,0.001103,0.001970,0.001003,0.001139,0.001818,0.000186,-0.002664,-0.007262,-0.009559,-0.013145,-0.012157,-0.010528,-0.007716,-0.008198,-0.005632,-0.004439,-0.003760,-0.003810,-0.001215,-0.000234,0.000121,0.002067,0.006914,0.010811,0.013630,0.012436,0.008486,0.008038,0.011315,0.011335,0.012097,0.015501,0.012704,0.014514,0.019956,0.023452,0.022897,0.020654,0.011745,0.008208,0.009035,0.010735,0.005213,0.004598,0.001704,0.003832,-0.006061,0.001017,0.000638,0.000650,0.004456,0.003086,0.002062
0.002747,0.001387,-0.000537,-0.000438,-0.000135,-0.002201,0.000756,0.002675,0.005749,0.004187,0.004135,0.004627,0.001874,-0.002541,-0.008360,-0.009794,-0.014834,-0.014199,-0.012294,-0.010835,-0.010386,-0.007605,-0.007486,-0.003057,0.000026,0.002061,0.003628,0.004347,0.005369,0.010595,0.014681,0.018782,0.014297,0.009816,0.010452,0.014244,0.014100,0.013526,0.017877,0.014333,0.013487,0.016689,0.022897,0.033397,0.028009,0.013368,0.008475,0.011146,0.010397,0.002401,0.005184,0.002258,0.002127,-0.005918,0.004067,0.003171,0.000382,0.003162,0.006305,0.002356
0.007897,0.005616,0.002407,0.001026,0.001210,-0.004208,-0.000009,0.003463,0.006249,0.005659,0.003679,0.006353,0.004952,-0.001212,-0.005595,-0.008203,-0.012125,-0.015154,-0.014083,-0.009456,-0.009059,-0.008898,-0.011372,-0.010335,-0.009346,-0.004851,-0.001033,0.004110,0.007299,0.013445,0.015671,0.018734,0.015509,0.010383,0.010690,0.010603,0.012439,0.016539,0.020951,0.014893,0.013356,0.018424,0.020654,0.028009,0.037066,0.021383,0.012555,0.013047,0.015044,0.006474,0.006804,0.005808,0.005392,-0.004899,0.009584,0.005063,0.000123,0.002934,0.009492,0.004025
0.005941,0.003137,0.001221,0.000326,0.000419,-0.003484,0.000690,-0.000116,0.001804,0.002043,-0.001498,-0.000658,-0.000847,-0.002041,-0.003815,-0.004231,-0.006668,-0.009314,-0.010417,-0.008751,-0.009202,-0.006983,-0.005636,-0.004977,-0.005110,-0.002857,-0.001302,0.002178,0.004501,0.010801,0.011542,0.011365,0.009020,0.007588,0.008475,0.002832,0.005668,0.008516,0.009057,0.008285,0.012817,0.013747,0.011745,0.013368,0.021383,0.020730,0.013355,0.009037,0.011523,0.009118,0.004558,0.004666,0.004648,-0.001358,0.007248,0.003901,0.003235,0.004096,0.004951,0.004410
0.003569,0.000462,0.000709,0.000337,0.000235,-0.000421,0.002938,0.000484,-0.000636,-0.000012,-0.002572,-0.001302,-0.000878,0.001694,-0.000879,-0.001912,-0.004822,-0.006900,-0.009295,-0.009447,-0.010233,-0.007601,-0.004729,-0.003898,-0.002817,-0.001109,-0.001280,-0.000544,0.000710,0.005667,0.006966,0.004846,0.002007,0.000854,0.001855,-0.000666,0.000712,0.002690,0.004705,0.007366,0.010160,0.010713,0.008208,0.008475,0.012555,0.013355,0.013632,0.011000,0.008989,0.007916,0.003902,0.002371,0.001378,0.000587,0.003849,0.002016,0.000562,0.001913,0.003169,0.002653
0.002662,0.001230,0.002995,0.001069,0.000866,0.000824,0.007070,0.007391,0.005235,0.005695,0.003053,0.003740,0.002723,0.005403,0.003082,0.002177,-0.000983,-0.003710,-0.006854,-0.008158,-0.010493,-0.011326,-0.011763,-0.010519,-0.007937,-0.004750,-0.001829,0.000451,-0.000046,0.006444,0.007868,0.006284,0.004014,0.000948,-0.000256,0.002980,0.004698,0.006365,0.010645,0.009878,0.010733,0.011204,0.009035,0.011146,0.013047,0.009037,0.011000,0.019312,0.012393,0.005742,0.006123,0.002242,0.001088,-0.000390,0.003611,0.004879,0.003671,0.002894,0.004208,0.000968
0.006101,0.002204,0.000895,-0.000542,-0.002455,-0.002255,0.004090,0.005392,0.003671,0.004444,0.000770,0.001253,0.000360,0.002783,0.000072,-0.000574,-0.002831,-0.005914,-0.008583,-0.007386,-0.008640,-0.006718,-0.005060,-0.005359,-0.007691,-0.006576,-0.002668,0.000559,0.001568,0.005395,0.004323,0.004537,0.005136,0.003988,0.001863,0.005108,0.008381,0.008010,0.008391,0.008297,0.011402,0.012747,0.010735,0.010397,0.015044,0.011523,0.008989,0.012393,0.016256,0.007641,0.005481,0.004157,0.002951,-0.002299,0.004472,0.003409,0.000826,0.002741,0.000479,0.000498
0.004863,-0.000742,-0.000627,-0.000788,0.001158,-0.000268,0.001726,-0.004847,-0.003720,-0.000029,-0.004150,-0.004051,-0.001668,0.000467,-0.002028,-0.002685,-0.003381,-0.002454,-0.003494,-0.003343,-0.005200,-0.003777,-0.002726,-0.005061,-0.004706,-0.003183,-0.005640,-0.005612,-0.005276,-0.002490,-0.002485,0.002379,0.005124,0.006039,0.006936,0.003514,0.004045,0.004303,0.006736,0.004585,0.005262,0.005518,0.005213,0.002401,0.006474,0.009118,0.007916,0.005742,0.007641,0.019287,0.002237,0.000352,0.006762,-0.000893,0.004661,0.002199,0.003662,0.004807,0.000594,0.001406
0.002691,0.001817,0.003391,0.001330,0.002317,0.000996,0.002990,0.004795,0.001662,0.003257,0.001650,0.001858,0.002733,0.003711,0.002733,0.001721,0.000089,-0.001463,-0.000874,0.000609,0.000811,0.000636,-0.000799,-0.002273,-0.005150,-0.005240,-0.003116,-0.001005,-0.000135,0.000191,0.000276,0.001646,0.001352,0.001487,0.000583,0.001020,0.001103,0.003956,0.006304,0.004368,0.005229,0.008349,0.004598,0.005184,0.006804,0.004558,0.003902,0.006123,0.005481,0.002237,0.009076,0.003236,0.002984,0.005152,0.002517,0.001160,0.001626,0.002631,0.003808,0.002887
0.005879,0.005007,0.005135,0.003628,0.003011,0.002793,0.003103,0.006040,0.003632,0.003139,0.001687,0.002737,0.002853,0.003397,0.003441,0.003245,0.002844,0.002020,0.001376,0.000812,-0.002203,-0.005286,-0.004341,-0.005192,-0.009617,-0.009835,-0.007147,-0.002522,-0.002088,-0.000080,0.000482,-0.000008,-0.000673,0.002142,0.004575,0.004297,0.003880,0.003803,0.002668,0.002594,0.004772,0.004970,0.001704,0.002258,0.005808,0.004666,0.002371,0.002242,0.004157,0.000352,0.003236,0.007598,0.004524,0.001672,0.005154,0.003825,0.002459,0.002665,0.004941,0.003052
0.004113,0.004177,0.005370,0.004370,0.005781,0.003751,0.000592,0.000480,0.001111,0.004509,0.004341,0.002542,0.003174,0.002571,-0.000889,-0.001408,0.000776,0.001402,0.003411,0.003034,-0.000556,-0.001320,-0.000829,-0.004690,-0.007874,-0.008319,-0.008389,-0.006066,-0.006042,-0.001878,0.002200,0.002544,0.001249,0.000947,0.002128,0.000730,0.004025,0.005301,0.007543,0.003072,0.005952,0.005179,0.003832,0.002127,0.005392,0.004648,0.001378,0.001088,0.002951,0.006762,0.002984,0.004524,0.018665,0.001780,0.006154,0.007039,0.007249,0.006464,0.004140,0.004030
-0.001542,0.000285,0.004355,0.003347,0.006672,0.001834,0.002732,0.004646,-0.000398,-0.000009,-0.002250,-0.001959,-0.003138,0.004310,0.002448,0.000452,0.002720,0.004199,0.009449,0.010892,0.008943,0.007395,0.007213,0.005261,0.002441,-0.002130,-0.004895,-0.008487,-0.009733,-0.008592,-0.010001,-0.008090,-0.006277,0.000255,-0.000616,-0.005996,-0.009130,-0.005724,-0.001622,-0.001296,-0.000157,0.000074,-0.006061,-0.005918,-0.004899,-0.001358,0.000587,-0.000390,-0.002299,-0.000893,0.005152,0.001672,0.001780,0.022533,0.006446,0.002301,0.002822,0.003582,0.006033,0.001662
0.005735,0.005395,0.004525,0.003660,0.006484,0.000361,0.004574,0.004135,0.004152,0.003023,0.002978,0.005859,0.004447,0.009094,0.007078,0.006191,0.006482,0.005904,0.005894,0.007020,0.000544,-0.004071,-0.005374,-0.006073,-0.008514,-0.010425,-0.008981,-0.004418,-0.003319,-0.000807,-0.000752,0.001538,-0.000451,0.002350,0.001376,0.001321,0.004183,0.007617,0.008637,0.002673,0.002092,0.003798,0.001017,0.004067,0.009584,0.007248,0.003849,0.003611,0.004472,0.004661,0.002517,0.005154,0.006154,0.006446,0.022529,0.009416,0.007214,0.009045,0.010323,0.004260
0.005560,0.003678,0.004689,0.005789,0.007287,0.001285,0.005116,0.006356,0.005503,0.001879,0.002320,0.004551,0.002921,0.005791,0.006425,0.008388,0.009899,0.007770,0.007712,0.006636,0.003655,0.000891,-0.001275,-0.005485,-0.007399,-0.010166,-0.009522,-0.006014,-0.007930,-0.001393,-0.003201,-0.002387,-0.001517,0.000244,0.003248,0.003019,0.004481,0.005598,0.005431,0.003330,0.004524,0.001650,0.000638,0.003171,0.005063,0.003901,0.002016,0.004879,0.003409,0.002199,0.001160,0.003825,0.007039,0.002301,0.009416,0.015753,0.010600,0.006478,0.008592,0.005709
0.004412,0.001843,0.003658,0.003018,0.004275,0.002311,0.004521,0.004434,0.003746,0.003084,0.003176,0.005293,0.004293,0.004591,0.006865,0.008648,0.010133,0.008998,0.009138,0.008549,0.006498,0.002860,-0.001159,-0.004317,-0.006689,-0.011218,-0.011061,-0.007285,-0.010017,-0.004789,-0.002293,0.000651,0.000313,0.003910,0.007505,0.005059,0.005443,0.004560,0.004131,0.000372,0.003391,0.002962,0.000650,0.000382,0.000123,0.003235,0.000562,0.003671,0.000826,0.003662,0.001626,0.002459,0.007249,0.002822,0.007214,0.010600,0.018216,0.009696,0.006193,0.002939
0.005331,0.004088,0.003173,0.003404,0.004737,0.002752,0.004743,0.006668,0.004885,0.004572,0.002589,0.002460,0.003717,0.005521,0.005104,0.005069,0.005104,0.004763,0.007212,0.007867,0.006281,0.003505,0.002833,-0.002508,-0.005724,-0.005106,-0.006452,-0.006162,-0.007707,-0.002042,-0.000095,0.001724,-0.000210,0.004292,0.005937,0.006259,0.006837,0.007197,0.008447,0.003194,0.003406,0.006379,0.004456,0.003162,0.002934,0.004096,0.001913,0.002894,0.002741,0.004807,0.002631,0.002665,0.006464,0.003582,0.009045,0.006478,0.009696,0.016182,0.006998,0.002746
0.003950,0.003566,0.005659,0.005721,0.007556,0.000470,0.002715,0.007732,0.004336,0.000783,0.001413,0.002795,0.003194,0.005237,0.006959,0.007568,0.009850,0.007451,0.006850,0.004893,-0.002433,-0.005917,-0.007475,-0.008558,-0.011835,-0.015025,-0.013962,-0.008681,-0.004302,0.000238,0.002446,0.004437,0.004197,0.008687,0.012545,0.011275,0.006836,0.009202,0.011714,0.007803,0.006580,0.007161,0.003086,0.006305,0.009492,0.004951,0.003169,0.004208,0.000479,0.000594,0.003808,0.004941,0.004140,0.006033,0.010323,0.008592,0.006193,0.006998,0.021131,0.007970
0.006089,0.005031,0.005086,0.005417,0.005773,0.000777,0.002895,0.004487,0.003123,0.002106,0.002289,0.002532,0.002155,0.002086,0.003502,0.003901,0.004371,0.003604,0.003718,0.002564,0.001417,-0.000581,-0.001156,-0.003213,-0.006964,-0.008427,-0.009010,-0.005311,-0.003654,-0.000663,-0.000462,-0.001002,-0.001670,0.000121,0.004300,0.002729,0.001902,0.004994,0.005664,0.004374,0.004764,0.004048,0.002062,0.002356,0.004025,0.004410,0.002653,0.000968,0.000498,0.001406,0.002887,0.003052,0.004030,0.001662,0.004260,0.005709,0.002939,0.002746,0.007970,0.010521
