1.848603,-0.023518,-0.026719,-0.004647,0.003543,-0.005228,-0.041041,0.136791,-0.018302,0.011241,-0.032592,0.001295,0.077235,0.012076,0.148770,0.030951,0.014447,-0.010816,-0.000581,0.014471,0.003621,0.008359,-0.073467,-0.002904,-0.001720,-0.002323,-0.018538,0.000300,0.000000,0.249323,-0.026527,-0.004647,0.019723,-0.060407,-0.020079,0.050764,-0.011429,-0.000570,0.119758,-0.001162,-0.018915
-0.023518,0.804700,-0.001161,0.005974,-0.017589,-0.003268,-0.021998,-0.477384,-0.034861,-0.023052,-0.040308,0.004829,0.015283,-0.006563,-0.032463,-0.083884,0.010865,-0.006744,0.004026,0.000342,-0.002179,-0.002082,0.004366,0.001712,0.001762,-0.001453,0.030624,0.001769,0.000000,0.087721,-0.002099,-0.002905,0.002990,0.016537,-0.007587,-0.032323,-0.002015,0.020882,-0.007166,0.002076,0.008565
-0.026719,-0.001161,0.270728,-0.000640,-0.008315,-0.000720,-0.014792,-0.032126,-0.007676,0.003318,-0.008875,0.001406,0.029511,-0.005671,-0.033551,-0.018470,0.005757,-0.005938,0.001239,-0.000880,0.010074,-0.008044,-0.006117,0.012793,-0.001119,-0.000320,-0.011409,-0.000291,0.000000,-0.006651,-0.014552,-0.000640,-0.003438,0.008835,-0.006077,-0.024628,0.013354,-0.002958,-0.008365,-0.000160,-0.003918
-0.004647,0.005974,-0.000640,0.018358,0.013066,-0.000125,-0.003031,-0.040003,-0.001335,-0.001488,-0.001543,0.000183,-0.004109,-0.001545,0.003545,-0.003212,-0.001152,-0.001297,-0.000014,-0.000153,-0.000083,0.000208,-0.002211,-0.000070,-0.000195,-0.000056,-0.002514,-0.000010,0.000000,-0.010719,0.020021,-0.000111,-0.000598,-0.001446,-0.001057,0.008155,-0.002629,-0.000514,-0.009547,-0.000028,-0.000681
0.003543,-0.017589,-0.008315,0.013066,0.994393,-0.001627,0.221806,-0.520034,-0.014715,-0.006150,0.164631,0.002379,0.044184,-0.020079,0.456839,-0.041757,0.003776,-0.006468,-0.000181,0.021758,0.010789,0.005622,0.018751,-0.000904,0.019897,-0.000723,0.008836,-0.000137,0.000000,-0.031446,-0.009862,-0.001446,-0.002496,0.000989,-0.003184,0.024433,0.008653,0.018378,-0.055648,-0.000362,0.005654
-0.005228,-0.003268,-0.000720,-0.000125,-0.001627,0.024925,-0.003410,0.102095,0.034118,-0.001674,-0.001736,0.000206,0.000654,-0.001738,-0.012665,-0.003614,-0.001296,-0.001459,-0.000016,-0.000172,0.005183,-0.001574,-0.002487,-0.000078,-0.000219,-0.000063,0.006950,-0.000015,0.000000,-0.012059,0.008432,-0.000125,-0.000673,0.023439,-0.001189,-0.004819,-0.000296,0.000740,-0.010741,-0.000031,0.020342
-0.041041,-0.021998,-0.014792,-0.003031,0.221806,-0.003410,1.672013,0.091854,0.001882,0.033334,-0.013036,-0.075937,0.182297,-0.022190,0.376087,-0.032121,0.002598,-0.016600,-0.000379,0.002428,-0.002274,-0.019493,0.026823,0.000744,0.009207,0.010358,0.034814,-0.000253,0.000000,0.428563,0.133804,0.010161,0.000857,0.047664,0.025292,-0.035321,0.010725,-0.007424,-0.128611,0.012435,-0.009332
0.136791,-0.477384,-0.032126,-0.040003,-0.520034,0.102095,0.091854,143.391778,-0.305889,-0.379231,0.478341,0.045807,0.474751,-0.293096,-3.738544,1.567219,0.195228,0.480622,-0.005000,-0.055004,0.045460,0.363409,-0.551385,-0.025002,0.110866,0.045962,0.101171,0.003813,0.000000,-2.330365,0.399370,0.159734,-0.091795,-0.427950,-0.095065,-0.067094,-0.493777,-0.016938,-0.277239,-0.010001,0.056831
-0.018302,-0.034861,-0.007676,-0.001335,-0.014715,0.034118,0.001882,-0.305889,0.912741,0.004573,-0.013245,0.002196,0.004978,0.005855,0.298482,0.003671,-0.000595,0.003576,-0.000167,-0.001835,-0.001001,-0.006930,0.090883,-0.000834,-0.002336,0.001971,-0.021517,-0.000119,0.000000,0.174519,0.032358,-0.001335,-0.004537,-0.010757,0.003150,-0.041648,-0.011984,-0.006174,-0.000494,-0.000334,-0.008176
0.011241,-0.023052,0.003318,-0.001488,-0.006150,-0.001674,0.033334,-0.379231,0.004573,0.440522,0.008380,0.002978,0.037940,0.013093,0.137927,0.038832,0.000038,-0.006882,-0.000186,-0.002046,0.001523,-0.000404,0.004730,-0.000930,-0.002604,-0.000744,-0.009946,-0.000465,0.000000,0.116754,0.023582,-0.001488,-0.005359,-0.002192,0.018847,0.004842,-0.003489,-0.001604,-0.028852,-0.000372,-0.009113
-0.032592,-0.040308,-0.008875,-0.001543,0.164631,-0.001736,-0.013036,0.478341,-0.013245,0.008380,0.940326,0.002539,-0.009500,-0.010090,-0.103466,0.117701,-0.012028,0.000088,-0.000193,0.012390,-0.001158,-0.009882,-0.001653,-0.000965,-0.002701,0.001867,0.031854,0.000141,0.000000,-0.085885,0.027291,0.002414,-0.004338,0.037982,0.034150,-0.044421,0.010090,-0.004500,-0.111587,-0.000386,-0.009454
0.001295,0.004829,0.001406,0.000183,0.002379,0.000206,-0.075937,0.045807,0.002196,0.002978,0.002539,0.049798,0.002036,-0.000399,-0.039032,-0.027964,0.003058,0.002707,0.000023,0.000252,0.000137,-0.001148,0.008881,0.000114,0.000320,0.000091,-0.005671,0.000008,0.000000,0.003743,-0.001588,0.000183,0.000984,0.002379,0.001738,0.003128,0.004325,0.000846,0.000388,0.000046,0.001121
0.077235,0.015283,0.029511,-0.004109,0.044184,0.000654,0.182297,0.474751,0.004978,0.037940,-0.009500,0.002036,1.280873,-0.017100,0.017614,0.036341,0.014544,-0.010524,-0.000514,0.000145,0.006541,0.009482,0.025131,-0.002568,0.019042,-0.002055,0.017489,0.000170,0.000000,0.393914,0.111137,-0.004109,0.064371,-0.008555,0.002704,0.072105,0.014864,0.000439,-0.062707,-0.001027,-0.017178
0.012076,-0.006563,-0.005671,-0.001545,-0.020079,-0.001738,-0.022190,-0.293096,0.005855,0.013093,-0.010090,-0.000399,-0.017100,0.223034,0.062963,-0.042274,0.006775,-0.001357,-0.000193,-0.002124,-0.001158,-0.005630,-0.011968,0.002445,-0.001649,-0.000772,-0.004178,-0.000244,0.000000,-0.059746,-0.020860,-0.000365,0.001842,-0.020079,-0.005347,0.009681,0.009910,-0.007143,-0.047474,0.000273,-0.007750
0.148770,-0.032463,-0.033551,0.003545,0.456839,-0.012665,0.376087,-3.738544,0.298482,0.137927,-0.103466,-0.039032,0.017614,0.062963,9.534346,-0.052193,-0.026617,-0.027793,-0.001407,0.040295,0.006147,0.033179,-0.063388,-0.007036,0.049551,-0.005629,-0.087822,-0.000856,0.000000,-0.156893,-0.008334,0.004169,0.003912,-0.084158,-0.021183,0.181982,0.056691,0.011258,-0.242565,0.012612,-0.001817
0.030951,-0.083884,-0.018470,-0.003212,-0.041757,-0.003614,-0.032121,1.567219,0.003671,0.038832,0.117701,-0.027964,0.036341,-0.042274,-0.052193,2.206722,0.021598,-0.018202,-0.000402,0.003499,-0.002409,0.020328,0.091832,0.005908,-0.005621,-0.001606,-0.012315,-0.000155,0.000000,0.116970,0.107322,-0.003212,-0.017265,-0.008776,-0.017322,0.035988,0.007243,-0.014856,0.046098,-0.000803,-0.019674
0.014447,0.010865,0.005757,-0.001152,0.003776,-0.001296,0.002598,0.195228,-0.000595,0.000038,-0.012028,0.003058,0.014544,0.006775,-0.026617,0.021598,0.100203,-0.004551,-0.000144,-0.000144,0.000831,-0.000175,-0.001590,-0.000720,-0.000640,-0.000576,-0.001934,-0.000133,0.000000,0.063806,-0.007909,0.002720,-0.003612,-0.002760,0.006306,0.016740,-0.005468,0.005516,-0.006080,-0.000288,-0.007057
-0.010816,-0.006744,-0.005938,-0.001297,-0.006468,-0.001459,-0.016600,0.480622,0.003576,-0.006882,0.000088,0.002707,-0.010524,-0.001357,-0.027793,-0.018202,-0.004551,0.123261,-0.000162,-0.001784,-0.000973,0.009582,0.015072,-0.000811,0.005081,-0.000649,-0.000222,-0.000251,0.000000,-0.078198,-0.006296,0.001692,-0.001143,-0.013864,-0.000445,-0.015475,-0.005663,-0.000011,-0.023593,-0.000324,0.021313
-0.000581,0.004026,0.001239,-0.000014,-0.000181,-0.000016,-0.000379,-0.005000,-0.000167,-0.000186,-0.000193,0.000023,-0.000514,-0.000193,-0.001407,-0.000402,-0.000144,-0.000162,0.001318,-0.000019,-0.000010,-0.000175,-0.000276,-0.000009,-0.000024,-0.000007,-0.000314,-0.000001,0.000000,-0.001340,-0.000316,-0.000014,-0.000075,-0.000181,-0.000132,-0.000535,-0.000329,-0.000064,0.009545,-0.000003,-0.000085
0.014471,0.000342,-0.000880,-0.000153,0.021758,-0.000172,0.002428,-0.055004,-0.001835,-0.002046,0.012390,0.000252,0.000145,-0.002124,0.040295,0.003499,-0.000144,-0.001784,-0.000019,0.019579,0.002524,-0.001923,-0.003040,-0.000096,-0.000268,-0.000076,-0.000439,-0.000024,0.000000,-0.014739,0.003107,-0.000153,0.008413,0.000650,-0.000134,0.004675,-0.003615,0.000612,-0.013128,-0.000038,-0.000937
0.003621,-0.002179,0.010074,-0.000083,0.010789,0.005183,-0.002274,0.045460,-0.001001,0.001523,-0.001158,0.000137,0.006541,-0.001158,0.006147,-0.002409,0.000831,-0.000973,-0.000010,0.002524,0.013130,-0.001049,-0.001658,-0.000052,-0.000146,-0.000042,-0.001886,-0.000007,0.000000,-0.008039,0.009382,-0.000083,-0.000448,-0.001085,-0.000793,0.002070,0.009553,-0.000386,-0.007161,-0.000021,0.020597
0.008359,-0.002082,-0.008044,0.000208,0.005622,-0.001574,-0.019493,0.363409,-0.006930,-0.000404,-0.009882,-0.001148,0.009482,-0.005630,0.033179,0.020328,-0.000175,0.009582,-0.000175,-0.001923,-0.001049,0.145949,0.026734,-0.000874,0.002873,-0.000699,-0.009831,0.000556,0.000000,0.124596,0.000607,0.001825,-0.005882,-0.003675,-0.000069,0.010553,-0.010615,-0.001569,-0.018610,-0.000350,0.023601
-0.073467,0.004366,-0.006117,-0.002211,0.018751,-0.002487,0.026823,-0.551385,0.090883,0.004730,-0.001653,0.008881,0.025131,-0.011968,-0.063388,0.091832,-0.001590,0.015072,-0.000276,-0.003040,-0.001658,0.026734,1.147351,0.001257,0.017239,-0.001105,0.056791,-0.000203,0.000000,0.066619,0.008939,-0.002211,-0.005287,-0.020827,-0.002534,0.053821,-0.042630,-0.000991,-0.133538,0.002086,0.342659
-0.002904,0.001712,0.012793,-0.000070,-0.000904,-0.000078,0.000744,-0.025002,-0.000834,-0.000930,-0.000965,0.000114,-0.002568,0.002445,-0.007036,0.005908,-0.000720,-0.000811,-0.000009,-0.000096,-0.000052,-0.000874,0.001257,0.006553,-0.000122,-0.000035,-0.001571,-0.000006,0.000000,-0.006700,-0.001582,-0.000070,-0.000374,-0.000904,-0.000660,-0.002677,-0.001643,-0.000322,-0.005967,-0.000017,-0.000426
-0.001720,0.001762,-0.001119,-0.000195,0.019897,-0.000219,0.009207,0.110866,-0.002336,-0.002604,-0.002701,0.000320,0.019042,-0.001649,0.049551,-0.005621,-0.000640,0.005081,-0.000024,-0.000268,-0.000146,0.002873,0.017239,-0.000122,0.018129,-0.000097,-0.001537,-0.000017,0.000000,-0.018759,-0.000783,-0.000195,0.002911,-0.002531,-0.001849,0.002986,0.003641,-0.000900,-0.016708,-0.000049,0.022554
-0.002323,-0.001453,-0.000320,-0.000056,-0.000723,-0.000063,0.010358,0.045962,0.001971,-0.000744,0.001867,0.000091,-0.002055,-0.000772,-0.005629,-0.001606,-0.000576,-0.000649,-0.000007,-0.000076,-0.000042,-0.000699,-0.001105,-0.000035,-0.000097,0.005249,-0.001257,-0.000005,0.000000,-0.005360,0.003419,-0.000056,-0.000299,0.007192,0.010026,-0.002142,-0.001315,-0.000257,-0.004774,-0.000014,-0.000341
-0.018538,0.030624,-0.011409,-0.002514,0.008836,0.006950,0.034814,0.101171,-0.021517,-0.009946,0.031854,-0.005671,0.017489,-0.004178,-0.087822,-0.012315,-0.001934,-0.000222,-0.000314,-0.000439,-0.001886,-0.009831,0.056791,-0.001571,-0.001537,-0.001257,0.481641,-0.000189,0.000000,0.097102,-0.001575,-0.002514,0.002295,0.020312,-0.003767,0.027107,-0.017372,0.009387,-0.076675,-0.000629,0.016383
0.000300,0.001769,-0.000291,-0.000010,-0.000137,-0.000015,-0.000253,0.003813,-0.000119,-0.000465,0.000141,0.000008,0.000170,-0.000244,-0.000856,-0.000155,-0.000133,-0.000251,-0.000001,-0.000024,-0.000007,0.000556,-0.000203,-0.000006,-0.000017,-0.000005,-0.000189,0.002109,0.000000,-0.002192,-0.000252,-0.000010,-0.000093,0.000259,-0.000088,-0.003560,0.002216,-0.000078,0.002839,-0.000002,-0.000059
0.000000,0.000000,0.000000,0.000000,0.000000,0.000000,0.000000,0.000000,0.000000,0.000000,0.000000,0.000000,0.000000,0.000000,0.000000,0.000000,0.000000,0.000000,0.000000,0.000000,0.000000,0.000000,0.000000,0.000000,0.000000,0.000000,0.000000,0.000000,0.000000,0.000000,0.000000,0.000000,0.000000,0.000000,0.000000,0.000000,0.000000,0.000000,0.000000,0.000000,0.000000
0.249323,0.087721,-0.006651,-0.010719,-0.031446,-0.012059,0.428563,-2.330365,0.174519,0.116754,-0.085885,0.003743,0.393914,-0.059746,-0.156893,0.116970,0.063806,-0.078198,-0.001340,-0.014739,-0.008039,0.124596,0.066619,-0.006700,-0.018759,-0.005360,0.097102,-0.002192,0.000000,23.561658,0.358084,-0.010719,-0.057616,-0.040821,-0.061147,-0.146709,-0.253357,0.067038,0.658386,-0.002680,-0.065655
-0.026527,-0.002099,-0.014552,0.020021,-0.009862,0.008432,0.133804,0.399370,0.032358,0.023582,0.027291,-0.001588,0.111137,-0.020860,-0.008334,0.107322,-0.007909,-0.006296,-0.000316,0.003107,0.009382,0.000607,0.008939,-0.001582,-0.000783,0.003419,-0.001575,-0.000252,0.000000,0.358084,0.807564,0.000022,0.001672,-0.000294,0.015539,0.030530,-0.024613,-0.004430,0.031245,-0.000633,0.049270
-0.004647,-0.002905,-0.000640,-0.000111,-0.001446,-0.000125,0.010161,0.159734,-0.001335,-0.001488,0.002414,0.000183,-0.004109,-0.000365,0.004169,-0.003212,0.002720,0.001692,-0.000014,-0.000153,-0.000083,0.001825,-0.002211,-0.000070,-0.000195,-0.000056,-0.002514,-0.000010,0.000000,-0.010719,0.000022,0.015720,-0.000598,-0.001446,0.001582,0.000719,0.000041,-0.000514,-0.009547,0.001291,-0.000681
0.019723,0.002990,-0.003438,-0.000598,-0.002496,-0.000673,0.000857,-0.091795,-0.004537,-0.005359,-0.004338,0.000984,0.064371,0.001842,0.003912,-0.017265,-0.003612,-0.001143,-0.000075,0.008413,-0.000448,-0.005882,-0.005287,-0.000374,0.002911,-0.000299,0.002295,-0.000093,0.000000,-0.057616,0.001672,-0.000598,0.140586,-0.007773,-0.000403,-0.007195,0.000915,-0.001446,0.030025,-0.000149,-0.001024
-0.060407,0.016537,0.008835,-0.001446,0.000989,0.023439,0.047664,-0.427950,-0.010757,-0.002192,0.037982,0.002379,-0.008555,-0.020079,-0.084158,-0.008776,-0.002760,-0.013864,-0.000181,0.000650,-0.001085,-0.003675,-0.020827,-0.000904,-0.002531,0.007192,0.020312,0.000259,0.000000,-0.040821,-0.000294,-0.001446,-0.007773,0.519459,0.025839,-0.008369,-0.009693,0.015739,0.005279,-0.000362,-0.008858
-0.020079,-0.007587,-0.006077,-0.001057,-0.003184,-0.001189,0.025292,-0.095065,0.003150,0.018847,0.034150,0.001738,0.002704,-0.005347,-0.021183,-0.017322,0.006306,-0.000445,-0.000132,-0.000134,-0.000793,-0.000069,-0.002534,-0.000660,-0.001849,0.010026,-0.003767,-0.000088,0.000000,-0.061147,0.015539,0.001582,-0.000403,0.025839,0.230066,0.032798,0.032667,-0.002249,-0.078999,0.001055,-0.006473
0.050764,-0.032323,-0.024628,0.008155,0.024433,-0.004819,-0.035321,-0.067094,-0.041648,0.004842,-0.044421,0.003128,0.072105,0.009681,0.181982,0.035988,0.016740,-0.015475,-0.000535,0.004675,0.002070,0.010553,0.053821,-0.002677,0.002986,-0.002142,0.027107,-0.003560,0.000000,-0.146709,0.030530,0.000719,-0.007195,-0.008369,0.032798,1.570870,-0.052761,-0.019810,0.029904,-0.001071,-0.015867
-0.011429,-0.002015,0.013354,-0.002629,0.008653,-0.000296,0.010725,-0.493777,-0.011984,-0.003489,0.010090,0.004325,0.014864,0.009910,0.056691,0.007243,-0.005468,-0.005663,-0.000329,-0.003615,0.009553,-0.010615,-0.042630,-0.001643,0.003641,-0.001315,-0.017372,0.002216,0.000000,-0.253357,-0.024613,0.000041,0.000915,-0.009693,0.032667,-0.052761,0.564330,-0.000551,0.014669,0.002013,-0.013240
-0.000570,0.020882,-0.002958,-0.000514,0.018378,0.000740,-0.007424,-0.016938,-0.006174,-0.001604,-0.004500,0.000846,0.000439,-0.007143,0.011258,-0.014856,0.005516,-0.000011,-0.000064,0.000612,-0.000386,-0.001569,-0.000991,-0.000322,-0.000900,-0.000257,0.009387,-0.000078,0.000000,0.067038,-0.004430,-0.000514,-0.001446,0.015739,-0.002249,-0.019810,-0.000551,0.109758,-0.044157,-0.000129,0.003445
0.119758,-0.007166,-0.008365,-0.009547,-0.055648,-0.010741,-0.128611,-0.277239,-0.000494,-0.028852,-0.111587,0.000388,-0.062707,-0.047474,-0.242565,0.046098,-0.006080,-0.023593,0.009545,-0.013128,-0.007161,-0.018610,-0.133538,-0.005967,-0.016708,-0.004774,-0.076675,0.002839,0.000000,0.658386,0.031245,-0.009547,0.030025,0.005279,-0.078999,0.029904,0.014669,-0.044157,6.919022,-0.002387,-0.058478
-0.001162,0.002076,-0.000160,-0.000028,-0.000362,-0.000031,0.012435,-0.010001,-0.000334,-0.000372,-0.000386,0.000046,-0.001027,0.000273,0.012612,-0.000803,-0.000288,-0.000324,-0.000003,-0.000038,-0.000021,-0.000350,0.002086,-0.000017,-0.000049,-0.000014,-0.000629,-0.000002,0.000000,-0.002680,-0.000633,0.001291,-0.000149,-0.000362,0.001055,-0.001071,0.002013,-0.000129,-0.002387,0.002632,-0.000170
-0.018915,0.008565,-0.003918,-0.000681,0.005654,0.020342,-0.009332,0.056831,-0.008176,-0.009113,-0.009454,0.001121,-0.017178,-0.007750,-0.001817,-0.019674,-0.007057,0.021313,-0.000085,-0.000937,0.020597,0.023601,0.342659,-0.000426,0.022554,-0.000341,0.016383,-0.000059,0.000000,-0.065655,0.049270,-0.000681,-0.001024,-0.008858,-0.006473,-0.015867,-0.013240,0.003445,-0.058478,-0.000170,0.427225
