7557.385956,-1808.815926,-2122.183551,-79.382513,68.816338,-1661.900785,-1411.062313,-213.036704
-1808.815926,4632.963734,-981.294340,57.138609,-9.238391,-987.143216,-486.913501,52.397209
-2122.183551,-981.294340,3010.433871,-145.394546,125.226592,-331.181265,167.561671,59.376372
-79.382513,57.138609,-145.394546,271.640659,-54.752229,-142.565370,-516.099255,72.362070
68.816338,-9.238391,125.226592,-54.752229,27.278669,-108.700001,98.620867,-11.177564
-1661.900785,-987.143216,-331.181265,-142.565370,-108.700001,3911.692949,-545.193996,-24.905941
-1411.062313,-486.913501,167.561671,-516.099255,98.620867,-545.193996,4049.138559,54.681871
-213.036704,52.397209,59.376372,72.362070,-11.177564,-24.905941,54.681871,1413.404814
