4944.606141,-1421.494795,-1447.227937,-1.296133,20.817923,-428.299104,-697.188524,-321.167655
-1421.494795,4871.936712,-1294.041699,95.650608,2.014947,-1388.856840,-1210.786996,416.973379
-1447.227937,-1294.041699,2683.153005,-214.045010,132.891689,-281.452384,448.464346,-13.382361
-1.296133,95.650608,-214.045010,330.392389,-66.923026,-190.874029,-704.535470,362.970766
20.817923,2.014947,132.891689,-66.923026,28.650685,-80.219628,115.000868,-29.394340
-428.299104,-1388.856840,-281.452384,-190.874029,-80.219628,3877.018522,-918.103506,-335.176247
-697.188524,-1210.786996,448.464346,-704.535470,115.000868,-918.103506,4292.362105,-710.497928
-321.167655,416.973379,-13.382361,362.970766,-29.394340,-335.176247,-710.497928,2356.593911
