5457.375696,-1144.538211,-1423.597272,-72.058262,13.841525,-522.952036,-819.846618,10.083165
-1144.538211,5064.352150,-1528.372169,135.353373,8.587805,-1187.103158,-1277.657512,213.921407
-1423.597272,-1528.372169,2766.486567,-235.703184,135.440440,-367.499016,177.229292,-298.043781
-72.058262,135.353373,-235.703184,317.271238,-67.691921,-257.463904,-567.731454,357.550319
13.841525,8.587805,135.440440,-67.691921,26.675636,-60.687259,108.828383,-51.713959
-522.952036,-1187.103158,-367.499016,-257.463904,-60.687259,3701.482155,-666.592784,-415.064078
-819.846618,-1277.657512,177.229292,-567.731454,108.828383,-666.592784,4384.973090,-288.795781
10.083165,213.921407,-298.043781,357.550319,-51.713959,-415.064078,-288.795781,2175.114081
