0.018669,0.009208,0.008440,0.003152,0.006382,0.005140,0.004808,0.010076,0.007753,0.004070,0.004247,0.001182,0.004571,-0.000247,0.004288,0.001928,0.005755,-0.000401,0.002023,0.007355,0.002490,0.004653,0.006584,-0.001222,-0.001378,-0.002958,-0.001795,-0.010134,-0.006597,-0.005390,-0.001987,-0.002554,-0.001765,-0.002376,-0.000291,0.001732,0.001192,0.002833,0.000232,0.004935,0.004685,0.000191,0.005304,-0.001989,0.010737,0.007924,0.002096,0.000247,0.003264,0.007434,0.001282,0.002220,0.002924,0.004874,0.008516,0.003200,0.009589,0.008663,0.004516,0.001946
0.009208,0.009752,0.005671,0.001444,0.004011,0.001707,0.000251,0.005598,0.008087,0.004596,0.002661,0.001213,0.001933,0.000052,0.004146,0.001112,0.003269,0.000146,0.000046,0.003597,0.000625,0.002605,0.001363,0.001154,-0.003659,-0.003932,-0.002784,-0.010359,-0.003148,-0.001409,-0.000164,-0.001302,-0.000938,0.001509,0.004401,0.002233,0.004074,0.003471,-0.001151,0.001983,0.004591,0.001090,0.002858,-0.001974,0.005918,0.005078,0.002130,0.001828,0.003188,0.004614,0.003043,0.000785,0.002732,0.002164,0.005220,0.002171,0.006782,0.005324,0.001140,0.001812
0.008440,0.005671,0.008287,0.002089,0.005838,0.002415,0.000866,0.005458,0.006422,0.003388,0.004091,0.001236,0.003509,0.001423,0.002780,-0.000538,0.001727,-0.000706,0.002292,0.004612,0.001158,0.000121,0.004871,0.003994,-0.002176,0.000373,-0.000821,-0.003633,-0.002519,-0.002243,-0.002076,-0.003996,-0.002487,-0.002609,-0.002950,-0.002960,-0.000704,-0.001383,-0.002508,0.000226,0.001460,0.002368,0.002460,-0.000780,0.005317,0.002203,-0.000394,0.000325,0.002100,0.001513,0.000941,0.001634,0.003958,0.002177,0.002350,0.001203,0.005607,0.003062,0.001121,-0.000095
0.003152,0.001444,0.002089,0.002777,0.004117,0.002481,0.000890,0.003517,0.003917,0.002115,0.001541,0.001607,0.001611,0.002294,0.001937,0.002284,0.001923,-0.000737,0.001921,0.000611,0.002558,-0.001456,0.000298,-0.000212,-0.002082,-0.001719,-0.001859,-0.003913,-0.001320,-0.001094,-0.001474,0.000002,-0.000482,-0.000023,-0.000542,-0.000611,0.000093,-0.000130,-0.000228,0.002082,0.004564,0.001080,0.000489,0.001925,0.004212,0.002295,0.001375,0.001840,0.002097,0.000778,0.001404,0.000837,0.001253,0.003772,0.003733,0.001579,0.003102,0.002993,0.002364,0.001842
0.006382,0.004011,0.005838,0.004117,0.017201,0.009752,0.004984,0.006201,0.011193,0.004697,0.007088,0.006681,0.008831,0.007090,0.008819,0.010782,0.008818,0.001297,0.010557,0.008318,0.010006,0.001634,0.004083,0.003497,-0.002332,-0.001592,-0.006285,-0.006116,-0.000940,-0.009803,-0.011037,-0.009777,-0.006544,-0.006087,-0.004409,-0.005040,-0.001694,-0.002603,0.000314,-0.000578,0.002782,0.002549,0.001635,0.002639,0.005076,0.000105,-0.000080,0.003953,0.002228,-0.000533,0.002143,0.001856,0.004277,0.006833,0.002983,0.001829,0.005283,0.004626,0.007218,0.002653
0.005140,0.001707,0.002415,0.002481,0.009752,0.011645,0.004048,0.001479,0.008137,0.003352,0.004350,0.006014,0.007234,0.005333,0.006455,0.010621,0.010152,0.003310,0.008396,0.006321,0.006611,0.000636,0.001216,-0.001258,-0.002880,-0.003029,-0.004635,-0.010182,-0.005549,-0.006095,-0.006550,-0.003198,-0.000578,-0.002487,-0.002678,-0.002942,-0.001433,-0.003215,0.003436,-0.000864,0.002777,0.000867,-0.000188,0.001890,0.002027,-0.000007,-0.001141,0.000127,-0.000286,-0.001504,0.000263,0.000116,0.001564,0.004216,0.001612,0.000419,0.004490,0.003146,0.007219,0.000613
0.004808,0.000251,0.000866,0.000890,0.004984,0.004048,0.011262,0.003245,0.002892,0.001332,0.002699,0.002790,0.008139,0.002705,0.005604,0.007373,0.011190,0.005769,0.007006,0.004385,0.006124,0.009772,0.007724,0.000179,0.005766,0.001395,0.000102,-0.001095,-0.003312,-0.008476,-0.006366,-0.005968,-0.000994,-0.005809,-0.002895,-0.001120,-0.004550,-0.002473,0.000887,-0.000785,-0.000829,-0.000273,-0.001808,0.001236,0.001620,-0.001870,-0.001327,0.001721,0.001179,0.004855,-0.001119,0.000613,0.001633,0.000186,-0.003236,0.001644,-0.003696,-0.000144,0.005266,-0.000236
0.010076,0.005598,0.005458,0.003517,0.006201,0.001479,0.003245,0.016497,0.009481,0.004522,0.002347,0.004067,0.004031,0.002351,0.005584,0.001946,0.002754,-0.000444,0.001020,0.008003,0.005921,0.001926,0.002194,-0.005448,-0.005353,-0.007810,-0.004867,-0.007376,-0.002117,0.000110,0.001455,-0.002288,-0.000071,-0.000222,0.000254,0.001157,0.002451,0.001328,-0.001373,0.009754,0.011354,0.002583,0.002393,0.002078,0.012960,0.009805,0.005091,0.005231,0.006528,0.008208,0.004350,0.002405,0.002727,0.009287,0.011346,0.006395,0.004152,0.007486,0.002594,0.004048
0.007753,0.008087,0.006422,0.003917,0.011193,0.008137,0.002892,0.009481,0.029667,0.016486,0.009630,0.012370,0.013857,0.006697,0.008932,0.009678,0.003560,-0.002108,0.002279,0.009744,0.002329,0.000068,-0.002229,-0.001755,-0.004751,-0.006895,-0.007700,-0.011217,-0.000136,-0.000129,-0.004855,-0.001439,-0.001650,-0.004352,0.000418,-0.005923,0.001299,-0.007276,0.000265,-0.000434,0.007876,0.002610,-0.001176,0.001756,0.010460,0.005394,0.001722,0.006948,0.006602,-0.000885,0.007102,0.000146,0.007224,0.001173,0.002048,0.001964,0.003115,0.002414,0.009138,0.000238
0.004070,0.004596,0.003388,0.002115,0.004697,0.003352,0.001332,0.004522,0.016486,0.014457,0.005784,0.006764,0.010666,0.004522,0.005796,0.004722,0.002673,-0.003348,0.000664,0.003183,0.000346,-0.000650,-0.001571,0.000180,-0.003319,-0.002766,-0.001164,-0.003293,0.002214,0.002982,-0.000498,0.005000,-0.001427,-0.003611,-0.001830,-0.005730,0.000199,-0.002600,0.000873,-0.000386,0.004986,-0.001123,-0.000206,0.002175,0.008116,0.003554,0.001869,0.004544,0.004486,-0.000630,0.004554,0.000108,0.005248,0.002292,0.002661,0.000134,0.003009,0.002134,0.001705,-0.000855
0.004247,0.002661,0.004091,0.001541,0.007088,0.004350,0.002699,0.002347,0.009630,0.005784,0.011402,0.003836,0.008965,0.001454,0.005085,0.003184,0.008249,-0.000023,0.002825,0.005218,-0.000682,0.002241,0.000684,-0.000818,-0.001829,0.000192,-0.001024,-0.002489,-0.003641,-0.005796,-0.002873,-0.002684,-0.002816,-0.002891,-0.003134,-0.003713,0.000825,-0.000243,0.001665,0.001624,0.000725,-0.001386,0.001859,0.002494,0.004894,0.001452,-0.001095,0.003115,0.001058,-0.000708,0.002370,-0.000106,0.002465,0.000154,-0.002095,0.000067,0.001439,0.000458,0.007297,-0.000731
0.001182,0.001213,0.001236,0.001607,0.006681,0.006014,0.002790,0.004067,0.012370,0.006764,0.003836,0.018779,0.012520,0.009129,0.012561,0.016168,0.011658,0.004921,0.003899,0.009061,0.003539,0.004734,0.002187,0.000641,-0.002766,-0.006640,-0.008450,-0.007463,-0.002407,-0.007579,-0.007460,-0.002772,-0.005826,-0.011049,-0.009875,-0.011093,-0.009611,-0.012404,-0.003293,-0.009164,-0.000869,-0.002089,0.000112,0.001085,0.005303,-0.001225,0.000522,0.002764,0.003307,0.000909,0.001493,0.000803,0.002543,-0.002227,0.001382,-0.000523,0.000090,0.000602,0.003129,0.000332
0.004571,0.001933,0.003509,0.001611,0.008831,0.007234,0.008139,0.004031,0.013857,0.010666,0.008965,0.012520,0.023834,0.012842,0.017727,0.019157,0.019273,0.007279,0.010208,0.011515,0.008808,0.011920,0.009689,0.002595,-0.000195,-0.000003,-0.003072,-0.004461,-0.002398,-0.010320,-0.008054,-0.004266,-0.004663,-0.015150,-0.015892,-0.014050,-0.016384,-0.010477,-0.001788,-0.006153,-0.002861,-0.004242,-0.000642,0.000350,0.002298,-0.003868,-0.004656,-0.000458,0.001744,0.001222,0.001531,0.001140,0.001907,0.001752,-0.000695,-0.004015,0.000974,0.001305,0.004889,-0.001622
-0.000247,0.000052,0.001423,0.002294,0.007090,0.005333,0.002705,0.002351,0.006697,0.004522,0.001454,0.009129,0.012842,0.016507,0.016042,0.017731,0.013011,0.002898,0.008671,0.006190,0.010975,0.002105,0.004897,0.003518,-0.004379,-0.001302,-0.007020,-0.007519,0.000083,-0.006338,-0.008898,-0.003147,-0.001945,-0.006287,-0.006554,-0.003521,-0.007026,-0.006029,-0.004005,-0.004273,0.002865,0.001502,-0.000243,0.001093,0.000802,-0.004031,-0.001859,-0.000631,0.003006,-0.000337,0.000264,0.000823,0.001196,0.004254,0.002809,-0.003578,0.001758,0.000737,0.002940,0.003056
0.004288,0.004146,0.002780,0.001937,0.008819,0.006455,0.005604,0.005584,0.008932,0.005796,0.005085,0.012561,0.017727,0.016042,0.029559,0.025315,0.025450,0.013556,0.009565,0.013175,0.010334,0.012962,0.007838,-0.001026,-0.006258,-0.011031,-0.011760,-0.017098,-0.009467,-0.010319,-0.009372,-0.009500,-0.009518,-0.014819,-0.010804,-0.006762,-0.006853,-0.003646,-0.005317,-0.002599,0.005748,0.000040,0.005410,0.000650,0.006422,-0.000564,-0.000518,0.003145,0.006775,0.005285,0.001951,0.000657,0.001097,0.002739,0.003234,-0.000580,0.002181,0.000705,0.006251,0.002460
0.001928,0.001112,-0.000538,0.002284,0.010782,0.010621,0.007373,0.001946,0.009678,0.004722,0.003184,0.016168,0.019157,0.017731,0.025315,0.034562,0.030810,0.014343,0.015418,0.010701,0.013080,0.014026,0.010478,0.004688,-0.000210,-0.004472,-0.012373,-0.014273,-0.006670,-0.013153,-0.013111,-0.007897,-0.007358,-0.013824,-0.011698,-0.006769,-0.012058,-0.009291,-0.005371,-0.006191,0.000798,-0.002733,0.000756,0.000577,-0.001682,-0.004391,-0.003303,-0.002244,0.000054,-0.000367,0.001030,-0.000010,0.001367,0.004684,0.004201,-0.001040,-0.000027,0.000642,0.009108,0.002910
0.005755,0.003269,0.001727,0.001923,0.008818,0.010152,0.011190,0.002754,0.003560,0.002673,0.008249,0.011658,0.019273,0.013011,0.025450,0.030810,0.052185,0.025249,0.019005,0.007118,0.012436,0.019428,0.014624,0.005034,-0.001310,-0.001364,-0.002509,-0.015572,-0.015556,-0.012451,-0.007512,-0.002389,-0.003345,-0.006612,-0.008071,-0.004488,-0.008704,-0.003355,-0.005083,-0.004592,0.000326,-0.007075,0.002402,0.003916,0.002360,0.002038,-0.003449,-0.000028,-0.002211,0.005521,0.000909,-0.000567,-0.001339,0.000681,0.001064,0.000366,0.001548,0.003150,0.012099,0.000766
-0.000401,0.000146,-0.000706,-0.000737,0.001297,0.003310,0.005769,-0.000444,-0.002108,-0.003348,-0.000023,0.004921,0.007279,0.002898,0.013556,0.014343,0.025249,0.027035,0.013432,0.006267,0.010840,0.019604,0.011849,0.001325,0.001466,-0.004671,-0.000257,-0.008889,-0.011661,-0.005878,-0.006204,-0.009246,-0.005665,-0.010552,-0.010245,-0.014167,-0.015300,-0.008871,-0.008919,-0.008860,-0.007234,-0.006032,-0.000838,-0.001821,-0.004348,-0.003986,-0.006234,-0.002796,-0.003799,0.004092,-0.000594,-0.000419,-0.004769,-0.001897,-0.003132,0.000244,-0.002374,-0.001922,0.003225,-0.002502
0.002023,0.000046,0.002292,0.001921,0.010557,0.008396,0.007006,0.001020,0.002279,0.000664,0.002825,0.003899,0.010208,0.008671,0.009565,0.015418,0.019005,0.013432,0.028834,0.013932,0.021470,0.015627,0.012662,0.005308,0.004193,0.007634,-0.003598,-0.006411,-0.005997,-0.010607,-0.012258,-0.012890,-0.002487,-0.004984,-0.011008,-0.010385,-0.015236,-0.007393,-0.003099,-0.003166,-0.004570,-0.001902,-0.009111,0.000744,-0.003267,-0.002266,-0.002762,-0.002768,-0.003690,0.003485,-0.000039,0.000837,0.002169,0.005832,0.000595,0.001921,0.002484,0.003283,0.002694,-0.002063
0.007355,0.003597,0.004612,0.000611,0.008318,0.006321,0.004385,0.008003,0.009744,0.003183,0.005218,0.009061,0.011515,0.006190,0.013175,0.010701,0.007118,0.006267,0.013932,0.027314,0.012674,0.016793,0.008440,-0.005055,-0.003023,-0.003422,-0.006041,-0.008287,-0.003891,-0.007102,-0.007224,-0.012388,-0.001230,-0.009965,-0.012126,-0.009743,-0.009675,-0.004654,-0.000966,0.000831,-0.000432,-0.000201,-0.002862,-0.002639,0.006681,0.002721,-0.000772,-0.001222,0.004128,0.008827,0.001271,0.000117,0.000032,0.001907,0.001749,0.001867,0.002186,0.002735,0.000293,-0.002819
0.002490,0.000625,0.001158,0.002558,0.010006,0.006611,0.006124,0.005921,0.002329,0.000346,-0.000682,0.003539,0.008808,0.010975,0.010334,0.013080,0.012436,0.010840,0.021470,0.012674,0.034872,0.013412,0.010827,0.001678,-0.005317,0.004953,-0.005147,-0.010107,-0.007395,-0.007847,-0.015776,-0.009042,-0.002183,-0.003639,-0.006612,-0.010010,-0.013321,-0.007028,-0.003582,-0.007959,-0.002525,-0.004407,-0.009790,-0.001896,-0.005726,-0.002975,-0.004728,-0.003854,-0.005283,0.004777,0.000160,0.001357,-0.004164,0.008877,0.002238,-0.000335,0.005578,0.006465,0.001996,0.002320
0.004653,0.002605,0.000121,-0.001456,0.001634,0.000636,0.009772,0.001926,0.000068,-0.000650,0.002241,0.004734,0.011920,0.002105,0.012962,0.014026,0.019428,0.019604,0.015627,0.016793,0.013412,0.035991,0.024305,0.005119,0.011633,0.003759,0.002321,-0.004322,-0.008858,-0.010151,-0.010599,-0.014250,-0.003985,-0.016415,-0.014177,-0.014887,-0.019467,-0.004804,-0.007540,-0.004084,-0.007865,-0.005398,-0.001506,-0.002738,-0.000542,-0.002255,-0.002675,-0.005124,-0.000704,0.010829,-0.001826,-0.000494,-0.004444,0.000120,-0.000105,0.001849,-0.002788,0.001166,-0.002760,-0.003603
0.006584,0.001363,0.004871,0.000298,0.004083,0.001216,0.007724,0.002194,-0.002229,-0.001571,0.000684,0.002187,0.009689,0.004897,0.007838,0.010478,0.014624,0.011849,0.012662,0.008440,0.010827,0.024305,0.028216,0.014928,0.013261,0.010932,0.005088,0.002663,-0.005006,-0.008647,-0.011957,-0.012672,-0.005435,-0.015652,-0.014700,-0.013051,-0.018113,-0.007025,-0.009971,-0.005157,-0.008409,-0.001074,0.002361,-0.001250,-0.001416,-0.004077,-0.003540,-0.008261,-0.003066,0.004118,-0.004490,0.001656,-0.000627,0.003344,0.002584,0.000522,0.000831,0.002189,-0.004485,-0.001856
-0.001222,0.001154,0.003994,-0.000212,0.003497,-0.001258,0.000179,-0.005448,-0.001755,0.000180,-0.000818,0.000641,0.002595,0.003518,-0.001026,0.004688,0.005034,0.001325,0.005308,-0.005055,0.001678,0.005119,0.014928,0.027008,0.009479,0.019070,0.003991,0.009552,0.002409,-0.002295,-0.010731,-0.006876,-0.008124,-0.008555,-0.007227,-0.010751,-0.011294,-0.009524,-0.006587,-0.011767,-0.011862,-0.002360,0.000902,-0.001142,-0.009371,-0.008957,-0.003533,-0.007092,-0.005033,-0.009300,-0.004961,0.001901,0.004526,0.002664,-0.002626,-0.002270,0.000993,-0.001255,-0.006251,-0.001437
-0.001378,-0.003659,-0.002176,-0.002082,-0.002332,-0.002880,0.005766,-0.005353,-0.004751,-0.003319,-0.001829,-0.002766,-0.000195,-0.004379,-0.006258,-0.000210,-0.001310,0.001466,0.004193,-0.003023,-0.005317,0.011633,0.013261,0.009479,0.024004,0.010539,0.006446,0.014109,0.003987,-0.003579,-0.006035,-0.009104,-0.005749,-0.008768,-0.006050,-0.001456,-0.006824,-0.003549,0.000174,-0.001227,-0.009091,0.003949,0.000977,0.000485,-0.005148,-0.004828,0.001437,-0.003754,-0.004051,-0.000849,-0.003211,0.001085,0.003820,-0.004310,-0.005469,0.000614,-0.008969,-0.004207,-0.003489,-0.002623
-0.002958,-0.003932,0.000373,-0.001719,-0.001592,-0.003029,0.001395,-0.007810,-0.006895,-0.002766,0.000192,-0.006640,-0.000003,-0.001302,-0.011031,-0.004472,-0.001364,-0.004671,0.007634,-0.003422,0.004953,0.003759,0.010932,0.019070,0.010539,0.029164,0.011766,0.017267,0.003620,-0.001539,-0.005226,-0.002288,-0.000025,-0.001174,-0.003566,-0.006069,-0.010752,-0.005545,-0.000870,-0.007993,-0.014860,-0.006666,-0.008768,-0.000577,-0.013576,-0.006652,-0.005300,-0.009553,-0.010567,-0.007945,-0.006503,0.000545,0.000867,-0.001176,-0.007494,-0.002511,-0.001166,-0.001806,-0.006620,-0.004821
-0.001795,-0.002784,-0.000821,-0.001859,-0.006285,-0.004635,0.000102,-0.004867,-0.007700,-0.001164,-0.001024,-0.008450,-0.003072,-0.007020,-0.011760,-0.012373,-0.002509,-0.000257,-0.003598,-0.006041,-0.005147,0.002321,0.005088,0.003991,0.006446,0.011766,0.026441,0.016502,0.006920,0.007769,0.008182,0.007944,0.005671,-0.002834,-0.003689,-0.007812,-0.007067,0.002328,-0.001426,-0.004314,-0.008605,-0.006954,-0.002579,0.002701,-0.000724,0.001574,-0.003775,-0.006677,-0.005905,0.000312,-0.001573,-0.000454,-0.006789,-0.004728,-0.004960,-0.003801,-0.001612,-0.001503,-0.010651,-0.006044
-0.010134,-0.010359,-0.003633,-0.003913,-0.006116,-0.010182,-0.001095,-0.007376,-0.011217,-0.003293,-0.002489,-0.007463,-0.004461,-0.007519,-0.017098,-0.014273,-0.015572,-0.008889,-0.006411,-0.008287,-0.010107,-0.004322,0.002663,0.009552,0.014109,0.017267,0.016502,0.037918,0.020645,0.005888,0.003201,0.002066,-0.003459,-0.005035,-0.006162,-0.005038,-0.005410,-0.003073,-0.001235,-0.006010,-0.016538,-0.003835,-0.001916,-0.000117,-0.008941,-0.007537,-0.003816,-0.003303,-0.006821,-0.007957,-0.003642,0.000363,-0.000336,-0.008230,-0.010747,-0.004328,-0.011942,-0.008504,-0.010490,-0.005816
-0.006597,-0.003148,-0.002519,-0.001320,-0.000940,-0.005549,-0.003312,-0.002117,-0.000136,0.002214,-0.003641,-0.002407,-0.002398,0.000083,-0.009467,-0.006670,-0.015556,-0.011661,-0.005997,-0.003891,-0.007395,-0.008858,-0.005006,0.002409,0.003987,0.003620,0.006920,0.020645,0.024033,0.005867,0.004420,0.005439,0.002193,0.002315,0.003238,0.003868,0.002806,0.001802,-0.001353,-0.000995,-0.004582,0.001195,-0.000753,-0.000792,-0.001787,-0.003541,-0.000039,0.000773,0.000478,-0.003007,0.001202,0.000219,0.001153,-0.002983,-0.000872,-0.003947,-0.004996,-0.002807,-0.007124,0.000195
-0.005390,-0.001409,-0.002243,-0.001094,-0.009803,-0.006095,-0.008476,0.000110,-0.000129,0.002982,-0.005796,-0.007579,-0.010320,-0.006338,-0.010319,-0.013153,-0.012451,-0.005878,-0.010607,-0.007102,-0.007847,-0.010151,-0.008647,-0.002295,-0.003579,-0.001539,0.007769,0.005888,0.005867,0.023481,0.012896,0.013871,0.008013,0.010071,0.007537,0.003585,0.010698,0.005098,0.003135,0.006335,0.007314,0.001806,0.000685,0.002240,0.003565,0.008290,0.004497,0.000842,0.001809,-0.003672,0.002697,-0.001750,-0.001177,0.001335,0.002128,0.001450,-0.000778,-0.001002,-0.006905,-0.002087
-0.001987,-0.000164,-0.002076,-0.001474,-0.011037,-0.006550,-0.006366,0.001455,-0.004855,-0.000498,-0.002873,-0.007460,-0.008054,-0.008898,-0.009372,-0.013111,-0.007512,-0.006204,-0.012258,-0.007224,-0.015776,-0.010599,-0.011957,-0.010731,-0.006035,-0.005226,0.008182,0.003201,0.004420,0.012896,0.024546,0.015492,0.012081,0.012579,0.007861,0.010598,0.008284,0.010540,0.005369,0.011792,0.008828,-0.000428,0.000457,0.003162,0.006143,0.011539,0.005500,0.003928,0.003977,0.004540,0.003234,-0.001143,-0.003088,-0.003683,0.004682,0.001869,0.001189,0.001551,-0.004974,-0.002069
-0.002554,-0.001302,-0.003996,0.000002,-0.009777,-0.003198,-0.005968,-0.002288,-0.001439,0.005000,-0.002684,-0.002772,-0.004266,-0.003147,-0.009500,-0.007897,-0.002389,-0.009246,-0.012890,-0.012388,-0.009042,-0.014250,-0.012672,-0.006876,-0.009104,-0.002288,0.007944,0.002066,0.005439,0.013871,0.015492,0.027559,0.014253,0.015627,0.010275,0.009384,0.009996,0.008211,0.004986,0.003269,0.006639,-0.004017,-0.000854,0.002041,0.003695,0.007135,0.001499,0.000775,-0.000002,-0.001290,0.002202,-0.002254,-0.003865,-0.001860,0.003751,-0.002979,0.003545,0.003187,-0.001980,0.000125
-0.001765,-0.000938,-0.002487,-0.000482,-0.006544,-0.000578,-0.000994,-0.000071,-0.001650,-0.001427,-0.002816,-0.005826,-0.004663,-0.001945,-0.009518,-0.007358,-0.003345,-0.005665,-0.002487,-0.001230,-0.002183,-0.003985,-0.005435,-0.008124,-0.005749,-0.000025,0.005671,-0.003459,0.002193,0.008013,0.012081,0.014253,0.026304,0.019281,0.013370,0.013683,0.006929,0.009183,0.004441,0.009546,0.007767,0.002096,-0.006778,0.001814,0.002561,0.006452,0.000559,-0.000030,0.003918,0.005135,0.000283,-0.003949,-0.005679,0.000605,0.003128,-0.000161,-0.000140,0.002375,-0.000270,-0.001508
-0.002376,0.001509,-0.002609,-0.000023,-0.006087,-0.002487,-0.005809,-0.000222,-0.004352,-0.003611,-0.002891,-0.011049,-0.015150,-0.006287,-0.014819,-0.013824,-0.006612,-0.010552,-0.004984,-0.009965,-0.003639,-0.016415,-0.015652,-0.008555,-0.008768,-0.001174,-0.002834,-0.005035,0.002315,0.010071,0.012579,0.015627,0.019281,0.033464,0.027923,0.028538,0.025926,0.016039,0.007531,0.013709,0.011262,0.005615,-0.003805,0.001185,-0.000024,0.008866,0.005342,0.004900,0.000080,0.002210,0.002650,-0.002964,-0.000333,-0.000297,0.003574,0.002977,0.002491,0.004022,0.004479,0.004047
-0.000291,0.004401,-0.002950,-0.000542,-0.004409,-0.002678,-0.002895,0.000254,0.000418,-0.001830,-0.003134,-0.009875,-0.015892,-0.006554,-0.010804,-0.011698,-0.008071,-0.010245,-0.011008,-0.012126,-0.006612,-0.014177,-0.014700,-0.007227,-0.006050,-0.003566,-0.003689,-0.006162,0.003238,0.007537,0.007861,0.010275,0.013370,0.027923,0.036442,0.032131,0.033397,0.018144,0.003710,0.011357,0.011595,0.006255,-0.000882,0.000829,0.000360,0.006782,0.005661,0.007418,0.000959,0.001457,0.001420,-0.003771,0.001688,-0.003091,0.002315,0.004872,-0.000608,0.000945,0.006341,0.005838
0.001732,0.002233,-0.002960,-0.000611,-0.005040,-0.002942,-0.001120,0.001157,-0.005923,-0.005730,-0.003713,-0.011093,-0.014050,-0.003521,-0.006762,-0.006769,-0.004488,-0.014167,-0.010385,-0.009743,-0.010010,-0.014887,-0.013051,-0.010751,-0.001456,-0.006069,-0.007812,-0.005038,0.003868,0.003585,0.010598,0.009384,0.013683,0.028538,0.032131,0.043924,0.036133,0.023179,0.009210,0.019452,0.015323,0.013031,0.004227,0.001082,0.001594,0.007926,0.008486,0.006341,0.002927,0.005585,0.001494,-0.002599,0.003412,-0.003014,0.004116,0.003674,-0.002482,0.001102,0.008291,0.008162
0.001192,0.004074,-0.000704,0.000093,-0.001694,-0.001433,-0.004550,0.002451,0.001299,0.000199,0.000825,-0.009611,-0.016384,-0.007026,-0.006853,-0.012058,-0.008704,-0.015300,-0.015236,-0.009675,-0.013321,-0.019467,-0.018113,-0.011294,-0.006824,-0.010752,-0.007067,-0.005410,0.002806,0.010698,0.008284,0.009996,0.006929,0.025926,0.033397,0.036133,0.045556,0.023775,0.007071,0.018999,0.017893,0.011601,0.007374,0.002968,0.007851,0.010231,0.009082,0.009766,0.003124,-0.000282,0.003639,-0.003402,0.006227,-0.000520,0.003102,0.006872,-0.001010,-0.000353,0.009030,0.007362
0.002833,0.003471,-0.001383,-0.000130,-0.002603,-0.003215,-0.002473,0.001328,-0.007276,-0.002600,-0.000243,-0.012404,-0.010477,-0.006029,-0.003646,-0.009291,-0.003355,-0.008871,-0.007393,-0.004654,-0.007028,-0.004804,-0.007025,-0.009524,-0.003549,-0.005545,0.002328,-0.003073,0.001802,0.005098,0.010540,0.008211,0.009183,0.016039,0.018144,0.023179,0.023775,0.024454,0.006142,0.018124,0.014082,0.005330,0.005624,0.002992,0.007725,0.010180,0.006965,0.005237,0.004656,0.006569,0.001965,-0.002281,-0.001560,0.003470,0.006999,0.004107,0.003121,0.004410,0.000564,0.004038
0.000232,-0.001151,-0.002508,-0.000228,0.000314,0.003436,0.000887,-0.001373,0.000265,0.000873,0.001665,-0.003293,-0.001788,-0.004005,-0.005317,-0.005371,-0.005083,-0.008919,-0.003099,-0.000966,-0.003582,-0.007540,-0.009971,-0.006587,0.000174,-0.000870,-0.001426,-0.001235,-0.001353,0.003135,0.005369,0.004986,0.004441,0.007531,0.003710,0.009210,0.007071,0.006142,0.020417,0.007384,0.008180,0.006141,0.001752,0.004502,0.002591,0.004874,0.007437,0.006440,0.005501,0.000972,0.000603,0.000831,0.000632,-0.000510,-0.003664,-0.000658,0.000420,0.001749,0.003084,-0.000463
0.004935,0.001983,0.000226,0.002082,-0.000578,-0.000864,-0.000785,0.009754,-0.000434,-0.000386,0.001624,-0.009164,-0.006153,-0.004273,-0.002599,-0.006191,-0.004592,-0.008860,-0.003166,0.000831,-0.007959,-0.004084,-0.005157,-0.011767,-0.001227,-0.007993,-0.004314,-0.006010,-0.000995,0.006335,0.011792,0.003269,0.009546,0.013709,0.011357,0.019452,0.018999,0.018124,0.007384,0.029854,0.021325,0.009401,0.005454,0.005949,0.012332,0.012652,0.009651,0.005356,0.007899,0.005221,0.003427,-0.000813,0.003586,0.014695,0.014622,0.009497,0.001212,0.005459,0.003653,0.005017
0.004685,0.004591,0.001460,0.004564,0.002782,0.002777,-0.000829,0.011354,0.007876,0.004986,0.000725,-0.000869,-0.002861,0.002865,0.005748,0.000798,0.000326,-0.007234,-0.004570,-0.000432,-0.002525,-0.007865,-0.008409,-0.011862,-0.009091,-0.014860,-0.008605,-0.016538,-0.004582,0.007314,0.008828,0.006639,0.007767,0.011262,0.011595,0.015323,0.017893,0.014082,0.008180,0.021325,0.029332,0.011682,0.005289,0.009016,0.017887,0.014583,0.012950,0.012341,0.015104,0.006683,0.005269,-0.000092,0.003102,0.011347,0.013475,0.008476,0.004735,0.006596,0.005288,0.006368
0.000191,0.001090,0.002368,0.001080,0.002549,0.000867,-0.000273,0.002583,0.002610,-0.001123,-0.001386,-0.002089,-0.004242,0.001502,0.000040,-0.002733,-0.007075,-0.006032,-0.001902,-0.000201,-0.004407,-0.005398,-0.001074,-0.002360,0.003949,-0.006666,-0.006954,-0.003835,0.001195,0.001806,-0.000428,-0.004017,0.002096,0.005615,0.006255,0.013031,0.011601,0.005330,0.006141,0.009401,0.011682,0.017376,0.005361,0.002870,0.005272,0.001980,0.006996,0.006075,0.008125,0.002230,0.001045,0.000855,0.005150,-0.000202,0.000369,0.001928,-0.002225,-0.001274,0.002378,0.002891
0.005304,0.002858,0.002460,0.000489,0.001635,-0.000188,-0.001808,0.002393,-0.001176,-0.000206,0.001859,0.000112,-0.000642,-0.000243,0.005410,0.000756,0.002402,-0.000838,-0.009111,-0.002862,-0.009790,-0.001506,0.002361,0.000902,0.000977,-0.008768,-0.002579,-0.001916,-0.000753,0.000685,0.000457,-0.000854,-0.006778,-0.003805,-0.000882,0.004227,0.007374,0.005624,0.001752,0.005454,0.005289,0.005361,0.016755,0.001618,0.008479,0.003111,0.004814,0.002904,0.005843,0.000705,0.000384,0.001804,0.001240,0.002583,0.005555,-0.000331,0.002786,0.001338,0.001912,0.003922
-0.001989,-0.001974,-0.000780,0.001925,0.002639,0.001890,0.001236,0.002078,0.001756,0.002175,0.002494,0.001085,0.000350,0.001093,0.000650,0.000577,0.003916,-0.001821,0.000744,-0.002639,-0.001896,-0.002738,-0.001250,-0.001142,0.000485,-0.000577,0.002701,-0.000117,-0.000792,0.002240,0.003162,0.002041,0.001814,0.001185,0.000829,0.001082,0.002968,0.002992,0.004502,0.005949,0.009016,0.002870,0.001618,0.009173,0.007666,0.005526,0.006072,0.006211,0.005047,0.000844,0.001047,0.000240,0.001229,0.003230,0.002560,0.003299,-0.000344,0.001131,0.000902,0.000665
0.010737,0.005918,0.005317,0.004212,0.005076,0.002027,0.001620,0.012960,0.010460,0.008116,0.004894,0.005303,0.002298,0.000802,0.006422,-0.001682,0.002360,-0.004348,-0.003267,0.006681,-0.005726,-0.000542,-0.001416,-0.009371,-0.005148,-0.013576,-0.000724,-0.008941,-0.001787,0.003565,0.006143,0.003695,0.002561,-0.000024,0.000360,0.001594,0.007851,0.007725,0.002591,0.012332,0.017887,0.005272,0.008479,0.007666,0.027314,0.017771,0.012680,0.013179,0.016539,0.012072,0.005487,0.001583,0.002746,0.003078,0.011023,0.006644,0.006434,0.007659,0.001591,0.001661
0.007924,0.005078,0.002203,0.002295,0.000105,-0.000007,-0.001870,0.009805,0.005394,0.003554,0.001452,-0.001225,-0.003868,-0.004031,-0.000564,-0.004391,0.002038,-0.003986,-0.002266,0.002721,-0.002975,-0.002255,-0.004077,-0.008957,-0.004828,-0.006652,0.001574,-0.007537,-0.003541,0.008290,0.011539,0.007135,0.006452,0.008866,0.006782,0.007926,0.010231,0.010180,0.004874,0.012652,0.014583,0.001980,0.003111,0.005526,0.017771,0.020910,0.011693,0.008979,0.008201,0.009721,0.005885,0.000382,-0.000452,0.000107,0.009884,0.006933,0.007198,0.008840,0.000574,0.000354
0.002096,0.002130,-0.000394,0.001375,-0.000080,-0.001141,-0.001327,0.005091,0.001722,0.001869,-0.001095,0.000522,-0.004656,-0.001859,-0.000518,-0.003303,-0.003449,-0.006234,-0.002762,-0.000772,-0.004728,-0.002675,-0.003540,-0.003533,0.001437,-0.005300,-0.003775,-0.003816,-0.000039,0.004497,0.005500,0.001499,0.000559,0.005342,0.005661,0.008486,0.009082,0.006965,0.007437,0.009651,0.012950,0.006996,0.004814,0.006072,0.012680,0.011693,0.013979,0.010535,0.010107,0.006958,0.002594,0.001518,0.002926,0.000159,0.006573,0.005336,0.002651,0.005085,-0.001575,0.002322
0.000247,0.001828,0.000325,0.001840,0.003953,0.000127,0.001721,0.005231,0.006948,0.004544,0.003115,0.002764,-0.000458,-0.000631,0.003145,-0.002244,-0.000028,-0.002796,-0.002768,-0.001222,-0.003854,-0.005124,-0.008261,-0.007092,-0.003754,-0.009553,-0.006677,-0.003303,0.000773,0.000842,0.003928,0.000775,-0.000030,0.004900,0.007418,0.006341,0.009766,0.005237,0.006440,0.005356,0.012341,0.006075,0.002904,0.006211,0.013179,0.008979,0.010535,0.017679,0.013243,0.006425,0.004078,0.000737,0.002973,-0.005085,-0.000406,0.004338,-0.000477,0.001475,0.005218,0.001052
0.003264,0.003188,0.002100,0.002097,0.002228,-0.000286,0.001179,0.006528,0.006602,0.004486,0.001058,0.003307,0.001744,0.003006,0.006775,0.000054,-0.002211,-0.003799,-0.003690,0.004128,-0.005283,-0.000704,-0.003066,-0.005033,-0.004051,-0.010567,-0.005905,-0.006821,0.000478,0.001809,0.003977,-0.000002,0.003918,0.000080,0.000959,0.002927,0.003124,0.004656,0.005501,0.007899,0.015104,0.008125,0.005843,0.005047,0.016539,0.008201,0.010107,0.013243,0.018940,0.008628,0.002590,0.001194,0.001658,0.000747,0.003984,0.002753,0.000826,0.001696,0.001169,0.000893
0.007434,0.004614,0.001513,0.000778,-0.000533,-0.001504,0.004855,0.008208,-0.000885,-0.000630,-0.000708,0.000909,0.001222,-0.000337,0.005285,-0.000367,0.005521,0.004092,0.003485,0.008827,0.004777,0.010829,0.004118,-0.009300,-0.000849,-0.007945,0.000312,-0.007957,-0.003007,-0.003672,0.004540,-0.001290,0.005135,0.002210,0.001457,0.005585,-0.000282,0.006569,0.000972,0.005221,0.006683,0.002230,0.000705,0.000844,0.012072,0.009721,0.006958,0.006425,0.008628,0.018475,0.002740,0.001342,-0.002943,-0.003633,0.004590,0.002913,0.002525,0.006049,-0.001671,0.000895
0.001282,0.003043,0.000941,0.001404,0.002143,0.000263,-0.001119,0.004350,0.007102,0.004554,0.002370,0.001493,0.001531,0.000264,0.001951,0.001030,0.000909,-0.000594,-0.000039,0.001271,0.000160,-0.001826,-0.004490,-0.004961,-0.003211,-0.006503,-0.001573,-0.003642,0.001202,0.002697,0.003234,0.002202,0.000283,0.002650,0.001420,0.001494,0.003639,0.001965,0.000603,0.003427,0.005269,0.001045,0.000384,0.001047,0.005487,0.005885,0.002594,0.004078,0.002590,0.002740,0.006093,0.000133,0.000532,0.000044,0.002601,0.001094,0.000850,0.001678,0.002447,0.001029
0.002220,0.000785,0.001634,0.000837,0.001856,0.000116,0.000613,0.002405,0.000146,0.000108,-0.000106,0.000803,0.001140,0.000823,0.000657,-0.000010,-0.000567,-0.000419,0.000837,0.000117,0.001357,-0.000494,0.001656,0.001901,0.001085,0.000545,-0.000454,0.000363,0.000219,-0.001750,-0.001143,-0.002254,-0.003949,-0.002964,-0.003771,-0.002599,-0.003402,-0.002281,0.000831,-0.000813,-0.000092,0.000855,0.001804,0.000240,0.001583,0.000382,0.001518,0.000737,0.001194,0.001342,0.000133,0.002852,0.001369,0.001545,0.001208,-0.000036,0.001911,0.001757,-0.000702,0.001033
0.002924,0.002732,0.003958,0.001253,0.004277,0.001564,0.001633,0.002727,0.007224,0.005248,0.002465,0.002543,0.001907,0.001196,0.001097,0.001367,-0.001339,-0.004769,0.002169,0.000032,-0.004164,-0.004444,-0.000627,0.004526,0.003820,0.000867,-0.006789,-0.000336,0.001153,-0.001177,-0.003088,-0.003865,-0.005679,-0.000333,0.001688,0.003412,0.006227,-0.001560,0.000632,0.003586,0.003102,0.005150,0.001240,0.001229,0.002746,-0.000452,0.002926,0.002973,0.001658,-0.002943,0.000532,0.001369,0.011397,0.003569,0.001263,0.004181,-0.000234,-0.000312,0.002500,0.001313
0.004874,0.002164,0.002177,0.003772,0.006833,0.004216,0.000186,0.009287,0.001173,0.002292,0.000154,-0.002227,0.001752,0.004254,0.002739,0.004684,0.000681,-0.001897,0.005832,0.001907,0.008877,0.000120,0.003344,0.002664,-0.004310,-0.001176,-0.004728,-0.008230,-0.002983,0.001335,-0.003683,-0.001860,0.000605,-0.000297,-0.003091,-0.003014,-0.000520,0.003470,-0.000510,0.014695,0.011347,-0.000202,0.002583,0.003230,0.003078,0.000107,0.000159,-0.005085,0.000747,-0.003633,0.000044,0.001545,0.003569,0.030321,0.018015,0.005904,0.006648,0.008103,0.000109,0.006863
0.008516,0.005220,0.002350,0.003733,0.002983,0.001612,-0.003236,0.011346,0.002048,0.002661,-0.002095,0.001382,-0.000695,0.002809,0.003234,0.004201,0.001064,-0.003132,0.000595,0.001749,0.002238,-0.000105,0.002584,-0.002626,-0.005469,-0.007494,-0.004960,-0.010747,-0.000872,0.002128,0.004682,0.003751,0.003128,0.003574,0.002315,0.004116,0.003102,0.006999,-0.003664,0.014622,0.013475,0.000369,0.005555,0.002560,0.011023,0.009884,0.006573,-0.000406,0.003984,0.004590,0.002601,0.001208,0.001263,0.018015,0.023433,0.006533,0.010613,0.011958,-0.002336,0.006707
0.003200,0.002171,0.001203,0.001579,0.001829,0.000419,0.001644,0.006395,0.001964,0.000134,0.000067,-0.000523,-0.004015,-0.003578,-0.000580,-0.001040,0.000366,0.000244,0.001921,0.001867,-0.000335,0.001849,0.000522,-0.002270,0.000614,-0.002511,-0.003801,-0.004328,-0.003947,0.001450,0.001869,-0.002979,-0.000161,0.002977,0.004872,0.003674,0.006872,0.004107,-0.000658,0.009497,0.008476,0.001928,-0.000331,0.003299,0.006644,0.006933,0.005336,0.004338,0.002753,0.002913,0.001094,-0.000036,0.004181,0.005904,0.006533,0.009261,0.000655,0.003012,0.001357,0.001398
0.009589,0.006782,0.005607,0.003102,0.005283,0.004490,-0.003696,0.004152,0.003115,0.003009,0.001439,0.000090,0.000974,0.001758,0.002181,-0.000027,0.001548,-0.002374,0.002484,0.002186,0.005578,-0.002788,0.000831,0.000993,-0.008969,-0.001166,-0.001612,-0.011942,-0.004996,-0.000778,0.001189,0.003545,-0.000140,0.002491,-0.000608,-0.002482,-0.001010,0.003121,0.000420,0.001212,0.004735,-0.002225,0.002786,-0.000344,0.006434,0.007198,0.002651,-0.000477,0.000826,0.002525,0.000850,0.001911,-0.000234,0.006648,0.010613,0.000655,0.016807,0.011965,-0.001459,0.002330
0.008663,0.005324,0.003062,0.002993,0.004626,0.003146,-0.000144,0.007486,0.002414,0.002134,0.000458,0.000602,0.001305,0.000737,0.000705,0.000642,0.003150,-0.001922,0.003283,0.002735,0.006465,0.001166,0.002189,-0.001255,-0.004207,-0.001806,-0.001503,-0.008504,-0.002807,-0.001002,0.001551,0.003187,0.002375,0.004022,0.000945,0.001102,-0.000353,0.004410,0.001749,0.005459,0.006596,-0.001274,0.001338,0.001131,0.007659,0.008840,0.005085,0.001475,0.001696,0.006049,0.001678,0.001757,-0.000312,0.008103,0.011958,0.003012,0.011965,0.012878,-0.001448,0.003374
0.004516,0.001140,0.001121,0.002364,0.007218,0.007219,0.005266,0.002594,0.009138,0.001705,0.007297,0.003129,0.004889,0.002940,0.006251,0.009108,0.012099,0.003225,0.002694,0.000293,0.001996,-0.002760,-0.004485,-0.006251,-0.003489,-0.006620,-0.010651,-0.010490,-0.007124,-0.006905,-0.004974,-0.001980,-0.000270,0.004479,0.006341,0.008291,0.009030,0.000564,0.003084,0.003653,0.005288,0.002378,0.001912,0.000902,0.001591,0.000574,-0.001575,0.005218,0.001169,-0.001671,0.002447,-0.000702,0.002500,0.000109,-0.002336,0.001357,-0.001459,-0.001448,0.018310,0.003388
0.001946,0.001812,-0.000095,0.001842,0.002653,0.000613,-0.000236,0.004048,0.000238,-0.000855,-0.000731,0.000332,-0.001622,0.003056,0.002460,0.002910,0.000766,-0.002502,-0.002063,-0.002819,0.002320,-0.003603,-0.001856,-0.001437,-0.002623,-0.004821,-0.006044,-0.005816,0.000195,-0.002087,-0.002069,0.000125,-0.001508,0.004047,0.005838,0.008162,0.007362,0.004038,-0.000463,0.005017,0.006368,0.002891,0.003922,0.000665,0.001661,0.000354,0.002322,0.001052,0.000893,0.000895,0.001029,0.001033,0.001313,0.006863,0.006707,0.001398,0.002330,0.003374,0.003388,0.006792
