0.000302,0.000333,0.000544,0.000227,0.000443,0.000967,0.000589,0.000532,0.000493,0.000251,0.000427,0.000506,0.000947,0.000990,0.002073,0.002476,0.002360,0.002487,0.000470,0.000889,0.000558,0.000987,-0.000171,-0.000815,-0.001341,-0.001078,-0.001859,-0.002981,-0.001907,-0.000448,-0.000471,-0.000637,-0.000449,-0.000111,0.000207,0.000309,0.000263,0.000120,0.000215,0.000344,0.000835,-0.000266,-0.000103,0.000223,-0.000028,0.000295,-0.000287,0.000227,0.000359,0.000349,0.000089,-0.000133,-0.000142,0.000456,0.000763,0.000714,0.000483,0.000373,0.001695,0.000581
0.000333,0.009216,0.002465,-0.000657,0.005675,0.000837,0.000189,0.003247,-0.001563,0.004830,0.000022,0.002878,0.001966,0.000551,0.000503,0.002787,0.003511,0.003383,0.002637,-0.001754,-0.001354,0.002631,0.000982,0.000577,-0.002107,-0.002971,-0.002697,-0.003610,-0.002313,-0.001621,0.001312,-0.002379,0.000855,0.000169,-0.001793,-0.000758,0.000641,0.000206,0.000838,0.000184,0.001676,0.000887,0.001356,-0.000874,0.002546,0.000799,0.001253,0.002289,0.005294,0.005887,0.002348,0.000706,0.002565,0.002395,0.004947,0.001866,0.003420,-0.000312,-0.002615,0.000608
0.000544,0.002465,0.007254,0.001297,0.004482,0.003120,0.000390,-0.000913,0.004568,0.004586,0.006220,0.004117,0.004453,0.001524,0.001715,0.002140,0.001331,0.000647,0.001484,0.001258,-0.000797,-0.000782,-0.006230,-0.000154,-0.003573,0.002116,-0.005979,-0.008745,-0.006831,0.001650,0.001138,-0.001282,0.000365,-0.001179,-0.000236,-0.002851,-0.000831,-0.001645,-0.001538,0.000127,-0.000574,-0.000672,-0.001363,-0.000001,-0.000925,0.002031,-0.000748,0.000431,-0.000630,-0.002206,0.001047,0.000167,0.002288,0.003963,0.003149,0.001398,0.002436,0.001766,0.005010,0.000236
0.000227,-0.000657,0.001297,0.002727,0.002645,0.002829,0.001230,0.002117,0.003240,0.001966,0.002199,0.003056,0.002150,0.000428,0.001014,0.001927,0.001351,0.000234,-0.001175,-0.001724,-0.000269,-0.000488,-0.001101,0.000464,-0.001188,-0.000772,-0.001250,-0.002240,-0.003199,0.000117,-0.000138,0.002552,-0.000992,-0.000937,-0.000557,0.000445,-0.001419,-0.000742,0.001305,0.001056,0.000883,-0.001338,-0.000074,0.000695,0.001405,0.001537,0.000991,0.000284,0.001198,-0.000712,0.000581,0.000605,-0.000255,0.001166,0.002755,0.001318,0.001631,0.002991,0.003444,0.001054
0.000443,0.005675,0.004482,0.002645,0.019880,0.008948,0.004597,0.008673,0.003389,0.008224,0.005922,0.011077,0.008253,0.005535,0.006325,0.009396,0.001242,0.001111,0.000392,0.003416,-0.003379,0.000817,-0.003269,0.000862,-0.003692,-0.010013,-0.007773,-0.005657,-0.001250,-0.005666,-0.000400,-0.003568,-0.003840,-0.004889,-0.006110,0.002238,0.002984,-0.000014,0.002897,-0.000667,0.000816,0.001615,0.001120,-0.000708,0.002854,-0.000747,-0.001038,0.000100,0.007132,-0.003158,0.001358,0.003393,0.007047,0.006447,0.008542,0.000466,0.003550,0.001340,0.004582,0.001033
0.000967,0.000837,0.003120,0.002829,0.008948,0.015196,0.006798,0.006104,0.004687,0.008081,0.006768,0.011463,0.011354,0.007175,0.011332,0.012874,0.007560,0.007542,0.004182,0.006243,0.004617,0.005519,-0.001544,-0.006657,-0.008754,-0.006906,-0.007864,-0.011095,-0.003664,-0.006023,-0.005036,-0.001660,-0.004371,-0.002602,-0.004066,0.001426,0.001357,0.002997,0.005805,0.000571,0.000887,-0.004334,-0.001145,-0.000223,0.002006,0.002248,-0.001890,-0.001038,0.002009,-0.000476,0.000770,0.000842,0.003447,0.000994,0.005436,0.000148,0.006337,0.004924,0.003943,0.001144
0.000589,0.000189,0.000390,0.001230,0.004597,0.006798,0.015369,0.007729,0.002226,0.004393,0.004912,0.010115,0.010634,0.004570,0.012080,0.009352,0.007576,0.007552,0.005228,0.001565,0.005290,0.009349,0.003373,-0.000638,0.001028,-0.001405,0.002706,-0.002698,0.001493,-0.004927,-0.003223,-0.006026,-0.001370,-0.005889,-0.003886,0.002031,0.001373,-0.001038,0.002788,0.000051,0.001378,0.001633,-0.001418,0.002571,0.003177,0.003482,-0.001011,0.001078,0.003285,0.003260,-0.000384,0.001758,0.002854,0.003197,-0.000525,0.002302,-0.001939,0.001545,0.005205,0.003050
0.000532,0.003247,-0.000913,0.002117,0.008673,0.006104,0.007729,0.015708,0.001986,0.005343,0.003225,0.006293,0.004371,0.004982,0.006319,0.005279,0.004243,0.006763,0.001200,-0.000084,0.002100,0.001442,-0.000861,-0.004412,-0.006761,-0.010993,-0.002438,0.000026,-0.000828,-0.001383,0.001880,0.000140,-0.001500,-0.000747,-0.002571,0.009119,0.004170,0.003974,0.005488,0.007464,0.006480,0.004336,0.002748,0.001369,0.010708,0.004664,0.002743,0.001792,0.009118,0.005529,0.000790,0.002840,0.003034,0.005187,0.007233,0.004407,0.003528,0.002944,0.001069,0.003019
0.000493,-0.001563,0.004568,0.003240,0.003389,0.004687,0.002226,0.001986,0.015151,0.008435,0.010915,0.004828,0.006985,0.005474,0.003614,0.005030,0.006394,0.005485,-0.001946,0.004725,0.002008,0.003595,-0.000618,0.003614,0.000695,0.001045,-0.000953,-0.005067,-0.007193,0.005229,-0.004415,0.003360,0.000096,-0.002393,-0.000888,-0.008453,-0.002107,-0.002176,-0.004763,-0.000476,0.001298,-0.000756,-0.002317,0.001044,0.001333,0.003259,-0.000707,-0.001121,0.000130,-0.005665,0.000292,-0.000477,0.000064,-0.000612,0.003714,-0.001362,0.001145,0.003986,0.002650,-0.001863
0.000251,0.004830,0.004586,0.001966,0.008224,0.008081,0.004393,0.005343,0.008435,0.019727,0.010400,0.012950,0.011779,0.003838,0.006022,0.007189,0.006321,0.001921,0.003574,0.002443,0.001967,0.005635,0.001698,0.005605,-0.001863,-0.000793,0.003325,-0.002857,-0.004356,0.000808,-0.007845,0.000660,-0.001672,-0.004205,-0.008857,-0.007299,-0.001424,-0.001799,-0.001568,0.002089,0.003067,-0.003869,0.001637,0.000244,0.012430,0.008901,0.004872,0.002795,0.006359,0.002088,0.003284,0.002026,0.004048,-0.000897,0.008576,-0.001540,0.005719,0.004355,-0.003984,-0.001947
0.000427,0.000022,0.006220,0.002199,0.005922,0.006768,0.004912,0.003225,0.010915,0.010400,0.018759,0.003147,0.008611,0.002294,0.007010,0.004025,0.005161,0.001130,0.003103,0.011255,0.003345,0.006193,-0.001277,-0.000909,-0.001919,0.002961,-0.001305,-0.004905,-0.007759,0.001571,-0.003662,-0.003492,-0.001266,-0.003867,-0.002078,-0.005464,0.003106,0.000903,-0.001882,0.004558,0.000719,-0.001770,-0.001053,0.001278,0.007071,0.008352,-0.000185,0.000424,0.001416,-0.005728,0.002733,-0.000468,0.003430,0.003651,0.003593,-0.004303,0.002609,0.006297,0.003353,-0.002125
0.000506,0.002878,0.004117,0.003056,0.011077,0.011463,0.010115,0.006293,0.004828,0.012950,0.003147,0.032933,0.020720,0.011259,0.009753,0.014409,0.008765,0.004697,0.003787,-0.003740,-0.000633,0.006163,-0.003980,0.001754,-0.002991,-0.004371,0.000551,-0.007351,0.004169,-0.004869,-0.004460,0.005320,-0.000378,-0.006962,-0.015143,-0.002716,-0.008784,-0.004506,0.006086,-0.000666,0.001472,-0.001669,-0.001512,-0.000492,0.005976,-0.000819,0.001970,-0.000300,0.005290,0.002927,0.001821,0.005342,0.002111,-0.001926,0.005823,0.002986,-0.000867,-0.001069,-0.001334,0.000953
0.000947,0.001966,0.004453,0.002150,0.008253,0.011354,0.010634,0.004371,0.006985,0.011779,0.008611,0.020720,0.023796,0.012227,0.017018,0.018737,0.011920,0.010209,0.005425,0.007346,0.007013,0.013831,0.001420,-0.000176,-0.003365,-0.003814,-0.004238,-0.011429,0.000830,-0.003391,-0.012583,-0.002164,-0.002484,-0.008387,-0.009470,-0.005599,-0.007103,-0.002557,0.001433,-0.003543,0.000262,-0.003132,-0.001437,-0.000487,0.003294,-0.000164,-0.002184,-0.000324,0.002646,0.001487,0.001800,0.002321,0.002060,-0.000500,0.005566,0.000509,0.001790,0.003467,0.000552,0.001429
0.000990,0.000551,0.001524,0.000428,0.005535,0.007175,0.004570,0.004982,0.005474,0.003838,0.002294,0.011259,0.012227,0.019060,0.011548,0.016198,0.009936,0.012695,0.003552,0.009776,0.008307,0.003890,-0.001889,-0.002869,-0.005575,-0.006104,-0.009519,-0.007940,0.004110,0.002662,-0.003797,-0.004752,-0.003192,-0.002749,-0.003969,-0.003033,-0.003328,0.000691,-0.001647,-0.001702,0.003450,0.004678,-0.003899,-0.001241,-0.001434,-0.004953,-0.003349,-0.001329,0.004770,-0.001354,-0.001007,0.002218,0.001331,-0.002809,0.002753,0.000723,-0.002387,-0.003728,0.000614,0.001165
0.002073,0.000503,0.001715,0.001014,0.006325,0.011332,0.012080,0.006319,0.003614,0.006022,0.007010,0.009753,0.017018,0.011548,0.028332,0.026868,0.018363,0.018965,0.004779,0.013149,0.007921,0.013691,0.002149,-0.007371,-0.010335,-0.009048,-0.008650,-0.019581,-0.009464,-0.008051,-0.013163,-0.009789,-0.006516,-0.009975,-0.007446,-0.001381,0.002645,0.000764,0.001889,-0.001494,0.004601,-0.004914,-0.000331,0.001109,0.001393,0.001451,-0.005879,-0.000976,0.003558,0.000904,0.000376,-0.000466,0.001659,0.001324,0.002464,0.001145,0.002460,0.002529,0.009844,0.003915
0.002476,0.002787,0.002140,0.001927,0.009396,0.012874,0.009352,0.005279,0.005030,0.007189,0.004025,0.014409,0.018737,0.016198,0.026868,0.036481,0.027773,0.024478,0.007397,0.015315,0.010366,0.017728,0.009181,-0.001579,-0.006799,-0.008469,-0.012989,-0.023851,-0.011552,-0.010534,-0.019048,-0.009871,-0.010902,-0.008855,-0.006184,-0.007127,-0.004204,-0.002293,-0.000436,-0.006368,0.005055,-0.006858,-0.002459,-0.000906,-0.004407,-0.003146,-0.005686,-0.003181,0.002597,-0.000092,0.000046,0.001212,-0.000172,-0.000681,0.007497,0.000839,0.003464,0.002524,0.007726,0.004995
0.002360,0.003511,0.001331,0.001351,0.001242,0.007560,0.007576,0.004243,0.006394,0.006321,0.005161,0.008765,0.011920,0.009936,0.018363,0.027773,0.036975,0.029791,0.010003,0.011514,0.009924,0.020343,0.014663,0.000728,-0.001587,-0.003374,-0.004562,-0.018516,-0.006964,-0.005997,-0.013689,-0.004835,-0.007052,-0.001218,-0.001679,-0.008664,-0.004236,-0.001139,-0.003343,-0.004324,0.002982,-0.008520,-0.001187,0.001932,0.001136,0.002747,-0.001936,0.001203,0.000996,0.006246,0.001709,0.001070,-0.004791,-0.000667,0.006481,0.000272,0.003021,0.005383,0.006133,0.003972
0.002487,0.003383,0.000647,0.000234,0.001111,0.007542,0.007552,0.006763,0.005485,0.001921,0.001130,0.004697,0.010209,0.012695,0.018965,0.024478,0.029791,0.038393,0.008289,0.017088,0.010055,0.021939,0.013814,-0.005226,-0.005140,-0.012779,-0.008678,-0.020315,-0.004844,-0.003136,-0.012631,-0.008199,-0.001750,-0.000329,-0.002694,-0.005881,-0.005668,-0.000035,-0.002944,-0.004553,0.002533,-0.003502,-0.001116,0.000825,-0.000786,0.001047,-0.005861,0.000420,0.001277,0.007794,0.000842,-0.000209,-0.005050,0.000247,0.007893,0.005327,0.004549,0.003776,0.006082,0.004057
0.000470,0.002637,0.001484,-0.001175,0.000392,0.004182,0.005228,0.001200,-0.001946,0.003574,0.003103,0.003787,0.005425,0.003552,0.004779,0.007397,0.010003,0.008289,0.020141,0.011825,0.005408,0.010291,0.011025,0.001667,0.002152,0.001806,-0.004862,-0.004211,0.005022,-0.005061,-0.003118,-0.007766,0.001769,0.002568,-0.004099,-0.003856,-0.005411,-0.000881,-0.001050,-0.004251,-0.003448,0.001178,-0.005878,-0.000043,0.000776,0.003226,-0.001876,0.000585,0.000613,0.007179,0.001745,0.001727,0.003758,0.004770,0.003415,0.000444,0.001994,0.004451,-0.000501,-0.000017
0.000889,-0.001754,0.001258,-0.001724,0.003416,0.006243,0.001565,-0.000084,0.004725,0.002443,0.011255,-0.003740,0.007346,0.009776,0.013149,0.015315,0.011514,0.017088,0.011825,0.041235,0.009713,0.023438,0.017722,-0.003414,0.002748,-0.007677,-0.014711,-0.009454,-0.005816,-0.003857,-0.017210,-0.016811,-0.004085,-0.003937,-0.006927,-0.012253,-0.004062,0.001900,-0.007301,-0.003384,-0.003459,-0.001894,-0.004443,-0.003032,-0.001394,0.002243,-0.006352,-0.005741,-0.003963,-0.005035,0.001605,-0.001723,0.004790,0.001479,0.007401,-0.004883,0.000683,0.003926,-0.000670,-0.003239
0.000558,-0.001354,-0.000797,-0.000269,-0.003379,0.004617,0.005290,0.002100,0.002008,0.001967,0.003345,-0.000633,0.007013,0.008307,0.007921,0.010366,0.009924,0.010055,0.005408,0.009713,0.023898,0.010391,0.012130,0.004369,0.000273,0.005115,-0.000761,-0.003676,0.001980,0.000576,-0.011145,-0.006801,-0.004238,0.000466,0.001913,0.000979,0.000715,0.002348,-0.002596,-0.001858,-0.000582,-0.004380,-0.001363,0.000526,-0.004522,-0.001277,-0.002120,-0.002212,0.000325,0.002944,-0.001182,-0.000224,-0.000452,0.002258,0.000921,-0.004526,0.002230,0.004046,0.001407,0.003278
0.000987,0.002631,-0.000782,-0.000488,0.000817,0.005519,0.009349,0.001442,0.003595,0.005635,0.006193,0.006163,0.013831,0.003890,0.013691,0.017728,0.020343,0.021939,0.010291,0.023438,0.010391,0.038531,0.029563,0.007815,0.012049,-0.003301,-0.001755,-0.011134,-0.004784,-0.010292,-0.024867,-0.011920,-0.001422,-0.006789,-0.007183,-0.016234,-0.013463,-0.005141,-0.004262,-0.007500,-0.003782,-0.006487,-0.003617,-0.001717,-0.001254,0.001486,-0.003130,-0.003198,-0.002537,0.006338,0.002610,-0.000714,-0.000154,0.000417,0.006915,0.000898,-0.000929,0.005510,-0.001594,0.000579
-0.000171,0.000982,-0.006230,-0.001101,-0.003269,-0.001544,0.003373,-0.000861,-0.000618,0.001698,-0.001277,-0.003980,0.001420,-0.001889,0.002149,0.009181,0.014663,0.013814,0.011025,0.017722,0.012130,0.029563,0.040949,0.015912,0.019645,0.002070,0.006061,0.002198,0.003633,-0.010747,-0.020792,-0.007779,0.001599,0.000497,-0.003161,-0.010077,-0.009943,-0.002931,-0.005040,-0.009267,-0.005347,-0.007349,-0.002552,-0.002134,-0.005609,-0.001132,-0.003272,-0.005993,-0.003202,0.007808,0.000376,-0.000231,-0.002734,-0.001270,0.004675,-0.003806,0.000448,0.006524,-0.006394,0.000169
-0.000815,0.000577,-0.000154,0.000464,0.000862,-0.006657,-0.000638,-0.004412,0.003614,0.005605,-0.000909,0.001754,-0.000176,-0.002869,-0.007371,-0.001579,0.000728,-0.005226,0.001667,-0.003414,0.004369,0.007815,0.015912,0.028225,0.020042,0.011015,0.010023,0.008246,0.001662,0.001473,-0.010011,0.000037,0.001685,-0.002028,-0.004128,-0.012121,-0.008394,-0.012167,-0.009662,-0.008195,-0.003559,0.000697,-0.001928,-0.000493,-0.003383,-0.002365,0.003525,0.000806,0.003463,-0.000030,0.000150,0.002668,0.002917,0.000934,0.000080,-0.002101,-0.005561,-0.001619,-0.001559,-0.001758
-0.001341,-0.002107,-0.003573,-0.001188,-0.003692,-0.008754,0.001028,-0.006761,0.000695,-0.001863,-0.001919,-0.002991,-0.003365,-0.005575,-0.010335,-0.006799,-0.001587,-0.005140,0.002152,0.002748,0.000273,0.012049,0.019645,0.020042,0.028086,0.009333,0.013097,0.014757,0.007749,-0.000564,-0.007183,-0.003633,0.001649,-0.002410,-0.000377,-0.009711,-0.006302,-0.008383,-0.007435,-0.007799,-0.004594,0.004860,-0.000285,0.000367,-0.003600,-0.002234,0.002983,-0.000248,-0.002334,-0.000970,-0.000819,0.000780,0.000970,-0.002306,-0.002999,-0.004144,-0.007731,-0.001205,-0.005388,-0.002863
-0.001078,-0.002971,0.002116,-0.000772,-0.010013,-0.006906,-0.001405,-0.010993,0.001045,-0.000793,0.002961,-0.004371,-0.003814,-0.006104,-0.009048,-0.008469,-0.003374,-0.012779,0.001806,-0.007677,0.005115,-0.003301,0.002070,0.011015,0.009333,0.027778,0.014913,0.009695,0.000431,0.005025,-0.002748,-0.001385,-0.000216,-0.001606,0.004495,-0.016630,-0.008421,-0.007473,-0.009994,-0.007470,-0.005641,-0.004152,-0.005337,-0.000327,-0.009960,-0.000800,-0.000353,-0.003108,-0.008600,-0.007060,-0.001004,-0.000776,-0.002818,-0.000859,-0.010320,-0.004958,-0.004989,-0.002069,-0.003951,-0.001591
-0.001859,-0.002697,-0.005979,-0.001250,-0.007773,-0.007864,0.002706,-0.002438,-0.000953,0.003325,-0.001305,0.000551,-0.004238,-0.009519,-0.008650,-0.012989,-0.004562,-0.008678,-0.004862,-0.014711,-0.000761,-0.001755,0.006061,0.010023,0.013097,0.014913,0.033321,0.023218,0.013970,0.003531,-0.002584,0.004603,0.002194,-0.003325,-0.003992,-0.009070,-0.002781,-0.004815,-0.004692,-0.003827,-0.002485,-0.003105,0.004602,0.002423,0.005917,0.003266,0.004284,0.001288,-0.000808,0.000211,0.000384,0.001126,-0.005826,-0.006149,-0.009315,-0.006268,-0.003110,-0.002135,-0.012108,-0.002681
-0.002981,-0.003610,-0.008745,-0.002240,-0.005657,-0.011095,-0.002698,0.000026,-0.005067,-0.002857,-0.004905,-0.007351,-0.011429,-0.007940,-0.019581,-0.023851,-0.018516,-0.020315,-0.004211,-0.009454,-0.003676,-0.011134,0.002198,0.008246,0.014757,0.009695,0.023218,0.038246,0.021728,0.008114,0.006129,0.004926,0.001601,0.000867,-0.001839,-0.003040,-0.000808,-0.001510,-0.003497,-0.001869,-0.004954,0.007065,0.003199,0.000024,0.006481,0.000112,0.006119,0.001809,0.001738,-0.002572,-0.000824,0.002985,0.001789,-0.005589,-0.008391,-0.006490,-0.006988,-0.005446,-0.018029,-0.005639
-0.001907,-0.002313,-0.006831,-0.003199,-0.001250,-0.003664,0.001493,-0.000828,-0.007193,-0.004356,-0.007759,0.004169,0.000830,0.004110,-0.009464,-0.011552,-0.006964,-0.004844,0.005022,-0.005816,0.001980,-0.004784,0.003633,0.001662,0.007749,0.000431,0.013970,0.021728,0.042541,0.002929,0.009363,0.004487,0.005910,0.007175,-0.002370,0.007665,0.000521,0.005605,0.002128,-0.007567,-0.010036,0.005146,-0.000163,0.001149,0.001254,-0.008779,-0.003026,0.001775,0.000654,0.005544,-0.001459,0.004116,-0.001539,-0.003260,-0.007455,-0.006714,-0.006672,-0.004382,-0.010722,-0.002133
-0.000448,-0.001621,0.001650,0.000117,-0.005666,-0.006023,-0.004927,-0.001383,0.005229,0.000808,0.001571,-0.004869,-0.003391,0.002662,-0.008051,-0.010534,-0.005997,-0.003136,-0.005061,-0.003857,0.000576,-0.010292,-0.010747,0.001473,-0.000564,0.005025,0.003531,0.008114,0.002929,0.018598,0.006977,0.005754,0.002868,0.003800,0.003263,-0.002019,0.000111,0.000448,-0.006016,0.004757,0.003479,0.006939,0.001597,0.001150,0.005633,0.002854,0.004291,0.004650,0.001909,-0.002308,0.000591,-0.000619,-0.001160,-0.001286,-0.000595,0.001071,-0.002106,-0.002352,-0.003222,-0.002293
-0.000471,0.001312,0.001138,-0.000138,-0.000400,-0.005036,-0.003223,0.001880,-0.004415,-0.007845,-0.003662,-0.004460,-0.012583,-0.003797,-0.013163,-0.019048,-0.013689,-0.012631,-0.003118,-0.017210,-0.011145,-0.024867,-0.020792,-0.010011,-0.007183,-0.002748,-0.002584,0.006129,0.009363,0.006977,0.033628,0.009286,0.010415,0.012770,0.009695,0.023765,0.015462,0.009436,0.009569,0.012902,0.004890,0.012045,0.000937,0.004431,0.006011,0.001715,0.003654,0.007586,0.006769,0.002226,-0.000018,-0.000202,0.000454,0.003551,-0.003838,0.003408,-0.003748,-0.003724,0.006479,-0.000364
-0.000637,-0.002379,-0.001282,0.002552,-0.003568,-0.001660,-0.006026,0.000140,0.003360,0.000660,-0.003492,0.005320,-0.002164,-0.004752,-0.009789,-0.009871,-0.004835,-0.008199,-0.007766,-0.016811,-0.006801,-0.011920,-0.007779,0.000037,-0.003633,-0.001385,0.004603,0.004926,0.004487,0.005754,0.009286,0.022784,0.007330,0.008855,0.001584,0.010416,0.001773,0.003945,0.007010,0.005923,0.001750,-0.003146,0.003000,0.000593,0.005204,-0.000223,0.003700,0.001138,0.000304,0.002873,0.000505,0.000125,-0.004586,-0.003844,0.001192,0.000734,0.002058,0.003071,-0.004118,-0.001498
-0.000449,0.000855,0.000365,-0.000992,-0.003840,-0.004371,-0.001370,-0.001500,0.000096,-0.001672,-0.001266,-0.000378,-0.002484,-0.003192,-0.006516,-0.010902,-0.007052,-0.001750,0.001769,-0.004085,-0.004238,-0.001422,0.001599,0.001685,0.001649,-0.000216,0.002194,0.001601,0.005910,0.002868,0.010415,0.007330,0.017030,0.009338,0.001058,0.006855,0.000303,0.001551,0.002624,0.004398,0.000931,0.004909,-0.001659,0.000284,0.001499,0.000103,-0.001430,0.001110,0.002870,0.004758,0.001275,-0.001167,-0.001594,0.000027,-0.002025,0.003512,-0.002599,-0.001486,-0.001459,-0.002830
-0.000111,0.000169,-0.001179,-0.000937,-0.004889,-0.002602,-0.005889,-0.000747,-0.002393,-0.004205,-0.003867,-0.006962,-0.008387,-0.002749,-0.009975,-0.008855,-0.001218,-0.000329,0.002568,-0.003937,0.000466,-0.006789,0.000497,-0.002028,-0.002410,-0.001606,-0.003325,0.000867,0.007175,0.003800,0.012770,0.008855,0.009338,0.017146,0.010745,0.014919,0.007248,0.008031,0.004539,0.006965,0.002782,0.002410,0.000072,0.001565,0.001689,0.000044,0.001132,0.002720,0.001183,0.004924,-0.000267,-0.001189,-0.002838,0.000267,0.000963,0.000615,0.000899,0.000947,-0.000506,-0.000704
0.000207,-0.001793,-0.000236,-0.000557,-0.006110,-0.004066,-0.003886,-0.002571,-0.000888,-0.008857,-0.002078,-0.015143,-0.009470,-0.003969,-0.007446,-0.006184,-0.001679,-0.002694,-0.004099,-0.006927,0.001913,-0.007183,-0.003161,-0.004128,-0.000377,0.004495,-0.003992,-0.001839,-0.002370,0.003263,0.009695,0.001584,0.001058,0.010745,0.023098,0.012584,0.008903,0.007110,0.001629,0.004942,0.005842,0.004283,0.000693,0.002723,-0.005974,-0.002210,-0.000158,0.001253,-0.004758,-0.003628,-0.003477,-0.003558,-0.005380,0.001725,-0.002415,0.001126,-0.000627,0.000580,0.005175,0.002491
0.000309,-0.000758,-0.002851,0.000445,0.002238,0.001426,0.002031,0.009119,-0.008453,-0.007299,-0.005464,-0.002716,-0.005599,-0.003033,-0.001381,-0.007127,-0.008664,-0.005881,-0.003856,-0.012253,0.000979,-0.016234,-0.010077,-0.012121,-0.009711,-0.016630,-0.009070,-0.003040,0.007665,-0.002019,0.023765,0.010416,0.006855,0.014919,0.012584,0.049331,0.029743,0.019049,0.021687,0.021238,0.011528,0.008278,0.009988,0.005710,0.009658,0.000671,0.003030,0.005620,0.008256,0.009480,-0.002197,-0.000999,0.000194,0.007436,0.002753,0.002029,0.003728,0.003730,0.011818,0.005326
0.000263,0.000641,-0.000831,-0.001419,0.002984,0.001357,0.001373,0.004170,-0.002107,-0.001424,0.003106,-0.008784,-0.007103,-0.003328,0.002645,-0.004204,-0.004236,-0.005668,-0.005411,-0.004062,0.000715,-0.013463,-0.009943,-0.008394,-0.006302,-0.008421,-0.002781,-0.000808,0.000521,0.000111,0.015462,0.001773,0.000303,0.007248,0.008903,0.029743,0.033958,0.015326,0.011044,0.014663,0.009014,0.005536,0.009034,0.005578,0.007045,0.002396,0.000300,0.004021,0.006352,0.000050,-0.002221,-0.003168,0.004322,0.004506,-0.003644,-0.006315,0.001598,-0.001280,0.009435,0.000341
0.000120,0.000206,-0.001645,-0.000742,-0.000014,0.002997,-0.001038,0.003974,-0.002176,-0.001799,0.000903,-0.004506,-0.002557,0.000691,0.000764,-0.002293,-0.001139,-0.000035,-0.000881,0.001900,0.002348,-0.005141,-0.002931,-0.012167,-0.008383,-0.007473,-0.004815,-0.001510,0.005605,0.000448,0.009436,0.003945,0.001551,0.008031,0.007110,0.019049,0.015326,0.014955,0.008599,0.009200,0.004381,0.000476,0.004263,0.001620,0.004462,0.000699,-0.001322,-0.000183,0.000168,0.002842,-0.000524,-0.002296,-0.001126,0.002178,0.001747,-0.002732,0.003722,0.003054,0.000946,0.000673
0.000215,0.000838,-0.001538,0.001305,0.002897,0.005805,0.002788,0.005488,-0.004763,-0.001568,-0.001882,0.006086,0.001433,-0.001647,0.001889,-0.000436,-0.003343,-0.002944,-0.001050,-0.007301,-0.002596,-0.004262,-0.005040,-0.009662,-0.007435,-0.009994,-0.004692,-0.003497,0.002128,-0.006016,0.009569,0.007010,0.002624,0.004539,0.001629,0.021687,0.011044,0.008599,0.016793,0.010494,0.004966,0.001172,0.003495,0.001772,0.005639,0.000453,0.001118,0.001946,0.004831,0.005349,0.000188,-0.000021,0.000177,0.000647,0.002160,0.001835,0.002780,0.002423,0.003665,0.002054
0.000344,0.000184,0.000127,0.001056,-0.000667,0.000571,0.000051,0.007464,-0.000476,0.002089,0.004558,-0.000666,-0.003543,-0.001702,-0.001494,-0.006368,-0.004324,-0.004553,-0.004251,-0.003384,-0.001858,-0.007500,-0.009267,-0.008195,-0.007799,-0.007470,-0.003827,-0.001869,-0.007567,0.004757,0.012902,0.005923,0.004398,0.006965,0.004942,0.021238,0.014663,0.009200,0.010494,0.022939,0.013659,0.006474,0.005602,0.002640,0.015954,0.009389,0.007923,0.005440,0.008434,0.003552,0.001752,-0.001136,-0.000273,0.001279,0.004009,0.003155,0.001217,0.001025,0.003624,0.000621
0.000835,0.001676,-0.000574,0.000883,0.000816,0.000887,0.001378,0.006480,0.001298,0.003067,0.000719,0.001472,0.000262,0.003450,0.004601,0.005055,0.002982,0.002533,-0.003448,-0.003459,-0.000582,-0.003782,-0.005347,-0.003559,-0.004594,-0.005641,-0.002485,-0.004954,-0.010036,0.003479,0.004890,0.001750,0.000931,0.002782,0.005842,0.011528,0.009014,0.004381,0.004966,0.013659,0.016844,0.008007,0.004998,0.002778,0.009837,0.004124,0.005748,0.004071,0.008770,0.000466,0.000292,-0.001198,-0.001457,-0.000544,0.003881,0.004520,0.000257,-0.002265,0.003096,0.001440
-0.000266,0.000887,-0.000672,-0.001338,0.001615,-0.004334,0.001633,0.004336,-0.000756,-0.003869,-0.001770,-0.001669,-0.003132,0.004678,-0.004914,-0.006858,-0.008520,-0.003502,0.001178,-0.001894,-0.004380,-0.006487,-0.007349,0.000697,0.004860,-0.004152,-0.003105,0.007065,0.005146,0.006939,0.012045,-0.003146,0.004909,0.002410,0.004283,0.008278,0.005536,0.000476,0.001172,0.006474,0.008007,0.020796,0.000818,0.002394,0.004390,-0.001956,0.002594,0.004343,0.008300,-0.001208,-0.001130,0.000880,0.004381,0.003406,-0.002014,0.004919,-0.007810,-0.008366,0.001757,-0.001518
-0.000103,0.001356,-0.001363,-0.000074,0.001120,-0.001145,-0.001418,0.002748,-0.002317,0.001637,-0.001053,-0.001512,-0.001437,-0.003899,-0.000331,-0.002459,-0.001187,-0.001116,-0.005878,-0.004443,-0.001363,-0.003617,-0.002552,-0.001928,-0.000285,-0.005337,0.004602,0.003199,-0.000163,0.001597,0.000937,0.003000,-0.001659,0.000072,0.000693,0.009988,0.009034,0.004263,0.003495,0.005602,0.004998,0.000818,0.010876,0.002109,0.008521,0.002607,0.004109,0.002959,0.003071,0.002590,0.000936,-0.000111,-0.000508,0.001400,0.002616,-0.000901,0.004567,0.001472,-0.000404,0.000717
0.000223,-0.000874,-0.000001,0.000695,-0.000708,-0.000223,0.002571,0.001369,0.001044,0.000244,0.001278,-0.000492,-0.000487,-0.001241,0.001109,-0.000906,0.001932,0.000825,-0.000043,-0.003032,0.000526,-0.001717,-0.002134,-0.000493,0.000367,-0.000327,0.002423,0.000024,0.001149,0.001150,0.004431,0.000593,0.000284,0.001565,0.002723,0.005710,0.005578,0.001620,0.001772,0.002640,0.002778,0.002394,0.002109,0.004734,0.004450,0.002779,0.002076,0.003647,0.002763,0.000847,-0.000046,-0.000319,-0.000458,0.002513,-0.000376,0.000073,-0.001393,0.000648,0.005915,0.000770
-0.000028,0.002546,-0.000925,0.001405,0.002854,0.002006,0.003177,0.010708,0.001333,0.012430,0.007071,0.005976,0.003294,-0.001434,0.001393,-0.004407,0.001136,-0.000786,0.000776,-0.001394,-0.004522,-0.001254,-0.005609,-0.003383,-0.003600,-0.009960,0.005917,0.006481,0.001254,0.005633,0.006011,0.005204,0.001499,0.001689,-0.005974,0.009658,0.007045,0.004462,0.005639,0.015954,0.009837,0.004390,0.008521,0.004450,0.028842,0.015644,0.012988,0.011360,0.013381,0.008546,0.005368,0.002116,0.002563,-0.000231,0.008840,0.001905,0.003496,0.004573,-0.003279,-0.001497
0.000295,0.000799,0.002031,0.001537,-0.000747,0.002248,0.003482,0.004664,0.003259,0.008901,0.008352,-0.000819,-0.000164,-0.004953,0.001451,-0.003146,0.002747,0.001047,0.003226,0.002243,-0.001277,0.001486,-0.001132,-0.002365,-0.002234,-0.000800,0.003266,0.000112,-0.008779,0.002854,0.001715,-0.000223,0.000103,0.000044,-0.002210,0.000671,0.002396,0.000699,0.000453,0.009389,0.004124,-0.001956,0.002607,0.002779,0.015644,0.016020,0.008013,0.006574,0.004131,0.004561,0.003672,-0.000083,0.001327,0.001210,0.006204,0.001710,0.005670,0.007866,0.001032,-0.000332
-0.000287,0.001253,-0.000748,0.000991,-0.001038,-0.001890,-0.001011,0.002743,-0.000707,0.004872,-0.000185,0.001970,-0.002184,-0.003349,-0.005879,-0.005686,-0.001936,-0.005861,-0.001876,-0.006352,-0.002120,-0.003130,-0.003272,0.003525,0.002983,-0.000353,0.004284,0.006119,-0.003026,0.004291,0.003654,0.003700,-0.001430,0.001132,-0.000158,0.003030,0.000300,-0.001322,0.001118,0.007923,0.005748,0.002594,0.004109,0.002076,0.012988,0.008013,0.011701,0.007336,0.006291,0.004222,0.002255,0.001215,0.001268,-0.001635,0.004969,0.001986,0.001159,0.001982,-0.003104,0.000001
0.000227,0.002289,0.000431,0.000284,0.000100,-0.001038,0.001078,0.001792,-0.001121,0.002795,0.000424,-0.000300,-0.000324,-0.001329,-0.000976,-0.003181,0.001203,0.000420,0.000585,-0.005741,-0.002212,-0.003198,-0.005993,0.000806,-0.000248,-0.003108,0.001288,0.001809,0.001775,0.004650,0.007586,0.001138,0.001110,0.002720,0.001253,0.005620,0.004021,-0.000183,0.001946,0.005440,0.004071,0.004343,0.002959,0.003647,0.011360,0.006574,0.007336,0.010722,0.008410,0.004804,0.002494,0.000778,0.001400,-0.000294,0.002428,0.002512,0.000125,0.000985,0.002628,0.000148
0.000359,0.005294,-0.000630,0.001198,0.007132,0.002009,0.003285,0.009118,0.000130,0.006359,0.001416,0.005290,0.002646,0.004770,0.003558,0.002597,0.000996,0.001277,0.000613,-0.003963,0.000325,-0.002537,-0.003202,0.003463,-0.002334,-0.008600,-0.000808,0.001738,0.000654,0.001909,0.006769,0.000304,0.002870,0.001183,-0.004758,0.008256,0.006352,0.000168,0.004831,0.008434,0.008770,0.008300,0.003071,0.002763,0.013381,0.004131,0.006291,0.008410,0.018175,0.005882,0.003221,0.002816,0.004874,0.000800,0.004356,0.002683,-0.000853,-0.002357,0.002412,-0.000008
0.000349,0.005887,-0.002206,-0.000712,-0.003158,-0.000476,0.003260,0.005529,-0.005665,0.002088,-0.005728,0.002927,0.001487,-0.001354,0.000904,-0.000092,0.006246,0.007794,0.007179,-0.005035,0.002944,0.006338,0.007808,-0.000030,-0.000970,-0.007060,0.000211,-0.002572,0.005544,-0.002308,0.002226,0.002873,0.004758,0.004924,-0.003628,0.009480,0.000050,0.002842,0.005349,0.003552,0.000466,-0.001208,0.002590,0.000847,0.008546,0.004561,0.004222,0.004804,0.005882,0.020228,0.002439,0.001593,-0.000011,0.001529,0.005303,0.004579,0.005511,0.005511,-0.002762,0.003778
0.000089,0.002348,0.001047,0.000581,0.001358,0.000770,-0.000384,0.000790,0.000292,0.003284,0.002733,0.001821,0.001800,-0.001007,0.000376,0.000046,0.001709,0.000842,0.001745,0.001605,-0.001182,0.002610,0.000376,0.000150,-0.000819,-0.001004,0.000384,-0.000824,-0.001459,0.000591,-0.000018,0.000505,0.001275,-0.000267,-0.003477,-0.002197,-0.002221,-0.000524,0.000188,0.001752,0.000292,-0.001130,0.000936,-0.000046,0.005368,0.003672,0.002255,0.002494,0.003221,0.002439,0.003341,0.000367,0.000367,0.000858,0.003302,0.000568,0.001804,0.002368,-0.000856,-0.000869
-0.000133,0.000706,0.000167,0.000605,0.003393,0.000842,0.001758,0.002840,-0.000477,0.002026,-0.000468,0.005342,0.002321,0.002218,-0.000466,0.001212,0.001070,-0.000209,0.001727,-0.001723,-0.000224,-0.000714,-0.000231,0.002668,0.000780,-0.000776,0.001126,0.002985,0.004116,-0.000619,-0.000202,0.000125,-0.001167,-0.001189,-0.003558,-0.000999,-0.003168,-0.002296,-0.000021,-0.001136,-0.001198,0.000880,-0.000111,-0.000319,0.002116,-0.000083,0.001215,0.000778,0.002816,0.001593,0.000367,0.003541,0.001336,0.000252,0.001259,0.000691,-0.000481,-0.000779,-0.001126,0.000656
-0.000142,0.002565,0.002288,-0.000255,0.007047,0.003447,0.002854,0.003034,0.000064,0.004048,0.003430,0.002111,0.002060,0.001331,0.001659,-0.000172,-0.004791,-0.005050,0.003758,0.004790,-0.000452,-0.000154,-0.002734,0.002917,0.000970,-0.002818,-0.005826,0.001789,-0.001539,-0.001160,0.000454,-0.004586,-0.001594,-0.002838,-0.005380,0.000194,0.004322,-0.001126,0.000177,-0.000273,-0.001457,0.004381,-0.000508,-0.000458,0.002563,0.001327,0.001268,0.001400,0.004874,-0.000011,0.000367,0.001336,0.010798,0.004121,0.001343,-0.000456,-0.000418,-0.001228,0.000767,-0.001546
0.000456,0.002395,0.003963,0.001166,0.006447,0.000994,0.003197,0.005187,-0.000612,-0.000897,0.003651,-0.001926,-0.000500,-0.002809,0.001324,-0.000681,-0.000667,0.000247,0.004770,0.001479,0.002258,0.000417,-0.001270,0.000934,-0.002306,-0.000859,-0.006149,-0.005589,-0.003260,-0.001286,0.003551,-0.003844,0.000027,0.000267,0.001725,0.007436,0.004506,0.002178,0.000647,0.001279,-0.000544,0.003406,0.001400,0.002513,-0.000231,0.001210,-0.001635,-0.000294,0.000800,0.001529,0.000858,0.000252,0.004121,0.016694,0.004189,0.003299,0.001862,0.003963,0.011451,0.002875
0.000763,0.004947,0.003149,0.002755,0.008542,0.005436,-0.000525,0.007233,0.003714,0.008576,0.003593,0.005823,0.005566,0.002753,0.002464,0.007497,0.006481,0.007893,0.003415,0.007401,0.000921,0.006915,0.004675,0.000080,-0.002999,-0.010320,-0.009315,-0.008391,-0.007455,-0.000595,-0.003838,0.001192,-0.002025,0.000963,-0.002415,0.002753,-0.003644,0.001747,0.002160,0.004009,0.003881,-0.002014,0.002616,-0.000376,0.008840,0.006204,0.004969,0.002428,0.004356,0.005303,0.003302,0.001259,0.001343,0.004189,0.016649,0.003779,0.009051,0.009642,0.000194,0.002012
0.000714,0.001866,0.001398,0.001318,0.000466,0.000148,0.002302,0.004407,-0.001362,-0.001540,-0.004303,0.002986,0.000509,0.000723,0.001145,0.000839,0.000272,0.005327,0.000444,-0.004883,-0.004526,0.000898,-0.003806,-0.002101,-0.004144,-0.004958,-0.006268,-0.006490,-0.006714,0.001071,0.003408,0.000734,0.003512,0.000615,0.001126,0.002029,-0.006315,-0.002732,0.001835,0.003155,0.004520,0.004919,-0.000901,0.000073,0.001905,0.001710,0.001986,0.002512,0.002683,0.004579,0.000568,0.000691,-0.000456,0.003299,0.003779,0.011482,-0.000455,-0.000849,0.004790,0.002783
0.000483,0.003420,0.002436,0.001631,0.003550,0.006337,-0.001939,0.003528,0.001145,0.005719,0.002609,-0.000867,0.001790,-0.002387,0.002460,0.003464,0.003021,0.004549,0.001994,0.000683,0.002230,-0.000929,0.000448,-0.005561,-0.007731,-0.004989,-0.003110,-0.006988,-0.006672,-0.002106,-0.003748,0.002058,-0.002599,0.000899,-0.000627,0.003728,0.001598,0.003722,0.002780,0.001217,0.000257,-0.007810,0.004567,-0.001393,0.003496,0.005670,0.001159,0.000125,-0.000853,0.005511,0.001804,-0.000481,-0.000418,0.001862,0.009051,-0.000455,0.016307,0.011750,-0.002624,0.002477
0.000373,-0.000312,0.001766,0.002991,0.001340,0.004924,0.001545,0.002944,0.003986,0.004355,0.006297,-0.001069,0.003467,-0.003728,0.002529,0.002524,0.005383,0.003776,0.004451,0.003926,0.004046,0.005510,0.006524,-0.001619,-0.001205,-0.002069,-0.002135,-0.005446,-0.004382,-0.002352,-0.003724,0.003071,-0.001486,0.000947,0.000580,0.003730,-0.001280,0.003054,0.002423,0.001025,-0.002265,-0.008366,0.001472,0.000648,0.004573,0.007866,0.001982,0.000985,-0.002357,0.005511,0.002368,-0.000779,-0.001228,0.003963,0.009642,-0.000849,0.011750,0.016316,0.001640,0.002711
0.001695,-0.002615,0.005010,0.003444,0.004582,0.003943,0.005205,0.001069,0.002650,-0.003984,0.003353,-0.001334,0.000552,0.000614,0.009844,0.007726,0.006133,0.006082,-0.000501,-0.000670,0.001407,-0.001594,-0.006394,-0.001559,-0.005388,-0.003951,-0.012108,-0.018029,-0.010722,-0.003222,0.006479,-0.004118,-0.001459,-0.000506,0.005175,0.011818,0.009435,0.000946,0.003665,0.003624,0.003096,0.001757,-0.000404,0.005915,-0.003279,0.001032,-0.003104,0.002628,0.002412,-0.002762,-0.000856,-0.001126,0.000767,0.011451,0.000194,0.004790,-0.002624,0.001640,0.026893,0.004703
0.000581,0.000608,0.000236,0.001054,0.001033,0.001144,0.003050,0.003019,-0.001863,-0.001947,-0.002125,0.000953,0.001429,0.001165,0.003915,0.004995,0.003972,0.004057,-0.000017,-0.003239,0.003278,0.000579,0.000169,-0.001758,-0.002863,-0.001591,-0.002681,-0.005639,-0.002133,-0.002293,-0.000364,-0.001498,-0.002830,-0.000704,0.002491,0.005326,0.000341,0.000673,0.002054,0.000621,0.001440,-0.001518,0.000717,0.000770,-0.001497,-0.000332,0.000001,0.000148,-0.000008,0.003778,-0.000869,0.000656,-0.001546,0.002875,0.002012,0.002783,0.002477,0.002711,0.004703,0.004865
