0.000000,0.000000,0.000000,0.000000,0.000000,0.000000,0.000000,0.000000
0.000000,157.824411,-4.791991,-0.477942,-4233.038735,0.000000,0.330932,-2.768472
0.000000,-4.791991,4.654635,0.673239,-185.699721,0.000000,0.556073,-0.151791
0.000000,-0.477942,0.673239,0.151664,-31.225212,0.000000,0.066006,0.011578
0.000000,-4233.038735,-185.699721,-31.225212,1303109.799366,0.000000,-271.096907,234.893436
0.000000,0.000000,0.000000,0.000000,0.000000,0.000000,0.000000,0.000000
0.000000,0.330932,0.556073,0.066006,-271.096907,0.000000,4.580374,-3.974818
0.000000,-2.768472,-0.151791,0.011578,234.893436,0.000000,-3.974818,4.027321
