0.000000,0.000000,0.000000,0.000000,0.000000,0.000000,0.000000,0.000000
0.000000,0.060849,-0.000634,-0.000261,-0.002298,0.000000,0.000810,-0.005523
0.000000,-0.000634,0.000267,0.000167,-0.000038,0.000000,0.000422,-0.000114
0.000000,-0.000261,0.000167,0.000152,-0.000026,0.000000,0.000220,0.000021
0.000000,-0.002298,-0.000038,-0.000026,0.001026,0.000000,-0.000843,0.000698
0.000000,0.000000,0.000000,0.000000,0.000000,0.000000,0.000000,0.000000
0.000000,0.000810,0.000422,0.000220,-0.000843,0.000000,0.051364,-0.041714
0.000000,-0.005523,-0.000114,0.000021,0.000698,0.000000,-0.041714,0.039673
