0.063343,0.005267,0.001598,0.000444,0.000852,0.000303,0.001841,-0.000688
0.005267,0.068641,-0.000397,0.001649,-0.000283,-0.000343,0.003395,-0.003658
0.001598,-0.000397,0.056140,0.000135,-0.000586,-0.000607,-0.000151,-0.000881
0.000444,0.001649,0.000135,0.016019,-0.001059,0.000138,0.001160,-0.000098
0.000852,-0.000283,-0.000586,-0.001059,0.038977,0.000166,-0.000350,0.000281
0.000303,-0.000343,-0.000607,0.000138,0.000166,0.005728,0.000263,-0.000451
0.001841,0.003395,-0.000151,0.001160,-0.000350,0.000263,0.047148,0.001093
-0.000688,-0.003658,-0.000881,-0.000098,0.000281,-0.000451,0.001093,0.027110
