1.855106,0.001270,0.008213,-0.008680,0.019326,-0.008668
0.001270,0.000452,-0.000470,0.004015,-0.000807,0.000017
0.008213,-0.000470,0.060669,0.046222,0.041365,0.000115
-0.008680,0.004015,0.046222,0.288497,-0.052602,-0.000558
0.019326,-0.000807,0.041365,-0.052602,0.059081,-0.000107
-0.008668,0.000017,0.000115,-0.000558,-0.000107,0.007216
