1.544546,-0.000007,0.007643,-0.010025,0.014468,-0.012940
-0.000007,0.000518,-0.000421,0.004461,-0.000744,0.000015
0.007643,-0.000421,0.061901,0.054917,0.039807,-0.000387
-0.010025,0.004461,0.054917,0.289839,-0.042031,-0.011362
0.014468,-0.000744,0.039807,-0.042031,0.053781,0.002376
-0.012940,0.000015,-0.000387,-0.011362,0.002376,0.008126
