1.259006,0.000121,0.002862,-0.020414,0.010148,-0.009216
0.000121,0.000447,-0.000408,0.004365,-0.000832,0.000127
0.002862,-0.000408,0.053359,0.037607,0.037890,-0.000643
-0.020414,0.004365,0.037607,0.317686,-0.069254,-0.005112
0.010148,-0.000832,0.037890,-0.069254,0.061885,-0.000023
-0.009216,0.000127,-0.000643,-0.005112,-0.000023,0.007639
