0.636083,-0.002373,0.013849,0.011265,-0.001674,-0.003176
-0.002373,0.000570,0.000881,0.005402,0.000090,-0.000027
0.013849,0.000881,0.052425,0.065830,0.024714,-0.000680
0.011265,0.005402,0.065830,0.317194,-0.069365,0.000251
-0.001674,0.000090,0.024714,-0.069365,0.059494,-0.000935
-0.003176,-0.000027,-0.000680,0.000251,-0.000935,0.010145
