0.031693,-0.005655,0.006374,0.001358,0.001441,-0.001441
-0.005655,0.118329,0.013367,0.030980,-0.000972,0.002641
0.006374,0.013367,0.078815,0.030817,0.032278,-0.000722
0.001358,0.030980,0.030817,0.047089,-0.028391,0.002080
0.001441,-0.000972,0.032278,-0.028391,0.067078,-0.003057
-0.001441,0.002641,-0.000722,0.002080,-0.003057,0.097358
