0.320781,0.106204,0.205392,0.007171,0.243638,0.238129,0.552032,2.069997,0.264401,0.260698,0.335987,-0.042388,0.230486,-0.052524,0.505369,0.975355,0.024846,-0.002722,-0.004296,0.017563,0.024779,0.014324,0.466917,-0.003328,0.029040,0.006725,0.123631,-0.002332,0.003532,1.513162,-0.053142,0.064518,0.263618,0.176653,0.040110,0.413220,0.019329,0.039870,0.389919,0.014305,0.366789
0.106204,0.646637,0.121140,-0.016888,-0.313850,0.294530,-0.486722,-2.398455,0.185945,0.241014,-0.318714,-0.106819,0.020049,0.186576,0.087755,0.224502,0.111487,0.011009,-0.000663,0.025915,0.057400,-0.020229,-0.900221,-0.003752,0.001284,-0.021224,0.005341,-0.003258,-0.005359,0.603963,-0.085893,-0.084384,-0.131179,-0.308085,0.074682,0.149388,0.277747,-0.048053,0.091747,-0.013247,0.721889
0.205392,0.121140,1.914660,0.004140,0.025770,0.066730,0.769088,1.085664,-0.208349,-0.217569,-0.073206,0.044414,0.388539,-0.101486,0.272517,-0.136802,0.196465,-0.013098,-0.001361,-0.013094,0.064498,0.068576,0.486594,0.094325,0.268378,-0.009834,0.067314,-0.000619,0.067569,-1.222903,-0.233498,0.112893,0.896425,-0.134043,-0.260035,0.851835,0.056853,-0.087587,1.015291,-0.012145,1.626628
0.007171,-0.016888,0.004140,0.075457,0.297958,0.006541,0.121426,-0.076728,0.028353,0.008159,0.388038,-0.008935,0.012907,-0.013709,0.026798,0.002944,0.014355,0.000632,0.010168,0.003445,-0.001351,-0.000037,0.056839,-0.002058,0.010205,0.022268,0.005252,0.000472,-0.001415,0.328370,0.038121,-0.005209,0.087775,0.342115,0.034428,0.003460,0.002497,0.144851,0.007352,-0.001189,0.001566
0.243638,-0.313850,0.025770,0.297958,5.794324,0.039992,2.015348,3.346989,0.139390,0.410789,6.938421,-0.087182,0.413211,-0.185168,0.675968,0.975297,0.097242,-0.002738,0.006993,0.157590,-0.014444,0.021790,7.636376,-0.026910,0.086289,0.215239,0.146840,-0.003243,-0.014378,7.225675,0.474123,-0.065890,1.127103,4.286163,0.536738,0.332806,-0.057591,1.965546,0.482523,-0.035683,-0.083795
0.238129,0.294530,0.066730,0.006541,0.039992,1.026503,0.306119,-0.563092,1.088827,0.091172,-0.014390,-0.117882,0.156328,-0.005631,0.376156,0.720986,0.002103,0.013214,-0.002148,-0.010949,0.100660,-0.017883,0.059130,-0.006181,-0.005689,0.000999,0.072618,-0.000553,-0.005239,-0.141403,0.079779,0.088411,-0.019471,-0.050542,0.051017,0.080028,0.167573,-0.072980,0.145023,-0.013964,1.311151
0.552032,-0.486722,0.769088,0.121426,2.015348,0.306119,5.045672,12.598834,1.024767,0.542161,2.339839,-0.173744,0.727115,-0.544687,1.133432,3.232572,0.056956,-0.030975,-0.007978,0.125259,-0.030562,0.094476,3.300691,0.048039,0.215233,0.081115,0.275590,-0.004639,0.070131,5.556069,-0.029879,-0.151241,2.630257,1.634467,0.320589,0.992306,-0.140793,0.400061,1.197292,0.069514,0.561534
2.069997,-2.398455,1.085664,-0.076728,3.346989,-0.563092,12.598834,84.869056,-3.843002,-2.464937,2.827711,0.232644,2.143868,-2.869668,3.897179,3.026423,-0.281076,-0.190150,-0.103101,0.141082,-0.169295,0.552750,12.911935,0.092919,0.770048,0.201527,1.237509,-0.042713,0.235773,3.858093,-2.609591,0.304581,5.807161,2.061624,-2.552890,4.224344,-1.554450,-1.036643,3.710800,0.275097,0.726638
0.264401,0.185945,-0.208349,0.028353,0.139390,1.088827,1.024767,-3.843002,4.435589,0.683942,0.065287,0.055202,0.270984,0.340230,0.570670,2.928339,-0.279564,0.008943,-0.009094,-0.037329,0.015664,-0.016905,-0.459975,-0.010243,-0.080579,-0.000560,0.059022,-0.000198,-0.017514,0.143844,0.857073,-0.029102,-0.072763,-0.025726,0.112667,-0.064801,-0.251576,-0.193893,0.179694,0.013448,-0.138232
0.260698,0.241014,-0.217569,0.008159,0.410789,0.091172,0.542161,-2.464937,0.683942,3.618440,0.673280,-0.714506,0.373435,0.415771,0.636761,6.826393,0.356077,0.004896,-0.004453,0.129859,-0.038013,-0.065763,-0.190259,-0.034304,-0.065645,-0.031582,0.097722,-0.005341,-0.024244,15.912382,1.302870,-0.007347,0.289341,0.264987,0.516083,0.206348,0.422342,0.089901,0.296169,0.132004,-0.430547
0.335987,-0.318714,-0.073206,0.388038,6.938421,-0.014390,2.339839,2.827711,0.065287,0.673280,11.021466,-0.096607,0.521037,-0.275762,0.903887,1.399067,0.185868,0.001392,0.006946,0.227787,-0.028461,0.020131,9.267567,-0.044311,0.102595,0.264532,0.199369,-0.005182,-0.027743,9.482922,0.461087,-0.109400,1.435878,5.936486,0.747496,0.427978,-0.055828,3.116516,0.579376,-0.053798,-0.261259
-0.042388,-0.106819,0.044414,-0.008935,-0.087182,-0.117882,-0.173744,0.232644,0.055202,-0.714506,-0.096607,0.528897,-0.072173,-0.061700,-0.105883,-1.260557,-0.103255,-0.003228,-0.000343,0.001790,-0.006100,0.018778,0.065165,0.001479,0.002409,0.003244,-0.014129,0.002065,0.002963,-4.144392,-0.218861,0.014906,-0.024675,-0.030612,-0.220089,-0.036179,-0.199878,-0.020067,-0.058654,-0.051079,-0.192864
0.230486,0.020049,0.388539,0.012907,0.413211,0.156328,0.727115,2.143868,0.270984,0.373435,0.521037,-0.072173,0.387720,0.094330,0.487194,1.199331,0.010671,-0.005529,-0.006667,0.015070,0.013648,0.027370,0.638421,0.039535,0.042138,0.011652,0.100509,-0.007130,0.029789,2.145591,0.555570,0.024390,0.407747,0.275876,-0.039702,0.578990,-0.057137,0.071963,0.696921,0.024887,0.462853
-0.052524,0.186576,-0.101486,-0.013709,-0.185168,-0.005631,-0.544687,-2.869668,0.340230,0.415771,-0.275762,-0.061700,0.094330,0.616614,0.039800,0.651728,-0.064497,0.006559,0.000362,-0.008691,-0.004592,-0.023085,-0.840864,-0.008173,-0.033624,-0.018469,-0.032930,-0.001605,-0.007136,1.524132,1.252988,-0.051388,-0.256846,-0.241493,-0.011718,-0.105609,-0.034553,-0.068029,-0.001212,0.027545,-0.084597
0.505369,0.087755,0.272517,0.026798,0.675968,0.376156,1.133432,3.897179,0.570670,0.636761,0.903887,-0.105883,0.487194,0.039800,0.951219,2.062205,-0.000142,-0.005404,-0.007312,0.031037,0.028898,0.023408,1.098096,-0.008309,0.040333,0.020836,0.213933,-0.004273,0.007919,3.603884,0.520464,0.091989,0.526938,0.535407,0.064706,0.635184,-0.056230,0.158005,0.706562,0.034597,0.505988
0.975355,0.224502,-0.136802,0.002944,0.975297,0.720986,3.232572,3.026423,2.928339,6.826393,1.399067,-1.260557,1.199331,0.651728,2.062205,18.915185,0.467689,-0.009621,-0.019846,0.252170,-0.081335,-0.053278,0.748002,-0.033287,-0.102616,-0.045734,0.392900,-0.012299,-0.009445,33.958594,2.484784,0.080360,1.370942,0.184314,0.677852,1.067857,0.411257,-0.017475,1.289315,0.403981,-0.695499
0.024846,0.111487,0.196465,0.014355,0.097242,0.002103,0.056956,-0.281076,-0.279564,0.356077,0.185868,-0.103255,0.010671,-0.064497,-0.000142,0.467689,0.252241,0.001068,0.001680,0.026533,0.015085,-0.006692,0.064000,0.008340,0.040336,-0.000884,0.006263,0.000886,0.005791,1.819696,-0.258672,-0.004675,0.158508,0.084017,0.090553,0.118724,0.212531,0.077649,0.082928,0.008850,0.281097
-0.002722,0.011009,-0.013098,0.000632,-0.002738,0.013214,-0.030975,-0.190150,0.008943,0.004896,0.001392,-0.003228,-0.005529,0.006559,-0.005404,-0.009621,0.001068,0.000864,0.000309,0.000067,0.002407,-0.002241,-0.028489,-0.001292,-0.002607,-0.000226,-0.002017,0.000090,-0.001143,0.000436,0.007613,-0.001027,-0.016546,0.001507,0.008472,-0.015184,0.008864,0.005960,-0.014436,-0.000622,0.018344
-0.004296,-0.000663,-0.001361,0.010168,0.006993,-0.002148,-0.007978,-0.103101,-0.009094,-0.004453,0.006946,-0.000343,-0.006667,0.000362,-0.007312,-0.019846,0.001680,0.000309,0.010492,-0.000511,-0.000219,-0.000770,-0.008896,-0.000334,0.000193,-0.000240,-0.002002,0.000380,-0.000229,0.016994,-0.003527,-0.000845,-0.001669,0.013975,0.021557,-0.009791,0.002723,0.015716,-0.015283,-0.000407,-0.001351
0.017563,0.025915,-0.013094,0.003445,0.157590,-0.010949,0.125259,0.141082,-0.037329,0.129859,0.227787,0.001790,0.015070,-0.008691,0.031037,0.252170,0.026533,0.000067,-0.000511,0.084217,-0.001789,-0.000367,-0.005807,-0.002725,0.009271,0.000680,0.008728,-0.000212,-0.001874,1.503819,-0.030399,-0.006899,0.127974,0.194602,-0.009530,0.021137,0.042147,0.081297,0.025376,-0.002002,-0.014328
0.024779,0.057400,0.064498,-0.001351,-0.014444,0.100660,-0.030562,-0.169295,0.015664,-0.038013,-0.028461,-0.006100,0.013648,-0.004592,0.028898,-0.081335,0.015085,0.002407,-0.000219,-0.001789,0.048046,-0.002198,-0.032455,-0.001168,0.002654,-0.000840,0.004770,-0.000525,-0.000803,-0.191531,-0.008687,-0.002957,-0.019033,-0.022328,-0.020858,0.014166,0.046664,-0.014913,0.020184,-0.001424,0.254508
0.014324,-0.020229,0.068576,-0.000037,0.021790,-0.017883,0.094476,0.552750,-0.016905,-0.065763,0.020131,0.018778,0.027370,-0.023085,0.023408,-0.053278,-0.006692,-0.002241,-0.000770,-0.000367,-0.002198,0.009535,0.090700,0.007107,0.010262,0.001891,0.007426,0.000446,0.004691,-0.180160,-0.033436,0.002900,0.054372,0.010519,-0.037740,0.084174,-0.027639,-0.004164,0.079691,-0.000476,0.012044
0.466917,-0.900221,0.486594,0.056839,7.636376,0.059130,3.300691,12.911935,-0.459975,-0.190259,9.267567,0.065165,0.638421,-0.840864,1.098096,0.748002,0.064000,-0.028489,-0.008896,-0.005807,-0.032455,0.090700,30.594140,-0.007427,0.221141,0.443911,0.309361,-0.004654,0.011797,1.084820,-0.610898,0.353520,0.649760,3.676282,-0.274857,0.940748,-0.336366,1.590551,1.005471,0.014736,0.094057
-0.003328,-0.003752,0.094325,-0.002058,-0.026910,-0.006181,0.048039,0.092919,-0.010243,-0.034304,-0.044311,0.001479,0.039535,-0.008173,-0.008309,-0.033287,0.008340,-0.001292,-0.000334,-0.002725,-0.001168,0.007107,-0.007427,0.040436,-0.003369,-0.001279,-0.001739,0.000546,0.027800,-0.193885,-0.020515,-0.003186,0.056624,-0.038924,-0.014759,0.138299,-0.009313,-0.022160,0.157031,-0.002169,0.093061
0.029040,0.001284,0.268378,0.010205,0.086289,-0.005689,0.215233,0.770048,-0.080579,-0.065645,0.102595,0.002409,0.042138,-0.033624,0.040333,-0.102616,0.040336,-0.002607,0.000193,0.009271,0.002654,0.010262,0.221141,-0.003369,0.122206,0.000959,0.013546,-0.001660,-0.001491,-0.119675,-0.086403,0.012499,0.220624,0.062892,-0.043379,0.077198,0.012833,0.009808,0.088150,-0.002044,0.250096
0.006725,-0.021224,-0.009834,0.022268,0.215239,0.000999,0.081115,0.201527,-0.000560,-0.031582,0.264532,0.003244,0.011652,-0.018469,0.020836,-0.045734,-0.000884,-0.000226,-0.000240,0.000680,-0.000840,0.001891,0.443911,-0.001279,0.000959,0.039978,0.006310,-0.000006,-0.000880,-0.109802,0.004441,-0.003238,0.032742,0.174942,0.010954,0.014376,-0.011459,0.063764,0.015117,-0.001559,-0.015072
0.123631,0.005341,0.067314,0.005252,0.146840,0.072618,0.275590,1.237509,0.059022,0.097722,0.199369,-0.014129,0.100509,-0.032930,0.213933,0.392900,0.006263,-0.002017,-0.002002,0.008728,0.004770,0.007426,0.309361,-0.001739,0.013546,0.006310,0.055946,-0.001624,0.002515,0.657809,-0.010560,0.035453,0.129957,0.116111,0.008032,0.160045,-0.015128,0.033462,0.159321,0.008115,0.116899
-0.002332,-0.003258,-0.000619,0.000472,-0.003243,-0.000553,-0.004639,-0.042713,-0.000198,-0.005341,-0.005182,0.002065,-0.007130,-0.001605,-0.004273,-0.012299,0.000886,0.000090,0.000380,-0.000212,-0.000525,0.000446,-0.004654,0.000546,-0.001660,-0.000006,-0.001624,0.027154,-0.000138,-0.010266,-0.006172,-0.000093,-0.002104,-0.000488,-0.005058,-0.004114,0.004064,-0.002708,-0.005093,-0.000146,0.001625
0.003532,-0.005359,0.067569,-0.001415,-0.014378,-0.005239,0.070131,0.235773,-0.017514,-0.024244,-0.027743,0.002963,0.029789,-0.007136,0.007919,-0.009445,0.005791,-0.001143,-0.000229,-0.001874,-0.000803,0.004691,0.011797,0.027800,-0.001491,-0.000880,0.002515,-0.000138,0.028182,-0.141008,-0.008252,-0.001778,0.068200,-0.025276,-0.007591,0.094895,-0.008593,-0.015812,0.108065,-0.001491,0.067607
1.513162,0.603963,-1.222903,0.328370,7.225675,-0.141403,5.556069,3.858093,0.143844,15.912382,9.482922,-4.144392,2.145591,1.524132,3.603884,33.958594,1.819696,0.000436,0.016994,1.503819,-0.191531,-0.180160,1.084820,-0.193885,-0.119675,-0.109802,0.657809,-0.010266,-0.141008,131.280936,5.748001,0.249696,3.032747,6.931275,1.101900,2.317516,2.608606,2.951202,2.398213,0.866062,-2.054662
-0.053142,-0.085893,-0.233498,0.038121,0.474123,0.079779,-0.029879,-2.609591,0.857073,1.302870,0.461087,-0.218861,0.555570,1.252988,0.520464,2.484784,-0.258672,0.007613,-0.003527,-0.030399,-0.008687,-0.033436,-0.610898,-0.020515,-0.086403,0.004441,-0.010560,-0.006172,-0.008252,5.748001,4.374619,-0.104260,-0.059142,0.387211,-0.044469,-0.146664,-0.296877,0.073319,0.286643,0.074319,-0.154426
0.064518,-0.084384,0.112893,-0.005209,-0.065890,0.088411,-0.151241,0.304581,-0.029102,-0.007347,-0.109400,0.014906,0.024390,-0.051388,0.091989,0.080360,-0.004675,-0.001027,-0.000845,-0.006899,-0.002957,0.002900,0.353520,-0.003186,0.012499,-0.003238,0.035453,-0.000093,-0.001778,0.249696,-0.104260,0.322369,-0.084532,-0.060681,-0.046716,0.026187,-0.030718,-0.053000,0.016818,-0.005491,0.110396
0.263618,-0.131179,0.896425,0.087775,1.127103,-0.019471,2.630257,5.807161,-0.072763,0.289341,1.435878,-0.024675,0.407747,-0.256846,0.526938,1.370942,0.158508,-0.016546,-0.001669,0.127974,-0.019033,0.054372,0.649760,0.056624,0.220624,0.032742,0.129957,-0.002104,0.068200,3.032747,-0.059142,-0.084532,2.223753,1.253048,0.250305,0.637529,0.027433,0.352702,0.788787,-0.014804,0.776211
0.176653,-0.308085,-0.134043,0.342115,4.286163,-0.050542,1.634467,2.061624,-0.025726,0.264987,5.936486,-0.030612,0.275876,-0.241493,0.535407,0.184314,0.084017,0.001507,0.013975,0.194602,-0.022328,0.010519,3.676282,-0.038924,0.062892,0.174942,0.116111,-0.000488,-0.025276,6.931275,0.387211,-0.060681,1.253048,5.211419,0.659742,0.090532,-0.050748,2.004952,0.232802,-0.042409,-0.227401
0.040110,0.074682,-0.260035,0.034428,0.536738,0.051017,0.320589,-2.552890,0.112667,0.516083,0.747496,-0.220089,-0.039702,-0.011718,0.064706,0.677852,0.090553,0.008472,0.021557,-0.009530,-0.020858,-0.037740,-0.274857,-0.014759,-0.043379,0.010954,0.008032,-0.005058,-0.007591,1.101900,-0.044469,-0.046716,0.250305,0.659742,1.552195,-0.159347,0.217640,0.546557,-0.169438,-0.035344,-0.283857
0.413220,0.149388,0.851835,0.003460,0.332806,0.080028,0.992306,4.224344,-0.064801,0.206348,0.427978,-0.036179,0.578990,-0.105609,0.635184,1.067857,0.118724,-0.015184,-0.009791,0.021137,0.014166,0.084174,0.940748,0.138299,0.077198,0.014376,0.160045,-0.004114,0.094895,2.317516,-0.146664,0.026187,0.637529,0.090532,-0.159347,2.280588,0.016067,0.019996,1.689717,0.010471,0.709058
0.019329,0.277747,0.056853,0.002497,-0.057591,0.167573,-0.140793,-1.554450,-0.251576,0.422342,-0.055828,-0.199878,-0.057137,-0.034553,-0.056230,0.411257,0.212531,0.008864,0.002723,0.042147,0.046664,-0.027639,-0.336366,-0.009313,0.012833,-0.011459,-0.015128,0.004064,-0.008593,2.608606,-0.296877,-0.030718,0.027433,-0.050748,0.217640,0.016067,0.418083,0.030887,-0.059566,0.001719,0.525922
0.039870,-0.048053,-0.087587,0.144851,1.965546,-0.072980,0.400061,-1.036643,-0.193893,0.089901,3.116516,-0.020067,0.071963,-0.068029,0.158005,-0.017475,0.077649,0.005960,0.015716,0.081297,-0.014913,-0.004164,1.590551,-0.022160,0.009808,0.063764,0.033462,-0.002708,-0.015812,2.951202,0.073319,-0.053000,0.352702,2.004952,0.546557,0.019996,0.030887,1.259684,0.037688,-0.027131,-0.197507
0.389919,0.091747,1.015291,0.007352,0.482523,0.145023,1.197292,3.710800,0.179694,0.296169,0.579376,-0.058654,0.696921,-0.001212,0.706562,1.289315,0.082928,-0.014436,-0.015283,0.025376,0.020184,0.079691,1.005471,0.157031,0.088150,0.015117,0.159321,-0.005093,0.108065,2.398213,0.286643,0.016818,0.788787,0.232802,-0.169438,1.689717,-0.059566,0.037688,1.806296,0.017113,0.959610
0.014305,-0.013247,-0.012145,-0.001189,-0.035683,-0.013964,0.069514,0.275097,0.013448,0.132004,-0.053798,-0.051079,0.024887,0.027545,0.034597,0.403981,0.008850,-0.000622,-0.000407,-0.002002,-0.001424,-0.000476,0.014736,-0.002169,-0.002044,-0.001559,0.008115,-0.000146,-0.001491,0.866062,0.074319,-0.005491,-0.014804,-0.042409,-0.035344,0.010471,0.001719,-0.027131,0.017113,0.096301,-0.012077
0.366789,0.721889,1.626628,0.001566,-0.083795,1.311151,0.561534,0.726638,-0.138232,-0.430547,-0.261259,-0.192864,0.462853,-0.084597,0.505988,-0.695499,0.281097,0.018344,-0.001351,-0.014328,0.254508,0.012044,0.094057,0.093061,0.250096,-0.015072,0.116899,0.001625,0.067607,-2.054662,-0.154426,0.110396,0.776211,-0.227401,-0.283857,0.709058,0.525922,-0.197507,0.959610,-0.012077,4.347830
