0.339511,0.119695,0.197848,-0.004315,0.240929,0.256492,0.491823,2.124943,0.251200,0.290168,0.315844,-0.032339,0.250310,-0.036135,0.553985,1.042836,0.023870,-0.003592,-0.010594,0.021661,0.025723,0.013899,0.488805,-0.001291,0.027013,0.005576,0.134935,0.009178,0.002586,1.782823,-0.026538,0.095228,0.242200,0.165383,0.003979,0.421442,0.023390,0.030393,0.440030,0.012884,0.375962
0.119695,0.674062,0.094745,-0.014915,-0.284130,0.265872,-0.422881,-2.179832,0.276299,0.320496,-0.257413,-0.126977,0.043183,0.206034,0.119791,0.492793,0.112716,0.009813,-0.005263,0.043014,0.060340,-0.017990,-0.907437,-0.001123,0.006438,-0.022033,0.011870,0.000084,-0.005545,1.409670,-0.079551,-0.108767,-0.107376,-0.275280,0.004397,0.195428,0.255963,-0.047916,0.154626,-0.011461,0.642656
0.197848,0.094745,2.017249,0.005006,0.002008,0.147736,0.684874,1.055371,-0.317295,-0.236043,-0.099586,0.044075,0.376409,-0.110528,0.279657,-0.338654,0.206506,-0.025279,-0.001173,-0.020576,0.035203,0.063841,0.779188,0.083770,0.270829,-0.010898,0.070451,-0.001574,0.056702,-0.981735,-0.253808,0.272002,0.829242,-0.177433,-0.196836,0.759872,0.071639,-0.078081,0.939548,-0.014246,1.750222
-0.004315,-0.014915,0.005006,0.045088,0.164181,-0.000151,0.056035,-0.116323,0.006007,0.000756,0.197307,-0.004587,0.000429,-0.014273,-0.002048,-0.006362,0.009072,0.000544,0.007655,0.000118,-0.000826,-0.000359,0.020265,-0.001173,0.005948,0.008279,-0.001635,-0.000282,-0.000739,0.214378,0.014651,-0.004345,0.047952,0.183819,0.039519,-0.001954,0.004205,0.084525,-0.008494,0.000059,-0.004055
0.240929,-0.284130,0.002008,0.164181,5.160223,-0.049444,1.491511,3.325162,-0.213950,0.297350,6.100761,-0.042912,0.361707,-0.226509,0.606073,0.585867,0.108587,-0.001264,0.000459,0.169343,0.001453,0.019314,7.537895,-0.020363,0.067474,0.177144,0.143301,0.004626,-0.007935,7.039368,0.165648,-0.039846,0.877768,3.701809,0.542637,0.350515,-0.009684,1.770181,0.468828,-0.012294,-0.072177
0.256492,0.265872,0.147736,-0.000151,-0.049444,1.071939,0.184034,-0.542674,0.983616,0.102047,-0.167828,-0.099632,0.166978,-0.009282,0.398424,0.763769,0.004137,0.013963,-0.002253,-0.013860,0.118196,-0.018997,0.241529,-0.006179,0.002420,-0.000344,0.083385,0.002025,-0.006383,-0.264407,0.056436,0.203881,-0.065217,-0.129220,0.009569,0.099301,0.172898,-0.111183,0.164521,-0.008249,1.411771
0.491823,-0.422881,0.684874,0.056035,1.491511,0.184034,4.663281,12.062396,0.665648,0.335765,1.764926,-0.066620,0.634793,-0.549858,1.007250,2.478282,0.045171,-0.043261,-0.007238,0.133642,-0.025118,0.088845,3.054523,0.032074,0.185239,0.072846,0.251532,0.009435,0.052932,4.044215,-0.193432,-0.158447,2.433635,1.291640,0.242546,0.872908,-0.104575,0.310490,1.038047,0.062203,0.497966
2.124943,-2.179832,1.055371,-0.116323,3.325162,-0.542674,12.062396,87.007708,-4.102314,-2.910906,3.087444,0.368214,2.218940,-2.747405,4.154800,1.566209,-0.374782,-0.213275,-0.137960,0.082748,-0.155672,0.558237,12.293943,0.082149,0.795560,0.227393,1.296520,0.081369,0.214325,0.303920,-2.431479,0.325077,5.569020,2.004124,-2.951202,4.254689,-1.534363,-0.902988,3.939970,0.216638,0.958031
0.251200,0.276299,-0.317295,0.006007,-0.213950,0.983616,0.665648,-4.102314,4.304734,0.746827,-0.463566,0.116463,0.251765,0.387454,0.542293,3.170133,-0.291026,0.011065,-0.009323,-0.050549,0.014011,-0.023485,-0.519064,-0.008974,-0.100071,-0.007801,0.057211,0.002779,-0.021139,-0.037165,0.847424,-0.012911,-0.244752,-0.304212,0.058256,-0.086197,-0.257178,-0.306627,0.142481,-0.001528,-0.247755
0.290168,0.320496,-0.236043,0.000756,0.297350,0.102047,0.335765,-2.910906,0.746827,3.576835,0.543624,-0.580155,0.409176,0.487248,0.688040,6.950285,0.344555,0.008084,-0.009845,0.166926,-0.026338,-0.062960,-0.299994,-0.029790,-0.085976,-0.031261,0.107807,0.002363,-0.022177,16.241544,1.433837,-0.040511,0.242974,0.239767,0.431049,0.283879,0.395488,0.103408,0.392277,0.088740,-0.465188
0.315844,-0.257413,-0.099586,0.197307,6.100761,-0.167828,1.764926,3.087444,-0.463566,0.543624,9.670981,-0.037718,0.465547,-0.304681,0.797839,0.916960,0.185439,0.002380,0.001971,0.249045,-0.009150,0.019851,9.134693,-0.033347,0.084075,0.238538,0.189115,0.007142,-0.017282,8.852570,0.121535,-0.098635,1.140014,5.060902,0.667694,0.480071,-0.012265,2.748450,0.598801,-0.015979,-0.249097
-0.032339,-0.126977,0.044075,-0.004587,-0.042912,-0.099632,-0.066620,0.368214,0.116463,-0.580155,-0.037718,0.498220,-0.058916,-0.068375,-0.076433,-0.919210,-0.100859,-0.003603,0.000566,0.002295,-0.007909,0.017032,0.128189,-0.000440,0.006732,0.003322,-0.008708,0.002145,0.001713,-3.195409,-0.187501,0.053472,0.008437,-0.013506,-0.200227,-0.045937,-0.182314,-0.021287,-0.061733,-0.031910,-0.180030
0.250310,0.043183,0.376409,0.000429,0.361707,0.166978,0.634793,2.218940,0.251765,0.409176,0.465547,-0.058916,0.395907,0.089932,0.528519,1.230273,0.013918,-0.008404,-0.011471,0.016857,0.015457,0.025487,0.674243,0.033638,0.039427,0.011747,0.111644,-0.000372,0.023342,2.389396,0.529631,0.055963,0.354533,0.254755,-0.056728,0.551724,-0.044629,0.056526,0.712427,0.020671,0.460194
-0.036135,0.206034,-0.110528,-0.014273,-0.226509,-0.009282,-0.549858,-2.747405,0.387454,0.487248,-0.304681,-0.068375,0.089932,0.585608,0.053401,0.754228,-0.047174,0.006919,-0.005060,-0.008738,-0.001459,-0.023084,-0.803100,-0.008878,-0.038311,-0.020274,-0.025570,0.002539,-0.008374,1.764336,1.150666,-0.048921,-0.265780,-0.262721,-0.004591,-0.109035,-0.030137,-0.091879,0.013795,0.016326,-0.121274
0.553985,0.119791,0.279657,-0.002048,0.606073,0.398424,1.007250,4.154800,0.542293,0.688040,0.797839,-0.076433,0.528519,0.053401,1.056670,2.162777,-0.000141,-0.007664,-0.021072,0.035610,0.032954,0.024824,1.138033,-0.005481,0.034677,0.019441,0.239667,0.020460,0.006136,3.977692,0.524355,0.143250,0.476001,0.474952,-0.003136,0.667650,-0.048313,0.114229,0.823136,0.028514,0.528612
1.042836,0.492793,-0.338654,-0.006362,0.585867,0.763769,2.478282,1.566209,3.170133,6.950285,0.916960,-0.919210,1.230273,0.754228,2.162777,19.938261,0.410011,-0.000947,-0.025801,0.305558,-0.057078,-0.058724,0.463718,-0.039588,-0.155469,-0.055466,0.411492,0.011168,-0.022532,35.335169,2.641807,0.080094,1.121716,0.048844,0.402630,1.170038,0.407771,-0.065624,1.371172,0.301855,-0.925235
0.023870,0.112716,0.206506,0.009072,0.108587,0.004137,0.045171,-0.374782,-0.291026,0.344555,0.185439,-0.100859,0.013918,-0.047174,-0.000141,0.410011,0.256255,0.000666,0.001788,0.033614,0.014425,-0.006111,0.054527,0.005107,0.044905,-0.006071,0.004033,-0.002226,0.002343,1.925650,-0.230789,-0.000716,0.159351,0.087031,0.098218,0.131255,0.212822,0.089415,0.089046,0.004482,0.286743
-0.003592,0.009813,-0.025279,0.000544,-0.001264,0.013963,-0.043261,-0.213275,0.011065,0.008084,0.002380,-0.003603,-0.008404,0.006919,-0.007664,-0.000947,0.000666,0.002522,0.000390,0.000567,0.003036,-0.002705,-0.027865,-0.002403,-0.002337,-0.000253,-0.002509,-0.000122,-0.002294,0.019529,0.006861,-0.000552,-0.027674,0.003212,0.009602,-0.018866,0.009130,0.006118,-0.021163,-0.000431,0.005681
-0.010594,-0.005263,-0.001173,0.007655,0.000459,-0.002253,-0.007238,-0.137960,-0.009323,-0.009845,0.001971,0.000566,-0.011471,-0.005060,-0.021072,-0.025801,0.001788,0.000390,0.007853,-0.000605,-0.000198,-0.000982,-0.007326,-0.000282,0.000214,-0.000229,-0.005002,-0.000417,-0.000177,-0.040943,-0.008099,-0.001043,-0.001262,0.008760,0.016134,-0.013322,0.003656,0.011790,-0.025288,-0.000302,-0.002451
0.021661,0.043014,-0.020576,0.000118,0.169343,-0.013860,0.133642,0.082748,-0.050549,0.166926,0.249045,0.002295,0.016857,-0.008738,0.035610,0.305558,0.033614,0.000567,-0.000605,0.112886,0.002042,-0.001228,-0.016731,-0.002722,0.010422,0.000421,0.010932,0.000419,-0.001714,1.981429,-0.054214,-0.010081,0.139956,0.224085,-0.019504,0.030033,0.059164,0.097259,0.033791,-0.001604,-0.009619
0.025723,0.060340,0.035203,-0.000826,0.001453,0.118196,-0.025118,-0.155672,0.014011,-0.026338,-0.009150,-0.007909,0.015457,-0.001459,0.032954,-0.057078,0.014425,0.003036,-0.000198,0.002042,0.040270,-0.003739,-0.027817,-0.000892,0.003096,-0.000727,0.006356,0.000171,-0.000561,-0.090563,-0.004751,0.001975,-0.011472,-0.005680,-0.017512,0.013143,0.050588,-0.007740,0.020239,-0.000958,0.276760
0.013899,-0.017990,0.063841,-0.000359,0.019314,-0.018997,0.088845,0.558237,-0.023485,-0.062960,0.019851,0.017032,0.025487,-0.023084,0.024824,-0.058724,-0.006111,-0.002705,-0.000982,-0.001228,-0.003739,0.008972,0.089467,0.006133,0.010207,0.001958,0.007777,0.000617,0.004061,-0.168125,-0.034118,0.003430,0.048630,0.007386,-0.035936,0.076469,-0.024879,-0.004626,0.074157,-0.000051,0.011214
0.488805,-0.907437,0.779188,0.020265,7.537895,0.241529,3.054523,12.293943,-0.519064,-0.299994,9.134693,0.128189,0.674243,-0.803100,1.138033,0.463718,0.054527,-0.027865,-0.007326,-0.016731,-0.027817,0.089467,30.825256,-0.004604,0.242600,0.430920,0.317523,0.008180,0.014202,0.066634,-0.555310,0.577103,0.608409,3.635625,-0.317492,0.944935,-0.305226,1.572905,1.053470,0.021977,0.446341
-0.001291,-0.001123,0.083770,-0.001173,-0.020363,-0.006179,0.032074,0.082149,-0.008974,-0.029790,-0.033347,-0.000440,0.033638,-0.008878,-0.005481,-0.039588,0.005107,-0.002403,-0.000282,-0.002722,-0.000892,0.006133,-0.004604,0.034353,-0.001017,-0.001032,-0.001018,-0.000231,0.021630,-0.149014,-0.025668,-0.003374,0.033899,-0.030499,-0.014470,0.118840,-0.008067,-0.017526,0.134237,-0.001361,0.082639
0.027013,0.006438,0.270829,0.005948,0.067474,0.002420,0.185239,0.795560,-0.100071,-0.085976,0.084075,0.006732,0.039427,-0.038311,0.034677,-0.155469,0.044905,-0.002337,0.000214,0.010422,0.003096,0.010207,0.242600,-0.001017,0.120312,-0.000096,0.013088,-0.000454,-0.000494,-0.231715,-0.107682,0.026430,0.201101,0.034273,-0.038193,0.081048,0.017708,0.006881,0.090968,-0.002705,0.259693
0.005576,-0.022033,-0.010898,0.008279,0.177144,-0.000344,0.072846,0.227393,-0.007801,-0.031261,0.238538,0.003322,0.011747,-0.020274,0.019441,-0.055466,-0.006071,-0.000253,-0.000229,0.000421,-0.000727,0.001958,0.430920,-0.001032,-0.000096,0.033460,0.004842,0.000574,-0.000650,-0.126586,0.008634,-0.002505,0.031433,0.162288,0.011663,0.013467,-0.011596,0.058181,0.014960,0.000210,-0.014703
0.134935,0.011870,0.070451,-0.001635,0.143301,0.083385,0.251532,1.296520,0.057211,0.107807,0.189115,-0.008708,0.111644,-0.025570,0.239667,0.411492,0.004033,-0.002509,-0.005002,0.010932,0.006356,0.007777,0.317523,-0.001018,0.013088,0.004842,0.061532,0.004811,0.002121,0.755799,0.000851,0.049115,0.121256,0.112848,-0.008353,0.165827,-0.012085,0.028166,0.185569,0.006756,0.129681
0.009178,0.000084,-0.001574,-0.000282,0.004626,0.002025,0.009435,0.081369,0.002779,0.002363,0.007142,0.002145,-0.000372,0.002539,0.020460,0.011168,-0.002226,-0.000122,-0.000417,0.000419,0.000171,0.000617,0.008180,-0.000231,-0.000454,0.000574,0.004811,0.026782,-0.000047,0.034372,0.004733,0.000808,0.004931,0.005201,-0.007138,-0.002352,-0.003883,-0.000966,0.000994,0.000219,0.000773
0.002586,-0.005545,0.056702,-0.000739,-0.007935,-0.006383,0.052932,0.214325,-0.021139,-0.022177,-0.017282,0.001713,0.023342,-0.008374,0.006136,-0.022532,0.002343,-0.002294,-0.000177,-0.001714,-0.000561,0.004061,0.014202,0.021630,-0.000494,-0.000650,0.002121,-0.000047,0.021925,-0.092491,-0.013275,-0.001636,0.044798,-0.016956,-0.009697,0.074605,-0.007734,-0.011230,0.084378,-0.000857,0.056820
1.782823,1.409670,-0.981735,0.214378,7.039368,-0.264407,4.044215,0.303920,-0.037165,16.241544,8.852570,-3.195409,2.389396,1.764336,3.977692,35.335169,1.925650,0.019529,-0.040943,1.981429,-0.090563,-0.168125,0.066634,-0.149014,-0.231715,-0.126586,0.755799,0.034372,-0.092491,138.968944,5.604064,0.083051,3.114169,7.079846,0.781354,3.039061,2.771439,3.108554,3.216409,0.580402,-2.029397
-0.026538,-0.079551,-0.253808,0.014651,0.165648,0.056436,-0.193432,-2.431479,0.847424,1.433837,0.121535,-0.187501,0.529631,1.150666,0.524355,2.641807,-0.230789,0.006861,-0.008099,-0.054214,-0.004751,-0.034118,-0.555310,-0.025668,-0.107682,0.008634,0.000851,0.004733,-0.013275,5.604064,4.196541,-0.094716,-0.155882,0.125183,0.007000,-0.139962,-0.276234,-0.051855,0.293942,0.046522,-0.268339
0.095228,-0.108767,0.272002,-0.004345,-0.039846,0.203881,-0.158447,0.325077,-0.012911,-0.040511,-0.098635,0.053472,0.055963,-0.048921,0.143250,0.080094,-0.000716,-0.000552,-0.001043,-0.010081,0.001975,0.003430,0.577103,-0.003374,0.026430,-0.002505,0.049115,0.000808,-0.001636,0.083051,-0.094716,0.428529,-0.090513,-0.070793,-0.056965,0.044809,-0.018792,-0.053721,0.058735,-0.002402,0.312276
0.242200,-0.107376,0.829242,0.047952,0.877768,-0.065217,2.433635,5.569020,-0.244752,0.242974,1.140014,0.008437,0.354533,-0.265780,0.476001,1.121716,0.159351,-0.027674,-0.001262,0.139956,-0.011472,0.048630,0.608409,0.033899,0.201101,0.031433,0.121256,0.004931,0.044798,3.114169,-0.155882,-0.090513,2.040954,1.030228,0.259837,0.546766,0.061960,0.307904,0.671300,-0.002581,0.708271
0.165383,-0.275280,-0.177433,0.183819,3.701809,-0.129220,1.291640,2.004124,-0.304212,0.239767,5.060902,-0.013506,0.254755,-0.262721,0.474952,0.048844,0.087031,0.003212,0.008760,0.224085,-0.005680,0.007386,3.635625,-0.030499,0.034273,0.162288,0.112848,0.005201,-0.016956,7.079846,0.125183,-0.070793,1.030228,4.560716,0.688089,0.114476,-0.004097,1.788286,0.268346,-0.011308,-0.242200
0.003979,0.004397,-0.196836,0.039519,0.542637,0.009569,0.242546,-2.951202,0.058256,0.431049,0.667694,-0.200227,-0.056728,-0.004591,-0.003136,0.402630,0.098218,0.009602,0.016134,-0.019504,-0.017512,-0.035936,-0.317492,-0.014470,-0.038193,0.011663,-0.008353,-0.007138,-0.009697,0.781354,0.007000,-0.056965,0.259837,0.688089,1.582971,-0.179268,0.193388,0.553613,-0.178790,-0.034158,-0.305217
0.421442,0.195428,0.759872,-0.001954,0.350515,0.099301,0.872908,4.254689,-0.086197,0.283879,0.480071,-0.045937,0.551724,-0.109035,0.667650,1.170038,0.131255,-0.018866,-0.013322,0.030033,0.013143,0.076469,0.944935,0.118840,0.081048,0.013467,0.165827,-0.002352,0.074605,3.039061,-0.139962,0.044809,0.546766,0.114476,-0.179268,2.098628,0.050918,0.021294,1.555832,0.010491,0.663046
0.023390,0.255963,0.071639,0.004205,-0.009684,0.172898,-0.104575,-1.534363,-0.257178,0.395488,-0.012265,-0.182314,-0.044629,-0.030137,-0.048313,0.407771,0.212822,0.009130,0.003656,0.059164,0.050588,-0.024879,-0.305226,-0.008067,0.017708,-0.011596,-0.012085,-0.003883,-0.007734,2.771439,-0.276234,-0.018792,0.061960,-0.004097,0.193388,0.050918,0.385900,0.055121,-0.033682,-0.001038,0.522370
0.030393,-0.047916,-0.078081,0.084525,1.770181,-0.111183,0.310490,-0.902988,-0.306627,0.103408,2.748450,-0.021287,0.056526,-0.091879,0.114229,-0.065624,0.089415,0.006118,0.011790,0.097259,-0.007740,-0.004626,1.572905,-0.017526,0.006881,0.058181,0.028166,-0.000966,-0.011230,3.108554,-0.051855,-0.053721,0.307904,1.788286,0.553613,0.021294,0.055121,1.131815,0.040169,-0.012716,-0.182687
0.440030,0.154626,0.939548,-0.008494,0.468828,0.164521,1.038047,3.939970,0.142481,0.392277,0.598801,-0.061733,0.712427,0.013795,0.823136,1.371172,0.089046,-0.021163,-0.025288,0.033791,0.020239,0.074157,1.053470,0.134237,0.090968,0.014960,0.185569,0.000994,0.084378,3.216409,0.293942,0.058735,0.671300,0.268346,-0.178790,1.555832,-0.033682,0.040169,1.782230,0.016906,0.923819
0.012884,-0.011461,-0.014246,0.000059,-0.012294,-0.008249,0.062203,0.216638,-0.001528,0.088740,-0.015979,-0.031910,0.020671,0.016326,0.028514,0.301855,0.004482,-0.000431,-0.000302,-0.001604,-0.000958,-0.000051,0.021977,-0.001361,-0.002705,0.000210,0.006756,0.000219,-0.000857,0.580402,0.046522,-0.002402,-0.002581,-0.011308,-0.034158,0.010491,-0.001038,-0.012716,0.016906,0.071098,-0.014044
0.375962,0.642656,1.750222,-0.004055,-0.072177,1.411771,0.497966,0.958031,-0.247755,-0.465188,-0.249097,-0.180030,0.460194,-0.121274,0.528612,-0.925235,0.286743,0.005681,-0.002451,-0.009619,0.276760,0.011214,0.446341,0.082639,0.259693,-0.014703,0.129681,0.000773,0.056820,-2.029397,-0.268339,0.312276,0.708271,-0.242200,-0.305217,0.663046,0.522370,-0.182687,0.923819,-0.014044,4.446227
