0.014886,0.002687,0.003774,0.000522,0.001490,0.004062,0.006767,0.007387,0.002422,0.004756,0.001679,-0.001013,0.010966,-0.002775,0.012235,0.005372,0.003875,-0.001636,-0.000480,0.001289,0.001832,0.003862,0.000701,-0.000765,0.006376,0.000493,0.013658,-0.000537,0.000769,0.004661,-0.000747,0.001786,0.004843,0.002143,0.001279,0.005737,0.001191,0.001059,0.007421,0.000788,0.003007
0.002687,0.009222,0.001206,-0.000672,-0.001041,0.002706,-0.003229,-0.004719,0.000925,0.002399,-0.000865,-0.001305,0.000264,0.004961,0.001094,0.000670,0.006945,0.003703,-0.000040,0.001032,0.002285,-0.003105,-0.000731,-0.000448,0.000153,-0.000845,0.000182,-0.000179,-0.000640,0.001013,-0.000600,-0.001260,-0.001305,-0.002044,0.001274,0.000991,0.007551,-0.000717,0.000781,-0.000396,0.003193
0.003774,0.001206,0.013296,0.000115,0.000060,0.000428,0.003561,0.001490,-0.000723,-0.001511,-0.000139,0.000410,0.007679,-0.001883,0.002656,-0.000285,0.006571,-0.003075,-0.000057,-0.000364,0.001792,0.007345,0.000276,0.007860,0.022365,-0.000273,0.002978,-0.000024,0.005631,-0.001432,-0.001138,0.001176,0.006225,-0.000621,-0.003096,0.007032,0.001062,-0.000912,0.008537,-0.000253,0.005020
0.000522,-0.000672,0.000115,0.008384,0.002759,0.000168,0.002249,-0.000421,0.000394,0.000227,0.002940,-0.000287,0.001166,-0.001018,0.001048,0.000025,0.000567,0.000593,0.001695,0.000383,-0.000150,-0.000016,0.000129,-0.000686,0.003402,0.002474,0.000930,0.000072,-0.000472,0.001538,0.000743,-0.000217,0.002438,0.006335,0.001639,-0.000030,0.000184,0.006035,0.000439,-0.000099,0.000019
0.001490,-0.001041,0.000060,0.002759,0.004471,0.000085,0.003110,0.001532,0.000161,0.000951,0.004380,-0.000398,0.002709,-0.001145,0.002209,0.000677,0.000128,-0.000214,0.000097,0.001459,-0.000134,0.000778,0.001443,-0.000748,0.002397,0.001993,0.002175,-0.000041,-0.000399,0.002820,0.000770,-0.000229,0.002609,0.006614,0.002130,0.000570,-0.000379,0.006825,0.001318,-0.000248,-0.000086
0.004062,0.002706,0.000428,0.000168,0.000085,0.006074,0.001308,-0.000714,0.003490,0.000584,-0.000025,-0.000894,0.002852,-0.000096,0.003417,0.001387,0.003378,0.002863,-0.000083,-0.000281,0.002581,-0.001768,0.000031,-0.000475,-0.000438,0.000026,0.002990,-0.000020,-0.000403,-0.000153,0.000359,0.000850,-0.000125,-0.000216,0.000561,0.000212,0.002949,-0.000702,0.001099,-0.000269,0.003735
0.006767,-0.003229,0.003561,0.002249,0.003110,0.001308,0.015573,0.011531,0.002372,0.002510,0.002954,-0.000903,0.009535,-0.006738,0.007404,0.004490,0.000567,-0.004847,-0.000222,0.002320,-0.000566,0.006746,0.001247,0.002669,0.011957,0.001502,0.008170,-0.000119,0.003896,0.004337,-0.000097,-0.001050,0.012177,0.005045,0.002544,0.004230,-0.001836,0.002778,0.006614,0.000965,0.001155
0.007387,-0.004719,0.001490,-0.000421,0.001532,-0.000714,0.011531,0.023034,-0.002638,-0.003384,0.001059,0.000405,0.007879,-0.010527,0.007392,0.001246,-0.002454,-0.008824,-0.000849,0.000775,-0.000930,0.011705,0.001447,0.001531,0.012686,0.001107,0.010728,-0.000324,0.003884,0.000893,-0.002515,0.000627,0.007972,0.001887,-0.006008,0.004066,-0.005887,-0.002135,0.005577,0.001133,0.000443
0.002422,0.000925,-0.000723,0.000394,0.000161,0.003490,0.002372,-0.002638,0.007701,0.002375,0.000062,0.000264,0.002663,0.003157,0.002788,0.003050,-0.002951,0.001050,-0.000189,-0.000518,0.000218,-0.000905,-0.000130,-0.000427,-0.003357,-0.000008,0.001289,-0.000004,-0.000730,0.000084,0.002089,-0.000152,-0.000253,-0.000060,0.000671,-0.000075,-0.002427,-0.001010,0.000725,0.000140,-0.000213
0.004756,0.002399,-0.001511,0.000227,0.000951,0.000584,0.002510,-0.003384,0.002375,0.025128,0.001275,-0.006398,0.007231,0.007715,0.006206,0.014222,0.006151,0.001149,-0.000186,0.003607,-0.001056,-0.007044,-0.000108,-0.002859,-0.005470,-0.000877,0.004288,-0.000205,-0.002020,0.018633,0.006352,-0.000077,0.002009,0.001227,0.006144,-0.000011,0.008018,0.000936,0.002264,0.002750,-0.001329
0.001679,-0.000865,-0.000139,0.002940,0.004380,-0.000025,0.002954,0.001059,0.000062,0.001275,0.005693,-0.000339,0.002784,-0.001396,0.002414,0.000795,0.000267,0.000089,0.000079,0.001726,-0.000216,0.000588,0.001433,-0.001007,0.002332,0.002004,0.002414,-0.000054,-0.000631,0.003028,0.000613,-0.000311,0.002719,0.007496,0.002427,0.000477,-0.000306,0.008854,0.001280,-0.000306,-0.000220
-0.001013,-0.001305,0.000410,-0.000287,-0.000398,-0.000894,-0.000903,0.000405,0.000264,-0.006398,-0.000339,0.005650,-0.001844,-0.001534,-0.001337,-0.003462,-0.003859,-0.000929,-0.000014,0.000075,-0.000197,0.002474,0.000047,0.000178,0.000340,0.000115,-0.000841,0.000096,0.000317,-0.006450,-0.001314,0.000196,-0.000155,-0.000239,-0.003057,0.000081,-0.004672,-0.000453,-0.000608,-0.001271,-0.000699
0.010966,0.000264,0.007679,0.001166,0.002709,0.002852,0.009535,0.007879,0.002663,0.007231,0.002784,-0.001844,0.019908,0.004772,0.012442,0.007041,0.002717,-0.003503,-0.000565,0.001166,0.001076,0.007939,0.001025,0.009428,0.009858,0.000915,0.011468,-0.000467,0.007109,0.007024,0.007661,0.000707,0.008031,0.003580,-0.001279,0.010949,-0.002934,0.002120,0.014802,0.001471,0.004075
-0.002775,0.004961,-0.001883,-0.001018,-0.001145,-0.000096,-0.006738,-0.010527,0.003157,0.007715,-0.001396,-0.001534,0.004772,0.030572,0.000857,0.003628,-0.003573,0.004114,0.000040,-0.000645,-0.000341,-0.006607,-0.001274,-0.001820,-0.007487,-0.001371,-0.004155,-0.000165,-0.001589,0.004769,0.016322,-0.001430,-0.004766,-0.002987,-0.000373,-0.001899,-0.001897,-0.001893,-0.000347,0.001533,-0.000698
0.012235,0.001094,0.002656,0.001048,0.002209,0.003417,0.007404,0.007392,0.002788,0.006206,0.002414,-0.001337,0.012442,0.000857,0.012159,0.006055,0.001633,-0.001727,-0.000436,0.001212,0.001136,0.003308,0.000879,-0.001013,0.004689,0.000817,0.012385,-0.000564,0.000920,0.005927,0.003548,0.001354,0.005158,0.003482,0.001101,0.004356,-0.001315,0.002286,0.007018,0.001017,0.002206
0.005372,0.000670,-0.000285,0.000025,0.000677,0.001387,0.004490,0.001246,0.003050,0.014222,0.000795,-0.003462,0.007041,0.003628,0.006055,0.011822,0.001861,-0.000678,-0.000248,0.002101,-0.000678,-0.001712,0.000127,-0.000832,-0.002565,-0.000381,0.005222,-0.000142,-0.000236,0.011929,0.003634,0.000251,0.002856,0.000256,0.002421,0.001300,0.002320,-0.000055,0.003120,0.002525,-0.000644
0.003875,0.006945,0.006571,0.000567,0.000128,0.003378,0.000567,-0.002454,-0.002951,0.006151,0.000267,-0.003859,0.002717,-0.003573,0.001633,0.001861,0.021218,0.003708,0.000138,0.003110,0.004830,-0.003195,-0.000112,0.002103,0.012110,-0.000400,0.002200,0.000254,0.001164,0.006406,-0.003783,-0.000053,0.003706,-0.000058,0.002481,0.002861,0.018063,0.001057,0.003695,0.000326,0.007069
-0.001636,0.003703,-0.003075,0.000593,-0.000214,0.002863,-0.004847,-0.008824,0.001050,0.001149,0.000089,-0.000929,-0.003503,0.004114,-0.001727,-0.000678,0.003708,0.006856,0.000435,0.000063,0.002260,-0.008113,-0.000546,-0.003639,-0.007343,-0.000212,-0.002972,0.000117,-0.003219,0.000017,0.001255,-0.000362,-0.003884,0.000236,0.003409,-0.003437,0.005732,0.002098,-0.003885,-0.000438,0.001914
-0.000480,-0.000040,-0.000057,0.001695,0.000097,-0.000083,-0.000222,-0.000849,-0.000189,-0.000186,0.000079,-0.000014,-0.000565,0.000040,-0.000436,-0.000248,0.000138,0.000435,0.002623,-0.000085,-0.000037,-0.000495,-0.000030,-0.000167,0.000096,-0.000040,-0.000541,0.000088,-0.000115,0.000119,-0.000103,-0.000053,-0.000070,0.000388,0.001540,-0.000324,0.000311,0.000982,-0.000457,-0.000051,-0.000025
0.001289,0.001032,-0.000364,0.000383,0.001459,-0.000281,0.002320,0.000775,-0.000518,0.003607,0.001726,0.000075,0.001166,-0.000645,0.001212,0.002101,0.003110,0.000063,-0.000085,0.009357,-0.000199,-0.000157,-0.000013,-0.000908,0.003090,0.000076,0.001550,-0.000032,-0.000625,0.007044,-0.000593,-0.000287,0.003555,0.003604,-0.000454,0.000301,0.003214,0.003387,0.000822,-0.000167,-0.000177
0.001832,0.002285,0.001792,-0.000150,-0.000134,0.002581,-0.000566,-0.000930,0.000218,-0.001056,-0.000216,-0.000197,0.001076,-0.000341,0.001136,-0.000678,0.004830,0.002260,-0.000037,-0.000199,0.005338,-0.000942,-0.000074,-0.000389,0.000885,-0.000093,0.000849,-0.000081,-0.000268,-0.000897,-0.000169,-0.000123,-0.000529,-0.000413,-0.000993,0.000331,0.003565,-0.000621,0.000669,-0.000119,0.003142
0.003862,-0.003105,0.007345,-0.000016,0.000778,-0.001768,0.006746,0.011705,-0.000905,-0.007044,0.000588,0.002474,0.007939,-0.006607,0.003308,-0.001712,-0.003195,-0.008113,-0.000495,-0.000157,-0.000942,0.015753,0.000793,0.009135,0.013190,0.000810,0.004852,0.000264,0.006029,-0.003254,-0.002514,0.000466,0.005824,0.000751,-0.006930,0.009357,-0.008162,-0.000669,0.009878,-0.000153,0.000573
0.000701,-0.000731,0.000276,0.000129,0.001443,0.000031,0.001247,0.001447,-0.000130,-0.000108,0.001433,0.000047,0.001025,-0.001274,0.000879,0.000127,-0.000112,-0.000546,-0.000030,-0.000013,-0.000074,0.000793,0.001416,-0.000051,0.001504,0.001007,0.001125,-0.000015,0.000080,0.000104,-0.000243,0.000301,0.000368,0.001389,-0.000267,0.000535,-0.000520,0.001353,0.000679,0.000025,0.000024
-0.000765,-0.000448,0.007860,-0.000686,-0.000748,-0.000475,0.002669,0.001531,-0.000427,-0.002859,-0.001007,0.000178,0.009428,-0.001820,-0.001013,-0.000832,0.002103,-0.003639,-0.000167,-0.000908,-0.000389,0.009135,-0.000051,0.040436,-0.003369,-0.000426,-0.000965,0.000251,0.027800,-0.002724,-0.001200,-0.000398,0.004719,-0.002162,-0.002108,0.015362,-0.002156,-0.002770,0.015968,-0.000542,0.003447
0.006376,0.000153,0.022365,0.003402,0.002397,-0.000438,0.011957,0.012686,-0.003357,-0.005470,0.002332,0.000340,0.009858,-0.007487,0.004689,-0.002565,0.012110,-0.007343,0.000096,0.003090,0.000885,0.013190,0.001504,-0.003369,0.122206,0.000320,0.007186,-0.000764,-0.001491,-0.001682,-0.005055,0.001562,0.018385,0.003494,-0.006197,0.005625,0.002882,0.001226,0.008727,-0.000511,0.009263
0.000493,-0.000845,-0.000273,0.002474,0.001993,0.000026,0.001502,0.001107,-0.000008,-0.000877,0.002004,0.000115,0.000915,-0.001371,0.000817,-0.000381,-0.000400,-0.000212,-0.000040,0.000076,-0.000093,0.000810,0.001007,-0.000426,0.000320,0.004442,0.001124,-0.000001,-0.000293,-0.000514,0.000087,-0.000135,0.000909,0.003240,0.000522,0.000318,-0.000881,0.002657,0.000495,-0.000130,-0.000186
0.013658,0.000182,0.002978,0.000930,0.002175,0.002990,0.008170,0.010728,0.001289,0.004288,0.002414,-0.000841,0.011468,-0.004155,0.012385,0.005222,0.002200,-0.002972,-0.000541,0.001550,0.000849,0.004852,0.001125,-0.000965,0.007186,0.001124,0.014883,-0.000762,0.001332,0.004889,-0.000400,0.002374,0.005774,0.003421,0.000623,0.005035,-0.001609,0.002190,0.007137,0.001082,0.002311
-0.000537,-0.000179,-0.000024,0.000072,-0.000041,-0.000020,-0.000119,-0.000324,-0.000004,-0.000205,-0.000054,0.000096,-0.000467,-0.000165,-0.000564,-0.000142,0.000254,0.000117,0.000088,-0.000032,-0.000081,0.000264,-0.000015,0.000251,-0.000764,-0.000001,-0.000762,0.005756,-0.000064,-0.000066,-0.000166,-0.000005,-0.000081,-0.000012,-0.000333,0.000080,0.000428,-0.000156,-0.000066,-0.000017,0.000028
0.000769,-0.000640,0.005631,-0.000472,-0.000399,-0.000403,0.003896,0.003884,-0.000730,-0.002020,-0.000631,0.000317,0.007109,-0.001589,0.000920,-0.000236,0.001164,-0.003219,-0.000115,-0.000625,-0.000268,0.006029,0.000080,0.027800,-0.001491,-0.000293,0.001332,-0.000064,0.028182,-0.001981,-0.000483,-0.000222,0.005683,-0.001404,-0.001084,0.010540,-0.001985,-0.001977,0.010989,-0.000373,0.002504
0.004661,0.001013,-0.001432,0.001538,0.002820,-0.000153,0.004337,0.000893,0.000084,0.018633,0.003028,-0.006450,0.007024,0.004769,0.005927,0.011929,0.006406,0.000017,0.000119,0.007044,-0.000897,-0.003254,0.000104,-0.002724,-0.001682,-0.000514,0.004889,-0.000066,-0.001981,0.025921,0.004725,0.000439,0.003551,0.005411,0.002212,0.001194,0.008359,0.005184,0.003213,0.003042,-0.001069
-0.000747,-0.000600,-0.001138,0.000743,0.000770,0.000359,-0.000097,-0.002515,0.002089,0.006352,0.000613,-0.001314,0.007661,0.016322,0.003548,0.003634,-0.003783,0.001255,-0.000103,-0.000593,-0.000169,-0.002514,-0.000243,-0.001200,-0.005055,0.000087,-0.000400,-0.000166,-0.000483,0.004725,0.014973,-0.000762,-0.000288,0.001259,-0.000372,-0.001059,-0.004026,0.000536,0.001550,0.001087,-0.000335
0.001786,-0.001260,0.001176,-0.000217,-0.000229,0.000850,-0.001050,0.000627,-0.000152,-0.000077,-0.000311,0.000196,0.000707,-0.001430,0.001354,0.000251,-0.000053,-0.000362,-0.000053,-0.000287,-0.000123,0.000466,0.000301,-0.000398,0.001562,-0.000135,0.002374,-0.000005,-0.000222,0.000439,-0.000762,0.005037,-0.000881,-0.000421,-0.000834,0.000057,-0.000776,-0.000828,0.000188,-0.000172,0.000511
0.004843,-0.001305,0.006225,0.002438,0.002609,-0.000125,0.012177,0.007972,-0.000253,0.002009,0.002719,-0.000155,0.008031,-0.004766,0.005158,0.002856,0.003706,-0.003884,-0.000070,0.003555,-0.000529,0.005824,0.000368,0.004719,0.018385,0.000909,0.005774,-0.000081,0.005683,0.003551,-0.000288,-0.000881,0.015443,0.005801,0.002980,0.004487,0.000492,0.003674,0.006574,-0.000308,0.002396
0.002143,-0.002044,-0.000621,0.006335,0.006614,-0.000216,0.005045,0.001887,-0.000060,0.001227,0.007496,-0.000239,0.003580,-0.002987,0.003482,0.000256,-0.000058,0.000236,0.000388,0.003604,-0.000413,0.000751,0.001389,-0.002162,0.003494,0.003240,0.003421,-0.000012,-0.001404,0.005411,0.001259,-0.000421,0.005801,0.016085,0.005236,-0.000101,-0.000677,0.013923,0.001222,-0.000589,-0.000468
0.001279,0.001274,-0.003096,0.001639,0.002130,0.000561,0.002544,-0.006008,0.000671,0.006144,0.002427,-0.003057,-0.001279,-0.000373,0.001101,0.002421,0.002481,0.003409,0.001540,-0.000454,-0.000993,-0.006930,-0.000267,-0.002108,-0.006197,0.000522,0.000623,-0.000333,-0.001084,0.002212,-0.000372,-0.000834,0.002980,0.005236,0.031677,-0.002246,0.007074,0.009760,-0.002269,-0.001262,-0.001502
0.005737,0.000991,0.007032,-0.000030,0.000570,0.000212,0.004230,0.004066,-0.000075,-0.000011,0.000477,0.000081,0.010949,-0.001899,0.004356,0.001300,0.002861,-0.003437,-0.000324,0.000301,0.000331,0.009357,0.000535,0.015362,0.005625,0.000318,0.005035,0.000080,0.010540,0.001194,-0.001059,0.000057,0.004487,-0.000101,-0.002246,0.016713,-0.000526,-0.000355,0.015365,-0.000009,0.002499
0.001191,0.007551,0.001062,0.000184,-0.000379,0.002949,-0.001836,-0.005887,-0.002427,0.008018,-0.000306,-0.004672,-0.002934,-0.001897,-0.001315,0.002320,0.018063,0.005732,0.000311,0.003214,0.003565,-0.008162,-0.000520,-0.002156,0.002882,-0.000881,-0.001609,0.000428,-0.001985,0.008359,-0.004026,-0.000776,0.000492,-0.000677,0.007074,-0.000526,0.021643,0.000848,-0.001088,0.000093,0.004459
0.001059,-0.000717,-0.000912,0.006035,0.006825,-0.000702,0.002778,-0.002135,-0.001010,0.000936,0.008854,-0.000453,0.002120,-0.001893,0.002286,-0.000055,0.001057,0.002098,0.000982,0.003387,-0.000621,-0.000669,0.001353,-0.002770,0.001226,0.002657,0.002190,-0.000156,-0.001977,0.005184,0.000536,-0.000828,0.003674,0.013923,0.009760,-0.000355,0.000848,0.019683,0.000478,-0.000848,-0.000914
0.007421,0.000781,0.008537,0.000439,0.001318,0.001099,0.006614,0.005577,0.000725,0.002264,0.001280,-0.000608,0.014802,-0.000347,0.007018,0.003120,0.003695,-0.003885,-0.000457,0.000822,0.000669,0.009878,0.000679,0.015968,0.008727,0.000495,0.007137,-0.000066,0.010989,0.003213,0.001550,0.000188,0.006574,0.001222,-0.002269,0.015365,-0.001088,0.000478,0.016375,0.000412,0.003584
0.000788,-0.000396,-0.000253,-0.000099,-0.000248,-0.000269,0.000965,0.001133,0.000140,0.002750,-0.000306,-0.001271,0.001471,0.001533,0.001017,0.002525,0.000326,-0.000438,-0.000051,-0.000167,-0.000119,-0.000153,0.000025,-0.000542,-0.000511,-0.000130,0.001082,-0.000017,-0.000373,0.003042,0.001087,-0.000172,-0.000308,-0.000589,-0.001262,-0.000009,0.000093,-0.000848,0.000412,0.006019,-0.000112
0.003007,0.003193,0.005020,0.000019,-0.000086,0.003735,0.001155,0.000443,-0.000213,-0.001329,-0.000220,-0.000699,0.004075,-0.000698,0.002206,-0.000644,0.007069,0.001914,-0.000025,-0.000177,0.003142,0.000573,0.000024,0.003447,0.009263,-0.000186,0.002311,0.000028,0.002504,-0.001069,-0.000335,0.000511,0.002396,-0.000468,-0.001502,0.002499,0.004459,-0.000914,0.003584,-0.000112,0.005964
