0.014128,0.002362,0.003470,0.000258,0.001412,0.004197,0.006302,0.006938,0.002319,0.004931,0.001578,-0.000818,0.010469,-0.003035,0.011455,0.005463,0.004164,-0.001372,-0.000992,0.001520,0.001454,0.003297,0.000726,-0.000431,0.005547,0.000561,0.012872,-0.000097,0.000726,0.004757,-0.000908,0.002440,0.004750,0.001913,0.000233,0.005542,0.001962,0.000578,0.007250,0.000862,0.003059
0.002362,0.009273,0.000176,-0.001029,-0.001337,0.002469,-0.003052,-0.004496,0.001618,0.003168,-0.001119,-0.001315,0.000055,0.005240,0.000874,0.001640,0.006149,0.003426,-0.000226,0.001517,0.001364,-0.003221,-0.000769,-0.000539,-0.001135,-0.001073,-0.000151,-0.000248,-0.000653,0.001693,-0.000628,-0.001722,-0.001387,-0.002430,0.000743,0.000787,0.007187,-0.001390,0.000508,-0.000471,0.002357
0.003470,0.000176,0.014216,0.000299,0.000155,0.000596,0.005120,0.002446,-0.001066,-0.001762,-0.000018,0.000279,0.008060,-0.002718,0.002850,-0.000845,0.006374,-0.003562,0.000002,-0.000688,0.000784,0.007615,0.000469,0.007562,0.021998,-0.000326,0.003157,0.000009,0.006276,-0.001536,-0.000875,0.002214,0.008004,-0.000371,-0.002044,0.006817,0.000708,-0.000544,0.008548,-0.000261,0.005396
0.000258,-0.001029,0.000299,0.009627,0.003258,0.000105,0.002652,-0.000658,0.000325,0.000437,0.003407,-0.000497,0.001357,-0.001315,0.000898,0.000093,0.000684,0.000665,0.002309,0.000246,-0.000130,-0.000123,0.000136,-0.000706,0.003993,0.002297,0.000612,-0.000068,-0.000511,0.002166,0.001081,-0.000316,0.003004,0.007040,0.002774,0.000020,0.000427,0.006984,0.000558,-0.000133,0.000033
0.001412,-0.001337,0.000155,0.003258,0.004639,0.000047,0.003509,0.001442,0.000288,0.000979,0.004500,-0.000329,0.002821,-0.001380,0.002214,0.000711,0.000075,-0.000252,0.000149,0.001784,-0.000070,0.000847,0.001471,-0.000825,0.002962,0.001984,0.002140,0.000009,-0.000537,0.003173,0.000888,-0.000230,0.003086,0.007164,0.002049,0.000628,-0.000441,0.007036,0.001436,-0.000186,-0.000157
0.004197,0.002469,0.000596,0.000105,0.000047,0.005481,-0.000104,-0.000822,0.002397,-0.000010,-0.000072,-0.000645,0.002388,0.000050,0.003222,0.000831,0.003484,0.002960,-0.000129,-0.000304,0.001842,-0.002033,0.000082,-0.000428,-0.000336,0.000041,0.003125,0.000030,-0.000401,-0.000747,0.000227,0.001745,-0.000664,-0.000455,-0.000043,0.000210,0.003134,-0.000826,0.000889,-0.000237,0.003585
0.006302,-0.003052,0.005120,0.002652,0.003509,-0.000104,0.015171,0.011413,0.000149,0.001599,0.003526,-0.001049,0.009613,-0.007007,0.006778,0.003065,0.001730,-0.004973,-0.000252,0.002609,-0.000280,0.007258,0.001213,0.003155,0.013418,0.001913,0.007743,0.000044,0.004125,0.004278,-0.000208,-0.001310,0.013381,0.006145,0.001722,0.004762,-0.001226,0.003905,0.007213,0.001262,0.001843
0.006938,-0.004496,0.002446,-0.000658,0.001442,-0.000822,0.011413,0.022852,-0.002909,-0.003554,0.001242,0.000252,0.008239,-0.010479,0.007063,0.000542,-0.002020,-0.008829,-0.001455,0.000710,-0.000501,0.012025,0.001404,0.002424,0.013431,0.001566,0.010334,0.000160,0.004291,0.000711,-0.002485,0.000607,0.007976,0.001951,-0.007404,0.004716,-0.005471,-0.002185,0.006395,0.001246,0.000915
0.002319,0.001618,-0.001066,0.000325,0.000288,0.002397,0.000149,-0.002909,0.006307,0.001748,0.000126,0.000658,0.001760,0.003667,0.002351,0.002726,-0.003033,0.001158,-0.000296,-0.000656,0.000071,-0.001367,-0.000185,-0.000698,-0.003628,-0.000013,0.001082,0.000133,-0.000831,-0.000350,0.001882,-0.000010,-0.001060,-0.000070,-0.000403,-0.000454,-0.002335,-0.000891,0.000052,-0.000012,-0.000416
0.004931,0.003168,-0.001762,0.000437,0.000979,-0.000010,0.001599,-0.003554,0.001748,0.024513,0.001338,-0.005884,0.006928,0.008196,0.006013,0.014033,0.006517,0.001317,-0.000448,0.004457,-0.000556,-0.006884,-0.000142,-0.003037,-0.005533,-0.000980,0.004280,-0.000298,-0.002313,0.018983,0.006180,-0.000091,0.001828,0.001499,0.005628,0.000320,0.008398,0.001364,0.002362,0.002778,-0.001423
0.001578,-0.001119,-0.000018,0.003407,0.004500,-0.000072,0.003526,0.001242,0.000126,0.001338,0.005750,-0.000337,0.002957,-0.001749,0.002399,0.000866,0.000343,-0.000033,0.000133,0.002135,-0.000123,0.000769,0.001464,-0.000966,0.003215,0.002109,0.002371,0.000001,-0.000677,0.003415,0.000687,-0.000361,0.003378,0.008148,0.002111,0.000607,-0.000246,0.008866,0.001483,-0.000204,-0.000235
-0.000818,-0.001315,0.000279,-0.000497,-0.000329,-0.000645,-0.001049,0.000252,0.000658,-0.005884,-0.000337,0.005997,-0.001614,-0.001113,-0.001101,-0.002945,-0.004136,-0.000873,0.000017,0.000041,-0.000265,0.002373,0.000045,0.000216,-0.000527,0.000103,-0.000665,0.000068,0.000442,-0.005835,-0.001165,0.000441,-0.000443,-0.000512,-0.002926,-0.000002,-0.004809,-0.000386,-0.000601,-0.001329,-0.000770
0.010469,0.000055,0.008060,0.001357,0.002821,0.002388,0.009613,0.008239,0.001760,0.006928,0.002957,-0.001614,0.019502,0.004252,0.012102,0.006476,0.003303,-0.003529,-0.000917,0.001294,0.000760,0.007478,0.001097,0.008704,0.009856,0.001183,0.011197,-0.000110,0.007248,0.007121,0.007630,0.001324,0.008872,0.004123,-0.001656,0.010182,-0.002062,0.002415,0.014244,0.001559,0.004194
-0.003035,0.005240,-0.002718,-0.001315,-0.001380,0.000050,-0.007007,-0.010479,0.003667,0.008196,-0.001749,-0.001113,0.004252,0.030685,0.000674,0.004133,-0.003599,0.004203,-0.000322,-0.000657,-0.000340,-0.007261,-0.001288,-0.002268,-0.008669,-0.001664,-0.004506,0.000199,-0.001984,0.004547,0.016237,-0.001806,-0.005289,-0.003437,0.000007,-0.002715,-0.001784,-0.002590,-0.001117,0.001223,-0.001175
0.011455,0.000874,0.002850,0.000898,0.002214,0.003222,0.006778,0.007063,0.002351,0.006013,0.002399,-0.001101,0.012102,0.000674,0.011343,0.005820,0.002015,-0.001641,-0.000980,0.001345,0.000881,0.003097,0.000896,-0.000574,0.004510,0.000969,0.011583,-0.000083,0.000938,0.005963,0.003460,0.001934,0.005168,0.003492,0.000041,0.004386,-0.000620,0.001964,0.007069,0.001068,0.002311
0.005463,0.001640,-0.000845,0.000093,0.000711,0.000831,0.003065,0.000542,0.002726,0.014033,0.000866,-0.002945,0.006476,0.004133,0.005820,0.011873,0.001904,-0.000322,-0.000436,0.002447,-0.000448,-0.002201,0.000083,-0.001405,-0.003265,-0.000391,0.005153,-0.000048,-0.000816,0.012188,0.003373,0.000461,0.002181,0.000429,0.001869,0.001071,0.002674,0.000183,0.002769,0.002611,-0.000846
0.004164,0.006149,0.006374,0.000684,0.000075,0.003484,0.001730,-0.002020,-0.003033,0.006517,0.000343,-0.004136,0.003303,-0.003599,0.002015,0.001904,0.020925,0.003510,0.000227,0.004179,0.003693,-0.002783,-0.000035,0.001881,0.011663,-0.000634,0.002741,-0.000346,0.000843,0.007558,-0.003553,0.000236,0.004686,0.000220,0.002931,0.003290,0.017816,0.001507,0.004179,0.000399,0.006910
-0.001372,0.003426,-0.003562,0.000665,-0.000252,0.002960,-0.004973,-0.008829,0.001158,0.001317,-0.000033,-0.000873,-0.003529,0.004203,-0.001641,-0.000322,0.003510,0.006934,0.000694,0.000353,0.001815,-0.008325,-0.000540,-0.003712,-0.007102,-0.000418,-0.002752,-0.000102,-0.003471,0.000278,0.001222,-0.000193,-0.004076,0.000104,0.003658,-0.003468,0.005701,0.001882,-0.004011,-0.000480,0.001661
-0.000992,-0.000226,0.000002,0.002309,0.000149,-0.000129,-0.000252,-0.001455,-0.000296,-0.000448,0.000133,0.000017,-0.000917,-0.000322,-0.000980,-0.000436,0.000227,0.000694,0.003593,-0.000156,-0.000042,-0.000776,-0.000042,-0.000227,0.000482,-0.000063,-0.001102,-0.000112,-0.000164,-0.000139,-0.000180,-0.000102,0.000004,0.000493,0.002305,-0.000423,0.000591,0.001385,-0.000687,-0.000078,-0.000024
0.001520,0.001517,-0.000688,0.000246,0.001784,-0.000304,0.002609,0.000710,-0.000656,0.004457,0.002135,0.000041,0.001294,-0.000657,0.001345,0.002447,0.004179,0.000353,-0.000156,0.012204,0.000254,-0.000413,-0.000024,-0.001008,0.002877,0.000015,0.001853,-0.000004,-0.000730,0.008996,-0.000970,-0.000452,0.003815,0.004448,-0.001000,0.000404,0.004306,0.004324,0.000994,-0.000238,-0.000162
0.001454,0.001364,0.000784,-0.000130,-0.000070,0.001842,-0.000280,-0.000501,0.000071,-0.000556,-0.000123,-0.000265,0.000760,-0.000340,0.000881,-0.000448,0.003693,0.001815,-0.000042,0.000254,0.003469,-0.000920,-0.000047,-0.000269,-0.000112,-0.000074,0.000813,-0.000045,-0.000195,-0.000270,-0.000232,0.000099,-0.000260,-0.000257,-0.000765,0.000242,0.002928,-0.000386,0.000453,-0.000093,0.002123
0.003297,-0.003221,0.007615,-0.000123,0.000847,-0.002033,0.007258,0.012025,-0.001367,-0.006884,0.000769,0.002373,0.007478,-0.007261,0.003097,-0.002201,-0.002783,-0.008325,-0.000776,-0.000413,-0.000920,0.015432,0.000817,0.008434,0.012843,0.001006,0.004497,0.000435,0.006425,-0.003375,-0.002523,0.000350,0.006420,0.001020,-0.006868,0.008493,-0.007611,-0.000446,0.009230,-0.000096,0.000675
0.000726,-0.000769,0.000469,0.000136,0.001471,0.000082,0.001213,0.001404,-0.000185,-0.000142,0.001464,0.000045,0.001097,-0.001288,0.000896,0.000083,-0.000035,-0.000540,-0.000042,-0.000024,-0.000047,0.000817,0.001432,-0.000055,0.001759,0.001051,0.001159,-0.000001,0.000052,0.000070,-0.000239,0.000495,0.000397,0.001446,-0.000323,0.000572,-0.000485,0.001400,0.000743,0.000055,0.000112
-0.000431,-0.000539,0.007562,-0.000706,-0.000825,-0.000428,0.003155,0.002424,-0.000698,-0.003037,-0.000966,0.000216,0.008704,-0.002268,-0.000574,-0.001405,0.001881,-0.003712,-0.000227,-0.001008,-0.000269,0.008434,-0.000055,0.036797,-0.004074,-0.000403,-0.000506,0.000363,0.026646,-0.003145,-0.001199,-0.000490,0.004995,-0.002138,-0.002169,0.014065,-0.001917,-0.002636,0.014659,-0.000504,0.003357
0.005547,-0.001135,0.021998,0.003993,0.002962,-0.000336,0.013418,0.013431,-0.003628,-0.005533,0.003215,-0.000527,0.009856,-0.008669,0.004510,-0.003265,0.011663,-0.007102,0.000482,0.002877,-0.000112,0.012843,0.001759,-0.004074,0.121261,0.000271,0.006926,-0.000016,-0.003906,-0.000693,-0.004522,0.002694,0.019425,0.004972,-0.004806,0.005478,0.002819,0.002353,0.008668,-0.000541,0.009323
0.000561,-0.001073,-0.000326,0.002297,0.001984,0.000041,0.001913,0.001566,-0.000013,-0.000980,0.002109,0.000103,0.001183,-0.001664,0.000969,-0.000391,-0.000634,-0.000418,-0.000063,0.000015,-0.000074,0.001006,0.001051,-0.000403,0.000271,0.004873,0.001264,-0.000040,-0.000292,-0.000767,0.000211,-0.000126,0.001167,0.003621,0.000329,0.000338,-0.001081,0.002444,0.000619,-0.000029,-0.000195
0.012872,-0.000151,0.003157,0.000612,0.002140,0.003125,0.007743,0.010334,0.001082,0.004280,0.002371,-0.000665,0.011197,-0.004506,0.011583,0.005153,0.002741,-0.002752,-0.001102,0.001853,0.000813,0.004497,0.001159,-0.000506,0.006926,0.001264,0.014099,-0.000209,0.001249,0.005091,-0.000551,0.003128,0.005734,0.003332,-0.000690,0.005051,-0.000626,0.001733,0.007245,0.001164,0.002555
-0.000097,-0.000248,0.000009,-0.000068,0.000009,0.000030,0.000044,0.000160,0.000133,-0.000298,0.000001,0.000068,-0.000110,0.000199,-0.000083,-0.000048,-0.000346,-0.000102,-0.000112,-0.000004,-0.000045,0.000435,-0.000001,0.000363,-0.000016,-0.000040,-0.000209,0.004716,-0.000065,-0.000201,0.000055,0.000021,0.000031,0.000037,-0.000218,0.000076,-0.000597,-0.000103,-0.000039,0.000005,0.000021
0.000726,-0.000653,0.006276,-0.000511,-0.000537,-0.000401,0.004125,0.004291,-0.000831,-0.002313,-0.000677,0.000442,0.007248,-0.001984,0.000938,-0.000816,0.000843,-0.003471,-0.000164,-0.000730,-0.000195,0.006425,0.000052,0.026646,-0.003906,-0.000292,0.001249,-0.000065,0.026938,-0.002430,-0.000565,-0.000310,0.005771,-0.001533,-0.001870,0.010168,-0.002226,-0.002056,0.010879,-0.000365,0.002786
0.004757,0.001693,-0.001536,0.002166,0.003173,-0.000747,0.004278,0.000711,-0.000350,0.018983,0.003415,-0.005835,0.007121,0.004547,0.005963,0.012188,0.007558,0.000278,-0.000139,0.008996,-0.000270,-0.003375,0.000070,-0.003145,-0.000693,-0.000767,0.005091,-0.000201,-0.002430,0.027371,0.004547,0.000409,0.004330,0.006301,0.002321,0.001162,0.009320,0.006212,0.003338,0.003002,-0.001055
-0.000908,-0.000628,-0.000875,0.001081,0.000888,0.000227,-0.000208,-0.002485,0.001882,0.006180,0.000687,-0.001165,0.007630,0.016237,0.003460,0.003373,-0.003553,0.001222,-0.000180,-0.000970,-0.000232,-0.002523,-0.000239,-0.001199,-0.004522,0.000211,-0.000551,0.000055,-0.000565,0.004547,0.015326,-0.000826,-0.000093,0.001541,0.000126,-0.001259,-0.003887,0.000691,0.001442,0.000936,-0.000326
0.002440,-0.001722,0.002214,-0.000316,-0.000230,0.001745,-0.001310,0.000607,-0.000010,-0.000091,-0.000361,0.000441,0.001324,-0.001806,0.001934,0.000461,0.000236,-0.000193,-0.000102,-0.000452,0.000099,0.000350,0.000495,-0.000490,0.002694,-0.000126,0.003128,0.000021,-0.000310,0.000409,-0.000826,0.007168,-0.001109,-0.000663,-0.001028,0.000109,-0.000690,-0.001003,0.000454,-0.000144,0.001178
0.004750,-0.001387,0.008004,0.003004,0.003086,-0.000664,0.013381,0.007976,-0.001060,0.001828,0.003378,-0.000443,0.008872,-0.005289,0.005168,0.002181,0.004686,-0.004076,0.000004,0.003815,-0.000260,0.006420,0.000397,0.004995,0.019425,0.001167,0.005734,0.000031,0.005771,0.004330,-0.000093,-0.001109,0.017382,0.007002,0.003288,0.004957,0.000888,0.004892,0.007421,-0.000117,0.003184
0.001913,-0.002430,-0.000371,0.007040,0.007164,-0.000455,0.006145,0.001951,-0.000070,0.001499,0.008148,-0.000512,0.004123,-0.003437,0.003492,0.000429,0.000220,0.000104,0.000493,0.004448,-0.000257,0.001020,0.001446,-0.002138,0.004972,0.003621,0.003332,0.000037,-0.001533,0.006301,0.001541,-0.000663,0.007002,0.017532,0.005361,0.000159,-0.000465,0.015057,0.001693,-0.000390,-0.000566
0.000233,0.000743,-0.002044,0.002774,0.002049,-0.000043,0.001722,-0.007404,-0.000403,0.005628,0.002111,-0.002926,-0.001656,0.000007,0.000041,0.001869,0.002931,0.003658,0.002305,-0.001000,-0.000765,-0.006868,-0.000323,-0.002169,-0.004806,0.000329,-0.000690,-0.000218,-0.001870,0.002321,0.000126,-0.001028,0.003288,0.005361,0.032281,-0.001843,0.007406,0.009515,-0.002017,-0.001270,-0.001229
0.005542,0.000787,0.006817,0.000020,0.000628,0.000210,0.004762,0.004716,-0.000454,0.000320,0.000607,-0.000002,0.010182,-0.002715,0.004386,0.001071,0.003290,-0.003468,-0.000423,0.000404,0.000242,0.008493,0.000572,0.014065,0.005478,0.000338,0.005051,0.000076,0.010168,0.001162,-0.001259,0.000109,0.004957,0.000159,-0.001843,0.014556,0.000225,-0.000049,0.013721,0.000052,0.002495
0.001962,0.007187,0.000708,0.000427,-0.000441,0.003134,-0.001226,-0.005471,-0.002335,0.008398,-0.000246,-0.004809,-0.002062,-0.001784,-0.000620,0.002674,0.017816,0.005701,0.000591,0.004306,0.002928,-0.007611,-0.000485,-0.001917,0.002819,-0.001081,-0.000626,-0.000597,-0.002226,0.009320,-0.003887,-0.000690,0.000888,-0.000465,0.007406,0.000225,0.021019,0.001341,-0.000317,0.000131,0.004366
0.000578,-0.001390,-0.000544,0.006984,0.007036,-0.000826,0.003905,-0.002185,-0.000891,0.001364,0.008866,-0.000386,0.002415,-0.002590,0.001964,0.000183,0.001507,0.001882,0.001385,0.004324,-0.000386,-0.000446,0.001400,-0.002636,0.002353,0.002444,0.001733,-0.000103,-0.002056,0.006212,0.000691,-0.001003,0.004892,0.015057,0.009515,-0.000049,0.001341,0.019637,0.000916,-0.000683,-0.000977
0.007250,0.000508,0.008548,0.000558,0.001436,0.000889,0.007213,0.006395,0.000052,0.002362,0.001483,-0.000601,0.014244,-0.001117,0.007069,0.002769,0.004179,-0.004011,-0.000687,0.000994,0.000453,0.009230,0.000743,0.014659,0.008668,0.000619,0.007245,-0.000039,0.010879,0.003338,0.001442,0.000454,0.007421,0.001693,-0.002017,0.013721,-0.000317,0.000916,0.015144,0.000505,0.003622
0.000862,-0.000471,-0.000261,-0.000133,-0.000186,-0.000237,0.001262,0.001246,-0.000012,0.002778,-0.000204,-0.001329,0.001559,0.001223,0.001068,0.002611,0.000399,-0.000480,-0.000078,-0.000238,-0.000093,-0.000096,0.000055,-0.000504,-0.000541,-0.000029,0.001164,0.000005,-0.000365,0.003002,0.000936,-0.000144,-0.000117,-0.000390,-0.001270,0.000052,0.000131,-0.000683,0.000505,0.006093,-0.000117
0.003059,0.002357,0.005396,0.000033,-0.000157,0.003585,0.001843,0.000915,-0.000416,-0.001423,-0.000235,-0.000770,0.004194,-0.001175,0.002311,-0.000846,0.006910,0.001661,-0.000024,-0.000162,0.002123,0.000675,0.000112,0.003357,0.009323,-0.000195,0.002555,0.000021,0.002786,-0.001055,-0.000326,0.001178,0.003184,-0.000566,-0.001229,0.002495,0.004366,-0.000977,0.003622,-0.000117,0.005807
