17.323967,-0.121256,0.215652,0.730830,-0.004747,-2.299630,-3.978658,0.148573,0.730975,0.121147,-0.305115
-0.121256,0.081282,-0.013292,-0.021113,0.000529,0.377722,1.400063,-0.012892,-0.045264,-0.000477,-0.024785
0.215652,-0.013292,0.045142,0.051149,0.000972,-0.101005,-1.006740,0.021966,0.023981,0.007952,0.061224
0.730830,-0.021113,0.051149,2.722272,-0.000774,0.796767,3.506045,0.001657,0.073415,0.028569,-0.038061
-0.004747,0.000529,0.000972,-0.000774,0.002739,-0.019867,-0.010851,-0.000423,-0.006188,-0.001263,0.000693
-2.299630,0.377722,-0.101005,0.796767,-0.019867,116.967572,91.477975,-0.094834,-0.164206,0.193221,-0.817281
-3.978658,1.400063,-1.006740,3.506045,-0.010851,91.477975,1234.271079,-1.414589,-0.698023,0.320547,-5.693859
0.148573,-0.012892,0.021966,0.001657,-0.000423,-0.094834,-1.414589,0.204713,0.041226,0.016714,0.036109
0.730975,-0.045264,0.023981,0.073415,-0.006188,-0.164206,-0.698023,0.041226,2.249305,0.019932,0.463115
0.121147,-0.000477,0.007952,0.028569,-0.001263,0.193221,0.320547,0.016714,0.019932,0.117729,0.078267
-0.305115,-0.024785,0.061224,-0.038061,0.000693,-0.817281,-5.693859,0.036109,0.463115,0.078267,23.508765
