17.569704,-0.147501,0.213916,0.717480,-0.010083,-0.133641,-3.916655,0.161422,0.628561,0.166292,0.155171
-0.147501,0.081267,-0.015327,-0.041344,0.000575,0.295377,1.096126,-0.012572,-0.058121,-0.003171,-0.056982
0.213916,-0.015327,0.044625,0.059982,0.000439,-0.031407,-0.895507,0.018988,0.030216,0.007056,0.066986
0.717480,-0.041344,0.059982,3.234356,0.000944,1.525572,2.700082,-0.004519,0.110501,-0.001124,0.185964
-0.010083,0.000575,0.000439,0.000944,0.002362,-0.012042,0.007058,-0.000874,-0.003521,-0.000361,-0.002897
-0.133641,0.295377,-0.031407,1.525572,-0.012042,124.719128,108.904619,0.042288,0.148631,-0.121488,-0.026121
-3.916655,1.096126,-0.895507,2.700082,0.007058,108.904619,1288.495506,-1.453735,-1.624232,-0.038717,-13.406579
0.161422,-0.012572,0.018988,-0.004519,-0.000874,0.042288,-1.453735,0.202821,0.017742,0.015577,0.022700
0.628561,-0.058121,0.030216,0.110501,-0.003521,0.148631,-1.624232,0.017742,2.265817,0.044762,0.553479
0.166292,-0.003171,0.007056,-0.001124,-0.000361,-0.121488,-0.038717,0.015577,0.044762,0.111266,0.090284
0.155171,-0.056982,0.066986,0.185964,-0.002897,-0.026121,-13.406579,0.022700,0.553479,0.090284,23.760182
