0.000672,0.000726,0.000721,0.000611,0.000612,0.000626,0.000442,0.000679,0.001168,0.001576,0.001754,0.000838,0.001072,0.001790,0.001685,0.001510,0.001657,0.000861,0.000776,0.001117,0.000585,-0.000126,-0.000995,-0.001068,-0.001455,-0.002312,-0.001630,-0.001482,-0.001562,-0.000723,-0.000111,-0.000230,-0.000579,-0.000831,0.000012,0.000200,0.000463,0.000704,0.000703,0.000514,0.000461,0.000978,0.000659,0.000616,0.001173,0.000972,0.000342,0.000292,0.000184,0.000071,0.000043,0.000083,0.000052,0.000012,0.000038,0.000038,0.000063,0.000063,0.000062,0.000051
0.000726,0.001455,0.001427,0.001197,0.001237,0.001258,0.000766,0.001052,0.001784,0.001932,0.002045,0.000833,0.001754,0.002939,0.002615,0.002269,0.002382,0.001282,0.001234,0.001857,0.000991,-0.000657,-0.002163,-0.001986,-0.002460,-0.004015,-0.003083,-0.002588,-0.002668,-0.001570,-0.000544,-0.000857,-0.001298,-0.000845,0.000741,0.000954,0.001453,0.001335,0.000999,0.001003,0.001301,0.001576,0.000686,0.000696,0.001822,0.001314,0.000673,0.000640,0.000408,0.000079,0.000092,0.000135,0.000093,0.000083,0.000090,0.000083,0.000090,0.000093,0.000095,0.000087
0.000721,0.001427,0.002187,0.001793,0.001708,0.001364,0.000510,0.001087,0.002075,0.002106,0.002563,0.001062,0.002081,0.003679,0.003055,0.002344,0.002842,0.001531,0.002049,0.002430,0.001276,-0.000473,-0.001581,-0.001474,-0.002811,-0.004448,-0.003030,-0.002930,-0.003532,-0.002174,-0.000872,-0.001608,-0.002075,-0.001260,0.000077,0.000222,0.001102,0.001325,0.001118,0.001041,0.001558,0.002150,0.000820,0.000617,0.001833,0.001056,0.000603,0.000765,0.000384,0.000012,0.000114,0.000164,0.000109,0.000125,0.000098,0.000099,0.000137,0.000106,0.000137,0.000099
0.000611,0.001197,0.001793,0.002801,0.002590,0.001375,0.000534,0.000878,0.001534,0.001598,0.002225,0.000386,0.002017,0.003381,0.003074,0.002901,0.003903,0.003246,0.003703,0.003413,0.001904,0.000856,0.000221,-0.000723,-0.001989,-0.004216,-0.002963,-0.002225,-0.003796,-0.003298,-0.002006,-0.002440,-0.002711,-0.002273,-0.000096,0.000047,0.000521,0.000216,0.000392,0.000495,0.001238,0.001521,0.000110,-0.000324,0.000630,0.000264,0.000342,0.000345,0.000331,0.000066,0.000091,0.000183,0.000135,0.000142,0.000105,0.000103,0.000130,0.000134,0.000162,0.000106
0.000612,0.001237,0.001708,0.002590,0.004901,0.003192,0.001263,0.001606,0.001648,0.002206,0.002688,0.001861,0.004071,0.006229,0.005009,0.005363,0.006669,0.005273,0.006800,0.006294,0.002798,0.002751,0.001146,0.000130,-0.000698,-0.001539,-0.001708,-0.002396,-0.004050,-0.004364,-0.002848,-0.003528,-0.004063,-0.003163,-0.001791,-0.002499,-0.003057,-0.001232,0.000525,0.001087,0.001038,0.002290,0.001167,0.000637,0.001809,0.001131,0.000793,0.000542,0.000422,0.000077,0.000097,0.000238,0.000207,0.000105,0.000102,0.000130,0.000110,0.000141,0.000139,0.000089
0.000626,0.001258,0.001364,0.001375,0.003192,0.006574,0.003505,0.004091,0.004370,0.005240,0.006164,0.005442,0.006954,0.008443,0.006862,0.006847,0.006997,0.003725,0.004845,0.006910,0.003617,0.002995,-0.000310,-0.000993,-0.001578,-0.002241,-0.001929,-0.001838,-0.001709,-0.002109,-0.001567,-0.002794,-0.003129,-0.001671,-0.001125,-0.000837,-0.001805,-0.000462,0.001567,0.003573,0.001046,0.001897,0.000757,0.001940,0.003437,0.000857,0.000141,0.000336,0.000375,-0.000006,0.000169,0.000207,0.000134,0.000107,0.000125,0.000145,0.000115,0.000120,0.000107,0.000082
0.000442,0.000766,0.000510,0.000534,0.001263,0.003505,0.004747,0.004327,0.004186,0.004279,0.004157,0.002638,0.004380,0.005941,0.005705,0.005496,0.004759,0.003121,0.002966,0.004310,0.002109,0.000651,-0.000749,-0.000297,-0.000863,-0.002843,-0.002459,-0.000728,-0.000122,-0.000106,-0.001458,-0.002672,-0.002452,-0.001941,-0.000471,-0.000026,-0.001006,0.000816,0.001301,0.003146,0.001437,0.000853,0.000118,0.001052,0.002367,0.001248,0.001210,0.000975,0.000764,0.000214,0.000150,0.000062,0.000035,0.000024,0.000080,0.000104,0.000123,0.000095,0.000042,0.000047
0.000679,0.001052,0.001087,0.000878,0.001606,0.004091,0.004327,0.009235,0.010405,0.009854,0.009220,0.005311,0.006434,0.008480,0.007024,0.005810,0.003752,0.002279,0.002491,0.006719,0.004675,0.002721,-0.000728,-0.001169,-0.002517,-0.004174,-0.003653,-0.000616,-0.000383,-0.000012,-0.000952,-0.001757,-0.002140,-0.002123,-0.001208,0.000877,0.001335,0.002526,0.003208,0.005270,0.002499,0.002263,0.002416,0.002711,0.004468,0.002170,0.001457,0.001760,0.001083,0.000190,0.000265,0.000174,0.000052,0.000080,0.000044,0.000183,0.000191,0.000151,0.000097,0.000066
0.001168,0.001784,0.002075,0.001534,0.001648,0.004370,0.004186,0.010405,0.022135,0.020068,0.017649,0.010728,0.010098,0.011019,0.006985,0.004730,0.002456,-0.001682,-0.000726,0.008089,0.005757,0.000515,-0.005269,-0.005333,-0.005055,-0.004234,-0.000157,0.003112,0.001792,0.004206,0.000838,0.001556,-0.001078,-0.002497,-0.002433,0.000875,0.003137,0.004982,0.005168,0.003789,0.001687,0.002836,0.003444,0.005801,0.010256,0.005529,0.003343,0.004179,0.001932,0.000322,0.000354,0.000324,0.000055,0.000140,0.000068,0.000178,0.000250,0.000254,0.000130,0.000087
0.001576,0.001932,0.002106,0.001598,0.002206,0.005240,0.004279,0.009854,0.020068,0.028207,0.023722,0.016105,0.015178,0.013346,0.008037,0.005806,0.003741,0.000071,0.001351,0.010124,0.005448,0.002326,-0.005053,-0.006415,-0.004550,-0.003007,0.000755,0.001701,-0.003097,-0.000935,-0.002326,-0.000555,-0.002473,-0.004993,-0.006609,-0.002204,0.001714,0.003878,0.006871,0.008604,0.001095,0.002613,0.005575,0.007324,0.011091,0.005018,0.003265,0.004539,0.002472,0.000438,0.000376,0.000290,0.000108,0.000065,0.000126,0.000162,0.000249,0.000256,0.000116,0.000082
0.001754,0.002045,0.002563,0.002225,0.002688,0.006164,0.004157,0.009220,0.017649,0.023722,0.033504,0.026041,0.023097,0.019126,0.011950,0.009742,0.011155,0.007502,0.010463,0.015159,0.009480,0.006661,-0.003222,-0.003492,-0.002591,-0.004857,-0.001105,-0.002754,-0.003358,-0.004415,-0.004199,-0.003753,-0.005855,-0.006538,-0.009793,-0.007636,-0.006472,-0.000767,0.003252,0.002975,-0.001459,0.002226,0.004345,0.005985,0.009184,0.003359,0.001790,0.002805,0.001609,-0.000010,0.000364,0.000329,0.000078,0.000052,0.000223,0.000096,0.000161,0.000185,0.000174,0.000127
0.000838,0.000833,0.001062,0.000386,0.001861,0.005442,0.002638,0.005311,0.010728,0.016105,0.026041,0.038363,0.030569,0.018414,0.010763,0.010878,0.016255,0.014602,0.015769,0.015146,0.009162,0.008421,0.001420,0.001298,0.002896,-0.001144,0.002272,-0.000359,-0.000608,-0.005904,-0.002182,-0.000829,-0.005284,-0.008479,-0.014111,-0.012348,-0.011109,-0.004825,0.000849,0.001898,-0.002926,0.001872,0.005303,0.005927,0.005978,0.001533,0.000524,0.000745,0.000694,-0.000166,0.000183,0.000153,-0.000001,0.000043,0.000162,0.000132,0.000053,-0.000048,-0.000033,0.000026
0.001072,0.001754,0.002081,0.002017,0.004071,0.006954,0.004380,0.006434,0.010098,0.015178,0.023097,0.030569,0.040854,0.031013,0.019641,0.018181,0.023176,0.017033,0.019950,0.022608,0.012764,0.009189,0.000290,-0.002279,-0.003756,-0.008034,-0.003610,-0.003830,-0.003519,-0.009929,-0.007957,-0.008729,-0.008858,-0.010803,-0.014706,-0.011292,-0.011789,-0.003627,0.002861,0.003325,-0.000342,0.004498,0.005718,0.004149,0.006712,0.003299,0.001524,0.001481,0.001212,0.000343,0.000485,0.000397,0.000105,0.000330,0.000550,0.000334,0.000258,0.000229,0.000247,0.000098
0.001790,0.002939,0.003679,0.003381,0.006229,0.008443,0.005941,0.008480,0.011019,0.013346,0.019126,0.018414,0.031013,0.053795,0.040420,0.038331,0.041562,0.029004,0.033935,0.034826,0.026005,0.024919,0.010329,0.003612,-0.003542,-0.010134,-0.010054,-0.017575,-0.019669,-0.019381,-0.015277,-0.021199,-0.020384,-0.020561,-0.020908,-0.017665,-0.018683,-0.009059,-0.003698,-0.003980,-0.005422,-0.001623,-0.001198,-0.001309,0.001706,-0.000264,0.000264,0.000228,0.000969,0.000335,0.000465,0.000485,0.000355,0.000420,0.000656,0.000475,0.000426,0.000440,0.000442,0.000149
0.001685,0.002615,0.003055,0.003074,0.005009,0.006862,0.005705,0.007024,0.006985,0.008037,0.011950,0.010763,0.019641,0.040420,0.042375,0.043279,0.046628,0.034629,0.036594,0.032093,0.023946,0.020769,0.006739,0.000568,-0.006143,-0.015054,-0.016707,-0.022905,-0.022166,-0.018434,-0.016196,-0.024391,-0.021927,-0.020413,-0.016017,-0.014436,-0.014675,-0.008680,-0.007129,-0.006907,-0.004465,-0.003414,-0.006330,-0.006469,-0.004566,-0.003246,-0.000947,-0.001607,0.000249,0.000125,0.000273,0.000304,0.000223,0.000258,0.000410,0.000356,0.000379,0.000308,0.000282,0.000151
0.001510,0.002269,0.002344,0.002901,0.005363,0.006847,0.005496,0.005810,0.004730,0.005806,0.009742,0.010878,0.018181,0.038331,0.043279,0.053444,0.063626,0.049560,0.049739,0.038107,0.027899,0.025739,0.010135,0.002403,-0.003587,-0.016515,-0.019293,-0.027337,-0.027673,-0.021972,-0.018535,-0.024953,-0.022858,-0.021248,-0.015250,-0.014111,-0.014186,-0.009509,-0.008780,-0.007001,-0.005213,-0.005299,-0.009492,-0.007470,-0.006331,-0.004626,-0.001938,-0.002615,-0.000292,0.000068,0.000170,0.000153,0.000259,0.000273,0.000397,0.000412,0.000394,0.000269,0.000255,0.000166
0.001657,0.002382,0.002842,0.003903,0.006669,0.006997,0.004759,0.003752,0.002456,0.003741,0.011155,0.016255,0.023176,0.041562,0.046628,0.063626,0.095523,0.078818,0.078133,0.055068,0.041029,0.042657,0.022920,0.009663,0.000859,-0.019341,-0.023067,-0.036774,-0.037942,-0.031759,-0.026919,-0.031820,-0.028002,-0.027120,-0.018881,-0.017358,-0.016423,-0.012443,-0.013855,-0.012896,-0.010442,-0.007148,-0.013286,-0.010082,-0.009417,-0.008466,-0.003985,-0.004581,-0.000939,-0.000084,0.000029,0.000052,0.000282,0.000363,0.000451,0.000339,0.000490,0.000266,0.000194,0.000128
0.000861,0.001282,0.001531,0.003246,0.005273,0.003725,0.003121,0.002279,-0.001682,0.000071,0.007502,0.014602,0.017033,0.029004,0.034629,0.049560,0.078818,0.084199,0.084566,0.060949,0.044106,0.047323,0.028960,0.013608,0.004427,-0.016449,-0.020619,-0.035411,-0.035009,-0.032298,-0.027899,-0.031709,-0.024726,-0.025549,-0.020320,-0.019176,-0.016133,-0.011770,-0.012808,-0.011793,-0.012111,-0.010880,-0.014959,-0.013023,-0.016978,-0.013978,-0.005687,-0.005136,-0.001340,-0.000142,-0.000291,-0.000175,0.000094,0.000314,0.000267,0.000181,0.000266,0.000227,-0.000036,0.000063
0.000776,0.001234,0.002049,0.003703,0.006800,0.004845,0.002966,0.002491,-0.000726,0.001351,0.010463,0.015769,0.019950,0.033935,0.036594,0.049739,0.078133,0.084566,0.126516,0.098932,0.064823,0.063587,0.041216,0.023531,0.007727,-0.012378,-0.018851,-0.039322,-0.042638,-0.040938,-0.040253,-0.042130,-0.031155,-0.026497,-0.024362,-0.026323,-0.025207,-0.014574,-0.009423,-0.011661,-0.017978,-0.013470,-0.014662,-0.010404,-0.012425,-0.012922,-0.006388,-0.006159,-0.001756,-0.000081,-0.000118,0.000115,0.000217,0.000454,0.000288,0.000331,0.000304,0.000346,0.000092,0.000056
0.001117,0.001857,0.002430,0.003413,0.006294,0.006910,0.004310,0.006719,0.008089,0.010124,0.015159,0.015146,0.022608,0.034826,0.032093,0.038107,0.055068,0.060949,0.098932,0.117957,0.076787,0.067054,0.037797,0.016989,0.002354,-0.007504,-0.013211,-0.030654,-0.039628,-0.039263,-0.042734,-0.038964,-0.027874,-0.021390,-0.025417,-0.025607,-0.023396,-0.010444,-0.004498,-0.010555,-0.018710,-0.013540,-0.013714,-0.011292,-0.009955,-0.011244,-0.007646,-0.006501,-0.002090,-0.000086,0.000066,0.000191,0.000255,0.000484,0.000244,0.000387,0.000299,0.000286,0.000022,0.000068
0.000585,0.000991,0.001276,0.001904,0.002798,0.003617,0.002109,0.004675,0.005757,0.005448,0.009480,0.009162,0.012764,0.026005,0.023946,0.027899,0.041029,0.044106,0.064823,0.076787,0.068789,0.068457,0.036825,0.019741,0.008817,0.002738,-0.005954,-0.019882,-0.029912,-0.030587,-0.034231,-0.032916,-0.025376,-0.021463,-0.021933,-0.022830,-0.022369,-0.011133,-0.007895,-0.011962,-0.015214,-0.011539,-0.010181,-0.007649,-0.007709,-0.008743,-0.005536,-0.004216,-0.001343,-0.000213,0.000077,0.000022,0.000023,0.000410,0.000058,0.000254,0.000192,0.000186,-0.000010,0.000058
-0.000126,-0.000657,-0.000473,0.000856,0.002751,0.002995,0.000651,0.002721,0.000515,0.002326,0.006661,0.008421,0.009189,0.024919,0.020769,0.025739,0.042657,0.047323,0.063587,0.067054,0.068457,0.103355,0.071768,0.044287,0.030496,0.027280,0.012618,-0.010305,-0.025122,-0.030049,-0.029734,-0.030202,-0.027784,-0.029577,-0.029890,-0.030990,-0.032969,-0.021805,-0.018875,-0.016628,-0.018207,-0.016214,-0.010315,-0.007043,-0.008257,-0.007790,-0.004980,-0.005817,-0.001945,-0.000119,-0.000095,-0.000239,-0.000120,0.000371,-0.000272,0.000017,-0.000012,0.000006,-0.000246,-0.000013
-0.000995,-0.002163,-0.001581,0.000221,0.001146,-0.000310,-0.000749,-0.000728,-0.005269,-0.005053,-0.003222,0.001420,0.000290,0.010329,0.006739,0.010135,0.022920,0.028960,0.041216,0.037797,0.036825,0.071768,0.076088,0.057946,0.041695,0.038352,0.024095,0.005842,-0.010043,-0.020227,-0.018085,-0.016418,-0.018854,-0.025993,-0.027420,-0.027828,-0.032675,-0.027783,-0.024880,-0.020868,-0.016627,-0.014855,-0.009504,-0.006611,-0.009684,-0.007693,-0.003339,-0.005398,-0.001932,-0.000323,-0.000269,-0.000378,-0.000269,0.000143,-0.000418,-0.000192,-0.000067,-0.000122,-0.000379,-0.000161
-0.001068,-0.001986,-0.001474,-0.000723,0.000130,-0.000993,-0.000297,-0.001169,-0.005333,-0.006415,-0.003492,0.001298,-0.002279,0.003612,0.000568,0.002403,0.009663,0.013608,0.023531,0.016989,0.019741,0.044287,0.057946,0.060546,0.050127,0.046741,0.029628,0.017066,0.002941,-0.008332,-0.008839,-0.008683,-0.013826,-0.020508,-0.021461,-0.021055,-0.026109,-0.023605,-0.022143,-0.019223,-0.014720,-0.013956,-0.007499,-0.003349,-0.006385,-0.004807,-0.001928,-0.003736,-0.001506,-0.000666,-0.000313,-0.000437,-0.000334,-0.000075,-0.000415,-0.000223,-0.000109,-0.000316,-0.000382,-0.000217
-0.001455,-0.002460,-0.002811,-0.001989,-0.000698,-0.001578,-0.000863,-0.002517,-0.005055,-0.004550,-0.002591,0.002896,-0.003756,-0.003542,-0.006143,-0.003587,0.000859,0.004427,0.007727,0.002354,0.008817,0.030496,0.041695,0.050127,0.056528,0.060136,0.038669,0.026325,0.010953,-0.000185,-0.001862,-0.001563,-0.007703,-0.014574,-0.016102,-0.016215,-0.019622,-0.019462,-0.018318,-0.015121,-0.011453,-0.011291,-0.003914,0.000020,-0.003923,-0.002324,-0.000936,-0.002884,-0.001293,-0.000718,-0.000505,-0.000618,-0.000284,-0.000286,-0.000505,-0.000266,-0.000172,-0.000401,-0.000554,-0.000294
-0.002312,-0.004015,-0.004448,-0.004216,-0.001539,-0.002241,-0.002843,-0.004174,-0.004234,-0.003007,-0.004857,-0.001144,-0.008034,-0.010134,-0.015054,-0.016515,-0.019341,-0.016449,-0.012378,-0.007504,0.002738,0.027280,0.038352,0.046741,0.060136,0.096947,0.070076,0.048299,0.024780,0.010090,0.004107,0.004455,-0.003510,-0.013353,-0.018458,-0.019195,-0.022137,-0.020001,-0.017400,-0.014333,-0.010490,-0.007812,0.000818,0.004408,0.000911,0.001055,-0.001081,-0.001584,-0.000999,-0.000881,-0.000534,-0.000603,-0.000382,-0.000477,-0.000818,-0.000421,-0.000482,-0.000586,-0.000837,-0.000444
-0.001630,-0.003083,-0.003030,-0.002963,-0.001708,-0.001929,-0.002459,-0.003653,-0.000157,0.000755,-0.001105,0.002272,-0.003610,-0.010054,-0.016707,-0.019293,-0.023067,-0.020619,-0.018851,-0.013211,-0.005954,0.012618,0.024095,0.029628,0.038669,0.070076,0.070176,0.059983,0.034511,0.016188,0.008998,0.008205,-0.001918,-0.013773,-0.017921,-0.016175,-0.015547,-0.012442,-0.012602,-0.012721,-0.009784,-0.005723,0.001458,0.004234,0.002076,-0.000374,-0.002163,-0.000809,-0.000697,-0.000830,-0.000343,-0.000355,-0.000391,-0.000299,-0.000705,-0.000488,-0.000454,-0.000592,-0.000688,-0.000344
-0.001482,-0.002588,-0.002930,-0.002225,-0.002396,-0.001838,-0.000728,-0.000616,0.003112,0.001701,-0.002754,-0.000359,-0.003830,-0.017575,-0.022905,-0.027337,-0.036774,-0.035411,-0.039322,-0.030654,-0.019882,-0.010305,0.005842,0.017066,0.026325,0.048299,0.059983,0.083541,0.062665,0.036499,0.022563,0.022248,0.007693,-0.003621,-0.007554,-0.006724,-0.006916,-0.004499,-0.005817,-0.006537,-0.003903,-0.001998,0.004419,0.006933,0.006580,0.002839,0.000096,0.001378,0.000448,-0.000559,-0.000123,-0.000027,-0.000262,-0.000237,-0.000490,-0.000394,-0.000365,-0.000478,-0.000455,-0.000234
-0.001562,-0.002668,-0.003532,-0.003796,-0.004050,-0.001709,-0.000122,-0.000383,0.001792,-0.003097,-0.003358,-0.000608,-0.003519,-0.019669,-0.022166,-0.027673,-0.037942,-0.035009,-0.042638,-0.039628,-0.029912,-0.025122,-0.010043,0.002941,0.010953,0.024780,0.034511,0.062665,0.076396,0.054417,0.032802,0.026322,0.016826,0.009886,0.002839,0.001951,-0.001320,-0.001432,-0.004198,-0.005479,-0.001346,0.000529,0.004895,0.007776,0.008986,0.006249,0.003310,0.002631,0.000871,-0.000135,-0.000020,-0.000143,-0.000355,-0.000474,-0.000419,-0.000476,-0.000448,-0.000466,-0.000348,-0.000184
-0.000723,-0.001570,-0.002174,-0.003298,-0.004364,-0.002109,-0.000106,-0.000012,0.004206,-0.000935,-0.004415,-0.005904,-0.009929,-0.019381,-0.018434,-0.021972,-0.031759,-0.032298,-0.040938,-0.039263,-0.030587,-0.030049,-0.020227,-0.008332,-0.000185,0.010090,0.016188,0.036499,0.054417,0.061818,0.042231,0.031424,0.023335,0.018606,0.014295,0.011739,0.012545,0.010239,0.003390,0.004707,0.009213,0.007702,0.007952,0.009533,0.013579,0.011307,0.005500,0.004390,0.001606,0.000314,0.000092,0.000122,-0.000109,-0.000345,-0.000236,-0.000216,-0.000169,-0.000209,-0.000074,-0.000019
-0.000111,-0.000544,-0.000872,-0.002006,-0.002848,-0.001567,-0.001458,-0.000952,0.000838,-0.002326,-0.004199,-0.002182,-0.007957,-0.015277,-0.016196,-0.018535,-0.026919,-0.027899,-0.040253,-0.042734,-0.034231,-0.029734,-0.018085,-0.008839,-0.001862,0.004107,0.008998,0.022563,0.032802,0.042231,0.049189,0.045562,0.027700,0.020988,0.017235,0.014082,0.014224,0.009276,0.005805,0.010944,0.012599,0.009153,0.009953,0.010455,0.011980,0.011173,0.006334,0.004766,0.002092,0.000426,0.000025,0.000161,0.000053,-0.000237,-0.000114,-0.000111,-0.000069,-0.000029,0.000007,-0.000018
-0.000230,-0.000857,-0.001608,-0.002440,-0.003528,-0.002794,-0.002672,-0.001757,0.001556,-0.000555,-0.003753,-0.000829,-0.008729,-0.021199,-0.024391,-0.024953,-0.031820,-0.031709,-0.042130,-0.038964,-0.032916,-0.030202,-0.016418,-0.008683,-0.001563,0.004455,0.008205,0.022248,0.026322,0.031424,0.045562,0.063249,0.042047,0.033338,0.024601,0.021352,0.021243,0.014533,0.012587,0.015812,0.015312,0.011287,0.011513,0.014404,0.016839,0.013062,0.007291,0.005883,0.002493,0.000488,0.000078,0.000115,-0.000045,-0.000251,-0.000059,0.000059,-0.000097,-0.000001,-0.000042,-0.000085
-0.000579,-0.001298,-0.002075,-0.002711,-0.004063,-0.003129,-0.002452,-0.002140,-0.001078,-0.002473,-0.005855,-0.005284,-0.008858,-0.020384,-0.021927,-0.022858,-0.028002,-0.024726,-0.031155,-0.027874,-0.025376,-0.027784,-0.018854,-0.013826,-0.007703,-0.003510,-0.001918,0.007693,0.016826,0.023335,0.027700,0.042047,0.042856,0.042181,0.031608,0.028352,0.028669,0.017746,0.014640,0.017701,0.016115,0.013851,0.010774,0.010568,0.013055,0.009267,0.004642,0.004215,0.001443,0.000571,0.000129,-0.000034,-0.000071,-0.000159,-0.000037,0.000060,-0.000033,0.000008,0.000073,-0.000069
-0.000831,-0.000845,-0.001260,-0.002273,-0.003163,-0.001671,-0.001941,-0.002123,-0.002497,-0.004993,-0.006538,-0.008479,-0.010803,-0.020561,-0.020413,-0.021248,-0.027120,-0.025549,-0.026497,-0.021390,-0.021463,-0.029577,-0.025993,-0.020508,-0.014574,-0.013353,-0.013773,-0.003621,0.009886,0.018606,0.020988,0.033338,0.042181,0.064616,0.054067,0.044416,0.042022,0.025752,0.019673,0.023744,0.021598,0.015656,0.010610,0.009862,0.012602,0.009518,0.004402,0.002409,-0.000035,0.000410,0.000135,0.000009,0.000051,-0.000033,0.000077,0.000250,0.000162,0.000154,0.000317,0.000038
0.000012,0.000741,0.000077,-0.000096,-0.001791,-0.001125,-0.000471,-0.001208,-0.002433,-0.006609,-0.009793,-0.014111,-0.014706,-0.020908,-0.016017,-0.015250,-0.018881,-0.020320,-0.024362,-0.025417,-0.021933,-0.029890,-0.027420,-0.021461,-0.016102,-0.018458,-0.017921,-0.007554,0.002839,0.014295,0.017235,0.024601,0.031608,0.054067,0.064333,0.058412,0.054059,0.030362,0.019520,0.024532,0.023627,0.014247,0.008598,0.007932,0.009318,0.008480,0.002838,0.000843,-0.000577,0.000239,0.000057,0.000060,0.000142,0.000152,0.000129,0.000307,0.000376,0.000331,0.000516,0.000182
0.000200,0.000954,0.000222,0.000047,-0.002499,-0.000837,-0.000026,0.000877,0.000875,-0.002204,-0.007636,-0.012348,-0.011292,-0.017665,-0.014436,-0.014111,-0.017358,-0.019176,-0.026323,-0.025607,-0.022830,-0.030990,-0.027828,-0.021055,-0.016215,-0.019195,-0.016175,-0.006724,0.001951,0.011739,0.014082,0.021352,0.028352,0.044416,0.058412,0.068937,0.069711,0.036521,0.025062,0.030530,0.023915,0.015852,0.012002,0.010968,0.010799,0.007725,0.002228,0.002415,0.000514,0.000175,0.000102,-0.000013,0.000053,0.000123,0.000079,0.000155,0.000369,0.000293,0.000431,0.000117
0.000463,0.001453,0.001102,0.000521,-0.003057,-0.001805,-0.001006,0.001335,0.003137,0.001714,-0.006472,-0.011109,-0.011789,-0.018683,-0.014675,-0.014186,-0.016423,-0.016133,-0.025207,-0.023396,-0.022369,-0.032969,-0.032675,-0.026109,-0.019622,-0.022137,-0.015547,-0.006916,-0.001320,0.012545,0.014224,0.021243,0.028669,0.042022,0.054059,0.069711,0.092329,0.049053,0.031661,0.035120,0.028018,0.017957,0.013302,0.012209,0.014657,0.009384,0.002709,0.003329,0.001055,0.000074,-0.000119,-0.000124,0.000032,0.000121,0.000147,0.000287,0.000463,0.000345,0.000340,0.000123
0.000704,0.001335,0.001325,0.000216,-0.001232,-0.000462,0.000816,0.002526,0.004982,0.003878,-0.000767,-0.004825,-0.003627,-0.009059,-0.008680,-0.009509,-0.012443,-0.011770,-0.014574,-0.010444,-0.011133,-0.021805,-0.027783,-0.023605,-0.019462,-0.020001,-0.012442,-0.004499,-0.001432,0.010239,0.009276,0.014533,0.017746,0.025752,0.030362,0.036521,0.049053,0.042872,0.033951,0.030485,0.021801,0.015150,0.011388,0.010097,0.015148,0.010355,0.004554,0.005003,0.002040,0.000675,0.000382,0.000328,0.000227,0.000229,0.000385,0.000386,0.000212,0.000360,0.000311,0.000208
0.000703,0.000999,0.001118,0.000392,0.000525,0.001567,0.001301,0.003208,0.005168,0.006871,0.003252,0.000849,0.002861,-0.003698,-0.007129,-0.008780,-0.013855,-0.012808,-0.009423,-0.004498,-0.007895,-0.018875,-0.024880,-0.022143,-0.018318,-0.017400,-0.012602,-0.005817,-0.004198,0.003390,0.005805,0.012587,0.014640,0.019673,0.019520,0.025062,0.031661,0.033951,0.041199,0.038760,0.021894,0.016219,0.014679,0.013163,0.016777,0.010587,0.005685,0.006058,0.002734,0.000921,0.000600,0.000444,0.000292,0.000265,0.000474,0.000381,0.000172,0.000401,0.000349,0.000233
0.000514,0.001003,0.001041,0.000495,0.001087,0.003573,0.003146,0.005270,0.003789,0.008604,0.002975,0.001898,0.003325,-0.003980,-0.006907,-0.007001,-0.012896,-0.011793,-0.011661,-0.010555,-0.011962,-0.016628,-0.020868,-0.019223,-0.015121,-0.014333,-0.012721,-0.006537,-0.005479,0.004707,0.010944,0.015812,0.017701,0.023744,0.024532,0.030530,0.035120,0.030485,0.038760,0.062396,0.038072,0.024916,0.021839,0.017373,0.020551,0.013431,0.008861,0.007796,0.003877,0.001352,0.000704,0.000503,0.000438,0.000364,0.000338,0.000304,0.000205,0.000342,0.000330,0.000260
0.000461,0.001301,0.001558,0.001238,0.001038,0.001046,0.001437,0.002499,0.001687,0.001095,-0.001459,-0.002926,-0.000342,-0.005422,-0.004465,-0.005213,-0.010442,-0.012111,-0.017978,-0.018710,-0.015214,-0.018207,-0.016627,-0.014720,-0.011453,-0.010490,-0.009784,-0.003903,-0.001346,0.009213,0.012599,0.015312,0.016115,0.021598,0.023627,0.023915,0.028018,0.021801,0.021894,0.038072,0.045045,0.032521,0.019734,0.012826,0.018019,0.015289,0.011010,0.006999,0.003329,0.001307,0.000517,0.000507,0.000424,0.000391,0.000312,0.000378,0.000194,0.000305,0.000437,0.000233
0.000978,0.001576,0.002150,0.001521,0.002290,0.001897,0.000853,0.002263,0.002836,0.002613,0.002226,0.001872,0.004498,-0.001623,-0.003414,-0.005299,-0.007148,-0.010880,-0.013470,-0.013540,-0.011539,-0.016214,-0.014855,-0.013956,-0.011291,-0.007812,-0.005723,-0.001998,0.000529,0.007702,0.009153,0.011287,0.013851,0.015656,0.014247,0.015852,0.017957,0.015150,0.016219,0.024916,0.032521,0.038391,0.024550,0.015357,0.021191,0.016197,0.009683,0.007048,0.003260,0.001105,0.000680,0.000526,0.000322,0.000253,0.000199,0.000245,0.000191,0.000273,0.000392,0.000206
0.000659,0.000686,0.000820,0.000110,0.001167,0.000757,0.000118,0.002416,0.003444,0.005575,0.004345,0.005303,0.005718,-0.001198,-0.006330,-0.009492,-0.013286,-0.014959,-0.014662,-0.013714,-0.010181,-0.010315,-0.009504,-0.007499,-0.003914,0.000818,0.001458,0.004419,0.004895,0.007952,0.009953,0.011513,0.010774,0.010610,0.008598,0.012002,0.013302,0.011388,0.014679,0.021839,0.019734,0.024550,0.028167,0.018552,0.019796,0.013710,0.007556,0.005743,0.002762,0.000938,0.000484,0.000272,0.000246,0.000087,0.000019,0.000165,0.000097,0.000231,0.000206,0.000115
0.000616,0.000696,0.000617,-0.000324,0.000637,0.001940,0.001052,0.002711,0.005801,0.007324,0.005985,0.005927,0.004149,-0.001309,-0.006469,-0.007470,-0.010082,-0.013023,-0.010404,-0.011292,-0.007649,-0.007043,-0.006611,-0.003349,0.000020,0.004408,0.004234,0.006933,0.007776,0.009533,0.010455,0.014404,0.010568,0.009862,0.007932,0.010968,0.012209,0.010097,0.013163,0.017373,0.012826,0.015357,0.018552,0.020121,0.022415,0.013616,0.007431,0.005827,0.002787,0.000628,0.000404,0.000181,0.000095,0.000021,0.000068,0.000160,0.000099,0.000118,0.000159,0.000079
0.001173,0.001822,0.001833,0.000630,0.001809,0.003437,0.002367,0.004468,0.010256,0.011091,0.009184,0.005978,0.006712,0.001706,-0.004566,-0.006331,-0.009417,-0.016978,-0.012425,-0.009955,-0.007709,-0.008257,-0.009684,-0.006385,-0.003923,0.000911,0.002076,0.006580,0.008986,0.013579,0.011980,0.016839,0.013055,0.012602,0.009318,0.010799,0.014657,0.015148,0.016777,0.020551,0.018019,0.021191,0.019796,0.022415,0.036162,0.024533,0.012876,0.009247,0.004675,0.001239,0.000725,0.000424,0.000135,0.000072,0.000267,0.000231,0.000144,0.000182,0.000246,0.000181
0.000972,0.001314,0.001056,0.000264,0.001131,0.000857,0.001248,0.002170,0.005529,0.005018,0.003359,0.001533,0.003299,-0.000264,-0.003246,-0.004626,-0.008466,-0.013978,-0.012922,-0.011244,-0.008743,-0.007790,-0.007693,-0.004807,-0.002324,0.001055,-0.000374,0.002839,0.006249,0.011307,0.011173,0.013062,0.009267,0.009518,0.008480,0.007725,0.009384,0.010355,0.010587,0.013431,0.015289,0.016197,0.013710,0.013616,0.024533,0.023526,0.012657,0.007322,0.003562,0.001398,0.000602,0.000380,0.000175,0.000107,0.000229,0.000186,0.000144,0.000200,0.000194,0.000160
0.000342,0.000673,0.000603,0.000342,0.000793,0.000141,0.001210,0.001457,0.003343,0.003265,0.001790,0.000524,0.001524,0.000264,-0.000947,-0.001938,-0.003985,-0.005687,-0.006388,-0.007646,-0.005536,-0.004980,-0.003339,-0.001928,-0.000936,-0.001081,-0.002163,0.000096,0.003310,0.005500,0.006334,0.007291,0.004642,0.004402,0.002838,0.002228,0.002709,0.004554,0.005685,0.008861,0.011010,0.009683,0.007556,0.007431,0.012876,0.012657,0.010706,0.006114,0.003116,0.001158,0.000414,0.000190,0.000110,0.000070,0.000103,0.000094,0.000087,0.000150,0.000092,0.000059
0.000292,0.000640,0.000765,0.000345,0.000542,0.000336,0.000975,0.001760,0.004179,0.004539,0.002805,0.000745,0.001481,0.000228,-0.001607,-0.002615,-0.004581,-0.005136,-0.006159,-0.006501,-0.004216,-0.005817,-0.005398,-0.003736,-0.002884,-0.001584,-0.000809,0.001378,0.002631,0.004390,0.004766,0.005883,0.004215,0.002409,0.000843,0.002415,0.003329,0.005003,0.006058,0.007796,0.006999,0.007048,0.005743,0.005827,0.009247,0.007322,0.006114,0.005948,0.002995,0.000702,0.000339,0.000147,0.000033,0.000068,0.000104,0.000060,0.000056,0.000127,0.000080,0.000032
0.000184,0.000408,0.000384,0.000331,0.000422,0.000375,0.000764,0.001083,0.001932,0.002472,0.001609,0.000694,0.001212,0.000969,0.000249,-0.000292,-0.000939,-0.001340,-0.001756,-0.002090,-0.001343,-0.001945,-0.001932,-0.001506,-0.001293,-0.000999,-0.000697,0.000448,0.000871,0.001606,0.002092,0.002493,0.001443,-0.000035,-0.000577,0.000514,0.001055,0.002040,0.002734,0.003877,0.003329,0.003260,0.002762,0.002787,0.004675,0.003562,0.003116,0.002995,0.001975,0.000463,0.000178,0.000053,0.000022,0.000025,0.000062,0.000019,0.000037,0.000076,0.000034,0.000013
0.000071,0.000079,0.000012,0.000066,0.000077,-0.000006,0.000214,0.000190,0.000322,0.000438,-0.000010,-0.000166,0.000343,0.000335,0.000125,0.000068,-0.000084,-0.000142,-0.000081,-0.000086,-0.000213,-0.000119,-0.000323,-0.000666,-0.000718,-0.000881,-0.000830,-0.000559,-0.000135,0.000314,0.000426,0.000488,0.000571,0.000410,0.000239,0.000175,0.000074,0.000675,0.000921,0.001352,0.001307,0.001105,0.000938,0.000628,0.001239,0.001398,0.001158,0.000702,0.000463,0.000300,0.000066,0.000035,0.000033,0.000031,0.000028,0.000025,0.000018,0.000035,0.000021,0.000013
0.000043,0.000092,0.000114,0.000091,0.000097,0.000169,0.000150,0.000265,0.000354,0.000376,0.000364,0.000183,0.000485,0.000465,0.000273,0.000170,0.000029,-0.000291,-0.000118,0.000066,0.000077,-0.000095,-0.000269,-0.000313,-0.000505,-0.000534,-0.000343,-0.000123,-0.000020,0.000092,0.000025,0.000078,0.000129,0.000135,0.000057,0.000102,-0.000119,0.000382,0.000600,0.000704,0.000517,0.000680,0.000484,0.000404,0.000725,0.000602,0.000414,0.000339,0.000178,0.000066,0.000091,0.000049,0.000016,0.000025,0.000021,0.000015,0.000011,0.000015,0.000017,0.000013
0.000083,0.000135,0.000164,0.000183,0.000238,0.000207,0.000062,0.000174,0.000324,0.000290,0.000329,0.000153,0.000397,0.000485,0.000304,0.000153,0.000052,-0.000175,0.000115,0.000191,0.000022,-0.000239,-0.000378,-0.000437,-0.000618,-0.000603,-0.000355,-0.000027,-0.000143,0.000122,0.000161,0.000115,-0.000034,0.000009,0.000060,-0.000013,-0.000124,0.000328,0.000444,0.000503,0.000507,0.000526,0.000272,0.000181,0.000424,0.000380,0.000190,0.000147,0.000053,0.000035,0.000049,0.000118,0.000038,0.000024,0.000025,0.000016,0.000010,0.000016,0.000019,0.000014
0.000052,0.000093,0.000109,0.000135,0.000207,0.000134,0.000035,0.000052,0.000055,0.000108,0.000078,-0.000001,0.000105,0.000355,0.000223,0.000259,0.000282,0.000094,0.000217,0.000255,0.000023,-0.000120,-0.000269,-0.000334,-0.000284,-0.000382,-0.000391,-0.000262,-0.000355,-0.000109,0.000053,-0.000045,-0.000071,0.000051,0.000142,0.000053,0.000032,0.000227,0.000292,0.000438,0.000424,0.000322,0.000246,0.000095,0.000135,0.000175,0.000110,0.000033,0.000022,0.000033,0.000016,0.000038,0.000063,0.000023,0.000017,0.000020,0.000016,0.000017,0.000019,0.000012
0.000012,0.000083,0.000125,0.000142,0.000105,0.000107,0.000024,0.000080,0.000140,0.000065,0.000052,0.000043,0.000330,0.000420,0.000258,0.000273,0.000363,0.000314,0.000454,0.000484,0.000410,0.000371,0.000143,-0.000075,-0.000286,-0.000477,-0.000299,-0.000237,-0.000474,-0.000345,-0.000237,-0.000251,-0.000159,-0.000033,0.000152,0.000123,0.000121,0.000229,0.000265,0.000364,0.000391,0.000253,0.000087,0.000021,0.000072,0.000107,0.000070,0.000068,0.000025,0.000031,0.000025,0.000024,0.000023,0.000078,0.000027,0.000024,0.000023,0.000022,0.000022,0.000012
0.000038,0.000090,0.000098,0.000105,0.000102,0.000125,0.000080,0.000044,0.000068,0.000126,0.000223,0.000162,0.000550,0.000656,0.000410,0.000397,0.000451,0.000267,0.000288,0.000244,0.000058,-0.000272,-0.000418,-0.000415,-0.000505,-0.000818,-0.000705,-0.000490,-0.000419,-0.000236,-0.000114,-0.000059,-0.000037,0.000077,0.000129,0.000079,0.000147,0.000385,0.000474,0.000338,0.000312,0.000199,0.000019,0.000068,0.000267,0.000229,0.000103,0.000104,0.000062,0.000028,0.000021,0.000025,0.000017,0.000027,0.000065,0.000028,0.000022,0.000026,0.000025,0.000011
0.000038,0.000083,0.000099,0.000103,0.000130,0.000145,0.000104,0.000183,0.000178,0.000162,0.000096,0.000132,0.000334,0.000475,0.000356,0.000412,0.000339,0.000181,0.000331,0.000387,0.000254,0.000017,-0.000192,-0.000223,-0.000266,-0.000421,-0.000488,-0.000394,-0.000476,-0.000216,-0.000111,0.000059,0.000060,0.000250,0.000307,0.000155,0.000287,0.000386,0.000381,0.000304,0.000378,0.000245,0.000165,0.000160,0.000231,0.000186,0.000094,0.000060,0.000019,0.000025,0.000015,0.000016,0.000020,0.000024,0.000028,0.000055,0.000030,0.000025,0.000023,0.000013
0.000063,0.000090,0.000137,0.000130,0.000110,0.000115,0.000123,0.000191,0.000250,0.000249,0.000161,0.000053,0.000258,0.000426,0.000379,0.000394,0.000490,0.000266,0.000304,0.000299,0.000192,-0.000012,-0.000067,-0.000109,-0.000172,-0.000482,-0.000454,-0.000365,-0.000448,-0.000169,-0.000069,-0.000097,-0.000033,0.000162,0.000376,0.000369,0.000463,0.000212,0.000172,0.000205,0.000194,0.000191,0.000097,0.000099,0.000144,0.000144,0.000087,0.000056,0.000037,0.000018,0.000011,0.000010,0.000016,0.000023,0.000022,0.000030,0.000053,0.000027,0.000020,0.000009
0.000063,0.000093,0.000106,0.000134,0.000141,0.000120,0.000095,0.000151,0.000254,0.000256,0.000185,-0.000048,0.000229,0.000440,0.000308,0.000269,0.000266,0.000227,0.000346,0.000286,0.000186,0.000006,-0.000122,-0.000316,-0.000401,-0.000586,-0.000592,-0.000478,-0.000466,-0.000209,-0.000029,-0.000001,0.000008,0.000154,0.000331,0.000293,0.000345,0.000360,0.000401,0.000342,0.000305,0.000273,0.000231,0.000118,0.000182,0.000200,0.000150,0.000127,0.000076,0.000035,0.000015,0.000016,0.000017,0.000022,0.000026,0.000025,0.000027,0.000048,0.000027,0.000010
0.000062,0.000095,0.000137,0.000162,0.000139,0.000107,0.000042,0.000097,0.000130,0.000116,0.000174,-0.000033,0.000247,0.000442,0.000282,0.000255,0.000194,-0.000036,0.000092,0.000022,-0.000010,-0.000246,-0.000379,-0.000382,-0.000554,-0.000837,-0.000688,-0.000455,-0.000348,-0.000074,0.000007,-0.000042,0.000073,0.000317,0.000516,0.000431,0.000340,0.000311,0.000349,0.000330,0.000437,0.000392,0.000206,0.000159,0.000246,0.000194,0.000092,0.000080,0.000034,0.000021,0.000017,0.000019,0.000019,0.000022,0.000025,0.000023,0.000020,0.000027,0.000053,0.000020
0.000051,0.000087,0.000099,0.000106,0.000089,0.000082,0.000047,0.000066,0.000087,0.000082,0.000127,0.000026,0.000098,0.000149,0.000151,0.000166,0.000128,0.000063,0.000056,0.000068,0.000058,-0.000013,-0.000161,-0.000217,-0.000294,-0.000444,-0.000344,-0.000234,-0.000184,-0.000019,-0.000018,-0.000085,-0.000069,0.000038,0.000182,0.000117,0.000123,0.000208,0.000233,0.000260,0.000233,0.000206,0.000115,0.000079,0.000181,0.000160,0.000059,0.000032,0.000013,0.000013,0.000013,0.000014,0.000012,0.000012,0.000011,0.000013,0.000009,0.000010,0.000020,0.000020
