0.000640,0.000679,0.000697,0.000572,0.000488,0.000633,0.000414,0.000429,0.000801,0.001073,0.001151,0.000611,0.000798,0.001044,0.000999,0.000836,0.000841,0.000148,-0.000066,0.000558,0.000082,-0.000707,-0.001219,-0.001051,-0.001698,-0.002546,-0.001741,-0.001502,-0.001038,-0.000264,0.000179,0.000158,-0.000157,-0.000232,0.000308,0.000435,0.000793,0.000882,0.001073,0.000849,0.000653,0.000829,0.000524,0.000313,0.001124,0.001036,0.000581,0.000443,0.000263,0.000114,0.000054,0.000058,0.000039,0.000037,0.000050,0.000053,0.000057,0.000063,0.000072,0.000049
0.000679,0.001461,0.001328,0.001097,0.000946,0.000982,0.000665,0.000644,0.000945,0.000877,0.001113,0.000244,0.001314,0.001791,0.001789,0.001593,0.001360,0.000269,0.000279,0.000837,0.000230,-0.000915,-0.001650,-0.001444,-0.002361,-0.003666,-0.002545,-0.002389,-0.002465,-0.001468,-0.000004,0.000122,-0.000792,-0.000372,0.000824,0.001222,0.001951,0.001411,0.001245,0.001274,0.001278,0.001339,0.000778,0.000229,0.001583,0.001381,0.000816,0.000626,0.000490,0.000165,0.000092,0.000147,0.000081,0.000097,0.000104,0.000072,0.000066,0.000089,0.000095,0.000068
0.000697,0.001328,0.002006,0.001701,0.001356,0.001175,0.000661,0.000769,0.001528,0.001615,0.002071,0.001084,0.001621,0.002741,0.002181,0.001829,0.002155,0.000862,0.001150,0.000676,0.000249,-0.000539,-0.000951,-0.000668,-0.002173,-0.003775,-0.002592,-0.002524,-0.002612,-0.001515,-0.000233,-0.000682,-0.001378,-0.001084,0.000019,0.000823,0.002069,0.000999,0.000955,0.001505,0.001751,0.001744,0.000929,0.000547,0.001877,0.001370,0.000982,0.000911,0.000491,0.000067,0.000091,0.000165,0.000071,0.000115,0.000111,0.000074,0.000121,0.000104,0.000144,0.000098
0.000572,0.001097,0.001701,0.002560,0.002299,0.001346,0.000953,0.000622,0.001262,0.001451,0.002181,0.001120,0.002226,0.003336,0.002746,0.002905,0.003715,0.002894,0.003109,0.001883,0.001006,0.000704,0.000667,-0.000214,-0.001928,-0.004309,-0.003368,-0.003145,-0.003875,-0.003087,-0.001626,-0.001978,-0.001980,-0.002140,-0.000610,0.000002,0.000819,-0.000046,-0.000031,0.000514,0.001765,0.001111,-0.000245,-0.000494,0.000525,0.000481,0.000597,0.000530,0.000400,0.000116,0.000086,0.000166,0.000111,0.000145,0.000129,0.000083,0.000128,0.000128,0.000173,0.000118
0.000488,0.000946,0.001356,0.002299,0.004824,0.003358,0.002018,0.001033,0.001772,0.002246,0.002554,0.002166,0.004887,0.006618,0.005019,0.005766,0.007046,0.005487,0.007093,0.005444,0.002670,0.003293,0.001875,0.000204,-0.001384,-0.002759,-0.002862,-0.003783,-0.005127,-0.004436,-0.002397,-0.002589,-0.003083,-0.003057,-0.002064,-0.002101,-0.002570,-0.000820,0.000228,0.001042,0.001954,0.001856,0.000744,0.000202,0.001204,0.000880,0.000859,0.000660,0.000414,0.000126,0.000142,0.000231,0.000174,0.000083,0.000116,0.000093,0.000087,0.000139,0.000170,0.000113
0.000633,0.000982,0.001175,0.001346,0.003358,0.007015,0.004169,0.003775,0.004455,0.005398,0.005995,0.005487,0.007472,0.008754,0.006977,0.007296,0.006639,0.003292,0.004416,0.005463,0.003469,0.003950,0.000993,-0.000321,-0.001827,-0.002562,-0.002625,-0.003040,-0.003358,-0.002128,-0.000419,-0.001575,-0.003020,-0.002600,-0.002200,-0.001628,-0.003260,-0.001304,0.000781,0.003165,0.001574,0.000929,0.000606,0.000934,0.002633,0.000749,0.000612,0.000737,0.000613,0.000121,0.000184,0.000244,0.000135,0.000110,0.000101,0.000120,0.000107,0.000129,0.000142,0.000067
0.000414,0.000665,0.000661,0.000953,0.002018,0.004169,0.005144,0.004256,0.004011,0.004559,0.004982,0.004406,0.006118,0.007119,0.006109,0.005756,0.005423,0.003967,0.003391,0.003940,0.002253,0.002063,0.000934,0.000955,0.000234,-0.001445,-0.002351,-0.001646,-0.001917,-0.001266,-0.000872,-0.001669,-0.002135,-0.002496,-0.001365,-0.001323,-0.003051,-0.000988,0.000122,0.002224,0.001148,0.000004,0.000334,0.000720,0.001425,0.000399,0.000938,0.000780,0.000635,0.000181,0.000151,0.000089,0.000043,0.000048,0.000099,0.000104,0.000100,0.000112,0.000085,0.000039
0.000429,0.000644,0.000769,0.000622,0.001033,0.003775,0.004256,0.009208,0.009134,0.009029,0.009649,0.006398,0.007453,0.008351,0.006805,0.006529,0.005905,0.003505,0.002156,0.005019,0.003572,0.003142,0.000419,-0.000109,-0.001483,-0.002717,-0.003247,-0.001811,-0.001627,-0.000210,-0.000022,-0.001337,-0.002398,-0.003533,-0.002930,-0.001465,-0.001940,-0.000601,0.001240,0.004149,0.001112,-0.000787,0.000720,0.001340,0.003330,0.001227,0.001119,0.001227,0.000873,0.000293,0.000222,0.000054,-0.000037,0.000051,0.000129,0.000126,0.000116,0.000128,0.000080,-0.000016
0.000801,0.000945,0.001528,0.001262,0.001772,0.004455,0.004011,0.009134,0.019832,0.018591,0.017492,0.011213,0.011797,0.012633,0.008903,0.008029,0.009247,0.004704,0.006316,0.011389,0.007919,0.004932,-0.001177,-0.001802,-0.002143,-0.001938,-0.000044,0.000404,-0.000794,0.002265,0.001813,0.001116,-0.001708,-0.004160,-0.005048,-0.004108,-0.002933,0.000083,0.002306,0.003476,-0.000125,-0.002021,-0.000439,0.003324,0.007339,0.003281,0.002537,0.002753,0.001467,0.000390,0.000261,0.000069,-0.000094,0.000086,0.000080,0.000036,0.000105,0.000116,0.000033,-0.000056
0.001073,0.000877,0.001615,0.001451,0.002246,0.005398,0.004559,0.009029,0.018591,0.027652,0.022446,0.014447,0.015175,0.013156,0.008748,0.008237,0.008692,0.004154,0.006104,0.011739,0.006421,0.004999,-0.002966,-0.005275,-0.003956,-0.002118,0.000706,-0.000070,-0.004472,-0.001151,-0.000832,-0.000324,-0.002227,-0.005618,-0.007878,-0.005368,-0.002152,0.001307,0.005969,0.009498,-0.000419,-0.001952,0.001734,0.005219,0.008837,0.003820,0.003179,0.003680,0.002192,0.000545,0.000311,0.000045,-0.000097,0.000015,0.000091,0.000026,0.000151,0.000116,0.000049,-0.000000
0.001151,0.001113,0.002071,0.002181,0.002554,0.005995,0.004982,0.009649,0.017492,0.022446,0.031804,0.023385,0.021719,0.017597,0.011417,0.010115,0.012825,0.009135,0.012196,0.016752,0.010929,0.008652,0.000276,-0.001134,-0.002431,-0.003954,-0.000897,-0.002208,-0.004065,-0.003606,-0.002675,-0.003147,-0.004861,-0.006867,-0.010525,-0.010705,-0.011698,-0.003797,0.002833,0.003780,-0.002989,-0.001060,0.001558,0.003284,0.006995,0.002175,0.001177,0.002239,0.001349,0.000030,0.000386,0.000220,-0.000100,0.000035,0.000195,-0.000013,0.000084,0.000128,0.000095,-0.000009
0.000611,0.000244,0.001084,0.001120,0.002166,0.005487,0.004406,0.006398,0.011213,0.014447,0.023385,0.035523,0.028255,0.015261,0.007940,0.006324,0.009989,0.009354,0.011044,0.014548,0.010004,0.008103,0.002423,0.000933,0.001943,-0.001126,0.000362,-0.000087,-0.001127,-0.004311,-0.001365,0.000242,-0.002683,-0.005720,-0.012393,-0.012117,-0.012884,-0.005856,0.001281,0.002182,-0.000986,0.003401,0.005488,0.004476,0.005278,0.001951,0.000412,0.001573,0.000730,-0.000224,0.000215,0.000224,-0.000024,-0.000008,0.000086,0.000130,0.000091,-0.000072,-0.000071,-0.000032
0.000798,0.001314,0.001621,0.002226,0.004887,0.007472,0.006118,0.007453,0.011797,0.015175,0.021719,0.028255,0.040033,0.030110,0.018894,0.017505,0.022792,0.017370,0.020221,0.023537,0.013349,0.010625,0.004177,-0.000917,-0.001989,-0.004755,-0.005441,-0.007697,-0.008021,-0.011288,-0.005811,-0.003153,-0.004915,-0.008451,-0.014315,-0.013498,-0.015115,-0.007113,0.001569,0.003150,0.000211,0.004863,0.004886,0.002847,0.004585,0.002273,0.001318,0.001755,0.001008,0.000297,0.000465,0.000512,0.000036,0.000163,0.000428,0.000221,0.000167,0.000146,0.000146,-0.000058
0.001044,0.001791,0.002741,0.003336,0.006618,0.008754,0.007119,0.008351,0.012633,0.013156,0.017597,0.015261,0.030110,0.056179,0.041254,0.039116,0.044671,0.031376,0.032114,0.029805,0.020496,0.020622,0.010882,0.004234,-0.004418,-0.009418,-0.013634,-0.023948,-0.024784,-0.020359,-0.012546,-0.014661,-0.014045,-0.017005,-0.016534,-0.013756,-0.016366,-0.008031,-0.001779,-0.000166,-0.002569,-0.000574,-0.001109,-0.001060,0.001468,-0.001876,-0.000825,0.000208,0.000703,0.000278,0.000465,0.000366,0.000169,0.000318,0.000565,0.000366,0.000346,0.000398,0.000493,0.000125
0.000999,0.001789,0.002181,0.002746,0.005019,0.006977,0.006109,0.006805,0.008903,0.008748,0.011417,0.007940,0.018894,0.041254,0.043150,0.043518,0.047655,0.033914,0.032231,0.024861,0.016940,0.016238,0.006369,0.000554,-0.007538,-0.013549,-0.016294,-0.024549,-0.024392,-0.018612,-0.013433,-0.018536,-0.018234,-0.019158,-0.013194,-0.010511,-0.011953,-0.007383,-0.005861,-0.006479,-0.005297,-0.003916,-0.005376,-0.005446,-0.004731,-0.004037,-0.001322,-0.001763,-0.000067,0.000099,0.000329,0.000180,0.000044,0.000208,0.000315,0.000286,0.000270,0.000288,0.000344,0.000106
0.000836,0.001593,0.001829,0.002905,0.005766,0.007296,0.005756,0.006529,0.008029,0.008237,0.010115,0.006324,0.017505,0.039116,0.043518,0.053645,0.063405,0.047300,0.044079,0.029646,0.020519,0.020691,0.008471,0.000152,-0.008391,-0.017425,-0.020173,-0.030397,-0.032112,-0.023124,-0.016260,-0.019094,-0.019821,-0.020964,-0.011621,-0.007672,-0.007540,-0.005432,-0.005910,-0.004881,-0.004574,-0.005405,-0.006827,-0.005608,-0.004911,-0.004130,-0.001859,-0.002099,-0.000027,0.000181,0.000242,0.000131,0.000047,0.000260,0.000369,0.000298,0.000293,0.000312,0.000408,0.000120
0.000841,0.001360,0.002155,0.003715,0.007046,0.006639,0.005423,0.005905,0.009247,0.008692,0.012825,0.009989,0.022792,0.044671,0.047655,0.063405,0.093923,0.075007,0.071277,0.048996,0.035795,0.036324,0.018666,0.003682,-0.006392,-0.020130,-0.024648,-0.039749,-0.042350,-0.030780,-0.023461,-0.023611,-0.022621,-0.026244,-0.013604,-0.009057,-0.007792,-0.004783,-0.007127,-0.007026,-0.007064,-0.005508,-0.009217,-0.007143,-0.006767,-0.006893,-0.003545,-0.003760,-0.000748,0.000107,0.000121,0.000094,-0.000038,0.000274,0.000470,0.000188,0.000334,0.000387,0.000437,0.000143
0.000148,0.000269,0.000862,0.002894,0.005487,0.003292,0.003967,0.003505,0.004704,0.004154,0.009135,0.009354,0.017370,0.031376,0.033914,0.047300,0.075007,0.079559,0.077984,0.055428,0.039210,0.041107,0.025096,0.008657,-0.000895,-0.016683,-0.021175,-0.034394,-0.034168,-0.028798,-0.023688,-0.023398,-0.018578,-0.024138,-0.016271,-0.012084,-0.008411,-0.005251,-0.008268,-0.008657,-0.010430,-0.009437,-0.011377,-0.010316,-0.015186,-0.013189,-0.005317,-0.004084,-0.001094,-0.000059,-0.000243,-0.000135,-0.000155,0.000147,0.000242,0.000039,0.000160,0.000311,0.000156,0.000056
-0.000066,0.000279,0.001150,0.003109,0.007093,0.004416,0.003391,0.002156,0.006316,0.006104,0.012196,0.011044,0.020221,0.032114,0.032231,0.044079,0.071277,0.077984,0.122225,0.094074,0.060693,0.057322,0.036060,0.016151,0.001051,-0.014038,-0.020221,-0.036908,-0.036993,-0.034471,-0.034806,-0.032523,-0.024103,-0.025637,-0.021397,-0.020353,-0.018187,-0.009568,-0.007458,-0.012092,-0.017363,-0.014209,-0.012580,-0.007263,-0.010549,-0.012075,-0.005302,-0.005047,-0.000972,-0.000023,-0.000084,0.000203,0.000087,0.000200,0.000168,0.000153,0.000174,0.000434,0.000182,-0.000088
0.000558,0.000837,0.000676,0.001883,0.005444,0.005463,0.003940,0.005019,0.011389,0.011739,0.016752,0.014548,0.023537,0.029805,0.024861,0.029646,0.048996,0.055428,0.094074,0.112975,0.073433,0.064382,0.036112,0.012342,0.000549,-0.004477,-0.009503,-0.026070,-0.031019,-0.031870,-0.035300,-0.028699,-0.020759,-0.018961,-0.022043,-0.023647,-0.023594,-0.010063,-0.005033,-0.012696,-0.020825,-0.016491,-0.012000,-0.008365,-0.007895,-0.010971,-0.006540,-0.006105,-0.001189,0.000273,-0.000180,-0.000085,-0.000033,0.000069,0.000107,0.000150,0.000104,0.000283,-0.000126,-0.000243
0.000082,0.000230,0.000249,0.001006,0.002670,0.003469,0.002253,0.003572,0.007919,0.006421,0.010929,0.010004,0.013349,0.020496,0.016940,0.020519,0.035795,0.039210,0.060693,0.073433,0.065799,0.064414,0.033761,0.016842,0.008262,0.004496,-0.004913,-0.017869,-0.022888,-0.024938,-0.028421,-0.024818,-0.019233,-0.017800,-0.017559,-0.020750,-0.022117,-0.010355,-0.007108,-0.011847,-0.014995,-0.013008,-0.008877,-0.004879,-0.004423,-0.007165,-0.003940,-0.003630,-0.000550,0.000146,-0.000021,-0.000160,-0.000170,0.000169,0.000064,0.000079,0.000040,0.000195,-0.000075,-0.000128
-0.000707,-0.000915,-0.000539,0.000704,0.003293,0.003950,0.002063,0.003142,0.004932,0.004999,0.008652,0.008103,0.010625,0.020622,0.016238,0.020691,0.036324,0.041107,0.057322,0.064382,0.064414,0.093506,0.062564,0.035347,0.025415,0.022481,0.006687,-0.011681,-0.020168,-0.023168,-0.024473,-0.022985,-0.020964,-0.021243,-0.019603,-0.021403,-0.024645,-0.016562,-0.016487,-0.016534,-0.014506,-0.012710,-0.008629,-0.004957,-0.005878,-0.005560,-0.002222,-0.003657,-0.000853,0.000272,0.000200,-0.000108,-0.000228,0.000179,-0.000189,-0.000006,-0.000056,0.000087,-0.000112,-0.000044
-0.001219,-0.001650,-0.000951,0.000667,0.001875,0.000993,0.000934,0.000419,-0.001177,-0.002966,0.000276,0.002423,0.004177,0.010882,0.006369,0.008471,0.018666,0.025096,0.036060,0.036112,0.033761,0.062564,0.066280,0.047488,0.035630,0.031075,0.016075,0.002242,-0.009154,-0.015103,-0.014837,-0.012519,-0.012652,-0.017495,-0.017142,-0.018242,-0.023741,-0.022433,-0.021622,-0.020116,-0.013986,-0.009432,-0.006443,-0.004892,-0.008954,-0.006774,-0.002917,-0.003943,-0.001473,-0.000169,0.000054,-0.000038,-0.000282,0.000019,-0.000250,-0.000094,-0.000048,-0.000013,-0.000169,-0.000106
-0.001051,-0.001444,-0.000668,-0.000214,0.000204,-0.000321,0.000955,-0.000109,-0.001802,-0.005275,-0.001134,0.000933,-0.000917,0.004234,0.000554,0.000152,0.003682,0.008657,0.016151,0.012342,0.016842,0.035347,0.047488,0.050793,0.043935,0.037952,0.021903,0.012486,0.002499,-0.004012,-0.006498,-0.006628,-0.008949,-0.015265,-0.013203,-0.013950,-0.019816,-0.020247,-0.020295,-0.019618,-0.012663,-0.009288,-0.004297,-0.002271,-0.006092,-0.005526,-0.002716,-0.002235,-0.001394,-0.000656,-0.000085,-0.000145,-0.000290,-0.000095,-0.000283,-0.000098,-0.000109,-0.000202,-0.000133,-0.000091
-0.001698,-0.002361,-0.002173,-0.001928,-0.001384,-0.001827,0.000234,-0.001483,-0.002143,-0.003956,-0.002431,0.001943,-0.001989,-0.004418,-0.007538,-0.008391,-0.006392,-0.000895,0.001051,0.000549,0.008262,0.025415,0.035630,0.043935,0.054819,0.056529,0.034556,0.023845,0.011341,0.003750,-0.000160,-0.000404,-0.005514,-0.013909,-0.012834,-0.014876,-0.018765,-0.018841,-0.018464,-0.018672,-0.011584,-0.008304,-0.002278,0.000137,-0.004611,-0.003897,-0.001434,-0.001419,-0.001487,-0.000721,-0.000314,-0.000475,-0.000369,-0.000340,-0.000422,-0.000197,-0.000257,-0.000356,-0.000400,-0.000207
-0.002546,-0.003666,-0.003775,-0.004309,-0.002759,-0.002562,-0.001445,-0.002717,-0.001938,-0.002118,-0.003954,-0.001126,-0.004755,-0.009418,-0.013549,-0.017425,-0.020130,-0.016683,-0.014038,-0.004477,0.004496,0.022481,0.031075,0.037952,0.056529,0.085403,0.058741,0.038862,0.018448,0.010381,0.002244,0.000903,-0.004679,-0.013748,-0.015261,-0.017027,-0.020197,-0.020689,-0.019762,-0.020374,-0.012946,-0.007225,-0.001593,0.002428,-0.003044,-0.002604,-0.002257,-0.001091,-0.001675,-0.000954,-0.000295,-0.000664,-0.000521,-0.000549,-0.000661,-0.000418,-0.000470,-0.000553,-0.000677,-0.000429
-0.001741,-0.002545,-0.002592,-0.003368,-0.002862,-0.002625,-0.002351,-0.003247,-0.000044,0.000706,-0.000897,0.000362,-0.005441,-0.013634,-0.016294,-0.020173,-0.024648,-0.021175,-0.020221,-0.009503,-0.004913,0.006687,0.016075,0.021903,0.034556,0.058741,0.059980,0.051189,0.027741,0.016117,0.007980,0.005074,-0.004738,-0.013492,-0.013674,-0.013258,-0.013211,-0.011974,-0.013083,-0.017300,-0.011792,-0.004899,-0.000108,0.002678,-0.001050,-0.002832,-0.002731,-0.001264,-0.001554,-0.001031,-0.000238,-0.000292,-0.000370,-0.000447,-0.000604,-0.000524,-0.000454,-0.000587,-0.000703,-0.000362
-0.001502,-0.002389,-0.002524,-0.003145,-0.003783,-0.003040,-0.001646,-0.001811,0.000404,-0.000070,-0.002208,-0.000087,-0.007697,-0.023948,-0.024549,-0.030397,-0.039749,-0.034394,-0.036908,-0.026070,-0.017869,-0.011681,0.002242,0.012486,0.023845,0.038862,0.051189,0.070825,0.054153,0.035921,0.023104,0.018761,0.004360,-0.003861,-0.007035,-0.010854,-0.013731,-0.007459,-0.005781,-0.009726,-0.006202,-0.001545,0.003487,0.005733,0.004603,0.001581,0.001433,0.001259,-0.000357,-0.000792,-0.000161,-0.000080,-0.000211,-0.000429,-0.000577,-0.000406,-0.000422,-0.000561,-0.000709,-0.000318
-0.001038,-0.002465,-0.002612,-0.003875,-0.005127,-0.003358,-0.001917,-0.001627,-0.000794,-0.004472,-0.004065,-0.001127,-0.008021,-0.024784,-0.024392,-0.032112,-0.042350,-0.034168,-0.036993,-0.031019,-0.022888,-0.020168,-0.009154,0.002499,0.011341,0.018448,0.027741,0.054153,0.069615,0.051738,0.030414,0.021129,0.014295,0.008628,-0.000632,-0.004835,-0.008555,-0.004927,-0.003287,-0.005150,-0.002593,0.002748,0.005764,0.006832,0.006457,0.005193,0.004381,0.002917,0.000245,-0.000525,0.000013,-0.000058,-0.000182,-0.000489,-0.000604,-0.000369,-0.000402,-0.000490,-0.000632,-0.000320
-0.000264,-0.001468,-0.001515,-0.003087,-0.004436,-0.002128,-0.001266,-0.000210,0.002265,-0.001151,-0.003606,-0.004311,-0.011288,-0.020359,-0.018612,-0.023124,-0.030780,-0.028798,-0.034471,-0.031870,-0.024938,-0.023168,-0.015103,-0.004012,0.003750,0.010381,0.016117,0.035921,0.051738,0.058159,0.040365,0.027594,0.019955,0.016980,0.010997,0.005881,0.004508,0.005069,0.003239,0.005397,0.007272,0.008943,0.008897,0.008968,0.011635,0.009734,0.006090,0.003842,0.001167,0.000163,0.000039,0.000036,-0.000077,-0.000381,-0.000361,-0.000189,-0.000131,-0.000268,-0.000267,-0.000147
0.000179,-0.000004,-0.000233,-0.001626,-0.002397,-0.000419,-0.000872,-0.000022,0.001813,-0.000832,-0.002675,-0.001365,-0.005811,-0.012546,-0.013433,-0.016260,-0.023461,-0.023688,-0.034806,-0.035300,-0.028421,-0.024473,-0.014837,-0.006498,-0.000160,0.002244,0.007980,0.023104,0.030414,0.040365,0.046900,0.041821,0.024679,0.021015,0.016876,0.012002,0.008616,0.007204,0.006021,0.009269,0.011578,0.011438,0.010698,0.009358,0.010921,0.009939,0.006481,0.004453,0.001601,0.000544,0.000042,0.000220,0.000064,-0.000155,-0.000117,-0.000015,0.000003,-0.000094,-0.000105,-0.000031
0.000158,0.000122,-0.000682,-0.001978,-0.002589,-0.001575,-0.001669,-0.001337,0.001116,-0.000324,-0.003147,0.000242,-0.003153,-0.014661,-0.018536,-0.019094,-0.023611,-0.023398,-0.032523,-0.028699,-0.024818,-0.022985,-0.012519,-0.006628,-0.000404,0.000903,0.005074,0.018761,0.021129,0.027594,0.041821,0.058171,0.038351,0.031636,0.021138,0.015753,0.012551,0.011985,0.011877,0.014341,0.014653,0.012993,0.011653,0.012153,0.014243,0.011334,0.006026,0.005011,0.002051,0.000882,0.000093,0.000289,0.000046,-0.000006,0.000054,0.000174,-0.000019,-0.000017,-0.000053,-0.000016
-0.000157,-0.000792,-0.001378,-0.001980,-0.003083,-0.003020,-0.002135,-0.002398,-0.001708,-0.002227,-0.004861,-0.002683,-0.004915,-0.014045,-0.018234,-0.019821,-0.022621,-0.018578,-0.024103,-0.020759,-0.019233,-0.020964,-0.012652,-0.008949,-0.005514,-0.004679,-0.004738,0.004360,0.014295,0.019955,0.024679,0.038351,0.041545,0.040785,0.026179,0.021055,0.019954,0.014185,0.013277,0.019171,0.017853,0.015202,0.010531,0.008702,0.010670,0.007703,0.002878,0.003048,0.001181,0.000687,0.000004,-0.000085,0.000014,0.000033,0.000055,0.000103,0.000080,0.000003,0.000099,-0.000013
-0.000232,-0.000372,-0.001084,-0.002140,-0.003057,-0.002600,-0.002496,-0.003533,-0.004160,-0.005618,-0.006867,-0.005720,-0.008451,-0.017005,-0.019158,-0.020964,-0.026244,-0.024138,-0.025637,-0.018961,-0.017800,-0.021243,-0.017495,-0.015265,-0.013909,-0.013748,-0.013492,-0.003861,0.008628,0.016980,0.021015,0.031636,0.040785,0.061576,0.047671,0.035654,0.032575,0.022785,0.019716,0.026920,0.022942,0.015228,0.012612,0.009056,0.013204,0.009075,0.002211,0.000464,-0.000066,0.000692,-0.000146,-0.000216,0.000120,0.000111,0.000115,0.000222,0.000205,0.000048,0.000234,0.000099
0.000308,0.000824,0.000019,-0.000610,-0.002064,-0.002200,-0.001365,-0.002930,-0.005048,-0.007878,-0.010525,-0.012393,-0.014315,-0.016534,-0.013194,-0.011621,-0.013604,-0.016271,-0.021397,-0.022043,-0.017559,-0.019603,-0.017142,-0.013203,-0.012834,-0.015261,-0.013674,-0.007035,-0.000632,0.010997,0.016876,0.021138,0.026179,0.047671,0.059175,0.051624,0.046196,0.026576,0.017403,0.026323,0.023790,0.012161,0.010848,0.008140,0.011325,0.007595,0.001165,-0.001172,-0.000540,0.000646,-0.000188,-0.000250,0.000173,0.000262,0.000139,0.000251,0.000263,0.000117,0.000428,0.000276
0.000435,0.001222,0.000823,0.000002,-0.002101,-0.001628,-0.001323,-0.001465,-0.004108,-0.005368,-0.010705,-0.012117,-0.013498,-0.013756,-0.010511,-0.007672,-0.009057,-0.012084,-0.020353,-0.023647,-0.020750,-0.021403,-0.018242,-0.013950,-0.014876,-0.017027,-0.013258,-0.010854,-0.004835,0.005881,0.012002,0.015753,0.021055,0.035654,0.051624,0.062716,0.063994,0.033407,0.021963,0.031515,0.025322,0.014403,0.012426,0.009674,0.010935,0.005856,0.000926,0.000853,0.000656,0.000536,-0.000050,-0.000255,0.000155,0.000307,0.000098,0.000119,0.000266,0.000074,0.000440,0.000277
0.000793,0.001951,0.002069,0.000819,-0.002570,-0.003260,-0.003051,-0.001940,-0.002933,-0.002152,-0.011698,-0.012884,-0.015115,-0.016366,-0.011953,-0.007540,-0.007792,-0.008411,-0.018187,-0.023594,-0.022117,-0.024645,-0.023741,-0.019816,-0.018765,-0.020197,-0.013211,-0.013731,-0.008555,0.004508,0.008616,0.012551,0.019954,0.032575,0.046196,0.063994,0.088488,0.045617,0.027283,0.035123,0.029971,0.016248,0.012094,0.010337,0.014419,0.008171,0.002273,0.002535,0.001382,0.000400,-0.000201,-0.000393,0.000163,0.000374,0.000170,0.000255,0.000394,0.000120,0.000432,0.000275
0.000882,0.001411,0.000999,-0.000046,-0.000820,-0.001304,-0.000988,-0.000601,0.000083,0.001307,-0.003797,-0.005856,-0.007113,-0.008031,-0.007383,-0.005432,-0.004783,-0.005251,-0.009568,-0.010063,-0.010355,-0.016562,-0.022433,-0.020247,-0.018841,-0.020689,-0.011974,-0.007459,-0.004927,0.005069,0.007204,0.011985,0.014185,0.022785,0.026576,0.033407,0.045617,0.039875,0.030663,0.028855,0.020662,0.012193,0.010360,0.009724,0.013607,0.008501,0.003910,0.003529,0.002187,0.000959,0.000084,0.000039,0.000240,0.000245,0.000352,0.000237,0.000142,0.000179,0.000298,0.000194
0.001073,0.001245,0.000955,-0.000031,0.000228,0.000781,0.000122,0.001240,0.002306,0.005969,0.002833,0.001281,0.001569,-0.001779,-0.005861,-0.005910,-0.007127,-0.008268,-0.007458,-0.005033,-0.007108,-0.016487,-0.021622,-0.020295,-0.018464,-0.019762,-0.013083,-0.005781,-0.003287,0.003239,0.006021,0.011877,0.013277,0.019716,0.017403,0.021963,0.027283,0.030663,0.037480,0.036192,0.019988,0.013201,0.013223,0.012562,0.016348,0.009774,0.005274,0.004971,0.003105,0.001100,0.000220,0.000087,0.000222,0.000208,0.000501,0.000314,0.000229,0.000311,0.000369,0.000177
0.000849,0.001274,0.001505,0.000514,0.001042,0.003165,0.002224,0.004149,0.003476,0.009498,0.003780,0.002182,0.003150,-0.000166,-0.006479,-0.004881,-0.007026,-0.008657,-0.012092,-0.012696,-0.011847,-0.016534,-0.020116,-0.019618,-0.018672,-0.020374,-0.017300,-0.009726,-0.005150,0.005397,0.009269,0.014341,0.019171,0.026920,0.026323,0.031515,0.035123,0.028855,0.036192,0.061415,0.038840,0.023883,0.020949,0.017581,0.023153,0.013751,0.007967,0.007224,0.004369,0.001363,0.000369,0.000018,0.000267,0.000279,0.000422,0.000324,0.000395,0.000318,0.000443,0.000307
0.000653,0.001278,0.001751,0.001765,0.001954,0.001574,0.001148,0.001112,-0.000125,-0.000419,-0.002989,-0.000986,0.000211,-0.002569,-0.005297,-0.004574,-0.007064,-0.010430,-0.017363,-0.020825,-0.014995,-0.014506,-0.013986,-0.012663,-0.011584,-0.012946,-0.011792,-0.006202,-0.002593,0.007272,0.011578,0.014653,0.017853,0.022942,0.023790,0.025322,0.029971,0.020662,0.019988,0.038840,0.046376,0.032753,0.018946,0.012218,0.018874,0.015552,0.009969,0.006974,0.003596,0.001270,0.000486,0.000230,0.000391,0.000340,0.000317,0.000408,0.000342,0.000264,0.000554,0.000359
0.000829,0.001339,0.001744,0.001111,0.001856,0.000929,0.000004,-0.000787,-0.002021,-0.001952,-0.001060,0.003401,0.004863,-0.000574,-0.003916,-0.005405,-0.005508,-0.009437,-0.014209,-0.016491,-0.013008,-0.012710,-0.009432,-0.009288,-0.008304,-0.007225,-0.004899,-0.001545,0.002748,0.008943,0.011438,0.012993,0.015202,0.015228,0.012161,0.014403,0.016248,0.012193,0.013201,0.023883,0.032753,0.038587,0.023135,0.012898,0.018420,0.014475,0.008261,0.006498,0.003157,0.000975,0.000630,0.000377,0.000281,0.000188,0.000246,0.000208,0.000180,0.000183,0.000354,0.000282
0.000524,0.000778,0.000929,-0.000245,0.000744,0.000606,0.000334,0.000720,-0.000439,0.001734,0.001558,0.005488,0.004886,-0.001109,-0.005376,-0.006827,-0.009217,-0.011377,-0.012580,-0.012000,-0.008877,-0.008629,-0.006443,-0.004297,-0.002278,-0.001593,-0.000108,0.003487,0.005764,0.008897,0.010698,0.011653,0.010531,0.012612,0.010848,0.012426,0.012094,0.010360,0.013223,0.020949,0.018946,0.023135,0.025309,0.015871,0.017469,0.012024,0.006770,0.004852,0.002613,0.000973,0.000501,0.000235,0.000284,0.000114,0.000145,0.000203,0.000126,0.000191,0.000214,0.000175
0.000313,0.000229,0.000547,-0.000494,0.000202,0.000934,0.000720,0.001340,0.003324,0.005219,0.003284,0.004476,0.002847,-0.001060,-0.005446,-0.005608,-0.007143,-0.010316,-0.007263,-0.008365,-0.004879,-0.004957,-0.004892,-0.002271,0.000137,0.002428,0.002678,0.005733,0.006832,0.008968,0.009358,0.012153,0.008702,0.009056,0.008140,0.009674,0.010337,0.009724,0.012562,0.017581,0.012218,0.012898,0.015871,0.018267,0.020423,0.012099,0.006667,0.004921,0.002511,0.000692,0.000414,0.000126,0.000105,0.000060,0.000117,0.000160,0.000071,0.000072,0.000145,0.000082
0.001124,0.001583,0.001877,0.000525,0.001204,0.002633,0.001425,0.003330,0.007339,0.008837,0.006995,0.005278,0.004585,0.001468,-0.004731,-0.004911,-0.006767,-0.015186,-0.010549,-0.007895,-0.004423,-0.005878,-0.008954,-0.006092,-0.004611,-0.003044,-0.001050,0.004603,0.006457,0.011635,0.010921,0.014243,0.010670,0.013204,0.011325,0.010935,0.014419,0.013607,0.016348,0.023153,0.018874,0.018420,0.017469,0.020423,0.035408,0.024010,0.012679,0.008532,0.004691,0.001535,0.000681,0.000318,0.000165,0.000112,0.000374,0.000224,0.000127,0.000152,0.000288,0.000149
0.001036,0.001381,0.001370,0.000481,0.000880,0.000749,0.000399,0.001227,0.003281,0.003820,0.002175,0.001951,0.002273,-0.001876,-0.004037,-0.004130,-0.006893,-0.013189,-0.012075,-0.010971,-0.007165,-0.005560,-0.006774,-0.005526,-0.003897,-0.002604,-0.002832,0.001581,0.005193,0.009734,0.009939,0.011334,0.007703,0.009075,0.007595,0.005856,0.008171,0.008501,0.009774,0.013751,0.015552,0.014475,0.012024,0.012099,0.024010,0.024444,0.013482,0.007393,0.003754,0.001610,0.000608,0.000352,0.000159,0.000065,0.000318,0.000178,0.000125,0.000170,0.000216,0.000139
0.000581,0.000816,0.000982,0.000597,0.000859,0.000612,0.000938,0.001119,0.002537,0.003179,0.001177,0.000412,0.001318,-0.000825,-0.001322,-0.001859,-0.003545,-0.005317,-0.005302,-0.006540,-0.003940,-0.002222,-0.002917,-0.002716,-0.001434,-0.002257,-0.002731,0.001433,0.004381,0.006090,0.006481,0.006026,0.002878,0.002211,0.001165,0.000926,0.002273,0.003910,0.005274,0.007967,0.009969,0.008261,0.006770,0.006667,0.012679,0.013482,0.011455,0.006483,0.003152,0.001189,0.000453,0.000227,0.000087,0.000026,0.000149,0.000119,0.000070,0.000138,0.000121,0.000066
0.000443,0.000626,0.000911,0.000530,0.000660,0.000737,0.000780,0.001227,0.002753,0.003680,0.002239,0.001573,0.001755,0.000208,-0.001763,-0.002099,-0.003760,-0.004084,-0.005047,-0.006105,-0.003630,-0.003657,-0.003943,-0.002235,-0.001419,-0.001091,-0.001264,0.001259,0.002917,0.003842,0.004453,0.005011,0.003048,0.000464,-0.001172,0.000853,0.002535,0.003529,0.004971,0.007224,0.006974,0.006498,0.004852,0.004921,0.008532,0.007393,0.006483,0.006079,0.002961,0.000665,0.000352,0.000181,0.000044,0.000064,0.000140,0.000065,0.000048,0.000123,0.000087,0.000041
0.000263,0.000490,0.000491,0.000400,0.000414,0.000613,0.000635,0.000873,0.001467,0.002192,0.001349,0.000730,0.001008,0.000703,-0.000067,-0.000027,-0.000748,-0.001094,-0.000972,-0.001189,-0.000550,-0.000853,-0.001473,-0.001394,-0.001487,-0.001675,-0.001554,-0.000357,0.000245,0.001167,0.001601,0.002051,0.001181,-0.000066,-0.000540,0.000656,0.001382,0.002187,0.003105,0.004369,0.003596,0.003157,0.002613,0.002511,0.004691,0.003754,0.003152,0.002961,0.002035,0.000505,0.000197,0.000091,0.000035,0.000028,0.000097,0.000035,0.000041,0.000092,0.000056,0.000016
0.000114,0.000165,0.000067,0.000116,0.000126,0.000121,0.000181,0.000293,0.000390,0.000545,0.000030,-0.000224,0.000297,0.000278,0.000099,0.000181,0.000107,-0.000059,-0.000023,0.000273,0.000146,0.000272,-0.000169,-0.000656,-0.000721,-0.000954,-0.001031,-0.000792,-0.000525,0.000163,0.000544,0.000882,0.000687,0.000692,0.000646,0.000536,0.000400,0.000959,0.001100,0.001363,0.001270,0.000975,0.000973,0.000692,0.001535,0.001610,0.001189,0.000665,0.000505,0.000331,0.000065,0.000041,0.000031,0.000022,0.000038,0.000030,0.000018,0.000039,0.000030,0.000013
0.000054,0.000092,0.000091,0.000086,0.000142,0.000184,0.000151,0.000222,0.000261,0.000311,0.000386,0.000215,0.000465,0.000465,0.000329,0.000242,0.000121,-0.000243,-0.000084,-0.000180,-0.000021,0.000200,0.000054,-0.000085,-0.000314,-0.000295,-0.000238,-0.000161,0.000013,0.000039,0.000042,0.000093,0.000004,-0.000146,-0.000188,-0.000050,-0.000201,0.000084,0.000220,0.000369,0.000486,0.000630,0.000501,0.000414,0.000681,0.000608,0.000453,0.000352,0.000197,0.000065,0.000096,0.000057,0.000018,0.000016,0.000019,0.000009,0.000005,0.000014,0.000019,0.000012
0.000058,0.000147,0.000165,0.000166,0.000231,0.000244,0.000089,0.000054,0.000069,0.000045,0.000220,0.000224,0.000512,0.000366,0.000180,0.000131,0.000094,-0.000135,0.000203,-0.000085,-0.000160,-0.000108,-0.000038,-0.000145,-0.000475,-0.000664,-0.000292,-0.000080,-0.000058,0.000036,0.000220,0.000289,-0.000085,-0.000216,-0.000250,-0.000255,-0.000393,0.000039,0.000087,0.000018,0.000230,0.000377,0.000235,0.000126,0.000318,0.000352,0.000227,0.000181,0.000091,0.000041,0.000057,0.000122,0.000035,0.000019,0.000028,0.000011,0.000004,0.000010,0.000020,0.000006
0.000039,0.000081,0.000071,0.000111,0.000174,0.000135,0.000043,-0.000037,-0.000094,-0.000097,-0.000100,-0.000024,0.000036,0.000169,0.000044,0.000047,-0.000038,-0.000155,0.000087,-0.000033,-0.000170,-0.000228,-0.000282,-0.000290,-0.000369,-0.000521,-0.000370,-0.000211,-0.000182,-0.000077,0.000064,0.000046,0.000014,0.000120,0.000173,0.000155,0.000163,0.000240,0.000222,0.000267,0.000391,0.000281,0.000284,0.000105,0.000165,0.000159,0.000087,0.000044,0.000035,0.000031,0.000018,0.000035,0.000061,0.000018,0.000016,0.000021,0.000012,0.000017,0.000019,0.000012
0.000037,0.000097,0.000115,0.000145,0.000083,0.000110,0.000048,0.000051,0.000086,0.000015,0.000035,-0.000008,0.000163,0.000318,0.000208,0.000260,0.000274,0.000147,0.000200,0.000069,0.000169,0.000179,0.000019,-0.000095,-0.000340,-0.000549,-0.000447,-0.000429,-0.000489,-0.000381,-0.000155,-0.000006,0.000033,0.000111,0.000262,0.000307,0.000374,0.000245,0.000208,0.000279,0.000340,0.000188,0.000114,0.000060,0.000112,0.000065,0.000026,0.000064,0.000028,0.000022,0.000016,0.000019,0.000018,0.000076,0.000029,0.000022,0.000023,0.000023,0.000028,0.000014
0.000050,0.000104,0.000111,0.000129,0.000116,0.000101,0.000099,0.000129,0.000080,0.000091,0.000195,0.000086,0.000428,0.000565,0.000315,0.000369,0.000470,0.000242,0.000168,0.000107,0.000064,-0.000189,-0.000250,-0.000283,-0.000422,-0.000661,-0.000604,-0.000577,-0.000604,-0.000361,-0.000117,0.000054,0.000055,0.000115,0.000139,0.000098,0.000170,0.000352,0.000501,0.000422,0.000317,0.000246,0.000145,0.000117,0.000374,0.000318,0.000149,0.000140,0.000097,0.000038,0.000019,0.000028,0.000016,0.000029,0.000068,0.000027,0.000026,0.000029,0.000028,0.000009
0.000053,0.000072,0.000074,0.000083,0.000093,0.000120,0.000104,0.000126,0.000036,0.000026,-0.000013,0.000130,0.000221,0.000366,0.000286,0.000298,0.000188,0.000039,0.000153,0.000150,0.000079,-0.000006,-0.000094,-0.000098,-0.000197,-0.000418,-0.000524,-0.000406,-0.000369,-0.000189,-0.000015,0.000174,0.000103,0.000222,0.000251,0.000119,0.000255,0.000237,0.000314,0.000324,0.000408,0.000208,0.000203,0.000160,0.000224,0.000178,0.000119,0.000065,0.000035,0.000030,0.000009,0.000011,0.000021,0.000022,0.000027,0.000051,0.000027,0.000024,0.000023,0.000013
0.000057,0.000066,0.000121,0.000128,0.000087,0.000107,0.000100,0.000116,0.000105,0.000151,0.000084,0.000091,0.000167,0.000346,0.000270,0.000293,0.000334,0.000160,0.000174,0.000104,0.000040,-0.000056,-0.000048,-0.000109,-0.000257,-0.000470,-0.000454,-0.000422,-0.000402,-0.000131,0.000003,-0.000019,0.000080,0.000205,0.000263,0.000266,0.000394,0.000142,0.000229,0.000395,0.000342,0.000180,0.000126,0.000071,0.000127,0.000125,0.000070,0.000048,0.000041,0.000018,0.000005,0.000004,0.000012,0.000023,0.000026,0.000027,0.000050,0.000029,0.000024,0.000013
0.000063,0.000089,0.000104,0.000128,0.000139,0.000129,0.000112,0.000128,0.000116,0.000116,0.000128,-0.000072,0.000146,0.000398,0.000288,0.000312,0.000387,0.000311,0.000434,0.000283,0.000195,0.000087,-0.000013,-0.000202,-0.000356,-0.000553,-0.000587,-0.000561,-0.000490,-0.000268,-0.000094,-0.000017,0.000003,0.000048,0.000117,0.000074,0.000120,0.000179,0.000311,0.000318,0.000264,0.000183,0.000191,0.000072,0.000152,0.000170,0.000138,0.000123,0.000092,0.000039,0.000014,0.000010,0.000017,0.000023,0.000029,0.000024,0.000029,0.000049,0.000030,0.000012
0.000072,0.000095,0.000144,0.000173,0.000170,0.000142,0.000085,0.000080,0.000033,0.000049,0.000095,-0.000071,0.000146,0.000493,0.000344,0.000408,0.000437,0.000156,0.000182,-0.000126,-0.000075,-0.000112,-0.000169,-0.000133,-0.000400,-0.000677,-0.000703,-0.000709,-0.000632,-0.000267,-0.000105,-0.000053,0.000099,0.000234,0.000428,0.000440,0.000432,0.000298,0.000369,0.000443,0.000554,0.000354,0.000214,0.000145,0.000288,0.000216,0.000121,0.000087,0.000056,0.000030,0.000019,0.000020,0.000019,0.000028,0.000028,0.000023,0.000024,0.000030,0.000056,0.000026
0.000049,0.000068,0.000098,0.000118,0.000113,0.000067,0.000039,-0.000016,-0.000056,-0.000000,-0.000009,-0.000032,-0.000058,0.000125,0.000106,0.000120,0.000143,0.000056,-0.000088,-0.000243,-0.000128,-0.000044,-0.000106,-0.000091,-0.000207,-0.000429,-0.000362,-0.000318,-0.000320,-0.000147,-0.000031,-0.000016,-0.000013,0.000099,0.000276,0.000277,0.000275,0.000194,0.000177,0.000307,0.000359,0.000282,0.000175,0.000082,0.000149,0.000139,0.000066,0.000041,0.000016,0.000013,0.000012,0.000006,0.000012,0.000014,0.000009,0.000013,0.000013,0.000012,0.000026,0.000028
