0.032665,0.016638,0.010790,0.005051,0.005673,0.010694,0.008602,0.013951,0.011507,0.013134,0.012109,0.007401,0.006548,0.011140,0.011947,0.011315,0.007276,0.002529,0.001832,0.009244,0.007487,0.001837,-0.004057,-0.004416,-0.007534,-0.012481,-0.011764,-0.009787,-0.009107,-0.003641,-0.002301,-0.002541,-0.003548,-0.003393,0.000396,0.001264,0.004736,0.004113,0.004885,0.003598,0.003982,0.005638,0.004325,0.002914,0.010801,0.010484,0.005472,0.006930,0.008002,0.005159,0.003260,0.004779,0.008270,0.004321,0.008119,0.011167,0.014764,0.010237,0.012955,0.007229
0.016638,0.019752,0.011860,0.005220,0.006135,0.010912,0.006577,0.011138,0.008322,0.007177,0.008366,0.006243,0.008066,0.008032,0.008237,0.008389,0.005828,0.003606,0.004617,0.010079,0.006127,-0.000869,-0.005634,-0.006172,-0.007764,-0.010908,-0.009764,-0.009822,-0.009698,-0.005689,-0.004111,-0.001627,-0.002732,0.000739,0.003745,0.003697,0.007296,0.006305,0.005467,0.002692,0.004280,0.006440,0.003642,0.002200,0.010063,0.008217,0.003625,0.005005,0.007977,0.005259,0.003850,0.006587,0.008807,0.010277,0.009945,0.010627,0.009801,0.008952,0.009436,0.005030
0.010790,0.011860,0.015937,0.008096,0.007830,0.010369,0.004048,0.009816,0.007072,0.006815,0.008120,0.005969,0.007449,0.009224,0.007638,0.007570,0.007305,0.004388,0.006935,0.007804,0.005707,0.001622,-0.001246,-0.001049,-0.004904,-0.008046,-0.007790,-0.010082,-0.011108,-0.007470,-0.005448,-0.004976,-0.004406,-0.002133,0.000112,0.000602,0.004351,0.003238,0.002573,0.002243,0.005029,0.006748,0.002827,0.001673,0.008458,0.006294,0.003635,0.007210,0.006852,0.001384,0.004085,0.005778,0.006633,0.012257,0.008110,0.009763,0.012747,0.007651,0.012584,0.005345
0.005051,0.005220,0.008096,0.009025,0.009374,0.007839,0.003413,0.006901,0.004579,0.003613,0.005175,0.004376,0.004978,0.005096,0.004206,0.004967,0.005294,0.004290,0.005544,0.006344,0.004968,0.003118,0.001126,-0.000284,-0.002486,-0.004685,-0.005112,-0.004214,-0.007023,-0.005909,-0.004565,-0.003031,-0.002002,-0.000489,0.000636,0.000569,0.001721,0.000927,0.000859,0.000949,0.004738,0.005178,0.001465,-0.000082,0.003346,0.002983,0.001409,0.003095,0.003824,0.001308,0.002923,0.004611,0.005047,0.008143,0.004800,0.007128,0.008238,0.005249,0.009674,0.004126
0.005673,0.006135,0.007830,0.009374,0.024856,0.017944,0.007550,0.007396,0.003950,0.004715,0.006065,0.007552,0.010990,0.010892,0.009087,0.012115,0.015713,0.015212,0.019079,0.015285,0.008544,0.009750,0.006056,0.002942,0.002111,0.001241,-0.003630,-0.006767,-0.011075,-0.011364,-0.007095,-0.005020,-0.004745,-0.002042,-0.002941,-0.005051,-0.004794,-0.002511,-0.000125,0.000037,0.005725,0.007851,0.003565,0.002009,0.004743,0.004473,0.003877,0.004220,0.004176,0.001147,0.002766,0.005573,0.010305,0.004696,0.004267,0.008119,0.008585,0.006434,0.008955,0.003976
0.010694,0.010912,0.010369,0.007839,0.017944,0.038116,0.020890,0.018610,0.012688,0.014226,0.016666,0.019259,0.020977,0.015102,0.013212,0.015900,0.016202,0.013494,0.014848,0.017039,0.008551,0.005865,0.001840,-0.001007,-0.004294,-0.007868,-0.009757,-0.009341,-0.008723,-0.007812,-0.005603,-0.005673,-0.004888,0.000737,-0.000984,-0.000330,-0.000786,-0.000339,0.003344,0.004447,0.003805,0.003039,0.000625,0.002771,0.008908,0.004218,0.003498,0.006040,0.007152,0.000205,0.004038,0.007330,0.007613,0.008099,0.006396,0.007941,0.008778,0.006622,0.010358,0.005309
0.008602,0.006577,0.004048,0.003413,0.007550,0.020890,0.032906,0.023494,0.014186,0.013485,0.013135,0.012343,0.013831,0.011629,0.012320,0.013677,0.013955,0.012038,0.008878,0.012269,0.007491,0.003767,0.004643,0.003856,0.000957,-0.005433,-0.009180,-0.006480,-0.006158,-0.004813,-0.005382,-0.003686,-0.002088,-0.001439,-0.001227,-0.000791,-0.002573,-0.000038,0.001469,0.003988,0.002851,0.000643,-0.000154,0.003419,0.007776,0.004738,0.006953,0.008125,0.008915,0.007327,0.003953,0.002695,0.001449,0.003601,0.003716,0.008244,0.009401,0.005264,0.005826,0.004565
0.013951,0.011138,0.009816,0.006901,0.007396,0.018610,0.023494,0.046982,0.032650,0.028472,0.026997,0.015829,0.016088,0.015281,0.013565,0.013393,0.008924,0.005352,0.001572,0.013384,0.010894,0.003154,0.000516,-0.000228,-0.004142,-0.007280,-0.010345,-0.006708,-0.008480,-0.004926,-0.007017,-0.005773,-0.004320,-0.004609,-0.002812,0.000989,0.002518,0.002845,0.004645,0.006980,0.003288,0.001471,0.002453,0.004536,0.014089,0.008809,0.006167,0.012481,0.011736,0.007206,0.005897,0.006110,0.000007,0.007390,0.004216,0.010576,0.012171,0.008763,0.010063,0.003121
0.011507,0.008322,0.007072,0.004579,0.003950,0.012688,0.014186,0.032650,0.046483,0.040596,0.033385,0.017881,0.017367,0.015563,0.011082,0.009648,0.005532,0.000311,0.001759,0.018126,0.015591,0.004275,-0.004176,-0.005579,-0.006120,-0.003782,-0.004218,-0.003379,-0.006178,-0.000279,-0.004170,0.000159,0.000509,-0.000936,-0.001238,0.000361,0.001570,0.002715,0.003565,-0.000924,-0.002445,-0.004037,-0.000751,0.006061,0.014866,0.007921,0.004580,0.011994,0.008496,0.005948,0.004221,0.003491,-0.002496,0.008502,0.001557,0.006774,0.009793,0.007078,0.006451,0.001054
0.013134,0.007177,0.006815,0.003613,0.004715,0.014226,0.013485,0.028472,0.040596,0.051447,0.039429,0.024658,0.023776,0.016689,0.011583,0.010823,0.007368,0.002182,0.003827,0.016860,0.012052,0.005031,-0.006033,-0.009005,-0.007982,-0.004549,-0.004101,-0.005995,-0.011363,-0.003726,-0.006017,-0.001881,-0.001185,-0.002923,-0.005502,-0.003284,0.000503,0.002605,0.005163,0.006323,0.000194,-0.002565,0.002848,0.008270,0.015489,0.010097,0.007021,0.013331,0.009702,0.007084,0.003812,0.003395,-0.002218,0.005637,0.001931,0.003958,0.008509,0.005891,0.005344,0.002159
0.012109,0.008366,0.008120,0.005175,0.006065,0.016666,0.013135,0.026997,0.033385,0.039429,0.050805,0.038848,0.033453,0.021953,0.016073,0.016038,0.016443,0.011861,0.013117,0.022253,0.015435,0.009834,-0.000161,-0.002827,-0.003203,-0.003423,-0.003254,-0.007650,-0.009879,-0.006809,-0.006787,-0.005500,-0.005924,-0.006134,-0.009610,-0.009176,-0.009390,-0.006455,-0.001900,0.000013,-0.001748,-0.002401,0.000063,0.005399,0.010482,0.006049,0.002917,0.005851,0.004110,-0.002283,0.002720,0.003441,-0.002154,0.002135,0.004312,0.001862,0.004908,0.002492,0.004958,0.002511
0.007401,0.006243,0.005969,0.004376,0.007552,0.019259,0.012343,0.015829,0.017881,0.024658,0.038848,0.063396,0.051021,0.022478,0.013160,0.014041,0.018693,0.019341,0.018640,0.019180,0.011791,0.012208,0.009895,0.009085,0.008700,0.003961,0.002086,-0.003393,-0.003596,-0.009695,-0.003555,-0.002707,-0.006269,-0.011428,-0.019900,-0.017807,-0.017099,-0.015263,-0.008522,-0.003016,-0.001081,0.000733,0.002859,0.004809,0.002331,0.001237,0.000684,0.001299,0.000072,-0.006809,0.000677,0.001507,0.000153,-0.000478,0.005047,0.004670,0.003717,-0.002393,-0.001697,0.001844
0.006548,0.008066,0.007449,0.004978,0.010990,0.020977,0.013831,0.016088,0.017367,0.023776,0.033453,0.051021,0.069137,0.034280,0.021252,0.021605,0.027489,0.025756,0.027509,0.030640,0.015989,0.012754,0.010246,0.004913,0.004375,0.002163,-0.000022,-0.005933,-0.007773,-0.014775,-0.011638,-0.008725,-0.007589,-0.013710,-0.022567,-0.018248,-0.015355,-0.009907,-0.003209,-0.001337,0.001773,0.005628,0.003443,0.002398,0.002264,0.002620,0.001235,0.001396,0.000608,0.000991,0.004221,0.006156,0.001346,0.007110,0.011678,0.009724,0.006801,0.001866,0.003342,0.000512
0.011140,0.008032,0.009224,0.005096,0.010892,0.015102,0.011629,0.015281,0.015563,0.016689,0.021953,0.022478,0.034280,0.044735,0.034539,0.035617,0.038998,0.030406,0.030790,0.028347,0.018600,0.014752,0.009314,0.005570,0.000102,-0.004994,-0.008682,-0.017338,-0.020782,-0.017686,-0.013950,-0.013378,-0.010989,-0.013780,-0.015212,-0.012031,-0.010708,-0.007145,-0.004020,-0.000760,0.001223,0.001828,-0.002002,0.000142,0.001529,-0.001276,-0.002278,-0.000097,0.000863,-0.000282,0.003118,0.004327,0.005614,0.009648,0.007813,0.011615,0.011604,0.005391,0.011063,0.004220
0.011947,0.008237,0.007638,0.004206,0.009087,0.013212,0.012320,0.013565,0.011082,0.011583,0.016073,0.013160,0.021252,0.034539,0.038647,0.041934,0.044353,0.033642,0.032094,0.025146,0.017763,0.014484,0.007593,0.003062,-0.003394,-0.008841,-0.011730,-0.018903,-0.021004,-0.016340,-0.015505,-0.019231,-0.017623,-0.019216,-0.014274,-0.011214,-0.011201,-0.008320,-0.007137,-0.006308,-0.002452,-0.001601,-0.007032,-0.004200,-0.003786,-0.002927,-0.002899,-0.004674,-0.001278,-0.001310,0.003518,0.004134,0.002984,0.004793,0.004439,0.007729,0.008688,0.002988,0.006204,0.003801
0.011315,0.008389,0.007570,0.004967,0.012115,0.015900,0.013677,0.013393,0.009648,0.010823,0.016038,0.014041,0.021605,0.035617,0.041934,0.054812,0.063905,0.051460,0.047359,0.033367,0.024619,0.021714,0.011016,0.003258,-0.004033,-0.012037,-0.015509,-0.026304,-0.030491,-0.022958,-0.019930,-0.022497,-0.021708,-0.023005,-0.015226,-0.011521,-0.010523,-0.008864,-0.008798,-0.006379,-0.003700,-0.004773,-0.010814,-0.005550,-0.006848,-0.005189,-0.004430,-0.007199,-0.001988,-0.000686,0.002973,0.004280,0.004537,0.004938,0.006102,0.007927,0.009835,0.003559,0.006595,0.003870
0.007276,0.005828,0.007305,0.005294,0.015713,0.016202,0.013955,0.008924,0.005532,0.007368,0.016443,0.018693,0.027489,0.038998,0.044353,0.063905,0.094740,0.080502,0.073584,0.047600,0.036667,0.038697,0.025688,0.013464,0.005527,-0.007718,-0.014078,-0.031228,-0.038688,-0.031443,-0.025493,-0.025865,-0.026306,-0.030552,-0.019283,-0.015669,-0.015613,-0.014276,-0.015391,-0.012412,-0.008181,-0.007628,-0.015996,-0.008121,-0.012723,-0.011364,-0.008090,-0.014870,-0.008076,-0.004744,0.000563,0.001411,0.001214,0.001479,0.006393,0.004229,0.011187,0.001362,0.002672,0.001972
0.002529,0.003606,0.004388,0.004290,0.015212,0.013494,0.012038,0.005352,0.000311,0.002182,0.011861,0.019341,0.025756,0.030406,0.033642,0.051460,0.080502,0.083610,0.080839,0.055776,0.041480,0.046029,0.033125,0.018127,0.009401,-0.004591,-0.011920,-0.028722,-0.034791,-0.031544,-0.025042,-0.025638,-0.023952,-0.029753,-0.021023,-0.018005,-0.018563,-0.016086,-0.015157,-0.009339,-0.008948,-0.010200,-0.016465,-0.010579,-0.020595,-0.016820,-0.010802,-0.015816,-0.010315,-0.006325,-0.001886,0.000502,-0.001053,0.001357,0.002120,0.001244,0.004404,-0.000571,-0.002847,0.000844
0.001832,0.004617,0.006935,0.005544,0.019079,0.014848,0.008878,0.001572,0.001759,0.003827,0.013117,0.018640,0.027509,0.030790,0.032094,0.047359,0.073584,0.080839,0.117338,0.091503,0.062030,0.060060,0.042123,0.023705,0.010012,-0.000272,-0.009658,-0.031360,-0.040890,-0.039336,-0.036291,-0.035316,-0.030002,-0.032590,-0.028665,-0.027598,-0.027953,-0.018868,-0.012814,-0.012496,-0.013926,-0.013333,-0.017147,-0.007487,-0.015505,-0.013734,-0.009006,-0.015914,-0.009329,-0.004967,0.000268,0.005550,0.003778,0.002522,-0.000061,0.003583,0.001832,0.001571,-0.003504,-0.003079
0.009244,0.010079,0.007804,0.006344,0.015285,0.017039,0.012269,0.013384,0.018126,0.016860,0.022253,0.019180,0.030640,0.028347,0.025146,0.033367,0.047600,0.055776,0.091503,0.115377,0.078508,0.060997,0.035840,0.015773,0.005917,0.001422,-0.006991,-0.023585,-0.036839,-0.034758,-0.039545,-0.033040,-0.025006,-0.022081,-0.025556,-0.027346,-0.027014,-0.012108,-0.006546,-0.012745,-0.017334,-0.016825,-0.017665,-0.009326,-0.009113,-0.008926,-0.010618,-0.016807,-0.011197,-0.000955,0.000578,0.006060,0.004825,0.006112,0.003510,0.007608,0.001946,0.003350,-0.005329,-0.003359
0.007487,0.006127,0.005707,0.004968,0.008544,0.008551,0.007491,0.010894,0.015591,0.012052,0.015435,0.011791,0.015989,0.018600,0.017763,0.024619,0.036667,0.041480,0.062030,0.078508,0.070960,0.061934,0.033899,0.018918,0.012691,0.007285,-0.002810,-0.016021,-0.028536,-0.027181,-0.033307,-0.030026,-0.023990,-0.022190,-0.019787,-0.022378,-0.023537,-0.011415,-0.009694,-0.012767,-0.013192,-0.015481,-0.012911,-0.005907,-0.005999,-0.006434,-0.006903,-0.009336,-0.006067,-0.001584,0.000145,0.002148,-0.000594,0.006977,-0.000123,0.004059,0.001237,0.001829,-0.003506,-0.001261
0.001837,-0.000869,0.001622,0.003118,0.009750,0.005865,0.003767,0.003154,0.004275,0.005031,0.009834,0.012208,0.012754,0.014752,0.014484,0.021714,0.038697,0.046029,0.060060,0.060997,0.061934,0.091765,0.068048,0.043299,0.036429,0.032573,0.017565,-0.005754,-0.022290,-0.025323,-0.025116,-0.026398,-0.029426,-0.034065,-0.029468,-0.029582,-0.033043,-0.021925,-0.022568,-0.021172,-0.014959,-0.015919,-0.010141,-0.005198,-0.009200,-0.005794,-0.003076,-0.010779,-0.007085,-0.000565,-0.001006,0.000513,-0.005587,-0.000867,-0.011328,-0.006648,-0.008367,-0.004718,-0.011640,-0.002210
-0.004057,-0.005634,-0.001246,0.001126,0.006056,0.001840,0.004643,0.000516,-0.004176,-0.006033,-0.000161,0.009895,0.010246,0.009314,0.007593,0.011016,0.025688,0.033125,0.042123,0.035840,0.033899,0.068048,0.076931,0.060539,0.048014,0.041656,0.026379,0.007504,-0.009205,-0.017164,-0.013133,-0.013242,-0.021884,-0.030889,-0.029069,-0.029296,-0.036886,-0.028941,-0.028221,-0.025820,-0.016096,-0.013384,-0.009055,-0.006922,-0.014143,-0.009730,-0.004136,-0.013643,-0.008212,-0.003735,-0.002145,0.001841,-0.007787,-0.006491,-0.012873,-0.009792,-0.008935,-0.007142,-0.013201,-0.005433
-0.004416,-0.006172,-0.001049,-0.000284,0.002942,-0.001007,0.003856,-0.000228,-0.005579,-0.009005,-0.002827,0.009085,0.004913,0.005570,0.003062,0.003258,0.013464,0.018127,0.023705,0.015773,0.018918,0.043299,0.060539,0.063735,0.056113,0.048053,0.029327,0.015185,0.000794,-0.009536,-0.006503,-0.007622,-0.016340,-0.025244,-0.023390,-0.023767,-0.030610,-0.026999,-0.026410,-0.025520,-0.016395,-0.013007,-0.007447,-0.004787,-0.010638,-0.008027,-0.004027,-0.011537,-0.008517,-0.008419,-0.002730,-0.000270,-0.005354,-0.007482,-0.011227,-0.008253,-0.006267,-0.008734,-0.010414,-0.004869
-0.007534,-0.007764,-0.004904,-0.002486,0.002111,-0.004294,0.000957,-0.004142,-0.006120,-0.007982,-0.003203,0.008700,0.004375,0.000102,-0.003394,-0.004033,0.005527,0.009401,0.010012,0.005917,0.012691,0.036429,0.048014,0.056113,0.066527,0.066195,0.039849,0.023343,0.007922,-0.003421,-0.001256,-0.002116,-0.011660,-0.021088,-0.020194,-0.022300,-0.028966,-0.026470,-0.025465,-0.026902,-0.018511,-0.012789,-0.003513,-0.001051,-0.007648,-0.004898,-0.002069,-0.010405,-0.010881,-0.008824,-0.004540,-0.004111,-0.005850,-0.012748,-0.012379,-0.010110,-0.009391,-0.010390,-0.016823,-0.006840
-0.012481,-0.010908,-0.008046,-0.004685,0.001241,-0.007868,-0.005433,-0.007280,-0.003782,-0.004549,-0.003423,0.003961,0.002163,-0.004994,-0.008841,-0.012037,-0.007718,-0.004591,-0.000272,0.001422,0.007285,0.032573,0.041656,0.048053,0.066195,0.092105,0.065903,0.040424,0.016394,0.004107,0.003702,0.001300,-0.010927,-0.020860,-0.021025,-0.023978,-0.027334,-0.022675,-0.023014,-0.028469,-0.020496,-0.013781,-0.001181,0.001874,-0.002999,-0.002188,-0.002426,-0.009434,-0.013268,-0.011283,-0.005782,-0.003640,-0.008178,-0.014903,-0.015640,-0.013815,-0.016434,-0.012349,-0.022936,-0.009725
-0.011764,-0.009764,-0.007790,-0.005112,-0.003630,-0.009757,-0.009180,-0.010345,-0.004218,-0.004101,-0.003254,0.002086,-0.000022,-0.008682,-0.011730,-0.015509,-0.014078,-0.011920,-0.009658,-0.006991,-0.002810,0.017565,0.026379,0.029327,0.039849,0.065903,0.068582,0.054876,0.028965,0.011589,0.008577,0.002594,-0.010255,-0.018673,-0.017220,-0.017939,-0.020119,-0.015615,-0.018185,-0.026256,-0.021680,-0.014295,-0.000980,0.000350,-0.005024,-0.005763,-0.005236,-0.009472,-0.011586,-0.010315,-0.004776,-0.002937,-0.007948,-0.008805,-0.013370,-0.015302,-0.015374,-0.012620,-0.020528,-0.007913
-0.009787,-0.009822,-0.010082,-0.004214,-0.006767,-0.009341,-0.006480,-0.006708,-0.003379,-0.005995,-0.007650,-0.003393,-0.005933,-0.017338,-0.018903,-0.026304,-0.031228,-0.028722,-0.031360,-0.023585,-0.016021,-0.005754,0.007504,0.015185,0.023343,0.040424,0.054876,0.075217,0.058765,0.032418,0.020266,0.011110,-0.000538,-0.006536,-0.006742,-0.009643,-0.014001,-0.009112,-0.010072,-0.019559,-0.017734,-0.011957,0.001901,0.001591,-0.000736,-0.002745,-0.002241,-0.004326,-0.003753,-0.004913,-0.003445,-0.001389,-0.003727,-0.006197,-0.008837,-0.012517,-0.011947,-0.008946,-0.013759,-0.006267
-0.009107,-0.009698,-0.011108,-0.007023,-0.011075,-0.008723,-0.006158,-0.008480,-0.006178,-0.011363,-0.009879,-0.003596,-0.007773,-0.020782,-0.021004,-0.030491,-0.038688,-0.034791,-0.040890,-0.036839,-0.028536,-0.022290,-0.009205,0.000794,0.007922,0.016394,0.028965,0.058765,0.076645,0.052780,0.033834,0.020619,0.014071,0.008640,0.001185,-0.002557,-0.007629,-0.006568,-0.005783,-0.012640,-0.010332,-0.006625,0.002724,0.003164,0.002740,0.001908,0.004396,0.002469,0.001244,-0.002690,-0.002209,-0.003523,-0.004064,-0.010628,-0.008697,-0.010286,-0.011529,-0.008731,-0.010837,-0.005376
-0.003641,-0.005689,-0.007470,-0.005909,-0.011364,-0.007812,-0.004813,-0.004926,-0.000279,-0.003726,-0.006809,-0.009695,-0.014775,-0.017686,-0.016340,-0.022958,-0.031443,-0.031544,-0.039336,-0.034758,-0.027181,-0.025323,-0.017164,-0.009536,-0.003421,0.004107,0.011589,0.032418,0.052780,0.058091,0.042621,0.028642,0.022691,0.018338,0.012755,0.007787,0.004463,0.004629,0.003608,0.001683,0.002789,0.003174,0.007201,0.006804,0.012084,0.009401,0.007977,0.009215,0.007763,0.005242,-0.000080,-0.000321,-0.000910,-0.007115,-0.003833,-0.005104,-0.005226,-0.003075,-0.002852,-0.001277
-0.002301,-0.004111,-0.005448,-0.004565,-0.007095,-0.005603,-0.005382,-0.007017,-0.004170,-0.006017,-0.006787,-0.003555,-0.011638,-0.013950,-0.015505,-0.019930,-0.025493,-0.025042,-0.036291,-0.039545,-0.033307,-0.025116,-0.013133,-0.006503,-0.001256,0.003702,0.008577,0.020266,0.033834,0.042621,0.051801,0.045642,0.027940,0.020529,0.015796,0.010573,0.005839,0.004340,0.005417,0.008619,0.007991,0.008553,0.010879,0.008781,0.011612,0.010443,0.009111,0.010582,0.010409,0.008057,-0.001606,-0.001164,-0.000213,-0.006623,-0.001780,-0.006330,-0.004363,-0.001760,-0.001333,-0.000454
-0.002541,-0.001627,-0.004976,-0.003031,-0.005020,-0.005673,-0.003686,-0.005773,0.000159,-0.001881,-0.005500,-0.002707,-0.008725,-0.013378,-0.019231,-0.022497,-0.025865,-0.025638,-0.035316,-0.033040,-0.030026,-0.026398,-0.013242,-0.007622,-0.002116,0.001300,0.002594,0.011110,0.020619,0.028642,0.045642,0.061744,0.040575,0.031288,0.022103,0.017093,0.014684,0.011932,0.012086,0.013156,0.010840,0.010933,0.011089,0.012268,0.016879,0.012459,0.010003,0.012539,0.012351,0.010793,-0.001185,0.000357,-0.002284,-0.004395,0.003255,-0.001920,-0.004207,0.001910,0.001349,-0.000861
-0.003548,-0.002732,-0.004406,-0.002002,-0.004745,-0.004888,-0.002088,-0.004320,0.000509,-0.001185,-0.005924,-0.006269,-0.007589,-0.010989,-0.017623,-0.021708,-0.026306,-0.023952,-0.030002,-0.025006,-0.023990,-0.029426,-0.021884,-0.016340,-0.011660,-0.010927,-0.010255,-0.000538,0.014071,0.022691,0.027940,0.040575,0.044717,0.044599,0.031161,0.026741,0.026835,0.018784,0.018218,0.023075,0.018362,0.015819,0.010637,0.008557,0.013168,0.008202,0.005749,0.009891,0.007422,0.008239,0.000105,-0.001793,-0.001070,-0.001513,0.002802,0.001666,0.000666,0.002603,0.005928,0.000035
-0.003393,0.000739,-0.002133,-0.000489,-0.002042,0.000737,-0.001439,-0.004609,-0.000936,-0.002923,-0.006134,-0.011428,-0.013710,-0.013780,-0.019216,-0.023005,-0.030552,-0.029753,-0.032590,-0.022081,-0.022190,-0.034065,-0.030889,-0.025244,-0.021088,-0.020860,-0.018673,-0.006536,0.008640,0.018338,0.020529,0.031288,0.044599,0.070484,0.058784,0.046952,0.044328,0.030684,0.027837,0.034314,0.027468,0.020289,0.013251,0.009625,0.018269,0.011043,0.005497,0.004895,0.002788,0.009707,0.000917,-0.002064,0.002247,0.001749,0.005765,0.006257,0.005607,0.005732,0.012755,0.002925
0.000396,0.003745,0.000112,0.000636,-0.002941,-0.000984,-0.001227,-0.002812,-0.001238,-0.005502,-0.009610,-0.019900,-0.022567,-0.015212,-0.014274,-0.015226,-0.019283,-0.021023,-0.028665,-0.025556,-0.019787,-0.029468,-0.029069,-0.023390,-0.020194,-0.021025,-0.017220,-0.006742,0.001185,0.012755,0.015796,0.022103,0.031161,0.058784,0.070508,0.062852,0.058334,0.036568,0.027575,0.032958,0.027653,0.019296,0.013370,0.010239,0.018990,0.011599,0.004884,0.003424,0.002788,0.009443,0.001168,-0.001678,0.001760,0.004909,0.005364,0.005497,0.007877,0.007098,0.015701,0.006036
0.001264,0.003697,0.000602,0.000569,-0.005051,-0.000330,-0.000791,0.000989,0.000361,-0.003284,-0.009176,-0.017807,-0.018248,-0.012031,-0.011214,-0.011521,-0.015669,-0.018005,-0.027598,-0.027346,-0.022378,-0.029582,-0.029296,-0.023767,-0.022300,-0.023978,-0.017939,-0.009643,-0.002557,0.007787,0.010573,0.017093,0.026741,0.046952,0.062852,0.073076,0.075552,0.042848,0.030158,0.034519,0.027346,0.021530,0.015935,0.011269,0.017924,0.010379,0.003968,0.007583,0.006655,0.008188,0.002469,-0.000685,0.000494,0.006262,0.003952,0.003312,0.009377,0.007278,0.016265,0.005650
0.004736,0.007296,0.004351,0.001721,-0.004794,-0.000786,-0.002573,0.002518,0.001570,0.000503,-0.009390,-0.017099,-0.015355,-0.010708,-0.011201,-0.010523,-0.015613,-0.018563,-0.027953,-0.027014,-0.023537,-0.033043,-0.036886,-0.030610,-0.028966,-0.027334,-0.020119,-0.014001,-0.007629,0.004463,0.005839,0.014684,0.026835,0.044328,0.058334,0.075552,0.100953,0.056606,0.037356,0.040637,0.031987,0.024184,0.016087,0.012732,0.024801,0.014942,0.004697,0.011866,0.010119,0.006811,0.002501,-0.000489,0.000189,0.008321,0.006489,0.007506,0.010482,0.007496,0.016452,0.006020
0.004113,0.006305,0.003238,0.000927,-0.002511,-0.000339,-0.000038,0.002845,0.002715,0.002605,-0.006455,-0.015263,-0.009907,-0.007145,-0.008320,-0.008864,-0.014276,-0.016086,-0.018868,-0.012108,-0.011415,-0.021925,-0.028941,-0.026999,-0.026470,-0.022675,-0.015615,-0.009112,-0.006568,0.004629,0.004340,0.011932,0.018784,0.030684,0.036568,0.042848,0.056606,0.047901,0.038037,0.034826,0.024031,0.017339,0.012597,0.011027,0.021995,0.015317,0.006957,0.012148,0.010490,0.012748,0.003770,0.003468,0.004129,0.011444,0.010013,0.011154,0.007149,0.007888,0.013464,0.006752
0.004885,0.005467,0.002573,0.000859,-0.000125,0.003344,0.001469,0.004645,0.003565,0.005163,-0.001900,-0.008522,-0.003209,-0.004020,-0.007137,-0.008798,-0.015391,-0.015157,-0.012814,-0.006546,-0.009694,-0.022568,-0.028221,-0.026410,-0.025465,-0.023014,-0.018185,-0.010072,-0.005783,0.003608,0.005417,0.012086,0.018218,0.027837,0.027575,0.030158,0.037356,0.038037,0.045200,0.043616,0.025466,0.019319,0.016262,0.013122,0.023647,0.017242,0.011349,0.015459,0.013328,0.015527,0.003868,0.003372,0.003101,0.011721,0.012521,0.010815,0.007010,0.010366,0.013661,0.006499
0.003598,0.002692,0.002243,0.000949,0.000037,0.004447,0.003988,0.006980,-0.000924,0.006323,0.000013,-0.003016,-0.001337,-0.000760,-0.006308,-0.006379,-0.012412,-0.009339,-0.012496,-0.012745,-0.012767,-0.021172,-0.025820,-0.025520,-0.026902,-0.028469,-0.026256,-0.019559,-0.012640,0.001683,0.008619,0.013156,0.023075,0.034314,0.032958,0.034519,0.040637,0.034826,0.043616,0.070984,0.045966,0.032469,0.025610,0.015877,0.027286,0.019857,0.015971,0.021723,0.021100,0.019961,0.004517,0.003664,0.004201,0.012908,0.010399,0.007079,0.008191,0.010826,0.015584,0.008540
0.003982,0.004280,0.005029,0.004738,0.005725,0.003805,0.002851,0.003288,-0.002445,0.000194,-0.001748,-0.001081,0.001773,0.001223,-0.002452,-0.003700,-0.008181,-0.008948,-0.013926,-0.017334,-0.013192,-0.014959,-0.016096,-0.016395,-0.018511,-0.020496,-0.021680,-0.017734,-0.010332,0.002789,0.007991,0.010840,0.018362,0.027468,0.027653,0.027346,0.031987,0.024031,0.025466,0.045966,0.053463,0.043288,0.024819,0.012417,0.025792,0.021570,0.019334,0.023830,0.023332,0.019764,0.006329,0.007346,0.008642,0.013877,0.010141,0.009437,0.008734,0.009844,0.020449,0.009633
0.005638,0.006440,0.006748,0.005178,0.007851,0.003039,0.000643,0.001471,-0.004037,-0.002565,-0.002401,0.000733,0.005628,0.001828,-0.001601,-0.004773,-0.007628,-0.010200,-0.013333,-0.016825,-0.015481,-0.015919,-0.013384,-0.013007,-0.012789,-0.013781,-0.014295,-0.011957,-0.006625,0.003174,0.008553,0.010933,0.015819,0.020289,0.019296,0.021530,0.024184,0.017339,0.019319,0.032469,0.043288,0.053255,0.033588,0.016073,0.026633,0.022110,0.018182,0.023532,0.020654,0.014538,0.006690,0.008282,0.008354,0.008328,0.008858,0.008886,0.009878,0.009503,0.018032,0.008848
0.004325,0.003642,0.002827,0.001465,0.003565,0.000625,-0.000154,0.002453,-0.000751,0.002848,0.000063,0.002859,0.003443,-0.002002,-0.007032,-0.010814,-0.015996,-0.016465,-0.017147,-0.017665,-0.012911,-0.010141,-0.009055,-0.007447,-0.003513,-0.001181,-0.000980,0.001901,0.002724,0.007201,0.010879,0.011089,0.010637,0.013251,0.013370,0.015935,0.016087,0.012597,0.016262,0.025610,0.024819,0.033588,0.039985,0.023113,0.027763,0.020724,0.015511,0.018120,0.016074,0.013746,0.004181,0.005415,0.006367,0.003149,0.002516,0.004280,0.004824,0.006929,0.009826,0.005755
0.002914,0.002200,0.001673,-0.000082,0.002009,0.002771,0.003419,0.004536,0.006061,0.008270,0.005399,0.004809,0.002398,0.000142,-0.004200,-0.005550,-0.008121,-0.010579,-0.007487,-0.009326,-0.005907,-0.005198,-0.006922,-0.004787,-0.001051,0.001874,0.000350,0.001591,0.003164,0.006804,0.008781,0.012268,0.008557,0.009625,0.010239,0.011269,0.012732,0.011027,0.013122,0.015877,0.012417,0.016073,0.023113,0.025959,0.031844,0.019109,0.014067,0.015307,0.012679,0.008577,0.002688,0.001703,0.001989,0.001263,0.002170,0.004400,0.002900,0.003528,0.006718,0.003220
0.010801,0.010063,0.008458,0.003346,0.004743,0.008908,0.007776,0.014089,0.014866,0.015489,0.010482,0.002331,0.002264,0.001529,-0.003786,-0.006848,-0.012723,-0.020595,-0.015505,-0.009113,-0.005999,-0.009200,-0.014143,-0.010638,-0.007648,-0.002999,-0.005024,-0.000736,0.002740,0.012084,0.011612,0.016879,0.013168,0.018269,0.018990,0.017924,0.024801,0.021995,0.023647,0.027286,0.025792,0.026633,0.027763,0.031844,0.062223,0.041299,0.030374,0.032730,0.030338,0.022501,0.006765,0.005095,0.004814,0.003941,0.009297,0.010592,0.008861,0.009026,0.014338,0.006619
0.010484,0.008217,0.006294,0.002983,0.004473,0.004218,0.004738,0.008809,0.007921,0.010097,0.006049,0.001237,0.002620,-0.001276,-0.002927,-0.005189,-0.011364,-0.016820,-0.013734,-0.008926,-0.006434,-0.005794,-0.009730,-0.008027,-0.004898,-0.002188,-0.005763,-0.002745,0.001908,0.009401,0.010443,0.012459,0.008202,0.011043,0.011599,0.010379,0.014942,0.015317,0.017242,0.019857,0.021570,0.022110,0.020724,0.019109,0.041299,0.040823,0.031118,0.028380,0.026621,0.025746,0.007144,0.006765,0.006176,0.003635,0.008274,0.008110,0.008972,0.009063,0.010465,0.005635
0.005472,0.003625,0.003635,0.001409,0.003877,0.003498,0.006953,0.006167,0.004580,0.007021,0.002917,0.000684,0.001235,-0.002278,-0.002899,-0.004430,-0.008090,-0.010802,-0.009006,-0.010618,-0.006903,-0.003076,-0.004136,-0.004027,-0.002069,-0.002426,-0.005236,-0.002241,0.004396,0.007977,0.009111,0.010003,0.005749,0.005497,0.004884,0.003968,0.004697,0.006957,0.011349,0.015971,0.019334,0.018182,0.015511,0.014067,0.030374,0.031118,0.035502,0.032486,0.029752,0.026145,0.007187,0.004414,0.003253,0.002001,0.003104,0.004850,0.005700,0.006036,0.006940,0.003382
0.006930,0.005005,0.007210,0.003095,0.004220,0.006040,0.008125,0.012481,0.011994,0.013331,0.005851,0.001299,0.001396,-0.000097,-0.004674,-0.007199,-0.014870,-0.015816,-0.015914,-0.016807,-0.009336,-0.010779,-0.013643,-0.011537,-0.010405,-0.009434,-0.009472,-0.004326,0.002469,0.009215,0.010582,0.012539,0.009891,0.004895,0.003424,0.007583,0.011866,0.012148,0.015459,0.021723,0.023830,0.023532,0.018120,0.015307,0.032730,0.028380,0.032486,0.052174,0.043834,0.024589,0.008990,0.006403,0.004255,0.009629,0.006030,0.008900,0.010812,0.010934,0.012790,0.004776
0.008002,0.007977,0.006852,0.003824,0.004176,0.007152,0.008915,0.011736,0.008496,0.009702,0.004110,0.000072,0.000608,0.000863,-0.001278,-0.001988,-0.008076,-0.010315,-0.009329,-0.011197,-0.006067,-0.007085,-0.008212,-0.008517,-0.010881,-0.013268,-0.011586,-0.003753,0.001244,0.007763,0.010409,0.012351,0.007422,0.002788,0.002788,0.006655,0.010119,0.010490,0.013328,0.021100,0.023332,0.020654,0.016074,0.012679,0.030338,0.026621,0.029752,0.043834,0.050576,0.029175,0.008379,0.006505,0.005636,0.007732,0.006592,0.006363,0.011055,0.012255,0.012152,0.003341
0.005159,0.005259,0.001384,0.001308,0.001147,0.000205,0.007327,0.007206,0.005948,0.007084,-0.002283,-0.006809,0.000991,-0.000282,-0.001310,-0.000686,-0.004744,-0.006325,-0.004967,-0.000955,-0.001584,-0.000565,-0.003735,-0.008419,-0.008824,-0.011283,-0.010315,-0.004913,-0.002690,0.005242,0.008057,0.010793,0.008239,0.009707,0.009443,0.008188,0.006811,0.012748,0.015527,0.019961,0.019764,0.014538,0.013746,0.008577,0.022501,0.025746,0.026145,0.024589,0.029175,0.046463,0.007390,0.006532,0.007303,0.010137,0.007445,0.008420,0.008220,0.010432,0.008791,0.003987
0.003260,0.003850,0.004085,0.002923,0.002766,0.004038,0.003953,0.005897,0.004221,0.003812,0.002720,0.000677,0.004221,0.003118,0.003518,0.002973,0.000563,-0.001886,0.000268,0.000578,0.000145,-0.001006,-0.002145,-0.002730,-0.004540,-0.005782,-0.004776,-0.003445,-0.002209,-0.000080,-0.001606,-0.001185,0.000105,0.000917,0.001168,0.002469,0.002501,0.003770,0.003868,0.004517,0.006329,0.006690,0.004181,0.002688,0.006765,0.007144,0.007187,0.008990,0.008379,0.007390,0.009072,0.006776,0.004709,0.007748,0.003442,0.005246,0.005176,0.003930,0.006868,0.004090
0.004779,0.006587,0.005778,0.004611,0.005573,0.007330,0.002695,0.006110,0.003491,0.003395,0.003441,0.001507,0.006156,0.004327,0.004134,0.004280,0.001411,0.000502,0.005550,0.006060,0.002148,0.000513,0.001841,-0.000270,-0.004111,-0.003640,-0.002937,-0.001389,-0.003523,-0.000321,-0.001164,0.000357,-0.001793,-0.002064,-0.001678,-0.000685,-0.000489,0.003468,0.003372,0.003664,0.007346,0.008282,0.005415,0.001703,0.005095,0.006765,0.004414,0.006403,0.006505,0.006532,0.006776,0.022494,0.013786,0.011791,0.008331,0.006948,0.004054,0.005685,0.007566,0.002570
0.008270,0.008807,0.006633,0.005047,0.010305,0.007613,0.001449,0.000007,-0.002496,-0.002218,-0.002154,0.000153,0.001346,0.005614,0.002984,0.004537,0.001214,-0.001053,0.003778,0.004825,-0.000594,-0.005587,-0.007787,-0.005354,-0.005850,-0.008178,-0.007948,-0.003727,-0.004064,-0.000910,-0.000213,-0.002284,-0.001070,0.002247,0.001760,0.000494,0.000189,0.004129,0.003101,0.004201,0.008642,0.008354,0.006367,0.001989,0.004814,0.006176,0.003253,0.004255,0.005636,0.007303,0.004709,0.013786,0.040328,0.015863,0.008894,0.014705,0.011878,0.010193,0.014329,0.006078
0.004321,0.010277,0.012257,0.008143,0.004696,0.008099,0.003601,0.007390,0.008502,0.005637,0.002135,-0.000478,0.007110,0.009648,0.004793,0.004938,0.001479,0.001357,0.002522,0.006112,0.006977,-0.000867,-0.006491,-0.007482,-0.012748,-0.014903,-0.008805,-0.006197,-0.010628,-0.007115,-0.006623,-0.004395,-0.001513,0.001749,0.004909,0.006262,0.008321,0.011444,0.011721,0.012908,0.013877,0.008328,0.003149,0.001263,0.003941,0.003635,0.002001,0.009629,0.007732,0.010137,0.007748,0.011791,0.015863,0.062065,0.017851,0.016483,0.016136,0.014905,0.020722,0.007550
0.008119,0.009945,0.008110,0.004800,0.004267,0.006396,0.003716,0.004216,0.001557,0.001931,0.004312,0.005047,0.011678,0.007813,0.004439,0.006102,0.006393,0.002120,-0.000061,0.003510,-0.000123,-0.011328,-0.012873,-0.011227,-0.012379,-0.015640,-0.013370,-0.008837,-0.008697,-0.003833,-0.001780,0.003255,0.002802,0.005765,0.005364,0.003952,0.006489,0.010013,0.012521,0.010399,0.010141,0.008858,0.002516,0.002170,0.009297,0.008274,0.003104,0.006030,0.006592,0.007445,0.003442,0.008331,0.008894,0.017851,0.031114,0.015600,0.013135,0.012858,0.017018,0.005301
0.011167,0.010627,0.009763,0.007128,0.008119,0.007941,0.008244,0.010576,0.006774,0.003958,0.001862,0.004670,0.009724,0.011615,0.007729,0.007927,0.004229,0.001244,0.003583,0.007608,0.004059,-0.006648,-0.009792,-0.008253,-0.010110,-0.013815,-0.015302,-0.012517,-0.010286,-0.005104,-0.006330,-0.001920,0.001666,0.006257,0.005497,0.003312,0.007506,0.011154,0.010815,0.007079,0.009437,0.008886,0.004280,0.004400,0.010592,0.008110,0.004850,0.008900,0.006363,0.008420,0.005246,0.006948,0.014705,0.016483,0.015600,0.033881,0.017646,0.013553,0.017604,0.008453
0.014764,0.009801,0.012747,0.008238,0.008585,0.008778,0.009401,0.012171,0.009793,0.008509,0.004908,0.003717,0.006801,0.011604,0.008688,0.009835,0.011187,0.004404,0.001832,0.001946,0.001237,-0.008367,-0.008935,-0.006267,-0.009391,-0.016434,-0.015374,-0.011947,-0.011529,-0.005226,-0.004363,-0.004207,0.000666,0.005607,0.007877,0.009377,0.010482,0.007149,0.007010,0.008191,0.008734,0.009878,0.004824,0.002900,0.008861,0.008972,0.005700,0.010812,0.011055,0.008220,0.005176,0.004054,0.011878,0.016136,0.013135,0.017646,0.037805,0.017815,0.018901,0.007781
0.010237,0.008952,0.007651,0.005249,0.006434,0.006622,0.005264,0.008763,0.007078,0.005891,0.002492,-0.002393,0.001866,0.005391,0.002988,0.003559,0.001362,-0.000571,0.001571,0.003350,0.001829,-0.004718,-0.007142,-0.008734,-0.010390,-0.012349,-0.012620,-0.008946,-0.008731,-0.003075,-0.001760,0.001910,0.002603,0.005732,0.007098,0.007278,0.007496,0.007888,0.010366,0.010826,0.009844,0.009503,0.006929,0.003528,0.009026,0.009063,0.006036,0.010934,0.012255,0.010432,0.003930,0.005685,0.010193,0.014905,0.012858,0.013553,0.017815,0.022300,0.018878,0.006418
0.012955,0.009436,0.012584,0.009674,0.008955,0.010358,0.005826,0.010063,0.006451,0.005344,0.004958,-0.001697,0.003342,0.011063,0.006204,0.006595,0.002672,-0.002847,-0.003504,-0.005329,-0.003506,-0.011640,-0.013201,-0.010414,-0.016823,-0.022936,-0.020528,-0.013759,-0.010837,-0.002852,-0.001333,0.001349,0.005928,0.012755,0.015701,0.016265,0.016452,0.013464,0.013661,0.015584,0.020449,0.018032,0.009826,0.006718,0.014338,0.010465,0.006940,0.012790,0.012152,0.008791,0.006868,0.007566,0.014329,0.020722,0.017018,0.017604,0.018901,0.018878,0.044789,0.016032
0.007229,0.005030,0.005345,0.004126,0.003976,0.005309,0.004565,0.003121,0.001054,0.002159,0.002511,0.001844,0.000512,0.004220,0.003801,0.003870,0.001972,0.000844,-0.003079,-0.003359,-0.001261,-0.002210,-0.005433,-0.004869,-0.006840,-0.009725,-0.007913,-0.006267,-0.005376,-0.001277,-0.000454,-0.000861,0.000035,0.002925,0.006036,0.005650,0.006020,0.006752,0.006499,0.008540,0.009633,0.008848,0.005755,0.003220,0.006619,0.005635,0.003382,0.004776,0.003341,0.003987,0.004090,0.002570,0.006078,0.007550,0.005301,0.008453,0.007781,0.006418,0.016032,0.014896
