0.034097,0.021446,0.015562,0.010157,0.010143,0.012156,0.009123,0.011141,0.011257,0.012372,0.011061,0.006706,0.008633,0.008966,0.008582,0.007816,0.004181,0.001545,-0.003634,0.001576,-0.000678,-0.006062,-0.008679,-0.009894,-0.013469,-0.018003,-0.012486,-0.007081,-0.006730,-0.000758,0.001991,0.001216,-0.001354,-0.003097,0.001732,0.004568,0.009657,0.007318,0.006597,0.008344,0.008078,0.010311,0.007833,0.003974,0.011090,0.009025,0.006348,0.010793,0.011305,0.008679,0.003077,0.009659,0.009129,0.006377,0.007328,0.008873,0.011041,0.010556,0.013197,0.008392
0.021446,0.027090,0.018464,0.011048,0.011527,0.013440,0.007969,0.008899,0.008905,0.008962,0.009286,0.005613,0.011991,0.009510,0.008985,0.009289,0.007428,0.004468,0.003256,0.005727,0.001105,-0.004006,-0.006382,-0.006882,-0.010459,-0.014799,-0.010355,-0.008607,-0.010241,-0.005663,-0.000666,-0.000882,-0.004446,-0.003150,0.002707,0.005831,0.009166,0.006008,0.005359,0.005578,0.005339,0.007044,0.003904,0.001826,0.007874,0.005445,0.003516,0.006677,0.007826,0.005594,0.003125,0.010947,0.010852,0.011831,0.009863,0.007445,0.007309,0.007828,0.010019,0.005956
0.015562,0.018464,0.020422,0.012469,0.011765,0.010364,0.005873,0.006257,0.007652,0.009339,0.009475,0.005871,0.008766,0.007866,0.006047,0.005668,0.005864,0.004299,0.003116,0.002022,-0.001104,-0.004135,-0.005027,-0.005117,-0.008833,-0.013721,-0.009932,-0.008328,-0.008717,-0.004844,-0.001620,-0.003401,-0.004496,-0.003271,0.000535,0.004115,0.008697,0.004535,0.003970,0.006195,0.005663,0.006032,0.002956,0.001573,0.005814,0.003859,0.003901,0.008086,0.006561,0.001446,0.002003,0.008160,0.008475,0.010089,0.007746,0.006316,0.010335,0.007301,0.011978,0.006586
0.010157,0.011048,0.012469,0.013838,0.013821,0.008685,0.005903,0.004005,0.004908,0.007054,0.007174,0.003958,0.007276,0.006667,0.005164,0.005424,0.006329,0.005844,0.005824,0.004267,0.001437,-0.000964,-0.001471,-0.003545,-0.006745,-0.011196,-0.008679,-0.007414,-0.009651,-0.007479,-0.004648,-0.004716,-0.004282,-0.004247,-0.000688,0.001412,0.003720,0.001429,0.001987,0.003376,0.003316,0.001868,-0.000424,-0.001301,0.000701,0.000531,0.001752,0.003272,0.003885,0.001768,0.001403,0.006231,0.006643,0.007111,0.006651,0.004811,0.007727,0.006987,0.010128,0.005664
0.010143,0.011527,0.011765,0.013821,0.028878,0.023237,0.014291,0.006972,0.008241,0.009240,0.009408,0.008116,0.016976,0.017083,0.013572,0.015986,0.018950,0.015478,0.019969,0.014719,0.008631,0.008178,0.002786,-0.001523,-0.005185,-0.006985,-0.007660,-0.010325,-0.012823,-0.010668,-0.007908,-0.008286,-0.008029,-0.007205,-0.003499,-0.003206,-0.004752,-0.001302,0.001878,0.002771,0.004223,0.003821,0.000918,0.001767,0.005066,0.002511,0.003873,0.005088,0.004437,0.002849,0.003916,0.009405,0.011229,0.007726,0.007595,0.007066,0.006366,0.007945,0.013020,0.006908
0.012156,0.013440,0.010364,0.008685,0.023237,0.046233,0.028132,0.020955,0.017766,0.018636,0.018959,0.017993,0.025716,0.022064,0.018218,0.019403,0.015961,0.009319,0.013527,0.016066,0.010789,0.010710,0.001977,-0.002498,-0.005958,-0.004443,-0.004740,-0.004454,-0.007171,-0.004181,-0.000592,-0.003842,-0.008164,-0.006481,-0.003335,-0.003085,-0.007122,-0.002669,0.002864,0.007222,0.005106,0.004305,0.002059,0.004286,0.011922,0.004666,0.004548,0.007456,0.009558,0.004649,0.004533,0.011652,0.010468,0.009837,0.006075,0.006810,0.005981,0.007781,0.010267,0.004342
0.009123,0.007969,0.005873,0.005903,0.014291,0.028132,0.036159,0.024870,0.017313,0.015703,0.016851,0.013886,0.020172,0.018612,0.015673,0.014605,0.012869,0.009670,0.008196,0.010259,0.007738,0.007968,0.005781,0.005432,0.002649,-0.000198,-0.002575,-0.000033,-0.002866,-0.001170,-0.000584,-0.003495,-0.006583,-0.008309,-0.004873,-0.005942,-0.011869,-0.004767,-0.002141,0.001357,0.001245,0.000336,0.000150,0.002882,0.006784,0.002320,0.004862,0.006842,0.007521,0.004386,0.003551,0.005978,0.003654,0.004058,0.006365,0.005124,0.007715,0.005985,0.005796,0.002795
0.011141,0.008899,0.006257,0.004005,0.006972,0.020955,0.024870,0.045201,0.032966,0.029328,0.028457,0.017510,0.019299,0.017627,0.014249,0.012346,0.007096,0.001964,0.000846,0.009441,0.009730,0.007615,0.001837,0.000473,-0.002273,-0.001091,-0.002651,0.001555,-0.002951,0.002199,0.001466,-0.001196,-0.005576,-0.007444,-0.003714,-0.002232,-0.002825,0.001273,0.003306,0.007775,0.003596,0.000654,0.003166,0.005878,0.014721,0.006657,0.004903,0.009294,0.009193,0.005363,0.003812,0.006967,0.001756,0.002601,0.008440,0.007426,0.008403,0.007764,0.006838,0.000605
0.011257,0.008905,0.007652,0.004908,0.008241,0.017766,0.017313,0.032966,0.045135,0.041375,0.034572,0.021370,0.022364,0.016862,0.011618,0.009622,0.007259,0.002445,0.004886,0.015816,0.012106,0.004959,-0.004272,-0.005353,-0.004099,-0.001273,0.000179,0.003428,-0.001518,0.004613,0.002211,0.001979,-0.002410,-0.004835,-0.004280,-0.003328,-0.000329,0.003389,0.004618,0.004877,0.000221,-0.001068,0.001683,0.007579,0.017472,0.008116,0.005361,0.011794,0.009071,0.004472,0.002896,0.004773,-0.000285,0.002193,0.003974,0.002383,0.004819,0.006127,0.002739,-0.000064
0.012372,0.008962,0.009339,0.007054,0.009240,0.018636,0.015703,0.029328,0.041375,0.054413,0.043319,0.028256,0.028590,0.019768,0.013233,0.012698,0.010321,0.005705,0.007175,0.015992,0.011241,0.009058,-0.003450,-0.008583,-0.006382,-0.002663,0.000505,0.000280,-0.008437,-0.001667,-0.000914,0.000490,-0.004403,-0.008588,-0.007995,-0.005528,-0.000495,0.002301,0.005740,0.011076,0.002474,-0.000003,0.004477,0.010245,0.018689,0.008775,0.007472,0.014413,0.014352,0.007220,0.003831,0.005402,-0.000033,0.003042,0.006021,0.002848,0.006460,0.006264,0.005319,0.002085
0.011061,0.009286,0.009475,0.007174,0.009408,0.018959,0.016851,0.028457,0.034572,0.043319,0.057104,0.045219,0.041127,0.023539,0.015955,0.014690,0.015495,0.013919,0.016236,0.022366,0.016042,0.011548,-0.001005,-0.004559,-0.004406,-0.004445,-0.002418,-0.004638,-0.007967,-0.004089,-0.003837,-0.004398,-0.007081,-0.008744,-0.011421,-0.012424,-0.012659,-0.003738,0.001801,0.005518,-0.000061,0.000559,0.003137,0.005887,0.013871,0.005465,0.004067,0.010366,0.010916,0.000672,0.004069,0.007152,-0.000660,0.001032,0.008963,0.000350,0.001133,0.004813,0.003465,0.000516
0.006706,0.005613,0.005871,0.003958,0.008116,0.017993,0.013886,0.017510,0.021370,0.028256,0.045219,0.069114,0.056373,0.022457,0.012501,0.010551,0.015139,0.017018,0.019558,0.023150,0.017059,0.012901,0.001903,-0.002287,-0.001673,-0.004388,-0.003493,-0.004927,-0.004719,-0.007092,-0.003709,-0.000857,-0.004656,-0.007464,-0.015398,-0.017407,-0.017643,-0.006291,0.001962,0.003538,0.001972,0.006225,0.006129,0.005334,0.010501,0.005214,0.003646,0.007441,0.007826,-0.001766,0.002302,0.004463,0.001464,0.002054,0.006912,0.004053,-0.000267,-0.000779,-0.001261,-0.000388
0.008633,0.011991,0.008766,0.007276,0.016976,0.025716,0.020172,0.019299,0.022364,0.028590,0.041127,0.056373,0.077291,0.041679,0.027855,0.025752,0.030789,0.025258,0.028581,0.031432,0.019384,0.014531,0.004670,-0.002036,-0.004726,-0.007422,-0.009093,-0.011376,-0.009972,-0.010543,-0.006648,-0.006031,-0.008536,-0.011871,-0.018826,-0.020213,-0.020172,-0.007304,0.001422,0.002942,0.002438,0.006809,0.004038,0.002997,0.009999,0.005262,0.003194,0.006464,0.008560,0.004655,0.005801,0.009567,0.003414,0.009740,0.018341,0.008065,0.004096,0.005615,0.006582,-0.000941
0.008966,0.009510,0.007866,0.006667,0.017083,0.022064,0.018612,0.017627,0.016862,0.019768,0.023539,0.022457,0.041679,0.052269,0.041003,0.039858,0.042526,0.033242,0.031539,0.030185,0.021927,0.019960,0.009980,0.003046,-0.004136,-0.008789,-0.015017,-0.022924,-0.023412,-0.015912,-0.012125,-0.014853,-0.013897,-0.015749,-0.015166,-0.013537,-0.014277,-0.006226,-0.002172,0.001516,-0.000491,-0.001435,-0.004668,-0.002389,0.002501,-0.001062,-0.001341,0.001501,0.005032,0.003873,0.003679,0.006474,0.005650,0.009560,0.016435,0.009162,0.007804,0.009009,0.010855,0.002866
0.008582,0.008985,0.006047,0.005164,0.013572,0.018218,0.015673,0.014249,0.011618,0.013233,0.015955,0.012501,0.027855,0.041003,0.043703,0.045149,0.047475,0.037755,0.033494,0.027331,0.019188,0.015767,0.005010,-0.001941,-0.008146,-0.013309,-0.017734,-0.024501,-0.024253,-0.015670,-0.012307,-0.016797,-0.017224,-0.017895,-0.012850,-0.011081,-0.011096,-0.006416,-0.007089,-0.005349,-0.004294,-0.005538,-0.010046,-0.007374,-0.006923,-0.005919,-0.003147,-0.004710,-0.000105,-0.000354,0.002171,0.005517,0.003275,0.006079,0.011136,0.006270,0.006016,0.006114,0.006590,0.002375
0.007816,0.009289,0.005668,0.005424,0.015986,0.019403,0.014605,0.012346,0.009622,0.012698,0.014690,0.010551,0.025752,0.039858,0.045149,0.057284,0.066253,0.053805,0.048885,0.035575,0.025409,0.021864,0.007311,-0.002770,-0.009190,-0.017654,-0.023132,-0.033657,-0.036461,-0.023608,-0.017242,-0.017488,-0.018707,-0.018870,-0.009812,-0.007974,-0.007185,-0.004267,-0.007514,-0.004336,-0.004198,-0.007821,-0.013380,-0.007335,-0.006622,-0.005829,-0.003646,-0.005991,-0.000748,0.000321,0.001175,0.004639,0.004451,0.008433,0.013396,0.007138,0.006992,0.006513,0.008532,0.002635
0.004181,0.007428,0.005864,0.006329,0.018950,0.015961,0.012869,0.007096,0.007259,0.010321,0.015495,0.015139,0.030789,0.042526,0.047475,0.066253,0.096368,0.084074,0.077698,0.054608,0.040585,0.039732,0.021217,0.004041,-0.004657,-0.018717,-0.026596,-0.044789,-0.049138,-0.034820,-0.025659,-0.021880,-0.021323,-0.024110,-0.012210,-0.010309,-0.008512,-0.005685,-0.011956,-0.009181,-0.008413,-0.009750,-0.019479,-0.010361,-0.010251,-0.009517,-0.005296,-0.010479,-0.004110,0.000087,-0.001100,0.001343,0.001846,0.009211,0.014685,0.004106,0.007001,0.005427,0.005157,0.001416
0.001545,0.004468,0.004299,0.005844,0.015478,0.009319,0.009670,0.001964,0.002445,0.005705,0.013919,0.017018,0.025258,0.033242,0.037755,0.053805,0.084074,0.087868,0.088511,0.062985,0.046079,0.045217,0.027977,0.010688,0.001401,-0.016086,-0.024593,-0.042332,-0.044269,-0.034054,-0.026314,-0.022114,-0.018497,-0.022612,-0.014767,-0.014065,-0.009901,-0.005716,-0.011608,-0.011582,-0.010516,-0.012305,-0.020685,-0.012054,-0.017214,-0.014866,-0.006249,-0.010973,-0.004375,-0.000906,-0.002989,-0.000588,-0.000398,0.007850,0.011725,0.002512,0.003330,0.004913,0.000816,0.000455
-0.003634,0.003256,0.003116,0.005824,0.019969,0.013527,0.008196,0.000846,0.004886,0.007175,0.016236,0.019558,0.028581,0.031539,0.033494,0.048885,0.077698,0.088511,0.124430,0.095757,0.065484,0.060255,0.037323,0.016092,0.003420,-0.015675,-0.026699,-0.045491,-0.045718,-0.038937,-0.037698,-0.030834,-0.020837,-0.020972,-0.018429,-0.018856,-0.015810,-0.007541,-0.007524,-0.010028,-0.013484,-0.015173,-0.021272,-0.007879,-0.012177,-0.014268,-0.006587,-0.011599,-0.002885,-0.000336,-0.000941,0.004204,0.003985,0.011772,0.011919,0.006179,0.002187,0.008562,0.001896,-0.002007
0.001576,0.005727,0.002022,0.004267,0.014719,0.016066,0.010259,0.009441,0.015816,0.015992,0.022366,0.023150,0.031432,0.030185,0.027331,0.035575,0.054608,0.062985,0.095757,0.110684,0.077082,0.062967,0.033760,0.010110,0.001097,-0.007656,-0.017631,-0.032990,-0.037557,-0.030278,-0.034947,-0.026572,-0.017999,-0.016567,-0.020611,-0.021727,-0.018546,-0.005627,-0.001834,-0.009215,-0.016535,-0.017459,-0.017209,-0.006643,-0.006586,-0.012563,-0.011160,-0.015737,-0.005503,0.001949,-0.000558,0.004819,0.003934,0.011888,0.011492,0.007096,-0.000337,0.007079,-0.002630,-0.003974
-0.000678,0.001105,-0.001104,0.001437,0.008631,0.010789,0.007738,0.009730,0.012106,0.011241,0.016042,0.017059,0.019384,0.021927,0.019188,0.025409,0.040585,0.046079,0.065484,0.077082,0.069996,0.063965,0.033733,0.016090,0.009891,0.002684,-0.010679,-0.023346,-0.028458,-0.025616,-0.028926,-0.023646,-0.017692,-0.017803,-0.018006,-0.018194,-0.016339,-0.008112,-0.004957,-0.009195,-0.014831,-0.015368,-0.011539,-0.003346,-0.004092,-0.008191,-0.007221,-0.010530,-0.004028,-0.000232,-0.000459,0.001119,-0.001095,0.007266,0.005063,0.003265,-0.001737,0.004184,-0.004728,-0.003993
-0.006062,-0.004006,-0.004135,-0.000964,0.008178,0.010710,0.007968,0.007615,0.004959,0.009058,0.011548,0.012901,0.014531,0.019960,0.015767,0.021864,0.039732,0.045217,0.060255,0.062967,0.063965,0.089501,0.062583,0.036341,0.027051,0.020043,0.001623,-0.017811,-0.024551,-0.023347,-0.023368,-0.019326,-0.018075,-0.021239,-0.020070,-0.018012,-0.017847,-0.013235,-0.013307,-0.011239,-0.014302,-0.015861,-0.010785,-0.002866,-0.003183,-0.003731,-0.001250,-0.007942,-0.003127,0.002407,0.001913,0.000261,-0.002826,0.004123,-0.001287,0.000186,-0.004116,0.000906,-0.007840,-0.003297
-0.008679,-0.006382,-0.005027,-0.001471,0.002786,0.001977,0.005781,0.001837,-0.004272,-0.003450,-0.001005,0.001903,0.004670,0.009980,0.005010,0.007311,0.021217,0.027977,0.037323,0.033760,0.033733,0.062583,0.070433,0.052596,0.037889,0.029228,0.013117,-0.002413,-0.010770,-0.016801,-0.014999,-0.008948,-0.011345,-0.019479,-0.019901,-0.017874,-0.021389,-0.019819,-0.018620,-0.014904,-0.012561,-0.012850,-0.009226,-0.005107,-0.007330,-0.004930,0.000255,-0.006920,-0.002427,0.001134,0.001365,0.000283,-0.005035,-0.000698,-0.002401,-0.003072,-0.003624,-0.000519,-0.009034,-0.004117
-0.009894,-0.006882,-0.005117,-0.003545,-0.001523,-0.002498,0.005432,0.000473,-0.005353,-0.008583,-0.004559,-0.002287,-0.002036,0.003046,-0.001941,-0.002770,0.004041,0.010688,0.016092,0.010110,0.016090,0.036341,0.052596,0.056862,0.048283,0.039528,0.022128,0.011309,0.003845,-0.006422,-0.006943,-0.003968,-0.008242,-0.017401,-0.016976,-0.015253,-0.020824,-0.019653,-0.018307,-0.015191,-0.011904,-0.012961,-0.006450,-0.003383,-0.005982,-0.003842,0.000648,-0.002498,-0.002601,-0.003282,0.000204,-0.002017,-0.007436,-0.002501,-0.004738,-0.003888,-0.005656,-0.005176,-0.009319,-0.003976
-0.013469,-0.010459,-0.008833,-0.006745,-0.005185,-0.005958,0.002649,-0.002273,-0.004099,-0.006382,-0.004406,-0.001673,-0.004726,-0.004136,-0.008146,-0.009190,-0.004657,0.001401,0.003420,0.001097,0.009891,0.027051,0.037889,0.048283,0.058457,0.058765,0.035333,0.021458,0.011500,0.000432,-0.002263,-0.001306,-0.006662,-0.015518,-0.015857,-0.016801,-0.021396,-0.019248,-0.016131,-0.015015,-0.012622,-0.013124,-0.004898,-0.000706,-0.004732,-0.002032,0.002003,-0.001577,-0.005816,-0.004601,-0.002202,-0.006998,-0.009467,-0.007945,-0.008484,-0.005418,-0.007829,-0.008774,-0.016064,-0.006299
-0.018003,-0.014799,-0.013721,-0.011196,-0.006985,-0.004443,-0.000198,-0.001091,-0.001273,-0.002663,-0.004445,-0.004388,-0.007422,-0.008789,-0.013309,-0.017654,-0.018717,-0.016086,-0.015675,-0.007656,0.002684,0.020043,0.029228,0.039528,0.058765,0.087824,0.061950,0.040065,0.024659,0.010567,0.001968,0.000311,-0.005877,-0.014152,-0.016978,-0.017984,-0.023218,-0.020122,-0.015015,-0.016661,-0.013795,-0.010753,-0.002681,0.003428,0.000566,0.001806,0.001556,0.000202,-0.005635,-0.007235,-0.001337,-0.009831,-0.014053,-0.014558,-0.013623,-0.008904,-0.014583,-0.012119,-0.020844,-0.009411
-0.012486,-0.010355,-0.009932,-0.008679,-0.007660,-0.004740,-0.002575,-0.002651,0.000179,0.000505,-0.002418,-0.003493,-0.009093,-0.015017,-0.017734,-0.023132,-0.026596,-0.024593,-0.026699,-0.017631,-0.010679,0.001623,0.013117,0.022128,0.035333,0.061950,0.064708,0.057050,0.037613,0.019144,0.009253,0.005417,-0.004609,-0.013365,-0.013187,-0.011718,-0.013782,-0.010807,-0.009240,-0.015050,-0.012958,-0.006392,0.000873,0.003955,0.003488,0.001439,0.000469,0.000045,-0.003244,-0.007818,-0.000244,-0.007228,-0.011721,-0.012104,-0.013782,-0.012157,-0.013194,-0.011881,-0.018241,-0.007385
-0.007081,-0.008607,-0.008328,-0.007414,-0.010325,-0.004454,-0.000033,0.001555,0.003428,0.000280,-0.004638,-0.004927,-0.011376,-0.022924,-0.024501,-0.033657,-0.044789,-0.042332,-0.045491,-0.032990,-0.023346,-0.017811,-0.002413,0.011309,0.021458,0.040065,0.057050,0.081024,0.066059,0.038868,0.024687,0.017759,0.003247,-0.004081,-0.005032,-0.006778,-0.011206,-0.004681,-0.001655,-0.008928,-0.009455,-0.003908,0.006468,0.007774,0.010344,0.005399,0.004040,0.004573,0.000873,-0.006825,-0.000014,-0.003913,-0.008059,-0.012346,-0.013363,-0.008334,-0.008683,-0.009667,-0.016316,-0.006141
-0.006730,-0.010241,-0.008717,-0.009651,-0.012823,-0.007171,-0.002866,-0.002951,-0.001518,-0.008437,-0.007967,-0.004719,-0.009972,-0.023412,-0.024253,-0.036461,-0.049138,-0.044269,-0.045718,-0.037557,-0.028458,-0.024551,-0.010770,0.003845,0.011500,0.024659,0.037613,0.066059,0.080533,0.055110,0.031960,0.018438,0.012128,0.007558,-0.002046,-0.006705,-0.012930,-0.003986,-0.002382,-0.008465,-0.005974,0.002399,0.008660,0.007270,0.011109,0.008842,0.009156,0.009690,0.004138,-0.004498,0.000509,-0.004217,-0.007576,-0.016381,-0.014722,-0.008506,-0.010742,-0.009779,-0.015496,-0.006429
-0.000758,-0.005663,-0.004844,-0.007479,-0.010668,-0.004181,-0.001170,0.002199,0.004613,-0.001667,-0.004089,-0.007092,-0.010543,-0.015912,-0.015670,-0.023608,-0.034820,-0.034054,-0.038937,-0.030278,-0.025616,-0.023347,-0.016801,-0.006422,0.000432,0.010567,0.019144,0.038868,0.055110,0.055353,0.039970,0.024141,0.016749,0.015229,0.007126,0.002084,-0.001590,0.004612,0.002887,0.002261,0.004289,0.008379,0.010853,0.007619,0.014889,0.014067,0.011124,0.011252,0.007207,0.004058,-0.000161,-0.001512,-0.003875,-0.014788,-0.010101,-0.003760,-0.003635,-0.005121,-0.008155,-0.003143
0.001991,-0.000666,-0.001620,-0.004648,-0.007908,-0.000592,-0.000584,0.001466,0.002211,-0.000914,-0.003837,-0.003709,-0.006648,-0.012125,-0.012307,-0.017242,-0.025659,-0.026314,-0.037698,-0.034947,-0.028926,-0.023368,-0.014999,-0.006943,-0.002263,0.001968,0.009253,0.024687,0.031960,0.039970,0.049103,0.041221,0.022832,0.019664,0.014523,0.009925,0.004327,0.007150,0.007539,0.011178,0.011803,0.011912,0.013529,0.008322,0.012770,0.012897,0.011782,0.014189,0.010513,0.008135,-0.000423,0.001068,-0.000602,-0.009880,-0.005779,-0.001454,-0.000610,-0.001399,-0.002802,-0.000925
0.001216,-0.000882,-0.003401,-0.004716,-0.008286,-0.003842,-0.003495,-0.001196,0.001979,0.000490,-0.004398,-0.000857,-0.006031,-0.014853,-0.016797,-0.017488,-0.021880,-0.022114,-0.030834,-0.026572,-0.023646,-0.019326,-0.008948,-0.003968,-0.001306,0.000311,0.005417,0.017759,0.018438,0.024141,0.041221,0.057560,0.036778,0.029449,0.019113,0.014506,0.009289,0.009876,0.012282,0.015654,0.014035,0.013548,0.015038,0.011982,0.015206,0.011987,0.008302,0.012649,0.008769,0.009248,-0.000868,0.001608,-0.001578,-0.006421,-0.003786,0.002538,-0.001533,0.000281,-0.001088,-0.001251
-0.001354,-0.004446,-0.004496,-0.004282,-0.008029,-0.008164,-0.006583,-0.005576,-0.002410,-0.004403,-0.007081,-0.004656,-0.008536,-0.013897,-0.017224,-0.018707,-0.021323,-0.018497,-0.020837,-0.017999,-0.017692,-0.018075,-0.011345,-0.008242,-0.006662,-0.005877,-0.004609,0.003247,0.012128,0.016749,0.022832,0.036778,0.041685,0.042335,0.025567,0.018715,0.016646,0.011638,0.012918,0.019237,0.017878,0.017580,0.014018,0.008686,0.010649,0.007471,0.002789,0.006744,0.003938,0.007274,-0.000901,-0.002451,-0.001524,-0.001229,-0.003085,0.002551,0.002668,0.000016,0.002955,-0.000767
-0.003097,-0.003150,-0.003271,-0.004247,-0.007205,-0.006481,-0.008309,-0.007444,-0.004835,-0.008588,-0.008744,-0.007464,-0.011871,-0.015749,-0.017895,-0.018870,-0.024110,-0.022612,-0.020972,-0.016567,-0.017803,-0.021239,-0.019479,-0.017401,-0.015518,-0.014152,-0.013365,-0.004081,0.007558,0.015229,0.019664,0.029449,0.042335,0.067212,0.052380,0.039452,0.034952,0.022086,0.021637,0.030340,0.026508,0.021568,0.019646,0.011209,0.014281,0.009652,0.001520,0.000624,-0.002307,0.009022,-0.002145,-0.001629,0.002717,0.004731,-0.000784,0.006033,0.006595,0.002414,0.008554,0.001652
0.001732,0.002707,0.000535,-0.000688,-0.003499,-0.003335,-0.004873,-0.003714,-0.004280,-0.007995,-0.011421,-0.015398,-0.018826,-0.015166,-0.012850,-0.009812,-0.012210,-0.014767,-0.018429,-0.020611,-0.018006,-0.020070,-0.019901,-0.016976,-0.015857,-0.016978,-0.013187,-0.005032,-0.002046,0.007126,0.014523,0.019113,0.025567,0.052380,0.063603,0.055834,0.050812,0.027479,0.020595,0.031526,0.026219,0.017190,0.018142,0.011477,0.012888,0.007138,-0.001475,-0.003275,-0.004523,0.006222,-0.002396,-0.000903,0.004991,0.009352,0.000237,0.005821,0.009367,0.005028,0.013746,0.005914
0.004568,0.005831,0.004115,0.001412,-0.003206,-0.003085,-0.005942,-0.002232,-0.003328,-0.005528,-0.012424,-0.017407,-0.020213,-0.013537,-0.011081,-0.007974,-0.010309,-0.014065,-0.018856,-0.021727,-0.018194,-0.018012,-0.017874,-0.015253,-0.016801,-0.017984,-0.011718,-0.006778,-0.006705,0.002084,0.009925,0.014506,0.018715,0.039452,0.055834,0.063801,0.066349,0.034881,0.024627,0.035190,0.027001,0.019108,0.019288,0.013611,0.014336,0.006969,-0.000764,0.002534,0.001877,0.004967,-0.000481,-0.000553,0.004172,0.013497,0.000268,0.002036,0.011142,0.005513,0.015921,0.007412
0.009657,0.009166,0.008697,0.003720,-0.004752,-0.007122,-0.011869,-0.002825,-0.000329,-0.000495,-0.012659,-0.017643,-0.020172,-0.014277,-0.011096,-0.007185,-0.008512,-0.009901,-0.015810,-0.018546,-0.016339,-0.017847,-0.021389,-0.020824,-0.021396,-0.023218,-0.013782,-0.011206,-0.012930,-0.001590,0.004327,0.009289,0.016646,0.034952,0.050812,0.066349,0.092495,0.048595,0.030494,0.038516,0.032005,0.020963,0.017747,0.014011,0.017585,0.009808,0.000862,0.005588,0.003439,0.002798,-0.002543,-0.001206,0.004297,0.016096,0.002284,0.005686,0.015930,0.007367,0.017777,0.007689
0.007318,0.006008,0.004535,0.001429,-0.001302,-0.002669,-0.004767,0.001273,0.003389,0.002301,-0.003738,-0.006291,-0.007304,-0.006226,-0.006416,-0.004267,-0.005685,-0.005716,-0.007541,-0.005627,-0.008112,-0.013235,-0.019819,-0.019653,-0.019248,-0.020122,-0.010807,-0.004681,-0.003986,0.004612,0.007150,0.009876,0.011638,0.022086,0.027479,0.034881,0.048595,0.040579,0.030568,0.027975,0.019882,0.014688,0.015058,0.012504,0.016328,0.009475,0.001518,0.005519,0.004966,0.008630,-0.000226,0.002043,0.005455,0.009004,0.005214,0.006165,0.005966,0.005642,0.011155,0.004784
0.006597,0.005359,0.003970,0.001987,0.001878,0.002864,-0.002141,0.003306,0.004618,0.005740,0.001801,0.001962,0.001422,-0.002172,-0.007089,-0.007514,-0.011956,-0.011608,-0.007524,-0.001834,-0.004957,-0.013307,-0.018620,-0.018307,-0.016131,-0.015015,-0.009240,-0.001655,-0.002382,0.002887,0.007539,0.012282,0.012918,0.021637,0.020595,0.024627,0.030494,0.030568,0.038215,0.037559,0.020514,0.015979,0.019012,0.016718,0.020453,0.010801,0.004473,0.008972,0.010175,0.010082,0.000624,0.001885,0.004774,0.008607,0.008557,0.007468,0.006867,0.008389,0.011635,0.004090
0.008344,0.005578,0.006195,0.003376,0.002771,0.007222,0.001357,0.007775,0.004877,0.011076,0.005518,0.003538,0.002942,0.001516,-0.005349,-0.004336,-0.009181,-0.011582,-0.010028,-0.009215,-0.009195,-0.011239,-0.014904,-0.015191,-0.015015,-0.016661,-0.015050,-0.008928,-0.008465,0.002261,0.011178,0.015654,0.019237,0.030340,0.031526,0.035190,0.038516,0.027975,0.037559,0.067620,0.045362,0.031216,0.028487,0.022720,0.031458,0.018484,0.011913,0.016585,0.018108,0.013474,0.001528,0.001432,0.007549,0.010450,0.008022,0.007035,0.010508,0.008063,0.014697,0.006892
0.008078,0.005339,0.005663,0.003316,0.004223,0.005106,0.001245,0.003596,0.000221,0.002474,-0.000061,0.001972,0.002438,-0.000491,-0.004294,-0.004198,-0.008413,-0.010516,-0.013484,-0.016535,-0.014831,-0.014302,-0.012561,-0.011904,-0.012622,-0.013795,-0.012958,-0.009455,-0.005974,0.004289,0.011803,0.014035,0.017878,0.026508,0.026219,0.027001,0.032005,0.019882,0.020514,0.045362,0.051146,0.039303,0.024805,0.013989,0.022134,0.017846,0.014712,0.016534,0.013458,0.011926,0.002319,0.003971,0.010673,0.007505,0.004781,0.007054,0.007777,0.006595,0.013880,0.006405
0.010311,0.007044,0.006032,0.001868,0.003821,0.004305,0.000336,0.000654,-0.001068,-0.000003,0.000559,0.006225,0.006809,-0.001435,-0.005538,-0.007821,-0.009750,-0.012305,-0.015173,-0.017459,-0.015368,-0.015861,-0.012850,-0.012961,-0.013124,-0.010753,-0.006392,-0.003908,0.002399,0.008379,0.011912,0.013548,0.017580,0.021568,0.017190,0.019108,0.020963,0.014688,0.015979,0.031216,0.039303,0.050838,0.033400,0.017800,0.025373,0.019036,0.014269,0.020780,0.015533,0.010922,0.005006,0.006306,0.007195,0.004031,0.003697,0.004785,0.005565,0.004984,0.009401,0.004959
0.007833,0.003904,0.002956,-0.000424,0.000918,0.002059,0.000150,0.003166,0.001683,0.004477,0.003137,0.006129,0.004038,-0.004668,-0.010046,-0.013380,-0.019479,-0.020685,-0.021272,-0.017209,-0.011539,-0.010785,-0.009226,-0.006450,-0.004898,-0.002681,0.000873,0.006468,0.008660,0.010853,0.013529,0.015038,0.014018,0.019646,0.018142,0.019288,0.017747,0.015058,0.019012,0.028487,0.024805,0.033400,0.041092,0.025085,0.029330,0.019753,0.013725,0.018148,0.015761,0.013399,0.004624,0.003486,0.007487,0.002587,0.002890,0.005337,0.003843,0.006241,0.008789,0.004389
0.003974,0.001826,0.001573,-0.001301,0.001767,0.004286,0.002882,0.005878,0.007579,0.010245,0.005887,0.005334,0.002997,-0.002389,-0.007374,-0.007335,-0.010361,-0.012054,-0.007879,-0.006643,-0.003346,-0.002866,-0.005107,-0.003383,-0.000706,0.003428,0.003955,0.007774,0.007270,0.007619,0.008322,0.011982,0.008686,0.011209,0.011477,0.013611,0.014011,0.012504,0.016718,0.022720,0.013989,0.017800,0.025085,0.027064,0.032165,0.018442,0.012099,0.016698,0.013441,0.008265,0.003285,0.001692,0.003368,-0.001197,0.001010,0.004283,0.001825,0.002987,0.004359,0.001832
0.011090,0.007874,0.005814,0.000701,0.005066,0.011922,0.006784,0.014721,0.017472,0.018689,0.013871,0.010501,0.009999,0.002501,-0.006923,-0.006622,-0.010251,-0.017214,-0.012177,-0.006586,-0.004092,-0.003183,-0.007330,-0.005982,-0.004732,0.000566,0.003488,0.010344,0.011109,0.014889,0.012770,0.015206,0.010649,0.014281,0.012888,0.014336,0.017585,0.016328,0.020453,0.031458,0.022134,0.025373,0.029330,0.032165,0.060554,0.038590,0.024388,0.030826,0.026625,0.018791,0.005752,0.006493,0.005131,-0.001932,0.006515,0.006377,0.003442,0.004164,0.007131,0.002572
0.009025,0.005445,0.003859,0.000531,0.002511,0.004666,0.002320,0.006657,0.008116,0.008775,0.005465,0.005214,0.005262,-0.001062,-0.005919,-0.005829,-0.009517,-0.014866,-0.014268,-0.012563,-0.008191,-0.003731,-0.004930,-0.003842,-0.002032,0.001806,0.001439,0.005399,0.008842,0.014067,0.012897,0.011987,0.007471,0.009652,0.007138,0.006969,0.009808,0.009475,0.010801,0.018484,0.017846,0.019036,0.019753,0.018442,0.038590,0.037931,0.025573,0.025679,0.019805,0.018685,0.005453,0.006892,0.004051,-0.001701,0.005499,0.004388,0.004211,0.004308,0.004759,0.002192
0.006348,0.003516,0.003901,0.001752,0.003873,0.004548,0.004862,0.004903,0.005361,0.007472,0.004067,0.003646,0.003194,-0.001341,-0.003147,-0.003646,-0.005296,-0.006249,-0.006587,-0.011160,-0.007221,-0.001250,0.000255,0.000648,0.002003,0.001556,0.000469,0.004040,0.009156,0.011124,0.011782,0.008302,0.002789,0.001520,-0.001475,-0.000764,0.000862,0.001518,0.004473,0.011913,0.014712,0.014269,0.013725,0.012099,0.024388,0.025573,0.032112,0.030395,0.023288,0.019400,0.005289,0.004089,0.002941,-0.004033,0.001827,0.002932,0.002908,0.003848,0.001901,0.000630
0.010793,0.006677,0.008086,0.003272,0.005088,0.007456,0.006842,0.009294,0.011794,0.014413,0.010366,0.007441,0.006464,0.001501,-0.004710,-0.005991,-0.010479,-0.010973,-0.011599,-0.015737,-0.010530,-0.007942,-0.006920,-0.002498,-0.001577,0.000202,0.000045,0.004573,0.009690,0.011252,0.014189,0.012649,0.006744,0.000624,-0.003275,0.002534,0.005588,0.005519,0.008972,0.016585,0.016534,0.020780,0.018148,0.016698,0.030826,0.025679,0.030395,0.049822,0.039035,0.017548,0.007991,0.005176,0.001213,-0.000907,0.004541,0.003323,0.005182,0.007930,0.007436,0.002258
0.011305,0.007826,0.006561,0.003885,0.004437,0.009558,0.007521,0.009193,0.009071,0.014352,0.010916,0.007826,0.008560,0.005032,-0.000105,-0.000748,-0.004110,-0.004375,-0.002885,-0.005503,-0.004028,-0.003127,-0.002427,-0.002601,-0.005816,-0.005635,-0.003244,0.000873,0.004138,0.007207,0.010513,0.008769,0.003938,-0.002307,-0.004523,0.001877,0.003439,0.004966,0.010175,0.018108,0.013458,0.015533,0.015761,0.013441,0.026625,0.019805,0.023288,0.039035,0.045937,0.022858,0.007232,0.004585,0.002929,-0.001963,0.007570,0.001084,0.006219,0.009521,0.008210,0.000937
0.008679,0.005594,0.001446,0.001768,0.002849,0.004649,0.004386,0.005363,0.004472,0.007220,0.000672,-0.001766,0.004655,0.003873,-0.000354,0.000321,0.000087,-0.000906,-0.000336,0.001949,-0.000232,0.002407,0.001134,-0.003282,-0.004601,-0.007235,-0.007818,-0.006825,-0.004498,0.004058,0.008135,0.009248,0.007274,0.009022,0.006222,0.004967,0.002798,0.008630,0.010082,0.013474,0.011926,0.010922,0.013399,0.008265,0.018791,0.018685,0.019400,0.017548,0.022858,0.041956,0.005505,0.006228,0.010640,0.005877,0.009289,0.007965,0.006743,0.009383,0.008330,0.002170
0.003077,0.003125,0.002003,0.001403,0.003916,0.004533,0.003551,0.003812,0.002896,0.003831,0.004069,0.002302,0.005801,0.003679,0.002171,0.001175,-0.001100,-0.002989,-0.000941,-0.000558,-0.000459,0.001913,0.001365,0.000204,-0.002202,-0.001337,-0.000244,-0.000014,0.000509,-0.000161,-0.000423,-0.000868,-0.000901,-0.002145,-0.002396,-0.000481,-0.002543,-0.000226,0.000624,0.001528,0.002319,0.005006,0.004624,0.003285,0.005752,0.005453,0.005289,0.007991,0.007232,0.005505,0.007898,0.006483,0.004547,0.002510,0.003087,0.000891,0.000722,0.002204,0.002590,0.001306
0.009659,0.010947,0.008160,0.006231,0.009405,0.011652,0.005978,0.006967,0.004773,0.005402,0.007152,0.004463,0.009567,0.006474,0.005517,0.004639,0.001343,-0.000588,0.004204,0.004819,0.001119,0.000261,0.000283,-0.002017,-0.006998,-0.009831,-0.007228,-0.003913,-0.004217,-0.001512,0.001068,0.001608,-0.002451,-0.001629,-0.000903,-0.000553,-0.001206,0.002043,0.001885,0.001432,0.003971,0.006306,0.003486,0.001692,0.006493,0.006892,0.004089,0.005176,0.004585,0.006228,0.006483,0.024644,0.012678,0.004829,0.007220,0.003962,0.001954,0.004502,0.005842,0.002231
0.009129,0.010852,0.008475,0.006643,0.011229,0.010468,0.003654,0.001756,-0.000285,-0.000033,-0.000660,0.001464,0.003414,0.005650,0.003275,0.004451,0.001846,-0.000398,0.003985,0.003934,-0.001095,-0.002826,-0.005035,-0.007436,-0.009467,-0.014053,-0.011721,-0.008059,-0.007576,-0.003875,-0.000602,-0.001578,-0.001524,0.002717,0.004991,0.004172,0.004297,0.005455,0.004774,0.007549,0.010673,0.007195,0.007487,0.003368,0.005131,0.004051,0.002941,0.001213,0.002929,0.010640,0.004547,0.012678,0.040004,0.014583,0.008038,0.013572,0.009916,0.009282,0.011463,0.006262
0.006377,0.011831,0.010089,0.007111,0.007726,0.009837,0.004058,0.002601,0.002193,0.003042,0.001032,0.002054,0.009740,0.009560,0.006079,0.008433,0.009211,0.007850,0.011772,0.011888,0.007266,0.004123,-0.000698,-0.002501,-0.007945,-0.014558,-0.012104,-0.012346,-0.016381,-0.014788,-0.009880,-0.006421,-0.001229,0.004731,0.009352,0.013497,0.016096,0.009004,0.008607,0.010450,0.007505,0.004031,0.002587,-0.001197,-0.001932,-0.001701,-0.004033,-0.000907,-0.001963,0.005877,0.002510,0.004829,0.014583,0.058066,0.017854,0.014112,0.017623,0.015094,0.015986,0.005170
0.007328,0.009863,0.007746,0.006651,0.007595,0.006075,0.006365,0.008440,0.003974,0.006021,0.008963,0.006912,0.018341,0.016435,0.011136,0.013396,0.014685,0.011725,0.011919,0.011492,0.005063,-0.001287,-0.002401,-0.004738,-0.008484,-0.013623,-0.013782,-0.013363,-0.014722,-0.010101,-0.005779,-0.003786,-0.003085,-0.000784,0.000237,0.000268,0.002284,0.005214,0.008557,0.008022,0.004781,0.003697,0.002890,0.001010,0.006515,0.005499,0.001827,0.004541,0.007570,0.009289,0.003087,0.007220,0.008038,0.017854,0.030756,0.013546,0.015503,0.015229,0.014308,0.002681
0.008873,0.007445,0.006316,0.004811,0.007066,0.006810,0.005124,0.007426,0.002383,0.002848,0.000350,0.004053,0.008065,0.009162,0.006270,0.007138,0.004106,0.002512,0.006179,0.007096,0.003265,0.000186,-0.003072,-0.003888,-0.005418,-0.008904,-0.012157,-0.008334,-0.008506,-0.003760,-0.001454,0.002538,0.002551,0.006033,0.005821,0.002036,0.005686,0.006165,0.007468,0.007035,0.007054,0.004785,0.005337,0.004283,0.006377,0.004388,0.002932,0.003323,0.001084,0.007965,0.000891,0.003962,0.013572,0.014112,0.013546,0.031791,0.018579,0.013239,0.014146,0.005868
0.011041,0.007309,0.010335,0.007727,0.006366,0.005981,0.007715,0.008403,0.004819,0.006460,0.001133,-0.000267,0.004096,0.007804,0.006016,0.006992,0.007001,0.003330,0.002187,-0.000337,-0.001737,-0.004116,-0.003624,-0.005656,-0.007829,-0.014583,-0.013194,-0.008683,-0.010742,-0.003635,-0.000610,-0.001533,0.002668,0.006595,0.009367,0.011142,0.015930,0.005966,0.006867,0.010508,0.007777,0.005565,0.003843,0.001825,0.003442,0.004211,0.002908,0.005182,0.006219,0.006743,0.000722,0.001954,0.009916,0.017623,0.015503,0.018579,0.042740,0.018687,0.017663,0.007002
0.010556,0.007828,0.007301,0.006987,0.007945,0.007781,0.005985,0.007764,0.006127,0.006264,0.004813,-0.000779,0.005615,0.009009,0.006114,0.006513,0.005427,0.004913,0.008562,0.007079,0.004184,0.000906,-0.000519,-0.005176,-0.008774,-0.012119,-0.011881,-0.009667,-0.009779,-0.005121,-0.001399,0.000281,0.000016,0.002414,0.005028,0.005513,0.007367,0.005642,0.008389,0.008063,0.006595,0.004984,0.006241,0.002987,0.004164,0.004308,0.003848,0.007930,0.009521,0.009383,0.002204,0.004502,0.009282,0.015094,0.015229,0.013239,0.018687,0.026176,0.018985,0.005283
0.013197,0.010019,0.011978,0.010128,0.013020,0.010267,0.005796,0.006838,0.002739,0.005319,0.003465,-0.001261,0.006582,0.010855,0.006590,0.008532,0.005157,0.000816,0.001896,-0.002630,-0.004728,-0.007840,-0.009034,-0.009319,-0.016064,-0.020844,-0.018241,-0.016316,-0.015496,-0.008155,-0.002802,-0.001088,0.002955,0.008554,0.013746,0.015921,0.017777,0.011155,0.011635,0.014697,0.013880,0.009401,0.008789,0.004359,0.007131,0.004759,0.001901,0.007436,0.008210,0.008330,0.002590,0.005842,0.011463,0.015986,0.014308,0.014146,0.017663,0.018985,0.039481,0.013418
0.008392,0.005956,0.006586,0.005664,0.006908,0.004342,0.002795,0.000605,-0.000064,0.002085,0.000516,-0.000388,-0.000941,0.002866,0.002375,0.002635,0.001416,0.000455,-0.002007,-0.003974,-0.003993,-0.003297,-0.004117,-0.003976,-0.006299,-0.009411,-0.007385,-0.006141,-0.006429,-0.003143,-0.000925,-0.001251,-0.000767,0.001652,0.005914,0.007412,0.007689,0.004784,0.004090,0.006892,0.006405,0.004959,0.004389,0.001832,0.002572,0.002192,0.000630,0.002258,0.000937,0.002170,0.001306,0.002231,0.006262,0.005170,0.002681,0.005868,0.007002,0.005283,0.013418,0.012708
