5.167737,0.395116,0.211634,0.037106,0.693191,0.268884,0.734260,2.055859,-0.079442,0.564864,0.740406,-0.157163,0.182040,-0.184127,0.338286,0.932863,0.072867,0.083357,0.004408,0.055838,0.017283,0.079838,0.659186,0.009879,0.023522,-0.014966,0.150145,-0.007468,0.010985,4.544514,-0.155952,0.139331,0.564355,0.617342,0.104644,-0.082470,-0.039488,0.088890,-0.939734,0.037797,0.303321
0.395116,2.480233,0.052198,0.008766,0.098119,0.008287,0.049514,0.105911,-0.178206,0.394657,0.175473,-0.043390,0.233464,0.051513,-0.320354,0.441097,-0.062011,-0.014486,0.005902,0.063190,0.046644,-0.005690,-0.239568,-0.008527,0.018300,-0.006932,0.025350,0.001236,0.004591,3.380291,0.319820,-0.082677,0.221167,0.184991,-0.059771,0.166809,-0.047153,0.117458,-0.262143,-0.001235,0.312551
0.211634,0.052198,1.696188,0.017590,0.123819,0.110703,0.568907,-0.712963,-0.302187,-0.295266,0.173645,0.029102,0.338266,-0.082942,-0.126332,-0.342645,0.067764,-0.001003,-0.001358,-0.013499,0.023556,0.063055,0.572349,0.034129,0.093151,-0.004703,0.001469,-0.001456,0.042044,-0.533083,-0.093029,0.125100,0.398589,0.018431,-0.112520,0.059045,0.040696,0.030592,0.777854,-0.010057,0.685404
0.037106,0.008766,0.017590,0.050532,0.189534,-0.003358,0.082954,-0.032418,-0.012073,-0.017910,0.240545,-0.005148,-0.031136,-0.003131,0.042731,-0.009395,0.008762,-0.011743,0.006436,0.000040,-0.000800,0.000285,0.036180,-0.000720,0.003118,-0.000360,-0.008865,-0.000847,-0.000720,0.264349,0.000167,-0.003718,0.026265,0.196410,0.043736,-0.031202,-0.017593,0.099264,-0.160173,-0.000680,0.006197
0.693191,0.098119,0.123819,0.189534,5.119957,0.043478,1.009388,-0.461363,-0.067321,0.130072,5.363868,-0.142253,-0.159380,-0.031781,0.685356,0.204007,0.073931,-0.069416,0.006577,0.081641,0.005181,-0.030483,0.577072,-0.013938,-0.023345,0.020076,-0.068508,-0.000790,-0.017896,6.302241,0.112952,-0.027819,0.597052,3.228213,0.315112,0.064126,-0.335130,1.399201,-1.308737,-0.003709,0.043230
0.268884,0.008287,0.110703,-0.003358,0.043478,0.662738,0.061593,-1.874745,0.415640,0.122154,0.030458,0.025305,0.034173,-0.003537,0.222901,0.669658,-0.001888,0.048614,-0.001043,-0.005705,0.037002,0.016441,0.286660,-0.003374,0.004391,-0.002347,-0.047444,0.000427,-0.003374,0.216586,0.038644,0.105040,0.030479,-0.048536,0.029868,0.100682,0.041386,-0.052348,-0.343211,-0.003113,0.324283
0.734260,0.049514,0.568907,0.082954,1.009388,0.061593,3.922423,3.204974,0.292841,-0.128215,1.668999,-0.072320,0.139657,-0.204596,0.367548,0.730556,0.061938,-0.045470,-0.005534,0.067863,-0.022394,0.051593,0.715424,0.046336,0.014997,0.011295,0.110813,-0.001325,0.021270,3.735678,-0.226864,-0.110203,1.294633,1.361220,0.305415,-0.524408,-0.200523,0.289031,0.130018,-0.002413,0.223517
2.055859,0.105911,-0.712963,-0.032418,-0.461363,-1.874745,3.204974,351.454065,-6.140276,-0.501972,0.410061,-1.086733,-0.070744,-2.207204,-2.151561,-1.636486,1.080470,0.995418,-0.038224,0.114659,0.085795,0.375571,4.112419,-0.042125,0.532464,-0.013741,-0.557330,-0.053932,0.104313,14.762011,-7.304813,0.295568,2.320057,0.709006,-0.323565,-7.295259,1.067732,-0.415608,-3.138773,-0.180162,0.914447
-0.079442,-0.178206,-0.302187,-0.012073,-0.067321,0.415640,0.292841,-6.140276,2.646567,0.013314,-0.265535,0.087620,-0.017053,0.273393,0.254376,0.520557,-0.081019,0.011438,-0.004853,-0.015077,0.017952,-0.003183,-0.249047,-0.002049,-0.033852,-0.006961,-0.035611,0.003170,-0.009965,-1.769707,0.180224,-0.033675,-0.168375,-0.205381,-0.071197,0.390441,0.057573,-0.131685,-0.258295,-0.004794,-0.078726
0.564864,0.394657,-0.295266,-0.017910,0.130072,0.122154,-0.128215,-0.501972,0.013314,3.155217,-0.019598,-0.464846,0.321204,0.169168,0.036785,3.091471,-0.072355,-0.018443,-0.001738,0.058654,-0.025841,-0.038378,0.211716,-0.015737,-0.056447,-0.005230,0.073118,0.000168,-0.024972,9.908280,0.701800,0.004443,-0.045069,0.099845,0.237116,0.092867,-0.261183,-0.078891,-0.909096,0.042745,-0.295501
0.740406,0.175473,0.173645,0.240545,5.363868,0.030458,1.668999,0.410061,-0.265535,-0.019598,9.226531,-0.140798,-0.318404,-0.177630,0.314890,0.081871,0.107985,-0.095125,-0.006118,0.122557,-0.020037,0.013376,0.843658,-0.013021,-0.008719,0.028450,-0.155436,-0.001204,-0.027532,9.802024,0.166207,-0.057818,1.193759,4.980689,0.495545,-0.068323,-0.572832,2.085943,-1.595207,-0.006214,-0.027972
-0.157163,-0.043390,0.029102,-0.005148,-0.142253,0.025305,-0.072320,-1.086733,0.087620,-0.464846,-0.140798,0.395657,-0.017973,-0.013414,0.137087,-0.491222,-0.018428,0.009807,0.000749,-0.005546,0.002980,0.007078,-0.012186,0.001712,0.001357,0.000631,-0.014953,0.000302,0.003913,-2.627346,-0.104679,0.032334,-0.029249,-0.131438,-0.082421,0.111142,0.092492,-0.039862,0.280662,-0.014802,0.015011
0.182040,0.233464,0.338266,-0.031136,-0.159380,0.034173,0.139657,-0.070744,-0.017053,0.321204,-0.318404,-0.017973,2.778831,0.181082,0.220952,0.534404,-0.058690,-0.131276,0.002158,0.013088,0.003415,0.009003,0.312654,0.012541,0.028705,-0.001797,0.042314,0.005124,0.014287,2.235971,0.698404,0.007539,0.193400,-0.054016,-0.246550,0.329598,-0.361483,-0.118074,0.839782,0.019531,-0.008165
-0.184127,0.051513,-0.082942,-0.003131,-0.031781,-0.003537,-0.204596,-2.207204,0.273393,0.169168,-0.177630,-0.013414,0.181082,0.774268,0.065922,0.154244,-0.080753,-0.055907,0.002193,-0.004332,0.005345,-0.010805,-0.254490,-0.001610,-0.009993,-0.004548,0.061901,0.002013,-0.002022,0.320636,0.626277,-0.034349,-0.101854,-0.048865,-0.048317,0.308834,-0.182106,-0.011113,0.317287,0.006483,-0.006710
0.338286,-0.320354,-0.126332,0.042731,0.685356,0.222901,0.367548,-2.151561,0.254376,0.036785,0.314890,0.137087,0.220952,0.065922,22.007748,0.115841,-0.041573,0.016682,-0.013223,0.014501,0.030323,-0.008099,0.347630,-0.058795,-0.062219,-0.026503,0.184564,-0.002824,-0.014045,-0.051118,-0.227846,0.096311,-0.015807,0.609258,0.163997,0.059504,0.073401,0.179808,-0.361819,0.014755,0.495962
0.932863,0.441097,-0.342645,-0.009395,0.204007,0.669658,0.730556,-1.636486,0.520557,3.091471,0.081871,-0.491222,0.534404,0.154244,0.115841,13.843496,-0.068931,-0.039043,-0.006452,0.034136,-0.050730,-0.022445,1.114070,-0.014522,-0.069952,0.001314,0.115382,-0.002069,-0.021119,12.173930,0.803104,0.047879,0.577127,-0.272943,0.655077,0.101101,-0.241228,-0.372550,-0.891086,0.169149,-0.508845
0.072867,-0.062011,0.067764,0.008762,0.073931,-0.001888,0.061938,1.080470,-0.081019,-0.072355,0.107985,-0.018428,-0.058690,-0.080753,-0.041573,-0.068931,0.224724,0.030799,0.001680,-0.002583,0.003520,0.015935,0.102259,0.002302,0.010638,-0.000325,0.019601,0.000788,0.002432,0.128048,-0.185856,0.015959,0.081396,0.040702,0.055690,-0.089274,0.084586,0.027819,-0.098964,0.000479,0.036418
0.083357,-0.014486,-0.001003,-0.011743,-0.069416,0.048614,-0.045470,0.995418,0.011438,-0.018443,-0.095125,0.009807,-0.131276,-0.055907,0.016682,-0.039043,0.030799,0.269108,0.002027,0.004047,0.010058,-0.001014,0.039923,0.000035,0.006693,0.002402,-0.024120,-0.002973,0.002814,-0.493368,-0.263352,0.031913,-0.003665,-0.044385,0.074807,-0.067700,0.126276,-0.031877,-0.231152,-0.006095,0.077161
0.004408,0.005902,-0.001358,0.006436,0.006577,-0.001043,-0.005534,-0.038224,-0.004853,-0.001738,-0.006118,0.000749,0.002158,0.002193,-0.013223,-0.006452,0.001680,0.002027,0.007888,-0.000222,-0.000139,0.001571,-0.004950,-0.000125,-0.000375,-0.000063,-0.000486,-0.000232,-0.000125,-0.035242,0.003232,-0.000647,-0.003233,0.009207,0.021430,-0.000439,0.006186,0.011814,-0.021043,-0.000118,-0.002364
0.055838,0.063190,-0.013499,0.000040,0.081641,-0.005705,0.067863,0.114659,-0.015077,0.058654,0.122557,-0.005546,0.013088,-0.004332,0.014501,0.034136,-0.002583,0.004047,-0.000222,0.058906,0.001526,0.003355,0.005253,-0.001001,-0.001684,-0.000501,-0.008034,-0.000028,-0.001001,0.813423,-0.023056,-0.005173,0.041419,0.135661,-0.007982,-0.016147,-0.016469,0.023274,-0.031888,-0.000946,-0.001761
0.017283,0.046644,0.023556,-0.000800,0.005181,0.037002,-0.022394,0.085795,0.017952,-0.025841,-0.020037,0.002980,0.003415,0.005345,0.030323,-0.050730,0.003520,0.010058,-0.000139,0.001526,0.046798,-0.006494,-0.022113,-0.000626,0.003400,-0.000313,0.005487,0.000103,-0.000626,-0.123919,-0.011900,0.002044,-0.016165,-0.001458,-0.015543,0.015341,0.055290,-0.008211,-0.037975,-0.000591,0.184750
0.079838,-0.005690,0.063055,0.000285,-0.030483,0.016441,0.051593,0.375571,-0.003183,-0.038378,0.013376,0.007078,0.009003,-0.010805,-0.008099,-0.022445,0.015935,-0.001014,0.001571,0.003355,-0.006494,0.344183,0.093880,0.002311,0.009277,-0.006410,0.040512,0.002148,-0.002865,0.080261,-0.044831,0.018915,0.036947,0.007266,-0.017068,-0.010491,0.039123,-0.028707,0.069732,0.000940,0.061583
0.659186,-0.239568,0.572349,0.036180,0.577072,0.286660,0.715424,4.112419,-0.249047,0.211716,0.843658,-0.012186,0.312654,-0.254490,0.347630,1.114070,0.102259,0.039923,-0.004950,0.005253,-0.022113,0.093880,2.889300,0.001470,0.038712,0.011289,0.031540,-0.001469,-0.006445,4.250727,-0.291881,0.504959,0.233238,0.641488,-0.002129,-0.274207,-0.160621,0.097660,-0.725254,0.022497,0.344398
0.009879,-0.008527,0.034129,-0.000720,-0.013938,-0.003374,0.046336,-0.042125,-0.002049,-0.015737,-0.013021,0.001712,0.012541,-0.001610,-0.058795,-0.014522,0.002302,0.000035,-0.000125,-0.001001,-0.000626,0.002311,0.001470,0.023184,0.000949,-0.000282,0.002636,0.000794,0.013949,-0.058855,0.002795,-0.001590,0.027668,-0.013318,-0.003170,0.016839,-0.002720,-0.010820,0.101960,-0.000532,0.023663
0.023522,0.018300,0.093151,0.003118,-0.023345,0.004391,0.014997,0.532464,-0.033852,-0.056447,-0.008719,0.001357,0.028705,-0.009993,-0.062219,-0.069952,0.010638,0.006693,-0.000375,-0.001684,0.003400,0.009277,0.038712,0.000949,0.066172,-0.000845,-0.006886,-0.000315,-0.000370,-0.077185,-0.058279,0.008421,0.050022,-0.021484,-0.017427,-0.017678,0.013899,-0.008713,-0.000157,-0.001596,0.081544
-0.014966,-0.006932,-0.004703,-0.000360,0.020076,-0.002347,0.011295,-0.013741,-0.006961,-0.005230,0.028450,0.000631,-0.001797,-0.004548,-0.026503,0.001314,-0.000325,0.002402,-0.000063,-0.000501,-0.000313,-0.006410,0.011289,-0.000282,-0.000845,0.011733,0.002216,-0.000138,-0.000282,-0.000449,-0.003236,-0.001455,0.011195,0.013130,0.007650,-0.011957,-0.000972,0.005804,-0.002900,-0.000266,-0.005319
0.150145,0.025350,0.001469,-0.008865,-0.068508,-0.047444,0.110813,-0.557330,-0.035611,0.073118,-0.155436,-0.014953,0.042314,0.061901,0.184564,0.115382,0.019601,-0.024120,-0.000486,-0.008034,0.005487,0.040512,0.031540,0.002636,-0.006886,0.002216,1.045959,-0.009228,-0.001065,-0.148345,0.050639,0.044039,0.050914,-0.055994,-0.037705,0.066393,-0.036414,-0.064432,0.064707,0.005425,0.097372
-0.007468,0.001236,-0.001456,-0.000847,-0.000790,0.000427,-0.001325,-0.053932,0.003170,0.000168,-0.001204,0.000302,0.005124,0.002013,-0.002824,-0.002069,0.000788,-0.002973,-0.000232,-0.000028,0.000103,0.002148,-0.001469,0.000794,-0.000315,-0.000138,-0.009228,0.012143,-0.000049,-0.005892,0.003856,-0.000079,-0.001311,-0.001584,0.001833,0.009064,0.009197,0.004271,0.011765,-0.000047,0.000525
0.010985,0.004591,0.042044,-0.000720,-0.017896,-0.003374,0.021270,0.104313,-0.009965,-0.024972,-0.027532,0.003913,0.014287,-0.002022,-0.014045,-0.021119,0.002432,0.002814,-0.000125,-0.001001,-0.000626,-0.002865,-0.006445,0.013949,-0.000370,-0.000282,-0.001065,-0.000049,0.023184,-0.158591,-0.002624,-0.002910,0.039541,-0.023872,-0.008447,0.016901,-0.000622,-0.012139,0.151435,-0.000532,0.018386
4.544514,3.380291,-0.533083,0.264349,6.302241,0.216586,3.735678,14.762011,-1.769707,9.908280,9.802024,-2.627346,2.235971,0.320636,-0.051118,12.173930,0.128048,-0.493368,-0.035242,0.813423,-0.123919,0.080261,4.250727,-0.058855,-0.077185,-0.000449,-0.148345,-0.005892,-0.158591,126.607784,3.672881,0.433609,2.626552,8.892880,0.635514,-0.875000,-3.091711,1.790287,-6.662458,0.073729,-1.014492
-0.155952,0.319820,-0.093029,0.000167,0.112952,0.038644,-0.226864,-7.304813,0.180224,0.701800,0.166207,-0.104679,0.698404,0.626277,-0.227846,0.803104,-0.185856,-0.263352,0.003232,-0.023056,-0.011900,-0.044831,-0.291881,0.002795,-0.058279,-0.003236,0.050639,0.003856,-0.002624,3.672881,4.954232,-0.088616,-0.103570,0.121833,-0.119286,0.379527,-0.689966,0.003854,0.895605,0.022020,-0.079991
0.139331,-0.082677,0.125100,-0.003718,-0.027819,0.105040,-0.110203,0.295568,-0.033675,0.004443,-0.057818,0.032334,0.007539,-0.034349,0.096311,0.047879,0.015959,0.031913,-0.000647,-0.005173,0.002044,0.018915,0.504959,-0.001590,0.008421,-0.001455,0.044039,-0.000079,-0.002910,0.433609,-0.088616,0.387341,-0.063293,-0.052098,-0.023856,-0.069020,-0.034589,-0.036334,-0.235517,-0.000110,0.084881
0.564355,0.221167,0.398589,0.026265,0.597052,0.030479,1.294633,2.320057,-0.168375,-0.045069,1.193759,-0.029249,0.193400,-0.101854,-0.015807,0.577127,0.081396,-0.003665,-0.003233,0.041419,-0.016165,0.036947,0.233238,0.027668,0.050022,0.011195,0.050914,-0.001311,0.039541,2.626552,-0.103570,-0.063293,1.672980,0.860883,0.210534,-0.310767,-0.138256,0.174528,0.526511,-0.001867,0.263456
0.617342,0.184991,0.018431,0.196410,3.228213,-0.048536,1.361220,0.709006,-0.205381,0.099845,4.980689,-0.131438,-0.054016,-0.048865,0.609258,-0.272943,0.040702,-0.044385,0.009207,0.135661,-0.001458,0.007266,0.641488,-0.013318,-0.021484,0.013130,-0.055994,-0.001584,-0.023872,8.892880,0.121833,-0.052098,0.860883,4.936648,0.466021,-0.340461,-0.504508,1.402316,-1.332142,-0.014630,0.055684
0.104644,-0.059771,-0.112520,0.043736,0.315112,0.029868,0.305415,-0.323565,-0.071197,0.237116,0.495545,-0.082421,-0.246550,-0.048317,0.163997,0.655077,0.055690,0.074807,0.021430,-0.007982,-0.015543,-0.017068,-0.002129,-0.003170,-0.017427,0.007650,-0.037705,0.001833,-0.008447,0.635514,-0.119286,-0.023856,0.210534,0.466021,1.327994,-0.165861,0.079210,0.334621,-0.664575,-0.014135,-0.183749
-0.082470,0.166809,0.059045,-0.031202,0.064126,0.100682,-0.524408,-7.295259,0.390441,0.092867,-0.068323,0.111142,0.329598,0.308834,0.059504,0.101101,-0.089274,-0.067700,-0.000439,-0.016147,0.015341,-0.010491,-0.274207,0.016839,-0.017678,-0.011957,0.066393,0.009064,0.016901,-0.875000,0.379527,-0.069020,-0.310767,-0.340461,-0.165861,4.033538,-0.080384,-0.092976,0.743244,0.019086,0.042402
-0.039488,-0.047153,0.040696,-0.017593,-0.335130,0.041386,-0.200523,1.067732,0.057573,-0.261183,-0.572832,0.092492,-0.361483,-0.182106,0.073401,-0.241228,0.084586,0.126276,0.006186,-0.016469,0.055290,0.039123,-0.160621,-0.002720,0.013899,-0.000972,-0.036414,0.009197,-0.000622,-3.091711,-0.689966,-0.034589,-0.138256,-0.504508,0.079210,-0.080384,1.677430,-0.112589,-0.078608,0.011481,0.352753
0.088890,0.117458,0.030592,0.099264,1.399201,-0.052348,0.289031,-0.415608,-0.131685,-0.078891,2.085943,-0.039862,-0.118074,-0.011113,0.179808,-0.372550,0.027819,-0.031877,0.011814,0.023274,-0.008211,-0.028707,0.097660,-0.010820,-0.008713,0.005804,-0.064432,0.004271,-0.012139,1.790287,0.003854,-0.036334,0.174528,1.402316,0.334621,-0.092976,-0.112589,1.102447,-0.654071,-0.006188,-0.041963
-0.939734,-0.262143,0.777854,-0.160173,-1.308737,-0.343211,0.130018,-3.138773,-0.258295,-0.909096,-1.595207,0.280662,0.839782,0.317287,-0.361819,-0.891086,-0.098964,-0.231152,-0.021043,-0.031888,-0.037975,0.069732,-0.725254,0.101960,-0.000157,-0.002900,0.064707,0.011765,0.151435,-6.662458,0.895605,-0.235517,0.526511,-1.332142,-0.664575,0.743244,-0.078608,-0.654071,16.912225,0.004901,-0.032250
0.037797,-0.001235,-0.010057,-0.000680,-0.003709,-0.003113,-0.002413,-0.180162,-0.004794,0.042745,-0.006214,-0.014802,0.019531,0.006483,0.014755,0.169149,0.000479,-0.006095,-0.000118,-0.000946,-0.000591,0.000940,0.022497,-0.000532,-0.001596,-0.000266,0.005425,-0.000047,-0.000532,0.073729,0.022020,-0.000110,-0.001867,-0.014630,-0.014135,0.019086,0.011481,-0.006188,0.004901,0.037756,-0.008727
0.303321,0.312551,0.685404,0.006197,0.043230,0.324283,0.223517,0.914447,-0.078726,-0.295501,-0.027972,0.015011,-0.008165,-0.006710,0.495962,-0.508845,0.036418,0.077161,-0.002364,-0.001761,0.184750,0.061583,0.344398,0.023663,0.081544,-0.005319,0.097372,0.000525,0.018386,-1.014492,-0.079991,0.084881,0.263456,0.055684,-0.183749,0.042402,0.352753,-0.041963,-0.032250,-0.008727,3.062921
