0.092086,0.005196,0.003134,0.001752,0.002795,0.003654,0.006144,0.007395,-0.000976,0.005899,0.002880,0.000601,0.005222,-0.005530,0.012664,0.003779,0.006827,0.002401,-0.000104,0.002944,0.001304,0.002418,0.000804,0.003459,0.006220,-0.000317,0.009695,0.005090,0.001416,0.008832,-0.001962,0.002381,0.008251,0.006132,0.002932,0.000264,0.001092,0.000880,-0.001122,0.001682,0.002315
0.005196,0.020960,0.000157,-0.000231,0.000176,0.000750,0.000016,-0.001186,-0.000856,0.002943,0.000358,-0.000142,0.001498,0.001677,0.000036,0.000851,0.001464,0.000134,0.000202,0.002308,0.000552,-0.001106,-0.000247,-0.000591,0.000121,-0.000235,0.001180,-0.002952,0.000465,0.004005,0.001354,-0.001035,0.001780,0.000389,-0.000654,0.000071,0.000665,0.000861,-0.000925,0.000107,0.000899
0.003134,0.000157,0.009911,0.000351,0.000324,0.000572,0.002893,-0.000857,-0.000909,-0.001796,0.000279,-0.000157,0.004943,-0.001125,0.000831,-0.000614,0.003138,-0.001346,-0.000086,-0.000439,0.000545,0.003238,0.000307,0.002168,0.006897,-0.000105,0.000676,0.000693,0.002891,-0.000460,-0.000011,0.001041,0.002440,0.000292,-0.000755,0.001614,0.000331,0.000393,0.004431,-0.000220,0.001691
0.001752,-0.000231,0.000351,0.006727,0.001872,0.000036,0.001790,-0.000502,-0.000021,-0.000883,0.001934,-0.001550,-0.001623,-0.000569,0.000678,0.000056,0.000881,-0.000843,0.001489,0.000097,-0.000067,-0.000814,0.000101,-0.000286,0.000885,-0.000050,-0.000664,0.000393,-0.000302,0.001253,0.000075,-0.000168,0.000596,0.004448,0.002360,-0.000460,-0.000217,0.004951,-0.002474,-0.000088,0.000080
0.002795,0.000176,0.000324,0.001872,0.003887,0.000135,0.001624,-0.000130,-0.000125,0.000067,0.003390,0.000006,-0.000567,-0.000371,0.002284,0.000283,0.000293,-0.000734,0.000068,0.001208,0.000017,0.000197,0.000111,-0.000337,-0.000450,0.000043,-0.000479,0.000213,-0.000473,0.002574,0.000058,-0.000066,0.001495,0.005052,0.001134,0.000216,-0.000931,0.004809,-0.001615,-0.000046,-0.000038
0.003654,0.000750,0.000572,0.000036,0.000135,0.004054,-0.000108,-0.001363,0.001018,0.000238,0.000094,0.000009,0.000313,-0.000255,0.001203,0.000387,0.000883,0.001337,-0.000062,-0.000073,0.001135,-0.000320,0.000103,-0.000251,0.000242,0.000039,-0.000414,0.000812,-0.000272,-0.000367,0.000352,0.000770,-0.000218,-0.000060,-0.000236,0.000353,0.000544,-0.000417,-0.000838,-0.000083,0.001722
0.006144,0.000016,0.002893,0.001790,0.001624,-0.000108,0.011248,0.002413,-0.000260,-0.000639,0.002458,-0.000226,0.003329,-0.002074,0.002465,0.000857,0.000612,-0.002789,-0.000233,0.001684,-0.000213,0.002249,0.000271,0.002271,-0.000153,0.000378,0.003214,0.003309,0.001461,0.002673,-0.000459,-0.000611,0.005195,0.004899,0.001657,-0.000780,-0.001472,0.002710,0.002006,0.000050,0.000467
0.007395,-0.001186,-0.000857,-0.000502,-0.000130,-0.001363,0.002413,0.094714,-0.004584,0.001179,-0.000452,-0.002592,-0.002139,-0.006693,-0.005553,-0.000325,0.004775,0.000011,-0.000396,0.000745,0.000359,0.006779,0.000495,0.001511,0.009824,0.000023,-0.002230,0.006742,0.003562,0.005145,-0.005227,0.000964,0.002675,0.000310,-0.000883,-0.003936,0.001727,-0.002960,-0.001052,-0.000135,0.000673
-0.000976,-0.000856,-0.000909,-0.000021,-0.000125,0.001018,-0.000260,-0.004584,0.004194,0.000264,-0.000370,0.001406,0.000489,0.002406,0.000472,0.000547,-0.001602,0.000632,-0.000154,-0.000308,0.000142,-0.000757,-0.000095,-0.000106,-0.001358,0.000065,0.000278,-0.000071,-0.000377,-0.000899,0.000861,-0.000130,-0.000951,-0.000373,-0.000496,0.000630,-0.000136,-0.000655,-0.000297,0.000018,-0.000071
0.005899,0.002943,-0.001796,-0.000883,0.000067,0.000238,-0.000639,0.001179,0.000264,0.021476,-0.000112,-0.002355,0.002058,0.004279,0.004520,0.006050,0.001183,0.000645,-0.000115,0.001753,-0.000263,-0.003863,0.000120,-0.001310,-0.003967,-0.000225,0.003081,-0.003919,-0.002227,0.009216,0.002899,0.000112,-0.001185,-0.000558,0.002512,-0.000412,0.001388,-0.001443,-0.003655,0.001338,-0.000547
0.002880,0.000358,0.000279,0.001934,0.003390,0.000094,0.002458,-0.000452,-0.000370,-0.000112,0.005308,0.000444,-0.000368,-0.001097,0.002496,0.000471,0.000189,-0.000802,-0.000107,0.001373,-0.000063,0.000898,0.000141,-0.000366,-0.000084,0.000333,-0.000429,0.000573,-0.000641,0.003117,0.000294,-0.000173,0.002413,0.006827,0.001320,0.000146,-0.001147,0.006485,-0.001745,-0.000075,-0.000019
0.000601,-0.000142,-0.000157,-0.001550,0.000006,0.000009,-0.000226,-0.002592,0.001406,-0.002355,0.000444,0.055408,0.000881,-0.003593,-0.001078,0.000084,-0.001648,0.001117,-0.000426,0.001772,0.000376,0.001177,-0.000027,-0.002528,0.002131,0.000377,0.000523,-0.002022,-0.000397,-0.000997,-0.001081,0.000189,0.000049,-0.000313,-0.002065,-0.000377,0.000841,-0.001239,0.001363,0.000174,-0.000206
0.005222,0.001498,0.004943,-0.001623,-0.000567,0.000313,0.003329,-0.002139,0.000489,0.002058,-0.000368,0.000881,0.059396,0.006904,0.006925,0.002896,-0.001161,-0.009252,-0.000441,0.000346,0.000117,0.004561,0.000362,0.002986,0.003214,0.000448,0.003882,0.003192,0.004509,0.003737,0.006560,0.000378,0.002728,-0.000693,-0.006991,0.004597,-0.006447,-0.002274,0.010297,0.001441,-0.000691
-0.005530,0.001677,-0.001125,-0.000569,-0.000371,-0.000255,-0.002074,-0.006693,0.002406,0.004279,-0.001097,-0.003593,0.006904,0.038344,0.001119,0.001721,-0.002922,-0.002333,-0.000020,-0.000306,-0.000013,-0.001982,-0.000386,-0.000805,-0.003135,-0.000413,0.003452,-0.004954,-0.001173,0.002194,0.008561,-0.000753,-0.001671,-0.001076,-0.001298,0.002261,-0.003004,-0.001047,0.002482,0.000720,-0.000354
0.012664,0.000036,0.000831,0.000678,0.002284,0.001203,0.002465,-0.005553,0.000472,0.004520,0.002496,-0.001078,0.006925,0.001119,0.106427,0.001208,0.001823,-0.000701,-0.000798,0.000162,0.000016,0.003152,0.000385,-0.000515,-0.001809,0.000181,0.008807,-0.001937,-0.000336,0.002930,0.000148,0.001232,0.001788,0.003210,0.001448,0.001852,0.001097,0.004065,0.002616,0.000705,0.001175
0.003779,0.000851,-0.000614,0.000056,0.000283,0.000387,0.000857,-0.000325,0.000547,0.006050,0.000471,0.000084,0.002896,0.001721,0.001208,0.007899,-0.000295,-0.000578,-0.000119,0.000229,-0.000247,-0.000385,0.000157,-0.000213,-0.001669,0.000013,0.001992,-0.000842,-0.000649,0.004088,0.000947,0.000209,0.000295,-0.000010,0.000889,0.000220,-0.000085,-0.000473,-0.000123,0.001507,-0.000306
0.006827,0.001464,0.003138,0.000881,0.000293,0.000883,0.000612,0.004775,-0.001602,0.001183,0.000189,-0.001648,-0.001161,-0.002922,0.001823,-0.000295,0.016711,0.002570,0.000257,0.000690,0.002181,0.000133,0.000128,0.001194,0.005095,-0.000081,0.003429,-0.000516,0.000608,0.002918,-0.002022,0.000014,0.002795,0.000751,0.002301,-0.000722,0.006508,0.000777,0.000206,0.000182,0.002921
0.002401,0.000134,-0.001346,-0.000843,-0.000734,0.001337,-0.002789,0.000011,0.000632,0.000645,-0.000802,0.001117,-0.009252,-0.002333,-0.000701,-0.000578,0.002570,0.025424,0.000901,0.000106,0.001330,-0.004051,-0.000173,-0.001217,0.000390,-0.000033,-0.003661,0.000352,-0.001662,-0.001727,-0.003941,0.000962,-0.002400,-0.001288,0.004879,-0.000929,0.008073,0.000043,-0.006281,-0.000509,0.000973
-0.000104,0.000202,-0.000086,0.001489,0.000068,-0.000062,-0.000233,-0.000396,-0.000154,-0.000115,-0.000107,-0.000426,-0.000441,-0.000020,-0.000798,-0.000119,0.000257,0.000901,0.002623,-0.000061,-0.000021,-0.000116,-0.000021,-0.000089,-0.000271,-0.000016,-0.000344,0.000809,-0.000094,-0.000163,0.000001,-0.000052,-0.000202,0.000330,0.001863,-0.000086,0.000707,0.000982,-0.000822,-0.000027,-0.000061
0.002944,0.002308,-0.000439,0.000097,0.001208,-0.000073,0.001684,0.000745,-0.000308,0.001753,0.001373,0.001772,0.000346,-0.000306,0.000162,0.000229,0.000690,0.000106,-0.000061,0.007532,0.000212,-0.000181,0.000012,-0.000345,-0.001054,-0.000061,0.000352,-0.000609,-0.000365,0.004711,-0.000395,-0.000203,0.001671,0.003154,-0.000545,-0.000196,-0.000013,0.001318,-0.000716,-0.000106,-0.000075
0.001304,0.000552,0.000545,-0.000067,0.000017,0.001135,-0.000213,0.000359,0.000142,-0.000263,-0.000063,0.000376,0.000117,-0.000013,0.000016,-0.000247,0.002181,0.001330,-0.000021,0.000212,0.002611,-0.001059,-0.000028,-0.000118,0.000078,-0.000021,0.000391,0.000324,-0.000125,-0.000224,-0.000241,0.000150,-0.000269,-0.000048,-0.000469,0.000287,0.001554,-0.000285,-0.000640,-0.000037,0.000896
0.002418,-0.001106,0.003238,-0.000814,0.000197,-0.000320,0.002249,0.006779,-0.000757,-0.003863,0.000898,0.001177,0.004561,-0.001982,0.003152,-0.000385,0.000133,-0.004051,-0.000116,-0.000181,-0.001059,0.060327,0.000302,0.001893,0.007179,-0.000274,0.003082,0.004574,0.001060,-0.000822,-0.001280,0.000838,0.002436,0.000212,-0.003997,0.000961,-0.002594,-0.001062,0.005378,0.000486,0.000568
0.000804,-0.000247,0.000307,0.000101,0.000111,0.000103,0.000271,0.000495,-0.000095,0.000120,0.000141,-0.000027,0.000362,-0.000386,0.000385,0.000157,0.000128,-0.000173,-0.000021,0.000012,-0.000028,0.000302,0.000135,0.000045,0.000306,0.000032,0.000268,0.000298,-0.000035,0.000377,-0.000086,0.000377,0.000154,0.000241,-0.000016,-0.000047,-0.000156,0.000108,-0.000046,0.000045,0.000084
0.003459,-0.000591,0.002168,-0.000286,-0.000337,-0.000251,0.002271,0.001511,-0.000106,-0.001310,-0.000366,-0.002528,0.002986,-0.000805,-0.000515,-0.000213,0.001194,-0.001217,-0.000089,-0.000345,-0.000118,0.001893,0.000045,0.021925,-0.000217,-0.000089,0.001972,0.002605,0.013980,-0.000692,0.000229,-0.000131,0.003915,-0.000803,-0.000751,0.000678,-0.000126,-0.001279,0.006626,-0.000155,0.001021
0.006220,0.000121,0.006897,0.000885,-0.000450,0.000242,-0.000153,0.009824,-0.001358,-0.003967,-0.000084,0.002131,0.003214,-0.003135,-0.001809,-0.001669,0.005095,0.000390,-0.000271,-0.001054,0.000078,0.007179,0.000306,-0.000217,0.063902,-0.000271,0.000066,0.003333,-0.001627,-0.000673,-0.002911,0.001240,0.003871,-0.000723,-0.002762,-0.000834,0.001360,-0.001119,0.000433,-0.000475,0.002506
-0.000317,-0.000235,-0.000105,-0.000050,0.000043,0.000039,0.000378,0.000023,0.000065,-0.000225,0.000333,0.000377,0.000448,-0.000413,0.000181,0.000013,-0.000081,-0.000033,-0.000016,-0.000061,-0.000021,-0.000274,0.000032,-0.000089,-0.000271,0.001304,0.000029,0.000541,-0.000094,-0.000050,-0.000042,-0.000052,0.000421,0.000489,0.000355,-0.000191,-0.000286,0.000350,0.000053,-0.000027,-0.000045
0.009695,0.001180,0.000676,-0.000664,-0.000479,-0.000414,0.003214,-0.002230,0.000278,0.003081,-0.000429,0.000523,0.003882,0.003452,0.008807,0.001992,0.003429,-0.003661,-0.000344,0.000352,0.000391,0.003082,0.000268,0.001972,0.000066,0.000029,0.100626,0.001663,0.000805,0.001310,0.000095,0.001586,0.003309,0.000269,-0.000042,0.000481,-0.001732,-0.002739,0.001937,0.001315,0.000391
0.005090,-0.002952,0.000693,0.000393,0.000213,0.000812,0.003309,0.006742,-0.000071,-0.003919,0.000573,-0.002022,0.003192,-0.004954,-0.001937,-0.000842,-0.000516,0.000352,0.000809,-0.000609,0.000324,0.004574,0.000298,0.002605,0.003333,0.000541,0.001663,0.055510,0.002197,-0.003202,-0.002765,0.000628,0.002777,0.001949,-0.000129,0.000753,-0.002603,0.001266,0.005585,-0.000143,-0.000117
0.001416,0.000465,0.002891,-0.000302,-0.000473,-0.000272,0.001461,0.003562,-0.000377,-0.002227,-0.000641,-0.000397,0.004509,-0.001173,-0.000336,-0.000649,0.000608,-0.001662,-0.000094,-0.000365,-0.000125,0.001060,-0.000035,0.013980,-0.001627,-0.000094,0.000805,0.002197,0.023184,-0.002111,-0.000079,-0.000313,0.003628,-0.001316,-0.001637,0.001949,-0.001102,-0.001529,0.009132,-0.000164,0.000903
0.008832,0.004005,-0.000460,0.001253,0.002574,-0.000367,0.002673,0.005145,-0.000899,0.009216,0.003117,-0.000997,0.003737,0.002194,0.002930,0.004088,0.002918,-0.001727,-0.000163,0.004711,-0.000224,-0.000822,0.000377,-0.000692,-0.000673,-0.000050,0.001310,-0.003202,-0.002111,0.022831,0.001669,0.000768,0.002719,0.006788,0.000272,-0.000560,-0.000874,0.002728,-0.003188,0.000837,-0.000376
-0.001962,0.001354,-0.000011,0.000075,0.000058,0.000352,-0.000459,-0.005227,0.000861,0.002899,0.000294,-0.001081,0.006560,0.008561,0.000148,0.000947,-0.002022,-0.003941,0.000001,-0.000395,-0.000241,-0.001280,-0.000086,0.000229,-0.002911,-0.000042,0.000095,-0.002765,-0.000079,0.001669,0.014988,-0.000543,-0.000580,0.000114,-0.001189,0.000720,-0.003607,0.000038,0.002344,0.000410,0.000024
0.002381,-0.001035,0.001041,-0.000168,-0.000066,0.000770,-0.000611,0.000964,-0.000130,0.000112,-0.000173,0.000189,0.000378,-0.000753,0.001232,0.000209,0.000014,0.000962,-0.000052,-0.000203,0.000150,0.000838,0.000377,-0.000131,0.001240,-0.000052,0.001586,0.000628,-0.000313,0.000768,-0.000543,0.005268,-0.000548,-0.000337,-0.000433,-0.000572,-0.000451,-0.000478,-0.001518,-0.000009,0.000248
0.008251,0.001780,0.002440,0.000596,0.001495,-0.000218,0.005195,0.002675,-0.000951,-0.001185,0.002413,0.000049,0.002728,-0.001671,0.001788,0.000295,0.002795,-0.002400,-0.000202,0.001671,-0.000269,0.002436,0.000154,0.003915,0.003871,0.000421,0.003309,0.002777,0.003628,0.002719,-0.000580,-0.000548,0.012609,0.004295,0.001632,-0.001487,-0.001041,0.002102,0.005279,-0.000105,0.001003
0.006132,0.000389,0.000292,0.004448,0.005052,-0.000060,0.004899,0.000310,-0.000373,-0.000558,0.006827,-0.000313,-0.000693,-0.001076,0.003210,-0.000010,0.000751,-0.001288,0.000330,0.003154,-0.000048,0.000212,0.000241,-0.000803,-0.000723,0.000489,0.000269,0.001949,-0.001316,0.006788,0.000114,-0.000337,0.004295,0.016051,0.003365,-0.000827,-0.002518,0.010765,-0.003601,-0.000274,0.000019
0.002932,-0.000654,-0.000755,0.002360,0.001134,-0.000236,0.001657,-0.000883,-0.000496,0.002512,0.001320,-0.002065,-0.006991,-0.001298,0.001448,0.000889,0.002301,0.004879,0.001863,-0.000545,-0.000469,-0.003997,-0.000016,-0.000751,-0.002762,0.000355,-0.000042,-0.000129,-0.001637,0.000272,-0.001189,-0.000433,0.001632,0.003365,0.028052,-0.001492,0.003970,0.006276,-0.005021,-0.000650,-0.000945
0.000264,0.000071,0.001614,-0.000460,0.000216,0.000353,-0.000780,-0.003936,0.000630,-0.000412,0.000146,-0.000377,0.004597,0.002261,0.001852,0.000220,-0.000722,-0.000929,-0.000086,-0.000196,0.000287,0.000961,-0.000047,0.000678,-0.000834,-0.000191,0.000481,0.000753,0.001949,-0.000560,0.000720,-0.000572,-0.001487,-0.000827,-0.001492,0.015456,-0.000964,-0.000480,0.004697,0.000187,0.000371
0.001092,0.000665,0.000331,-0.000217,-0.000931,0.000544,-0.001472,0.001727,-0.000136,0.001388,-0.001147,0.000841,-0.006447,-0.003004,0.001097,-0.000085,0.006508,0.008073,0.000707,-0.000013,0.001554,-0.002594,-0.000156,-0.000126,0.001360,-0.000286,-0.001732,-0.002603,-0.001102,-0.000874,-0.003607,-0.000451,-0.001041,-0.002518,0.003970,-0.000964,0.025753,-0.001090,-0.002178,0.000264,0.001172
0.000880,0.000861,0.000393,0.004951,0.004809,-0.000417,0.002710,-0.002960,-0.000655,-0.001443,0.006485,-0.001239,-0.002274,-0.001047,0.004065,-0.000473,0.000777,0.000043,0.000982,0.001318,-0.000285,-0.001062,0.000108,-0.001279,-0.001119,0.000350,-0.002739,0.001266,-0.001529,0.002728,0.000038,-0.000478,0.002102,0.010765,0.006276,-0.000480,-0.001090,0.017884,-0.004555,-0.000281,-0.000295
-0.001122,-0.000925,0.004431,-0.002474,-0.001615,-0.000838,0.002006,-0.001052,-0.000297,-0.003655,-0.001745,0.001363,0.010297,0.002482,0.002616,-0.000123,0.000206,-0.006281,-0.000822,-0.000716,-0.000640,0.005378,-0.000046,0.006626,0.000433,0.000053,0.001937,0.005585,0.009132,-0.003188,0.002344,-0.001518,0.005279,-0.003601,-0.005021,0.004697,-0.002178,-0.004555,0.041391,0.000499,0.000539
0.001682,0.000107,-0.000220,-0.000088,-0.000046,-0.000083,0.000050,-0.000135,0.000018,0.001338,-0.000075,0.000174,0.001441,0.000720,0.000705,0.001507,0.000182,-0.000509,-0.000027,-0.000106,-0.000037,0.000486,0.000045,-0.000155,-0.000475,-0.000027,0.001315,-0.000143,-0.000164,0.000837,0.000410,-0.000009,-0.000105,-0.000274,-0.000650,0.000187,0.000264,-0.000281,0.000499,0.003333,0.000003
0.002315,0.000899,0.001691,0.000080,-0.000038,0.001722,0.000467,0.000673,-0.000071,-0.000547,-0.000019,-0.000206,-0.000691,-0.000354,0.001175,-0.000306,0.002921,0.000973,-0.000061,-0.000075,0.000896,0.000568,0.000084,0.001021,0.002506,-0.000045,0.000391,-0.000117,0.000903,-0.000376,0.000024,0.000248,0.001003,0.000019,-0.000945,0.000371,0.001172,-0.000295,0.000539,0.000003,0.003646
