0.091736,0.003253,0.026290,-0.001974,0.009726,0.009766,0.056696,0.185382,0.020574,0.024193,0.010301,-0.017137,0.017053,-0.005048,0.039674,0.058566,-0.000015,-0.000531,0.000000,0.004032,0.001984,0.002432,0.048617,0.000508,0.002169,0.000896,0.010186,0.000404,0.000738,0.121268,0.001647,0.006523,0.035073,0.022550,0.002791,0.016272,-0.002317,-0.002758,0.028917,0.000598,0.000799
0.003253,0.202306,0.005936,-0.000891,-0.014161,0.003164,-0.016792,-0.155160,0.032584,0.016926,0.005192,-0.003641,0.000633,0.017147,-0.000543,-0.039985,0.001701,0.000214,0.000000,0.010739,-0.000019,-0.000213,-0.054603,0.001586,-0.003949,-0.002033,-0.000190,0.001480,0.000386,0.072001,0.008293,-0.007010,-0.017154,0.030124,0.007439,0.005441,0.016067,0.010860,0.016696,-0.002665,0.017467
0.026290,0.005936,0.520153,-0.000652,-0.017877,0.017708,0.102392,0.050064,-0.070720,0.007826,-0.023537,-0.025004,0.008856,-0.009805,0.010390,0.032537,0.002106,-0.000621,0.000000,-0.000664,-0.000082,0.007527,0.007700,0.009061,0.027879,0.000070,0.001994,-0.000265,0.007028,-0.205581,-0.012520,0.027729,0.216781,-0.016553,-0.019803,0.042203,0.007049,-0.004484,0.144157,-0.000245,0.085704
-0.001974,-0.000891,-0.000652,0.012811,-0.000597,-0.000602,-0.002275,-0.002040,-0.000759,0.003622,0.008585,0.000505,-0.002116,-0.003609,-0.000068,-0.004544,0.000028,0.000240,0.000000,0.000797,0.000004,-0.000651,0.005957,-0.000113,0.000432,-0.000014,-0.000374,-0.000140,-0.000038,-0.004416,-0.002449,-0.000464,0.009351,-0.000396,-0.000291,-0.003298,0.001495,0.000395,-0.004568,-0.000118,0.000286
0.009726,-0.014161,-0.017877,-0.000597,1.138341,0.014435,0.040711,0.314793,-0.038477,-0.003012,0.244992,0.003574,0.020839,-0.031900,0.061892,-0.159050,0.000231,0.000568,0.000000,0.007242,-0.001229,0.002734,0.063216,0.001016,-0.011709,0.000363,0.017707,0.000114,0.001117,0.573078,0.134177,0.000379,0.036171,0.458869,0.052080,0.020971,0.018109,0.228226,0.085606,-0.002672,0.009251
0.009766,0.003164,0.017708,-0.000602,0.014435,0.081903,-0.008342,0.006081,0.054245,-0.007216,-0.006281,-0.009143,0.003139,-0.003341,0.020938,-0.001790,0.000258,-0.000033,0.000000,-0.001409,0.000034,0.000124,0.049129,0.000935,0.001615,0.000041,0.003082,-0.000283,-0.000608,-0.032653,-0.005984,0.021322,-0.009848,-0.014578,0.005381,0.006851,-0.000278,-0.010335,-0.002067,0.000169,0.020786
0.056696,-0.016792,0.102392,-0.002275,0.040711,-0.008342,1.469287,1.371098,-0.055574,-0.045807,0.009436,-0.005825,0.061154,-0.056161,0.088664,-0.050054,0.000913,-0.002507,0.000000,0.009051,-0.000354,0.017238,0.087620,0.022232,0.049111,0.006167,0.015798,0.000751,0.008599,0.631621,-0.019629,-0.020156,0.314809,0.180578,-0.002392,0.021449,0.013566,0.014311,0.144422,0.000711,0.028044
0.185382,-0.155160,0.050064,-0.002040,0.314793,0.006081,1.371098,21.147903,-0.245612,-0.211490,0.159627,0.000911,0.178786,-0.222676,0.208415,0.084097,-0.003259,-0.008848,0.000000,0.020750,-0.000626,0.033697,0.556660,-0.002403,0.065340,0.030960,0.075216,-0.014622,-0.000441,-0.336100,0.025254,0.059705,0.343740,-0.068085,-0.121526,0.049110,-0.044141,-0.105891,0.289093,0.008649,0.017157
0.020574,0.032584,-0.070720,-0.000759,-0.038477,0.054245,-0.055574,-0.245612,0.767372,0.070960,-0.036999,0.007978,0.004075,0.040999,0.035672,0.108663,-0.001540,0.000812,0.000000,0.016863,0.000038,-0.005723,-0.019499,-0.006281,-0.005780,-0.001057,0.006945,-0.000250,-0.003993,-0.234066,0.054818,0.004599,-0.053871,-0.002749,-0.015701,-0.010437,-0.025336,-0.037794,-0.012805,0.000334,-0.006499
0.024193,0.016926,0.007826,0.003622,-0.003012,-0.007216,-0.045807,-0.211490,0.070960,0.966966,0.030062,-0.030476,0.048140,0.079568,0.038176,0.692253,0.001540,0.000148,0.000000,0.017539,-0.001433,-0.004120,-0.083038,-0.001374,-0.013402,0.001221,0.008292,-0.000959,-0.000091,1.355881,0.093521,-0.008969,0.044537,-0.020554,0.005499,0.020661,0.050635,0.021041,0.054074,0.004611,-0.024531
0.010301,0.005192,-0.023537,0.008585,0.244992,-0.006281,0.009436,0.159627,-0.036999,0.030062,1.882430,0.010123,0.011828,-0.025039,0.065781,0.257172,0.001451,0.000836,0.000000,0.011473,-0.001322,0.002472,0.055547,0.004554,-0.007406,0.000378,0.009407,0.000648,0.004083,0.794233,0.040381,-0.009358,0.070569,0.155883,0.018914,0.012335,0.038659,0.163908,0.062100,-0.004948,-0.008737
-0.017137,-0.003641,-0.025004,0.000505,0.003574,-0.009143,-0.005825,0.000911,0.007978,-0.030476,0.010123,0.191694,0.002347,-0.006025,-0.002646,-0.049117,-0.000683,-0.000053,0.000000,0.000564,-0.005967,0.001469,0.008307,-0.001496,0.003100,0.000157,-0.000966,0.000149,-0.000383,-0.395744,-0.007405,-0.014748,0.022441,-0.010354,-0.018347,-0.001575,-0.018438,-0.002456,-0.003135,-0.000160,0.004141
0.017053,0.000633,0.008856,-0.002116,0.020839,0.003139,0.061154,0.178786,0.004075,0.048140,0.011828,0.002347,0.078998,0.003166,0.029449,0.039727,0.000519,-0.000313,0.000000,0.000538,0.001043,0.001886,0.025462,0.002634,0.003070,0.002131,0.004721,0.001504,0.000444,0.210370,0.014433,0.003212,0.010276,0.021895,-0.002671,0.033979,-0.000958,0.007729,0.033682,0.003259,0.021410
-0.005048,0.017147,-0.009805,-0.003609,-0.031900,-0.003341,-0.056161,-0.222676,0.040999,0.079568,-0.025039,-0.006025,0.003166,0.175419,-0.004092,0.114071,-0.000513,0.000526,0.000000,0.000839,0.000061,-0.001139,-0.046152,-0.001094,-0.000195,-0.000733,-0.003850,0.000089,-0.000709,0.131532,0.047740,-0.004675,-0.015499,-0.039611,-0.004554,0.012766,-0.001444,-0.005473,-0.000545,0.000215,0.007547
0.039674,-0.000543,0.010390,-0.000068,0.061892,0.020938,0.088664,0.208415,0.035672,0.038176,0.065781,-0.002646,0.029449,-0.004092,0.218304,0.133764,0.000971,-0.000498,0.000000,0.001680,-0.000008,-0.000452,0.091845,-0.001254,-0.002682,0.002017,0.013115,0.005324,-0.000627,0.471974,0.034240,0.011872,0.042209,0.077145,0.003973,0.003415,-0.001205,0.019810,0.030724,0.000212,0.001585
0.058566,-0.039985,0.032537,-0.004544,-0.159050,-0.001790,-0.050054,0.084097,0.108663,0.692253,0.257172,-0.049117,0.039727,0.114071,0.133764,6.084012,0.001373,0.000353,0.000000,0.051134,-0.002660,-0.000902,0.011069,-0.006228,-0.009247,0.013822,0.019814,-0.002113,-0.008914,2.764678,0.129023,0.001249,0.065233,-0.035152,-0.007403,-0.016104,0.044675,0.088420,0.042599,0.023155,0.005611
-0.000015,0.001701,0.002106,0.000028,0.000231,0.000258,0.000913,-0.003259,-0.001540,0.001540,0.001451,-0.000683,0.000519,-0.000513,0.000971,0.001373,0.000590,0.000005,0.000000,0.000279,0.000037,-0.000094,0.000519,-0.000047,0.000485,0.000004,0.000175,0.000122,0.000041,0.012573,-0.000547,0.000730,0.000004,-0.000488,0.000266,0.000340,0.001617,0.000715,0.000691,-0.000005,0.002442
-0.000531,0.000214,-0.000621,0.000240,0.000568,-0.000033,-0.002507,-0.008848,0.000812,0.000148,0.000836,-0.000053,-0.000313,0.000526,-0.000498,0.000353,0.000005,0.000218,0.000000,0.000078,-0.000042,-0.000175,-0.000895,-0.000049,-0.000085,-0.000027,-0.000135,-0.000000,-0.000045,-0.000210,0.000445,-0.000037,-0.000769,0.000155,0.000064,-0.000941,0.000494,0.000140,-0.001620,-0.000043,-0.000571
0.000000,0.000000,0.000000,0.000000,0.000000,0.000000,0.000000,0.000000,0.000000,0.000000,0.000000,0.000000,0.000000,0.000000,0.000000,0.000000,0.000000,0.000000,0.000000,0.000000,0.000000,0.000000,0.000000,0.000000,0.000000,0.000000,0.000000,0.000000,0.000000,0.000000,0.000000,0.000000,0.000000,0.000000,0.000000,0.000000,0.000000,0.000000,0.000000,0.000000,0.000000
0.004032,0.010739,-0.000664,0.000797,0.007242,-0.001409,0.009051,0.020750,0.016863,0.017539,0.011473,0.000564,0.000538,0.000839,0.001680,0.051134,0.000279,0.000078,0.000000,0.039261,-0.000057,-0.000105,-0.001587,-0.000260,-0.000200,0.000061,0.001636,0.000117,-0.000024,0.296567,-0.002842,-0.000271,0.008723,0.019128,-0.008299,0.001173,0.004107,0.010835,0.000618,-0.000084,0.010341
0.001984,-0.000019,-0.000082,0.000004,-0.001229,0.000034,-0.000354,-0.000626,0.000038,-0.001433,-0.001322,-0.005967,0.001043,0.000061,-0.000008,-0.002660,0.000037,-0.000042,0.000000,-0.000057,0.002615,-0.000018,0.001143,0.000013,-0.000061,-0.000010,0.000599,-0.000004,-0.000008,-0.000221,-0.000017,-0.000097,0.000248,0.000167,0.000357,0.000092,0.000023,-0.000979,0.000078,-0.000043,0.005891
0.002432,-0.000213,0.007527,-0.000651,0.002734,0.000124,0.017238,0.033697,-0.005723,-0.004120,0.002472,0.001469,0.001886,-0.001139,-0.000452,-0.000902,-0.000094,-0.000175,0.000000,-0.000105,-0.000018,0.002818,0.004045,0.001182,0.001104,0.000041,0.000480,0.000040,0.000726,-0.006099,-0.003937,-0.000668,0.009240,0.003914,-0.001286,0.005292,-0.001701,0.001215,0.008549,0.000091,0.003292
0.048617,-0.054603,0.007700,0.005957,0.063216,0.049129,0.087620,0.556660,-0.019499,-0.083038,0.055547,0.008307,0.025462,-0.046152,0.091845,0.011069,0.000519,-0.000895,0.000000,-0.001587,0.001143,0.004045,0.796950,-0.000673,0.010570,0.001326,0.008701,0.002176,-0.000477,-0.169834,-0.055215,0.001054,0.056273,0.039198,-0.005062,0.032431,-0.009775,0.014935,0.028755,0.000376,-0.014005
0.000508,0.001586,0.009061,-0.000113,0.001016,0.000935,0.022232,-0.002403,-0.006281,-0.001374,0.004554,-0.001496,0.002634,-0.001094,-0.001254,-0.006228,-0.000047,-0.000049,0.000000,-0.000260,0.000013,0.001182,-0.000673,0.012619,-0.000686,-0.000117,0.000363,-0.000000,0.003791,-0.014235,-0.001330,-0.000281,0.012845,0.001953,-0.003512,0.011435,-0.001056,-0.001500,0.021551,-0.000190,0.007067
0.002169,-0.003949,0.027879,0.000432,-0.011709,0.001615,0.049111,0.065340,-0.005780,-0.013402,-0.007406,0.003100,0.003070,-0.000195,-0.002682,-0.009247,0.000485,-0.000085,0.000000,-0.000200,-0.000061,0.001104,0.010570,-0.000686,0.040124,-0.000214,-0.000700,0.000763,-0.000180,-0.071109,-0.004710,-0.000456,0.020391,-0.008025,-0.005795,0.004658,0.001009,-0.003118,0.005883,-0.000051,0.031464
0.000896,-0.002033,0.000070,-0.000014,0.000363,0.000041,0.006167,0.030960,-0.001057,0.001221,0.000378,0.000157,0.002131,-0.000733,0.002017,0.013822,0.000004,-0.000027,0.000000,0.000061,-0.000010,0.000041,0.001326,-0.000117,-0.000214,0.005188,0.000011,-0.000003,0.000005,-0.021918,0.007118,-0.000064,0.000113,0.020087,0.001714,-0.000091,0.000315,0.007722,0.003477,0.000004,-0.000538
0.010186,-0.000190,0.001994,-0.000374,0.017707,0.003082,0.015798,0.075216,0.006945,0.008292,0.009407,-0.000966,0.004721,-0.003850,0.013115,0.019814,0.000175,-0.000135,0.000000,0.001636,0.000599,0.000480,0.008701,0.000363,-0.000700,0.000011,0.012028,-0.000879,0.000275,0.032835,0.003250,0.001684,0.011403,0.012305,0.000440,0.002213,-0.000830,0.003236,0.011734,0.000043,0.000263
0.000404,0.001480,-0.000265,-0.000140,0.000114,-0.000283,0.000751,-0.014622,-0.000250,-0.000959,0.000648,0.000149,0.001504,0.000089,0.005324,-0.002113,0.000122,-0.000000,0.000000,0.000117,-0.000004,0.000040,0.002176,-0.000000,0.000763,-0.000003,-0.000879,0.005375,0.000016,0.007211,-0.000329,-0.000048,0.001480,0.003034,-0.002350,0.004424,-0.000328,0.000125,0.003164,0.000071,0.001200
0.000738,0.000386,0.007028,-0.000038,0.001117,-0.000608,0.008599,-0.000441,-0.003993,-0.000091,0.004083,-0.000383,0.000444,-0.000709,-0.000627,-0.008914,0.000041,-0.000045,0.000000,-0.000024,-0.000008,0.000726,-0.000477,0.003791,-0.000180,0.000005,0.000275,0.000016,0.005182,0.000249,-0.002064,0.000020,0.001615,0.000812,-0.000943,-0.000003,-0.000618,-0.001052,0.010065,-0.000041,0.001432
0.121268,0.072001,-0.205581,-0.004416,0.573078,-0.032653,0.631621,-0.336100,-0.234066,1.355881,0.794233,-0.395744,0.210370,0.131532,0.471974,2.764678,0.012573,-0.000210,0.000000,0.296567,-0.000221,-0.006099,-0.169834,-0.014235,-0.071109,-0.021918,0.032835,0.007211,0.000249,36.827231,0.254129,0.100243,0.179601,0.645993,0.014508,0.091801,0.254642,0.507340,0.244598,0.084480,-0.001544
0.001647,0.008293,-0.012520,-0.002449,0.134177,-0.005984,-0.019629,0.025254,0.054818,0.093521,0.040381,-0.007405,0.014433,0.047740,0.034240,0.129023,-0.000547,0.000445,0.000000,-0.002842,-0.000017,-0.003937,-0.055215,-0.001330,-0.004710,0.007118,0.003250,-0.000329,-0.002064,0.254129,0.689013,-0.007900,0.008435,0.230904,-0.023725,-0.001904,-0.015317,0.079369,0.040481,-0.000063,-0.017881
0.006523,-0.007010,0.027729,-0.000464,0.000379,0.021322,-0.020156,0.059705,0.004599,-0.008969,-0.009358,-0.014748,0.003212,-0.004675,0.011872,0.001249,0.000730,-0.000037,0.000000,-0.000271,-0.000097,-0.000668,0.001054,-0.000281,-0.000456,-0.000064,0.001684,-0.000048,0.000020,0.100243,-0.007900,0.091005,-0.007687,0.002676,0.003091,0.002365,-0.000918,-0.004007,-0.000632,0.000596,0.005235
0.035073,-0.017154,0.216781,0.009351,0.036171,-0.009848,0.314809,0.343740,-0.053871,0.044537,0.070569,0.022441,0.010276,-0.015499,0.042209,0.065233,0.000004,-0.000769,0.000000,0.008723,0.000248,0.009240,0.056273,0.012845,0.020391,0.000113,0.011403,0.001480,0.001615,0.179601,0.008435,-0.007687,0.698913,0.032036,0.019143,0.026797,0.009556,-0.000570,0.140356,0.000077,0.024786
0.022550,0.030124,-0.016553,-0.000396,0.458869,-0.014578,0.180578,-0.068085,-0.002749,-0.020554,0.155883,-0.010354,0.021895,-0.039611,0.077145,-0.035152,-0.000488,0.000155,0.000000,0.019128,0.000167,0.003914,0.039198,0.001953,-0.008025,0.020087,0.012305,0.003034,0.000812,0.645993,0.230904,0.002676,0.032036,1.586060,0.062673,0.005953,-0.004648,0.325860,0.113398,-0.007512,0.024803
0.002791,0.007439,-0.019803,-0.000291,0.052080,0.005381,-0.002392,-0.121526,-0.015701,0.005499,0.018914,-0.018347,-0.002671,-0.004554,0.003973,-0.007403,0.000266,0.000064,0.000000,-0.008299,0.000357,-0.001286,-0.005062,-0.003512,-0.005795,0.001714,0.000440,-0.002350,-0.000943,0.014508,-0.023725,0.003091,0.019143,0.062673,0.372379,-0.004257,0.005854,0.040271,-0.018594,0.000211,-0.009011
0.016272,0.005441,0.042203,-0.003298,0.020971,0.006851,0.021449,0.049110,-0.010437,0.020661,0.012335,-0.001575,0.033979,0.012766,0.003415,-0.016104,0.000340,-0.000941,0.000000,0.001173,0.000092,0.005292,0.032431,0.011435,0.004658,-0.000091,0.002213,0.004424,-0.000003,0.091801,-0.001904,0.002365,0.026797,0.005953,-0.004257,0.338533,-0.001720,0.016319,0.143861,-0.000300,0.037938
-0.002317,0.016067,0.007049,0.001495,0.018109,-0.000278,0.013566,-0.044141,-0.025336,0.050635,0.038659,-0.018438,-0.000958,-0.001444,-0.001205,0.044675,0.001617,0.000494,0.000000,0.004107,0.000023,-0.001701,-0.009775,-0.001056,0.001009,0.000315,-0.000830,-0.000328,-0.000618,0.254642,-0.015317,-0.000918,0.009556,-0.004648,0.005854,-0.001720,0.089013,0.016506,-0.006476,-0.000144,0.005594
-0.002758,0.010860,-0.004484,0.000395,0.228226,-0.010335,0.014311,-0.105891,-0.037794,0.021041,0.163908,-0.002456,0.007729,-0.005473,0.019810,0.088420,0.000715,0.000140,0.000000,0.010835,-0.000979,0.001215,0.014935,-0.001500,-0.003118,0.007722,0.003236,0.000125,-0.001052,0.507340,0.079369,-0.004007,-0.000570,0.325860,0.040271,0.016319,0.016506,0.360249,0.037668,0.001376,0.015944
0.028917,0.016696,0.144157,-0.004568,0.085606,-0.002067,0.144422,0.289093,-0.012805,0.054074,0.062100,-0.003135,0.033682,-0.000545,0.030724,0.042599,0.000691,-0.001620,0.000000,0.000618,0.000078,0.008549,0.028755,0.021551,0.005883,0.003477,0.011734,0.003164,0.010065,0.244598,0.040481,-0.000632,0.140356,0.113398,-0.018594,0.143861,-0.006476,0.037668,0.486444,0.000198,0.048616
0.000598,-0.002665,-0.000245,-0.000118,-0.002672,0.000169,0.000711,0.008649,0.000334,0.004611,-0.004948,-0.000160,0.003259,0.000215,0.000212,0.023155,-0.000005,-0.000043,0.000000,-0.000084,-0.000043,0.000091,0.000376,-0.000190,-0.000051,0.000004,0.000043,0.000071,-0.000041,0.084480,-0.000063,0.000596,0.000077,-0.007512,0.000211,-0.000300,-0.000144,0.001376,0.000198,0.016857,-0.001447
0.000799,0.017467,0.085704,0.000286,0.009251,0.020786,0.028044,0.017157,-0.006499,-0.024531,-0.008737,0.004141,0.021410,0.007547,0.001585,0.005611,0.002442,-0.000571,0.000000,0.010341,0.005891,0.003292,-0.014005,0.007067,0.031464,-0.000538,0.000263,0.001200,0.001432,-0.001544,-0.017881,0.005235,0.024786,0.024803,-0.009011,0.037938,0.005594,0.015944,0.048616,-0.001447,0.370047
