0.018931,0.009948,0.003592,0.000363,0.000161,0.000537
0.009948,0.015810,0.002720,0.000418,-0.000034,0.000614
0.003592,0.002720,0.019200,0.000120,-0.000204,-0.000558
0.000363,0.000418,0.000120,0.001860,-0.000030,0.000099
0.000161,-0.000034,-0.000204,-0.000030,0.006216,0.000145
0.000537,0.000614,-0.000558,0.000099,0.000145,0.003483
