0.017255,0.011080,-0.002562,0.000494,0.001043,0.002151,0.001687,-0.002301
0.011080,0.016291,-0.005607,0.005431,0.001018,-0.002053,0.000932,-0.001086
-0.002562,-0.005607,0.009901,0.003508,-0.002778,-0.000146,0.000901,0.000285
0.000494,0.005431,0.003508,0.016054,-0.000651,-0.000248,-0.003049,0.000400
0.001043,0.001018,-0.002778,-0.000651,0.004098,0.000001,0.000520,0.000448
0.002151,-0.002053,-0.000146,-0.000248,0.000001,0.003584,0.000239,0.000123
0.001687,0.000932,0.000901,-0.003049,0.000520,0.000239,0.004924,0.001206
-0.002301,-0.001086,0.000285,0.000400,0.000448,0.000123,0.001206,0.007843
