0.020749,0.012805,-0.003754,0.004662,0.001488,-0.002369,0.001379,-0.002602
0.012805,0.014694,-0.001423,-0.000996,0.001235,0.001299,0.000400,-0.001011
-0.003754,-0.001423,0.012502,0.000796,0.005273,-0.000545,-0.000426,-0.001896
0.004662,-0.000996,0.000796,0.016108,-0.002139,-0.000780,-0.002868,-0.000940
0.001488,0.001235,0.005273,-0.002139,0.004586,-0.000055,0.000333,0.000729
-0.002369,0.001299,-0.000545,-0.000780,-0.000055,0.006036,-0.000419,0.000220
0.001379,0.000400,-0.000426,-0.002868,0.000333,-0.000419,0.005530,-0.000427
-0.002602,-0.001011,-0.001896,-0.000940,0.000729,0.000220,-0.000427,0.009335
