8146.637672,-1558.168487,-2375.364613,-50.246521,24.829140,-543.474527,-1353.347991,108.231916
-1558.168487,6402.507232,-1664.414256,94.572846,35.323158,-1806.874205,-1800.999326,-227.836257
-2375.364613,-1664.414256,3467.454943,-366.543952,121.761433,-31.825338,573.817465,-603.414468
-50.246521,94.572846,-366.543952,406.903207,-80.071456,-207.248414,-755.311636,439.066555
24.829140,35.323158,121.761433,-80.071456,33.028304,-127.129548,118.200599,-76.826348
-543.474527,-1806.874205,-31.825338,-207.248414,-127.129548,4954.771262,-1083.522392,-126.609003
-1353.347991,-1800.999326,573.817465,-755.311636,118.200599,-1083.522392,5619.222048,-1123.840530
108.231916,-227.836257,-603.414468,439.066555,-76.826348,-126.609003,-1123.840530,3051.626410
