9346.741674,-1779.340783,-2554.494741,-217.881439,78.435853,-1168.195453,-1346.746589,-262.668231
-1779.340783,6409.205268,-1305.575140,116.916161,75.805131,-1578.324043,-1644.454768,-129.317528
-2554.494741,-1305.575140,3628.371682,-278.142787,124.038484,-204.911494,254.750510,-407.434965
-217.881439,116.916161,-278.142787,410.586224,-77.838510,-210.185772,-698.385640,314.764771
78.435853,75.805131,124.038484,-77.838510,34.326909,-128.218586,103.456595,-37.598489
-1168.195453,-1578.324043,-204.911494,-210.185772,-128.218586,5141.097205,-1217.786580,-317.605590
-1346.746589,-1644.454768,254.750510,-698.385640,103.456595,-1217.786580,5546.010046,-605.274433
-262.668231,-129.317528,-407.434965,314.764771,-37.598489,-317.605590,-605.274433,2650.912842
