10077.872690,-1983.627025,-2744.886240,-156.260534,57.043278,-872.833123,-1483.081339,124.101783
-1983.627025,6271.355198,-1531.524160,108.490885,16.249470,-1660.101962,-1378.246553,-142.875036
-2744.886240,-1531.524160,3765.131057,-340.488427,130.183132,-55.190399,268.112244,-464.485166
-156.260534,108.490885,-340.488427,398.539981,-76.761373,-191.584142,-688.735955,236.022638
57.043278,16.249470,130.183132,-76.761373,32.768569,-134.954385,97.286260,-50.161086
-872.833123,-1660.101962,-55.190399,-191.584142,-134.954385,4798.380778,-928.485961,-336.282019
-1483.081339,-1378.246553,268.112244,-688.735955,97.286260,-928.485961,5225.989451,-383.810734
124.101783,-142.875036,-464.485166,236.022638,-50.161086,-336.282019,-383.810734,2187.869230
