0.041483,-0.011168,-0.025463,-0.001349,0.001533,-0.003217,-0.006960,0.000712
-0.011168,0.050201,-0.022392,0.002146,0.003283,-0.013216,-0.012269,-0.001810
-0.025463,-0.022392,0.086297,-0.013617,0.020345,-0.003687,0.005061,-0.008498
-0.001349,0.002146,-0.013617,0.027253,-0.021295,-0.005042,-0.015620,0.009236
0.001533,0.003283,0.020345,-0.021295,0.032731,-0.011251,0.008934,-0.007141
-0.003217,-0.013216,-0.003687,-0.005042,-0.011251,0.043278,-0.008189,-0.001487
-0.006960,-0.012269,0.005061,-0.015620,0.008934,-0.008189,0.035962,-0.007340
0.000712,-0.001810,-0.008498,0.009236,-0.007141,-0.001487,-0.007340,0.023303
