0.048718,-0.011279,-0.029104,-0.004023,0.005704,-0.007757,-0.007712,-0.001674
-0.011279,0.049605,-0.018111,0.002625,0.006543,-0.012819,-0.011492,-0.001017
-0.029104,-0.018111,0.090609,-0.011071,0.019196,-0.002962,0.003195,-0.005596
-0.004023,0.002625,-0.011071,0.026213,-0.019269,-0.004915,-0.013990,0.006914
0.005704,0.006543,0.019196,-0.019269,0.033080,-0.011602,0.008045,-0.003190
-0.007757,-0.012819,-0.002962,-0.004915,-0.011602,0.043519,-0.008911,-0.002509
-0.007712,-0.011492,0.003195,-0.013990,0.008045,-0.008911,0.034915,-0.004124
-0.001674,-0.001017,-0.005596,0.006914,-0.003190,-0.002509,-0.004124,0.020022
