0.020505,0.000218,-0.000374,-0.000217,0.000205,-0.000424,0.000291,-0.000089,-0.000247,-0.000167,0.000736
0.000218,0.011182,0.000008,0.000289,-0.000014,0.000361,0.000521,0.000523,-0.000472,-0.001052,-0.000694
-0.000374,0.000008,0.010855,0.000292,0.000138,0.000401,-0.000324,0.000239,-0.000198,0.000373,-0.000571
-0.000217,0.000289,0.000292,0.002494,0.000093,0.000190,0.000047,0.000221,-0.000659,-0.000533,-0.000227
0.000205,-0.000014,0.000138,0.000093,0.004653,0.000028,-0.000034,0.000176,-0.000939,-0.000289,-0.000739
-0.000424,0.000361,0.000401,0.000190,0.000028,0.004503,0.000000,0.000308,-0.000187,-0.000824,-0.000658
0.000291,0.000521,-0.000324,0.000047,-0.000034,0.000000,0.023061,0.000353,-0.003214,-0.000794,-0.001825
-0.000089,0.000523,0.000239,0.000221,0.000176,0.000308,0.000353,0.005130,-0.000827,-0.000699,-0.001341
-0.000247,-0.000472,-0.000198,-0.000659,-0.000939,-0.000187,-0.003214,-0.000827,0.053896,0.000418,0.007249
-0.000167,-0.001052,0.000373,-0.000533,-0.000289,-0.000824,-0.000794,-0.000699,0.000418,0.029815,0.002943
0.000736,-0.000694,-0.000571,-0.000227,-0.000739,-0.000658,-0.001825,-0.001341,0.007249,0.002943,0.052363
