3.555754,-2.580540,1.281614,-0.058883,-3.928060,0.449683,-0.331791,-0.072883
-2.580540,156.577152,-4.165348,-0.476870,-4249.836595,1.503603,0.100871,-2.697072
1.281614,-4.165348,5.624533,0.891991,-190.727775,-0.041422,0.463802,-0.079363
-0.058883,-0.476870,0.891991,0.189965,-34.810167,-0.041901,0.068780,0.014073
-3.928060,-4249.836595,-190.727775,-34.810167,1309404.427888,792.331069,-262.447177,228.745394
0.449683,1.503603,-0.041422,-0.041901,792.331069,108.573850,0.016361,0.038153
-0.331791,0.100871,0.463802,0.068780,-262.447177,0.016361,4.420138,-3.834023
-0.072883,-2.697072,-0.079363,0.014073,228.745394,0.038153,-3.834023,4.004902
