3.553406,-2.802720,1.305544,-0.057860,13.316565,0.560291,-0.311169,-0.095943
-2.802720,157.657261,-4.305344,-0.471766,-4192.309099,2.322092,0.064435,-2.679684
1.305544,-4.305344,5.738034,0.923427,-189.056716,0.084700,0.501848,-0.102675
-0.057860,-0.471766,0.923427,0.201424,-36.927397,-0.032124,0.073096,0.013411
13.316565,-4192.309099,-189.056716,-36.927397,1250156.926863,1077.616513,-245.673858,216.984598
0.560291,2.322092,0.084700,-0.032124,1077.616513,149.347208,0.181208,-0.017118
-0.311169,0.064435,0.501848,0.073096,-245.673858,0.181208,4.422682,-3.846435
-0.095943,-2.679684,-0.102675,0.013411,216.984598,-0.017118,-3.846435,4.029696
