0.017150,-0.003658,0.000636,-0.000123,0.000025,-0.000000,-0.002551,-0.000482
-0.003658,0.061069,-0.000572,-0.000251,-0.002315,0.000012,0.000269,-0.005288
0.000636,-0.000572,0.000264,0.000175,-0.000032,0.000000,0.000335,-0.000066
-0.000123,-0.000251,0.000175,0.000162,-0.000027,-0.000000,0.000208,0.000036
0.000025,-0.002315,-0.000032,-0.000027,0.000948,0.000010,-0.000739,0.000610
-0.000000,0.000012,0.000000,-0.000000,0.000010,0.000027,-0.000006,0.000015
-0.002551,0.000269,0.000335,0.000208,-0.000739,-0.000006,0.049865,-0.040541
-0.000482,-0.005288,-0.000066,0.000036,0.000610,0.000015,-0.040541,0.039740
