4.643216,-2.547461,0.301929,-0.011580,-116.156357,-0.259091,-5.150534,8.194078
-2.547461,242.557713,-0.957326,-0.967604,-411.811113,4.707662,18.986971,6.787695
0.301929,-0.957326,7.603287,0.054245,145.753404,0.416951,-2.652207,4.168331
-0.011580,-0.967604,0.054245,0.328381,49.849839,-0.071629,-0.659869,-1.240207
-116.156357,-411.811113,145.753404,49.849839,814171.195711,22.702881,-288.558922,-1807.745556
-0.259091,4.707662,0.416951,-0.071629,22.702881,110.170401,-0.367481,7.150866
-5.150534,18.986971,-2.652207,-0.659869,-288.558922,-0.367481,302.909218,-38.687000
8.194078,6.787695,4.168331,-1.240207,-1807.745556,7.150866,-38.687000,3243.599637
