0.018360,-0.002570,0.000129,-0.000024,-0.000219,-0.000010,-0.005682,-0.000323
-0.002570,0.087679,-0.000125,-0.000365,-0.000261,0.000067,0.009368,-0.006351
0.000129,-0.000125,0.000296,0.000017,0.000023,0.000002,-0.000205,-0.000080
-0.000024,-0.000365,0.000017,0.000160,0.000029,-0.000001,-0.000335,0.000345
-0.000219,-0.000261,0.000023,0.000029,0.000654,-0.000000,-0.000185,0.000275
-0.000010,0.000067,0.000002,-0.000001,-0.000000,0.000071,0.000003,-0.000034
-0.005682,0.009368,-0.000205,-0.000335,-0.000185,0.000003,0.058493,-0.007909
-0.000323,-0.006351,-0.000080,0.000345,0.000275,-0.000034,-0.007909,0.065277
