10659.564875,-2265.230949,-2695.557037,-249.352343,0.000000,0.000000,-1364.793594,513.836664
-2265.230949,7314.367986,-1686.953816,219.901065,0.000000,0.000000,-2208.497134,-141.423301
-2695.557037,-1686.953816,4141.575544,-338.686653,0.000000,0.000000,265.166952,-558.542170
-249.352343,219.901065,-338.686653,483.633469,0.000000,0.000000,-804.278565,349.103488
0.000000,0.000000,0.000000,0.000000,0.000000,0.000000,0.000000,0.000000
0.000000,0.000000,0.000000,0.000000,0.000000,0.000000,0.000000,0.000000
-1364.793594,-2208.497134,265.166952,-804.278565,0.000000,0.000000,6586.659378,-849.082502
513.836664,-141.423301,-558.542170,349.103488,0.000000,0.000000,-849.082502,3843.746285
