0.056582,-0.015663,-0.030422,-0.003522,0.000000,0.000000,-0.009875,0.001189
-0.015663,0.057327,-0.025882,0.004651,0.000000,0.000000,-0.011767,-0.001371
-0.030422,-0.025882,0.104828,-0.014392,0.000000,0.000000,0.003034,-0.006578
-0.003522,0.004651,-0.014392,0.028322,0.000000,0.000000,-0.014401,0.006015
0.000000,0.000000,0.000000,0.000000,0.000000,0.000000,0.000000,0.000000
0.000000,0.000000,0.000000,0.000000,0.000000,0.000000,0.000000,0.000000
-0.009875,-0.011767,0.003034,-0.014401,0.000000,0.000000,0.037687,-0.002226
0.001189,-0.001371,-0.006578,0.006015,0.000000,0.000000,-0.002226,0.026004
