0.297269,-0.003644,0.020354,0.514111,0.000562,-1.063309,3.420940,0.000256,-0.028382,-0.000379,-0.123691
-0.003644,0.003108,-0.000262,0.035057,-0.000028,-0.231658,0.168160,0.000007,0.000057,0.000106,0.004017
0.020354,-0.000262,0.005077,0.040002,0.000041,0.113541,0.284515,0.000021,-0.000358,0.000426,-0.008965
0.514111,0.035057,0.040002,13.580643,0.009200,22.346523,38.906981,0.006182,-0.072227,-0.048563,-1.840161
0.000562,-0.000028,0.000041,0.009200,0.000114,0.032297,0.074342,0.000007,-0.000112,0.000008,-0.006849
-1.063309,-0.231658,0.113541,22.346523,0.032297,162.574110,214.635290,0.007173,-0.064598,0.049374,-4.043282
3.420940,0.168160,0.284515,38.906981,0.074342,214.635290,743.605448,0.020411,-0.096242,0.577975,-12.382315
0.000256,0.000007,0.000021,0.006182,0.000007,0.007173,0.020411,0.000004,-0.000004,0.000010,-0.001446
-0.028382,0.000057,-0.000358,-0.072227,-0.000112,-0.064598,-0.096242,-0.000004,0.011955,0.000378,0.006990
-0.000379,0.000106,0.000426,-0.048563,0.000008,0.049374,0.577975,0.000010,0.000378,0.005011,-0.001545
-0.123691,0.004017,-0.008965,-1.840161,-0.006849,-4.043282,-12.382315,-0.001446,0.006990,-0.001545,0.899977
