1.999510,-0.000974,-0.004585,-0.001622,-0.005384,-0.000196
-0.000974,0.000523,-0.000400,0.004026,-0.000543,-0.000006
-0.004585,-0.000400,0.063861,0.052801,0.042212,0.000023
-0.001622,0.004026,0.052801,0.304411,-0.052691,-0.000082
-0.005384,-0.000543,0.042212,-0.052691,0.061506,-0.000112
-0.000196,-0.000006,0.000023,-0.000082,-0.000112,0.010189
