0.121827,-0.000052,0.001238,0.045600,0.000075,-0.101932,0.443012,0.000024,-0.002992,0.000153,-0.009647
-0.000052,0.003005,-0.000138,0.001972,-0.000001,-0.008419,0.041494,0.000002,-0.000057,0.000023,0.000909
0.001238,-0.000138,0.003921,0.008125,0.000026,0.029804,0.039916,0.000003,-0.000160,0.000094,-0.000502
0.045600,0.001972,0.008125,7.824081,0.000634,3.172684,7.174139,0.001184,-0.013484,-0.004028,-0.355332
0.000075,-0.000001,0.000026,0.000634,0.000119,0.004481,0.014105,0.000001,-0.000037,0.000002,-0.000697
-0.101932,-0.008419,0.029804,3.172684,0.004481,85.784750,32.430096,0.001343,-0.008152,0.014601,-0.420651
0.443012,0.041494,0.039916,7.174139,0.014105,32.430096,509.459900,0.005440,0.000314,0.077036,-2.264990
0.000024,0.000002,0.000003,0.001184,0.000001,0.001343,0.005440,0.000003,-0.000002,0.000003,-0.000273
-0.002992,-0.000057,-0.000160,-0.013484,-0.000037,-0.008152,0.000314,-0.000002,0.007424,0.000217,0.002430
0.000153,0.000023,0.000094,-0.004028,0.000002,0.014601,0.077036,0.000003,0.000217,0.003661,0.000786
-0.009647,0.000909,-0.000502,-0.355332,-0.000697,-0.420651,-2.264990,-0.000273,0.002430,0.000786,0.474767
