1.622782,0.002574,-0.002482,0.001789,0.001337,-0.016073
0.002574,0.000482,-0.000113,0.004275,-0.000434,0.000173
-0.002482,-0.000113,0.057188,0.043478,0.040529,-0.001389
0.001789,0.004275,0.043478,0.246672,-0.038521,-0.001437
0.001337,-0.000434,0.040529,-0.038521,0.054924,-0.002515
-0.016073,0.000173,-0.001389,-0.001437,-0.002515,0.008201
