0.022618,0.012807,0.000000,0.003369,0.000719,-0.000085,0.000437,0.000000
0.012807,0.020725,0.000000,0.003339,0.000641,-0.000121,0.000843,0.000000
0.000000,0.000000,0.000000,0.000000,0.000000,0.000000,0.000000,0.000000
0.003369,0.003339,0.000000,0.018583,-0.000487,-0.000032,-0.001161,0.000000
0.000719,0.000641,0.000000,-0.000487,0.009276,-0.000109,0.000432,0.000000
-0.000085,-0.000121,0.000000,-0.000032,-0.000109,0.010588,0.000192,0.000000
0.000437,0.000843,0.000000,-0.001161,0.000432,0.000192,0.006209,0.000000
0.000000,0.000000,0.000000,0.000000,0.000000,0.000000,0.000000,0.000000
