0.811917,0.000340,-0.001382,-0.000965,-0.003814,0.000753
0.000340,0.000178,0.000096,0.000449,0.000182,0.000049
-0.001382,0.000096,0.025253,0.007357,0.005017,0.000888
-0.000965,0.000449,0.007357,0.111441,-0.006003,0.001187
-0.003814,0.000182,0.005017,-0.006003,0.017312,0.000574
0.000753,0.000049,0.000888,0.001187,0.000574,0.004157
