0.868872,0.000392,0.002551,0.000160,-0.004271,0.003493
0.000392,0.000183,0.000140,0.000483,0.000079,0.000014
0.002551,0.000140,0.028766,0.005184,0.006194,0.001272
0.000160,0.000483,0.005184,0.103984,-0.008520,0.000887
-0.004271,0.000079,0.006194,-0.008520,0.022354,0.001338
0.003493,0.000014,0.001272,0.000887,0.001338,0.003625
