0.034555,0.000992,-0.000587,0.000214,-0.000628,0.001384
0.000992,0.035066,0.002652,0.002621,0.001642,0.000469
-0.000587,0.002652,0.041097,0.002306,0.007991,0.003680
0.000214,0.002621,0.002306,0.016867,-0.005072,0.002174
-0.000628,0.001642,0.007991,-0.005072,0.029791,0.004745
0.001384,0.000469,0.003680,0.002174,0.004745,0.036804
