0.034755,0.001120,0.000638,0.000013,-0.000939,0.002150
0.001120,0.037347,0.002505,0.002718,0.001245,0.000594
0.000638,0.002505,0.044947,0.002551,0.008508,0.004892
0.000013,0.002718,0.002551,0.016117,-0.003686,0.001074
-0.000939,0.001245,0.008508,-0.003686,0.026994,0.004524
0.002150,0.000594,0.004892,0.001074,0.004524,0.034316
