0.019364,-0.000675,-0.003525,-0.000996,-0.000031,-0.000592,-0.000325,0.000611
-0.000675,0.020999,0.000184,0.000548,0.001125,-0.002242,-0.000403,-0.000189
-0.003525,0.000184,0.034354,-0.001732,0.004068,-0.001390,0.000538,-0.001847
-0.000996,0.000548,-0.001732,0.012092,-0.003070,-0.000466,-0.003709,0.001097
-0.000031,0.001125,0.004068,-0.003070,0.011699,-0.002340,0.002506,-0.001365
-0.000592,-0.002242,-0.001390,-0.000466,-0.002340,0.017873,-0.001494,0.000514
-0.000325,-0.000403,0.000538,-0.003709,0.002506,-0.001494,0.015863,-0.001207
0.000611,-0.000189,-0.001847,0.001097,-0.001365,0.000514,-0.001207,0.010729
