0.020691,-0.000557,-0.004818,-0.000544,-0.000419,-0.000696,-0.000031,0.000683
-0.000557,0.020377,-0.000270,0.000113,0.000874,-0.002703,-0.000333,-0.000053
-0.004818,-0.000270,0.032851,-0.001797,0.003737,-0.001251,0.001033,-0.002412
-0.000544,0.000113,-0.001797,0.012186,-0.003381,0.000056,-0.003099,0.001110
-0.000419,0.000874,0.003737,-0.003381,0.011661,-0.002594,0.002339,-0.001407
-0.000696,-0.002703,-0.001251,0.000056,-0.002594,0.018170,-0.001560,0.000525
-0.000031,-0.000333,0.001033,-0.003099,0.002339,-0.001560,0.015178,-0.001176
0.000683,-0.000053,-0.002412,0.001110,-0.001407,0.000525,-0.001176,0.011099
