23523.938476,-1347.775196,-1525.667985,87.538808,-2.611212,-7637.402637,2120.285878,627.469519
-1347.775196,6398.974062,-625.587780,637.490720,-4.308323,3632.518062,1278.069625,-247.987381
-1525.667985,-625.587780,3508.938755,-371.605454,77.627234,-1804.068908,-4550.580076,-325.345689
87.538808,637.490720,-371.605454,7204.690764,-27.691114,1569.048775,572.924210,84.696686
-2.611212,-4.308323,77.627234,-27.691114,31.777240,-322.854759,-154.419456,-46.307187
-7637.402637,3632.518062,-1804.068908,1569.048775,-322.854759,204050.450115,16764.764885,-832.962853
2120.285878,1278.069625,-4550.580076,572.924210,-154.419456,16764.764885,129287.895884,14.152602
627.469519,-247.987381,-325.345689,84.696686,-46.307187,-832.962853,14.152602,3535.400992
