23828.923315,-1212.173686,-705.741061,190.656163,-33.732390,-7310.214076,2779.155450,586.090867
-1212.173686,5230.279813,-244.087733,289.375203,-10.746391,5899.582935,942.035497,-120.049025
-705.741061,-244.087733,2861.443095,-193.992040,37.373068,-1747.543542,-5257.064380,-79.845706
190.656163,289.375203,-193.992040,8448.496358,-9.531168,768.548690,709.733629,263.758264
-33.732390,-10.746391,37.373068,-9.531168,26.543210,-319.235135,-258.963933,-24.173506
-7310.214076,5899.582935,-1747.543542,768.548690,-319.235135,243057.696710,15681.120301,-734.065374
2779.155450,942.035497,-5257.064380,709.733629,-258.963933,15681.120301,152069.682424,-350.368073
586.090867,-120.049025,-79.845706,263.758264,-24.173506,-734.065374,-350.368073,3074.764701
