0.005578,0.000790,-0.000048,0.000215,-0.000007,-0.000070,0.000367,-0.000155
0.000790,0.004640,-0.000098,0.000206,-0.000012,-0.000014,0.000129,-0.000166
-0.000048,-0.000098,0.002694,0.000046,-0.000023,-0.000080,-0.000143,0.000009
0.000215,0.000206,0.000046,0.007031,-0.000007,-0.000103,-0.000103,-0.000552
-0.000007,-0.000012,-0.000023,-0.000007,0.000467,-0.000000,-0.000001,0.000003
-0.000070,-0.000014,-0.000080,-0.000103,-0.000000,0.001519,0.000001,-0.000068
0.000367,0.000129,-0.000143,-0.000103,-0.000001,0.000001,0.001083,0.000156
-0.000155,-0.000166,0.000009,-0.000552,0.000003,-0.000068,0.000156,0.004425
