3.041765,-2.877925,1.342682,-0.089617,17.437474,0.092491,-0.584586,-0.086998
-2.877925,140.659668,-3.886906,-0.543494,-4724.449191,1.338845,-0.965585,-2.798733
1.342682,-3.886906,5.789686,0.891897,-383.319345,1.042317,1.078071,-0.254499
-0.089617,-0.543494,0.891897,0.187077,-70.216405,-0.005117,0.168682,0.006526
17.437474,-4724.449191,-383.319345,-70.216405,930517.838351,507.746775,-311.935760,199.915548
0.092491,1.338845,1.042317,-0.005117,507.746775,43.302116,-0.026120,0.102101
-0.584586,-0.965585,1.078071,0.168682,-311.935760,-0.026120,4.305599,-3.488722
-0.086998,-2.798733,-0.254499,0.006526,199.915548,0.102101,-3.488722,3.449732
