2.931350,-2.860063,1.201642,-0.107266,15.335481,0.879315,-0.584392,-0.072248
-2.860063,137.045880,-3.889045,-0.556887,-4474.441961,3.148173,-0.931865,-2.807936
1.201642,-3.889045,5.350725,0.839918,-332.880537,0.735842,1.079554,-0.264269
-0.107266,-0.556887,0.839918,0.187535,-72.746631,-1.057766,0.184788,-0.008547
15.335481,-4474.441961,-332.880537,-72.746631,1033725.435417,2685.543641,-324.581629,234.768514
0.879315,3.148173,0.735842,-1.057766,2685.543641,169.673032,-0.867641,0.318365
-0.584392,-0.931865,1.079554,0.184788,-324.581629,-0.867641,4.288909,-3.484201
-0.072248,-2.807936,-0.264269,-0.008547,234.768514,0.318365,-3.484201,3.447542
