2.867813,-2.978146,1.279480,-0.089068,13.917199,0.952030,-0.538787,-0.090292
-2.978146,136.133719,-4.195496,-0.577944,-4441.741051,4.296217,-1.033917,-2.742023
1.279480,-4.195496,6.249620,0.990168,-422.437654,1.157726,1.144382,-0.226985
-0.089068,-0.577944,0.990168,0.212315,-86.320518,-0.952490,0.183607,0.008224
13.917199,-4441.741051,-422.437654,-86.320518,972048.966742,3002.371065,-312.669866,227.269027
0.952030,4.296217,1.157726,-0.952490,3002.371065,169.016263,-1.019860,0.355678
-0.538787,-1.033917,1.144382,0.183607,-312.669866,-1.019860,4.308848,-3.510034
-0.090292,-2.742023,-0.226985,0.008224,227.269027,0.355678,-3.510034,3.475966
