0.014467,-0.003892,0.000656,-0.000183,0.000035,0.000005,-0.004285,-0.000598
-0.003892,0.054081,-0.000540,-0.000316,-0.002596,0.000021,-0.002013,-0.005467
0.000656,-0.000540,0.000291,0.000187,-0.000076,0.000006,0.000812,-0.000180
-0.000183,-0.000316,0.000187,0.000164,-0.000058,-0.000000,0.000531,0.000019
0.000035,-0.002596,-0.000076,-0.000058,0.000731,0.000011,-0.000930,0.000558
0.000005,0.000021,0.000006,-0.000000,0.000011,0.000028,-0.000002,0.000008
-0.004285,-0.002013,0.000812,0.000531,-0.000930,-0.000002,0.048624,-0.036927
-0.000598,-0.005467,-0.000180,0.000019,0.000558,0.000008,-0.036927,0.034223
