0.014096,0.009847,-0.000693,0.001274,0.000410,-0.001448,0.000980,-0.001624
0.009847,0.016148,-0.003646,0.004220,0.000242,0.002717,0.001942,-0.002440
-0.000693,-0.003646,0.006031,0.001768,-0.000053,0.000452,-0.000606,0.000093
0.001274,0.004220,0.001768,0.015504,-0.000136,0.000177,-0.000830,-0.001551
0.000410,0.000242,-0.000053,-0.000136,0.002084,-0.000154,0.000144,0.000202
-0.001448,0.002717,0.000452,0.000177,-0.000154,0.005267,-0.000032,-0.001288
0.000980,0.001942,-0.000606,-0.000830,0.000144,-0.000032,0.002284,0.000432
-0.001624,-0.002440,0.000093,-0.001551,0.000202,-0.001288,0.000432,0.008574
