0.013847,0.010115,-0.001336,0.002123,0.000834,-0.000326,0.000760,-0.002278
0.010115,0.013868,-0.003505,0.004172,0.000666,0.000076,0.001379,-0.002394
-0.001336,-0.003505,0.006129,0.001489,-0.000286,0.000021,-0.000847,-0.000023
0.002123,0.004172,0.001489,0.015003,-0.000002,-0.000007,-0.000596,-0.001651
0.000834,0.000666,-0.000286,-0.000002,0.002094,-0.000022,0.000083,-0.000249
-0.000326,0.000076,0.000021,-0.000007,-0.000022,0.003254,0.000037,-0.000241
0.000760,0.001379,-0.000847,-0.000596,0.000083,0.000037,0.002241,0.000398
-0.002278,-0.002394,-0.000023,-0.001651,-0.000249,-0.000241,0.000398,0.008912
