0.017261,0.013790,-0.001981,0.000781,0.000029,-0.000659,0.001731,-0.002048
0.013790,0.020399,-0.005626,0.004506,-0.000274,-0.000408,0.002983,-0.002709
-0.001981,-0.005626,0.009913,0.002540,0.000039,-0.000120,-0.001130,-0.000395
0.000781,0.004506,0.002540,0.015184,-0.000220,-0.000130,-0.001455,-0.001212
0.000029,-0.000274,0.000039,-0.000220,0.006518,-0.000046,0.000095,0.000500
-0.000659,-0.000408,-0.000120,-0.000130,-0.000046,0.006261,0.000192,-0.000448
0.001731,0.002983,-0.001130,-0.001455,0.000095,0.000192,0.003943,0.000829
-0.002048,-0.002709,-0.000395,-0.001212,0.000500,-0.000448,0.000829,0.009607
