0.058562,0.005738,-0.001787,-0.000088,0.000468,-0.000031,0.004846,-0.001080
0.005738,0.052887,-0.001389,0.000570,0.000440,-0.000451,-0.001335,0.000965
-0.001787,-0.001389,0.035662,0.001496,0.000070,0.000074,-0.003441,0.000257
-0.000088,0.000570,0.001496,0.028786,-0.000411,-0.000046,-0.001011,-0.001029
0.000468,0.000440,0.000070,-0.000411,0.003731,-0.000016,0.000273,0.000565
-0.000031,-0.000451,0.000074,-0.000046,-0.000016,0.004067,0.001066,0.000073
0.004846,-0.001335,-0.003441,-0.001011,0.000273,0.001066,0.103288,0.002360
-0.001080,0.000965,0.000257,-0.001029,0.000565,0.000073,0.002360,0.025723
