0.054771,0.006176,-0.003862,0.000402,0.000885,0.000054,0.006905,-0.000217
0.006176,0.052131,-0.000700,0.000576,0.000395,-0.000912,-0.003143,0.001317
-0.003862,-0.000700,0.036558,0.001250,-0.000045,0.000020,-0.002157,-0.000096
0.000402,0.000576,0.001250,0.028349,-0.000506,-0.000081,-0.001227,-0.000577
0.000885,0.000395,-0.000045,-0.000506,0.002801,-0.000015,-0.000052,0.000157
0.000054,-0.000912,0.000020,-0.000081,-0.000015,0.004735,0.000576,-0.000262
0.006905,-0.003143,-0.002157,-0.001227,-0.000052,0.000576,0.103831,0.002425
-0.000217,0.001317,-0.000096,-0.000577,0.000157,-0.000262,0.002425,0.023967
