0.042326,0.006367,-0.002807,0.000560,0.000264,0.000285,0.001846,-0.001243
0.006367,0.052474,-0.000637,0.001354,0.000182,-0.000473,-0.000941,0.001794
-0.002807,-0.000637,0.037766,0.000818,0.000197,-0.000203,-0.002711,0.000322
0.000560,0.001354,0.000818,0.029338,-0.000564,0.000036,-0.001056,-0.001746
0.000264,0.000182,0.000197,-0.000564,0.004660,-0.000032,0.000364,0.000586
0.000285,-0.000473,-0.000203,0.000036,-0.000032,0.006252,0.000799,-0.000256
0.001846,-0.000941,-0.002711,-0.001056,0.000364,0.000799,0.100087,0.001809
-0.001243,0.001794,0.000322,-0.001746,0.000586,-0.000256,0.001809,0.025823
