0.058389,0.001954,-0.003921,-0.000689,0.000146,0.000712,0.004423,-0.001224
0.001954,0.053599,-0.000988,0.001563,-0.000468,-0.000888,-0.000039,0.001143
-0.003921,-0.000988,0.037079,0.001755,0.000320,-0.000055,-0.004041,0.000697
-0.000689,0.001563,0.001755,0.028372,-0.000235,-0.000064,-0.002417,-0.001049
0.000146,-0.000468,0.000320,-0.000235,0.002801,-0.000023,0.000652,0.000454
0.000712,-0.000888,-0.000055,-0.000064,-0.000023,0.007506,0.001301,-0.000206
0.004423,-0.000039,-0.004041,-0.002417,0.000652,0.001301,0.104250,0.002750
-0.001224,0.001143,0.000697,-0.001049,0.000454,-0.000206,0.002750,0.024373
