8333.081336,18.114710,17.936461,-719.045832,115.631422,-48.411225,-648.197686,1039.650651
18.114710,739.362489,7.845042,-13.951683,11.324746,13.343325,42.246391,133.523296
17.936461,7.845042,312.294011,13.886711,-0.723551,39.992203,-12.036506,-22.579092
-719.045832,-13.951683,13.886711,96.613361,-24.097306,112.395590,-45.555486,-46.045533
115.631422,11.324746,-0.723551,-24.097306,35.645968,-61.782553,0.379840,-107.439858
-48.411225,13.343325,39.992203,112.395590,-61.782553,697.758329,-28.808685,146.906936
-648.197686,42.246391,-12.036506,-45.555486,0.379840,-28.808685,597.011933,-129.449573
1039.650651,133.523296,-22.579092,-46.045533,-107.439858,146.906936,-129.449573,659.192527
