1386.239999,609.867339,-22.365689,-172.416191,25.817723,-183.141272,-92.454677,-16.964437
609.867339,2851.126043,-191.651124,241.199767,22.895089,-485.278461,-1352.496602,114.922419
-22.365689,-191.651124,327.522039,22.015522,8.097698,-33.475826,283.449277,-2.020558
-172.416191,241.199767,22.015522,114.150678,-14.161828,135.774670,-318.678506,7.962942
25.817723,22.895089,8.097698,-14.161828,9.461719,-87.231060,-32.997824,-3.340897
-183.141272,-485.278461,-33.475826,135.774670,-87.231060,966.742874,49.551016,-92.973287
-92.454677,-1352.496602,283.449277,-318.678506,-32.997824,49.551016,3348.855918,-43.048711
-16.964437,114.922419,-2.020558,7.962942,-3.340897,-92.973287,-43.048711,252.977976
