1754.170982,385.532215,-48.728088,-310.048101,17.931218,-148.088652,-1101.561706,-245.769509
385.532215,937.955817,-18.382426,-6.171685,-17.448351,18.118640,-209.996247,317.962180
-48.728088,-18.382426,266.423939,4.085026,6.693239,-42.154515,163.873527,-30.736650
-310.048101,-6.171685,4.085026,135.521258,-21.415738,97.199062,-243.715184,372.327699
17.931218,-17.448351,6.693239,-21.415738,9.223486,-34.823482,90.506446,-67.861345
-148.088652,18.118640,-42.154515,97.199062,-34.823482,744.661627,-76.714738,-316.832437
-1101.561706,-209.996247,163.873527,-243.715184,90.506446,-76.714738,3627.432658,-1846.384031
-245.769509,317.962180,-30.736650,372.327699,-67.861345,-316.832437,-1846.384031,1999.819248
