1670.260531,25.660501,-76.829192,-152.444147,1.129706,-315.471578,-252.710733,-21.637368
25.660501,1354.614832,-37.157774,-44.419857,-0.227688,-780.759800,-249.485391,72.297234
-76.829192,-37.157774,381.638403,-6.111971,2.748356,42.028765,711.782724,0.637923
-152.444147,-44.419857,-6.111971,78.995653,-1.560089,171.657326,-597.828070,7.085546
1.129706,-0.227688,2.748356,-1.560089,4.302775,5.195514,8.883609,-0.389685
-315.471578,-780.759800,42.028765,171.657326,5.195514,1259.562494,-584.559762,128.937322
-252.710733,-249.485391,711.782724,-597.828070,8.883609,-584.559762,7547.783276,-212.182136
-21.637368,72.297234,0.637923,7.085546,-0.389685,128.937322,-212.182136,385.181574
