0.008267,0.001304,-0.000335,-0.012077,0.000073,-0.001289,-0.000403,-0.001361
0.001304,0.005972,0.000108,-0.000401,-0.000151,0.000128,-0.000014,0.001384
-0.000335,0.000108,0.006450,0.000177,0.000191,-0.000009,0.000080,-0.000291
-0.012077,-0.000401,0.000177,0.026025,-0.004699,0.003742,-0.000162,0.011843
0.000073,-0.000151,0.000191,-0.004699,0.004665,-0.000451,0.000043,-0.000826
-0.001289,0.000128,-0.000009,0.003742,-0.000451,0.005095,-0.000174,-0.000965
-0.000403,-0.000014,0.000080,-0.000162,0.000043,-0.000174,0.003544,-0.000721
-0.001361,0.001384,-0.000291,0.011843,-0.000826,-0.000965,-0.000721,0.027381
