0.134046,0.009533,0.001276,-0.023421,0.001089,-0.001634,-0.007574,-0.000355
0.009533,0.017831,0.000441,-0.000559,-0.001563,-0.002073,0.000473,0.000173
0.001276,0.000441,0.008532,0.000247,-0.000084,0.000352,-0.000098,-0.000026
-0.023421,-0.000559,0.000247,0.005428,-0.001236,0.001014,-0.000638,-0.000011
0.001089,-0.001563,-0.000084,-0.001236,0.006380,-0.000984,0.000144,0.000025
-0.001634,-0.002073,0.000352,0.001014,-0.000984,0.005201,-0.000128,0.000016
-0.007574,0.000473,-0.000098,-0.000638,0.000144,-0.000128,0.004396,-0.000039
-0.000355,0.000173,-0.000026,-0.000011,0.000025,0.000016,-0.000039,0.001787
