0.007380,0.000346,-0.001308,-0.008493,0.000481,-0.000796,0.000163,-0.002376
0.000346,0.026882,-0.001298,0.007461,0.000146,-0.000634,-0.000172,0.015076
-0.001308,-0.001298,0.008704,0.001047,0.000515,0.000313,-0.000119,-0.000908
-0.008493,0.007461,0.001047,0.015924,-0.005077,0.002803,-0.001031,0.008379
0.000481,0.000146,0.000515,-0.005077,0.006922,-0.000966,0.000104,-0.001620
-0.000796,-0.000634,0.000313,0.002803,-0.000966,0.004688,0.000027,-0.000698
0.000163,-0.000172,-0.000119,-0.001031,0.000104,0.000027,0.003782,-0.000865
-0.002376,0.015076,-0.000908,0.008379,-0.001620,-0.000698,-0.000865,0.010527
