3.566567,-2.557760,1.391311,-0.063195,-2.262149,0.451520,-0.312931,-0.070051
-2.557760,156.577209,-4.380001,-0.476864,-4249.750528,1.503660,0.188601,-2.697171
1.391311,-4.380001,5.752962,0.897681,-186.195388,1.880726,0.535514,-0.114811
-0.063195,-0.476864,0.897681,0.189965,-34.810167,-0.041901,0.070448,0.014073
-2.262149,-4249.750528,-186.195388,-34.810167,1309404.427888,792.331069,-265.813362,228.745394
0.451520,1.503660,1.880726,-0.041901,792.331069,108.573850,0.002951,0.038153
-0.312931,0.188601,0.535514,0.070448,-265.813362,0.002951,4.506615,-3.925284
-0.070051,-2.697171,-0.114811,0.014073,228.745394,0.038153,-3.925284,4.004902
