3.646882,-2.759767,1.438687,-0.061166,-1.554796,0.443046,-0.313484,-0.074647
-2.759767,157.721671,-4.578318,-0.477793,-4236.993692,1.396280,0.293359,-2.767587
1.438687,-4.578318,4.466832,0.671911,-167.035793,1.819253,0.511639,-0.128151
-0.061166,-0.477793,0.671911,0.151664,-31.225212,-0.042142,0.065542,0.011578
-1.554796,-4236.993692,-167.035793,-31.225212,1303109.799366,799.407176,-270.473424,234.893436
0.443046,1.396280,1.819253,-0.042142,799.407176,108.602842,0.003685,0.040366
-0.313484,0.293359,0.511639,0.065542,-270.473424,0.003685,4.534629,-3.953607
-0.074647,-2.767587,-0.128151,0.011578,234.893436,0.040366,-3.953607,4.027321
