0.016956,-0.003785,0.000690,-0.000127,0.000031,0.000031,-0.002130,-0.000638
-0.003785,0.060615,-0.000632,-0.000274,-0.002304,0.000037,0.000368,-0.005232
0.000690,-0.000632,0.000293,0.000195,-0.000039,0.000002,0.000431,-0.000098
-0.000127,-0.000274,0.000195,0.000177,-0.000031,-0.000001,0.000235,0.000040
0.000031,-0.002304,-0.000039,-0.000031,0.000982,0.000024,-0.000747,0.000606
0.000031,0.000037,0.000002,-0.000001,0.000024,0.000097,0.000015,-0.000001
-0.002130,0.000368,0.000431,0.000235,-0.000747,0.000015,0.050975,-0.041743
-0.000638,-0.005232,-0.000098,0.000040,0.000606,-0.000001,-0.041743,0.039977
