1.254199,-0.324562,0.223583,-0.002526,-0.236133,-0.039396,0.014359,-0.053133
-0.324562,59.025108,-0.582139,-0.047716,-465.330330,2.544522,0.028609,-0.302613
0.223583,-0.582139,1.207518,0.070841,-15.840184,-0.039567,0.074685,-0.015403
-0.002526,-0.047716,0.070841,0.057629,-1.940638,0.002787,0.004201,0.002046
-0.236133,-465.330330,-15.840184,-1.940638,352378.097359,129.553690,-33.021824,34.356224
-0.039396,2.544522,-0.039567,0.002787,129.553690,148.524516,0.068324,0.034810
0.014359,0.028609,0.074685,0.004201,-33.021824,0.068324,1.589619,-0.495646
-0.053133,-0.302613,-0.015403,0.002046,34.356224,0.034810,-0.495646,1.396127
