0.006062,-0.000508,0.000111,-0.000005,-0.000001,-0.000001,0.000129,-0.000350
-0.000508,0.023471,-0.000091,-0.000025,-0.000294,0.000012,0.000061,-0.000734
0.000111,-0.000091,0.000053,0.000014,-0.000003,0.000001,0.000061,-0.000020
-0.000005,-0.000025,0.000014,0.000044,-0.000002,0.000000,0.000011,0.000011
-0.000001,-0.000294,-0.000003,-0.000002,0.000286,0.000003,-0.000079,0.000088
-0.000001,0.000012,0.000001,0.000000,0.000003,0.000027,0.000008,0.000000
0.000129,0.000061,0.000061,0.000011,-0.000079,0.000008,0.018125,-0.005349
-0.000350,-0.000734,-0.000020,0.000011,0.000088,0.000000,-0.005349,0.013905
