0.160803,0.027199,0.035393,0.000604,0.050045,0.034151,0.115998,0.573709,0.034410,0.091807,0.074368,-0.018634,0.057681,-0.023383,0.118354,0.265668,0.002095,-0.000977,-0.001319,0.010355,0.006636,0.002662,0.185553,0.000274,0.005820,0.002309,0.030861,0.001838,0.000791,0.512950,0.003654,0.026916,0.058378,0.037343,-0.006495,0.040455,0.008632,0.006530,0.082813,0.004443,0.064192
0.027199,0.365263,-0.000218,-0.002438,-0.146819,0.004479,-0.147072,-0.628187,0.062534,0.081625,-0.081806,-0.001207,-0.008912,0.053473,0.014371,0.127909,0.004132,0.002798,-0.001694,0.015517,0.001988,-0.006683,-0.439382,-0.000416,-0.005848,-0.002551,0.000995,-0.001719,-0.000077,0.322618,-0.015915,-0.024174,-0.033865,-0.062817,-0.012847,-0.000774,0.063580,-0.009475,0.018522,-0.001218,0.068131
0.035393,-0.000218,0.817716,-0.001789,0.024545,0.010289,0.330197,0.559349,-0.102584,-0.019282,-0.053956,-0.052196,0.102642,-0.050035,0.039001,-0.037307,0.004271,-0.003548,-0.000406,-0.005680,-0.002513,0.019345,0.031526,0.021805,0.052626,-0.004743,0.013800,0.003965,0.014247,-0.349522,-0.096619,0.017390,0.414436,-0.069830,-0.052665,0.210708,0.003170,0.002368,0.207250,-0.001760,0.187435
0.000604,-0.002438,-0.001789,0.040549,0.041377,0.003923,0.030414,-0.018401,0.013128,-0.001082,0.101729,-0.000539,0.004256,-0.008266,0.008674,-0.026459,0.000155,0.000503,0.000041,0.002077,-0.000139,-0.000463,0.025315,-0.000213,0.002869,0.004890,0.000573,0.000091,-0.000442,0.043478,-0.000710,-0.001455,0.025990,0.038759,0.009369,-0.002941,-0.000622,0.043782,-0.001315,-0.000838,0.000302
0.050045,-0.146819,0.024545,0.041377,2.449781,0.077151,0.825490,0.657780,0.136707,0.245564,1.586865,-0.068302,0.135578,-0.065576,0.199638,0.452469,0.001040,-0.001329,-0.000021,0.044467,0.002428,0.009036,0.313171,0.001450,-0.007838,0.001164,0.041749,0.004306,-0.001136,2.510360,0.267879,-0.008613,0.175527,1.367558,0.237808,0.046100,-0.014265,0.534442,0.167624,-0.015124,-0.015963
0.034151,0.004479,0.010289,0.003923,0.077151,0.287564,0.041863,-0.099088,0.208115,0.038419,0.087099,-0.009972,0.027987,0.002293,0.054555,0.193286,0.000005,0.000341,-0.000673,-0.001133,0.004487,-0.001089,0.118783,-0.000178,0.003518,-0.000777,0.011695,-0.000295,-0.000790,-0.206043,-0.011869,0.041866,-0.009805,0.002181,0.009002,0.001258,0.033003,0.008523,0.009031,-0.002132,0.014961
0.115998,-0.147072,0.330197,0.030414,0.825490,0.041863,2.631754,3.191478,0.164279,0.197300,0.658669,-0.021227,0.240298,-0.147360,0.239586,0.611749,0.002493,-0.007220,-0.004032,0.042862,-0.005513,0.033052,1.747158,0.021756,0.083641,0.007595,0.066231,0.003283,0.022166,0.499772,0.100205,-0.038886,0.647280,0.453247,0.014520,0.137272,-0.048414,0.171705,0.372289,0.003096,0.004715
0.573709,-0.628187,0.559349,-0.018401,0.657780,-0.099088,3.191478,37.308677,-1.094796,-0.054790,0.078535,0.057885,0.610575,-0.724774,0.767461,0.513434,-0.005230,-0.042020,0.001021,0.081989,-0.003625,0.156282,1.717379,0.039278,0.217273,0.038040,0.236662,-0.001967,0.038206,1.617571,-0.744577,0.121475,1.520300,0.378057,-0.754767,0.412863,-0.231142,-0.118248,0.938049,0.024291,0.348577
0.034410,0.062534,-0.102584,0.013128,0.136707,0.208115,0.164279,-1.094796,1.594899,0.217438,0.269706,0.077873,0.049874,0.086804,0.103452,0.730085,-0.004039,0.002554,-0.001644,0.003701,0.003081,-0.013336,-0.309988,-0.001695,-0.010360,-0.004604,0.007219,-0.000173,-0.004857,-0.168654,0.121350,0.008962,-0.075622,-0.108744,-0.038084,-0.022463,-0.046082,0.025187,-0.022968,-0.000394,-0.036393
0.091807,0.081625,-0.019282,-0.001082,0.245564,0.038419,0.197300,-0.054790,0.217438,1.512850,0.213456,-0.161683,0.108676,0.116665,0.169857,1.591769,0.003350,0.000177,-0.001581,0.043426,-0.008545,-0.011675,-0.284592,-0.009217,-0.019150,-0.003458,0.029184,0.000829,-0.004970,3.925391,0.205223,-0.014247,0.075165,0.138895,0.120600,-0.000890,0.103833,-0.029410,0.091419,0.013923,-0.043409
0.074368,-0.081806,-0.053956,0.101729,1.586865,0.087099,0.658669,0.078535,0.269706,0.213456,4.621087,-0.035423,0.141031,-0.043295,0.145155,0.610665,0.001066,-0.000286,0.005986,0.088893,-0.005506,0.004945,0.261414,-0.000878,0.009652,0.001492,0.041705,-0.002397,-0.003174,2.435566,0.175854,-0.028832,0.171447,1.300416,0.134450,0.013522,0.009578,0.732494,0.150128,-0.020917,-0.088607
-0.018634,-0.001207,-0.052196,-0.000539,-0.068302,-0.009972,-0.021227,0.057885,0.077873,-0.161683,-0.035423,0.401931,-0.025157,-0.012357,-0.010342,-0.341999,-0.003339,-0.000221,-0.001201,0.000994,-0.004842,0.006031,0.063203,-0.000536,0.000567,0.001933,-0.006891,0.001260,0.001537,-1.139848,-0.082688,-0.015930,-0.016879,-0.078796,-0.079868,-0.004274,-0.072739,0.003923,-0.025971,-0.010514,-0.156033
0.057681,-0.008912,0.102642,0.004256,0.135578,0.027987,0.240298,0.610575,0.049874,0.108676,0.141031,-0.025157,0.173286,0.015336,0.110845,0.312343,0.001087,-0.001724,-0.001881,0.005617,0.003202,0.005506,0.107304,0.009762,0.011510,0.003840,0.022323,-0.000179,0.007158,0.484485,0.120572,0.020256,0.120904,0.096327,0.000397,0.085920,-0.008727,0.017722,0.152542,0.004792,0.054377
-0.023383,0.053473,-0.050035,-0.008266,-0.065576,0.002293,-0.147360,-0.724774,0.086804,0.116665,-0.043295,-0.012357,0.015336,0.298775,0.001924,0.162356,-0.001519,0.001286,0.002556,-0.002565,-0.002183,-0.005849,-0.374535,-0.001205,-0.008953,-0.007477,-0.008116,-0.000325,-0.002099,0.428287,0.221646,-0.016597,-0.062245,-0.084070,0.000408,-0.010509,0.003675,-0.029672,-0.010917,0.007603,-0.026191
0.118354,0.014371,0.039001,0.008674,0.199638,0.054555,0.239586,0.767461,0.103452,0.169857,0.145155,-0.010342,0.110845,0.001924,0.383432,0.511059,0.001533,-0.001803,-0.002040,0.006409,0.008096,0.000603,0.215223,-0.002885,0.003878,0.007729,0.045640,-0.002744,0.001241,0.970666,0.074157,0.024991,0.134091,0.153793,0.009748,0.050349,-0.019935,0.035299,0.130827,0.004655,0.043017
0.265668,0.127909,-0.037307,-0.026459,0.452469,0.193286,0.611749,0.513434,0.730085,1.591769,0.610665,-0.341999,0.312343,0.162356,0.511059,9.642235,0.000271,-0.001524,-0.016493,0.098305,-0.036877,-0.010414,-0.399279,-0.020738,-0.023107,-0.008304,0.058760,-0.001345,-0.002753,8.109907,0.369824,0.035210,0.169269,0.291342,0.092968,-0.059516,0.065220,-0.045344,0.337552,0.139289,-0.102014
0.002095,0.004132,0.004271,0.000155,0.001040,0.000005,0.002493,-0.005230,-0.004039,0.003350,0.001066,-0.003339,0.001087,-0.001519,0.001533,0.000271,0.001022,0.000050,0.000123,0.000759,0.002271,-0.000208,-0.002341,-0.000036,0.000941,-0.000101,0.000493,0.000046,0.000094,0.033900,-0.003739,0.000612,0.002334,-0.002483,0.001244,0.001767,0.006208,0.000580,0.002738,0.000000,0.007996
-0.000977,0.002798,-0.003548,0.000503,-0.001329,0.000341,-0.007220,-0.042020,0.002554,0.000177,-0.000286,-0.000221,-0.001724,0.001286,-0.001803,-0.001524,0.000050,0.000348,0.000109,0.000118,-0.000078,-0.000518,-0.003911,-0.000198,-0.000612,0.000006,-0.000523,-0.000043,-0.000213,0.000241,0.001842,-0.000092,-0.004428,0.000609,0.003328,-0.002646,0.001747,0.001083,-0.004327,-0.000054,0.001926
-0.001319,-0.001694,-0.000406,0.000041,-0.000021,-0.000673,-0.004032,0.001021,-0.001644,-0.001581,0.005986,-0.001201,-0.001881,0.002556,-0.002040,-0.016493,0.000123,0.000109,0.010426,-0.000373,-0.000141,0.000041,0.000595,-0.000165,0.000928,-0.000154,-0.000293,-0.000770,-0.000094,0.008349,-0.001911,-0.000107,0.000938,0.006248,0.004012,-0.001017,0.000829,0.009728,-0.003024,-0.000046,0.004488
0.010355,0.015517,-0.005680,0.002077,0.044467,-0.001133,0.042862,0.081989,0.003701,0.043426,0.088893,0.000994,0.005617,-0.002565,0.006409,0.098305,0.000759,0.000118,-0.000373,0.067964,0.001706,0.000078,-0.009523,-0.000870,0.003679,-0.000613,0.003880,0.000183,-0.000421,0.912650,-0.012861,-0.001725,0.026662,0.057004,-0.005872,0.000582,0.017737,0.041684,0.006695,-0.000898,0.008750
0.006636,0.001988,-0.002513,-0.000139,0.002428,0.004487,-0.005513,-0.003625,0.003081,-0.008545,-0.005506,-0.004842,0.003202,-0.002183,0.008096,-0.036877,0.002271,-0.000078,-0.000141,0.001706,0.024630,-0.001413,-0.009913,-0.000211,-0.000871,-0.000257,0.002387,-0.000522,-0.000173,0.005135,-0.005106,0.004736,-0.006094,-0.002102,-0.004062,0.001924,0.007134,-0.001827,0.005660,-0.000264,0.066587
0.002662,-0.006683,0.019345,-0.000463,0.009036,-0.001089,0.033052,0.156282,-0.013336,-0.011675,0.004945,0.006031,0.005506,-0.005849,0.000603,-0.010414,-0.000208,-0.000518,0.000041,0.000078,-0.001413,0.004670,0.046077,0.001329,0.001865,0.000421,0.001268,0.000293,0.001516,-0.036856,-0.008033,0.000031,0.022042,0.007788,-0.009702,0.016533,-0.006396,-0.000257,0.020553,-0.000003,0.000750
0.185553,-0.439382,0.031526,0.025315,0.313171,0.118783,1.747158,1.717379,-0.309988,-0.284592,0.261414,0.063203,0.107304,-0.374535,0.215223,-0.399279,-0.002341,-0.003911,0.000595,-0.009523,-0.009913,0.046077,29.369662,-0.006477,0.209469,0.033653,0.116639,-0.001083,-0.003760,-1.137127,-0.145535,0.162050,0.191044,0.293144,-0.139960,0.411386,-0.041261,0.095815,0.108777,-0.006649,-0.063328
0.000274,-0.000416,0.021805,-0.000213,0.001450,-0.000178,0.021756,0.039278,-0.001695,-0.009217,-0.000878,-0.000536,0.009762,-0.001205,-0.002885,-0.020738,-0.000036,-0.000198,-0.000165,-0.000870,-0.000211,0.001329,-0.006477,0.014088,-0.001286,-0.000302,0.000274,0.000535,0.003866,-0.050790,0.000234,-0.000687,0.012219,-0.002179,-0.006225,0.031679,-0.002773,-0.003798,0.023688,-0.000342,0.006195
0.005820,-0.005848,0.052626,0.002869,-0.007838,0.003518,0.083641,0.217273,-0.010360,-0.019150,0.009652,0.000567,0.011510,-0.008953,0.003878,-0.023107,0.000941,-0.000612,0.000928,0.003679,-0.000871,0.001865,0.209469,-0.001286,0.063105,-0.000896,0.001837,0.000966,-0.000738,-0.025401,-0.025819,0.012972,0.045813,-0.009922,-0.009876,0.009174,0.005228,0.001066,0.016027,-0.001768,0.056449
0.002309,-0.002551,-0.004743,0.004890,0.001164,-0.000777,0.007595,0.038040,-0.004604,-0.003458,0.001492,0.001933,0.003840,-0.007477,0.007729,-0.008304,-0.000101,0.000006,-0.000154,-0.000613,-0.000257,0.000421,0.033653,-0.000302,-0.000896,0.020746,0.000031,-0.000241,-0.000221,-0.080642,0.000437,0.000556,0.009335,0.067334,0.002105,-0.000024,-0.002176,0.015142,0.006315,-0.000293,-0.005418
0.030861,0.000995,0.013800,0.000573,0.041749,0.011695,0.066231,0.236662,0.007219,0.029184,0.041705,-0.006891,0.022323,-0.008116,0.045640,0.058760,0.000493,-0.000523,-0.000293,0.003880,0.002387,0.001268,0.116639,0.000274,0.001837,0.000031,0.022672,-0.001905,0.000386,0.211272,0.002320,0.006556,0.032185,0.035343,0.004947,0.017273,0.000846,0.013007,0.032083,0.000971,0.017640
0.001838,-0.001719,0.003965,0.000091,0.004306,-0.000295,0.003283,-0.001967,-0.000173,0.000829,-0.002397,0.001260,-0.000179,-0.000325,-0.002744,-0.001345,0.000046,-0.000043,-0.000770,0.000183,-0.000522,0.000293,-0.001083,0.000535,0.000966,-0.000241,-0.001905,0.009893,0.000137,-0.001992,0.001130,0.000232,0.001256,0.000317,-0.003649,0.006319,-0.000571,-0.003466,0.009421,-0.000088,0.002442
0.000791,-0.000077,0.014247,-0.000442,-0.001136,-0.000790,0.022166,0.038206,-0.004857,-0.004970,-0.003174,0.001537,0.007158,-0.002099,0.001241,-0.002753,0.000094,-0.000213,-0.000094,-0.000421,-0.000173,0.001516,-0.003760,0.003866,-0.000738,-0.000221,0.000386,0.000137,0.010330,-0.013209,0.000299,-0.000770,0.015582,-0.004513,-0.003782,0.016075,-0.001331,-0.003779,0.021361,-0.000042,0.009320
0.512950,0.322618,-0.349522,0.043478,2.510360,-0.206043,0.499772,1.617571,-0.168654,3.925391,2.435566,-1.139848,0.484485,0.428287,0.970666,8.109907,0.033900,0.000241,0.008349,0.912650,0.005135,-0.036856,-1.137127,-0.050790,-0.025401,-0.080642,0.211272,-0.001992,-0.013209,71.969340,1.124378,0.041580,0.765896,2.330622,0.550512,0.081826,0.801050,1.338436,0.647010,0.197636,0.011030
0.003654,-0.015915,-0.096619,-0.000710,0.267879,-0.011869,0.100205,-0.744577,0.121350,0.205223,0.175854,-0.082688,0.120572,0.221646,0.074157,0.369824,-0.003739,0.001842,-0.001911,-0.012861,-0.005106,-0.008033,-0.145535,0.000234,-0.025819,0.000437,0.002320,0.001130,0.000299,1.124378,1.835613,-0.028906,-0.019152,0.350254,0.064961,-0.006430,-0.039384,0.053667,0.088611,0.003278,-0.018847
0.026916,-0.024174,0.017390,-0.001455,-0.008613,0.041866,-0.038886,0.121475,0.008962,-0.014247,-0.028832,-0.015930,0.020256,-0.016597,0.024991,0.035210,0.000612,-0.000092,-0.000107,-0.001725,0.004736,0.000031,0.162050,-0.000687,0.012972,0.000556,0.006556,0.000232,-0.000770,0.041580,-0.028906,0.182044,-0.018237,-0.003780,-0.005893,0.004428,-0.008225,0.002721,0.000736,-0.000158,-0.014845
0.058378,-0.033865,0.414436,0.025990,0.175527,-0.009805,0.647280,1.520300,-0.075622,0.075165,0.171447,-0.016879,0.120904,-0.062245,0.134091,0.169269,0.002334,-0.004428,0.000938,0.026662,-0.006094,0.022042,0.191044,0.012219,0.045813,0.009335,0.032185,0.001256,0.015582,0.765896,-0.019152,-0.018237,1.115847,0.131283,0.042806,0.130560,-0.002079,0.055981,0.224147,-0.005174,0.071719
0.037343,-0.062817,-0.069830,0.038759,1.367558,0.002181,0.453247,0.378057,-0.108744,0.138895,1.300416,-0.078796,0.096327,-0.084070,0.153793,0.291342,-0.002483,0.000609,0.006248,0.057004,-0.002102,0.007788,0.293144,-0.002179,-0.009922,0.067334,0.035343,0.000317,-0.004513,2.330622,0.350254,-0.003780,0.131283,2.915250,0.196225,-0.017492,-0.007037,0.586224,0.143911,-0.010895,-0.049384
-0.006495,-0.012847,-0.052665,0.009369,0.237808,0.009002,0.014520,-0.754767,-0.038084,0.120600,0.134450,-0.079868,0.000397,0.000408,0.009748,0.092968,0.001244,0.003328,0.004012,-0.005872,-0.004062,-0.009702,-0.139960,-0.006225,-0.009876,0.002105,0.004947,-0.003649,-0.003782,0.550512,0.064961,-0.005893,0.042806,0.196225,0.728487,-0.037176,0.065698,0.105967,-0.055268,-0.010928,-0.013791
0.040455,-0.000774,0.210708,-0.002941,0.046100,0.001258,0.137272,0.412863,-0.022463,-0.000890,0.013522,-0.004274,0.085920,-0.010509,0.050349,-0.059516,0.001767,-0.002646,-0.001017,0.000582,0.001924,0.016533,0.411386,0.031679,0.009174,-0.000024,0.017273,0.006319,0.016075,0.081826,-0.006430,0.004428,0.130560,-0.017492,-0.037176,0.532301,-0.003756,-0.004230,0.307959,-0.001196,0.087690
0.008632,0.063580,0.003170,-0.000622,-0.014265,0.033003,-0.048414,-0.231142,-0.046082,0.103833,0.009578,-0.072739,-0.008727,0.003675,-0.019935,0.065220,0.006208,0.001747,0.000829,0.017737,0.007134,-0.006396,-0.041261,-0.002773,0.005228,-0.002176,0.000846,-0.000571,-0.001331,0.801050,-0.039384,-0.008225,-0.002079,-0.007037,0.065698,-0.003756,0.183749,0.028641,-0.010721,-0.000988,0.033702
0.006530,-0.009475,0.002368,0.043782,0.534442,0.008523,0.171705,-0.118248,0.025187,-0.029410,0.732494,0.003923,0.017722,-0.029672,0.035299,-0.045344,0.000580,0.001083,0.009728,0.041684,-0.001827,-0.000257,0.095815,-0.003798,0.001066,0.015142,0.013007,-0.003466,-0.003779,1.338436,0.053667,0.002721,0.055981,0.586224,0.105967,-0.004230,0.028641,0.654203,0.005646,-0.008986,-0.050868
0.082813,0.018522,0.207250,-0.001315,0.167624,0.009031,0.372289,0.938049,-0.022968,0.091419,0.150128,-0.025971,0.152542,-0.010917,0.130827,0.337552,0.002738,-0.004327,-0.003024,0.006695,0.005660,0.020553,0.108777,0.023688,0.016027,0.006315,0.032083,0.009421,0.021361,0.647010,0.088611,0.000736,0.224147,0.143911,-0.055268,0.307959,-0.010721,0.005646,0.713991,0.004378,0.129082
0.004443,-0.001218,-0.001760,-0.000838,-0.015124,-0.002132,0.003096,0.024291,-0.000394,0.013923,-0.020917,-0.010514,0.004792,0.007603,0.004655,0.139289,0.000000,-0.000054,-0.000046,-0.000898,-0.000264,-0.000003,-0.006649,-0.000342,-0.001768,-0.000293,0.000971,-0.000088,-0.000042,0.197636,0.003278,-0.000158,-0.005174,-0.010895,-0.010928,-0.001196,-0.000988,-0.008986,0.004378,0.042500,-0.001910
0.064192,0.068131,0.187435,0.000302,-0.015963,0.014961,0.004715,0.348577,-0.036393,-0.043409,-0.088607,-0.156033,0.054377,-0.026191,0.043017,-0.102014,0.007996,0.001926,0.004488,0.008750,0.066587,0.000750,-0.063328,0.006195,0.056449,-0.005418,0.017640,0.002442,0.009320,0.011030,-0.018847,-0.014845,0.071719,-0.049384,-0.013791,0.087690,0.033702,-0.050868,0.129082,-0.001910,1.472489
