0.084549,0.011207,0.019649,-0.000744,0.018174,0.014643,0.067782,0.407875,0.022205,0.035420,0.029863,-0.005736,0.034345,-0.012988,0.060726,0.115651,0.001659,-0.000447,-0.000252,0.006829,0.004681,0.002047,0.043589,-0.000045,0.001291,0.002243,0.019573,-0.001183,-0.000089,0.324441,-0.001978,0.015622,0.036072,0.028456,-0.010227,0.021848,0.005141,0.003905,0.046764,0.002313,0.010540
0.011207,0.412296,0.005002,-0.001841,-0.103931,-0.000520,-0.125162,-0.520262,0.017828,0.081308,-0.062889,0.007796,-0.002243,0.063809,0.020409,0.090129,0.004577,0.004783,-0.001231,0.013070,0.001709,-0.003113,-0.149264,-0.000844,0.000951,-0.003927,-0.001697,-0.001148,0.000421,0.405943,-0.016839,-0.028581,-0.016215,-0.060016,-0.029162,0.007681,0.059342,-0.008419,0.030826,-0.002280,0.083077
0.019649,0.005002,0.865084,-0.001681,0.029404,0.000635,0.226128,0.365529,-0.129367,-0.024493,-0.037195,-0.049389,0.105655,-0.033522,0.048705,0.021721,0.004064,-0.003598,0.000440,-0.004796,-0.001415,0.021023,-0.003829,0.029197,0.057808,-0.003838,0.013787,0.003290,0.008495,-0.300757,-0.083528,0.018599,0.363067,-0.086614,-0.071483,0.209784,0.006345,-0.005598,0.253843,-0.004215,0.230345
-0.000744,-0.001841,-0.001681,0.031951,0.000875,0.003161,0.032552,-0.017824,0.012464,-0.003793,0.067031,0.001465,0.001315,-0.008392,0.004031,-0.015013,0.000124,0.000491,0.000005,0.001472,-0.000281,-0.000628,0.022421,-0.000077,0.002179,0.004846,0.000480,0.000092,-0.000284,0.025536,-0.000827,-0.001232,0.014024,0.041168,0.008055,-0.002117,0.000284,0.041076,-0.003460,-0.000426,-0.001359
0.018174,-0.103931,0.029404,0.000875,2.296801,0.074727,0.821871,0.881201,0.170803,0.269254,1.359781,-0.075235,0.129462,-0.052061,0.174959,0.505500,0.000488,-0.001022,0.001069,0.039950,0.001079,0.006169,0.324749,-0.004842,-0.002599,0.001834,0.044797,-0.002554,-0.004431,2.562711,0.290161,0.003903,0.125316,1.288730,0.198603,0.044080,-0.018103,0.540905,0.143543,-0.010544,0.017716
0.014643,-0.000520,0.000635,0.003161,0.074727,0.358428,0.048715,-0.095916,0.468776,0.019372,0.074686,-0.033190,0.047212,-0.002553,0.049105,0.132286,-0.000047,0.000211,-0.000637,-0.001769,0.004484,-0.000447,0.057162,-0.001264,0.000719,-0.001052,0.015199,-0.000235,-0.000060,-0.083656,0.024890,0.042887,0.025224,0.017126,0.006031,0.000675,0.034437,0.015067,0.010821,-0.001061,0.024530
0.067782,-0.125162,0.226128,0.032552,0.821871,0.048715,2.927276,3.654983,0.166837,0.248876,0.624621,-0.001040,0.273740,-0.180024,0.243025,0.797692,0.000736,-0.007433,-0.001960,0.039937,-0.002629,0.029431,0.408732,0.004564,0.084379,0.006906,0.065291,-0.004241,0.014274,0.390698,0.097923,-0.044474,0.690952,0.446621,0.026731,0.104656,-0.050794,0.113074,0.323864,0.002874,0.103860
0.407875,-0.520262,0.365529,-0.017824,0.881201,-0.095916,3.654983,40.605120,-0.967495,0.043434,0.315604,0.112790,0.597923,-0.815119,0.863614,0.495580,-0.001310,-0.048982,0.000531,0.092121,-0.006202,0.167333,1.930578,-0.008500,0.187658,0.066273,0.252807,-0.007457,0.034389,0.681864,-0.951649,0.098133,1.781794,0.438781,-0.739400,0.289205,-0.284043,-0.077235,0.950869,0.010118,0.255381
0.022205,0.017828,-0.129367,0.012464,0.170803,0.468776,0.166837,-0.967495,2.210724,0.208327,0.216154,-0.018170,0.107221,0.066784,0.125850,0.745554,-0.004838,0.002680,-0.001595,-0.007535,0.004821,-0.011441,-0.040100,-0.001634,-0.026710,-0.008982,0.017263,-0.002918,-0.004438,0.086949,0.255913,0.009160,0.004190,-0.036949,-0.025397,-0.011018,-0.040082,0.017340,-0.028354,0.008704,-0.052773
0.035420,0.081308,-0.024493,-0.003793,0.269254,0.019372,0.248876,0.043434,0.208327,1.223712,0.216864,-0.123739,0.098529,0.091622,0.139486,1.380295,0.002377,-0.000103,0.000950,0.029598,-0.010365,-0.012526,0.048414,-0.005068,-0.018808,-0.001946,0.021615,-0.002821,-0.004195,3.304333,0.250417,-0.008734,0.082970,0.141814,0.085588,0.008647,0.084252,-0.023664,0.105032,0.026367,-0.045561
0.029863,-0.062889,-0.037195,0.067031,1.359781,0.074686,0.624621,0.315604,0.216154,0.216864,3.409997,-0.085546,0.108827,-0.050602,0.101515,0.602389,0.000881,0.000365,0.006551,0.081391,-0.002173,0.002181,0.273606,-0.005623,0.007653,-0.000231,0.039688,-0.003892,-0.006963,2.433211,0.271735,-0.022424,0.157845,1.106897,0.125246,0.003600,0.000567,0.724395,0.114661,-0.012566,-0.016718
-0.005736,0.007796,-0.049389,0.001465,-0.075235,-0.033190,-0.001040,0.112790,-0.018170,-0.123739,-0.085546,0.341088,-0.029972,-0.012041,-0.018820,-0.417015,-0.002496,-0.000194,-0.001152,0.001565,0.001011,0.005155,0.017796,0.000264,0.002421,0.001502,-0.005476,0.000909,0.001971,-1.082966,-0.092103,-0.010087,-0.018437,-0.084878,-0.074041,0.001630,-0.054647,-0.010651,-0.008660,-0.009011,-0.014356
0.034345,-0.002243,0.105655,0.001315,0.129462,0.047212,0.273740,0.597923,0.107221,0.098529,0.108827,-0.029972,0.187202,0.012329,0.107726,0.381065,0.000635,-0.001313,-0.000247,0.003108,0.003995,0.006448,0.096990,0.008728,0.010325,0.003488,0.024786,-0.002538,0.005182,0.480020,0.140035,0.015703,0.128527,0.079173,-0.004044,0.074318,-0.014178,0.019769,0.161600,0.004286,0.067700
-0.012988,0.063809,-0.033522,-0.008392,-0.052061,-0.002553,-0.180024,-0.815119,0.066784,0.091622,-0.050602,-0.012041,0.012329,0.297274,0.005581,0.178770,-0.001382,0.001261,0.002531,-0.003326,-0.003890,-0.006132,-0.149133,0.003246,-0.011013,-0.008076,-0.007411,-0.001030,-0.001098,0.374777,0.193226,-0.015266,-0.078125,-0.064768,0.005623,0.008566,0.001366,-0.023163,0.015934,0.007631,-0.022480
0.060726,0.020409,0.048705,0.004031,0.174959,0.049105,0.243025,0.863614,0.125850,0.139486,0.101515,-0.018820,0.107726,0.005581,0.416246,0.533180,0.001488,-0.002227,0.000345,0.003565,0.010173,0.004240,0.181819,-0.000610,0.005697,0.007974,0.046592,-0.002527,0.001082,1.043811,0.065047,0.034986,0.118516,0.151148,0.002404,0.054692,-0.023809,0.036300,0.163744,0.002945,0.056730
0.115651,0.090129,0.021721,-0.015013,0.505500,0.132286,0.797692,0.495580,0.745554,1.380295,0.602389,-0.417015,0.381065,0.178770,0.533180,9.592407,0.000227,-0.002271,-0.010964,0.075663,-0.035991,-0.008140,0.231079,-0.007459,-0.026639,-0.008235,0.067520,-0.008775,-0.001511,8.076014,0.466421,0.049632,0.268601,0.198411,0.098044,-0.035654,0.051230,-0.052595,0.394841,0.123413,-0.048979
0.001659,0.004577,0.004064,0.000124,0.000488,-0.000047,0.000736,-0.001310,-0.004838,0.002377,0.000881,-0.002496,0.000635,-0.001382,0.001488,0.000227,0.001001,0.000047,0.000118,0.000624,0.002300,-0.000236,-0.002168,-0.000036,0.001166,-0.000075,0.000446,0.000033,0.000060,0.029543,-0.003381,0.000359,0.001506,-0.002673,0.000463,0.001642,0.005692,0.000535,0.002544,-0.000086,0.008690
-0.000447,0.004783,-0.003598,0.000491,-0.001022,0.000211,-0.007433,-0.048982,0.002680,-0.000103,0.000365,-0.000194,-0.001313,0.001261,-0.002227,-0.002271,0.000047,0.000434,0.000033,0.000064,-0.000121,-0.000585,-0.003987,-0.000104,-0.000724,-0.000061,-0.000594,-0.000012,-0.000118,-0.001436,0.001860,-0.000070,-0.004709,0.000038,0.002346,-0.002313,0.001772,0.000901,-0.003956,-0.000014,0.001540
-0.000252,-0.001231,0.000440,0.000005,0.001069,-0.000637,-0.001960,0.000531,-0.001595,0.000950,0.006551,-0.001152,-0.000247,0.002531,0.000345,-0.010964,0.000118,0.000033,0.009144,-0.000199,-0.000174,0.000032,0.000563,-0.000091,0.001115,-0.000144,-0.000247,-0.000036,-0.000070,0.009500,0.000322,-0.000098,0.002187,0.005671,0.002756,-0.000026,0.000857,0.009791,-0.000428,-0.000024,0.004400
0.006829,0.013070,-0.004796,0.001472,0.039950,-0.001769,0.039937,0.092121,-0.007535,0.029598,0.081391,0.001565,0.003108,-0.003326,0.003565,0.075663,0.000624,0.000064,-0.000199,0.059279,0.001356,0.000004,0.012067,-0.000577,0.003091,0.000460,0.003166,0.000002,-0.000229,0.711734,-0.011369,-0.003078,0.026233,0.054033,-0.003287,0.001561,0.016039,0.038292,0.005892,-0.000770,0.003073
0.004681,0.001709,-0.001415,-0.000281,0.001079,0.004484,-0.002629,-0.006202,0.004821,-0.010365,-0.002173,0.001011,0.003995,-0.003890,0.010173,-0.035991,0.002300,-0.000121,-0.000174,0.001356,0.029767,-0.001710,-0.007941,-0.000176,-0.001266,-0.000296,0.002114,-0.000590,-0.000127,-0.023793,-0.011924,0.004232,-0.005626,-0.002759,-0.003926,0.003064,0.007141,-0.002882,0.005702,-0.000308,0.043641
0.002047,-0.003113,0.021023,-0.000628,0.006169,-0.000447,0.029431,0.167333,-0.011441,-0.012526,0.002181,0.005155,0.006448,-0.006132,0.004240,-0.008140,-0.000236,-0.000585,0.000032,0.000004,-0.001710,0.004905,0.013101,0.001620,0.002450,0.000423,0.001638,0.000090,0.001074,-0.049726,-0.009435,0.000172,0.020935,0.003765,-0.009025,0.017646,-0.006557,-0.000292,0.021646,-0.000009,0.002452
0.043589,-0.149264,-0.003829,0.022421,0.324749,0.057162,0.408732,1.930578,-0.040100,0.048414,0.273606,0.017796,0.096990,-0.149133,0.181819,0.231079,-0.002168,-0.003987,0.000563,0.012067,-0.007941,0.013101,1.088047,-0.009146,0.013147,0.038379,0.047313,-0.001830,-0.000482,0.650607,-0.132340,0.146101,0.171381,0.319445,0.025136,0.037690,-0.042145,0.121520,0.095396,-0.001594,-0.030540
-0.000045,-0.000844,0.029197,-0.000077,-0.004842,-0.001264,0.004564,-0.008500,-0.001634,-0.005068,-0.005623,0.000264,0.008728,0.003246,-0.000610,-0.007459,-0.000036,-0.000104,-0.000091,-0.000577,-0.000176,0.001620,-0.009146,0.012837,-0.000201,-0.000313,-0.000289,0.001484,0.001352,-0.046409,0.002101,-0.000858,0.010025,-0.005761,-0.006657,0.023377,-0.004102,-0.005607,0.021712,-0.000495,0.003190
0.001291,0.000951,0.057808,0.002179,-0.002599,0.000719,0.084379,0.187658,-0.026710,-0.018808,0.007653,0.002421,0.010325,-0.011013,0.005697,-0.026639,0.001166,-0.000724,0.001115,0.003091,-0.001266,0.002450,0.013147,-0.000201,0.062963,-0.001099,0.001669,0.000512,-0.000454,-0.034863,-0.029726,0.005154,0.033091,-0.007946,-0.012667,0.005589,0.006066,0.001289,0.023795,-0.000774,0.074115
0.002243,-0.003927,-0.003838,0.004846,0.001834,-0.001052,0.006906,0.066273,-0.008982,-0.001946,-0.000231,0.001502,0.003488,-0.008076,0.007974,-0.008235,-0.000075,-0.000061,-0.000144,0.000460,-0.000296,0.000423,0.038379,-0.000313,-0.001099,0.024485,0.000027,-0.000341,-0.000189,-0.095207,0.003051,0.000221,0.013645,0.067228,0.004744,-0.000282,-0.002471,0.020609,0.008341,-0.000232,-0.006215
0.019573,-0.001697,0.013787,0.000480,0.044797,0.015199,0.065291,0.252807,0.017263,0.021615,0.039688,-0.005476,0.024786,-0.007411,0.046592,0.067520,0.000446,-0.000594,-0.000247,0.003166,0.002114,0.001638,0.047313,-0.000289,0.001669,0.000027,0.022774,-0.001761,0.000139,0.218489,0.004009,0.008098,0.032090,0.036536,0.005732,0.016102,-0.000252,0.013947,0.030561,0.000998,0.006091
-0.001183,-0.001148,0.003290,0.000092,-0.002554,-0.000235,-0.004241,-0.007457,-0.002918,-0.002821,-0.003892,0.000909,-0.002538,-0.001030,-0.002527,-0.008775,0.000033,-0.000012,-0.000036,0.000002,-0.000590,0.000090,-0.001830,0.001484,0.000512,-0.000341,-0.001761,0.011667,0.000079,0.009152,-0.004000,-0.000287,-0.001215,-0.002312,-0.006477,0.004071,0.001341,-0.004776,0.005296,-0.000121,0.000874
-0.000089,0.000421,0.008495,-0.000284,-0.004431,-0.000060,0.014274,0.034389,-0.004438,-0.004195,-0.006963,0.001971,0.005182,-0.001098,0.001082,-0.001511,0.000060,-0.000118,-0.000070,-0.000229,-0.000127,0.001074,-0.000482,0.001352,-0.000454,-0.000189,0.000139,0.000079,0.007787,-0.023419,0.002768,-0.000792,0.015700,-0.005982,-0.001436,0.008464,-0.001309,-0.003525,0.010887,-0.000109,0.008072
0.324441,0.405943,-0.300757,0.025536,2.562711,-0.083656,0.390698,0.681864,0.086949,3.304333,2.433211,-1.082966,0.480020,0.374777,1.043811,8.076014,0.029543,-0.001436,0.009500,0.711734,-0.023793,-0.049726,0.650607,-0.046409,-0.034863,-0.095207,0.218489,0.009152,-0.023419,68.690648,1.588017,0.068339,0.577677,2.276014,0.452875,0.007406,0.690989,1.207577,0.452078,0.195121,-0.066441
-0.001978,-0.016839,-0.083528,-0.000827,0.290161,0.024890,0.097923,-0.951649,0.255913,0.250417,0.271735,-0.092103,0.140035,0.193226,0.065047,0.466421,-0.003381,0.001860,0.000322,-0.011369,-0.011924,-0.009435,-0.132340,0.002101,-0.029726,0.003051,0.004009,-0.004000,0.002768,1.588017,1.920597,-0.044100,-0.006300,0.342999,0.020706,0.000740,-0.036740,0.060033,0.125412,0.015794,-0.068041
0.015622,-0.028581,0.018599,-0.001232,0.003903,0.042887,-0.044474,0.098133,0.009160,-0.008734,-0.022424,-0.010087,0.015703,-0.015266,0.034986,0.049632,0.000359,-0.000070,-0.000098,-0.003078,0.004232,0.000172,0.146101,-0.000858,0.005154,0.000221,0.008098,-0.000287,-0.000792,0.068339,-0.044100,0.176218,-0.017162,-0.005986,-0.000011,0.002264,-0.011716,-0.004483,-0.000531,-0.000330,-0.005475
0.036072,-0.016215,0.363067,0.014024,0.125316,0.025224,0.690952,1.781794,0.004190,0.082970,0.157845,-0.018437,0.128527,-0.078125,0.118516,0.268601,0.001506,-0.004709,0.002187,0.026233,-0.005626,0.020935,0.171381,0.010025,0.033091,0.013645,0.032090,-0.001215,0.015700,0.577677,-0.006300,-0.017162,1.101685,0.106040,0.043949,0.119083,-0.001100,0.059225,0.221693,-0.005050,0.102999
0.028456,-0.060016,-0.086614,0.041168,1.288730,0.017126,0.446621,0.438781,-0.036949,0.141814,1.106897,-0.084878,0.079173,-0.064768,0.151148,0.198411,-0.002673,0.000038,0.005671,0.054033,-0.002759,0.003765,0.319445,-0.005761,-0.007946,0.067228,0.036536,-0.002312,-0.005982,2.276014,0.342999,-0.005986,0.106040,2.818476,0.221379,-0.018540,-0.014589,0.555825,0.124624,-0.003651,-0.064911
-0.010227,-0.029162,-0.071483,0.008055,0.198603,0.006031,0.026731,-0.739400,-0.025397,0.085588,0.125246,-0.074041,-0.004044,0.005623,0.002404,0.098044,0.000463,0.002346,0.002756,-0.003287,-0.003926,-0.009025,0.025136,-0.006657,-0.012667,0.004744,0.005732,-0.006477,-0.001436,0.452875,0.020706,-0.000011,0.043949,0.221379,0.757910,-0.036678,0.052818,0.112659,-0.073940,-0.006299,-0.024927
0.021848,0.007681,0.209784,-0.002117,0.044080,0.000675,0.104656,0.289205,-0.011018,0.008647,0.003600,0.001630,0.074318,0.008566,0.054692,-0.035654,0.001642,-0.002313,-0.000026,0.001561,0.003064,0.017646,0.037690,0.023377,0.005589,-0.000282,0.016102,0.004071,0.008464,0.007406,0.000740,0.002264,0.119083,-0.018540,-0.036678,0.507286,-0.012366,-0.015344,0.226672,-0.001221,0.073918
0.005141,0.059342,0.006345,0.000284,-0.018103,0.034437,-0.050794,-0.284043,-0.040082,0.084252,0.000567,-0.054647,-0.014178,0.001366,-0.023809,0.051230,0.005692,0.001772,0.000857,0.016039,0.007141,-0.006557,-0.042145,-0.004102,0.006066,-0.002471,-0.000252,0.001341,-0.001309,0.690989,-0.036740,-0.011716,-0.001100,-0.014589,0.052818,-0.012366,0.188280,0.018441,-0.028123,-0.002809,0.044033
0.003905,-0.008419,-0.005598,0.041076,0.540905,0.015067,0.113074,-0.077235,0.017340,-0.023664,0.724395,-0.010651,0.019769,-0.023163,0.036300,-0.052595,0.000535,0.000901,0.009791,0.038292,-0.002882,-0.000292,0.121520,-0.005607,0.001289,0.020609,0.013947,-0.004776,-0.003525,1.207577,0.060033,-0.004483,0.059225,0.555825,0.112659,-0.015344,0.018441,0.691818,0.003628,-0.009340,-0.031082
0.046764,0.030826,0.253843,-0.003460,0.143543,0.010821,0.323864,0.950869,-0.028354,0.105032,0.114661,-0.008660,0.161600,0.015934,0.163744,0.394841,0.002544,-0.003956,-0.000428,0.005892,0.005702,0.021646,0.095396,0.021712,0.023795,0.008341,0.030561,0.005296,0.010887,0.452078,0.125412,-0.000531,0.221693,0.124624,-0.073940,0.226672,-0.028123,0.003628,0.756026,0.001657,0.100070
0.002313,-0.002280,-0.004215,-0.000426,-0.010544,-0.001061,0.002874,0.010118,0.008704,0.026367,-0.012566,-0.009011,0.004286,0.007631,0.002945,0.123413,-0.000086,-0.000014,-0.000024,-0.000770,-0.000308,-0.000009,-0.001594,-0.000495,-0.000774,-0.000232,0.000998,-0.000121,-0.000109,0.195121,0.015794,-0.000330,-0.005050,-0.003651,-0.006299,-0.001221,-0.002809,-0.009340,0.001657,0.037496,-0.004661
0.010540,0.083077,0.230345,-0.001359,0.017716,0.024530,0.103860,0.255381,-0.052773,-0.045561,-0.016718,-0.014356,0.067700,-0.022480,0.056730,-0.048979,0.008690,0.001540,0.004400,0.003073,0.043641,0.002452,-0.030540,0.003190,0.074115,-0.006215,0.006091,0.000874,0.008072,-0.066441,-0.068041,-0.005475,0.102999,-0.064911,-0.024927,0.073918,0.044033,-0.031082,0.100070,-0.004661,0.964766
