0.160803,0.027169,0.035409,0.000666,0.049529,0.034068,0.115955,0.570744,0.034226,0.091790,0.074851,-0.018768,0.057679,-0.023529,0.118416,0.265785,0.002115,-0.000978,-0.001324,0.010285,0.006599,0.002661,0.186054,0.000273,0.005840,0.002287,0.030951,0.001838,0.000827,0.512950,0.003430,0.026934,0.058688,0.037463,-0.006469,0.040534,0.008639,0.006884,0.082789,0.004261,0.064365
0.027169,0.389488,0.010768,-0.003268,-0.036740,-0.013093,-0.079434,-0.605660,0.024365,0.113509,0.023971,-0.005651,0.003478,0.045945,0.019258,0.187070,0.004291,0.003763,-0.001822,0.016525,0.000846,-0.003731,-0.432817,-0.001685,0.000027,-0.003584,0.000965,-0.000958,0.000386,0.446945,-0.001770,-0.029192,-0.028798,-0.038521,-0.027495,0.000181,0.055842,0.015736,0.047952,-0.002386,0.046652
0.035409,0.010768,0.881723,-0.002129,-0.013972,0.006634,0.289875,0.388267,-0.141672,-0.026877,-0.037709,-0.023749,0.090951,-0.034124,0.039633,-0.057418,0.004919,-0.003594,-0.000592,-0.002758,-0.001091,0.024165,-0.002974,0.037597,0.072147,-0.001305,0.008479,0.003447,0.006948,-0.490414,-0.103088,0.017753,0.359483,-0.076364,-0.067885,0.210373,0.015101,-0.019819,0.290577,-0.003137,0.219618
0.000666,-0.003268,-0.002129,0.026878,0.040704,0.001562,0.012180,-0.042708,0.001729,-0.000210,0.044491,-0.000753,0.002334,-0.006863,0.008378,-0.029244,0.000004,0.000228,0.000027,0.000183,-0.000034,-0.000426,0.018971,-0.000160,0.000118,0.005024,-0.000157,-0.000060,-0.000135,-0.003594,-0.003547,-0.001346,0.017919,0.037500,0.005809,-0.002162,0.001423,0.016081,-0.000729,-0.000508,0.001878
0.049529,-0.036740,-0.013972,0.040704,1.955449,0.011472,0.258535,0.650860,-0.113549,-0.017052,1.059707,-0.041061,0.074304,-0.055413,0.181553,0.061762,0.001584,-0.000441,-0.002231,0.035085,0.006519,0.008005,0.205974,-0.002470,-0.010438,0.002656,0.032516,0.002651,-0.000113,2.540135,0.174281,-0.002912,0.125732,1.007708,0.186249,0.034513,-0.005571,0.437143,0.121619,-0.013281,0.011421
0.034068,-0.013093,0.006634,0.001562,0.011472,0.231534,-0.014220,-0.084736,0.347761,0.009920,-0.042941,-0.038170,0.034996,-0.010593,0.035348,0.067634,0.000055,0.000259,-0.000176,-0.000899,0.000295,-0.000489,0.113799,0.000202,0.003359,-0.000492,0.010263,0.000047,-0.000718,-0.077918,0.024505,0.043603,0.018466,-0.028064,0.005617,0.007041,-0.005195,-0.015875,-0.002707,-0.001145,0.014519
0.115955,-0.079434,0.289875,0.012180,0.258535,-0.014220,2.474607,3.552647,-0.158145,0.048307,0.033583,0.020969,0.195142,-0.171892,0.220451,0.273563,0.003191,-0.006766,-0.003914,0.028893,-0.004468,0.031175,1.723789,0.015651,0.084855,0.008481,0.068396,0.002127,0.009027,0.504062,-0.037917,-0.047788,0.578794,0.171841,0.005197,0.163547,-0.029956,0.023836,0.246288,0.004371,0.084014
0.570744,-0.605660,0.388267,-0.042708,0.650860,-0.084736,3.552647,39.687724,-0.955049,-0.000797,-0.136402,0.081955,0.602818,-0.671022,0.787465,0.468241,-0.005187,-0.043246,0.001138,0.052459,-0.002934,0.145427,1.891267,0.032363,0.223029,0.051102,0.253311,0.012394,0.046245,0.331055,-0.545111,0.201379,1.627346,0.311780,-0.581027,0.419569,-0.299762,-0.348285,1.004950,0.030168,0.234336
0.034226,0.024365,-0.141672,0.001729,-0.113549,0.347761,-0.158145,-0.955049,1.813255,0.105029,-0.116748,-0.003286,0.069813,0.081956,0.049244,0.245702,-0.003972,0.002940,-0.001386,-0.000666,0.002508,-0.013508,-0.346350,-0.003252,-0.029271,-0.005111,0.016744,-0.000272,-0.004039,-0.061512,0.242675,0.014109,-0.035410,-0.116844,-0.026231,-0.036526,-0.040088,-0.054003,-0.067009,-0.008272,-0.053450
0.091790,0.113509,-0.026877,-0.000210,-0.017052,0.009920,0.048307,-0.000797,0.105029,1.455392,-0.076271,-0.131185,0.111022,0.119137,0.157949,1.350707,0.003236,0.000443,-0.002074,0.040325,-0.005775,-0.011787,-0.382940,-0.003459,-0.023021,0.000366,0.022558,0.000286,-0.003291,3.918082,0.225717,-0.013255,0.081724,-0.002610,0.058085,0.033327,0.097424,-0.046344,0.105722,0.017120,-0.048618
0.074851,0.023971,-0.037709,0.044491,1.059707,-0.042941,0.033583,-0.136402,-0.116748,-0.076271,3.735474,-0.060753,0.090844,-0.041803,0.139251,0.218738,0.001604,0.000094,-0.000252,0.064701,0.003652,0.004178,0.181589,-0.002113,-0.020915,0.002008,0.034871,-0.000656,0.002838,1.923980,-0.042316,-0.043256,0.123196,0.789596,0.108760,0.019110,0.010493,0.650936,0.112226,-0.011444,-0.050585
-0.018768,-0.005651,-0.023749,-0.000753,-0.041061,-0.038170,0.020969,0.081955,-0.003286,-0.131185,-0.060753,0.357855,-0.018002,-0.015093,-0.012571,-0.279738,-0.002971,-0.000134,-0.000442,0.001260,-0.005350,0.004198,0.059046,-0.000252,0.001800,-0.000005,-0.005665,0.001788,0.001097,-0.912831,-0.083410,-0.011567,-0.003521,-0.052545,-0.067668,-0.006209,-0.067449,-0.031367,-0.026548,-0.004082,-0.134189
0.057679,0.003478,0.090951,0.002334,0.074304,0.034996,0.195142,0.602818,0.069813,0.111022,0.090844,-0.018002,0.162950,0.015311,0.097634,0.308152,0.001196,-0.001222,-0.001530,0.003537,0.003771,0.006395,0.097548,0.010181,0.010919,0.002315,0.020378,0.000011,0.002539,0.588333,0.108777,0.024587,0.089105,0.054487,-0.012455,0.080945,-0.006216,0.010579,0.142678,0.005591,0.052650
-0.023529,0.045945,-0.034124,-0.006863,-0.055413,-0.010593,-0.171892,-0.671022,0.081956,0.119137,-0.041803,-0.015093,0.015311,0.294307,0.004850,0.200564,-0.001443,0.001428,0.000108,-0.001052,-0.002913,-0.005389,-0.364931,-0.001379,-0.011960,-0.004646,-0.007538,-0.000220,-0.001984,0.374255,0.178159,-0.019129,-0.062205,-0.072377,0.002434,-0.015979,-0.004042,-0.028231,0.010727,0.004666,-0.026649
0.118416,0.019258,0.039633,0.008378,0.181553,0.035348,0.220451,0.787465,0.049244,0.157949,0.139251,-0.012571,0.097634,0.004850,0.406272,0.505391,0.001793,-0.002334,-0.002010,0.007352,0.007181,0.005063,0.209829,-0.003283,0.006046,0.004520,0.041852,0.006699,-0.000931,1.116450,0.084235,0.032632,0.113008,0.148929,0.017004,0.048223,-0.011222,0.034393,0.155347,0.004627,0.007220
0.265785,0.187070,-0.057418,-0.029244,0.061762,0.067634,0.273563,0.468241,0.245702,1.350707,0.218738,-0.279738,0.308152,0.200564,0.505391,9.214434,0.002447,-0.002475,-0.011733,0.094878,-0.005242,-0.012303,-0.486163,0.000259,-0.048889,0.003929,0.066751,-0.007827,-0.005737,7.543079,0.412472,0.065605,0.165064,0.100205,-0.058271,0.012034,0.090125,0.000199,0.342960,0.080678,-0.028559
0.002115,0.004291,0.004919,0.000004,0.001584,0.000055,0.003191,-0.005187,-0.003972,0.003236,0.001604,-0.002971,0.001196,-0.001443,0.001793,0.002447,0.000861,0.000044,0.000064,0.000712,0.000874,-0.000133,-0.001168,-0.000063,0.001262,0.000006,0.000470,0.000094,0.000052,0.031894,-0.002628,0.000494,0.001578,-0.001469,0.000916,0.001722,0.005528,0.001138,0.003536,-0.000166,0.006462
-0.000978,0.003763,-0.003594,0.000228,-0.000441,0.000259,-0.006766,-0.043246,0.002940,0.000443,0.000094,-0.000134,-0.001222,0.001428,-0.002334,-0.002475,0.000044,0.000363,0.000107,0.000152,-0.000039,-0.000457,-0.003857,-0.000191,-0.000613,-0.000077,-0.000524,-0.000058,-0.000138,-0.004127,0.002311,-0.000029,-0.003556,0.000050,0.001407,-0.002349,0.001692,0.000911,-0.004118,-0.000058,-0.000750
-0.001324,-0.001822,-0.000592,0.000027,-0.002231,-0.000176,-0.003914,0.001138,-0.001386,-0.002074,-0.000252,-0.000442,-0.001530,0.000108,-0.002010,-0.011733,0.000064,0.000107,0.003926,-0.000158,-0.000019,0.000036,0.001383,-0.000066,-0.000172,-0.000057,0.000038,-0.000759,-0.000029,-0.010847,-0.003661,-0.000086,-0.000852,0.006781,0.001370,-0.001077,-0.000465,0.001469,-0.002998,-0.000001,0.001430
0.010285,0.016525,-0.002758,0.000183,0.035085,-0.000899,0.028893,0.052459,-0.000666,0.040325,0.064701,0.001260,0.003537,-0.001052,0.007352,0.094878,0.000712,0.000152,-0.000158,0.062427,0.001996,-0.000096,-0.016936,-0.000814,0.002245,0.000952,0.002707,0.000382,-0.000157,0.833402,-0.015998,-0.001903,0.025116,0.043541,-0.007904,0.001404,0.014115,0.039442,0.007913,-0.000675,0.007727
0.006599,0.000846,-0.001091,-0.000034,0.006519,0.000295,-0.004468,-0.002934,0.002508,-0.005775,0.003652,-0.005350,0.003771,-0.002913,0.007181,-0.005242,0.000874,-0.000039,-0.000019,0.001996,0.014338,-0.001203,-0.004840,-0.000172,-0.000967,-0.000085,0.002437,0.000010,-0.000110,0.023399,-0.003934,0.004271,-0.003952,0.003735,-0.001625,0.001310,0.000196,-0.000216,0.005303,-0.000036,0.038583
0.002661,-0.003731,0.024165,-0.000426,0.008005,-0.000489,0.031175,0.145427,-0.013508,-0.011787,0.004178,0.004198,0.006395,-0.005389,0.005063,-0.012303,-0.000133,-0.000457,0.000036,-0.000096,-0.001203,0.004714,0.046701,0.002084,0.002611,0.000173,0.001942,0.000174,0.000955,-0.037148,-0.008595,0.000513,0.019142,0.005717,-0.006431,0.019485,-0.005596,-0.000037,0.024641,0.000050,0.007062
0.186054,-0.432817,-0.002974,0.018971,0.205974,0.113799,1.723789,1.891267,-0.346350,-0.382940,0.181589,0.059046,0.097548,-0.364931,0.209829,-0.486163,-0.001168,-0.003857,0.001383,-0.016936,-0.004840,0.046701,29.334895,-0.006654,0.196606,0.009970,0.115988,0.002742,-0.002800,-1.399036,-0.104760,0.186726,0.160151,0.204247,-0.162563,0.432000,-0.046264,0.022132,0.095774,-0.005261,-0.073293
0.000273,-0.001685,0.037597,-0.000160,-0.002470,0.000202,0.015651,0.032363,-0.003252,-0.003459,-0.002113,-0.000252,0.010181,-0.001379,-0.003283,0.000259,-0.000063,-0.000191,-0.000066,-0.000814,-0.000172,0.002084,-0.006654,0.016576,-0.000643,-0.000111,-0.000008,0.001015,0.005132,-0.036829,-0.008267,-0.001040,0.012405,-0.003396,-0.008459,0.031658,-0.001843,-0.005085,0.044263,-0.000254,0.006583
0.005840,0.000027,0.072147,0.000118,-0.010438,0.003359,0.084855,0.223029,-0.029271,-0.023021,-0.020915,0.001800,0.010919,-0.011960,0.006046,-0.048889,0.001262,-0.000613,-0.000172,0.002245,-0.000967,0.002611,0.196606,-0.000643,0.066657,-0.000389,0.001046,0.000979,-0.000932,-0.103565,-0.036355,0.010365,0.039252,-0.012519,-0.013026,0.012413,0.004827,-0.005285,0.020491,-0.001616,0.071939
0.002287,-0.003584,-0.001305,0.005024,0.002656,-0.000492,0.008481,0.051102,-0.005111,0.000366,0.002008,-0.000005,0.002315,-0.004646,0.004520,0.003929,0.000006,-0.000077,-0.000057,0.000952,-0.000085,0.000173,0.009970,-0.000111,-0.000389,0.010337,0.000400,0.000045,-0.000043,-0.044683,0.005118,0.000660,0.005754,0.029753,0.004954,-0.000292,-0.002224,0.012568,0.004841,-0.000124,-0.003098
0.030951,0.000965,0.008479,-0.000157,0.032516,0.010263,0.068396,0.253311,0.016744,0.022558,0.034871,-0.005665,0.020378,-0.007538,0.041852,0.066751,0.000470,-0.000524,0.000038,0.002707,0.002437,0.001942,0.115988,-0.000008,0.001046,0.000400,0.021841,-0.000229,0.000244,0.188420,0.006673,0.007543,0.028387,0.032572,0.002726,0.014994,-0.001335,0.010432,0.033156,0.000915,0.017747
0.001838,-0.000958,0.003447,-0.000060,0.002651,0.000047,0.002127,0.012394,-0.000272,0.000286,-0.000656,0.001788,0.000011,-0.000220,0.006699,-0.007827,0.000094,-0.000058,-0.000759,0.000382,0.000010,0.000174,0.002742,0.001015,0.000979,0.000045,-0.000229,0.011947,0.000163,0.023130,-0.002815,-0.000178,0.000572,0.000275,-0.005632,0.006823,0.000962,-0.001482,0.003788,-0.000001,0.004033
0.000827,0.000386,0.006948,-0.000135,-0.000113,-0.000718,0.009027,0.046245,-0.004039,-0.003291,0.002838,0.001097,0.002539,-0.001984,-0.000931,-0.005737,0.000052,-0.000138,-0.000029,-0.000157,-0.000110,0.000955,-0.002800,0.005132,-0.000932,-0.000043,0.000244,0.000163,0.006509,0.010232,-0.003177,-0.000293,0.003199,-0.000656,-0.002467,0.008195,-0.000782,-0.002315,0.019007,-0.000047,0.002897
0.512950,0.446945,-0.490414,-0.003594,2.540135,-0.077918,0.504062,0.331055,-0.061512,3.918082,1.923980,-0.912831,0.588333,0.374255,1.116450,7.543079,0.031894,-0.004127,-0.010847,0.833402,0.023399,-0.037148,-1.399036,-0.036829,-0.103565,-0.044683,0.188420,0.023130,0.010232,70.108117,1.216287,0.152440,0.728544,2.423837,0.231006,0.272772,0.729543,1.206253,0.711997,0.125972,0.009000
0.003430,-0.001770,-0.103088,-0.003547,0.174281,0.024505,-0.037917,-0.545111,0.242675,0.225717,-0.042316,-0.083410,0.108777,0.178159,0.084235,0.412472,-0.002628,0.002311,-0.003661,-0.015998,-0.003934,-0.008595,-0.104760,-0.008267,-0.036355,0.005118,0.006673,-0.002815,-0.003177,1.216287,1.519306,-0.031317,-0.020796,0.238974,0.019632,-0.022561,-0.025935,0.043186,0.081347,0.013678,0.011998
0.026934,-0.029192,0.017753,-0.001346,-0.002912,0.043603,-0.047788,0.201379,0.014109,-0.013255,-0.043256,-0.011567,0.024587,-0.019129,0.032632,0.065605,0.000494,-0.000029,-0.000086,-0.001903,0.004271,0.000513,0.186726,-0.001040,0.010365,0.000660,0.007543,-0.000178,-0.000293,0.152440,-0.031317,0.210519,-0.013377,-0.000351,-0.005441,0.006479,-0.003419,-0.003077,0.000140,-0.000159,-0.001800
0.058688,-0.028798,0.359483,0.017919,0.125732,0.018466,0.578794,1.627346,-0.035410,0.081724,0.123196,-0.003521,0.089105,-0.062205,0.113008,0.165064,0.001578,-0.003556,-0.000852,0.025116,-0.003952,0.019142,0.160151,0.012405,0.039252,0.005754,0.028387,0.000572,0.003199,0.728544,-0.020796,-0.013377,0.970980,0.118008,0.063931,0.142569,0.000009,0.049945,0.215637,-0.003161,0.048084
0.037463,-0.038521,-0.076364,0.037500,1.007708,-0.028064,0.171841,0.311780,-0.116844,-0.002610,0.789596,-0.052545,0.054487,-0.072377,0.148929,0.100205,-0.001469,0.000050,0.006781,0.043541,0.003735,0.005717,0.204247,-0.003396,-0.012519,0.029753,0.032572,0.000275,-0.000656,2.423837,0.238974,-0.000351,0.118008,2.412162,0.194164,-0.000080,-0.013465,0.536442,0.103944,-0.006878,-0.010776
-0.006469,-0.027495,-0.067885,0.005809,0.186249,0.005617,0.005197,-0.581027,-0.026231,0.058085,0.108760,-0.067668,-0.012455,0.002434,0.017004,-0.058271,0.000916,0.001407,0.001370,-0.007904,-0.001625,-0.006431,-0.162563,-0.008459,-0.013026,0.004954,0.002726,-0.005632,-0.002467,0.231006,0.019632,-0.005441,0.063931,0.194164,0.703702,-0.023212,0.046134,0.119948,-0.064236,-0.012829,-0.042434
0.040534,0.000181,0.210373,-0.002162,0.034513,0.007041,0.163547,0.419569,-0.036526,0.033327,0.019110,-0.006209,0.080945,-0.015979,0.048223,0.012034,0.001722,-0.002349,-0.001077,0.001404,0.001310,0.019485,0.432000,0.031658,0.012413,-0.000292,0.014994,0.006823,0.008195,0.272772,-0.022561,0.006479,0.142569,-0.000080,-0.023212,0.485877,0.004353,0.003158,0.341080,-0.000317,0.073444
0.008639,0.055842,0.015101,0.001423,-0.005571,-0.005195,-0.029956,-0.299762,-0.040088,0.097424,0.010493,-0.067449,-0.006216,-0.004042,-0.011222,0.090125,0.005528,0.001692,-0.000465,0.014115,0.000196,-0.005596,-0.046264,-0.001843,0.004827,-0.002224,-0.001335,0.000962,-0.000782,0.729543,-0.025935,-0.003419,0.000009,-0.013465,0.046134,0.004353,0.163771,0.023781,-0.015549,-0.001366,0.041604
0.006884,0.015736,-0.019819,0.016081,0.437143,-0.015875,0.023836,-0.348285,-0.054003,-0.046344,0.650936,-0.031367,0.010579,-0.028231,0.034393,0.000199,0.001138,0.000911,0.001469,0.039442,-0.000216,-0.000037,0.022132,-0.005085,-0.005285,0.012568,0.010432,-0.001482,-0.002315,1.206253,0.043186,-0.003077,0.049945,0.536442,0.119948,0.003158,0.023781,0.570800,0.017138,-0.002898,-0.027217
0.082789,0.047952,0.290577,-0.000729,0.121619,-0.002707,0.246288,1.004950,-0.067009,0.105722,0.112226,-0.026548,0.142678,0.010727,0.155347,0.342960,0.003536,-0.004118,-0.002998,0.007913,0.005303,0.024641,0.095774,0.044263,0.020491,0.004841,0.033156,0.003788,0.019007,0.711997,0.081347,0.000140,0.215637,0.103944,-0.064236,0.341080,-0.015549,0.017138,0.778181,0.002517,0.142449
0.004261,-0.002386,-0.003137,-0.000508,-0.013281,-0.001145,0.004371,0.030168,-0.008272,0.017120,-0.011444,-0.004082,0.005591,0.004666,0.004627,0.080678,-0.000166,-0.000058,-0.000001,-0.000675,-0.000036,0.000050,-0.005261,-0.000254,-0.001616,-0.000124,0.000915,-0.000001,-0.000047,0.125972,0.013678,-0.000159,-0.003161,-0.006878,-0.012829,-0.000317,-0.001366,-0.002898,0.002517,0.032392,-0.004384
0.064365,0.046652,0.219618,0.001878,0.011421,0.014519,0.084014,0.234336,-0.053450,-0.048618,-0.050585,-0.134189,0.052650,-0.026649,0.007220,-0.028559,0.006462,-0.000750,0.001430,0.007727,0.038583,0.007062,-0.073293,0.006583,0.071939,-0.003098,0.017747,0.004033,0.002897,0.009000,0.011998,-0.001800,0.048084,-0.010776,-0.042434,0.073444,0.041604,-0.027217,0.142449,-0.004384,1.271343
