0.013872,0.002002,0.004021,0.000265,0.001619,0.003980,0.005714,0.006262,0.001488,0.003967,0.001619,-0.000515,0.010284,-0.001979,0.011576,0.005003,0.004331,-0.000949,-0.000659,0.001844,0.002420,0.002961,0.000728,-0.001393,0.005055,-0.000142,0.012858,-0.000067,0.001103,0.005160,-0.000470,0.002478,0.004019,0.002334,0.000518,0.003897,0.001604,0.000916,0.006069,0.000718,0.003140
0.002002,0.008801,0.000762,-0.001029,-0.000963,0.001662,-0.002908,-0.004064,0.000894,0.002262,-0.000664,-0.000356,0.000318,0.006009,0.000906,0.000482,0.006732,0.003335,0.000060,0.000760,0.003147,-0.003228,-0.000533,-0.001403,-0.000971,-0.000662,-0.000522,0.000111,-0.000239,0.001220,0.000282,-0.002287,-0.001114,-0.001816,-0.000690,0.000397,0.007077,-0.000606,0.000121,-0.000221,0.002348
0.004021,0.000762,0.014977,0.000599,0.000784,0.002019,0.005240,0.000861,-0.000533,-0.002927,0.000078,0.000476,0.008091,-0.002940,0.003265,-0.001516,0.006765,-0.002675,-0.000195,0.000445,0.002205,0.007374,0.000377,0.006936,0.025374,-0.000000,0.003510,-0.000296,0.005837,-0.002207,-0.001106,0.001927,0.006085,-0.000021,-0.002931,0.006845,0.001518,-0.000678,0.008300,-0.000307,0.006052
0.000265,-0.001029,0.000599,0.007408,0.003508,-0.000162,0.002246,-0.000849,-0.000432,0.000853,0.003655,-0.000988,0.001471,-0.000758,0.000921,-0.000046,0.000289,0.000643,0.001441,0.000292,-0.000149,0.000028,0.000163,-0.000941,0.001781,0.001204,0.001025,-0.000087,-0.000360,0.001796,0.000653,0.000601,0.002049,0.006151,0.002703,0.000473,0.000424,0.006772,0.001038,-0.000368,0.000069
0.001619,-0.000963,0.000784,0.003508,0.004483,0.000152,0.003161,0.001030,-0.000333,0.000858,0.004359,-0.000741,0.002850,-0.001129,0.002264,0.000766,0.000247,-0.000284,0.000034,0.001828,0.000208,0.001027,0.000278,-0.001025,-0.000908,0.001168,0.002357,-0.000055,-0.000651,0.003407,0.000538,0.000162,0.002616,0.006571,0.001575,0.000407,-0.000044,0.006889,0.001488,-0.000062,0.000219
0.003980,0.001662,0.002019,-0.000162,0.000152,0.005240,0.001089,-0.000521,0.003004,0.000663,0.000205,-0.000308,0.002685,-0.000354,0.003216,0.001964,0.003392,0.002377,-0.000010,-0.000117,0.003265,-0.001473,0.000184,-0.000660,0.000844,-0.000015,0.003157,0.000087,-0.000533,0.000086,0.000198,0.001661,-0.000164,-0.000467,-0.000443,0.000031,0.002397,-0.000934,0.000866,-0.000167,0.003172
0.005714,-0.002908,0.005240,0.002246,0.003161,0.001089,0.014037,0.009408,0.000723,0.001533,0.003150,-0.001301,0.008870,-0.006627,0.006105,0.003029,0.001077,-0.004453,-0.000479,0.003849,-0.000880,0.006890,0.000734,0.003934,0.012145,0.001033,0.007190,-0.000075,0.004614,0.004675,-0.000695,-0.001193,0.011284,0.005776,0.002472,0.004022,-0.000681,0.002880,0.006484,0.000742,0.001656
0.006262,-0.004064,0.000861,-0.000849,0.001030,-0.000521,0.009408,0.020314,-0.002592,-0.002313,0.001051,0.000028,0.007123,-0.009132,0.006223,0.001220,-0.002026,-0.007489,-0.001279,0.001294,-0.001378,0.010006,0.000987,0.002272,0.011912,0.000538,0.009255,-0.000299,0.004226,0.001838,-0.002527,0.000500,0.006650,0.001892,-0.005870,0.002744,-0.004694,-0.002203,0.004972,0.000637,0.000479
0.001488,0.000894,-0.000533,-0.000432,-0.000333,0.003004,0.000723,-0.002592,0.005519,0.001400,-0.000493,0.000393,0.001313,0.003555,0.001597,0.002017,-0.002294,0.001006,-0.000087,-0.000834,0.000490,-0.001253,-0.000082,-0.000713,-0.003797,-0.000166,0.000523,0.000132,-0.001046,-0.000784,0.001719,0.000094,-0.001129,-0.000821,-0.000027,-0.000076,-0.002026,-0.001966,0.000048,-0.000097,-0.000297
0.003967,0.002262,-0.002927,0.000853,0.000858,0.000663,0.001533,-0.002313,0.001400,0.020593,0.000427,-0.005853,0.006546,0.009686,0.005355,0.012405,0.003206,0.000872,-0.000643,0.003119,-0.000675,-0.006347,-0.000001,-0.003574,-0.007556,-0.000061,0.003478,0.000141,-0.001564,0.017462,0.007111,-0.000230,0.001817,0.001189,0.006103,-0.001227,0.007622,0.000327,0.001446,0.001258,-0.001994
0.001619,-0.000664,0.000078,0.003655,0.004359,0.000205,0.003150,0.001051,-0.000493,0.000427,0.005060,-0.000711,0.002608,-0.001613,0.002193,0.000512,0.000584,0.000367,-0.000039,0.002148,0.000067,0.000674,0.000254,-0.001020,-0.001567,0.001143,0.002468,0.000009,-0.000682,0.003593,0.000247,0.000024,0.002934,0.007700,0.002222,0.000295,0.000317,0.008196,0.001338,-0.000081,0.000324
-0.000515,-0.000356,0.000476,-0.000988,-0.000741,-0.000308,-0.001301,0.000028,0.000393,-0.005853,-0.000711,0.004986,-0.001768,-0.001222,-0.001037,-0.003266,-0.002249,-0.000386,0.000033,-0.000114,0.000028,0.001861,0.000001,0.000652,0.000526,-0.000266,-0.000401,-0.000028,0.000203,-0.006891,-0.001266,0.000500,-0.000778,-0.001127,-0.003307,0.000458,-0.003556,-0.000960,-0.000369,-0.000636,-0.000024
0.010284,0.000318,0.008091,0.001471,0.002850,0.002685,0.008870,0.007123,0.001313,0.006546,0.002608,-0.001768,0.018430,0.004590,0.011564,0.006159,0.003214,-0.002902,-0.000700,0.002340,0.001437,0.006761,0.000666,0.007617,0.010675,0.000441,0.010776,0.000064,0.006949,0.007657,0.007289,0.001587,0.007388,0.004283,-0.001379,0.009179,-0.001205,0.001537,0.013095,0.000904,0.003941
-0.001979,0.006009,-0.002940,-0.000758,-0.001129,-0.000354,-0.006627,-0.009132,0.003555,0.009686,-0.001613,-0.001222,0.004590,0.027555,0.001173,0.004189,-0.002730,0.003788,0.000156,-0.001217,0.000473,-0.006900,-0.000860,-0.002830,-0.007726,-0.001384,-0.003734,0.000649,-0.001757,0.004573,0.015466,-0.002151,-0.004467,-0.002493,0.000472,-0.001149,-0.000457,-0.001278,-0.000489,0.000454,-0.001451
0.011576,0.000906,0.003265,0.000921,0.002264,0.003216,0.006105,0.006223,0.001597,0.005355,0.002193,-0.001037,0.011564,0.001173,0.011310,0.005394,0.002342,-0.001181,-0.000601,0.001863,0.001762,0.002758,0.000674,-0.001293,0.003668,0.000270,0.011565,-0.000207,0.001291,0.006259,0.003243,0.001847,0.004220,0.003672,0.000326,0.002920,-0.000191,0.001862,0.005916,0.000841,0.002387
0.005003,0.000482,-0.001516,-0.000046,0.000766,0.001964,0.003029,0.001220,0.002017,0.012405,0.000512,-0.003266,0.006159,0.004189,0.005394,0.010328,0.001147,-0.000258,-0.000430,0.002119,-0.000099,-0.001914,0.000230,-0.001803,-0.004585,0.000103,0.004847,0.000018,-0.000667,0.011667,0.003877,0.000334,0.002021,0.000359,0.003395,0.000017,0.002933,-0.000201,0.002247,0.001438,-0.000983
0.004331,0.006732,0.006765,0.000289,0.000247,0.003392,0.001077,-0.002026,-0.002294,0.003206,0.000584,-0.002249,0.003214,-0.002730,0.002342,0.001147,0.017693,0.004364,-0.000032,0.003270,0.006085,-0.002697,-0.000024,0.000829,0.009040,-0.000465,0.002562,0.000172,0.001252,0.005118,-0.002831,-0.000276,0.003424,-0.000073,-0.000294,0.001994,0.015736,0.000567,0.003103,0.000063,0.007302
-0.000949,0.003335,-0.002675,0.000643,-0.000284,0.002377,-0.004453,-0.007489,0.001006,0.000872,0.000367,-0.000386,-0.002902,0.003788,-0.001181,-0.000258,0.004364,0.006919,0.000608,-0.000164,0.003349,-0.007702,-0.000389,-0.003122,-0.008029,-0.000227,-0.002135,0.000397,-0.002840,-0.000248,0.001242,-0.000303,-0.003312,0.000089,0.002568,-0.002750,0.005783,0.002019,-0.003496,-0.000468,0.002335
-0.000659,0.000060,-0.000195,0.001441,0.000034,-0.000010,-0.000479,-0.001279,-0.000087,-0.000643,-0.000039,0.000033,-0.000700,0.000156,-0.000601,-0.000430,-0.000032,0.000608,0.002239,-0.000061,-0.000006,-0.000514,-0.000058,-0.000991,-0.000628,-0.000168,-0.000784,-0.000184,-0.000213,-0.000715,-0.000134,-0.000003,-0.000324,0.000150,0.001802,0.000100,0.000290,0.000968,-0.000126,-0.000058,-0.000063
0.001844,0.000760,0.000445,0.000292,0.001828,-0.000117,0.003849,0.001294,-0.000834,0.003119,0.002148,-0.000114,0.002340,-0.001217,0.001863,0.002119,0.003270,-0.000164,-0.000061,0.008754,0.000175,0.000593,0.000105,0.000126,0.002638,0.000392,0.002317,0.000053,0.000354,0.007645,-0.000527,-0.000283,0.005402,0.004816,-0.000318,0.000591,0.003506,0.004346,0.001628,0.000021,0.000379
0.002420,0.003147,0.002205,-0.000149,0.000208,0.003265,-0.000880,-0.001378,0.000490,-0.000675,0.000067,0.000028,0.001437,0.000473,0.001762,-0.000099,0.006085,0.003349,-0.000006,0.000175,0.006414,-0.002055,-0.000023,-0.000739,0.000382,-0.000119,0.001292,0.000071,-0.000829,-0.000679,0.000834,0.000079,-0.000787,-0.000265,-0.001943,0.000052,0.004521,-0.000525,0.000494,-0.000119,0.004148
0.002961,-0.003228,0.007374,0.000028,0.001027,-0.001473,0.006890,0.010006,-0.001253,-0.006347,0.000674,0.001861,0.006761,-0.006900,0.002758,-0.001914,-0.002697,-0.007702,-0.000514,0.000593,-0.002055,0.013789,0.000530,0.007779,0.015040,0.000892,0.004245,-0.000131,0.005344,-0.002338,-0.002627,0.000585,0.005521,0.001177,-0.005413,0.007732,-0.007267,-0.000353,0.008621,0.000070,0.000228
0.000728,-0.000533,0.000377,0.000163,0.000278,0.000184,0.000734,0.000987,-0.000082,-0.000001,0.000254,0.000001,0.000666,-0.000860,0.000674,0.000230,-0.000024,-0.000389,-0.000058,0.000105,-0.000023,0.000530,0.000151,-0.000054,0.000499,0.000110,0.000974,-0.000042,0.000141,0.000269,-0.000210,0.000516,0.000363,0.000401,-0.000058,0.000159,-0.000285,0.000237,0.000377,0.000080,0.000144
-0.001393,-0.001403,0.006936,-0.000941,-0.001025,-0.000660,0.003934,0.002272,-0.000713,-0.003574,-0.001020,0.000652,0.007617,-0.002830,-0.001293,-0.001803,0.000829,-0.003122,-0.000991,0.000126,-0.000739,0.007779,-0.000054,0.035530,0.005879,-0.000271,-0.001197,0.000937,0.026780,-0.003345,-0.000804,0.000267,0.003857,-0.002725,-0.002061,0.014019,-0.002610,-0.003867,0.013604,-0.000538,0.002792
0.005055,-0.000971,0.025374,0.001781,-0.000908,0.000844,0.012145,0.011912,-0.003797,-0.007556,-0.001567,0.000526,0.010675,-0.007726,0.003668,-0.004585,0.009040,-0.008029,-0.000628,0.002638,0.000382,0.015040,0.000499,0.005879,0.109968,-0.001046,0.006243,-0.000553,0.006014,-0.003939,-0.004824,0.002120,0.021115,-0.001195,-0.006391,0.007636,0.001543,-0.004007,0.010503,-0.000739,0.010639
-0.000142,-0.000662,-0.000000,0.001204,0.001168,-0.000015,0.001033,0.000538,-0.000166,-0.000061,0.001143,-0.000266,0.000441,-0.001384,0.000270,0.000103,-0.000465,-0.000227,-0.000168,0.000392,-0.000119,0.000892,0.000110,-0.000271,-0.001046,0.001767,0.000527,-0.000023,-0.000322,0.000344,0.000021,0.000065,0.000807,0.002057,0.000751,0.000001,-0.000559,0.001819,0.000295,-0.000033,-0.000129
0.012858,-0.000522,0.003510,0.001025,0.002357,0.003157,0.007190,0.009255,0.000523,0.003478,0.002468,-0.000401,0.010776,-0.003734,0.011565,0.004847,0.002562,-0.002135,-0.000784,0.002317,0.001292,0.004245,0.000974,-0.001197,0.006243,0.000527,0.013878,-0.000245,0.001604,0.005327,-0.000452,0.003283,0.005150,0.003972,-0.000064,0.003412,-0.000875,0.002095,0.006122,0.000935,0.002656
-0.000067,0.000111,-0.000296,-0.000087,-0.000055,0.000087,-0.000075,-0.000299,0.000132,0.000141,0.000009,-0.000028,0.000064,0.000649,-0.000207,0.000018,0.000172,0.000397,-0.000184,0.000053,0.000071,-0.000131,-0.000042,0.000937,-0.000553,-0.000023,-0.000245,0.003055,-0.000170,0.000089,0.000278,-0.000136,-0.000031,-0.000080,0.000100,-0.000070,0.001018,0.000177,-0.000115,-0.000005,0.000148
0.001103,-0.000239,0.005837,-0.000360,-0.000651,-0.000533,0.004614,0.004226,-0.001046,-0.001564,-0.000682,0.000203,0.006949,-0.001757,0.001291,-0.000667,0.001252,-0.002840,-0.000213,0.000354,-0.000829,0.005344,0.000141,0.026780,0.006014,-0.000322,0.001604,-0.000170,0.026764,-0.002079,0.000028,-0.000531,0.005189,-0.001996,-0.001301,0.010417,-0.001431,-0.002982,0.010190,-0.000352,0.002495
0.005160,0.001220,-0.002207,0.001796,0.003407,0.000086,0.004675,0.001838,-0.000784,0.017462,0.003593,-0.006891,0.007657,0.004573,0.006259,0.011667,0.005118,-0.000248,-0.000715,0.007645,-0.000679,-0.002338,0.000269,-0.003345,-0.003939,0.000344,0.005327,0.000089,-0.002079,0.026892,0.004474,0.000416,0.004407,0.007053,0.001864,-0.000234,0.009229,0.006742,0.003034,0.001517,-0.001503
-0.000470,0.000282,-0.001106,0.000653,0.000538,0.000198,-0.000695,-0.002527,0.001719,0.007111,0.000247,-0.001266,0.007289,0.015466,0.003243,0.003877,-0.002831,0.001242,-0.000134,-0.000527,0.000834,-0.002627,-0.000210,-0.000804,-0.004824,0.000021,-0.000452,0.000278,0.000028,0.004474,0.014522,-0.000909,-0.000803,0.000783,-0.000389,-0.000782,-0.002173,0.000005,0.001519,0.000596,-0.000492
0.002478,-0.002287,0.001927,0.000601,0.000162,0.001661,-0.001193,0.000500,0.000094,-0.000230,0.000024,0.000500,0.001587,-0.002151,0.001847,0.000334,-0.000276,-0.000303,-0.000003,-0.000283,0.000079,0.000585,0.000516,0.000267,0.002120,0.000065,0.003283,-0.000136,-0.000531,0.000416,-0.000909,0.007305,-0.001100,-0.000167,-0.000865,0.000217,-0.001360,-0.000525,0.000709,-0.000204,0.001008
0.004019,-0.001114,0.006085,0.002049,0.002616,-0.000164,0.011284,0.006650,-0.001129,0.001817,0.002934,-0.000778,0.007388,-0.004467,0.004220,0.002021,0.003424,-0.003312,-0.000324,0.005402,-0.000787,0.005521,0.000363,0.003857,0.021115,0.000807,0.005150,-0.000031,0.005189,0.004407,-0.000803,-0.001100,0.013986,0.006652,0.003191,0.003915,0.001660,0.003815,0.005826,-0.000049,0.002305
0.002334,-0.001816,-0.000021,0.006151,0.006571,-0.000467,0.005776,0.001892,-0.000821,0.001189,0.007700,-0.001127,0.004283,-0.002493,0.003672,0.000359,-0.000073,0.000089,0.000150,0.004816,-0.000265,0.001177,0.000401,-0.002725,-0.001195,0.002057,0.003972,-0.000080,-0.001996,0.007053,0.000783,-0.000167,0.006652,0.016244,0.005495,-0.000395,-0.000334,0.014403,0.001418,-0.000198,-0.000172
0.000518,-0.000690,-0.002931,0.002703,0.001575,-0.000443,0.002472,-0.005870,-0.000027,0.006103,0.002222,-0.003307,-0.001379,0.000472,0.000326,0.003395,-0.000294,0.002568,0.001802,-0.000318,-0.001943,-0.005413,-0.000058,-0.002061,-0.006391,0.000751,-0.000064,0.000100,-0.001301,0.001864,-0.000389,-0.000865,0.003191,0.005495,0.029037,-0.002255,0.004621,0.009987,-0.002135,-0.000900,-0.002733
0.003897,0.000397,0.006845,0.000473,0.000407,0.000031,0.004022,0.002744,-0.000076,-0.001227,0.000295,0.000458,0.009179,-0.001149,0.002920,0.000017,0.001994,-0.002750,0.000100,0.000591,0.000052,0.007732,0.000159,0.014019,0.007636,0.000001,0.003412,-0.000070,0.010417,-0.000234,-0.000782,0.000217,0.003915,-0.000395,-0.002255,0.015058,-0.001084,-0.001004,0.013815,-0.000105,0.002298
0.001604,0.007077,0.001518,0.000424,-0.000044,0.002397,-0.000681,-0.004694,-0.002026,0.007622,0.000317,-0.003556,-0.001205,-0.000457,-0.000191,0.002933,0.015736,0.005783,0.000290,0.003506,0.004521,-0.007267,-0.000285,-0.002610,0.001543,-0.000559,-0.000875,0.001018,-0.001431,0.009229,-0.002173,-0.001360,0.001660,-0.000334,0.004621,-0.001084,0.020099,0.001269,-0.000851,-0.000005,0.004665
0.000916,-0.000606,-0.000678,0.006772,0.006889,-0.000934,0.002880,-0.002203,-0.001966,0.000327,0.008196,-0.000960,0.001537,-0.001278,0.001862,-0.000201,0.000567,0.002019,0.000968,0.004346,-0.000525,-0.000353,0.000237,-0.003867,-0.004007,0.001819,0.002095,0.000177,-0.002982,0.006742,0.000005,-0.000525,0.003815,0.014403,0.009987,-0.001004,0.001269,0.019343,0.000197,-0.000441,-0.000837
0.006069,0.000121,0.008300,0.001038,0.001488,0.000866,0.006484,0.004972,0.000048,0.001446,0.001338,-0.000369,0.013095,-0.000489,0.005916,0.002247,0.003103,-0.003496,-0.000126,0.001628,0.000494,0.008621,0.000377,0.013604,0.010503,0.000295,0.006122,-0.000115,0.010190,0.003034,0.001519,0.000709,0.005826,0.001418,-0.002135,0.013815,-0.000851,0.000197,0.014811,0.000208,0.002993
0.000718,-0.000221,-0.000307,-0.000368,-0.000062,-0.000167,0.000742,0.000637,-0.000097,0.001258,-0.000081,-0.000636,0.000904,0.000454,0.000841,0.001438,0.000063,-0.000468,-0.000058,0.000021,-0.000119,0.000070,0.000080,-0.000538,-0.000739,-0.000033,0.000935,-0.000005,-0.000352,0.001517,0.000596,-0.000204,-0.000049,-0.000198,-0.000900,-0.000105,-0.000005,-0.000441,0.000208,0.002706,-0.000075
0.003140,0.002348,0.006052,0.000069,0.000219,0.003172,0.001656,0.000479,-0.000297,-0.001994,0.000324,-0.000024,0.003941,-0.001451,0.002387,-0.000983,0.007302,0.002335,-0.000063,0.000379,0.004148,0.000228,0.000144,0.002792,0.010639,-0.000129,0.002656,0.000148,0.002495,-0.001503,-0.000492,0.001008,0.002305,-0.000172,-0.002733,0.002298,0.004665,-0.000837,0.002993,-0.000075,0.006100
