0.012653,0.002303,0.003568,0.000361,0.001437,0.004139,0.005716,0.006073,0.001741,0.004044,0.001430,-0.000522,0.009652,-0.002821,0.010430,0.004786,0.004022,-0.001137,-0.001099,0.002202,0.001447,0.002604,0.000641,-0.000285,0.004698,0.000412,0.011576,0.000198,0.001103,0.004695,-0.000707,0.002139,0.004449,0.002289,0.000729,0.003674,0.001944,0.000523,0.005899,0.001096,0.002995
0.002303,0.008727,0.000368,-0.001135,-0.001171,0.002354,-0.002357,-0.003696,0.001428,0.002690,-0.000800,-0.000765,0.000487,0.006164,0.001038,0.001014,0.005662,0.002981,-0.000114,0.000937,0.001586,-0.003207,-0.000578,-0.001405,-0.000943,-0.000934,-0.000086,-0.000145,0.000252,0.001457,0.000120,-0.001885,-0.000860,-0.001683,0.000621,-0.000013,0.007238,-0.000513,-0.000138,-0.000019,0.001970
0.003568,0.000368,0.013304,0.000686,0.000702,0.001658,0.005194,0.000872,-0.001015,-0.002590,0.000074,0.000043,0.008008,-0.003056,0.003006,-0.001236,0.005766,-0.002677,-0.000256,0.000638,0.000993,0.006492,0.000394,0.006552,0.022547,0.000223,0.003138,-0.000184,0.006247,-0.001937,-0.000771,0.002040,0.006897,0.000539,-0.001660,0.006304,0.001591,-0.000823,0.007980,-0.000355,0.005612
0.000361,-0.001135,0.000686,0.009332,0.004029,-0.000059,0.002712,-0.001107,-0.000186,0.001328,0.004281,-0.000702,0.001623,-0.001169,0.001099,0.000154,0.000381,0.000719,0.001971,0.000345,-0.000029,-0.000058,0.000193,-0.002090,0.001835,0.002792,0.001086,0.000244,-0.000585,0.001449,0.000717,0.000058,0.002643,0.007643,0.003410,0.000641,0.000528,0.008049,0.001090,-0.000427,-0.000044
0.001437,-0.001171,0.000702,0.004029,0.004540,0.000114,0.003417,0.000930,-0.000177,0.000895,0.004469,-0.000412,0.003094,-0.001280,0.002283,0.000830,0.000037,-0.000340,-0.000041,0.002364,-0.000046,0.001110,0.000271,-0.000920,-0.000592,0.002061,0.002203,0.000042,-0.000549,0.003254,0.000664,0.000076,0.003203,0.006873,0.001699,0.000611,-0.000393,0.006898,0.001595,-0.000136,-0.000074
0.004139,0.002354,0.001658,-0.000059,0.000114,0.005172,-0.000038,-0.000857,0.002258,0.000372,0.000009,-0.000594,0.002514,-0.000066,0.003222,0.000978,0.003199,0.002386,-0.000090,0.000203,0.002099,-0.002031,0.000133,-0.000612,-0.000389,0.000068,0.002918,0.000037,-0.000136,-0.000339,0.000393,0.001817,-0.000368,-0.000243,-0.000581,-0.000047,0.003045,-0.000666,0.000629,-0.000070,0.003415
0.005716,-0.002357,0.005194,0.002712,0.003417,-0.000038,0.013200,0.009174,-0.000642,0.000809,0.003216,-0.001024,0.008974,-0.006196,0.006080,0.002292,0.001386,-0.004238,-0.000720,0.004856,-0.000399,0.007114,0.000658,0.003824,0.011171,0.002195,0.007046,0.000242,0.004438,0.003804,-0.000394,-0.001021,0.012594,0.006545,0.002307,0.004624,-0.000879,0.003468,0.006775,0.001027,0.001830
0.006073,-0.003696,0.000872,-0.001107,0.000930,-0.000857,0.009174,0.021084,-0.002923,-0.003404,0.000840,0.000070,0.007011,-0.009591,0.005983,0.000283,-0.001978,-0.007576,-0.001925,0.001401,-0.000811,0.010579,0.000961,0.003378,0.009628,0.001027,0.009108,-0.000009,0.003930,0.001358,-0.002901,0.000043,0.006666,0.001970,-0.006251,0.002495,-0.005197,-0.002706,0.004755,0.001036,0.000540
0.001741,0.001428,-0.001015,-0.000186,-0.000177,0.002258,-0.000642,-0.002923,0.004705,0.001018,-0.000495,0.000726,0.000857,0.003912,0.001678,0.001479,-0.002189,0.001010,-0.000212,-0.000818,0.000252,-0.001551,-0.000152,-0.000594,-0.003578,-0.000045,0.000614,0.000209,-0.000812,-0.001406,0.001869,0.000400,-0.001620,-0.000705,-0.000790,-0.000410,-0.002084,-0.001515,-0.000345,0.000115,-0.000174
0.004044,0.002690,-0.002590,0.001328,0.000895,0.000372,0.000809,-0.003404,0.001018,0.020983,0.001075,-0.005158,0.006042,0.009046,0.005491,0.012831,0.004215,0.001265,-0.000799,0.003902,-0.000369,-0.006947,-0.000021,-0.003447,-0.007228,0.000138,0.003909,0.000091,-0.002718,0.016856,0.006905,-0.000113,0.001264,0.001403,0.005207,-0.001083,0.008426,0.001141,0.001288,0.002128,-0.001538
0.001430,-0.000800,0.000074,0.004281,0.004469,0.000009,0.003216,0.000840,-0.000495,0.001075,0.005825,-0.000473,0.002982,-0.001612,0.002251,0.000915,0.000294,0.000122,-0.000596,0.002681,-0.000045,0.000832,0.000262,-0.000766,-0.001194,0.002456,0.002220,-0.000008,-0.000595,0.003299,0.000332,-0.000097,0.003486,0.008481,0.002208,0.000545,-0.000184,0.009023,0.001498,-0.000032,-0.000185
-0.000522,-0.000765,0.000043,-0.000702,-0.000412,-0.000594,-0.001024,0.000070,0.000726,-0.005158,-0.000473,0.005318,-0.001661,-0.000475,-0.000873,-0.002630,-0.003152,-0.000592,-0.000020,-0.000267,-0.000156,0.002047,-0.000001,-0.000316,0.000130,-0.000411,-0.000363,-0.000009,-0.000032,-0.006109,-0.001033,0.000440,-0.000538,-0.000694,-0.002490,-0.000044,-0.004788,-0.000347,-0.000735,-0.001096,-0.000610
0.009652,0.000487,0.008008,0.001623,0.003094,0.002514,0.008974,0.007011,0.000857,0.006042,0.002982,-0.001661,0.019094,0.003071,0.011461,0.006001,0.003192,-0.002957,-0.000905,0.003024,0.000922,0.007054,0.000716,0.007442,0.009428,0.001537,0.010342,0.000637,0.007691,0.006711,0.007398,0.001388,0.008454,0.004976,-0.001611,0.008564,-0.000977,0.001895,0.013077,0.001356,0.004198
-0.002821,0.006164,-0.003056,-0.001169,-0.001280,-0.000066,-0.006196,-0.009591,0.003912,0.009046,-0.001612,-0.000475,0.003071,0.026990,0.000396,0.004454,-0.002513,0.003919,0.000205,-0.001344,0.000057,-0.007198,-0.000955,-0.003251,-0.006756,-0.001473,-0.004431,0.000327,-0.001828,0.003826,0.014807,-0.002240,-0.004534,-0.002829,-0.000256,-0.002163,0.000186,-0.002018,-0.001607,0.000830,-0.001336
0.010430,0.001038,0.003006,0.001099,0.002283,0.003222,0.006080,0.005983,0.001678,0.005491,0.002251,-0.000873,0.011461,0.000396,0.010519,0.005369,0.001959,-0.001338,-0.001127,0.002278,0.000987,0.002558,0.000633,-0.000181,0.003312,0.000980,0.010515,0.000213,0.001301,0.005693,0.003576,0.001740,0.004828,0.003917,0.000404,0.002716,-0.000184,0.001839,0.005849,0.001197,0.002292
0.004786,0.001014,-0.001236,0.000154,0.000830,0.000978,0.002292,0.000283,0.001479,0.012831,0.000915,-0.002630,0.006001,0.004454,0.005369,0.010272,0.001593,-0.000249,-0.000628,0.002869,-0.000137,-0.002262,0.000191,-0.001412,-0.004163,0.000170,0.004775,0.000203,-0.000997,0.011269,0.004043,0.000395,0.001878,0.000727,0.002463,0.000338,0.003179,0.000631,0.002370,0.002138,-0.000889
0.004022,0.005662,0.005766,0.000381,0.000037,0.003199,0.001386,-0.001978,-0.002189,0.004215,0.000294,-0.003152,0.003192,-0.002513,0.001959,0.001593,0.015256,0.003186,0.000063,0.003419,0.003628,-0.002877,-0.000045,0.001280,0.009166,-0.000317,0.002401,-0.000596,0.001486,0.006106,-0.003043,-0.000059,0.003830,0.000211,0.001685,0.002261,0.015056,0.000812,0.003246,0.000482,0.005984
-0.001137,0.002981,-0.002677,0.000719,-0.000340,0.002386,-0.004238,-0.007576,0.001010,0.001265,0.000122,-0.000592,-0.002957,0.003919,-0.001338,-0.000249,0.003186,0.006201,0.000850,-0.000256,0.001993,-0.007459,-0.000389,-0.003425,-0.005943,-0.000299,-0.002421,-0.000003,-0.002871,0.000060,0.001481,-0.000177,-0.003417,-0.000017,0.002860,-0.002413,0.005420,0.002195,-0.003378,-0.000366,0.001652
-0.001099,-0.000114,-0.000256,0.001971,-0.000041,-0.000090,-0.000720,-0.001925,-0.000212,-0.000799,-0.000596,-0.000020,-0.000905,0.000205,-0.001127,-0.000628,0.000063,0.000850,0.003324,-0.000228,-0.000043,-0.000494,-0.000072,-0.001983,-0.000826,-0.000178,-0.001333,0.000285,-0.000378,-0.000273,-0.000076,-0.000158,-0.000700,-0.000014,0.002160,0.000268,0.000658,0.001004,0.000223,-0.000205,-0.000129
0.002202,0.000937,0.000638,0.000345,0.002364,0.000203,0.004856,0.001401,-0.000818,0.003902,0.002681,-0.000267,0.003024,-0.001344,0.002278,0.002869,0.003419,-0.000256,-0.000228,0.010530,0.000239,0.000720,0.000129,0.000817,0.001552,0.000608,0.002652,0.000157,0.001047,0.009412,-0.000456,-0.000061,0.006262,0.005483,-0.000127,0.001131,0.003558,0.005050,0.002236,-0.000179,0.000377
0.001447,0.001586,0.000993,-0.000029,-0.000046,0.002099,-0.000399,-0.000811,0.000252,-0.000369,-0.000045,-0.000156,0.000922,0.000057,0.000987,-0.000137,0.003628,0.001993,-0.000043,0.000239,0.003292,-0.001515,-0.000003,0.000164,0.000028,-0.000081,0.000675,0.000115,-0.000552,-0.000178,0.000598,0.000202,-0.000328,-0.000008,-0.000793,0.000054,0.003081,-0.000247,0.000241,-0.000181,0.002465
0.002604,-0.003207,0.006492,-0.000058,0.001110,-0.002031,0.007114,0.010579,-0.001551,-0.006947,0.000832,0.002047,0.007054,-0.007198,0.002558,-0.002262,-0.002877,-0.007459,-0.000494,0.000720,-0.001515,0.014060,0.000581,0.007777,0.012508,0.000817,0.003944,0.000474,0.006458,-0.002534,-0.002534,0.000499,0.006207,0.001601,-0.005334,0.007201,-0.007661,-0.000445,0.008542,-0.000090,0.000274
0.000641,-0.000578,0.000394,0.000193,0.000271,0.000133,0.000658,0.000961,-0.000152,-0.000021,0.000262,-0.000001,0.000716,-0.000955,0.000633,0.000191,-0.000045,-0.000389,-0.000072,0.000129,-0.000003,0.000581,0.000150,0.000155,0.000636,0.000186,0.000900,0.000016,0.000095,0.000183,-0.000177,0.000517,0.000422,0.000411,-0.000138,0.000248,-0.000357,0.000228,0.000471,0.000081,0.000150
-0.000285,-0.001405,0.006552,-0.002090,-0.000920,-0.000612,0.003824,0.003378,-0.000594,-0.003447,-0.000766,-0.000316,0.007442,-0.003251,-0.000181,-0.001412,0.001280,-0.003425,-0.001983,0.000817,0.000164,0.007777,0.000155,0.032651,0.002624,-0.000667,0.000005,-0.000014,0.027517,-0.002937,-0.001150,0.000380,0.005640,-0.002078,-0.002960,0.012212,-0.002155,-0.004038,0.012136,-0.000641,0.002987
0.004698,-0.000943,0.022547,0.001835,-0.000592,-0.000389,0.011171,0.009628,-0.003578,-0.007228,-0.001194,0.000130,0.009428,-0.006756,0.003312,-0.004163,0.009166,-0.005943,-0.000826,0.001552,0.000028,0.012508,0.000636,0.002624,0.099691,-0.000687,0.005903,-0.000183,0.001597,-0.001037,-0.004077,0.001477,0.017894,-0.000185,-0.004804,0.006669,0.002919,-0.003479,0.009484,-0.000695,0.010128
0.000412,-0.000934,0.000223,0.002792,0.002061,0.000068,0.002195,0.001027,-0.000045,0.000138,0.002456,-0.000411,0.001537,-0.001473,0.000980,0.000170,-0.000317,-0.000299,-0.000178,0.000608,-0.000081,0.000817,0.000186,-0.000667,-0.000687,0.002679,0.001007,-0.000151,-0.000548,0.000521,0.000546,0.000035,0.001825,0.004315,0.000685,0.000194,-0.000468,0.003220,0.000699,-0.000062,-0.000021
0.011576,-0.000086,0.003138,0.001086,0.002203,0.002918,0.007046,0.009108,0.000614,0.003909,0.002220,-0.000363,0.010342,-0.004431,0.010515,0.004775,0.002401,-0.002421,-0.001333,0.002652,0.000675,0.003944,0.000900,0.000005,0.005903,0.001007,0.012727,0.000308,0.001505,0.005010,-0.000478,0.002723,0.005565,0.003892,-0.000021,0.003227,-0.000699,0.001879,0.005982,0.001276,0.002335
0.000198,-0.000145,-0.000184,0.000244,0.000042,0.000037,0.000242,-0.000009,0.000209,0.000091,-0.000008,-0.000009,0.000637,0.000327,0.000213,0.000203,-0.000596,-0.000003,0.000285,0.000157,0.000115,0.000474,0.000016,-0.000014,-0.000183,-0.000151,0.000308,0.002877,0.000059,0.000230,0.000469,-0.000018,0.000050,0.000189,0.000484,0.000216,-0.000109,0.000191,0.000253,-0.000044,-0.000025
0.001103,0.000252,0.006247,-0.000585,-0.000549,-0.000136,0.004438,0.003930,-0.000812,-0.002718,-0.000595,-0.000032,0.007691,-0.001828,0.001301,-0.000997,0.001486,-0.002871,-0.000378,0.001047,-0.000552,0.006458,0.000095,0.027517,0.001597,-0.000548,0.001505,0.000059,0.027587,-0.002403,-0.000672,-0.000262,0.005845,-0.001295,-0.000988,0.010379,-0.001346,-0.002878,0.010759,-0.000515,0.002998
0.004695,0.001457,-0.001937,0.001449,0.003254,-0.000339,0.003804,0.001358,-0.001406,0.016856,0.003299,-0.006109,0.006711,0.003826,0.005693,0.011269,0.006106,0.000060,-0.000273,0.009412,-0.000178,-0.002534,0.000183,-0.002937,-0.001037,0.000521,0.005010,0.000230,-0.002403,0.025986,0.003954,0.000237,0.004290,0.006225,0.000826,0.000441,0.010248,0.005952,0.003167,0.002242,-0.001021
-0.000707,0.000120,-0.000771,0.000717,0.000664,0.000393,-0.000394,-0.002901,0.001869,0.006905,0.000332,-0.001033,0.007398,0.014807,0.003576,0.004043,-0.003043,0.001481,-0.000076,-0.000456,0.000598,-0.002534,-0.000177,-0.001150,-0.004077,0.000546,-0.000478,0.000469,-0.000672,0.003954,0.014709,-0.000767,-0.000601,0.000921,-0.000675,-0.001182,-0.002483,0.000002,0.001255,0.000539,-0.000192
0.002139,-0.001885,0.002040,0.000058,0.000076,0.001817,-0.001021,0.000043,0.000400,-0.000113,-0.000097,0.000440,0.001388,-0.002240,0.001740,0.000395,-0.000059,-0.000177,-0.000158,-0.000061,0.000202,0.000499,0.000517,0.000380,0.001477,0.000035,0.002723,-0.000018,-0.000262,0.000237,-0.000767,0.006772,-0.000998,-0.000353,-0.001001,-0.000318,-0.001051,-0.000799,0.000685,-0.000222,0.001061
0.004449,-0.000860,0.006897,0.002643,0.003203,-0.000368,0.012594,0.006666,-0.001620,0.001264,0.003486,-0.000538,0.008454,-0.004534,0.004828,0.001878,0.003830,-0.003417,-0.000700,0.006262,-0.000328,0.006207,0.000422,0.005640,0.017894,0.001825,0.005565,0.000050,0.005845,0.004290,-0.000601,-0.000998,0.016135,0.007776,0.004237,0.004807,0.001313,0.004663,0.006923,-0.000165,0.002840
0.002289,-0.001683,0.000539,0.007643,0.006873,-0.000243,0.006545,0.001970,-0.000705,0.001403,0.008481,-0.000694,0.004976,-0.002829,0.003917,0.000727,0.000211,-0.000017,-0.000014,0.005483,-0.000008,0.001601,0.000411,-0.002078,-0.000185,0.004315,0.003892,0.000189,-0.001295,0.006225,0.000921,-0.000353,0.007776,0.017200,0.005470,0.000512,-0.000415,0.015159,0.002304,-0.000174,-0.000152
0.000729,0.000621,-0.001660,0.003410,0.001699,-0.000581,0.002307,-0.006251,-0.000790,0.005207,0.002208,-0.002490,-0.001611,-0.000256,0.000404,0.002463,0.001685,0.002860,0.002160,-0.000127,-0.000793,-0.005334,-0.000138,-0.002960,-0.004804,0.000685,-0.000021,0.000484,-0.000988,0.000826,-0.000675,-0.001001,0.004237,0.005470,0.029157,-0.000594,0.006632,0.009658,-0.001218,-0.001283,-0.001746
0.003674,-0.000013,0.006304,0.000641,0.000611,-0.000047,0.004624,0.002495,-0.000410,-0.001083,0.000545,-0.000044,0.008564,-0.002163,0.002716,0.000338,0.002261,-0.002413,0.000268,0.001131,0.000054,0.007201,0.000248,0.012212,0.006669,0.000194,0.003227,0.000216,0.010379,0.000441,-0.001182,-0.000318,0.004807,0.000512,-0.000594,0.012575,-0.000113,-0.000370,0.012117,-0.000145,0.002341
0.001944,0.007238,0.001591,0.000528,-0.000393,0.003045,-0.000879,-0.005197,-0.002084,0.008426,-0.000184,-0.004788,-0.000977,0.000186,-0.000184,0.003179,0.015056,0.005420,0.000658,0.003558,0.003081,-0.007661,-0.000357,-0.002155,0.002919,-0.000468,-0.000699,-0.000109,-0.001346,0.010248,-0.002483,-0.001051,0.001313,-0.000415,0.006632,-0.000113,0.020708,0.001358,-0.000260,0.000242,0.004390
0.000523,-0.000513,-0.000823,0.008049,0.006898,-0.000666,0.003468,-0.002706,-0.001515,0.001141,0.009023,-0.000347,0.001895,-0.002018,0.001839,0.000631,0.000812,0.002195,0.001004,0.005050,-0.000247,-0.000445,0.000228,-0.004038,-0.003479,0.003220,0.001879,0.000191,-0.002878,0.005952,0.000002,-0.000799,0.004663,0.015159,0.009658,-0.000370,0.001358,0.019597,0.000629,-0.000357,-0.001076
0.005899,-0.000138,0.007980,0.001090,0.001595,0.000629,0.006775,0.004755,-0.000345,0.001288,0.001498,-0.000735,0.013077,-0.001607,0.005849,0.002370,0.003246,-0.003378,0.000223,0.002236,0.000241,0.008542,0.000471,0.012136,0.009484,0.000699,0.005982,0.000253,0.010759,0.003167,0.001255,0.000685,0.006923,0.002304,-0.001218,0.012117,-0.000260,0.000629,0.013842,0.000361,0.003145
0.001096,-0.000019,-0.000355,-0.000427,-0.000136,-0.000070,0.001027,0.001036,0.000115,0.002128,-0.000032,-0.001096,0.001356,0.000830,0.001197,0.002138,0.000482,-0.000366,-0.000205,-0.000179,-0.000181,-0.000090,0.000081,-0.000641,-0.000695,-0.000062,0.001276,-0.000044,-0.000515,0.002242,0.000539,-0.000222,-0.000165,-0.000174,-0.001283,-0.000145,0.000242,-0.000357,0.000361,0.004035,0.000011
0.002995,0.001970,0.005612,-0.000044,-0.000074,0.003415,0.001830,0.000540,-0.000174,-0.001538,-0.000185,-0.000610,0.004198,-0.001336,0.002292,-0.000889,0.005984,0.001652,-0.000129,0.000377,0.002465,0.000274,0.000150,0.002987,0.010128,-0.000021,0.002335,-0.000025,0.002998,-0.001021,-0.000192,0.001061,0.002840,-0.000152,-0.001746,0.002341,0.004390,-0.001076,0.003145,0.000011,0.005461
