0.013580,0.001999,0.003553,0.000398,0.001497,0.003522,0.006214,0.006534,0.001503,0.003599,0.001452,-0.000381,0.010080,-0.002127,0.011418,0.004780,0.003694,-0.001299,-0.000722,0.002036,0.002253,0.003142,0.000643,-0.001595,0.003990,0.000169,0.012749,0.000245,0.001495,0.004846,-0.000324,0.002066,0.004300,0.002243,0.000393,0.003888,0.001130,0.000787,0.006117,0.000694,0.002843
0.001999,0.008786,0.001189,-0.000914,-0.000823,0.001315,-0.002680,-0.003934,0.000744,0.002216,-0.000585,-0.000368,0.000392,0.006435,0.000885,0.000438,0.006141,0.003077,-0.000022,0.000959,0.002967,-0.002845,-0.000511,-0.000932,-0.000337,-0.000472,-0.000396,-0.000004,0.000319,0.001382,0.000031,-0.001985,-0.001175,-0.001393,-0.000197,0.000762,0.007113,-0.000087,0.000597,-0.000329,0.002230
0.003553,0.001189,0.014279,0.000344,0.000536,0.000953,0.005175,0.000613,-0.000445,-0.002488,-0.000076,0.000243,0.008019,-0.002472,0.002999,-0.001230,0.006582,-0.002210,-0.000258,0.000578,0.002166,0.006699,0.000253,0.006819,0.023641,-0.000062,0.003178,-0.000095,0.006047,-0.002122,-0.000758,0.000881,0.006414,-0.000040,-0.002876,0.006593,0.001613,-0.000849,0.008240,-0.000315,0.006000
0.000398,-0.000914,0.000344,0.007970,0.002799,-0.000116,0.002168,-0.001201,-0.000207,-0.000828,0.003058,-0.000800,0.000974,-0.000576,0.000811,-0.000030,0.000223,0.000622,0.001659,0.000331,-0.000168,-0.000300,0.000139,0.000534,0.003259,0.000556,0.000959,0.000270,-0.000464,0.001889,0.000898,0.000715,0.002394,0.006074,0.002953,0.000013,0.000178,0.006410,0.000152,-0.000270,-0.000110
0.001497,-0.000823,0.000536,0.002799,0.003170,0.000275,0.002806,0.000781,-0.000049,0.000411,0.003098,-0.000669,0.002428,-0.000686,0.001992,0.000830,0.000144,-0.000086,-0.000050,0.002292,0.000212,0.000573,0.000217,-0.000881,0.000561,0.000639,0.002055,-0.000048,-0.000605,0.003465,0.000825,0.000238,0.002747,0.005620,0.001905,-0.000010,-0.000304,0.005908,0.000910,-0.000020,0.000151
0.003522,0.001315,0.000953,-0.000116,0.000275,0.004520,0.001080,-0.000667,0.002835,0.001126,0.000201,-0.000208,0.002503,-0.000302,0.002932,0.002080,0.002208,0.001731,-0.000018,0.000177,0.002408,-0.001392,0.000169,-0.000793,-0.000077,0.000043,0.002917,0.000055,-0.000312,0.000323,0.000397,0.001532,-0.000216,-0.000210,0.000057,-0.000078,0.001979,-0.000824,0.000673,-0.000080,0.002516
0.006214,-0.002680,0.005175,0.002168,0.002806,0.001080,0.014771,0.009926,0.000811,0.001162,0.002647,-0.001396,0.009484,-0.006997,0.006592,0.003285,0.001213,-0.004540,-0.000593,0.004172,-0.000521,0.007333,0.000716,0.004042,0.010264,0.000774,0.007656,-0.000088,0.004884,0.003628,-0.000362,-0.000879,0.012595,0.005154,0.002666,0.004267,-0.001176,0.002338,0.006690,0.000879,0.001761
0.006534,-0.003934,0.000613,-0.001201,0.000781,-0.000667,0.009926,0.021899,-0.002701,-0.002650,0.000643,0.000210,0.007335,-0.009835,0.006592,0.001071,-0.002050,-0.008049,-0.001467,0.000964,-0.001267,0.011198,0.000940,0.001126,0.009345,0.000548,0.009587,-0.000367,0.003746,0.000938,-0.002781,0.000010,0.007084,0.001340,-0.006073,0.002859,-0.005245,-0.002811,0.005108,0.001018,0.000405
0.001503,0.000744,-0.000445,-0.000207,-0.000049,0.002835,0.000811,-0.002701,0.005086,0.001384,-0.000243,0.000410,0.001580,0.003103,0.001630,0.001934,-0.001755,0.000966,-0.000185,-0.000672,0.000365,-0.001248,-0.000032,-0.000885,-0.004218,-0.000110,0.000660,-0.000013,-0.001033,-0.000701,0.001592,0.000836,-0.001256,-0.000604,0.000014,-0.000128,-0.001536,-0.001611,0.000136,-0.000158,-0.000076
0.003599,0.002216,-0.002488,-0.000828,0.000411,0.001126,0.001162,-0.002650,0.001384,0.019608,0.000155,-0.005062,0.006390,0.008786,0.005043,0.012205,0.003273,0.000411,-0.000547,0.003205,-0.000790,-0.005786,0.000013,-0.003031,-0.007714,-0.000219,0.003138,-0.000313,-0.001391,0.016115,0.006522,0.000233,0.001382,-0.000532,0.003183,-0.001013,0.007702,-0.001255,0.001445,0.001299,-0.001742
0.001452,-0.000585,-0.000076,0.003058,0.003098,0.000201,0.002647,0.000643,-0.000243,0.000155,0.003855,-0.000737,0.002050,-0.001131,0.001879,0.000631,0.000389,0.000426,-0.000126,0.002564,0.000046,0.000261,0.000192,-0.001163,0.000243,0.000651,0.002111,-0.000067,-0.000826,0.003738,0.000512,0.000085,0.002907,0.006921,0.002880,-0.000227,-0.000046,0.007377,0.000641,-0.000013,0.000089
-0.000381,-0.000368,0.000243,-0.000800,-0.000669,-0.000208,-0.001396,0.000210,0.000410,-0.005062,-0.000737,0.004593,-0.001736,-0.000969,-0.000891,-0.002797,-0.001986,-0.000278,0.000180,0.000012,0.000046,0.001748,-0.000020,0.000026,0.000228,-0.000149,-0.000195,0.000131,-0.000128,-0.005652,-0.001294,0.000277,-0.000836,-0.000771,-0.002761,0.000194,-0.003763,-0.000898,-0.000456,-0.000757,-0.000046
0.010080,0.000392,0.008019,0.000974,0.002428,0.002503,0.009484,0.007335,0.001580,0.006390,0.002050,-0.001736,0.019320,0.003852,0.011869,0.006646,0.002985,-0.003058,-0.000807,0.002590,0.001447,0.007107,0.000620,0.007661,0.009431,0.000375,0.010843,-0.000017,0.007855,0.007213,0.007843,0.001382,0.008225,0.003694,-0.001606,0.009173,-0.001542,0.000591,0.013447,0.000915,0.003919
-0.002127,0.006435,-0.002472,-0.000576,-0.000686,-0.000302,-0.006997,-0.009835,0.003103,0.008786,-0.001131,-0.000969,0.003852,0.027681,0.000700,0.003993,-0.002084,0.003941,0.000062,-0.001103,0.000280,-0.006757,-0.000935,-0.001890,-0.006463,-0.001071,-0.004196,-0.000006,-0.001405,0.004867,0.014702,-0.002113,-0.004524,-0.002311,0.000032,-0.000927,0.000419,-0.001312,-0.000268,0.000296,-0.001307
0.011418,0.000885,0.002999,0.000811,0.001992,0.002932,0.006592,0.006592,0.001630,0.005043,0.001879,-0.000891,0.011869,0.000700,0.011430,0.005476,0.001885,-0.001484,-0.000752,0.001999,0.001589,0.002955,0.000635,-0.001500,0.003075,0.000335,0.011629,0.000022,0.001589,0.005921,0.003675,0.001751,0.004622,0.003392,0.000240,0.002914,-0.000658,0.001447,0.006037,0.000823,0.002251
0.004780,0.000438,-0.001230,-0.000030,0.000830,0.002080,0.003285,0.001071,0.001934,0.012205,0.000631,-0.002797,0.006646,0.003993,0.005476,0.010201,0.001379,-0.000563,-0.000468,0.002744,-0.000129,-0.001540,0.000254,-0.001724,-0.004143,0.000079,0.004752,-0.000137,-0.000596,0.011448,0.004184,0.001000,0.002484,0.000158,0.001983,0.000439,0.003226,-0.000497,0.002568,0.001383,-0.000720
0.003694,0.006141,0.006582,0.000223,0.000144,0.002208,0.001213,-0.002050,-0.001755,0.003273,0.000389,-0.001986,0.002985,-0.002084,0.001885,0.001379,0.015493,0.003574,0.000187,0.003301,0.005672,-0.002602,-0.000036,0.001679,0.009712,-0.000242,0.002273,0.000149,0.001916,0.004847,-0.002760,-0.000299,0.003412,0.000023,0.000160,0.002425,0.014460,0.000889,0.003363,0.000050,0.006419
-0.001299,0.003077,-0.002210,0.000622,-0.000086,0.001731,-0.004540,-0.008049,0.000966,0.000411,0.000426,-0.000278,-0.003058,0.003941,-0.001484,-0.000563,0.003574,0.006572,0.000765,0.000026,0.003170,-0.007581,-0.000350,-0.002604,-0.006634,-0.000136,-0.002474,0.000296,-0.002669,-0.000154,0.001468,-0.000078,-0.003633,0.000469,0.002578,-0.002491,0.005312,0.002480,-0.003426,-0.000549,0.002010
-0.000722,-0.000022,-0.000258,0.001659,-0.000050,-0.000018,-0.000593,-0.001467,-0.000185,-0.000547,-0.000126,0.000180,-0.000807,0.000062,-0.000752,-0.000468,0.000187,0.000765,0.002614,-0.000167,0.000046,-0.000717,-0.000060,0.001113,-0.000688,-0.000062,-0.000900,0.000761,-0.000439,-0.000405,-0.000003,-0.000004,-0.000484,0.000145,0.002091,-0.000367,0.000735,0.001039,-0.000392,-0.000101,-0.000021
0.002036,0.000959,0.000578,0.000331,0.002292,0.000177,0.004172,0.000964,-0.000672,0.003205,0.002564,0.000012,0.002590,-0.001103,0.001999,0.002744,0.003301,0.000026,-0.000167,0.009875,0.000448,0.000557,0.000070,0.000093,0.002868,0.000325,0.002442,-0.000034,0.000361,0.008313,-0.000274,-0.000414,0.005590,0.004940,-0.000232,0.000608,0.002918,0.005217,0.001786,-0.000001,0.000493
0.002253,0.002967,0.002166,-0.000168,0.000212,0.002408,-0.000521,-0.001267,0.000365,-0.000790,0.000046,0.000046,0.001447,0.000280,0.001589,-0.000129,0.005672,0.003170,0.000046,0.000448,0.005840,-0.002239,0.000000,-0.000176,0.000845,-0.000070,0.001333,0.000167,-0.000026,-0.000625,0.000424,0.000054,-0.000539,-0.000226,-0.001384,0.000524,0.004430,-0.000271,0.000785,-0.000385,0.003967
0.003142,-0.002845,0.006699,-0.000300,0.000573,-0.001392,0.007333,0.011198,-0.001248,-0.005786,0.000261,0.001748,0.007107,-0.006757,0.002955,-0.001540,-0.002602,-0.007581,-0.000717,0.000557,-0.002239,0.014272,0.000465,0.007569,0.014121,0.000447,0.004366,0.000116,0.005717,-0.002250,-0.002488,0.000194,0.006121,0.000587,-0.005429,0.007627,-0.007391,-0.001072,0.008830,0.000213,0.000273
0.000643,-0.000511,0.000253,0.000139,0.000217,0.000169,0.000716,0.000940,-0.000032,0.000013,0.000192,-0.000020,0.000620,-0.000935,0.000635,0.000254,-0.000036,-0.000350,-0.000060,0.000070,0.000000,0.000465,0.000132,-0.000122,0.000224,0.000090,0.000911,-0.000015,0.000064,0.000240,-0.000159,0.000379,0.000369,0.000338,-0.000110,0.000120,-0.000298,0.000168,0.000313,0.000110,0.000116
-0.001595,-0.000932,0.006819,0.000534,-0.000881,-0.000793,0.004042,0.001126,-0.000885,-0.003031,-0.001163,0.000026,0.007661,-0.001890,-0.001500,-0.001724,0.001679,-0.002604,0.001113,0.000093,-0.000176,0.007569,-0.000122,0.033986,0.003662,-0.000162,-0.001303,0.001804,0.026443,-0.003232,-0.000418,0.000147,0.005217,-0.002369,-0.001238,0.013073,-0.001523,-0.003112,0.013043,-0.000413,0.002879
0.003990,-0.000337,0.023641,0.003259,0.000561,-0.000077,0.010264,0.009345,-0.004218,-0.007714,0.000243,0.000228,0.009431,-0.006463,0.003075,-0.004143,0.009712,-0.006634,-0.000688,0.002868,0.000845,0.014121,0.000224,0.003662,0.104523,-0.000865,0.004892,-0.000834,0.003890,-0.003162,-0.004265,-0.000529,0.018657,0.001268,-0.005768,0.005768,0.002631,-0.001331,0.009410,-0.000387,0.010323
0.000169,-0.000472,-0.000062,0.000556,0.000639,0.000043,0.000774,0.000548,-0.000110,-0.000219,0.000651,-0.000149,0.000375,-0.001071,0.000335,0.000079,-0.000242,-0.000136,-0.000062,0.000325,-0.000070,0.000447,0.000090,-0.000162,-0.000865,0.001370,0.000493,-0.000020,-0.000170,0.000268,-0.000042,-0.000042,0.000545,0.001355,0.000707,-0.000003,-0.000390,0.001286,0.000152,0.000008,-0.000072
0.012749,-0.000396,0.003178,0.000959,0.002055,0.002917,0.007656,0.009587,0.000660,0.003138,0.002111,-0.000195,0.010843,-0.004196,0.011629,0.004752,0.002273,-0.002474,-0.000900,0.002442,0.001333,0.004366,0.000911,-0.001303,0.004892,0.000493,0.013931,-0.000103,0.001866,0.004872,-0.000157,0.002850,0.005412,0.003723,-0.000135,0.003441,-0.001325,0.001820,0.006185,0.000977,0.002495
0.000245,-0.000004,-0.000095,0.000270,-0.000048,0.000055,-0.000088,-0.000367,-0.000013,-0.000313,-0.000067,0.000131,-0.000017,-0.000006,0.000022,-0.000137,0.000149,0.000296,0.000761,-0.000034,0.000167,0.000116,-0.000015,0.001804,-0.000834,-0.000020,-0.000103,0.002803,-0.000467,-0.000053,0.000062,-0.000090,-0.000096,-0.000049,0.000238,-0.000040,0.000672,0.000195,-0.000078,-0.000083,0.000095
0.001495,0.000319,0.006047,-0.000464,-0.000605,-0.000312,0.004884,0.003746,-0.001033,-0.001391,-0.000826,-0.000128,0.007855,-0.001405,0.001589,-0.000596,0.001916,-0.002669,-0.000439,0.000361,-0.000026,0.005717,0.000064,0.026443,0.003890,-0.000170,0.001866,-0.000467,0.026847,-0.002585,0.000158,-0.000362,0.006197,-0.001730,-0.001042,0.010384,-0.001269,-0.003011,0.010550,-0.000346,0.003002
0.004846,0.001382,-0.002122,0.001889,0.003465,0.000323,0.003628,0.000938,-0.000701,0.016115,0.003738,-0.005652,0.007213,0.004867,0.005921,0.011448,0.004847,-0.000154,-0.000405,0.008313,-0.000625,-0.002250,0.000240,-0.003232,-0.003162,0.000268,0.004872,-0.000053,-0.002585,0.025297,0.004569,0.001280,0.003917,0.006205,0.001033,-0.000201,0.009260,0.006492,0.002836,0.001430,-0.001373
-0.000324,0.000031,-0.000758,0.000898,0.000825,0.000397,-0.000362,-0.002781,0.001592,0.006522,0.000512,-0.001294,0.007843,0.014702,0.003675,0.004184,-0.002760,0.001468,-0.000003,-0.000274,0.000424,-0.002488,-0.000159,-0.000418,-0.004265,-0.000042,-0.000157,0.000062,0.000158,0.004569,0.014739,-0.000690,-0.000449,0.000968,-0.000753,-0.000699,-0.002235,0.000082,0.001774,0.000477,-0.000285
0.002066,-0.001985,0.000881,0.000715,0.000238,0.001532,-0.000879,0.000010,0.000836,0.000233,0.000085,0.000277,0.001382,-0.002113,0.001751,0.001000,-0.000299,-0.000078,-0.000004,-0.000414,0.000054,0.000194,0.000379,0.000147,-0.000529,-0.000042,0.002850,-0.000090,-0.000362,0.001280,-0.000690,0.005974,-0.001065,-0.000023,-0.000852,-0.000141,-0.000914,-0.000467,0.000482,-0.000135,0.000608
0.004300,-0.001175,0.006414,0.002394,0.002747,-0.000216,0.012595,0.007084,-0.001256,0.001382,0.002907,-0.000836,0.008225,-0.004524,0.004622,0.002484,0.003412,-0.003633,-0.000484,0.005590,-0.000539,0.006121,0.000369,0.005217,0.018657,0.000545,0.005412,-0.000096,0.006197,0.003917,-0.000449,-0.001065,0.015415,0.006275,0.004127,0.004643,0.000915,0.003683,0.006573,0.000125,0.002389
0.002243,-0.001393,-0.000040,0.006074,0.005620,-0.000210,0.005154,0.001340,-0.000604,-0.000532,0.006921,-0.000771,0.003694,-0.002311,0.003392,0.000158,0.000023,0.000469,0.000145,0.004940,-0.000226,0.000587,0.000338,-0.002369,0.001268,0.001355,0.003723,-0.000049,-0.001730,0.006205,0.000968,-0.000023,0.006275,0.015413,0.006059,-0.000787,-0.001133,0.013637,0.000761,-0.000082,-0.000095
0.000393,-0.000197,-0.002876,0.002953,0.001905,0.000057,0.002666,-0.006073,0.000014,0.003183,0.002880,-0.002761,-0.001606,0.000032,0.000240,0.001983,0.000160,0.002578,0.002091,-0.000232,-0.001384,-0.005429,-0.000110,-0.001238,-0.005768,0.000707,-0.000135,0.000238,-0.001042,0.001033,-0.000753,-0.000852,0.004127,0.006059,0.028317,-0.001930,0.004666,0.010482,-0.002300,-0.000876,-0.002415
0.003888,0.000762,0.006593,0.000013,-0.000010,-0.000078,0.004267,0.002859,-0.000128,-0.001013,-0.000227,0.000194,0.009173,-0.000927,0.002914,0.000439,0.002425,-0.002491,-0.000367,0.000608,0.000524,0.007627,0.000120,0.013073,0.005768,-0.000003,0.003441,-0.000040,0.010384,-0.000201,-0.000699,-0.000141,0.004643,-0.000787,-0.001930,0.014685,-0.000816,-0.001609,0.013580,-0.000123,0.002263
0.001130,0.007113,0.001613,0.000178,-0.000304,0.001979,-0.001176,-0.005245,-0.001536,0.007702,-0.000046,-0.003763,-0.001542,0.000419,-0.000658,0.003226,0.014460,0.005312,0.000735,0.002918,0.004430,-0.007391,-0.000298,-0.001523,0.002631,-0.000390,-0.001325,0.000672,-0.001269,0.009260,-0.002235,-0.000914,0.000915,-0.001133,0.004666,-0.000816,0.020071,0.000982,-0.000848,-0.000009,0.004258
0.000787,-0.000087,-0.000849,0.006410,0.005908,-0.000824,0.002338,-0.002811,-0.001611,-0.001255,0.007377,-0.000898,0.000591,-0.001312,0.001447,-0.000497,0.000889,0.002480,0.001039,0.005217,-0.000271,-0.001072,0.000168,-0.003112,-0.001331,0.001286,0.001820,0.000195,-0.003011,0.006492,0.000082,-0.000467,0.003683,0.013637,0.010482,-0.001609,0.000982,0.018871,-0.000725,-0.000362,-0.000812
0.006117,0.000597,0.008240,0.000152,0.000910,0.000673,0.006690,0.005108,0.000136,0.001445,0.000641,-0.000456,0.013447,-0.000268,0.006037,0.002568,0.003363,-0.003426,-0.000392,0.001786,0.000785,0.008830,0.000313,0.013043,0.009410,0.000152,0.006185,-0.000078,0.010550,0.002836,0.001774,0.000482,0.006573,0.000761,-0.002300,0.013580,-0.000848,-0.000725,0.014790,0.000268,0.003082
0.000694,-0.000329,-0.000315,-0.000270,-0.000020,-0.000080,0.000879,0.001018,-0.000158,0.001299,-0.000013,-0.000757,0.000915,0.000296,0.000823,0.001383,0.000050,-0.000549,-0.000101,-0.000001,-0.000385,0.000213,0.000110,-0.000413,-0.000387,0.000008,0.000977,-0.000083,-0.000346,0.001430,0.000477,-0.000135,0.000125,-0.000082,-0.000876,-0.000123,-0.000009,-0.000362,0.000268,0.002854,-0.000136
0.002843,0.002230,0.006000,-0.000110,0.000151,0.002516,0.001761,0.000405,-0.000076,-0.001742,0.000089,-0.000046,0.003919,-0.001307,0.002251,-0.000720,0.006419,0.002010,-0.000021,0.000493,0.003967,0.000273,0.000116,0.002879,0.010323,-0.000072,0.002495,0.000095,0.003002,-0.001373,-0.000285,0.000608,0.002389,-0.000095,-0.002415,0.002263,0.004258,-0.000812,0.003082,-0.000136,0.005692
