0.022625,-0.000524,-0.000403,-0.000730,-0.000354,0.000303,0.001843,0.000307
-0.000524,0.020456,0.000004,-0.000557,-0.000366,-0.000036,0.000607,-0.000027
-0.000403,0.000004,0.021316,-0.000694,-0.000593,-0.000036,-0.000296,0.000294
-0.000730,-0.000557,-0.000694,0.010836,0.000747,-0.000025,-0.000792,-0.000123
-0.000354,-0.000366,-0.000593,0.000747,0.023568,0.000349,-0.000355,-0.000596
0.000303,-0.000036,-0.000036,-0.000025,0.000349,0.000644,-0.000041,-0.000025
0.001843,0.000607,-0.000296,-0.000792,-0.000355,-0.000041,0.023953,-0.000539
0.000307,-0.000027,0.000294,-0.000123,-0.000596,-0.000025,-0.000539,0.008991
