0.023698,-0.001187,-0.000071,-0.000798,-0.000535,0.000302,0.000242,0.000209
-0.001187,0.022123,-0.000093,-0.000411,0.000169,-0.000038,0.000659,0.000023
-0.000071,-0.000093,0.021460,-0.000420,-0.001178,-0.000036,-0.000944,-0.000155
-0.000798,-0.000411,-0.000420,0.010980,0.000538,-0.000026,-0.000639,-0.000057
-0.000535,0.000169,-0.001178,0.000538,0.023840,0.000347,-0.000549,-0.000455
0.000302,-0.000038,-0.000036,-0.000026,0.000347,0.000644,-0.000036,-0.000022
0.000242,0.000659,-0.000944,-0.000639,-0.000549,-0.000036,0.021657,-0.000296
0.000209,0.000023,-0.000155,-0.000057,-0.000455,-0.000022,-0.000296,0.008230
