0.017390,-0.000863,0.000037,-0.000891,0.000330,0.000309,0.000793,0.000112
-0.000863,0.014788,0.000008,-0.000160,-0.000035,-0.000035,0.000643,0.000049
0.000037,0.000008,0.011406,-0.000457,-0.000030,-0.000030,-0.000627,-0.000123
-0.000891,-0.000160,-0.000457,0.011444,-0.000032,-0.000032,-0.000634,-0.000265
0.000330,-0.000035,-0.000030,-0.000032,0.000939,-0.000001,-0.000065,-0.000027
0.000309,-0.000035,-0.000030,-0.000032,-0.000001,0.000939,-0.000065,-0.000027
0.000793,0.000643,-0.000627,-0.000634,-0.000065,-0.000065,0.043450,-0.000429
0.000112,0.000049,-0.000123,-0.000265,-0.000027,-0.000027,-0.000429,0.008592
