0.018504,-0.000876,-0.000069,-0.000766,0.000326,0.000305,0.000430,0.000027
-0.000876,0.015506,0.000054,-0.000325,-0.000036,-0.000036,0.000809,-0.000183
-0.000069,0.000054,0.012847,-0.000307,-0.000033,-0.000033,-0.001183,0.000108
-0.000766,-0.000325,-0.000307,0.010825,-0.000029,-0.000029,-0.000420,-0.000040
0.000326,-0.000036,-0.000033,-0.000029,0.000935,-0.000001,-0.000068,-0.000026
0.000305,-0.000036,-0.000033,-0.000029,-0.000001,0.000935,-0.000068,-0.000026
0.000430,0.000809,-0.001183,-0.000420,-0.000068,-0.000068,0.045433,-0.000640
0.000027,-0.000183,0.000108,-0.000040,-0.000026,-0.000026,-0.000640,0.007828
