3.582848,-2.599988,1.703527,-0.061248,2.567310,0.452535,0.012545,-0.073289
-2.599988,156.632710,-5.025967,-0.476681,-4247.151620,1.505368,1.607421,-2.700164
1.703527,-5.025967,6.895661,0.907651,-223.414941,-0.521986,0.925264,-0.197098
-0.061248,-0.476681,0.907651,0.189965,-34.810167,-0.041901,0.094966,0.014073
2.567310,-4247.151620,-223.414941,-34.810167,1309404.427888,792.331069,-306.700769,228.745394
0.452535,1.505368,-0.521986,-0.041901,792.331069,108.573850,-0.181313,0.038153
0.012545,1.607421,0.925264,0.094966,-306.700769,-0.181313,23.134415,-5.175297
-0.073289,-2.700164,-0.197098,0.014073,228.745394,0.038153,-5.175297,4.004902
