0.017260,-0.003704,0.000810,-0.000126,0.000037,-0.000001,-0.002314,-0.000472
-0.003704,0.061148,-0.000671,-0.000253,-0.002311,0.000012,0.000577,-0.005290
0.000810,-0.000671,0.000309,0.000178,-0.000039,0.000000,0.000472,-0.000135
-0.000126,-0.000253,0.000178,0.000162,-0.000027,-0.000000,0.000214,0.000036
0.000037,-0.002311,-0.000039,-0.000027,0.000948,0.000010,-0.000755,0.000610
-0.000001,0.000012,0.000000,-0.000000,0.000010,0.000027,-0.000007,0.000015
-0.002314,0.000577,0.000472,0.000214,-0.000755,-0.000007,0.051460,-0.041782
-0.000472,-0.005290,-0.000135,0.000036,0.000610,0.000015,-0.041782,0.039740
