0.016992,-0.003811,0.000816,-0.000124,0.000035,0.000031,-0.002068,-0.000647
-0.003811,0.060693,-0.000699,-0.000276,-0.002299,0.000037,0.000470,-0.005235
0.000816,-0.000699,0.000335,0.000197,-0.000045,-0.000002,0.000517,-0.000144
-0.000124,-0.000276,0.000197,0.000177,-0.000031,-0.000001,0.000237,0.000040
0.000035,-0.002299,-0.000045,-0.000031,0.000982,0.000024,-0.000750,0.000606
0.000031,0.000037,-0.000002,-0.000001,0.000024,0.000097,0.000014,-0.000001
-0.002068,0.000470,0.000517,0.000237,-0.000750,0.000014,0.051628,-0.042025
-0.000647,-0.005235,-0.000144,0.000040,0.000606,-0.000001,-0.042025,0.039977
