8.728132,-4.508976,2.371799,-0.292727,-60.621248,0.360951,-2.848738,-3.526836
-4.508976,158.283761,-4.988439,-1.013340,-5411.771434,2.653920,0.430753,-5.494836
2.371799,-4.988439,6.259786,0.931685,-256.017639,-0.822426,5.164243,0.529281
-0.292727,-1.013340,0.931685,0.498974,-59.048147,-0.030119,0.684977,0.784087
-60.621248,-5411.771434,-256.017639,-59.048147,1914763.323670,1438.246758,-2958.924019,-1120.600393
0.360951,2.653920,-0.822426,-0.030119,1438.246758,152.597093,-2.417041,-2.057558
-2.848738,0.430753,5.164243,0.684977,-2958.924019,-2.417041,354.753832,15.211272
-3.526836,-5.494836,0.529281,0.784087,-1120.600393,-2.057558,15.211272,250.180012
