2.857097,-2.589202,1.504087,-0.019114,-81.523726,0.488877,-0.280524,-0.096013
-2.589202,180.783306,5.438070,-0.381398,-5144.033368,75.925130,0.116479,-2.468628
1.504087,5.438070,7.292709,0.855050,-49.277519,13.909263,0.776840,0.023165
-0.019114,-0.381398,0.855050,0.173584,-33.786158,-0.209256,0.095825,0.017919
-81.523726,-5144.033368,-49.277519,-33.786158,1131562.235409,880.935209,-296.775625,181.608367
0.488877,75.925130,13.909263,-0.209256,880.935209,117.640616,-0.124364,1.210576
-0.280524,0.116479,0.776840,0.095825,-296.775625,-0.124364,4.180957,-3.615245
-0.096013,-2.468628,0.023165,0.017919,181.608367,1.210576,-3.615245,3.618423
