0.013788,-0.004398,0.000734,-0.000032,-0.000113,0.000004,-0.002441,-0.000471
-0.004398,0.051074,-0.000496,-0.000219,-0.002512,0.000018,0.000293,-0.005702
0.000734,-0.000496,0.000261,0.000167,-0.000025,-0.000000,0.000540,-0.000106
-0.000032,-0.000219,0.000167,0.000144,-0.000031,-0.000000,0.000277,0.000031
-0.000113,-0.002512,-0.000025,-0.000031,0.000792,0.000016,-0.000819,0.000470
0.000004,0.000018,-0.000000,-0.000000,0.000016,0.000029,-0.000001,0.000042
-0.002441,0.000293,0.000540,0.000277,-0.000819,-0.000001,0.046893,-0.038303
-0.000471,-0.005702,-0.000106,0.000031,0.000470,0.000042,-0.038303,0.035860
