0.013575,-0.003490,0.000735,-0.000039,-0.000157,0.000027,-0.002053,-0.000667
-0.003490,0.070400,0.000793,-0.000222,-0.002823,0.001227,0.000243,-0.005095
0.000735,0.000793,0.000367,0.000180,-0.000010,0.000080,0.000585,-0.000003
-0.000039,-0.000222,0.000180,0.000153,-0.000028,-0.000005,0.000302,0.000053
-0.000157,-0.002823,-0.000010,-0.000028,0.000889,0.000020,-0.000884,0.000504
0.000027,0.001227,0.000080,-0.000005,0.000020,0.000076,-0.000010,0.000077
-0.002053,0.000243,0.000585,0.000302,-0.000884,-0.000010,0.047215,-0.038269
-0.000667,-0.005095,-0.000003,0.000053,0.000504,0.000077,-0.038269,0.035867
