5.730972,-0.202280,0.029929,0.027628,0.048428,0.004044,-0.137597,-2.300619,-0.044656,0.197265,0.160867,-0.087505,-0.164423,-0.124429,-0.150769,0.403112,-0.025694,0.008953,0.000243,0.043320,-0.000317,-0.014056,0.562736,-0.009744,-0.013475,-0.008314,0.193641,-0.011873,0.007714,1.104435,0.042885,0.000336,0.062441,0.151873,-0.059893,0.166610,-0.014543,0.050520,0.213211,0.012646,0.048216
-0.202280,2.780197,-0.091777,-0.009783,-0.000981,-0.005177,-0.190782,-1.102075,0.089824,0.090051,0.007393,0.069256,0.066283,-0.102795,-0.462901,0.302231,0.002460,0.036126,0.004535,0.038655,-0.005020,-0.011899,-0.101092,0.000911,-0.001381,-0.003584,0.060131,-0.004085,-0.001543,0.371212,-0.024545,-0.033167,-0.119686,-0.163751,-0.102787,-0.083178,0.015748,-0.000038,0.226079,-0.008080,0.012899
0.029929,-0.091777,0.965557,-0.001882,-0.040982,0.009144,0.304779,1.854534,-0.121184,-0.051013,-0.055720,-0.035533,0.090996,-0.017489,0.139099,-0.059727,-0.012747,-0.033515,-0.001168,-0.004544,-0.002725,0.048812,-0.078109,0.039793,0.076903,-0.001796,0.042389,0.002354,0.007288,-0.625160,-0.083843,0.012195,0.397080,-0.100076,-0.050043,0.243356,-0.004005,-0.029234,0.405420,-0.005062,0.219354
0.027628,-0.009783,-0.001882,0.027313,0.036892,0.000866,0.004943,-0.166416,0.000130,0.002503,0.039056,0.000218,0.017628,0.001837,0.016684,-0.025426,0.001953,0.004140,-0.000078,0.000485,-0.000183,0.001852,0.020931,-0.000339,-0.000245,0.005068,-0.002448,-0.000049,-0.000130,0.001572,-0.013392,-0.001304,0.021072,0.034431,0.005595,-0.005876,0.020831,0.015258,0.013672,-0.000339,0.001408
0.048428,-0.000981,-0.040982,0.036892,2.172853,0.009374,0.250919,1.112794,-0.182042,0.001356,1.096683,-0.051811,-0.083669,-0.106105,0.624003,-0.014872,-0.014001,0.059150,-0.001856,0.032969,0.007542,-0.013286,0.063338,-0.004086,-0.006784,-0.000992,0.101807,0.000400,0.000864,2.977825,0.158990,-0.020385,0.105466,1.052786,0.184154,-0.017995,-0.023391,0.453845,0.028795,-0.008044,0.012746
0.004044,-0.005177,0.009144,0.000866,0.009374,0.239984,-0.049534,-0.191603,0.349755,-0.001846,-0.015996,-0.040641,0.035476,0.004712,-0.010762,0.087551,0.006544,0.007005,-0.000355,0.001495,-0.000827,-0.010497,0.088378,-0.000217,0.004782,-0.000946,0.000265,0.000311,-0.000591,-0.070725,0.051294,0.044222,0.019360,-0.043384,-0.003483,0.056631,-0.049829,-0.017992,-0.071754,-0.001537,0.010780
-0.137597,-0.190782,0.304779,0.004943,0.250919,-0.049534,3.144517,1.954775,-0.224603,0.062558,0.066398,0.031237,0.202770,-0.129761,-0.289020,0.212041,0.063705,0.038900,-0.003233,0.031478,-0.002267,0.000139,1.904281,0.017653,0.085736,0.008529,0.188992,0.000263,0.010443,0.390944,-0.035328,-0.053883,0.540708,0.197561,-0.009720,0.212738,0.098992,0.059845,0.374463,0.007099,0.069187
-2.300619,-1.102075,1.854534,-0.166416,1.112794,-0.191603,1.954775,377.496118,-1.770078,-0.024992,-0.585608,0.293531,0.315363,-0.787009,1.432313,-0.653382,-0.420234,0.494206,-0.074734,-0.066823,-0.174380,0.387229,-1.655519,0.091323,0.486052,0.092133,-0.317875,0.018941,0.068319,-10.993397,-0.469999,0.392423,2.339741,0.074513,-0.343196,1.304872,0.429796,-0.039037,2.703773,-0.007490,-0.080596
-0.044656,0.089824,-0.121184,0.000130,-0.182042,0.349755,-0.224603,-1.770078,2.269526,0.042701,-0.136150,0.002599,0.196195,0.071393,-0.285232,0.191413,-0.004672,0.035450,-0.002612,0.001158,0.007097,-0.019611,-0.331515,-0.002086,-0.023225,-0.003009,0.111231,0.003622,-0.003035,-0.087892,0.251494,0.017145,-0.003066,-0.090633,-0.062991,-0.095071,-0.118823,-0.046862,-0.239013,-0.011321,-0.000469
0.197265,0.090051,-0.051013,0.002503,0.001356,-0.001846,0.062558,-0.024992,0.042701,2.221448,-0.053391,-0.114986,0.109969,0.127429,0.112850,1.312065,0.008224,0.010792,-0.003457,0.034363,-0.006748,-0.020511,-0.202295,-0.005746,-0.022970,0.000016,0.091676,0.000009,-0.001804,4.248572,0.117283,-0.015404,0.064086,0.014997,0.126988,0.124996,0.163267,-0.063611,0.474122,0.019320,-0.105317
0.160867,0.007393,-0.055720,0.039056,1.096683,-0.015996,0.066398,-0.585608,-0.136150,-0.053391,4.205109,-0.053526,0.199308,-0.079297,0.307085,0.532502,0.016147,-0.030088,-0.002743,0.069688,0.004154,-0.039796,0.071883,-0.005289,-0.025832,-0.007314,0.013613,-0.000996,0.002025,1.672212,-0.050072,-0.016690,0.130118,0.664642,0.120037,-0.007661,-0.004870,0.686570,0.401777,-0.003970,-0.001201
-0.087505,0.069256,-0.035533,0.000218,-0.051811,-0.040641,0.031237,0.293531,0.002599,-0.114986,-0.053526,0.364668,0.033811,-0.005459,0.196546,-0.241031,-0.007601,-0.002632,-0.000468,0.002032,-0.005326,-0.004624,0.058645,0.000567,0.001778,-0.000250,0.004087,0.001728,0.000924,-0.840084,-0.092694,-0.012219,-0.002377,-0.044233,-0.070615,-0.033275,-0.077457,-0.033315,-0.019458,-0.002941,-0.147779
-0.164423,0.066283,0.090996,0.017628,-0.083669,0.035476,0.202770,0.315363,0.196195,0.109969,0.199308,0.033811,3.161495,-0.028845,0.310413,0.514968,-0.015356,0.092021,-0.004069,-0.033887,0.005929,0.067866,-0.217633,0.011724,0.022874,0.011045,-0.039279,0.007413,0.000073,0.255757,0.164718,0.059284,0.093936,0.048476,-0.018512,0.025555,0.049827,0.040359,0.191573,0.016084,0.168649
-0.124429,-0.102795,-0.017489,0.001837,-0.106105,0.004712,-0.129761,-0.787009,0.071393,0.127429,-0.079297,-0.005459,-0.028845,0.728203,0.354784,0.107250,0.016433,-0.027942,-0.002650,-0.009819,-0.000465,0.011242,-0.187049,0.003134,-0.009564,-0.002748,-0.061116,-0.000336,-0.001269,0.209187,0.039424,-0.006062,-0.066182,-0.128028,-0.009429,-0.064446,-0.049522,-0.087200,0.111672,0.000098,0.010954
-0.150769,-0.462901,0.139099,0.016684,0.624003,-0.010762,-0.289020,1.432313,-0.285232,0.112850,0.307085,0.196546,0.310413,0.354784,25.026949,1.324217,0.139717,0.112908,-0.008369,0.050163,0.014320,-0.020838,-0.253545,-0.008702,0.013355,-0.021191,0.187916,-0.018213,-0.006881,2.203976,0.007209,-0.015677,0.048413,0.127328,-0.214107,-0.438645,-0.185535,0.107508,0.034062,-0.027268,-0.264439
0.403112,0.302231,-0.059727,-0.025426,-0.014872,0.087551,0.212041,-0.653382,0.191413,1.312065,0.532502,-0.241031,0.514968,0.107250,1.324217,12.568482,0.039795,-0.060495,-0.004557,0.100024,-0.003598,0.013153,-0.170664,0.005757,-0.041017,0.003238,-0.057683,0.001237,0.001199,6.400649,0.403769,0.079276,0.133845,0.117534,-0.049892,-0.010417,0.200919,-0.017150,0.690160,0.091509,-0.080235
-0.025694,0.002460,-0.012747,0.001953,-0.014001,0.006544,0.063705,-0.420234,-0.004672,0.008224,0.016147,-0.007601,-0.015356,0.016433,0.139717,0.039795,0.256350,-0.005642,0.000732,-0.002006,0.001532,-0.004691,0.141715,0.001927,0.005234,-0.001343,0.003928,0.000734,0.000714,-0.008442,-0.023403,0.004520,-0.007505,-0.016151,0.008480,-0.044364,0.000378,0.000234,0.065902,0.000511,-0.000897
0.008953,0.036126,-0.033515,0.004140,0.059150,0.007005,0.038900,0.494206,0.035450,0.010792,-0.030088,-0.002632,0.092021,-0.027942,0.112908,-0.060495,-0.005642,0.320023,0.000889,-0.002408,-0.003681,-0.003223,-0.105382,-0.000754,0.000136,0.001521,0.046205,0.001970,-0.000825,0.153661,0.035449,-0.015775,0.023170,-0.002123,-0.004923,0.022916,0.001444,0.006891,-0.103615,-0.000623,-0.043859
0.000243,0.004535,-0.001168,-0.000078,-0.001856,-0.000355,-0.003233,-0.074734,-0.002612,-0.003457,-0.002743,-0.000468,-0.004069,-0.002650,-0.008369,-0.004557,0.000732,0.000889,0.003942,-0.000167,-0.000037,0.000811,-0.000563,-0.000068,-0.000313,-0.000042,-0.004543,-0.000750,-0.000026,-0.017714,-0.002165,-0.000261,-0.001590,0.007942,0.000855,-0.003873,0.001447,0.001205,0.001977,-0.000068,0.001601
0.043320,0.038655,-0.004544,0.000485,0.032969,0.001495,0.031478,-0.066823,0.001158,0.034363,0.069688,0.002032,-0.033887,-0.009819,0.050163,0.100024,-0.002006,-0.002408,-0.000167,0.064183,0.002249,-0.013451,-0.007766,-0.000723,0.003259,0.000874,-0.004723,0.000059,-0.000278,0.885031,-0.008483,-0.002781,0.022613,0.032820,-0.003191,-0.004465,0.012530,0.048029,0.004312,-0.000723,0.010040
-0.000317,-0.005020,-0.002725,-0.000183,0.007542,-0.000827,-0.002267,-0.174380,0.007097,-0.006748,0.004154,-0.005326,0.005929,-0.000465,0.014320,-0.003598,0.001532,-0.003681,-0.000037,0.002249,0.014427,-0.000440,-0.002194,-0.000158,-0.000730,-0.000097,0.006407,0.000011,-0.000061,0.017652,0.007804,0.004669,-0.001072,0.004458,-0.001523,-0.001616,-0.011223,0.000612,0.032740,-0.000158,0.038476
-0.014056,-0.011899,0.048812,0.001852,-0.013286,-0.010497,0.000139,0.387229,-0.019611,-0.020511,-0.039796,-0.004624,0.067866,0.011242,-0.020838,0.013153,-0.004691,-0.003223,0.000811,-0.013451,-0.000440,0.385317,0.115501,0.002718,-0.001063,-0.001517,0.008816,0.004403,0.003342,-0.422105,-0.052904,0.006276,0.009339,-0.056924,-0.024935,0.093744,-0.001670,-0.052829,0.053516,-0.004270,-0.036732
0.562736,-0.101092,-0.078109,0.020931,0.063338,0.088378,1.904281,-1.655519,-0.331515,-0.202295,0.071883,0.058645,-0.217633,-0.187049,-0.253545,-0.170664,0.141715,-0.105382,-0.000563,-0.007766,-0.002194,0.115501,29.964775,-0.011235,0.223565,0.009932,0.314389,0.000798,-0.002698,-0.813640,-0.334896,0.201256,0.062358,0.033920,-0.114332,0.837064,-0.321124,-0.009847,-0.956921,-0.008597,-0.076495
-0.009744,0.000911,0.039793,-0.000339,-0.004086,-0.000217,0.017653,0.091323,-0.002086,-0.005746,-0.005289,0.000567,0.011724,0.003134,-0.008702,0.005757,0.001927,-0.000754,-0.000068,-0.000723,-0.000158,0.002718,-0.011235,0.016857,-0.000037,-0.000181,-0.008062,0.000907,0.005164,-0.030063,-0.007025,-0.001130,0.011578,-0.006044,-0.003770,0.039123,-0.005629,-0.003575,0.070756,-0.000294,0.006057
-0.013475,-0.001381,0.076903,-0.000245,-0.006784,0.004782,0.085736,0.486052,-0.023225,-0.022970,-0.025832,0.001778,0.022874,-0.009564,0.013355,-0.041017,0.005234,0.000136,-0.000313,0.003259,-0.000730,-0.001063,0.223565,-0.000037,0.072898,-0.000834,0.001119,0.000308,-0.000521,-0.031593,-0.027819,0.010617,0.034155,-0.010033,-0.011920,0.047280,-0.010385,-0.004933,-0.018230,-0.001356,0.070275
-0.008314,-0.003584,-0.001796,0.005068,-0.000992,-0.000946,0.008529,0.092133,-0.003009,0.000016,-0.007314,-0.000250,0.011045,-0.002748,-0.021191,0.003238,-0.001343,0.001521,-0.000042,0.000874,-0.000097,-0.001517,0.009932,-0.000181,-0.000834,0.010443,-0.005859,0.000031,-0.000070,-0.047238,0.011448,0.000624,0.004994,0.027334,0.007118,-0.016140,0.001656,0.014646,0.025873,-0.000181,-0.002767
0.193641,0.060131,0.042389,-0.002448,0.101807,0.000265,0.188992,-0.317875,0.111231,0.091676,0.013613,0.004087,-0.039279,-0.061116,0.187916,-0.057683,0.003928,0.046205,-0.004543,-0.004723,0.006407,0.008816,0.314389,-0.008062,0.001119,-0.005859,1.250671,0.002680,0.001551,0.216580,-0.107027,-0.009685,0.062631,0.140372,-0.032310,-0.032124,0.040755,0.013389,0.268917,-0.010032,0.019962
-0.011873,-0.004085,0.002354,-0.000049,0.000400,0.000311,0.000263,0.018941,0.003622,0.000009,-0.000996,0.001728,0.007413,-0.000336,-0.018213,0.001237,0.000734,0.001970,-0.000750,0.000059,0.000011,0.004403,0.000798,0.000907,0.000308,0.000031,0.002680,0.011949,0.000124,0.016163,0.001190,0.000076,0.000645,0.000531,-0.006076,0.011803,-0.000045,-0.000253,0.004930,0.000023,0.004786
0.007714,-0.001543,0.007288,-0.000130,0.000864,-0.000591,0.010443,0.068319,-0.003035,-0.001804,0.002025,0.000924,0.000073,-0.001269,-0.006881,0.001199,0.000714,-0.000825,-0.000026,-0.000278,-0.000061,0.003342,-0.002698,0.005164,-0.000521,-0.000070,0.001551,0.000124,0.006553,0.003774,-0.001563,-0.000435,0.002626,0.000923,-0.001653,0.005200,-0.001889,-0.002390,0.035322,-0.000113,0.003548
1.104435,0.371212,-0.625160,0.001572,2.977825,-0.070725,0.390944,-10.993397,-0.087892,4.248572,1.672212,-0.840084,0.255757,0.209187,2.203976,6.400649,-0.008442,0.153661,-0.017714,0.885031,0.017652,-0.422105,-0.813640,-0.030063,-0.031593,-0.047238,0.216580,0.016163,0.003774,89.800758,1.705960,0.157427,0.589444,2.797027,0.498093,0.907720,0.458820,1.380613,-0.504090,0.133011,-0.165974
0.042885,-0.024545,-0.083843,-0.013392,0.158990,0.051294,-0.035328,-0.469999,0.251494,0.117283,-0.050072,-0.092694,0.164718,0.039424,0.007209,0.403769,-0.023403,0.035449,-0.002165,-0.008483,0.007804,-0.052904,-0.334896,-0.007025,-0.027819,0.011448,-0.107027,0.001190,-0.001563,1.705960,3.097176,-0.044989,0.020419,0.252489,0.028551,-0.223783,-0.149743,0.099001,-0.133946,0.010737,0.074111
0.000336,-0.033167,0.012195,-0.001304,-0.020385,0.044222,-0.053883,0.392423,0.017145,-0.015404,-0.016690,-0.012219,0.059284,-0.006062,-0.015677,0.079276,0.004520,-0.015775,-0.000261,-0.002781,0.004669,0.006276,0.201256,-0.001130,0.010617,0.000624,-0.009685,0.000076,-0.000435,0.157427,-0.044989,0.214652,-0.026507,-0.009240,-0.005976,0.041276,-0.033200,-0.009388,-0.096395,0.000189,-0.006741
0.062441,-0.119686,0.397080,0.021072,0.105466,0.019360,0.540708,2.339741,-0.003066,0.064086,0.130118,-0.002377,0.093936,-0.066182,0.048413,0.133845,-0.007505,0.023170,-0.001590,0.022613,-0.001072,0.009339,0.062358,0.011578,0.034155,0.004994,0.062631,0.000645,0.002626,0.589444,0.020419,-0.026507,1.127226,0.114348,0.101015,0.279147,0.054517,0.045505,0.110886,-0.006892,0.047537
0.151873,-0.163751,-0.100076,0.034431,1.052786,-0.043384,0.197561,0.074513,-0.090633,0.014997,0.664642,-0.044233,0.048476,-0.128028,0.127328,0.117534,-0.016151,-0.002123,0.007942,0.032820,0.004458,-0.056924,0.033920,-0.006044,-0.010033,0.027334,0.140372,0.000531,0.000923,2.797027,0.252489,-0.009240,0.114348,2.831531,0.186350,0.020374,0.027119,0.553401,0.563538,-0.011321,-0.042686
-0.059893,-0.102787,-0.050043,0.005595,0.184154,-0.003483,-0.009720,-0.343196,-0.062991,0.126988,0.120037,-0.070615,-0.018512,-0.009429,-0.214107,-0.049892,0.008480,-0.004923,0.000855,-0.003191,-0.001523,-0.024935,-0.114332,-0.003770,-0.011920,0.007118,-0.032310,-0.006076,-0.001653,0.498093,0.028551,-0.005976,0.101015,0.186350,0.902239,0.002724,0.035917,0.122806,0.064725,-0.007728,-0.035182
0.166610,-0.083178,0.243356,-0.005876,-0.017995,0.056631,0.212738,1.304872,-0.095071,0.124996,-0.007661,-0.033275,0.025555,-0.064446,-0.438645,-0.010417,-0.044364,0.022916,-0.003873,-0.004465,-0.001616,0.093744,0.837064,0.039123,0.047280,-0.016140,-0.032124,0.011803,0.005200,0.907720,-0.223783,0.041276,0.279147,0.020374,0.002724,4.299425,0.100992,-0.043864,0.065231,0.006327,0.022629
-0.014543,0.015748,-0.004005,0.020831,-0.023391,-0.049829,0.098992,0.429796,-0.118823,0.163267,-0.004870,-0.077457,0.049827,-0.049522,-0.185535,0.200919,0.000378,0.001444,0.001447,0.012530,-0.011223,-0.001670,-0.321124,-0.005629,-0.010385,0.001656,0.040755,-0.000045,-0.001889,0.458820,-0.149743,-0.033200,0.054517,0.027119,0.035917,0.100992,1.777159,0.077950,-0.108761,0.004896,0.017376
0.050520,-0.000038,-0.029234,0.015258,0.453845,-0.017992,0.059845,-0.039037,-0.046862,-0.063611,0.686570,-0.033315,0.040359,-0.087200,0.107508,-0.017150,0.000234,0.006891,0.001205,0.048029,0.000612,-0.052829,-0.009847,-0.003575,-0.004933,0.014646,0.013389,-0.000253,-0.002390,1.380613,0.099001,-0.009388,0.045505,0.553401,0.122806,-0.043864,0.077950,0.714198,0.047010,-0.002256,-0.004092
0.213211,0.226079,0.405420,0.013672,0.028795,-0.071754,0.374463,2.703773,-0.239013,0.474122,0.401777,-0.019458,0.191573,0.111672,0.034062,0.690160,0.065902,-0.103615,0.001977,0.004312,0.032740,0.053516,-0.956921,0.070756,-0.018230,0.025873,0.268917,0.004930,0.035322,-0.504090,-0.133946,-0.096395,0.110886,0.563538,0.064725,0.065231,-0.108761,0.047010,19.114935,-0.039196,0.194604
0.012646,-0.008080,-0.005062,-0.000339,-0.008044,-0.001537,0.007099,-0.007490,-0.011321,0.019320,-0.003970,-0.002941,0.016084,0.000098,-0.027268,0.091509,0.000511,-0.000623,-0.000068,-0.000723,-0.000158,-0.004270,-0.008597,-0.000294,-0.001356,-0.000181,-0.010032,0.000023,-0.000113,0.133011,0.010737,0.000189,-0.006892,-0.011321,-0.007728,0.006327,0.004896,-0.002256,-0.039196,0.032688,-0.004497
0.048216,0.012899,0.219354,0.001408,0.012746,0.010780,0.069187,-0.080596,-0.000469,-0.105317,-0.001201,-0.147779,0.168649,0.010954,-0.264439,-0.080235,-0.000897,-0.043859,0.001601,0.010040,0.038476,-0.036732,-0.076495,0.006057,0.070275,-0.002767,0.019962,0.004786,0.003548,-0.165974,0.074111,-0.006741,0.047537,-0.042686,-0.035182,0.022629,0.017376,-0.004092,0.194604,-0.004497,1.341457
