5.050420,-0.117891,-0.052072,-0.006664,-0.068893,-0.023263,-0.277151,-0.431123,-0.101923,0.288359,-0.004957,0.007434,0.086481,-0.042858,-0.290227,0.352608,-0.041956,0.006714,-0.004478,0.056119,-0.008222,-0.023367,0.806394,-0.002089,0.009582,-0.013841,0.067337,-0.009315,-0.000448,1.481112,0.069545,0.033242,-0.124629,0.099187,-0.091613,0.098466,-0.058933,0.033406,0.429783,0.010090,-0.097476
-0.117891,2.832046,-0.017553,-0.010195,0.013687,-0.002688,-0.177707,-1.707308,0.125053,0.141948,-0.081462,0.040182,0.090888,-0.018796,0.019699,0.550001,-0.004478,0.035898,-0.003995,0.022152,-0.009751,-0.019487,-0.109783,-0.003301,-0.022357,-0.003507,0.016927,0.000260,-0.002540,0.808588,-0.057530,-0.027444,-0.086611,-0.135819,-0.081249,0.124735,-0.016417,-0.063179,0.365137,-0.014763,0.067860
-0.052072,-0.017553,0.777439,-0.000561,0.007617,-0.015384,0.204261,0.618301,-0.074746,-0.039124,-0.056419,-0.017840,0.143406,-0.007655,0.115719,-0.024470,-0.003813,-0.049969,-0.001738,-0.004599,-0.004519,0.008534,-0.079442,0.033392,0.061213,-0.002505,0.053852,0.005877,0.009440,-0.396137,-0.106721,-0.016410,0.238228,-0.095133,-0.065986,0.124628,-0.006551,0.012572,0.087183,-0.006605,0.221674
-0.006664,-0.010195,-0.000561,0.022134,0.000007,0.003334,0.018475,-0.150597,0.009132,0.007107,0.064360,0.000409,0.008487,-0.001013,-0.018728,0.002011,0.006257,0.004078,-0.000113,0.003144,-0.000294,-0.004422,0.006940,-0.000316,0.003853,-0.000249,0.005419,0.000176,-0.000158,0.079108,-0.002507,-0.001152,0.016765,0.021020,0.009174,-0.013664,0.010650,0.036892,-0.018116,-0.000429,-0.001013
-0.068893,0.013687,0.007617,0.000007,2.465176,0.079608,0.883842,1.473088,0.126121,0.347430,1.448431,-0.106011,-0.003145,-0.122533,0.067309,0.606914,0.001331,0.057804,0.000916,0.040104,0.003965,0.014262,0.150224,-0.004559,-0.006664,-0.000096,0.145848,-0.001536,-0.000301,3.029304,0.277229,-0.020472,0.100937,1.189718,0.181029,0.036843,0.053510,0.566526,-0.036765,-0.011559,-0.008508
-0.023263,-0.002688,-0.015384,0.003334,0.079608,0.393477,0.045194,-0.745296,0.486738,0.017385,0.104276,-0.024182,0.054813,0.022655,-0.032437,0.258686,0.007122,-0.004297,-0.000747,-0.004062,0.003334,-0.012696,0.080418,-0.000773,0.006414,-0.001644,-0.000403,0.000046,0.000273,-0.269462,0.017145,0.029316,0.044839,-0.000485,-0.013189,0.010450,0.024653,0.010142,-0.038270,-0.002840,0.018565
-0.277151,-0.177707,0.204261,0.018475,0.883842,0.045194,3.539531,1.190205,0.126253,0.230229,0.732101,-0.004914,0.429404,-0.117251,-0.542903,0.811716,0.035271,0.065566,-0.005579,0.042941,0.001324,-0.025091,1.934897,0.008124,0.088010,-0.003040,0.182997,-0.003043,0.018574,0.043888,0.080517,-0.056911,0.634080,0.434835,0.046722,0.082643,0.202895,0.174565,0.429573,0.005183,0.097511
-0.431123,-1.707308,0.618301,-0.150597,1.473088,-0.745296,1.190205,374.766703,-2.894439,-0.397100,0.316356,0.795371,1.410369,-0.988140,1.148111,-0.362381,-0.466593,0.091026,-0.123530,0.131429,-0.321178,0.710506,-1.588941,0.039340,0.367665,0.088524,-0.570621,-0.025004,0.008325,-3.177412,1.038775,0.442237,1.543289,0.253320,0.137888,1.359595,-0.617991,1.112428,-0.313712,-0.147778,-0.740991
-0.101923,0.125053,-0.074746,0.009132,0.126121,0.486738,0.126253,-2.894439,2.720195,0.222376,0.161374,0.005183,0.267068,0.102641,0.228339,0.787794,-0.009958,0.012511,-0.004606,-0.021291,0.011771,-0.006599,-0.214810,-0.004982,-0.032971,-0.002218,0.011377,0.001598,-0.005129,-0.582757,0.088743,0.013704,0.049115,-0.018329,-0.060020,-0.138710,-0.057860,0.022036,-0.009117,0.003605,-0.078659
0.288359,0.141948,-0.039124,0.007107,0.347430,0.017385,0.230229,-0.397100,0.222376,2.306538,0.322447,-0.148118,0.081109,0.136104,0.089037,1.471638,-0.008108,0.009293,-0.000615,0.044646,-0.014001,-0.022669,-0.180854,-0.005944,-0.035985,-0.005048,0.047357,0.000875,0.000986,3.926766,0.257381,-0.027120,0.063293,0.158661,0.229119,0.127560,0.150294,0.015007,0.551323,0.019825,-0.135253
-0.004957,-0.081462,-0.056419,0.064360,1.448431,0.104276,0.732101,0.316356,0.161374,0.322447,4.006136,-0.076257,0.204507,-0.170156,-0.290738,1.048926,0.071923,-0.022976,0.005878,0.099581,-0.001603,-0.031682,0.019215,-0.006495,0.005731,-0.010286,0.094944,-0.002931,0.000050,2.164435,0.320704,-0.012072,0.138486,1.070109,0.105256,-0.061800,0.162436,0.783120,0.214262,-0.009852,-0.047417
0.007434,0.040182,-0.017840,0.000409,-0.106011,-0.024182,-0.004914,0.795371,0.005183,-0.148118,-0.076257,0.368543,-0.004963,-0.020952,0.187154,-0.376466,-0.013837,-0.006558,-0.000596,0.001146,0.001463,-0.011527,0.069368,0.000722,0.004797,0.000114,0.040849,0.000876,0.001165,-1.051580,-0.087994,0.009658,-0.027461,-0.109759,-0.100568,-0.047607,-0.079878,-0.017272,0.031386,-0.007949,-0.013775
0.086481,0.090888,0.143406,0.008487,-0.003145,0.054813,0.429404,1.410369,0.267068,0.081109,0.204507,-0.004963,3.241974,-0.055973,0.112415,0.715455,0.025063,0.044858,-0.000545,-0.027796,-0.000075,0.054842,-0.284231,0.016730,0.001186,0.008182,0.066831,0.008392,0.001891,-0.050785,0.016708,0.039261,0.211028,0.050442,-0.019117,0.014853,0.005927,0.012618,0.177689,0.009698,0.170319
-0.042858,-0.018796,-0.007655,-0.001013,-0.122533,0.022655,-0.117251,-0.988140,0.102641,0.136104,-0.170156,-0.020952,-0.055973,0.749480,0.410350,0.180439,0.012089,-0.024073,0.001467,-0.008650,-0.001500,0.003775,-0.189230,0.008246,-0.008388,-0.006856,-0.030507,0.000323,-0.003025,0.382458,0.086045,-0.011235,-0.083718,-0.139097,-0.010696,-0.059734,-0.031113,-0.071817,0.148609,0.000524,0.019683
-0.290227,0.019699,0.115719,-0.018728,0.067309,-0.032437,-0.542903,1.148111,0.228339,0.089037,-0.290738,0.187154,0.112415,0.410350,25.177890,1.427811,0.116371,0.154315,-0.008871,0.031018,0.028594,0.063651,-0.549709,-0.017816,-0.002043,-0.014639,0.201778,-0.008508,0.007364,1.752041,-0.025821,0.022374,-0.111222,-0.112346,-0.238897,-0.308387,-0.531082,0.130202,-0.368883,-0.098066,0.029421
0.352608,0.550001,-0.024470,0.002011,0.606914,0.258686,0.811716,-0.362381,0.787794,1.471638,1.048926,-0.376466,0.715455,0.180439,1.427811,13.356944,0.103741,-0.073408,-0.007142,0.113748,-0.021736,-0.082129,-0.151027,0.004804,-0.054898,0.003021,-0.204563,-0.004421,0.008998,8.444083,0.447102,0.056702,0.281310,0.484471,0.150914,-0.187159,0.174486,0.125956,1.803259,0.159931,-0.097893
-0.041956,-0.004478,-0.003813,0.006257,0.001331,0.007122,0.035271,-0.466593,-0.009958,-0.008108,0.071923,-0.013837,0.025063,0.012089,0.116371,0.103741,0.258420,-0.009422,0.002093,-0.004626,0.007045,-0.014482,0.143053,-0.001386,0.004995,0.000683,-0.002401,0.000250,-0.001914,-0.142246,0.005643,0.003991,-0.000965,-0.004988,-0.007214,-0.065017,-0.045198,-0.003388,0.038515,0.004785,0.031998
0.006714,0.035898,-0.049969,0.004078,0.057804,-0.004297,0.065566,0.091026,0.012511,0.009293,-0.022976,-0.006558,0.044858,-0.024073,0.154315,-0.073408,-0.009422,0.320613,-0.000678,-0.005987,-0.003880,-0.023655,-0.091158,-0.001631,-0.003095,-0.000807,0.045752,-0.001215,-0.000877,-0.143337,0.023670,-0.021613,0.013659,-0.032668,-0.000224,-0.000436,0.023970,0.017176,-0.090525,-0.002309,-0.042204
-0.004478,-0.003995,-0.001738,-0.000113,0.000916,-0.000747,-0.005579,-0.123530,-0.004606,-0.000615,0.005878,-0.000596,-0.000545,0.001467,-0.008871,-0.007142,0.002093,-0.000678,0.009191,-0.000313,-0.000113,-0.002275,-0.001491,-0.000122,0.000772,-0.000096,0.001304,-0.000784,-0.000061,0.025950,0.005430,-0.000443,0.002592,0.006461,0.003528,-0.008863,0.005629,0.007999,-0.019532,-0.000165,0.004684
0.056119,0.022152,-0.004599,0.003144,0.040104,-0.004062,0.042941,0.131429,-0.021291,0.044646,0.099581,0.001146,-0.027796,-0.008650,0.031018,0.113748,-0.004626,-0.005987,-0.000313,0.061072,0.001825,-0.009357,0.004302,-0.000876,0.005293,0.000631,-0.002006,-0.000127,-0.000438,0.740331,-0.007575,-0.003191,0.037393,0.057599,-0.000980,-0.008555,0.018462,0.038332,0.033046,-0.001189,0.015258
-0.008222,-0.009751,-0.004519,-0.000294,0.003965,0.003334,0.001324,-0.321178,0.011771,-0.014001,-0.001603,0.001463,-0.000075,-0.001500,0.028594,-0.021736,0.007045,-0.003880,-0.000113,0.001825,0.030049,-0.002362,-0.003614,-0.000316,-0.001424,-0.000249,0.000901,-0.000522,-0.000158,-0.018493,-0.002654,0.004125,-0.004344,-0.000089,-0.006657,0.016385,0.001390,-0.002685,0.022647,-0.000429,0.043842
-0.023367,-0.019487,0.008534,-0.004422,0.014262,-0.012696,-0.025091,0.710506,-0.006599,-0.022669,-0.031682,-0.011527,0.054842,0.003775,0.063651,-0.082129,-0.014482,-0.023655,-0.002275,-0.009357,-0.002362,0.386749,0.125727,0.001864,-0.003842,-0.000349,-0.033825,0.002295,0.005357,-0.420954,-0.035805,-0.001949,-0.018588,-0.021124,-0.022457,0.009971,0.003007,-0.041318,0.121294,-0.005627,-0.016947
0.806394,-0.109783,-0.079442,0.006940,0.150224,0.080418,1.934897,-1.588941,-0.214810,-0.180854,0.019215,0.069368,-0.284231,-0.189230,-0.549709,-0.151027,0.143053,-0.091158,-0.001491,0.004302,-0.003614,0.125727,30.062063,-0.011300,0.218940,0.034186,0.335255,-0.003533,-0.001032,-0.302414,-0.335618,0.201675,0.053746,0.081679,-0.061489,0.929089,-0.390836,0.055581,-1.123512,-0.010153,-0.076173
-0.002089,-0.003301,0.033392,-0.000316,-0.004559,-0.000773,0.008124,0.039340,-0.004982,-0.005944,-0.006495,0.000722,0.016730,0.008246,-0.017816,0.004804,-0.001386,-0.001631,-0.000122,-0.000876,-0.000316,0.001864,-0.011300,0.018129,-0.000214,-0.000268,-0.008443,0.001257,0.002468,-0.036739,-0.001487,-0.001241,0.008312,-0.006184,-0.004632,0.037028,-0.000851,-0.004516,0.033224,-0.000462,0.003881
0.009582,-0.022357,0.061213,0.003853,-0.006664,0.006414,0.088010,0.367665,-0.032971,-0.035985,0.005731,0.004797,0.001186,-0.008388,-0.002043,-0.054898,0.004995,-0.003095,0.000772,0.005293,-0.001424,-0.003842,0.218940,-0.000214,0.076215,-0.001205,0.013832,0.000839,-0.000767,0.019360,-0.033954,0.011566,0.036084,-0.021233,-0.013589,0.030160,-0.013611,0.002107,-0.045598,-0.002081,0.068257
-0.013841,-0.003507,-0.002505,-0.000249,-0.000096,-0.001644,-0.003040,0.088524,-0.002218,-0.005048,-0.010286,0.000114,0.008182,-0.006856,-0.014639,0.003021,0.000683,-0.000807,-0.000096,0.000631,-0.000249,-0.000349,0.034186,-0.000268,-0.001205,0.022217,-0.010179,-0.000356,-0.000134,-0.065559,0.016287,0.000344,0.013881,0.059596,0.009082,-0.018114,-0.007125,0.022083,0.034800,-0.000363,-0.004206
0.067337,0.016927,0.053852,0.005419,0.145848,-0.000403,0.182997,-0.570621,0.011377,0.047357,0.094944,0.040849,0.066831,-0.030507,0.201778,-0.204563,-0.002401,0.045752,0.001304,-0.002006,0.000901,-0.033825,0.335255,-0.008443,0.013832,-0.010179,1.249720,0.000500,-0.000589,0.331235,-0.094166,-0.018905,0.027562,0.099026,-0.043814,-0.087297,0.061617,0.038068,0.023776,-0.023783,-0.036540
-0.009315,0.000260,0.005877,0.000176,-0.001536,0.000046,-0.003043,-0.025004,0.001598,0.000875,-0.002931,0.000876,0.008392,0.000323,-0.008508,-0.004421,0.000250,-0.001215,-0.000784,-0.000127,-0.000522,0.002295,-0.003533,0.001257,0.000839,-0.000356,0.000500,0.010685,0.000031,-0.007545,-0.001598,-0.000079,-0.001358,-0.003075,-0.007648,0.008812,0.001207,-0.001572,0.000858,-0.000069,0.004225
-0.000448,-0.002540,0.009440,-0.000158,-0.000301,0.000273,0.018574,0.008325,-0.005129,0.000986,0.000050,0.001165,0.001891,-0.003025,0.007364,0.008998,-0.001914,-0.000877,-0.000061,-0.000438,-0.000158,0.005357,-0.001032,0.002468,-0.000767,-0.000134,-0.000589,0.000031,0.009150,-0.008421,0.007650,-0.000621,0.016029,-0.000454,-0.002976,0.000508,-0.003157,-0.003577,0.009094,-0.000231,0.007877
1.481112,0.808588,-0.396137,0.079108,3.029304,-0.269462,0.043888,-3.177412,-0.582757,3.926766,2.164435,-1.051580,-0.050785,0.382458,1.752041,8.444083,-0.142246,-0.143337,0.025950,0.740331,-0.018493,-0.420954,-0.302414,-0.036739,0.019360,-0.065559,0.331235,-0.007545,-0.008421,89.879256,2.172358,0.134081,0.765748,2.052381,0.958367,0.320709,0.400386,1.341069,0.966626,0.214416,-0.111314
0.069545,-0.057530,-0.106721,-0.002507,0.277229,0.017145,0.080517,1.038775,0.088743,0.257381,0.320704,-0.087994,0.016708,0.086045,-0.025821,0.447102,0.005643,0.023670,0.005430,-0.007575,-0.002654,-0.035805,-0.335618,-0.001487,-0.033954,0.016287,-0.094166,-0.001598,0.007650,2.172358,3.500243,-0.045434,0.015973,0.382086,0.069149,-0.166759,-0.128087,0.137854,0.221446,0.010340,-0.028837
0.033242,-0.027444,-0.016410,-0.001152,-0.020472,0.029316,-0.056911,0.442237,0.013704,-0.027120,-0.012072,0.009658,0.039261,-0.011235,0.022374,0.056702,0.003991,-0.021613,-0.000443,-0.003191,0.004125,-0.001949,0.201675,-0.001241,0.011566,0.000344,-0.018905,-0.000079,-0.000621,0.134081,-0.045434,0.205242,-0.027392,-0.007451,-0.016780,0.046779,-0.031654,-0.007592,-0.052210,-0.000365,-0.008948
-0.124629,-0.086611,0.238228,0.016765,0.100937,0.044839,0.634080,1.543289,0.049115,0.063293,0.138486,-0.027461,0.211028,-0.083718,-0.111222,0.281310,-0.000965,0.013659,0.002592,0.037393,-0.004344,-0.018588,0.053746,0.008312,0.036084,0.013881,0.027562,-0.001358,0.016029,0.765748,0.015973,-0.027392,1.104488,0.119062,0.107241,0.095249,0.035639,0.070328,-0.152506,-0.010205,0.102157
0.099187,-0.135819,-0.095133,0.021020,1.189718,-0.000485,0.434835,0.253320,-0.018329,0.158661,1.070109,-0.109759,0.050442,-0.139097,-0.112346,0.484471,-0.004988,-0.032668,0.006461,0.057599,-0.000089,-0.021124,0.081679,-0.006184,-0.021233,0.059596,0.099026,-0.003075,-0.000454,2.052381,0.382086,-0.007451,0.119062,3.027334,0.174069,0.120280,0.036358,0.553506,0.569040,-0.015555,-0.074567
-0.091613,-0.081249,-0.065986,0.009174,0.181029,-0.013189,0.046722,0.137888,-0.060020,0.229119,0.105256,-0.100568,-0.019117,-0.010696,-0.238897,0.150914,-0.007214,-0.000224,0.003528,-0.000980,-0.006657,-0.022457,-0.061489,-0.004632,-0.013589,0.009082,-0.043814,-0.007648,-0.002976,0.958367,0.069149,-0.016780,0.107241,0.174069,0.982618,-0.051856,0.017427,0.095336,0.055065,-0.006381,-0.057149
0.098466,0.124735,0.124628,-0.013664,0.036843,0.010450,0.082643,1.359595,-0.138710,0.127560,-0.061800,-0.047607,0.014853,-0.059734,-0.308387,-0.187159,-0.065017,-0.000436,-0.008863,-0.008555,0.016385,0.009971,0.929089,0.037028,0.030160,-0.018114,-0.087297,0.008812,0.000508,0.320709,-0.166759,0.046779,0.095249,0.120280,-0.051856,4.360241,0.131404,-0.081099,-0.175844,0.011662,0.049779
-0.058933,-0.016417,-0.006551,0.010650,0.053510,0.024653,0.202895,-0.617991,-0.057860,0.150294,0.162436,-0.079878,0.005927,-0.031113,-0.531082,0.174486,-0.045198,0.023970,0.005629,0.018462,0.001390,0.003007,-0.390836,-0.000851,-0.013611,-0.007125,0.061617,0.001207,-0.003157,0.400386,-0.128087,-0.031654,0.035639,0.036358,0.017427,0.131404,1.852221,0.079947,0.046935,-0.006246,-0.007446
0.033406,-0.063179,0.012572,0.036892,0.566526,0.010142,0.174565,1.112428,0.022036,0.015007,0.783120,-0.017272,0.012618,-0.071817,0.130202,0.125956,-0.003388,0.017176,0.007999,0.038332,-0.002685,-0.041318,0.055581,-0.004516,0.002107,0.022083,0.038068,-0.001572,-0.003577,1.341069,0.137854,-0.007592,0.070328,0.553506,0.095336,-0.081099,0.079947,0.831291,-0.139523,-0.005752,-0.033268
0.429783,0.365137,0.087183,-0.018116,-0.036765,-0.038270,0.429573,-0.313712,-0.009117,0.551323,0.214262,0.031386,0.177689,0.148609,-0.368883,1.803259,0.038515,-0.090525,-0.019532,0.033046,0.022647,0.121294,-1.123512,0.033224,-0.045598,0.034800,0.023776,0.000858,0.009094,0.966626,0.221446,-0.052210,-0.152506,0.569040,0.055065,-0.175844,0.046935,-0.139523,19.197650,-0.002690,-0.018868
0.010090,-0.014763,-0.006605,-0.000429,-0.011559,-0.002840,0.005183,-0.147778,0.003605,0.019825,-0.009852,-0.007949,0.009698,0.000524,-0.098066,0.159931,0.004785,-0.002309,-0.000165,-0.001189,-0.000429,-0.005627,-0.010153,-0.000462,-0.002081,-0.000363,-0.023783,-0.000069,-0.000231,0.214416,0.010340,-0.000365,-0.010205,-0.015555,-0.006381,0.011662,-0.006246,-0.005752,-0.002690,0.048185,-0.007265
-0.097476,0.067860,0.221674,-0.001013,-0.008508,0.018565,0.097511,-0.740991,-0.078659,-0.135253,-0.047417,-0.013775,0.170319,0.019683,0.029421,-0.097893,0.031998,-0.042204,0.004684,0.015258,0.043842,-0.016947,-0.076173,0.003881,0.068257,-0.004206,-0.036540,0.004225,0.007877,-0.111314,-0.028837,-0.008948,0.102157,-0.074567,-0.057149,0.049779,-0.007446,-0.033268,-0.018868,-0.007265,1.037245
