5.730972,-0.350635,0.074139,0.001839,-0.010519,-0.047534,-0.122861,-0.013869,-0.114655,0.164108,0.017185,-0.046534,-0.169036,-0.063954,-0.328544,0.174694,-0.010203,-0.015432,-0.010809,0.024899,-0.015053,0.021724,0.529578,-0.002375,0.001262,-0.015682,0.231116,-0.012817,-0.003339,1.290503,-0.031071,0.026125,-0.018611,0.067137,-0.107787,0.128012,-0.197007,-0.015794,0.473478,-0.002091,0.004006
-0.350635,2.731245,-0.077368,-0.012770,-0.055570,0.004149,-0.174335,-1.546920,0.169916,0.113877,-0.065853,0.047071,-0.006125,0.004656,-0.412254,0.273993,-0.002493,0.002066,-0.001897,0.036040,-0.008379,-0.016078,-0.144623,-0.002540,-0.011673,-0.007257,-0.002558,-0.004518,-0.004390,0.805054,-0.092775,-0.035261,-0.054665,-0.083461,-0.035379,-0.006232,0.053306,-0.032865,0.704176,-0.024757,-0.006492
0.074139,-0.077368,0.898134,-0.001510,-0.001194,0.006723,0.307311,1.293274,-0.112459,-0.058970,-0.076270,-0.058187,0.135118,-0.030540,0.147408,-0.155372,-0.017390,-0.032957,-0.002211,-0.008357,-0.004053,0.019014,-0.083131,0.021013,0.051924,-0.003685,0.101975,0.004207,0.014202,-0.311831,-0.070890,0.017136,0.429636,-0.113933,-0.043742,0.241859,-0.064012,0.000212,0.093516,-0.006264,0.184782
0.001839,-0.012770,-0.001510,0.041375,0.031949,0.004780,0.019980,-0.146480,0.010458,-0.003269,0.097128,0.000998,0.016318,0.000444,0.008959,-0.012925,0.008293,0.006456,-0.000229,0.002543,-0.000421,-0.003538,0.028947,-0.000421,0.003136,0.004895,0.005816,0.000177,-0.000306,0.044523,-0.009216,-0.001644,0.029712,0.028775,0.011491,-0.025655,0.016432,0.044205,-0.014237,-0.000650,0.001166
-0.010519,-0.055570,-0.001194,0.031949,2.693504,0.082863,0.878743,1.259351,0.128151,0.324064,1.661059,-0.079347,0.028285,-0.112350,0.670583,0.469986,-0.001827,0.033286,0.000078,0.039401,0.004761,0.025491,0.213267,-0.003155,-0.008505,-0.002508,0.153447,0.000492,-0.001215,2.555032,0.271896,-0.027804,0.161915,1.428995,0.267820,-0.058140,0.051547,0.541419,0.137556,-0.010992,-0.044083
-0.047534,0.004149,0.006723,0.004780,0.082863,0.299658,0.063917,-0.438967,0.195014,0.021635,0.117360,-0.009504,0.023583,0.025146,0.015657,0.276004,0.000508,-0.013054,-0.000855,0.000003,0.003709,-0.006547,0.098540,-0.000249,0.005211,-0.001425,-0.015047,0.000391,0.000179,-0.166839,-0.058057,0.041365,0.002206,-0.004764,0.002173,-0.009804,0.024411,0.013648,0.019799,-0.002423,0.001589
-0.122861,-0.174335,0.307311,0.019980,0.878743,0.063917,3.332530,1.789851,0.257218,0.215843,0.724867,-0.020654,0.234758,-0.159520,0.033655,0.618313,0.078404,0.062670,-0.006424,0.043497,0.004053,0.004132,1.901553,0.017246,0.085159,0.003805,0.199654,0.000302,0.023097,0.018248,0.071781,-0.046040,0.583916,0.465336,0.003805,0.130020,0.196116,0.206072,0.347841,0.002906,0.006271
-0.013869,-1.546920,1.293274,-0.146480,1.259351,-0.438967,1.789851,382.683647,-2.039900,-1.215353,0.207027,0.848873,1.231226,-0.721518,1.926106,-1.423685,-0.391072,0.338955,-0.142995,-0.026000,-0.262158,0.654717,-2.505077,0.017261,0.422104,-0.053497,0.117254,-0.021067,-0.004381,-6.776284,0.008641,0.463986,2.016645,0.408173,-0.383780,0.756100,-0.519123,0.289617,1.786149,-0.093808,-0.816666
-0.114655,0.169916,-0.112459,0.010458,0.128151,0.195014,0.257218,-2.039900,2.076176,0.280481,0.269013,0.095336,0.148810,0.078194,0.132019,0.852333,0.003370,0.001038,-0.005423,-0.001780,0.008527,0.018603,-0.201616,-0.003346,-0.018953,-0.001123,-0.041581,0.002025,-0.004592,-0.319670,0.019862,-0.000607,-0.038300,-0.054088,-0.046457,-0.131394,-0.026223,0.071586,0.048970,0.005743,-0.024484
0.164108,0.113877,-0.058970,-0.003269,0.324064,0.021635,0.215843,-1.215353,0.280481,2.291593,0.299159,-0.150994,0.070077,0.152606,0.441650,1.539958,0.001072,0.008092,-0.001731,0.038577,-0.012848,-0.012998,-0.168323,-0.007571,-0.016598,-0.010361,0.096105,0.003444,-0.000110,4.059794,0.119951,-0.015925,0.017787,0.122775,0.205398,0.019126,0.202985,-0.040125,0.561027,0.011806,-0.111892
0.017185,-0.065853,-0.076270,0.097128,1.661059,0.117360,0.724867,0.207027,0.269013,0.299159,5.135110,-0.031141,0.369290,-0.083130,0.135872,1.107618,0.030934,-0.073465,0.004662,0.096909,-0.000249,-0.056578,0.146753,-0.004206,0.004371,-0.009821,0.139336,-0.000595,-0.001260,2.332744,0.190765,-0.022440,0.157759,1.168779,0.156646,-0.122673,0.035214,0.786135,0.552734,-0.008779,-0.046265
-0.046534,0.047071,-0.058187,0.000998,-0.079347,-0.009504,-0.020654,0.848873,0.095336,-0.150994,-0.031141,0.411123,0.041497,-0.019099,0.253021,-0.297619,-0.001425,0.004297,-0.001182,0.001851,-0.004677,-0.010204,0.056831,0.000561,0.002102,0.000872,0.003549,0.001039,0.001406,-1.060956,-0.075153,-0.015201,-0.012454,-0.070725,-0.089678,-0.037058,-0.093625,-0.001510,0.055750,-0.010255,-0.169745
-0.169036,-0.006125,0.135118,0.016318,0.028285,0.023583,0.234758,1.231226,0.148810,0.070077,0.369290,0.041497,3.177453,-0.043777,0.245191,0.331290,0.011691,0.025316,-0.002229,-0.030049,0.000597,0.040207,-0.205112,0.025160,0.018525,0.016922,-0.039066,0.011137,0.007077,-0.760905,0.048778,0.070768,0.144295,0.139040,0.036973,-0.133444,-0.099116,0.073337,0.305346,0.005824,0.077420
-0.063954,0.004656,-0.030540,0.000444,-0.112350,0.025146,-0.159520,-0.721518,0.078194,0.152606,-0.083130,-0.019099,-0.043777,0.740851,0.348438,0.195829,-0.011346,-0.009906,0.000813,-0.009084,-0.002665,-0.002695,-0.176974,0.003758,-0.008508,-0.007219,-0.070882,0.003431,-0.003599,0.622063,0.136314,-0.005911,-0.104797,-0.150060,-0.026169,-0.041934,-0.034797,-0.066366,0.113958,0.010839,-0.011428
-0.328544,-0.412254,0.147408,0.008959,0.670583,0.015657,0.033655,1.926106,0.132019,0.441650,0.135872,0.253021,0.245191,0.348438,25.252467,0.923370,-0.004332,0.187868,-0.014870,0.028728,0.015325,0.005003,-0.186364,-0.035150,-0.033067,0.008029,0.304823,0.011258,-0.011058,1.582874,-0.024210,0.007668,0.168788,0.241620,-0.202606,-0.096082,-0.337405,0.139768,0.377813,-0.054484,-0.122440
0.174694,0.273993,-0.155372,-0.012925,0.469986,0.276004,0.618313,-1.423685,0.852333,1.539958,1.107618,-0.297619,0.331290,0.195829,0.923370,13.098140,0.035880,-0.065437,-0.007123,0.102513,-0.014378,-0.080873,-0.164404,-0.003824,-0.030861,0.001321,-0.110946,-0.000214,0.006334,7.050967,0.307451,0.038662,0.205466,0.306687,0.164310,0.096673,0.180810,-0.000873,1.287838,0.169792,-0.043367
-0.010203,-0.002493,-0.017390,0.008293,-0.001827,0.000508,0.078404,-0.391072,0.003370,0.001072,0.030934,-0.001425,0.011691,-0.011346,-0.004332,0.035880,0.257618,0.003091,0.002848,0.001692,0.007029,-0.013695,0.161788,-0.001959,0.005381,0.002658,0.017892,0.001094,-0.001186,-0.062617,-0.019284,0.005637,0.010592,0.049579,0.012563,-0.015395,-0.016301,0.008923,0.063499,0.003471,-0.007176
-0.015432,0.002066,-0.032957,0.006456,0.033286,-0.013054,0.062670,0.338955,0.001038,0.008092,-0.073465,0.004297,0.025316,-0.009906,0.187868,-0.065437,0.003091,0.319859,0.000112,-0.003562,-0.003804,-0.016471,-0.114156,-0.002396,0.002462,-0.001466,0.035204,-0.000282,-0.000206,-0.039880,0.013459,-0.012667,0.008541,-0.027258,0.036706,0.027521,0.030237,0.000574,-0.033778,-0.006723,-0.032851
-0.010809,-0.001897,-0.002211,-0.000229,0.000078,-0.000855,-0.006424,-0.142995,-0.005423,-0.001731,0.004662,-0.001182,-0.002229,0.000813,-0.014870,-0.007123,0.002848,0.000112,0.010492,-0.000386,-0.000115,-0.001557,-0.002539,-0.000115,0.000735,-0.000104,-0.000509,-0.000759,-0.000083,0.020848,0.005335,-0.000448,0.001867,0.005089,0.002894,-0.011840,0.004110,0.010137,-0.014652,-0.000177,0.004396
0.024899,0.036040,-0.008357,0.002543,0.039401,0.000003,0.043497,-0.026000,-0.001780,0.038577,0.096909,0.001851,-0.030049,-0.009084,0.028728,0.102513,0.001692,-0.003562,-0.000386,0.070180,0.001931,-0.010350,-0.001808,-0.000707,0.004314,-0.000643,0.001391,0.000030,-0.000514,0.980078,-0.017746,-0.002765,0.023825,0.048095,-0.003042,-0.007939,0.014580,0.047120,-0.008962,-0.001093,0.014135
-0.015053,-0.008379,-0.004053,-0.000421,0.004761,0.003709,0.004053,-0.262158,0.008527,-0.012848,-0.000249,-0.004677,0.000597,-0.002665,0.015325,-0.014378,0.007029,-0.003804,-0.000115,0.001931,0.024856,-0.003739,-0.003996,-0.000210,-0.001071,-0.000191,0.000544,-0.000460,-0.000153,-0.005001,0.000931,0.004455,-0.006252,0.000535,-0.005468,0.004061,0.005212,-0.001644,0.022765,-0.000325,0.068525
0.021724,-0.016078,0.019014,-0.003538,0.025491,-0.006547,0.004132,0.654717,0.018603,-0.012998,-0.056578,-0.010204,0.040207,-0.002695,0.005003,-0.080873,-0.013695,-0.016471,-0.001557,-0.010350,-0.003739,0.385547,0.141343,-0.001123,-0.004327,0.000512,-0.043887,0.003697,0.004833,-0.493600,0.001737,0.002651,0.036169,-0.026575,-0.007117,0.015067,0.012252,-0.040979,0.199422,-0.004069,-0.039233
0.529578,-0.144623,-0.083131,0.028947,0.213267,0.098540,1.901553,-2.505077,-0.201616,-0.168323,0.146753,0.056831,-0.205112,-0.176974,-0.186364,-0.164404,0.161788,-0.114156,-0.002539,-0.001808,-0.003996,0.141343,30.049645,-0.010592,0.225639,0.037984,0.357071,-0.001115,-0.003386,-0.419739,-0.392536,0.176392,0.054872,0.104079,-0.062520,0.816364,-0.338320,0.079816,-0.969981,-0.013132,-0.070175
-0.002375,-0.002540,0.021013,-0.000421,-0.003155,-0.000249,0.017246,0.017261,-0.003346,-0.007571,-0.004206,0.000561,0.025160,0.003758,-0.035150,-0.003824,-0.001959,-0.002396,-0.000115,-0.000707,-0.000210,-0.001123,-0.010592,0.014302,-0.001071,-0.000191,-0.004538,0.000403,0.003805,-0.017287,0.002121,-0.000822,0.009579,-0.004742,-0.002830,0.044109,-0.000711,-0.002964,0.017198,-0.000325,0.006520
0.001262,-0.011673,0.051924,0.003136,-0.008505,0.005211,0.085159,0.422104,-0.018953,-0.016598,0.004371,0.002102,0.018525,-0.008508,-0.033067,-0.030861,0.005381,0.002462,0.000735,0.004314,-0.001071,-0.004327,0.225639,-0.001071,0.068428,-0.000973,0.014848,0.000998,-0.000779,0.045940,-0.021106,0.012965,0.039411,-0.012746,-0.006850,0.023231,-0.002146,0.000504,-0.017134,-0.001655,0.053341
-0.015682,-0.007257,-0.003685,0.004895,-0.002508,-0.001425,0.003805,-0.053497,-0.001123,-0.010361,-0.009821,0.000872,0.016922,-0.007219,0.008029,0.001321,0.002658,-0.001466,-0.000104,-0.000643,-0.000191,0.000512,0.037984,-0.000191,-0.000973,0.020934,-0.009023,-0.000285,-0.000139,-0.058170,0.007004,0.000572,0.010147,0.072686,0.004384,-0.021035,-0.005563,0.017335,0.027953,-0.000295,-0.003668
0.231116,-0.002558,0.101975,0.005816,0.153447,-0.015047,0.199654,0.117254,-0.041581,0.096105,0.139336,0.003549,-0.039066,-0.070882,0.304823,-0.110946,0.017892,0.035204,-0.000509,0.001391,0.000544,-0.043887,0.357071,-0.004538,0.014848,-0.009023,1.261570,0.003033,0.000333,0.782816,-0.123225,-0.007841,0.089093,0.148449,-0.034835,-0.044522,0.090192,0.086971,0.074422,-0.015789,-0.019772
-0.012817,-0.004518,0.004207,0.000177,0.000492,0.000391,0.000302,-0.021067,0.002025,0.003444,-0.000595,0.001039,0.011137,0.003431,0.011258,-0.000214,0.001094,-0.000282,-0.000759,0.000030,-0.000460,0.003697,-0.001115,0.000403,0.000998,-0.000285,0.003033,0.009893,0.000064,0.002098,0.000017,0.000183,0.000054,-0.000879,-0.002941,0.001654,-0.006099,-0.001732,0.010907,0.000021,0.003479
-0.003339,-0.004390,0.014202,-0.000306,-0.001215,0.000179,0.023097,-0.004381,-0.004592,-0.000110,-0.001260,0.001406,0.007077,-0.003599,-0.011058,0.006334,-0.001186,-0.000206,-0.000083,-0.000514,-0.000153,0.004833,-0.003386,0.003805,-0.000779,-0.000139,0.000333,0.000064,0.010443,-0.013238,0.007242,-0.000598,0.015242,-0.002009,-0.003617,0.015692,-0.004608,-0.004074,0.021657,-0.000236,0.008939
1.290503,0.805054,-0.311831,0.044523,2.555032,-0.166839,0.018248,-6.776284,-0.319670,4.059794,2.332744,-1.060956,-0.760905,0.622063,1.582874,7.050967,-0.062617,-0.039880,0.020848,0.980078,-0.005001,-0.493600,-0.419739,-0.017287,0.045940,-0.058170,0.782816,0.002098,-0.013238,91.487958,1.781384,0.026064,0.528158,2.422361,0.610041,0.632281,0.823292,1.469750,1.342738,0.229133,0.035380
-0.031071,-0.092775,-0.070890,-0.009216,0.271896,-0.058057,0.071781,0.008641,0.019862,0.119951,0.190765,-0.075153,0.048778,0.136314,-0.024210,0.307451,-0.019284,0.013459,0.005335,-0.017746,0.000931,0.001737,-0.392536,0.002121,-0.021106,0.007004,-0.123225,0.000017,0.007242,1.781384,3.542218,-0.040445,-0.027216,0.401339,0.035058,-0.295911,-0.086495,0.063587,0.025178,-0.011420,0.101205
0.026125,-0.035261,0.017136,-0.001644,-0.027804,0.041365,-0.046040,0.463986,-0.000607,-0.015925,-0.022440,-0.015201,0.070768,-0.005911,0.007668,0.038662,0.005637,-0.012667,-0.000448,-0.002765,0.004455,0.002651,0.176392,-0.000822,0.012965,0.000572,-0.007841,0.000183,-0.000598,0.026064,-0.040445,0.185441,-0.024440,-0.012779,-0.009383,0.037213,-0.039486,-0.006068,-0.083842,0.000049,-0.015770
-0.018611,-0.054665,0.429636,0.029712,0.161915,0.002206,0.583916,2.016645,-0.038300,0.017787,0.157759,-0.012454,0.144295,-0.104797,0.168788,0.205466,0.010592,0.008541,0.001867,0.023825,-0.006252,0.036169,0.054872,0.009579,0.039411,0.010147,0.089093,0.000054,0.015242,0.528158,-0.027216,-0.024440,1.298309,0.138846,0.073952,0.219004,0.005870,0.060378,0.044716,-0.009662,0.080600
0.067137,-0.083461,-0.113933,0.028775,1.428995,-0.004764,0.465336,0.408173,-0.054088,0.122775,1.168779,-0.070725,0.139040,-0.150060,0.241620,0.306687,0.049579,-0.027258,0.005089,0.048095,0.000535,-0.026575,0.104079,-0.004742,-0.012746,0.072686,0.148449,-0.000879,-0.002009,2.422361,0.401339,-0.012779,0.138846,3.364432,0.196457,-0.011140,-0.009254,0.598573,0.811423,-0.015484,-0.087956
-0.107787,-0.035379,-0.043742,0.011491,0.267820,0.002173,0.003805,-0.383780,-0.046457,0.205398,0.156646,-0.089678,0.036973,-0.026169,-0.202606,0.164310,0.012563,0.036706,0.002894,-0.003042,-0.005468,-0.007117,-0.062520,-0.002830,-0.006850,0.004384,-0.034835,-0.002941,-0.003617,0.610041,0.035058,-0.009383,0.073952,0.196457,0.937941,-0.008003,0.065532,0.096250,-0.024450,-0.005213,-0.041806
0.128012,-0.006232,0.241859,-0.025655,-0.058140,-0.009804,0.130020,0.756100,-0.131394,0.019126,-0.122673,-0.037058,-0.133444,-0.041934,-0.096082,0.096673,-0.015395,0.027521,-0.011840,-0.007939,0.004061,0.015067,0.816364,0.044109,0.023231,-0.021035,-0.044522,0.001654,0.015692,0.632281,-0.295911,0.037213,0.219004,-0.011140,-0.008003,4.399066,0.066411,-0.057480,0.330072,0.015649,-0.012945
-0.197007,0.053306,-0.064012,0.016432,0.051547,0.024411,0.196116,-0.519123,-0.026223,0.202985,0.035214,-0.093625,-0.099116,-0.034797,-0.337405,0.180810,-0.016301,0.030237,0.004110,0.014580,0.005212,0.012252,-0.338320,-0.000711,-0.002146,-0.005563,0.090192,-0.006099,-0.004608,0.823292,-0.086495,-0.039486,0.005870,-0.009254,0.065532,0.066411,1.821446,0.074964,-0.224533,-0.002279,-0.030228
-0.015794,-0.032865,0.000212,0.044205,0.541419,0.013648,0.206072,0.289617,0.071586,-0.040125,0.786135,-0.001510,0.073337,-0.066366,0.139768,-0.000873,0.008923,0.000574,0.010137,0.047120,-0.001644,-0.040979,0.079816,-0.002964,0.000504,0.017335,0.086971,-0.001732,-0.004074,1.469750,0.063587,-0.006068,0.060378,0.598573,0.096250,-0.057480,0.074964,0.804607,-0.124883,-0.004700,-0.030941
0.473478,0.704176,0.093516,-0.014237,0.137556,0.019799,0.347841,1.786149,0.048970,0.561027,0.552734,0.055750,0.305346,0.113958,0.377813,1.287838,0.063499,-0.033778,-0.014652,-0.008962,0.022765,0.199422,-0.969981,0.017198,-0.017134,0.027953,0.074422,0.010907,0.021657,1.342738,0.025178,-0.083842,0.044716,0.811423,-0.024450,0.330072,-0.224533,-0.124883,19.037728,0.008478,0.223815
-0.002091,-0.024757,-0.006264,-0.000650,-0.010992,-0.002423,0.002906,-0.093808,0.005743,0.011806,-0.008779,-0.010255,0.005824,0.010839,-0.054484,0.169792,0.003471,-0.006723,-0.000177,-0.001093,-0.000325,-0.004069,-0.013132,-0.000325,-0.001655,-0.000295,-0.015789,0.000021,-0.000236,0.229133,-0.011420,0.000049,-0.009662,-0.015484,-0.005213,0.015649,-0.002279,-0.004700,0.008478,0.043033,-0.006235
0.004006,-0.006492,0.184782,0.001166,-0.044083,0.001589,0.006271,-0.816666,-0.024484,-0.111892,-0.046265,-0.169745,0.077420,-0.011428,-0.122440,-0.043367,-0.007176,-0.032851,0.004396,0.014135,0.068525,-0.039233,-0.070175,0.006520,0.053341,-0.003668,-0.019772,0.003479,0.008939,0.035380,0.101205,-0.015770,0.080600,-0.087956,-0.041806,-0.012945,-0.030228,-0.030941,0.223815,-0.006235,1.549265
