0.101291,-0.003645,0.001068,0.000105,0.000067,-0.000233,-0.000294,0.000437,-0.000512,0.002466,0.000231,0.001830,-0.001758,-0.002648,-0.000891,0.001201,0.000185,-0.001246,-0.000761,0.001376,-0.000447,0.000770,0.000592,-0.000282,0.000683,-0.000608,0.012215,0.000235,-0.000350,0.003018,-0.000355,0.000733,0.000284,0.000694,-0.002067,0.001330,-0.002159,0.000002,0.004201,0.000019,0.000254
-0.003645,0.023616,-0.000565,-0.000414,-0.000265,0.000037,-0.001059,-0.002348,0.000681,0.001033,-0.000191,-0.000206,-0.000307,0.000337,-0.002548,0.000673,0.001226,0.001263,-0.000109,0.001220,-0.000223,-0.001637,-0.000180,-0.000224,-0.001188,-0.000242,-0.000054,0.000814,-0.000386,0.001115,-0.000457,-0.000479,-0.000479,-0.000505,-0.000577,0.000218,0.001410,-0.000383,0.002826,-0.000559,0.000055
0.001068,-0.000565,0.006237,-0.000042,-0.000003,0.000043,0.001423,0.001775,-0.000390,-0.000410,-0.000144,-0.000881,0.002415,-0.000567,0.000983,-0.000324,0.000585,-0.001450,-0.000092,-0.000232,-0.000113,0.002039,-0.000047,0.001751,0.004327,-0.000102,0.002803,0.000267,0.001184,-0.000365,-0.000356,0.000179,0.002984,-0.000527,-0.000521,0.002209,-0.000479,0.000002,0.001317,-0.000131,0.000570
0.000105,-0.000414,-0.000042,0.004597,0.000296,0.000123,0.000370,-0.000804,0.000145,-0.000091,0.000736,-0.000474,0.000849,0.000033,0.000338,-0.000108,0.000521,0.000980,-0.000038,0.000283,-0.000047,-0.000590,0.000066,-0.000140,0.001045,0.000544,0.000621,-0.000021,-0.000102,0.000209,-0.000159,-0.000069,0.000825,0.000533,0.000547,-0.000519,0.000519,0.001842,-0.000254,-0.000054,0.000014
0.000067,-0.000265,-0.000003,0.000296,0.002078,0.000177,0.001356,0.000576,0.000148,0.000750,0.001049,-0.001016,0.000477,-0.000695,0.001551,0.000326,0.000034,0.000152,0.000001,0.000365,0.000044,0.000475,0.000040,-0.000088,-0.000236,-0.000023,0.001518,0.000086,-0.000034,0.000997,0.000438,-0.000097,0.000375,0.002205,0.001063,-0.000022,0.000110,0.001880,0.000404,-0.000076,-0.000045
-0.000233,0.000037,0.000043,0.000123,0.000177,0.001773,0.000273,-0.000556,0.000625,0.000139,0.000205,-0.000271,0.000463,0.000431,0.000280,0.000531,-0.000023,-0.000215,-0.000033,0.000000,0.000095,-0.000240,0.000052,-0.000019,0.000401,-0.000037,-0.000142,0.000332,0.000014,-0.000180,-0.000234,0.000398,0.000014,-0.000020,0.000024,-0.000043,0.000535,0.000131,0.000113,-0.000047,0.000005
-0.000294,-0.001059,0.001423,0.000370,0.001356,0.000273,0.010286,0.001638,0.000595,0.000999,0.000915,0.000415,0.003227,-0.001973,0.000837,0.000859,0.001079,-0.000195,-0.000178,0.000806,0.000075,0.001609,0.000719,0.000958,0.004731,0.000070,0.004275,0.000524,0.001283,0.000014,0.000217,-0.000320,0.002703,0.001436,0.000030,0.000843,0.000734,0.001431,0.002131,0.000040,0.000013
0.000437,-0.002348,0.001775,-0.000804,0.000576,-0.000556,0.001638,0.103863,-0.001400,-0.001669,0.000078,-0.003362,0.002824,-0.002647,0.002279,-0.000586,-0.003146,-0.000140,-0.001178,-0.000143,-0.001440,0.006942,-0.000281,0.000284,0.006954,-0.000294,0.001433,0.003461,-0.000072,-0.001569,-0.000182,0.000955,0.002769,0.000374,-0.000903,-0.000004,-0.002332,0.000596,0.001314,-0.000386,-0.000498
-0.000512,0.000681,-0.000390,0.000145,0.000148,0.000625,0.000595,-0.001400,0.003604,0.000974,0.000255,-0.000368,0.001011,0.000725,0.000578,0.000888,-0.000507,0.000226,-0.000113,-0.000025,0.000118,-0.000126,-0.000057,-0.000139,-0.000790,-0.000016,-0.000455,0.000202,-0.000191,-0.000187,0.000077,-0.000003,-0.000133,-0.000125,-0.000277,-0.000332,-0.000411,0.000373,-0.000012,0.000060,-0.000038
0.002466,0.001033,-0.000410,-0.000091,0.000750,0.000139,0.000999,-0.001669,0.000974,0.015914,0.000567,-0.002000,0.001721,0.002832,0.003209,0.003208,0.000852,0.000493,-0.000072,0.001072,-0.000357,-0.001404,-0.000095,-0.000631,-0.001383,-0.000288,0.002868,0.000041,-0.000009,0.004754,0.000659,-0.000166,0.000124,0.000568,0.002445,-0.000114,0.002862,-0.000418,0.002421,0.000246,-0.000345
0.000231,-0.000191,-0.000144,0.000736,0.001049,0.000205,0.000915,0.000078,0.000255,0.000567,0.002652,-0.000045,0.001510,-0.000421,0.000405,0.000629,0.000215,-0.000463,0.000053,0.000734,-0.000002,-0.000392,0.000023,-0.000096,0.000099,-0.000074,0.001189,-0.000417,-0.000029,0.000745,0.000259,-0.000064,0.000299,0.001476,0.000509,-0.000159,0.000122,0.002233,0.000781,-0.000050,-0.000039
0.001830,-0.000206,-0.000881,-0.000474,-0.001016,-0.000271,0.000415,-0.003362,-0.000368,-0.002000,-0.000045,0.068505,-0.003289,-0.000640,0.000639,-0.000509,-0.000098,0.000037,0.000270,0.001031,0.000401,-0.003069,0.000470,-0.003136,-0.002207,0.000704,-0.002838,0.000268,0.000093,0.000369,-0.000512,-0.000961,-0.000063,0.000823,-0.001635,0.000833,-0.000409,0.001023,-0.001831,-0.000022,0.000237
-0.001758,-0.000307,0.002415,0.000849,0.000477,0.000463,0.003227,0.002824,0.001011,0.001721,0.001510,-0.003289,0.063454,-0.000867,0.003974,0.002131,0.001398,-0.000493,-0.000255,-0.001133,0.000145,0.003933,-0.000116,0.004384,0.003711,0.000881,-0.000581,0.002408,0.001736,-0.000645,0.001178,0.001446,0.002660,0.001572,0.000818,0.000549,-0.002486,0.001716,0.005334,0.000307,0.000605
-0.002648,0.000337,-0.000567,0.000033,-0.000695,0.000431,-0.001973,-0.002647,0.000725,0.002832,-0.000421,-0.000640,-0.000867,0.036732,0.005190,0.001090,-0.001653,0.000273,0.000090,-0.000674,-0.000198,-0.001578,-0.000268,0.000837,-0.001894,-0.000536,-0.005225,0.001813,-0.000801,0.001946,0.001851,-0.000165,-0.001945,-0.001856,-0.000832,-0.000173,-0.000859,-0.001847,0.001007,0.000603,-0.000094
-0.000891,-0.002548,0.000983,0.000338,0.001551,0.000280,0.000837,0.002279,0.000578,0.003209,0.000405,0.000639,0.003974,0.005190,0.123474,0.002316,-0.000529,0.002667,-0.000561,0.000782,0.000489,0.000999,-0.000011,-0.002559,-0.002082,0.000310,0.007780,0.006003,-0.000675,0.002257,0.000120,0.000224,0.001527,0.001347,-0.001908,-0.000112,-0.004081,0.001544,0.003212,-0.000890,-0.000228
0.001201,0.000673,-0.000324,-0.000108,0.000326,0.000531,0.000859,-0.000586,0.000888,0.003208,0.000629,-0.000509,0.002131,0.001090,0.002316,0.008186,0.000167,-0.000426,-0.000089,0.000854,-0.000120,-0.001049,-0.000028,-0.000096,-0.000772,0.000011,-0.000388,0.000060,0.000158,0.002477,0.000515,0.000121,0.000428,0.000426,0.000587,0.000210,0.000648,-0.000003,0.001946,0.001061,-0.000040
0.000185,0.001226,0.000585,0.000521,0.000034,-0.000023,0.001079,-0.003146,-0.000507,0.000852,0.000215,-0.000098,0.001398,-0.001653,-0.000529,0.000167,0.014308,-0.000251,0.000392,0.000738,0.002381,-0.000988,0.000144,-0.000416,0.003317,0.000054,0.003170,0.001253,0.000047,0.001230,-0.000759,0.000317,0.000580,0.000032,0.000686,0.000805,0.003633,0.000370,0.001296,0.000132,0.000735
-0.001246,0.001263,-0.001450,0.000980,0.000152,-0.000215,-0.000195,-0.000140,0.000226,0.000493,-0.000463,0.000037,-0.000493,0.000273,0.002667,-0.000426,-0.000251,0.025830,0.000151,-0.000211,-0.000416,-0.003262,-0.000273,-0.001081,-0.000800,-0.000119,0.001756,-0.000843,-0.000600,-0.000122,0.000539,-0.000438,-0.000753,-0.000330,0.002436,-0.000484,0.001489,0.000348,-0.001176,-0.000473,-0.000141
-0.000761,-0.000109,-0.000092,-0.000038,0.000001,-0.000033,-0.000178,-0.001178,-0.000113,-0.000072,0.000053,0.000270,-0.000255,0.000090,-0.000561,-0.000089,0.000392,0.000151,0.002623,-0.000064,-0.000019,-0.000289,-0.000009,-0.000057,0.000368,-0.000017,-0.000116,-0.000194,-0.000042,0.000146,0.000121,-0.000028,0.000078,0.000141,0.000207,-0.000338,0.000250,0.000634,-0.000413,-0.000022,0.000081
0.001376,0.001220,-0.000232,0.000283,0.000365,0.000000,0.000806,-0.000143,-0.000025,0.001072,0.000734,0.001031,-0.001133,-0.000674,0.000782,0.000854,0.000738,-0.000211,-0.000064,0.007798,0.000215,-0.001347,-0.000004,-0.000236,0.001438,-0.000071,0.000454,-0.000188,-0.000171,0.004591,-0.000332,-0.000115,0.000662,0.000891,-0.000145,-0.000099,0.001193,0.001963,0.000042,-0.000091,0.000175
-0.000447,-0.000223,-0.000113,-0.000047,0.000044,0.000095,0.000075,-0.001440,0.000118,-0.000357,-0.000002,0.000401,0.000145,-0.000198,0.000489,-0.000120,0.002381,-0.000416,-0.000019,0.000215,0.002762,-0.000895,-0.000009,-0.000070,-0.000357,-0.000021,0.000241,0.000684,-0.000051,-0.000023,0.000000,0.000186,-0.000174,0.000010,-0.000260,0.000113,0.000474,-0.000069,0.000449,-0.000027,0.000846
0.000770,-0.001637,0.002039,-0.000590,0.000475,-0.000240,0.001609,0.006942,-0.000126,-0.001404,-0.000392,-0.003069,0.003933,-0.001578,0.000999,-0.001049,-0.000988,-0.003262,-0.000289,-0.001347,-0.000895,0.064495,0.000655,0.000678,-0.000086,0.000197,-0.004934,0.002375,0.003231,-0.002926,-0.000396,0.000115,0.002898,-0.000143,-0.001335,0.002565,-0.000458,-0.001801,0.005017,-0.000422,-0.000538
0.000592,-0.000180,-0.000047,0.000066,0.000040,0.000052,0.000719,-0.000281,-0.000057,-0.000095,0.000023,0.000470,-0.000116,-0.000268,-0.000011,-0.000028,0.000144,-0.000273,-0.000009,-0.000004,-0.000009,0.000655,0.001391,-0.000072,0.001535,0.000086,0.000919,0.000384,-0.000023,-0.000040,-0.000141,0.000150,0.000031,0.000039,-0.000061,0.000477,-0.000272,0.000068,-0.000261,-0.000022,-0.000018
-0.000282,-0.000224,0.001751,-0.000140,-0.000088,-0.000019,0.000958,0.000284,-0.000139,-0.000631,-0.000096,-0.003136,0.004384,0.000837,-0.002559,-0.000096,-0.000416,-0.001081,-0.000057,-0.000236,-0.000070,0.000678,-0.000072,0.014302,-0.001071,-0.000064,-0.001299,0.000447,0.003805,-0.000243,0.000104,-0.000103,0.000798,-0.000263,-0.000404,0.004380,-0.000382,-0.000370,0.002104,-0.000081,0.000241
0.000683,-0.001188,0.004327,0.001045,-0.000236,0.000401,0.004731,0.006954,-0.000790,-0.001383,0.000099,-0.002207,0.003711,-0.001894,-0.002082,-0.000772,0.003317,-0.000800,0.000368,0.001438,-0.000357,-0.000086,0.001535,-0.001071,0.068428,-0.000324,0.004831,0.004095,-0.000779,0.000646,-0.001283,0.001621,0.003284,-0.000708,-0.000979,0.001862,0.000412,0.000063,0.000311,-0.000414,0.001976
-0.000608,-0.000242,-0.000102,0.000544,-0.000023,-0.000037,0.000070,-0.000294,-0.000016,-0.000288,-0.000074,0.000704,0.000881,-0.000536,0.000310,0.000011,0.000054,-0.000119,-0.000017,-0.000071,-0.000021,0.000197,0.000086,-0.000064,-0.000324,0.002326,-0.000885,0.000379,-0.000046,-0.000272,0.000113,0.000024,0.000282,0.001346,0.000209,-0.000349,-0.000276,0.000722,0.000515,-0.000025,-0.000045
0.012215,-0.000054,0.002803,0.000621,0.001518,-0.000142,0.004275,0.001433,-0.000455,0.002868,0.001189,-0.002838,-0.000581,-0.005225,0.007780,-0.000388,0.003170,0.001756,-0.000116,0.000454,0.000241,-0.004934,0.000919,-0.001299,0.004831,-0.000885,0.115232,0.001547,0.000235,0.004083,-0.001840,-0.000090,0.002854,0.002906,-0.001155,-0.000137,0.003998,0.003754,0.003514,-0.001118,-0.000037
0.000235,0.000814,0.000267,-0.000021,0.000086,0.000332,0.000524,0.003461,0.000202,0.000041,-0.000417,0.000268,0.002408,0.001813,0.006003,0.000060,0.001253,-0.000843,-0.000194,-0.000188,0.000684,0.002375,0.000384,0.000447,0.004095,0.000379,0.001547,0.065971,-0.000691,0.000408,0.000533,-0.000317,0.000518,0.000490,0.001236,0.001758,-0.001725,0.001202,0.001549,-0.000276,0.000070
-0.000350,-0.000386,0.001184,-0.000102,-0.000034,0.000014,0.001283,-0.000072,-0.000191,-0.000009,-0.000029,0.000093,0.001736,-0.000801,-0.000675,0.000158,0.000047,-0.000600,-0.000042,-0.000171,-0.000051,0.003231,-0.000023,0.003805,-0.000779,-0.000046,0.000235,-0.000691,0.010443,-0.000186,0.000353,-0.000075,0.001270,-0.000112,-0.000517,0.001886,-0.000611,-0.000509,0.002224,-0.000059,0.000331
0.003018,0.001115,-0.000365,0.000209,0.000997,-0.000180,0.000014,-0.001569,-0.000187,0.004754,0.000745,0.000369,-0.000645,0.001946,0.002257,0.002477,0.001230,-0.000122,0.000146,0.004591,-0.000023,-0.002926,-0.000040,-0.000243,0.000646,-0.000272,0.004083,0.000408,-0.000186,0.018064,0.001420,0.000046,0.000618,0.001891,0.001225,0.000672,0.002447,0.002582,0.001487,0.000805,0.000018
-0.000355,-0.000457,-0.000356,-0.000159,0.000438,-0.000234,0.000217,-0.000182,0.000077,0.000659,0.000259,-0.000512,0.001178,0.001851,0.000120,0.000515,-0.000759,0.000539,0.000121,-0.000332,0.000000,-0.000396,-0.000141,0.000104,-0.001283,0.000113,-0.001840,0.000533,0.000353,0.001420,0.010306,-0.000278,-0.000141,0.001246,0.000381,-0.000789,-0.000826,0.000445,0.000337,-0.000130,0.000168
0.000733,-0.000479,0.000179,-0.000069,-0.000097,0.000398,-0.000320,0.000955,-0.000003,-0.000166,-0.000064,-0.000961,0.001446,-0.000165,0.000224,0.000121,0.000317,-0.000438,-0.000028,-0.000115,0.000186,0.000115,0.000150,-0.000103,0.001621,0.000024,-0.000090,-0.000317,-0.000075,0.000046,-0.000278,0.002898,-0.000255,-0.000089,-0.000168,0.000280,-0.000604,-0.000095,-0.000443,0.000002,-0.000073
0.000284,-0.000479,0.002984,0.000825,0.000375,0.000014,0.002703,0.002769,-0.000133,0.000124,0.000299,-0.000063,0.002660,-0.001945,0.001527,0.000428,0.000580,-0.000753,0.000078,0.000662,-0.000174,0.002898,0.000031,0.000798,0.003284,0.000282,0.002854,0.000518,0.001270,0.000618,-0.000141,-0.000255,0.009016,0.000643,0.000880,0.001701,-0.000046,0.000629,0.001218,-0.000201,0.000249
0.000694,-0.000505,-0.000527,0.000533,0.002205,-0.000020,0.001436,0.000374,-0.000125,0.000568,0.001476,0.000823,0.001572,-0.001856,0.001347,0.000426,0.000032,-0.000330,0.000141,0.000891,0.000010,-0.000143,0.000039,-0.000263,-0.000708,0.001346,0.002906,0.000490,-0.000112,0.001891,0.001246,-0.000089,0.000643,0.010384,0.001559,-0.000143,-0.000233,0.004157,0.002473,-0.000215,-0.000181
-0.002067,-0.000577,-0.000521,0.000547,0.001063,0.000024,0.000030,-0.000903,-0.000277,0.002445,0.000509,-0.001635,0.000818,-0.000832,-0.001908,0.000587,0.000686,0.002436,0.000207,-0.000145,-0.000260,-0.001335,-0.000061,-0.000404,-0.000979,0.000209,-0.001155,0.001236,-0.000517,0.001225,0.000381,-0.000168,0.000880,0.001559,0.019142,-0.000412,0.002068,0.001719,-0.000527,-0.000186,-0.000221
0.001330,0.000218,0.002209,-0.000519,-0.000022,-0.000043,0.000843,-0.000004,-0.000332,-0.000114,-0.000159,0.000833,0.000549,-0.000173,-0.000112,0.000210,0.000805,-0.000484,-0.000338,-0.000099,0.000113,0.002565,0.000477,0.004380,0.001862,-0.000349,-0.000137,0.001758,0.001886,0.000672,-0.000789,0.000280,0.001701,-0.000143,-0.000412,0.017247,0.000112,-0.000231,0.003291,0.000167,0.000210
-0.002159,0.001410,-0.000479,0.000519,0.000110,0.000535,0.000734,-0.002332,-0.000411,0.002862,0.000122,-0.000409,-0.002486,-0.000859,-0.004081,0.000648,0.003633,0.001489,0.000250,0.001193,0.000474,-0.000458,-0.000272,-0.000382,0.000412,-0.000276,0.003998,-0.001725,-0.000611,0.002447,-0.000826,-0.000604,-0.000046,-0.000233,0.002068,0.000112,0.025357,0.001411,-0.001436,-0.000074,0.000050
0.000002,-0.000383,0.000002,0.001842,0.001880,0.000131,0.001431,0.000596,0.000373,-0.000418,0.002233,0.001023,0.001716,-0.001847,0.001544,-0.000003,0.000370,0.000348,0.000634,0.001963,-0.000069,-0.001801,0.000068,-0.000370,0.000063,0.000722,0.003754,0.001202,-0.000509,0.002582,0.000445,-0.000095,0.000629,0.004157,0.001719,-0.000231,0.001411,0.012572,-0.000429,-0.000147,-0.000143
0.004201,0.002826,0.001317,-0.000254,0.000404,0.000113,0.002131,0.001314,-0.000012,0.002421,0.000781,-0.001831,0.005334,0.001007,0.003212,0.001946,0.001296,-0.001176,-0.000413,0.000042,0.000449,0.005017,-0.000261,0.002104,0.000311,0.000515,0.003514,0.001549,0.002224,0.001487,0.000337,-0.000443,0.001218,0.002473,-0.000527,0.003291,-0.001436,-0.000429,0.042090,0.000139,0.000649
0.000019,-0.000559,-0.000131,-0.000054,-0.000076,-0.000047,0.000040,-0.000386,0.000060,0.000246,-0.000050,-0.000022,0.000307,0.000603,-0.000890,0.001061,0.000132,-0.000473,-0.000022,-0.000091,-0.000027,-0.000422,-0.000022,-0.000081,-0.000414,-0.000025,-0.001118,-0.000276,-0.000059,0.000805,-0.000130,0.000002,-0.000201,-0.000215,-0.000186,0.000167,-0.000074,-0.000147,0.000139,0.002690,-0.000058
0.000254,0.000055,0.000570,0.000014,-0.000045,0.000005,0.000013,-0.000498,-0.000038,-0.000345,-0.000039,0.000237,0.000605,-0.000094,-0.000228,-0.000040,0.000735,-0.000141,0.000081,0.000175,0.000846,-0.000538,-0.000018,0.000241,0.001976,-0.000045,-0.000037,0.000070,0.000331,0.000018,0.000168,-0.000073,0.000249,-0.000181,-0.000221,0.000210,0.000050,-0.000143,0.000649,-0.000058,0.002125
