0.088451,-0.001109,-0.000519,-0.000304,-0.000198,-0.000114,-0.001852,-0.000913,-0.000504,0.003498,0.000074,0.001438,0.002188,-0.001557,-0.001156,0.001488,0.000597,-0.000072,-0.000343,0.002596,-0.000223,-0.002618,0.000800,-0.000301,0.001695,-0.000564,0.003893,0.000863,-0.000018,0.003046,0.000446,0.000747,-0.001261,0.000801,-0.001829,0.000648,0.000083,0.000699,0.003276,0.000386,-0.000428
-0.001109,0.024971,-0.000105,-0.000330,-0.000053,-0.000035,-0.001103,-0.002523,0.000491,0.001240,-0.000203,0.001114,0.001083,-0.000053,0.000299,0.001346,0.001220,0.002785,-0.000200,0.000748,-0.000270,-0.001546,-0.000163,-0.000353,-0.002043,-0.000150,0.000278,-0.000127,-0.000220,0.001118,-0.000241,-0.000446,-0.000718,-0.000723,-0.001157,0.000714,0.000624,-0.000693,0.001936,-0.000348,0.000329
-0.000519,-0.000105,0.005399,-0.000016,0.000018,-0.000099,0.000946,0.000849,-0.000260,-0.000272,-0.000107,-0.000504,0.002515,-0.000142,0.000773,-0.000051,0.000909,-0.001560,-0.000072,-0.000128,-0.000126,0.001469,-0.000045,0.002783,0.005101,-0.000070,0.001410,0.000570,0.000787,-0.000464,-0.000487,-0.000171,0.001654,-0.000440,-0.000786,0.001449,0.000039,0.000131,0.001177,-0.000138,0.000684
-0.000304,-0.000330,-0.000016,0.002459,0.000000,0.000085,0.000342,-0.000827,0.000127,0.000197,0.000488,0.000128,0.000501,-0.000075,-0.000397,0.000017,0.000471,0.000675,-0.000019,0.000349,-0.000033,-0.000721,0.000016,-0.000105,0.001284,-0.000028,0.000587,-0.000067,-0.000053,0.000371,-0.000031,-0.000048,0.000466,0.000389,0.000437,-0.000250,0.000458,0.001537,-0.000288,-0.000036,-0.000013
-0.000198,-0.000053,0.000018,0.000000,0.001902,0.000170,0.001364,0.000674,0.000146,0.000804,0.000914,-0.000551,0.000331,-0.000758,0.000368,0.000421,0.000044,0.000327,0.000013,0.000371,0.000037,0.000325,0.000028,-0.000127,-0.000185,-0.000001,0.001480,0.000130,-0.000008,0.001182,0.000434,-0.000071,0.000234,0.001836,0.000718,0.000140,0.000113,0.001967,0.000149,-0.000080,-0.000009
-0.000114,-0.000035,-0.000099,0.000085,0.000170,0.002328,0.000193,-0.000944,0.001560,0.000111,0.000182,-0.000136,0.000926,0.000388,0.000031,0.000497,0.000067,-0.000038,-0.000029,-0.000104,0.000085,-0.000425,0.000042,-0.000059,0.000493,-0.000042,0.000210,0.000593,0.000021,-0.000291,0.000073,0.000282,0.000287,-0.000002,-0.000145,0.000060,0.000525,0.000098,-0.000100,-0.000055,0.000053
-0.001852,-0.001103,0.000946,0.000342,0.001364,0.000193,0.010924,0.001089,0.000292,0.001066,0.000924,0.001230,0.004837,-0.001450,-0.001515,0.001127,0.000590,-0.000200,-0.000155,0.000795,0.000025,0.000757,0.000731,0.000451,0.004889,-0.000056,0.003957,0.000063,0.001032,0.000034,0.000230,-0.000395,0.002936,0.001342,0.000371,0.000720,0.000851,0.001212,0.002240,0.000072,0.000201
-0.000913,-0.002523,0.000849,-0.000827,0.000674,-0.000944,0.001089,0.101715,-0.001987,-0.000545,0.000118,-0.005284,0.003209,-0.003625,0.001273,-0.000149,-0.002377,-0.001056,-0.001018,0.000722,-0.001764,0.006654,-0.000178,0.000648,0.006057,0.000486,-0.002429,-0.000057,0.000137,-0.000736,0.000696,0.000911,0.002119,0.000232,0.000325,0.000687,-0.001821,0.002291,-0.000241,-0.000609,-0.000452
-0.000504,0.000491,-0.000260,0.000127,0.000146,0.001560,0.000292,-0.001987,0.004723,0.000772,0.000153,-0.000307,0.001889,0.000952,0.000914,0.000821,-0.000644,0.000416,-0.000096,-0.000296,0.000163,-0.000527,-0.000061,-0.000208,-0.001374,-0.000031,0.000248,0.000980,-0.000214,-0.000341,0.000239,0.000071,0.000171,-0.000042,-0.000357,-0.000327,-0.000538,0.000115,-0.000187,0.000038,-0.000121
0.003498,0.001240,-0.000272,0.000197,0.000804,0.000111,0.001066,-0.000545,0.000772,0.016018,0.000611,-0.002595,0.001952,0.002526,0.000990,0.003066,0.000431,0.000424,-0.000026,0.001240,-0.000389,-0.001930,-0.000103,-0.000495,-0.002999,-0.000140,0.001549,-0.000800,0.000082,0.004598,0.001273,-0.000283,0.000440,0.000735,0.002728,0.000426,0.002427,0.000156,0.002517,0.000413,-0.000417
0.000074,-0.000203,-0.000107,0.000488,0.000914,0.000182,0.000924,0.000118,0.000153,0.000611,0.002069,-0.000163,0.000936,-0.000861,-0.000291,0.000596,0.000283,-0.000146,0.000067,0.000754,-0.000012,-0.000190,0.000003,-0.000148,0.000130,-0.000078,0.000881,0.000078,0.000001,0.000691,0.000414,-0.000034,0.000262,0.001351,0.000342,-0.000068,0.000392,0.002225,0.000387,-0.000056,-0.000040
0.001438,0.001114,-0.000504,0.000128,-0.000551,-0.000136,0.001230,-0.005284,-0.000307,-0.002595,-0.000163,0.068658,-0.002119,-0.002255,0.001485,-0.000221,0.000038,-0.001417,0.000143,0.000959,0.000394,0.000097,0.000464,-0.002714,0.000799,0.000813,-0.005472,-0.000654,0.000461,0.000544,-0.000708,-0.000533,-0.000154,0.000786,-0.000619,0.000313,0.000055,0.000635,0.000833,-0.000462,0.000511
0.002188,0.001083,0.002515,0.000501,0.000331,0.000926,0.004837,0.003209,0.001889,0.001952,0.000936,-0.002119,0.065969,-0.001164,0.002840,0.003589,0.001207,0.000593,-0.000150,-0.001067,0.000141,0.004139,-0.000199,0.003257,0.001486,0.000467,0.003863,-0.000820,0.000806,0.000645,0.001152,0.000879,0.003580,0.000812,-0.000277,0.001417,-0.001544,0.000692,0.004790,0.000472,0.001097
-0.001557,-0.000053,-0.000142,-0.000075,-0.000758,0.000388,-0.001450,-0.003625,0.000952,0.002526,-0.000861,-0.002255,-0.001164,0.037160,0.006259,0.001004,-0.000784,-0.000945,0.000163,-0.000642,-0.000111,-0.000664,-0.000287,0.001836,-0.001868,-0.000509,-0.002455,0.001408,-0.000674,0.001197,0.001212,-0.000313,-0.001553,-0.001721,-0.000340,-0.000037,-0.000779,-0.001999,0.001918,0.000029,0.000162
-0.001156,0.000299,0.000773,-0.000397,0.000368,0.000031,-0.001515,0.001273,0.000914,0.000990,-0.000291,0.001485,0.002840,0.006259,0.123094,0.003268,0.000210,0.001822,-0.000353,0.000837,0.000820,0.002704,-0.000189,-0.001405,0.000328,-0.000238,0.004948,0.007329,0.000574,0.002495,0.000076,0.000397,-0.000265,-0.000113,-0.002219,-0.000365,-0.005261,0.001501,0.001521,-0.001664,0.000185
0.001488,0.001346,-0.000051,0.000017,0.000421,0.000497,0.001127,-0.000149,0.000821,0.003066,0.000596,-0.000221,0.003589,0.001004,0.003268,0.008348,0.000453,-0.000570,-0.000089,0.000948,-0.000181,-0.000987,-0.000026,0.000120,-0.001372,0.000025,-0.001059,0.000516,0.000225,0.002966,0.000694,0.000177,0.000586,0.000673,0.000539,-0.000140,0.000644,0.000394,0.002628,0.001000,-0.000091
0.000597,0.001220,0.000909,0.000471,0.000044,0.000067,0.000590,-0.002377,-0.000644,0.000431,0.000283,0.000038,0.001207,-0.000784,0.000210,0.000453,0.014991,-0.001005,0.000240,0.000202,0.002401,-0.002069,0.000119,-0.000578,0.004158,-0.000012,0.001830,0.001519,-0.000174,0.000553,-0.000579,0.000190,0.000390,-0.000322,0.000081,-0.000074,0.003136,-0.000017,0.001789,0.000180,0.001232
-0.000072,0.002785,-0.001560,0.000675,0.000327,-0.000038,-0.000200,-0.001056,0.000416,0.000424,-0.000146,-0.001417,0.000593,-0.000945,0.001822,-0.000570,-0.001005,0.026957,0.000000,-0.000527,-0.000467,-0.004394,-0.000251,-0.000761,-0.002864,-0.000115,0.002041,-0.000619,-0.000553,-0.000697,0.000551,-0.000710,-0.000369,-0.000510,0.000850,-0.000813,0.001148,0.000917,-0.001265,-0.000190,-0.000303
-0.000343,-0.000200,-0.000072,-0.000019,0.000013,-0.000029,-0.000155,-0.001018,-0.000096,-0.000026,0.000067,0.000143,-0.000150,0.000163,-0.000353,-0.000089,0.000240,0.000000,0.002298,-0.000052,-0.000019,-0.000391,-0.000005,-0.000061,0.000386,-0.000016,0.000156,-0.000004,-0.000030,0.000182,0.000133,-0.000028,0.000108,0.000179,0.000252,-0.000263,0.000321,0.000500,-0.000502,-0.000021,0.000087
0.002596,0.000748,-0.000128,0.000349,0.000371,-0.000104,0.000795,0.000722,-0.000296,0.001240,0.000754,0.000959,-0.001067,-0.000642,0.000837,0.000948,0.000202,-0.000527,-0.000052,0.006786,0.000203,-0.001209,0.000010,-0.000292,0.001764,0.000070,0.000029,0.000473,-0.000146,0.003468,-0.000169,-0.000133,0.001039,0.001067,-0.000047,-0.000116,0.001303,0.001597,0.000679,-0.000099,0.000188
-0.000223,-0.000270,-0.000126,-0.000033,0.000037,0.000085,0.000025,-0.001764,0.000163,-0.000389,-0.000012,0.000394,0.000141,-0.000111,0.000820,-0.000181,0.002401,-0.000467,-0.000019,0.000203,0.003339,-0.000814,-0.000008,-0.000105,-0.000475,-0.000028,0.000249,0.000493,-0.000053,-0.000087,-0.000080,0.000172,-0.000121,-0.000002,-0.000317,0.000347,0.000342,-0.000112,0.000438,-0.000036,0.000541
-0.002618,-0.001546,0.001469,-0.000721,0.000325,-0.000425,0.000757,0.006654,-0.000527,-0.001930,-0.000190,0.000097,0.004139,-0.000664,0.002704,-0.000987,-0.002069,-0.004394,-0.000391,-0.001209,-0.000814,0.064971,0.000611,0.002248,0.000979,0.000056,-0.004234,0.001807,0.003153,-0.002749,-0.001082,-0.000106,0.000480,-0.000201,-0.002463,0.001990,-0.001048,-0.001906,0.002804,-0.000578,-0.000134
0.000800,-0.000163,-0.000045,0.000016,0.000028,0.000042,0.000731,-0.000178,-0.000061,-0.000103,0.000003,0.000464,-0.000199,-0.000287,-0.000189,-0.000026,0.000119,-0.000251,-0.000005,0.000010,-0.000008,0.000611,0.001391,-0.000077,0.001489,0.000078,0.000871,0.000399,-0.000007,-0.000029,-0.000124,0.000171,0.000030,0.000031,-0.000060,0.000517,-0.000305,0.000047,-0.000303,-0.000017,-0.000019
-0.000301,-0.000353,0.002783,-0.000105,-0.000127,-0.000059,0.000451,0.000648,-0.000208,-0.000495,-0.000148,-0.002714,0.003257,0.001836,-0.001405,0.000120,-0.000578,-0.000761,-0.000061,-0.000292,-0.000105,0.002248,-0.000077,0.018129,-0.000214,-0.000089,-0.002511,0.001302,0.002468,-0.000516,-0.000085,-0.000155,0.000693,-0.000344,-0.000662,0.004022,-0.000594,-0.000564,0.003390,-0.000116,0.000144
0.001695,-0.002043,0.005101,0.001284,-0.000185,0.000493,0.004889,0.006057,-0.001374,-0.002999,0.000130,0.000799,0.001486,-0.001868,0.000328,-0.001372,0.004158,-0.002864,0.000386,0.001764,-0.000475,0.000979,0.001489,-0.000214,0.076215,-0.000402,0.004515,0.005642,-0.000767,0.000272,-0.001962,0.001446,0.003007,-0.001180,-0.001941,0.002263,-0.000922,0.000263,-0.000378,-0.000520,0.002528
-0.000564,-0.000150,-0.000070,-0.000028,-0.000001,-0.000042,-0.000056,0.000486,-0.000031,-0.000140,-0.000078,0.000813,0.000467,-0.000509,-0.000238,0.000025,-0.000012,-0.000115,-0.000016,0.000070,-0.000028,0.000056,0.000078,-0.000089,-0.000402,0.002469,-0.001023,0.000516,-0.000045,-0.000307,0.000278,0.000014,0.000386,0.001104,0.000432,-0.000307,-0.000311,0.000920,0.000632,-0.000030,-0.000052
0.003893,0.000278,0.001410,0.000587,0.001480,0.000210,0.003957,-0.002429,0.000248,0.001549,0.000881,-0.005472,0.003863,-0.002455,0.004948,-0.001059,0.001830,0.002041,0.000156,0.000029,0.000249,-0.004234,0.000871,-0.002511,0.004515,-0.001023,0.112989,-0.001165,-0.000011,0.002124,-0.001390,-0.000562,0.001203,0.002046,-0.001642,-0.001304,0.002682,0.001858,0.002450,-0.001724,-0.000338
0.000863,-0.000127,0.000570,-0.000067,0.000130,0.000593,0.000063,-0.000057,0.000980,-0.000800,0.000078,-0.000654,-0.000820,0.001408,0.007329,0.000516,0.001519,-0.000619,-0.000004,0.000473,0.000493,0.001807,0.000399,0.001302,0.005642,0.000516,-0.001165,0.067025,-0.000292,0.000861,0.000593,-0.000104,0.000133,0.000192,0.002605,0.000376,0.000435,0.001974,0.000109,-0.000406,0.000178
-0.000018,-0.000220,0.000787,-0.000053,-0.000008,0.000021,0.001032,0.000137,-0.000214,0.000082,0.000001,0.000461,0.000806,-0.000674,0.000574,0.000225,-0.000174,-0.000553,-0.000030,-0.000146,-0.000053,0.003153,-0.000007,0.002468,-0.000767,-0.000045,-0.000011,-0.000292,0.009150,-0.000118,0.000397,-0.000078,0.001336,-0.000025,-0.000425,0.000584,-0.000480,-0.000447,0.001258,-0.000058,0.000292
0.003046,0.001118,-0.000464,0.000371,0.001182,-0.000291,0.000034,-0.000736,-0.000341,0.004598,0.000691,0.000544,0.000645,0.001197,0.002495,0.002966,0.000553,-0.000697,0.000182,0.003468,-0.000087,-0.002749,-0.000029,-0.000516,0.000272,-0.000307,0.002124,0.000861,-0.000118,0.017746,0.001725,0.000236,0.000897,0.001602,0.001924,0.000288,0.001651,0.002355,0.001166,0.000753,-0.000058
0.000446,-0.000241,-0.000487,-0.000031,0.000434,0.000073,0.000230,0.000696,0.000239,0.001273,0.000414,-0.000708,0.001152,0.001212,0.000076,0.000694,-0.000579,0.000551,0.000133,-0.000169,-0.000080,-0.001082,-0.000124,-0.000085,-0.001962,0.000278,-0.001390,0.000593,0.000397,0.001725,0.010182,-0.000325,0.000031,0.001189,0.000591,-0.000365,-0.001165,0.000948,0.000949,0.000165,-0.000087
0.000747,-0.000446,-0.000171,-0.000048,-0.000071,0.000282,-0.000395,0.000911,0.000071,-0.000283,-0.000034,-0.000533,0.000879,-0.000313,0.000397,0.000177,0.000190,-0.000710,-0.000028,-0.000133,0.000172,-0.000106,0.000171,-0.000155,0.001446,0.000014,-0.000562,-0.000104,-0.000078,0.000236,-0.000325,0.003207,-0.000285,-0.000052,-0.000300,0.000309,-0.000582,-0.000119,-0.000297,-0.000011,-0.000041
-0.001261,-0.000718,0.001654,0.000466,0.000234,0.000287,0.002936,0.002119,0.000171,0.000440,0.000262,-0.000154,0.003580,-0.001553,-0.000265,0.000586,0.000390,-0.000369,0.000108,0.001039,-0.000121,0.000480,0.000030,0.000693,0.003007,0.000386,0.001203,0.000133,0.001336,0.000897,0.000031,-0.000285,0.007670,0.000551,0.001277,0.000897,0.000302,0.000733,0.000099,-0.000213,0.000315
0.000801,-0.000723,-0.000440,0.000389,0.001836,-0.000002,0.001342,0.000232,-0.000042,0.000735,0.001351,0.000786,0.000812,-0.001721,-0.000113,0.000673,-0.000322,-0.000510,0.000179,0.001067,-0.000002,-0.000201,0.000031,-0.000344,-0.001180,0.001104,0.002046,0.000192,-0.000025,0.001602,0.001189,-0.000052,0.000551,0.009344,0.001382,0.000240,0.000165,0.003844,0.001765,-0.000216,-0.000153
-0.001829,-0.001157,-0.000786,0.000437,0.000718,-0.000145,0.000371,0.000325,-0.000357,0.002728,0.000342,-0.000619,-0.000277,-0.000340,-0.002219,0.000539,0.000081,0.000850,0.000252,-0.000047,-0.000317,-0.002463,-0.000060,-0.000662,-0.001941,0.000432,-0.001642,0.002605,-0.000425,0.001924,0.000591,-0.000300,0.001277,0.001382,0.020053,-0.000659,0.001146,0.001702,-0.000307,-0.000228,-0.000302
0.000648,0.000714,0.001449,-0.000250,0.000140,0.000060,0.000720,0.000687,-0.000327,0.000426,-0.000068,0.000313,0.001417,-0.000037,-0.000365,-0.000140,-0.000074,-0.000813,-0.000263,-0.000116,0.000347,0.001990,0.000517,0.004022,0.002263,-0.000307,-0.001304,0.000376,0.000584,0.000288,-0.000365,0.000309,0.000897,0.000240,-0.000659,0.016842,0.000104,-0.000447,0.000483,0.000119,0.000275
0.000083,0.000624,0.000039,0.000458,0.000113,0.000525,0.000851,-0.001821,-0.000538,0.002427,0.000392,0.000055,-0.001544,-0.000779,-0.005261,0.000644,0.003136,0.001148,0.000321,0.001303,0.000342,-0.001048,-0.000305,-0.000594,-0.000922,-0.000311,0.002682,0.000435,-0.000480,0.001651,-0.001165,-0.000582,0.000302,0.000165,0.001146,0.000104,0.026305,0.001357,-0.000299,-0.000176,0.000193
0.000699,-0.000693,0.000131,0.001537,0.001967,0.000098,0.001212,0.002291,0.000115,0.000156,0.002225,0.000635,0.000692,-0.001999,0.001501,0.000394,-0.000017,0.000917,0.000500,0.001597,-0.000112,-0.001906,0.000047,-0.000564,0.000263,0.000920,0.001858,0.001974,-0.000447,0.002355,0.000948,-0.000119,0.000733,0.003844,0.001702,-0.000447,0.001357,0.012989,-0.000556,-0.000180,-0.000154
0.003276,0.001936,0.001177,-0.000288,0.000149,-0.000100,0.002240,-0.000241,-0.000187,0.002517,0.000387,0.000833,0.004790,0.001918,0.001521,0.002628,0.001789,-0.001265,-0.000502,0.000679,0.000438,0.002804,-0.000303,0.003390,-0.000378,0.000632,0.002450,0.000109,0.001258,0.001166,0.000949,-0.000297,0.000099,0.001765,-0.000307,0.000483,-0.000299,-0.000556,0.042934,0.000012,0.000171
0.000386,-0.000348,-0.000138,-0.000036,-0.000080,-0.000055,0.000072,-0.000609,0.000038,0.000413,-0.000056,-0.000462,0.000472,0.000029,-0.001664,0.001000,0.000180,-0.000190,-0.000021,-0.000099,-0.000036,-0.000578,-0.000017,-0.000116,-0.000520,-0.000030,-0.001724,-0.000406,-0.000058,0.000753,0.000165,-0.000011,-0.000213,-0.000216,-0.000228,0.000119,-0.000176,-0.000180,0.000012,0.003012,-0.000067
-0.000428,0.000329,0.000684,-0.000013,-0.000009,0.000053,0.000201,-0.000452,-0.000121,-0.000417,-0.000040,0.000511,0.001097,0.000162,0.000185,-0.000091,0.001232,-0.000303,0.000087,0.000188,0.000541,-0.000134,-0.000019,0.000144,0.002528,-0.000052,-0.000338,0.000178,0.000292,-0.000058,-0.000087,-0.000041,0.000315,-0.000153,-0.000302,0.000275,0.000193,-0.000154,0.000171,-0.000067,0.001423
