0.921361,0.002497,-0.013376,0.047698,0.002513,-0.000497
0.002497,0.000253,-0.000518,0.008239,0.000451,-0.000028
-0.013376,-0.000518,0.020054,-0.004627,-0.009541,0.000180
0.047698,0.008239,-0.004627,0.292580,0.010819,-0.001055
0.002513,0.000451,-0.009541,0.010819,0.004894,-0.000127
-0.000497,-0.000028,0.000180,-0.001055,-0.000127,0.000873
