0.775983,0.002505,-0.016752,0.041158,0.004603,0.000397
0.002505,0.000212,0.000109,0.007625,0.000080,0.000011
-0.016752,0.000109,0.019774,0.007980,-0.008864,-0.000033
0.041158,0.007625,0.007980,0.295185,0.002883,-0.000269
0.004603,0.000080,-0.008864,0.002883,0.004222,-0.000040
0.000397,0.000011,-0.000033,-0.000269,-0.000040,0.000754
