0.743664,0.002163,-0.043377,0.016311,0.017355,-0.002482
0.002163,0.000220,-0.000254,0.007963,0.000253,-0.000009
-0.043377,-0.000254,0.020914,-0.005222,-0.009614,-0.000039
0.016311,0.007963,-0.005222,0.317194,0.009860,0.000052
0.017355,0.000253,-0.009614,0.009860,0.004731,0.000042
-0.002482,-0.000009,-0.000039,0.000052,0.000042,0.000805
