0.034476,0.006861,-0.004631,0.004028,0.001165,-0.000284
0.006861,0.056222,-0.010880,0.048164,0.008026,-0.001074
-0.004631,-0.010880,0.031943,-0.001759,-0.013322,0.000628
0.004028,0.048164,-0.001759,0.045350,0.004466,-0.001168
0.001165,0.008026,-0.013322,0.004466,0.005961,-0.000405
-0.000284,-0.001074,0.000628,-0.001168,-0.000405,0.008267
