0.031214,0.004533,-0.004597,0.001279,0.001051,-0.001232
0.004533,0.067480,-0.009364,0.053717,0.004211,0.000023
-0.004597,-0.009364,0.032777,-0.000779,-0.012139,0.000980
0.001279,0.053717,-0.000779,0.047089,0.001258,0.000614
0.001051,0.004211,-0.012139,0.001258,0.004556,-0.000296
-0.001232,0.000023,0.000980,0.000614,-0.000296,0.007600
