22601.250979,-803.252271,388.807384,160.583720,34.713812,-2272.673491,9056.681163,225.658498
-803.252271,4115.874884,-418.668791,912.290469,-15.558824,1641.498570,-773.133686,-110.445817
388.807384,-418.668791,2171.908864,-473.383206,18.961037,-2307.444295,-1632.166450,111.826271
160.583720,912.290469,-473.383206,7818.564118,-12.496958,682.317827,-896.163214,-218.105830
34.713812,-15.558824,18.961037,-12.496958,17.843882,63.856382,51.045669,-5.325454
-2272.673491,1641.498570,-2307.444295,682.317827,63.856382,217544.852107,-5144.762999,277.535066
9056.681163,-773.133686,-1632.166450,-896.163214,51.045669,-5144.762999,146239.575353,-307.890038
225.658498,-110.445817,111.826271,-218.105830,-5.325454,277.535066,-307.890038,1941.941945
