23602.783224,-962.948867,192.647327,118.362662,61.024907,-4827.919914,10719.814553,37.365398
-962.948867,4038.456435,-430.571990,930.131894,-11.589659,1559.984032,-482.354129,-153.057195
192.647327,-430.571990,2315.589206,-528.716071,21.462372,-3034.133938,-1443.956067,98.941135
118.362662,930.131894,-528.716071,7828.672819,-13.909557,-120.319335,156.389029,-322.518979
61.024907,-11.589659,21.462372,-13.909557,16.881649,17.148167,55.433722,-5.481954
-4827.919914,1559.984032,-3034.133938,-120.319335,17.148167,216186.153591,-1196.002530,-879.544593
10719.814553,-482.354129,-1443.956067,156.389029,55.433722,-1196.002530,147520.862644,-609.008579
37.365398,-153.057195,98.941135,-322.518979,-5.481954,-879.544593,-609.008579,1902.900711
