0.059550,-0.003485,0.002064,-0.000295,0.001890,-0.003866,0.010346,0.001088
-0.003485,0.031864,-0.005822,0.007599,-0.001344,0.000489,-0.000998,-0.000805
0.002064,-0.005822,0.054243,-0.007884,0.002943,-0.003910,-0.004470,0.001474
-0.000295,0.007599,-0.007884,0.067225,-0.003072,-0.002940,-0.005385,-0.000940
0.001890,-0.001344,0.002943,-0.003072,0.017210,0.000455,0.003173,-0.000458
-0.003866,0.000489,-0.003910,-0.002940,0.000455,0.075588,-0.006129,0.001048
0.010346,-0.000998,-0.004470,-0.005385,0.003173,-0.006129,0.070090,-0.001343
0.001088,-0.000805,0.001474,-0.000940,-0.000458,0.001048,-0.001343,0.014491
