0.063450,-0.003759,0.001017,0.000526,0.002296,-0.005902,0.010395,0.001201
-0.003759,0.030162,-0.005033,0.006460,-0.001419,-0.001861,-0.001228,-0.000652
0.001017,-0.005033,0.051291,-0.007434,0.003218,-0.004374,-0.002063,0.000796
0.000526,0.006460,-0.007434,0.067481,-0.002639,-0.003930,-0.003228,-0.000638
0.002296,-0.001419,0.003218,-0.002639,0.016950,-0.000278,0.003263,-0.000413
-0.005902,-0.001861,-0.004374,-0.003930,-0.000278,0.077227,-0.005597,0.000960
0.010395,-0.001228,-0.002063,-0.003228,0.003263,-0.005597,0.072089,-0.001059
0.001201,-0.000652,0.000796,-0.000638,-0.000413,0.000960,-0.001059,0.014580
