0.026267,0.000194,-0.000956,-0.000123,-0.001233,-0.001700,0.001085,-0.000284,-0.000141,-0.000779,0.001606,-0.000919,0.002665,-0.000359,0.000202,0.000125,0.000296,0.000597
0.000194,0.028459,0.002967,0.000669,-0.000357,-0.000374,-0.000726,0.000964,-0.000045,-0.002742,0.000214,-0.001592,0.000369,0.000644,-0.000604,0.000785,0.002125,0.000497
-0.000956,0.002967,0.023796,0.000914,0.000178,0.000676,0.001637,0.000402,0.001666,0.001778,-0.000607,-0.001808,-0.001196,0.000175,-0.000513,-0.000682,0.000444,0.001366
-0.000123,0.000669,0.000914,0.023011,0.001006,-0.000107,-0.000116,-0.000182,-0.000914,-0.001347,0.000331,-0.000240,0.000874,-0.001274,-0.001544,-0.001109,-0.000996,0.000030
-0.001233,-0.000357,0.000178,0.001006,0.022768,0.000657,0.000025,-0.000798,0.000491,-0.000159,0.000207,0.001422,0.001841,-0.003397,-0.000804,-0.001226,-0.000456,-0.000776
-0.001700,-0.000374,0.000676,-0.000107,0.000657,0.025449,-0.000605,0.002003,-0.002912,0.001118,0.001151,-0.000054,-0.002932,-0.001126,-0.000213,0.000176,-0.000563,-0.000701
0.001085,-0.000726,0.001637,-0.000116,0.000025,-0.000605,0.024672,-0.001022,-0.000104,0.000357,-0.001596,-0.000295,-0.001671,0.002021,-0.000955,0.000724,-0.000272,-0.002150
-0.000284,0.000964,0.000402,-0.000182,-0.000798,0.002003,-0.001022,0.029027,0.000758,-0.000172,0.000584,-0.001811,-0.001531,-0.001741,-0.000525,0.000531,0.002186,0.001529
-0.000141,-0.000045,0.001666,-0.000914,0.000491,-0.002912,-0.000104,0.000758,0.022856,-0.000653,0.002428,-0.000218,-0.000262,-0.000669,-0.001606,-0.000521,-0.000560,0.001956
-0.000779,-0.002742,0.001778,-0.001347,-0.000159,0.001118,0.000357,-0.000172,-0.000653,0.022427,-0.002332,-0.000571,-0.002025,-0.002522,-0.001740,-0.002427,0.001986,-0.000484
0.001606,0.000214,-0.000607,0.000331,0.000207,0.001151,-0.001596,0.000584,0.002428,-0.002332,0.024598,0.001346,0.001697,0.001368,0.000419,0.002439,-0.000078,-0.000112
-0.000919,-0.001592,-0.001808,-0.000240,0.001422,-0.000054,-0.000295,-0.001811,-0.000218,-0.000571,0.001346,0.027320,-0.001974,0.000085,0.000099,0.000703,-0.001070,0.000396
0.002665,0.000369,-0.001196,0.000874,0.001841,-0.002932,-0.001671,-0.001531,-0.000262,-0.002025,0.001697,-0.001974,0.027313,0.001251,0.000567,0.000463,-0.001143,-0.000471
-0.000359,0.000644,0.000175,-0.001274,-0.003397,-0.001126,0.002021,-0.001741,-0.000669,-0.002522,0.001368,0.000085,0.001251,0.026749,-0.000189,-0.001301,0.000231,-0.000624
0.000202,-0.000604,-0.000513,-0.001544,-0.000804,-0.000213,-0.000955,-0.000525,-0.001606,-0.001740,0.000419,0.000099,0.000567,-0.000189,0.023515,-0.002345,0.000044,-0.000252
0.000125,0.000785,-0.000682,-0.001109,-0.001226,0.000176,0.000724,0.000531,-0.000521,-0.002427,0.002439,0.000703,0.000463,-0.001301,-0.002345,0.024760,0.000652,-0.000953
0.000296,0.002125,0.000444,-0.000996,-0.000456,-0.000563,-0.000272,0.002186,-0.000560,0.001986,-0.000078,-0.001070,-0.001143,0.000231,0.000044,0.000652,0.022422,0.000324
0.000597,0.000497,0.001366,0.000030,-0.000776,-0.000701,-0.002150,0.001529,0.001956,-0.000484,-0.000112,0.000396,-0.000471,-0.000624,-0.000252,-0.000953,0.000324,0.023674
