0.013559,0.000736,-0.000712,0.000203,-0.000143,-0.000602,0.000872,-0.001563,0.000532,-0.000606,0.001028,-0.000747,0.002335,-0.000679,-0.000356,-0.000828,0.000405,0.000075
0.000736,0.028547,0.003100,-0.000804,-0.000725,0.000381,0.000560,0.000765,0.001353,-0.002021,0.000415,-0.003088,-0.000666,0.000742,-0.000444,0.001472,0.000472,-0.000166
-0.000712,0.003100,0.022717,0.002085,0.001672,0.001504,-0.000008,-0.000946,0.001572,0.001876,-0.001047,-0.002433,-0.001259,0.000237,-0.002665,-0.001393,0.001451,0.001005
0.000203,-0.000804,0.002085,0.024431,0.000178,0.000495,0.001471,-0.000987,-0.002065,-0.000664,-0.000284,0.000748,0.000693,-0.000593,-0.001153,-0.000174,-0.000617,0.000052
-0.000143,-0.000725,0.001672,0.000178,0.024895,0.001787,0.000114,-0.000976,0.000593,-0.001244,0.000382,0.000592,0.002239,-0.001265,-0.001437,-0.000833,-0.001160,0.000984
-0.000602,0.000381,0.001504,0.000495,0.001787,0.026261,-0.000408,0.002317,-0.000784,0.002077,0.001793,-0.000109,-0.003071,-0.001057,-0.000652,-0.000227,-0.000503,0.001513
0.000872,0.000560,-0.000008,0.001471,0.000114,-0.000408,0.021497,-0.000529,-0.001424,-0.000104,-0.001560,0.000002,-0.001604,0.002231,-0.001325,0.001149,-0.000195,-0.000564
-0.001563,0.000765,-0.000946,-0.000987,-0.000976,0.002317,-0.000529,0.027237,-0.000321,0.000454,-0.000492,-0.001672,-0.001333,-0.001123,0.000445,0.000350,0.002724,0.000120
0.000532,0.001353,0.001572,-0.002065,0.000593,-0.000784,-0.001424,-0.000321,0.024575,0.000134,0.002060,-0.000410,0.001403,-0.000235,-0.001308,0.000836,0.000248,0.000137
-0.000606,-0.002021,0.001876,-0.000664,-0.001244,0.002077,-0.000104,0.000454,0.000134,0.026110,-0.001735,-0.000169,-0.001282,-0.001562,-0.001968,-0.002561,0.002160,-0.000610
0.001028,0.000415,-0.001047,-0.000284,0.000382,0.001793,-0.001560,-0.000492,0.002060,-0.001735,0.023514,0.000170,0.000751,0.001225,0.000446,0.001485,0.000609,-0.000234
-0.000747,-0.003088,-0.002433,0.000748,0.000592,-0.000109,0.000002,-0.001672,-0.000410,-0.000169,0.000170,0.022474,-0.002399,-0.000291,-0.000350,0.000652,0.000090,-0.000174
0.002335,-0.000666,-0.001259,0.000693,0.002239,-0.003071,-0.001604,-0.001333,0.001403,-0.001282,0.000751,-0.002399,0.027924,0.002030,0.000706,0.001101,-0.001277,0.000489
-0.000679,0.000742,0.000237,-0.000593,-0.001265,-0.001057,0.002231,-0.001123,-0.000235,-0.001562,0.001225,-0.000291,0.002030,0.025187,-0.001154,0.001489,0.000228,0.000011
-0.000356,-0.000444,-0.002665,-0.001153,-0.001437,-0.000652,-0.001325,0.000445,-0.001308,-0.001968,0.000446,-0.000350,0.000706,-0.001154,0.026571,-0.001119,0.000992,-0.001634
-0.000828,0.001472,-0.001393,-0.000174,-0.000833,-0.000227,0.001149,0.000350,0.000836,-0.002561,0.001485,0.000652,0.001101,0.001489,-0.001119,0.028318,0.000815,-0.000214
0.000405,0.000472,0.001451,-0.000617,-0.001160,-0.000503,-0.000195,0.002724,0.000248,0.002160,0.000609,0.000090,-0.001277,0.000228,0.000992,0.000815,0.023323,0.000024
0.000075,-0.000166,0.001005,0.000052,0.000984,0.001513,-0.000564,0.000120,0.000137,-0.000610,-0.000234,-0.000174,0.000489,0.000011,-0.001634,-0.000214,0.000024,0.020643
