0.026331,0.000195,-0.000960,-0.000123,-0.001237,-0.001708,0.001093,-0.000285,-0.000142,-0.000782,0.001609,-0.000923,0.002679,-0.000360,0.000203,0.000126,0.000296,0.000598
0.000195,0.028637,0.002985,0.000674,-0.000359,-0.000377,-0.000732,0.000969,-0.000046,-0.002757,0.000215,-0.001602,0.000371,0.000648,-0.000607,0.000790,0.002134,0.000498
-0.000960,0.002985,0.023935,0.000921,0.000179,0.000680,0.001651,0.000403,0.001681,0.001787,-0.000609,-0.001819,-0.001204,0.000176,-0.000516,-0.000686,0.000446,0.001371
-0.000123,0.000674,0.000921,0.023210,0.001012,-0.000108,-0.000117,-0.000183,-0.000924,-0.001356,0.000333,-0.000242,0.000881,-0.001283,-0.001553,-0.001118,-0.001001,0.000030
-0.001237,-0.000359,0.000179,0.001012,0.022856,0.000660,0.000025,-0.000801,0.000495,-0.000160,0.000207,0.001430,0.001852,-0.003413,-0.000807,-0.001233,-0.000457,-0.000778
-0.001708,-0.000377,0.000680,-0.000108,0.000660,0.025620,-0.000610,0.002013,-0.002940,0.001125,0.001156,-0.000054,-0.002953,-0.001133,-0.000214,0.000177,-0.000565,-0.000703
0.001093,-0.000732,0.001651,-0.000117,0.000025,-0.000610,0.024953,-0.001030,-0.000105,0.000360,-0.001605,-0.000298,-0.001687,0.002038,-0.000962,0.000731,-0.000273,-0.002164
-0.000285,0.000969,0.000403,-0.000183,-0.000801,0.002013,-0.001030,0.029131,0.000764,-0.000172,0.000585,-0.001820,-0.001540,-0.001749,-0.000527,0.000534,0.002192,0.001533
-0.000142,-0.000046,0.001681,-0.000924,0.000495,-0.002940,-0.000105,0.000764,0.023135,-0.000659,0.002444,-0.000220,-0.000265,-0.000675,-0.001619,-0.000527,-0.000564,0.001969
-0.000782,-0.002757,0.001787,-0.001356,-0.000160,0.001125,0.000360,-0.000172,-0.000659,0.022539,-0.002339,-0.000575,-0.002037,-0.002535,-0.001747,-0.002442,0.001993,-0.000486
0.001609,0.000215,-0.000609,0.000333,0.000207,0.001156,-0.001605,0.000585,0.002444,-0.002339,0.024622,0.001352,0.001704,0.001372,0.000420,0.002449,-0.000078,-0.000112
-0.000923,-0.001602,-0.001819,-0.000242,0.001430,-0.000054,-0.000298,-0.001820,-0.000220,-0.000575,0.001352,0.027510,-0.001988,0.000086,0.000099,0.000708,-0.001074,0.000398
0.002679,0.000371,-0.001204,0.000881,0.001852,-0.002953,-0.001687,-0.001540,-0.000265,-0.002037,0.001704,-0.001988,0.027521,0.001259,0.000570,0.000467,-0.001148,-0.000473
-0.000360,0.000648,0.000176,-0.001283,-0.003413,-0.001133,0.002038,-0.001749,-0.000675,-0.002535,0.001372,0.000086,0.001259,0.026894,-0.000190,-0.001309,0.000232,-0.000626
0.000203,-0.000607,-0.000516,-0.001553,-0.000807,-0.000214,-0.000962,-0.000527,-0.001619,-0.001747,0.000420,0.000099,0.000570,-0.000190,0.023589,-0.002357,0.000044,-0.000252
0.000126,0.000790,-0.000686,-0.001118,-0.001233,0.000177,0.000731,0.000534,-0.000527,-0.002442,0.002449,0.000708,0.000467,-0.001309,-0.002357,0.024940,0.000655,-0.000957
0.000296,0.002134,0.000446,-0.001001,-0.000457,-0.000565,-0.000273,0.002192,-0.000564,0.001993,-0.000078,-0.001074,-0.001148,0.000232,0.000044,0.000655,0.022463,0.000324
0.000598,0.000498,0.001371,0.000030,-0.000778,-0.000703,-0.002164,0.001533,0.001969,-0.000486,-0.000112,0.000398,-0.000473,-0.000626,-0.000252,-0.000957,0.000324,0.023703
