5.758446,-1.053037,0.513581,-0.015623,-12.282286,0.672984,-0.541752,-0.779163
-1.053037,283.487190,-1.914626,-0.075821,-2119.456335,-1.432280,0.273390,-14.830683
0.513581,-1.914626,9.604915,0.329405,-61.598492,-0.331118,0.438782,0.584706
-0.015623,-0.075821,0.329405,0.347306,-11.446276,-0.018067,0.033058,0.033401
-12.282286,-2119.456335,-61.598492,-11.446276,1388854.612162,786.086342,-203.631982,942.251278
0.672984,-1.432280,-0.331118,-0.018067,786.086342,110.394714,1.314046,6.068346
-0.541752,0.273390,0.438782,0.033058,-203.631982,1.314046,270.196058,-13.918142
-0.779163,-14.830683,0.584706,0.033401,942.251278,6.068346,-13.918142,2981.539334
