0.023198,-0.001427,0.000262,-0.000039,-0.000019,0.000036,-0.001109,0.000119
-0.001427,0.104429,-0.000268,-0.000066,-0.001164,-0.000022,0.000904,-0.001667
0.000262,-0.000268,0.000394,0.000069,-0.000013,-0.000002,0.000207,-0.000039
-0.000039,-0.000066,0.000069,0.000192,-0.000010,-0.000001,0.000087,0.000014
-0.000019,-0.001164,-0.000013,-0.000010,0.001090,0.000018,-0.000444,0.000253
0.000036,-0.000022,-0.000002,-0.000001,0.000018,0.000071,0.000017,-0.000010
-0.001109,0.000904,0.000207,0.000087,-0.000444,0.000017,0.058787,-0.020180
0.000119,-0.001667,-0.000039,0.000014,0.000253,-0.000010,-0.020180,0.075429
