0.023116,-0.001670,0.000271,-0.000041,0.000013,0.000008,-0.001070,-0.000573
-0.001670,0.104581,-0.000270,-0.000052,-0.001094,0.000025,0.000983,-0.001773
0.000271,-0.000270,0.000442,0.000109,-0.000011,0.000001,0.000180,-0.000067
-0.000041,-0.000052,0.000109,0.000225,-0.000010,-0.000000,0.000035,0.000007
0.000013,-0.001094,-0.000011,-0.000010,0.001021,0.000004,-0.000399,0.000229
0.000008,0.000025,0.000001,-0.000000,0.000004,0.000028,0.000009,0.000005
-0.001070,0.000983,0.000180,0.000035,-0.000399,0.000009,0.058683,-0.019898
-0.000573,-0.001773,-0.000067,0.000007,0.000229,0.000005,-0.019898,0.074955
