0.003159,0.000166,-0.000513,0.000512,-0.000008,0.000000,0.000931,-0.000135
0.000166,0.001160,0.000061,0.000015,-0.000001,0.000000,0.000153,-0.000014
-0.000513,0.000061,0.014199,0.000475,0.001656,0.000000,-0.000526,-0.000005
0.000512,0.000015,0.000475,0.003892,0.000054,0.000000,-0.000026,0.000016
-0.000008,-0.000001,0.001656,0.000054,0.000232,0.000000,-0.000004,-0.000000
0.000000,0.000000,0.000000,0.000000,0.000000,0.000000,0.000000,0.000000
0.000931,0.000153,-0.000526,-0.000026,-0.000004,0.000000,0.000413,-0.000294
-0.000135,-0.000014,-0.000005,0.000016,-0.000000,0.000000,-0.000294,0.001042
