10475.194827,-1308.800798,-478.105924,-91.153121,60.194857,-756.319882,-1997.263224,635.907484
-1308.800798,3187.071883,3.541366,155.890998,-41.383950,1.229539,-893.432395,-191.106930
-478.105924,3.541366,548.177719,3.219789,2.032503,-79.325928,-213.096981,-17.183216
-91.153121,155.890998,3.219789,356.424811,-64.422128,-305.380136,-611.790504,234.604307
60.194857,-41.383950,2.032503,-64.422128,34.720259,-119.285919,89.819139,-70.945604
-756.319882,1.229539,-79.325928,-305.380136,-119.285919,6267.001373,-1133.012089,306.704070
-1997.263224,-893.432395,-213.096981,-611.790504,89.819139,-1133.012089,6549.590171,-400.478135
635.907484,-191.106930,-17.183216,234.604307,-70.945604,306.704070,-400.478135,2981.782376
